"E5100A REV3.14"
"DATE: Jun 24 2004"



"CHANNEL: 2"
"MEASURE TYPE: AR"
"FORMAT TYPE: LINMP"
"NUMBER of POINTS: 1601"
"SWEEP TIME:  3.458 s"
"SWEEP TYPE: LINF"
"SOURCE POWER: 0 dBm"
"IF BANDWIDTH: 500 Hz"

"Frequency"	"Main Array"	"Sub Array"
1.00000000000E+04	2.504835E-01	1.373833E+02
1.18687500000E+04	1.221249E-01	-1.417372E+02
1.37375000000E+04	5.886212E-02	3.951272E+01
1.56062500000E+04	2.356880E-02	9.622813E+01
1.74750000000E+04	8.753072E-02	-1.161262E+02
1.93437500000E+04	2.827033E-02	1.423873E+02
2.12125000000E+04	7.420575E-02	-8.480198E+01
2.30812500000E+04	5.474789E-02	-2.389398E+01
2.49500000000E+04	4.350715E-02	1.665181E+02
2.68187500000E+04	2.047211E-02	-1.267818E+02
2.86875000000E+04	4.452356E-02	4.217604E+01
3.05562500000E+04	1.059700E-02	5.386038E+01
3.24250000000E+04	2.133537E-02	-4.954432E+01
3.42937500000E+04	2.975985E-02	1.478092E+02
3.61625000000E+04	2.195429E-02	-1.276555E+01
3.80312500000E+04	2.195642E-02	-1.724429E+02
3.99000000000E+04	1.842315E-02	-8.314109E+01
4.17687500000E+04	1.247376E-02	-1.426014E+01
4.36375000000E+04	3.533221E-03	-1.518349E+02
4.55062500000E+04	1.828206E-02	9.764731E+01
4.73750000000E+04	1.686688E-02	-8.575350E+01
4.92437500000E+04	9.949782E-03	1.861674E+01
5.11125000000E+04	5.685496E-03	-1.022338E+01
5.29812500000E+04	1.088123E-02	1.643350E+02
5.48500000000E+04	3.374546E-03	5.478846E+01
5.67187500000E+04	4.388480E-03	1.724751E+02
5.85875000000E+04	2.151130E-02	-3.646860E+00
6.04562500000E+04	1.503072E-02	7.503471E+01
6.23250000000E+04	8.751427E-03	1.347494E+02
6.41937500000E+04	2.003893E-02	-3.904074E+01
6.60625000000E+04	6.160875E-03	8.340590E+00
6.79312500000E+04	1.169796E-02	-1.506918E+01
6.98000000000E+04	9.929061E-03	8.207462E+01
7.16687500000E+04	7.157162E-03	-4.884217E+01
7.35375000000E+04	1.427926E-02	1.192634E+02
7.54062500000E+04	6.184706E-03	-8.458255E+01
7.72750000000E+04	9.029464E-03	3.694496E+01
7.91437500000E+04	5.117049E-03	-5.447207E+01
8.10125000000E+04	1.559666E-02	2.278026E+01
8.28812500000E+04	7.182783E-03	-7.344103E+00
8.47500000000E+04	1.072376E-02	1.991235E+01
8.66187500000E+04	7.568650E-03	1.687463E+02
8.84875000000E+04	1.233297E-02	-6.044341E+01
9.03562500000E+04	6.608259E-03	3.552215E+00
9.22250000000E+04	5.315381E-03	-8.508414E+01
9.40937500000E+04	1.144403E-02	-7.753796E+01
9.59625000000E+04	1.287487E-02	-9.791036E+01
9.78312500000E+04	1.110743E-02	1.049283E+02
9.97000000000E+04	1.305042E-02	-7.739187E+01
1.01568750000E+05	2.845419E-03	-9.871777E+01
1.03437500000E+05	8.213819E-03	-7.477139E+01
1.05306250000E+05	1.123424E-02	-5.128932E+01
1.07175000000E+05	1.193051E-02	-7.906089E+01
1.09043750000E+05	1.398470E-02	-2.866590E+01
1.10912500000E+05	8.123959E-03	-8.191911E+01
1.12781250000E+05	4.805554E-03	-1.381230E+02
1.14650000000E+05	7.036941E-03	7.042497E+01
1.16518750000E+05	3.709064E-03	1.083434E+02
1.18387500000E+05	4.912473E-03	-8.203080E+01
1.20256250000E+05	3.882154E-03	-1.463577E+02
1.22125000000E+05	5.348340E-03	3.050029E+01
1.23993750000E+05	9.965772E-03	-2.562291E+01
1.25862500000E+05	6.112934E-03	3.887413E+01
1.27731250000E+05	9.027611E-03	1.254662E+02
1.29600000000E+05	1.281389E-02	-3.791371E+01
1.31468750000E+05	3.992465E-03	6.872612E+01
1.33337500000E+05	8.802375E-03	1.528829E+02
1.35206250000E+05	7.439495E-03	-9.894917E+01
1.37075000000E+05	3.458438E-03	-5.353033E+01
1.38943750000E+05	3.090937E-03	-8.337717E+01
1.40812500000E+05	9.089095E-03	-7.030058E+00
1.42681250000E+05	4.214727E-03	9.255757E+01
1.44550000000E+05	4.933126E-03	-7.869342E+01
1.46418750000E+05	4.377635E-03	-6.117190E+01
1.48287500000E+05	1.124776E-02	-6.662166E+01
1.50156250000E+05	1.233184E-02	-2.725232E+01
1.52025000000E+05	8.824939E-03	-1.327428E+01
1.53893750000E+05	2.312178E-03	3.071278E+01
1.55762500000E+05	3.460315E-03	1.728841E+02
1.57631250000E+05	5.686333E-03	-8.039565E+01
1.59500000000E+05	9.856992E-03	-1.425752E+02
1.61368750000E+05	8.243495E-03	-1.268116E+02
1.63237500000E+05	4.252341E-03	7.133024E+00
1.65106250000E+05	5.619472E-03	-4.521706E+01
1.66975000000E+05	6.039131E-03	-6.946061E+01
1.68843750000E+05	3.530888E-03	-9.370257E+01
1.70712500000E+05	3.812898E-03	-5.504108E+01
1.72581250000E+05	1.014141E-02	-1.291371E+02
1.74450000000E+05	6.920979E-03	-7.821219E+01
1.76318750000E+05	6.845166E-03	-1.443577E+02
1.78187500000E+05	7.445540E-03	-1.633437E+01
1.80056250000E+05	2.076714E-03	1.352701E+02
1.81925000000E+05	6.227222E-04	1.515378E+02
1.83793750000E+05	2.590781E-03	-2.379169E+01
1.85662500000E+05	2.193377E-03	6.583773E+01
1.87531250000E+05	5.490194E-03	-6.493784E+01
1.89400000000E+05	6.528325E-03	-2.268871E+01
1.91268750000E+05	8.822067E-03	-4.047808E+01
1.93137500000E+05	5.618963E-03	-5.950069E+01
1.95006250000E+05	3.808646E-03	1.709840E+02
1.96875000000E+05	8.783953E-03	-5.387502E-01
1.98743750000E+05	6.417971E-03	4.031526E+01
2.00612500000E+05	7.570806E-03	-1.069342E+02
2.02481250000E+05	3.540270E-03	-3.510703E+01
2.04350000000E+05	7.651423E-03	-2.572047E+01
2.06218750000E+05	8.100810E-03	-9.262578E+01
2.08087500000E+05	7.504890E-03	-1.072081E+02
2.09956250000E+05	5.846355E-03	-1.342335E+02
2.11825000000E+05	1.695035E-03	-8.108147E+01
2.13693750000E+05	4.506167E-03	-1.373078E+02
2.15562500000E+05	3.685391E-03	1.443262E+01
2.17431250000E+05	6.095139E-03	-1.001395E+02
2.19300000000E+05	1.247756E-02	-5.762472E+01
2.21168750000E+05	7.124696E-03	-6.437601E+01
2.23037500000E+05	8.315780E-04	4.299706E+01
2.24906250000E+05	1.005535E-02	-9.348312E+01
2.26775000000E+05	4.373450E-03	-1.495766E+02
2.28643750000E+05	4.076209E-03	2.583699E+01
2.30512500000E+05	4.904987E-03	2.147740E+01
2.32381250000E+05	6.557065E-03	-6.736886E+01
2.34250000000E+05	4.183185E-03	-1.346884E+01
2.36118750000E+05	8.368293E-03	-9.807285E+00
2.37987500000E+05	6.108446E-03	-7.200699E-01
2.39856250000E+05	6.162512E-03	-5.297663E+01
2.41725000000E+05	8.964605E-03	-1.311842E+02
2.43593750000E+05	8.199238E-03	-8.277578E+01
2.45462500000E+05	7.538653E-03	-8.040422E+01
2.47331250000E+05	6.598840E-03	-4.450257E+01
2.49200000000E+05	7.171495E-03	-1.114900E+02
2.51068750000E+05	5.088793E-03	-5.538142E+01
2.52937500000E+05	8.284108E-03	-8.567388E+01
2.54806250000E+05	1.640087E-03	-7.899195E+01
2.56675000000E+05	2.209294E-03	-1.163096E+02
2.58543750000E+05	4.742134E-03	-7.761210E+01
2.60412500000E+05	5.522691E-03	-3.011454E+01
2.62281250000E+05	5.159893E-03	-8.794442E+01
2.64150000000E+05	1.021686E-02	-8.833558E+01
2.66018750000E+05	5.338954E-03	-9.306332E+01
2.67887500000E+05	6.318186E-03	-1.516873E+02
2.69756250000E+05	9.015118E-03	3.161806E+00
2.71625000000E+05	2.647724E-03	-8.566708E+01
2.73493750000E+05	1.026697E-02	-1.194786E+02
2.75362500000E+05	7.983874E-03	-9.067673E+01
2.77231250000E+05	8.772598E-03	-1.104119E+02
2.79100000000E+05	1.407890E-03	-9.158800E+01
2.80968750000E+05	7.922869E-03	-5.202988E+01
2.82837500000E+05	4.736047E-03	-7.830183E+01
2.84706250000E+05	4.243214E-03	-5.700521E+01
2.86575000000E+05	2.222008E-03	3.202142E+01
2.88443750000E+05	9.100510E-03	-7.983302E+01
2.90312500000E+05	3.457439E-03	-4.428224E+01
2.92181250000E+05	4.610967E-03	-1.176326E+02
2.94050000000E+05	7.819700E-03	-9.800388E+01
2.95918750000E+05	8.772125E-03	-5.382942E+01
2.97787500000E+05	5.128971E-03	-3.804192E+01
2.99656250000E+05	5.547415E-03	-4.812935E+01
3.01525000000E+05	6.384622E-03	-3.266256E+01
3.03393750000E+05	8.763283E-03	-9.197734E+01
3.05262500000E+05	1.061421E-02	-9.188978E+01
3.07131250000E+05	4.346647E-03	-1.267609E+02
3.09000000000E+05	6.120600E-03	-1.275734E+02
3.10868750000E+05	5.579944E-03	-2.817642E+01
3.12737500000E+05	7.830155E-03	-1.007714E+02
3.14606250000E+05	9.057229E-03	-1.290081E+02
3.16475000000E+05	8.231487E-03	-3.657422E+01
3.18343750000E+05	6.947079E-03	-6.703915E+01
3.20212500000E+05	1.276604E-02	-5.122118E+01
3.22081250000E+05	5.317763E-03	-1.192183E+02
3.23950000000E+05	7.965716E-03	-5.736926E+01
3.25818750000E+05	3.077872E-04	1.405957E+02
3.27687500000E+05	6.498976E-03	-7.245335E+01
3.29556250000E+05	1.224805E-02	-8.719603E+01
3.31425000000E+05	4.453719E-04	7.106635E+01
3.33293750000E+05	4.630179E-03	-5.581593E+01
3.35162500000E+05	7.521811E-03	-1.134029E+02
3.37031250000E+05	1.038317E-02	-8.288976E+01
3.38900000000E+05	8.726114E-03	-4.416469E+01
3.40768750000E+05	1.665163E-03	-9.846016E+01
3.42637500000E+05	2.574556E-03	-4.344662E+00
3.44506250000E+05	1.055844E-02	-8.795567E+01
3.46375000000E+05	8.436473E-03	-9.657503E+01
3.48243750000E+05	7.171552E-03	-8.623733E+01
3.50112500000E+05	4.654502E-03	-8.262080E+01
3.51981250000E+05	3.236804E-03	-1.638638E+01
3.53850000000E+05	7.077174E-03	-8.421953E+01
3.55718750000E+05	5.594793E-03	-7.315748E+01
3.57587500000E+05	5.573029E-03	-6.494641E+01
3.59456250000E+05	5.337020E-03	-4.271902E+01
3.61325000000E+05	1.042203E-02	-8.665975E+01
3.63193750000E+05	6.372235E-03	-4.304556E+01
3.65062500000E+05	3.504783E-03	-7.221883E+01
3.66931250000E+05	3.944180E-03	-4.766697E+01
3.68800000000E+05	5.982389E-03	-6.298533E+01
3.70668750000E+05	9.161212E-03	-6.459385E+01
3.72537500000E+05	6.814032E-03	-8.746729E+01
3.74406250000E+05	6.509596E-03	-7.835365E+01
3.76275000000E+05	8.036736E-03	-7.172782E+01
3.78143750000E+05	1.063102E-02	-8.234750E+01
3.80012500000E+05	2.626363E-03	1.100547E+01
3.81881250000E+05	5.379427E-03	-8.932307E+01
3.83750000000E+05	3.075478E-03	-2.848116E+01
3.85618750000E+05	3.260483E-03	-7.809020E+01
3.87487500000E+05	3.822729E-03	-1.147040E+02
3.89356250000E+05	6.203075E-03	-9.705925E+01
3.91225000000E+05	5.986894E-03	-7.284633E+01
3.93093750000E+05	4.778808E-03	-3.713745E+01
3.94962500000E+05	1.335390E-02	-9.303475E+01
3.96831250000E+05	6.122862E-03	-6.815520E+01
3.98700000000E+05	1.221782E-02	-8.978443E+01
4.00568750000E+05	1.103712E-02	-7.924145E+01
4.02437500000E+05	6.872573E-03	-7.703481E+01
4.04306250000E+05	9.324882E-03	-8.139559E+01
4.06175000000E+05	8.331313E-03	-8.390086E+01
4.08043750000E+05	8.309370E-03	-8.203468E+01
4.09912500000E+05	1.167376E-02	-1.124682E+02
4.11781250000E+05	6.571660E-03	-5.209053E+01
4.13650000000E+05	4.602751E-03	-4.728968E+01
4.15518750000E+05	7.760546E-03	-6.623035E+01
4.17387500000E+05	1.295624E-02	-9.441948E+01
4.19256250000E+05	4.946058E-03	-7.336428E+01
4.21125000000E+05	6.569392E-03	-4.851855E+01
4.22993750000E+05	7.984716E-03	-6.328359E+01
4.24862500000E+05	7.780723E-03	-8.115953E+01
4.26731250000E+05	8.928856E-03	-1.070970E+02
4.28600000000E+05	7.729908E-03	-8.973755E+01
4.30468750000E+05	8.496951E-03	-8.930122E+01
4.32337500000E+05	6.610835E-03	-1.037771E+02
4.34206250000E+05	6.311656E-03	-9.661754E+01
4.36075000000E+05	7.301048E-03	-1.010930E+02
4.37943750000E+05	5.785496E-03	-6.386641E+01
4.39812500000E+05	7.417502E-03	-6.543285E+01
4.41681250000E+05	7.299264E-03	-9.518947E+01
4.43550000000E+05	8.918435E-03	-1.114568E+02
4.45418750000E+05	6.395330E-03	-1.052276E+02
4.47287500000E+05	8.829867E-03	-6.278968E+01
4.49156250000E+05	7.801374E-03	-8.429958E+01
4.51025000000E+05	6.770219E-03	-9.645859E+01
4.52893750000E+05	6.663136E-03	-9.016360E+01
4.54762500000E+05	6.223729E-03	-1.062230E+02
4.56631250000E+05	8.759219E-03	-6.536516E+01
4.58500000000E+05	7.334357E-03	-1.055923E+02
4.60368750000E+05	1.031914E-02	-9.389633E+01
4.62237500000E+05	7.380899E-03	-7.898721E+01
4.64106250000E+05	1.063431E-02	-8.882006E+01
4.65975000000E+05	6.849411E-03	-9.035580E+01
4.67843750000E+05	7.050970E-03	-8.696088E+01
4.69712500000E+05	1.003500E-02	-7.650965E+01
4.71581250000E+05	7.731209E-03	-1.035015E+02
4.73450000000E+05	1.102723E-02	-6.008373E+01
4.75318750000E+05	3.921057E-03	-5.788214E+01
4.77187500000E+05	5.147058E-03	-5.428347E+01
4.79056250000E+05	1.304931E-02	-7.153977E+01
4.80925000000E+05	6.201986E-03	-1.082725E+02
4.82793750000E+05	7.719296E-03	-6.504035E+01
4.84662500000E+05	6.449954E-03	-1.096021E+02
4.86531250000E+05	8.762718E-03	-1.025577E+02
4.88400000000E+05	5.592647E-03	-9.910445E+01
4.90268750000E+05	8.731831E-03	-9.834730E+01
4.92137500000E+05	9.827571E-03	-7.285020E+01
4.94006250000E+05	8.144041E-03	-9.124154E+01
4.95875000000E+05	8.393902E-03	-8.139232E+01
4.97743750000E+05	7.190564E-03	-3.617247E+01
4.99612500000E+05	7.748409E-03	-7.769156E+01
5.01481250000E+05	6.327311E-03	-7.905140E+01
5.03350000000E+05	9.252826E-03	-8.788307E+01
5.05218750000E+05	1.241578E-02	-6.301102E+01
5.07087500000E+05	7.182204E-03	-8.604279E+01
5.08956250000E+05	1.024554E-02	-9.149739E+01
5.10825000000E+05	1.004813E-02	-8.388027E+01
5.12693750000E+05	1.171583E-02	-7.961625E+01
5.14562500000E+05	7.944015E-03	-8.781554E+01
5.16431250000E+05	8.432866E-03	-1.038169E+02
5.18300000000E+05	1.123462E-02	-6.964633E+01
5.20168750000E+05	6.100597E-03	-1.021639E+02
5.22037500000E+05	9.126201E-03	-8.548188E+01
5.23906250000E+05	1.279662E-02	-7.287187E+01
5.25775000000E+05	7.883622E-03	-1.021027E+02
5.27643750000E+05	9.558719E-03	-8.604105E+01
5.29512500000E+05	1.073480E-02	-8.566057E+01
5.31381250000E+05	1.115131E-02	-9.563148E+01
5.33250000000E+05	6.799577E-03	-7.248302E+01
5.35118750000E+05	1.163065E-02	-1.000166E+02
5.36987500000E+05	9.767552E-03	-8.905674E+01
5.38856250000E+05	8.502500E-03	-6.928924E+01
5.40725000000E+05	8.324982E-03	-6.028711E+01
5.42593750000E+05	1.032695E-02	-9.092416E+01
5.44462500000E+05	5.765368E-03	-6.047784E+01
5.46331250000E+05	8.190536E-03	-1.132403E+02
5.48200000000E+05	1.281781E-02	-1.024078E+02
5.50068750000E+05	1.013301E-02	-8.039358E+01
5.51937500000E+05	8.892969E-03	-9.828966E+01
5.53806250000E+05	8.502961E-03	-7.451102E+01
5.55675000000E+05	8.793770E-03	-5.757010E+01
5.57543750000E+05	8.380692E-03	-1.063536E+02
5.59412500000E+05	1.364299E-02	-8.339926E+01
5.61281250000E+05	6.798163E-03	-8.221969E+01
5.63150000000E+05	1.063052E-02	-1.002167E+02
5.65018750000E+05	1.007219E-02	-9.615894E+01
5.66887500000E+05	8.382280E-03	-7.077913E+01
5.68756250000E+05	9.955010E-03	-1.118014E+02
5.70625000000E+05	9.782128E-03	-8.562713E+01
5.72493750000E+05	1.012773E-02	-8.011983E+01
5.74362500000E+05	1.072374E-02	-8.760007E+01
5.76231250000E+05	1.260796E-02	-9.823643E+01
5.78100000000E+05	1.166909E-02	-9.070467E+01
5.79968750000E+05	1.195090E-02	-9.458634E+01
5.81837500000E+05	9.579147E-03	-8.554486E+01
5.83706250000E+05	1.036437E-02	-7.893767E+01
5.85575000000E+05	7.125129E-03	-8.833934E+01
5.87443750000E+05	1.180111E-02	-6.758966E+01
5.89312500000E+05	1.050365E-02	-8.184364E+01
5.91181250000E+05	1.341979E-02	-8.455133E+01
5.93050000000E+05	1.344031E-02	-1.072965E+02
5.94918750000E+05	9.697132E-03	-7.252219E+01
5.96787500000E+05	1.423247E-02	-7.804544E+01
5.98656250000E+05	9.162130E-03	-7.975947E+01
6.00525000000E+05	9.075423E-03	-8.883260E+01
6.02393750000E+05	9.427355E-03	-6.564196E+01
6.04262500000E+05	1.218136E-02	-8.209384E+01
6.06131250000E+05	9.265559E-03	-8.520467E+01
6.08000000000E+05	1.117140E-02	-6.818961E+01
6.09868750000E+05	1.061481E-02	-1.032623E+02
6.11737500000E+05	1.207598E-02	-9.529571E+01
6.13606250000E+05	1.018290E-02	-9.920261E+01
6.15475000000E+05	1.190906E-02	-9.909511E+01
6.17343750000E+05	1.008284E-02	-8.876221E+01
6.19212500000E+05	1.294522E-02	-1.000361E+02
6.21081250000E+05	1.620412E-02	-8.776296E+01
6.22950000000E+05	1.107839E-02	-8.541672E+01
6.24818750000E+05	1.185837E-02	-9.365376E+01
6.26687500000E+05	9.420114E-03	-8.256630E+01
6.28556250000E+05	1.101022E-02	-8.731986E+01
6.30425000000E+05	1.075155E-02	-9.222420E+01
6.32293750000E+05	1.188583E-02	-8.491402E+01
6.34162500000E+05	8.899406E-03	-8.507345E+01
6.36031250000E+05	9.440228E-03	-9.203962E+01
6.37900000000E+05	1.297782E-02	-8.669713E+01
6.39768750000E+05	1.431660E-02	-7.828368E+01
6.41637500000E+05	1.332204E-02	-8.163744E+01
6.43506250000E+05	8.976373E-03	-1.068472E+02
6.45375000000E+05	8.336740E-03	-1.054095E+02
6.47243750000E+05	1.137544E-02	-7.217645E+01
6.49112500000E+05	1.181792E-02	-7.923838E+01
6.50981250000E+05	1.230233E-02	-8.498102E+01
6.52850000000E+05	1.146940E-02	-7.876880E+01
6.54718750000E+05	8.894977E-03	-8.989976E+01
6.56587500000E+05	1.087937E-02	-7.970372E+01
6.58456250000E+05	1.349242E-02	-8.565496E+01
6.60325000000E+05	1.020838E-02	-1.047687E+02
6.62193750000E+05	1.147951E-02	-8.438245E+01
6.64062500000E+05	9.075079E-03	-1.182322E+02
6.65931250000E+05	1.023013E-02	-8.040693E+01
6.67800000000E+05	1.342277E-02	-9.287994E+01
6.69668750000E+05	9.486507E-03	-9.596978E+01
6.71537500000E+05	1.017228E-02	-8.309868E+01
6.73406250000E+05	1.217458E-02	-7.297661E+01
6.75275000000E+05	7.875623E-03	-8.549037E+01
6.77143750000E+05	1.126992E-02	-8.627221E+01
6.79012500000E+05	1.592921E-02	-9.868842E+01
6.80881250000E+05	1.149956E-02	-8.496556E+01
6.82750000000E+05	1.095632E-02	-8.471508E+01
6.84618750000E+05	1.037666E-02	-9.020848E+01
6.86487500000E+05	1.235895E-02	-9.970273E+01
6.88356250000E+05	9.050751E-03	-8.719579E+01
6.90225000000E+05	1.215281E-02	-8.158198E+01
6.92093750000E+05	1.033500E-02	-9.876347E+01
6.93962500000E+05	1.023671E-02	-9.651060E+01
6.95831250000E+05	7.403979E-03	-8.201829E+01
6.97700000000E+05	1.012966E-02	-9.655923E+01
6.99568750000E+05	1.202412E-02	-9.329871E+01
7.01437500000E+05	1.152180E-02	-9.383801E+01
7.03306250000E+05	1.254591E-02	-8.105435E+01
7.05175000000E+05	1.285749E-02	-8.046780E+01
7.07043750000E+05	1.214040E-02	-8.402389E+01
7.08912500000E+05	1.063769E-02	-9.421178E+01
7.10781250000E+05	9.865048E-03	-1.024931E+02
7.12650000000E+05	1.217341E-02	-8.613844E+01
7.14518750000E+05	1.223534E-02	-9.466908E+01
7.16387500000E+05	1.124245E-02	-8.460610E+01
7.18256250000E+05	1.452365E-02	-9.323612E+01
7.20125000000E+05	9.080635E-03	-8.143282E+01
7.21993750000E+05	1.461108E-02	-9.773935E+01
7.23862500000E+05	1.164913E-02	-9.107803E+01
7.25731250000E+05	1.119744E-02	-1.004166E+02
7.27600000000E+05	1.409978E-02	-8.538998E+01
7.29468750000E+05	1.356815E-02	-8.610911E+01
7.31337500000E+05	1.342609E-02	-9.362122E+01
7.33206250000E+05	1.346842E-02	-8.300095E+01
7.35075000000E+05	1.333945E-02	-8.750481E+01
7.36943750000E+05	1.392110E-02	-9.683720E+01
7.38812500000E+05	1.176723E-02	-8.512323E+01
7.40681250000E+05	8.470749E-03	-8.061621E+01
7.42550000000E+05	1.164760E-02	-7.983167E+01
7.44418750000E+05	1.357783E-02	-8.244840E+01
7.46287500000E+05	1.074704E-02	-8.947215E+01
7.48156250000E+05	1.472267E-02	-8.452679E+01
7.50025000000E+05	1.296049E-02	-1.040685E+02
7.51893750000E+05	1.046302E-02	-7.605994E+01
7.53762500000E+05	1.532541E-02	-8.568721E+01
7.55631250000E+05	1.438654E-02	-9.367400E+01
7.57500000000E+05	1.429503E-02	-9.644978E+01
7.59368750000E+05	1.296507E-02	-9.425208E+01
7.61237500000E+05	1.259078E-02	-8.719483E+01
7.63106250000E+05	1.281728E-02	-9.895807E+01
7.64975000000E+05	1.306141E-02	-9.322506E+01
7.66843750000E+05	1.490646E-02	-8.894132E+01
7.68712500000E+05	1.176444E-02	-8.648257E+01
7.70581250000E+05	1.633416E-02	-7.811246E+01
7.72450000000E+05	1.040723E-02	-8.943432E+01
7.74318750000E+05	1.139250E-02	-9.213993E+01
7.76187500000E+05	1.452725E-02	-8.476623E+01
7.78056250000E+05	1.499000E-02	-8.603552E+01
7.79925000000E+05	1.500936E-02	-1.003695E+02
7.81793750000E+05	1.176711E-02	-9.420721E+01
7.83662500000E+05	1.782017E-02	-9.650848E+01
7.85531250000E+05	1.465804E-02	-7.680829E+01
7.87400000000E+05	1.743089E-02	-8.484023E+01
7.89268750000E+05	1.405093E-02	-8.787713E+01
7.91137500000E+05	1.400220E-02	-8.351128E+01
7.93006250000E+05	1.452306E-02	-8.622327E+01
7.94875000000E+05	1.486062E-02	-8.560376E+01
7.96743750000E+05	1.325494E-02	-8.087893E+01
7.98612500000E+05	1.392037E-02	-9.549033E+01
8.00481250000E+05	1.387334E-02	-8.647553E+01
8.02350000000E+05	1.494838E-02	-9.537437E+01
8.04218750000E+05	1.200877E-02	-8.113036E+01
8.06087500000E+05	1.601218E-02	-9.369899E+01
8.07956250000E+05	1.318838E-02	-9.205283E+01
8.09825000000E+05	1.517037E-02	-9.038808E+01
8.11693750000E+05	1.489747E-02	-9.007265E+01
8.13562500000E+05	1.401556E-02	-8.523815E+01
8.15431250000E+05	1.338329E-02	-8.938240E+01
8.17300000000E+05	1.305880E-02	-9.054515E+01
8.19168750000E+05	1.321660E-02	-9.272074E+01
8.21037500000E+05	1.176992E-02	-9.516151E+01
8.22906250000E+05	1.308471E-02	-9.004327E+01
8.24775000000E+05	1.621349E-02	-8.798768E+01
8.26643750000E+05	1.162518E-02	-9.514467E+01
8.28512500000E+05	1.326462E-02	-9.949674E+01
8.30381250000E+05	1.654883E-02	-9.703776E+01
8.32250000000E+05	1.740452E-02	-9.396596E+01
8.34118750000E+05	1.612619E-02	-8.773562E+01
8.35987500000E+05	1.266775E-02	-8.773902E+01
8.37856250000E+05	1.436562E-02	-9.360036E+01
8.39725000000E+05	1.466639E-02	-8.824157E+01
8.41593750000E+05	1.406769E-02	-8.990529E+01
8.43462500000E+05	1.553873E-02	-8.796000E+01
8.45331250000E+05	1.356621E-02	-9.405920E+01
8.47200000000E+05	1.498016E-02	-9.107529E+01
8.49068750000E+05	1.695265E-02	-8.672763E+01
8.50937500000E+05	1.589684E-02	-8.935616E+01
8.52806250000E+05	1.634582E-02	-9.011548E+01
8.54675000000E+05	1.358650E-02	-9.033151E+01
8.56543750000E+05	1.426092E-02	-7.956588E+01
8.58412500000E+05	1.955759E-02	-8.999238E+01
8.60281250000E+05	1.440285E-02	-8.365239E+01
8.62150000000E+05	1.828519E-02	-9.121352E+01
8.64018750000E+05	1.489481E-02	-8.129669E+01
8.65887500000E+05	1.736997E-02	-8.475712E+01
8.67756250000E+05	1.328269E-02	-7.998139E+01
8.69625000000E+05	1.547259E-02	-9.256000E+01
8.71493750000E+05	1.397840E-02	-9.253984E+01
8.73362500000E+05	1.536915E-02	-8.326071E+01
8.75231250000E+05	1.561062E-02	-8.723421E+01
8.77100000000E+05	1.744147E-02	-9.597095E+01
8.78968750000E+05	1.540864E-02	-8.789534E+01
8.80837500000E+05	1.565712E-02	-9.607362E+01
8.82706250000E+05	1.286271E-02	-9.361059E+01
8.84575000000E+05	1.600249E-02	-9.186198E+01
8.86443750000E+05	1.405375E-02	-7.181894E+01
8.88312500000E+05	1.495646E-02	-8.820670E+01
8.90181250000E+05	1.463103E-02	-8.505818E+01
8.92050000000E+05	1.911870E-02	-8.254138E+01
8.93918750000E+05	1.642667E-02	-9.278776E+01
8.95787500000E+05	1.484486E-02	-8.699060E+01
8.97656250000E+05	1.322107E-02	-8.779305E+01
8.99525000000E+05	1.691835E-02	-9.670538E+01
9.01393750000E+05	1.664147E-02	-8.856518E+01
9.03262500000E+05	1.862742E-02	-9.063244E+01
9.05131250000E+05	1.420509E-02	-9.486344E+01
9.07000000000E+05	1.876149E-02	-8.280264E+01
9.08868750000E+05	1.838897E-02	-8.248677E+01
9.10737500000E+05	1.742246E-02	-8.869830E+01
9.12606250000E+05	1.643927E-02	-8.891146E+01
9.14475000000E+05	1.622070E-02	-8.704617E+01
9.16343750000E+05	1.348676E-02	-9.513647E+01
9.18212500000E+05	1.976549E-02	-9.496060E+01
9.20081250000E+05	1.772125E-02	-9.403609E+01
9.21950000000E+05	1.698998E-02	-8.079844E+01
9.23818750000E+05	1.510810E-02	-8.956858E+01
9.25687500000E+05	1.706814E-02	-8.896391E+01
9.27556250000E+05	1.714241E-02	-9.807744E+01
9.29425000000E+05	1.555577E-02	-9.967156E+01
9.31293750000E+05	1.785951E-02	-8.457745E+01
9.33162500000E+05	1.727569E-02	-9.777891E+01
9.35031250000E+05	1.608363E-02	-9.183154E+01
9.36900000000E+05	1.566342E-02	-9.755811E+01
9.38768750000E+05	1.485816E-02	-8.440141E+01
9.40637500000E+05	1.742284E-02	-8.766673E+01
9.42506250000E+05	1.519315E-02	-9.142578E+01
9.44375000000E+05	1.696400E-02	-8.595489E+01
9.46243750000E+05	1.740276E-02	-8.589471E+01
9.48112500000E+05	1.760452E-02	-9.518392E+01
9.49981250000E+05	1.672148E-02	-8.393092E+01
9.51850000000E+05	1.711244E-02	-8.535468E+01
9.53718750000E+05	1.583895E-02	-8.651093E+01
9.55587500000E+05	1.907159E-02	-8.441283E+01
9.57456250000E+05	1.563061E-02	-8.871500E+01
9.59325000000E+05	1.768997E-02	-8.612342E+01
9.61193750000E+05	1.687377E-02	-9.376927E+01
9.63062500000E+05	1.688085E-02	-8.905332E+01
9.64931250000E+05	1.555248E-02	-9.139148E+01
9.66800000000E+05	1.728160E-02	-8.820167E+01
9.68668750000E+05	1.800643E-02	-9.794241E+01
9.70537500000E+05	1.847571E-02	-8.860192E+01
9.72406250000E+05	1.688234E-02	-9.148499E+01
9.74275000000E+05	1.661313E-02	-9.044013E+01
9.76143750000E+05	1.602732E-02	-9.489839E+01
9.78012500000E+05	1.963464E-02	-9.113094E+01
9.79881250000E+05	1.755320E-02	-8.393804E+01
9.81750000000E+05	1.674563E-02	-9.123662E+01
9.83618750000E+05	1.301486E-02	-8.642523E+01
9.85487500000E+05	1.796946E-02	-9.122962E+01
9.87356250000E+05	1.766472E-02	-8.996376E+01
9.89225000000E+05	1.933354E-02	-8.803778E+01
9.91093750000E+05	1.762284E-02	-8.753040E+01
9.92962500000E+05	1.851841E-02	-9.552061E+01
9.94831250000E+05	1.665351E-02	-8.755185E+01
9.96700000000E+05	1.774851E-02	-9.121729E+01
9.98568750000E+05	1.972014E-02	-8.398038E+01
1.00043750000E+06	1.795089E-02	-8.495721E+01
1.00230625000E+06	1.657767E-02	-9.359007E+01
1.00417500000E+06	1.982280E-02	-9.184977E+01
1.00604375000E+06	1.811644E-02	-8.634073E+01
1.00791250000E+06	1.633583E-02	-9.153548E+01
1.00978125000E+06	1.833032E-02	-8.339307E+01
1.01165000000E+06	1.885572E-02	-9.185233E+01
1.01351875000E+06	1.770337E-02	-8.745477E+01
1.01538750000E+06	1.903106E-02	-9.907817E+01
1.01725625000E+06	2.217404E-02	-9.087429E+01
1.01912500000E+06	2.009331E-02	-9.527740E+01
1.02099375000E+06	1.959229E-02	-9.053220E+01
1.02286250000E+06	1.993148E-02	-8.676285E+01
1.02473125000E+06	1.857467E-02	-8.720898E+01
1.02660000000E+06	1.763484E-02	-9.185155E+01
1.02846875000E+06	1.525439E-02	-9.580477E+01
1.03033750000E+06	1.716160E-02	-8.788319E+01
1.03220625000E+06	2.041872E-02	-8.891808E+01
1.03407500000E+06	1.901517E-02	-9.006519E+01
1.03594375000E+06	2.028085E-02	-1.006434E+02
1.03781250000E+06	1.761771E-02	-8.759512E+01
1.03968125000E+06	2.046319E-02	-9.358824E+01
1.04155000000E+06	1.747190E-02	-8.486907E+01
1.04341875000E+06	1.807093E-02	-9.105554E+01
1.04528750000E+06	1.872192E-02	-9.259809E+01
1.04715625000E+06	1.645791E-02	-8.759062E+01
1.04902500000E+06	1.807442E-02	-9.823217E+01
1.05089375000E+06	2.007191E-02	-9.011327E+01
1.05276250000E+06	1.724460E-02	-8.965713E+01
1.05463125000E+06	2.215176E-02	-9.099883E+01
1.05650000000E+06	2.108440E-02	-9.203039E+01
1.05836875000E+06	1.771426E-02	-8.598222E+01
1.06023750000E+06	1.916580E-02	-9.051668E+01
1.06210625000E+06	2.006514E-02	-9.379850E+01
1.06397500000E+06	2.172949E-02	-9.265440E+01
1.06584375000E+06	2.053679E-02	-9.627012E+01
1.06771250000E+06	2.001172E-02	-9.377953E+01
1.06958125000E+06	1.974971E-02	-9.406213E+01
1.07145000000E+06	1.861576E-02	-8.851696E+01
1.07331875000E+06	1.785062E-02	-9.775609E+01
1.07518750000E+06	1.904676E-02	-8.272393E+01
1.07705625000E+06	1.910082E-02	-8.702366E+01
1.07892500000E+06	1.726549E-02	-8.840729E+01
1.08079375000E+06	1.828268E-02	-8.197150E+01
1.08266250000E+06	1.912132E-02	-9.031872E+01
1.08453125000E+06	1.895331E-02	-8.421786E+01
1.08640000000E+06	2.129232E-02	-8.551191E+01
1.08826875000E+06	2.015636E-02	-9.327393E+01
1.09013750000E+06	1.903548E-02	-9.552868E+01
1.09200625000E+06	2.002264E-02	-9.253320E+01
1.09387500000E+06	1.978372E-02	-9.015028E+01
1.09574375000E+06	1.886996E-02	-9.632443E+01
1.09761250000E+06	2.193936E-02	-9.638938E+01
1.09948125000E+06	2.281381E-02	-9.137791E+01
1.10135000000E+06	2.172131E-02	-9.261491E+01
1.10321875000E+06	2.060604E-02	-9.783881E+01
1.10508750000E+06	2.002721E-02	-9.564603E+01
1.10695625000E+06	1.982794E-02	-9.744704E+01
1.10882500000E+06	1.994098E-02	-9.390199E+01
1.11069375000E+06	1.830083E-02	-9.091849E+01
1.11256250000E+06	1.713749E-02	-8.812963E+01
1.11443125000E+06	2.002645E-02	-9.338355E+01
1.11630000000E+06	1.981428E-02	-8.831676E+01
1.11816875000E+06	1.829390E-02	-9.646048E+01
1.12003750000E+06	2.466559E-02	-9.234293E+01
1.12190625000E+06	2.032414E-02	-8.372922E+01
1.12377500000E+06	1.828465E-02	-9.173093E+01
1.12564375000E+06	2.152411E-02	-8.499405E+01
1.12751250000E+06	2.085083E-02	-9.147720E+01
1.12938125000E+06	1.717163E-02	-9.363717E+01
1.13125000000E+06	1.805927E-02	-8.190619E+01
1.13311875000E+06	2.135479E-02	-9.445352E+01
1.13498750000E+06	1.967205E-02	-9.138740E+01
1.13685625000E+06	1.866182E-02	-7.988844E+01
1.13872500000E+06	2.228851E-02	-9.135892E+01
1.14059375000E+06	2.119005E-02	-8.934229E+01
1.14246250000E+06	2.235154E-02	-8.929933E+01
1.14433125000E+06	2.025097E-02	-9.405797E+01
1.14620000000E+06	1.945811E-02	-8.374694E+01
1.14806875000E+06	2.213338E-02	-9.241180E+01
1.14993750000E+06	2.033562E-02	-9.039687E+01
1.15180625000E+06	2.046128E-02	-9.749394E+01
1.15367500000E+06	2.190044E-02	-8.935403E+01
1.15554375000E+06	2.115791E-02	-9.320046E+01
1.15741250000E+06	2.222589E-02	-9.858560E+01
1.15928125000E+06	2.326096E-02	-8.796743E+01
1.16115000000E+06	2.153957E-02	-9.689185E+01
1.16301875000E+06	2.205128E-02	-8.735680E+01
1.16488750000E+06	2.161974E-02	-8.685312E+01
1.16675625000E+06	2.055995E-02	-8.950599E+01
1.16862500000E+06	2.103146E-02	-9.076202E+01
1.17049375000E+06	2.054918E-02	-8.891463E+01
1.17236250000E+06	2.224973E-02	-9.017488E+01
1.17423125000E+06	2.360773E-02	-9.031712E+01
1.17610000000E+06	2.317458E-02	-8.818056E+01
1.17796875000E+06	2.027010E-02	-8.728165E+01
1.17983750000E+06	2.362671E-02	-9.157057E+01
1.18170625000E+06	2.242216E-02	-8.363094E+01
1.18357500000E+06	2.188717E-02	-9.325483E+01
1.18544375000E+06	2.216476E-02	-8.853443E+01
1.18731250000E+06	2.131776E-02	-8.791367E+01
1.18918125000E+06	2.134920E-02	-9.143900E+01
1.19105000000E+06	2.366424E-02	-9.400721E+01
1.19291875000E+06	2.243691E-02	-8.994824E+01
1.19478750000E+06	2.434161E-02	-9.475698E+01
1.19665625000E+06	2.415515E-02	-8.305416E+01
1.19852500000E+06	2.254354E-02	-8.427482E+01
1.20039375000E+06	2.164291E-02	-9.304716E+01
1.20226250000E+06	2.405213E-02	-8.930862E+01
1.20413125000E+06	2.272959E-02	-9.319284E+01
1.20600000000E+06	2.269783E-02	-8.996022E+01
1.20786875000E+06	2.246029E-02	-8.610342E+01
1.20973750000E+06	2.186609E-02	-9.520551E+01
1.21160625000E+06	2.308472E-02	-9.135044E+01
1.21347500000E+06	2.312453E-02	-9.349052E+01
1.21534375000E+06	2.252581E-02	-8.902766E+01
1.21721250000E+06	2.469830E-02	-9.456171E+01
1.21908125000E+06	2.340258E-02	-9.396958E+01
1.22095000000E+06	2.182815E-02	-8.856301E+01
1.22281875000E+06	2.290094E-02	-9.372800E+01
1.22468750000E+06	2.170850E-02	-9.477980E+01
1.22655625000E+06	2.165155E-02	-8.894582E+01
1.22842500000E+06	2.289397E-02	-9.303398E+01
1.23029375000E+06	2.443481E-02	-8.928552E+01
1.23216250000E+06	2.226770E-02	-8.805251E+01
1.23403125000E+06	2.207514E-02	-8.562849E+01
1.23590000000E+06	2.511924E-02	-8.876416E+01
1.23776875000E+06	2.285147E-02	-9.787914E+01
1.23963750000E+06	2.312395E-02	-9.210921E+01
1.24150625000E+06	2.353394E-02	-8.777322E+01
1.24337500000E+06	2.317569E-02	-9.132674E+01
1.24524375000E+06	2.136086E-02	-9.364976E+01
1.24711250000E+06	2.155327E-02	-8.661455E+01
1.24898125000E+06	2.434657E-02	-9.024538E+01
1.25085000000E+06	2.204495E-02	-9.084877E+01
1.25271875000E+06	2.514856E-02	-8.908430E+01
1.25458750000E+06	2.026226E-02	-9.169852E+01
1.25645625000E+06	2.368097E-02	-9.618833E+01
1.25832500000E+06	2.243339E-02	-9.533150E+01
1.26019375000E+06	2.241762E-02	-9.532124E+01
1.26206250000E+06	2.323279E-02	-9.125726E+01
1.26393125000E+06	2.306550E-02	-9.185801E+01
1.26580000000E+06	2.302263E-02	-8.560346E+01
1.26766875000E+06	2.644406E-02	-9.371313E+01
1.26953750000E+06	2.165004E-02	-8.971100E+01
1.27140625000E+06	2.342097E-02	-9.389748E+01
1.27327500000E+06	2.493200E-02	-8.643400E+01
1.27514375000E+06	2.195675E-02	-8.509233E+01
1.27701250000E+06	2.396982E-02	-9.251231E+01
1.27888125000E+06	2.421589E-02	-9.419812E+01
1.28075000000E+06	2.310552E-02	-9.173022E+01
1.28261875000E+06	2.463346E-02	-9.538855E+01
1.28448750000E+06	2.377048E-02	-8.789185E+01
1.28635625000E+06	2.528940E-02	-9.325735E+01
1.28822500000E+06	2.428238E-02	-9.407342E+01
1.29009375000E+06	2.542714E-02	-9.255201E+01
1.29196250000E+06	2.456180E-02	-9.389091E+01
1.29383125000E+06	2.246332E-02	-9.069720E+01
1.29570000000E+06	2.395946E-02	-9.244563E+01
1.29756875000E+06	2.418883E-02	-9.213757E+01
1.29943750000E+06	2.462248E-02	-9.555634E+01
1.30130625000E+06	2.288276E-02	-8.970608E+01
1.30317500000E+06	2.560230E-02	-9.499388E+01
1.30504375000E+06	2.437831E-02	-9.312414E+01
1.30691250000E+06	2.474385E-02	-8.499917E+01
1.30878125000E+06	2.580922E-02	-9.034160E+01
1.31065000000E+06	2.437395E-02	-9.215696E+01
1.31251875000E+06	2.458102E-02	-8.987746E+01
1.31438750000E+06	2.239889E-02	-8.804449E+01
1.31625625000E+06	2.468928E-02	-8.674431E+01
1.31812500000E+06	2.354105E-02	-9.093871E+01
1.31999375000E+06	2.578359E-02	-9.558667E+01
1.32186250000E+06	2.319655E-02	-8.957475E+01
1.32373125000E+06	2.615205E-02	-9.092020E+01
1.32560000000E+06	2.133886E-02	-8.772643E+01
1.32746875000E+06	2.445444E-02	-9.122002E+01
1.32933750000E+06	2.476889E-02	-9.139429E+01
1.33120625000E+06	2.538036E-02	-9.018547E+01
1.33307500000E+06	2.477678E-02	-8.336538E+01
1.33494375000E+06	2.730242E-02	-9.509221E+01
1.33681250000E+06	2.424020E-02	-8.980447E+01
1.33868125000E+06	2.508368E-02	-8.813655E+01
1.34055000000E+06	2.439362E-02	-8.519854E+01
1.34241875000E+06	2.544304E-02	-9.034322E+01
1.34428750000E+06	2.392057E-02	-9.361908E+01
1.34615625000E+06	2.658228E-02	-8.749823E+01
1.34802500000E+06	2.734590E-02	-9.329485E+01
1.34989375000E+06	2.539242E-02	-9.046211E+01
1.35176250000E+06	2.521404E-02	-8.748360E+01
1.35363125000E+06	2.594764E-02	-8.805033E+01
1.35550000000E+06	2.622658E-02	-8.863862E+01
1.35736875000E+06	2.499849E-02	-9.211333E+01
1.35923750000E+06	2.939680E-02	-9.413664E+01
1.36110625000E+06	2.754300E-02	-9.223693E+01
1.36297500000E+06	2.263812E-02	-8.990766E+01
1.36484375000E+06	2.343088E-02	-9.131754E+01
1.36671250000E+06	2.448775E-02	-9.185101E+01
1.36858125000E+06	2.428992E-02	-9.106994E+01
1.37045000000E+06	2.671397E-02	-9.358574E+01
1.37231875000E+06	2.466773E-02	-9.096323E+01
1.37418750000E+06	2.498834E-02	-8.995036E+01
1.37605625000E+06	2.633026E-02	-9.403371E+01
1.37792500000E+06	2.662777E-02	-9.405185E+01
1.37979375000E+06	2.601670E-02	-9.663071E+01
1.38166250000E+06	2.584512E-02	-9.219244E+01
1.38353125000E+06	2.367140E-02	-9.171716E+01
1.38540000000E+06	2.404767E-02	-8.957854E+01
1.38726875000E+06	2.614225E-02	-9.387411E+01
1.38913750000E+06	2.573008E-02	-9.292423E+01
1.39100625000E+06	2.523365E-02	-9.252172E+01
1.39287500000E+06	2.678715E-02	-8.903265E+01
1.39474375000E+06	2.719569E-02	-9.543597E+01
1.39661250000E+06	2.638081E-02	-8.995724E+01
1.39848125000E+06	2.518925E-02	-9.070808E+01
1.40035000000E+06	2.652751E-02	-9.514388E+01
1.40221875000E+06	2.770193E-02	-8.890677E+01
1.40408750000E+06	2.460826E-02	-9.197201E+01
1.40595625000E+06	2.846476E-02	-8.866032E+01
1.40782500000E+06	2.813384E-02	-8.788326E+01
1.40969375000E+06	2.595513E-02	-9.337729E+01
1.41156250000E+06	2.703795E-02	-9.421960E+01
1.41343125000E+06	2.692813E-02	-9.215366E+01
1.41530000000E+06	2.584211E-02	-9.408660E+01
1.41716875000E+06	2.522167E-02	-8.951463E+01
1.41903750000E+06	2.558747E-02	-9.266596E+01
1.42090625000E+06	2.835289E-02	-8.941020E+01
1.42277500000E+06	2.660205E-02	-8.685226E+01
1.42464375000E+06	2.654295E-02	-9.211256E+01
1.42651250000E+06	2.970630E-02	-9.588289E+01
1.42838125000E+06	2.541126E-02	-9.219260E+01
1.43025000000E+06	2.649459E-02	-9.232977E+01
1.43211875000E+06	2.689598E-02	-9.521996E+01
1.43398750000E+06	2.855484E-02	-8.986156E+01
1.43585625000E+06	2.754589E-02	-9.083073E+01
1.43772500000E+06	2.604581E-02	-9.482468E+01
1.43959375000E+06	2.447060E-02	-8.890924E+01
1.44146250000E+06	2.678335E-02	-8.997892E+01
1.44333125000E+06	2.863800E-02	-9.153640E+01
1.44520000000E+06	2.804223E-02	-9.589047E+01
1.44706875000E+06	2.577323E-02	-9.302376E+01
1.44893750000E+06	2.809868E-02	-8.940473E+01
1.45080625000E+06	2.428475E-02	-8.853488E+01
1.45267500000E+06	2.752321E-02	-8.848671E+01
1.45454375000E+06	3.032861E-02	-9.426414E+01
1.45641250000E+06	2.864562E-02	-9.307451E+01
1.45828125000E+06	2.862840E-02	-9.498710E+01
1.46015000000E+06	2.704535E-02	-9.180759E+01
1.46201875000E+06	2.938253E-02	-9.034955E+01
1.46388750000E+06	2.645089E-02	-9.266346E+01
1.46575625000E+06	2.659874E-02	-8.847710E+01
1.46762500000E+06	2.694360E-02	-9.219879E+01
1.46949375000E+06	2.821830E-02	-9.589255E+01
1.47136250000E+06	2.878662E-02	-9.598372E+01
1.47323125000E+06	2.814338E-02	-9.269546E+01
1.47510000000E+06	2.759476E-02	-8.828790E+01
1.47696875000E+06	2.711430E-02	-9.199680E+01
1.47883750000E+06	2.796525E-02	-9.708339E+01
1.48070625000E+06	2.934767E-02	-8.962566E+01
1.48257500000E+06	2.794133E-02	-9.361037E+01
1.48444375000E+06	3.008386E-02	-9.028413E+01
1.48631250000E+06	2.880818E-02	-8.705824E+01
1.48818125000E+06	2.668463E-02	-9.384846E+01
1.49005000000E+06	2.901006E-02	-8.947913E+01
1.49191875000E+06	2.874614E-02	-9.374048E+01
1.49378750000E+06	2.761082E-02	-9.026934E+01
1.49565625000E+06	2.979576E-02	-9.392534E+01
1.49752500000E+06	2.752155E-02	-9.159384E+01
1.49939375000E+06	2.936547E-02	-9.114291E+01
1.50126250000E+06	2.746578E-02	-9.391392E+01
1.50313125000E+06	3.065237E-02	-9.196907E+01
1.50500000000E+06	2.861340E-02	-9.394595E+01
1.50686875000E+06	2.637104E-02	-9.306628E+01
1.50873750000E+06	2.891060E-02	-9.116257E+01
1.51060625000E+06	3.197095E-02	-8.823627E+01
1.51247500000E+06	2.962456E-02	-8.954785E+01
1.51434375000E+06	2.729588E-02	-8.997797E+01
1.51621250000E+06	2.965751E-02	-9.448990E+01
1.51808125000E+06	3.128939E-02	-9.369716E+01
1.51995000000E+06	2.982533E-02	-9.278281E+01
1.52181875000E+06	3.007728E-02	-9.349480E+01
1.52368750000E+06	2.966759E-02	-8.949301E+01
1.52555625000E+06	2.968714E-02	-9.230026E+01
1.52742500000E+06	2.936268E-02	-9.598276E+01
1.52929375000E+06	3.115132E-02	-8.771371E+01
1.53116250000E+06	3.167925E-02	-9.081449E+01
1.53303125000E+06	3.044540E-02	-9.491996E+01
1.53490000000E+06	2.940437E-02	-9.469326E+01
1.53676875000E+06	3.109892E-02	-8.791521E+01
1.53863750000E+06	3.134117E-02	-9.399319E+01
1.54050625000E+06	2.927889E-02	-9.184504E+01
1.54237500000E+06	2.979276E-02	-8.948184E+01
1.54424375000E+06	3.034329E-02	-9.058438E+01
1.54611250000E+06	3.134846E-02	-9.285808E+01
1.54798125000E+06	2.994020E-02	-9.137988E+01
1.54985000000E+06	2.821003E-02	-9.202447E+01
1.55171875000E+06	2.971837E-02	-9.282705E+01
1.55358750000E+06	3.008156E-02	-9.555984E+01
1.55545625000E+06	3.134845E-02	-9.369820E+01
1.55732500000E+06	2.846616E-02	-9.096546E+01
1.55919375000E+06	3.007206E-02	-9.336222E+01
1.56106250000E+06	3.229392E-02	-9.081554E+01
1.56293125000E+06	3.025131E-02	-9.119357E+01
1.56480000000E+06	3.337127E-02	-9.654084E+01
1.56666875000E+06	3.148005E-02	-9.018847E+01
1.56853750000E+06	3.196577E-02	-9.140287E+01
1.57040625000E+06	3.009340E-02	-9.494724E+01
1.57227500000E+06	3.019562E-02	-9.043237E+01
1.57414375000E+06	3.038117E-02	-9.274612E+01
1.57601250000E+06	2.864566E-02	-9.615015E+01
1.57788125000E+06	2.884196E-02	-9.322324E+01
1.57975000000E+06	3.112230E-02	-9.347232E+01
1.58161875000E+06	2.948581E-02	-9.304379E+01
1.58348750000E+06	3.110313E-02	-8.751929E+01
1.58535625000E+06	3.242281E-02	-9.281023E+01
1.58722500000E+06	3.129563E-02	-9.483250E+01
1.58909375000E+06	3.164367E-02	-9.224479E+01
1.59096250000E+06	3.172373E-02	-9.165141E+01
1.59283125000E+06	2.995160E-02	-9.177433E+01
1.59470000000E+06	3.069162E-02	-9.233533E+01
1.59656875000E+06	2.893364E-02	-9.266319E+01
1.59843750000E+06	3.081599E-02	-9.595653E+01
1.60030625000E+06	3.145213E-02	-9.375514E+01
1.60217500000E+06	3.023375E-02	-9.386537E+01
1.60404375000E+06	3.479063E-02	-9.162330E+01
1.60591250000E+06	3.298457E-02	-9.147982E+01
1.60778125000E+06	3.314558E-02	-9.235695E+01
1.60965000000E+06	3.218989E-02	-8.804881E+01
1.61151875000E+06	3.181786E-02	-9.022997E+01
1.61338750000E+06	3.258528E-02	-9.234307E+01
1.61525625000E+06	3.048297E-02	-9.425822E+01
1.61712500000E+06	3.478490E-02	-9.156454E+01
1.61899375000E+06	3.322349E-02	-9.373649E+01
1.62086250000E+06	3.141661E-02	-9.496729E+01
1.62273125000E+06	3.335695E-02	-9.286585E+01
1.62460000000E+06	3.287840E-02	-9.224145E+01
1.62646875000E+06	3.160881E-02	-9.220775E+01
1.62833750000E+06	3.108567E-02	-9.241541E+01
1.63020625000E+06	3.024084E-02	-9.120424E+01
1.63207500000E+06	3.224770E-02	-9.345285E+01
1.63394375000E+06	2.986048E-02	-8.676867E+01
1.63581250000E+06	2.980006E-02	-9.208027E+01
1.63768125000E+06	3.298904E-02	-9.147382E+01
1.63955000000E+06	3.285800E-02	-9.367027E+01
1.64141875000E+06	3.245984E-02	-9.274282E+01
1.64328750000E+06	3.147018E-02	-9.274697E+01
1.64515625000E+06	3.225850E-02	-9.389429E+01
1.64702500000E+06	3.204539E-02	-8.944489E+01
1.64889375000E+06	3.310463E-02	-9.415427E+01
1.65076250000E+06	3.451625E-02	-8.836385E+01
1.65263125000E+06	3.277122E-02	-9.341129E+01
1.65450000000E+06	3.157923E-02	-9.093172E+01
1.65636875000E+06	3.218107E-02	-9.235222E+01
1.65823750000E+06	3.476727E-02	-9.104340E+01
1.66010625000E+06	3.220849E-02	-9.181782E+01
1.66197500000E+06	3.253699E-02	-9.287915E+01
1.66384375000E+06	3.421996E-02	-8.926194E+01
1.66571250000E+06	3.401380E-02	-9.332882E+01
1.66758125000E+06	3.265276E-02	-9.532658E+01
1.66945000000E+06	3.262332E-02	-9.381228E+01
1.67131875000E+06	3.220021E-02	-9.071146E+01
1.67318750000E+06	3.302946E-02	-9.080484E+01
1.67505625000E+06	3.423305E-02	-8.949466E+01
1.67692500000E+06	3.351808E-02	-9.093443E+01
1.67879375000E+06	3.606613E-02	-9.658441E+01
1.68066250000E+06	3.351619E-02	-8.969425E+01
1.68253125000E+06	3.393893E-02	-9.193591E+01
1.68440000000E+06	3.350855E-02	-9.109256E+01
1.68626875000E+06	3.444501E-02	-9.368552E+01
1.68813750000E+06	3.405061E-02	-9.326186E+01
1.69000625000E+06	3.335779E-02	-9.274079E+01
1.69187500000E+06	3.526095E-02	-9.172796E+01
1.69374375000E+06	3.369498E-02	-9.376736E+01
1.69561250000E+06	3.485707E-02	-9.457546E+01
1.69748125000E+06	3.388868E-02	-9.248901E+01
1.69935000000E+06	3.395875E-02	-8.905449E+01
1.70121875000E+06	3.411394E-02	-9.298850E+01
1.70308750000E+06	3.400440E-02	-9.183479E+01
1.70495625000E+06	3.179741E-02	-9.099905E+01
1.70682500000E+06	3.587394E-02	-9.043407E+01
1.70869375000E+06	3.375454E-02	-9.038716E+01
1.71056250000E+06	3.478696E-02	-9.062143E+01
1.71243125000E+06	3.365530E-02	-9.406693E+01
1.71430000000E+06	3.499886E-02	-9.139341E+01
1.71616875000E+06	3.319101E-02	-9.248553E+01
1.71803750000E+06	3.693935E-02	-9.433562E+01
1.71990625000E+06	3.549633E-02	-9.084467E+01
1.72177500000E+06	3.438472E-02	-8.990871E+01
1.72364375000E+06	3.470069E-02	-9.164783E+01
1.72551250000E+06	3.401567E-02	-9.156480E+01
1.72738125000E+06	3.409011E-02	-9.290952E+01
1.72925000000E+06	3.440034E-02	-9.417478E+01
1.73111875000E+06	3.425069E-02	-9.069719E+01
1.73298750000E+06	3.275181E-02	-9.213143E+01
1.73485625000E+06	3.612213E-02	-9.057064E+01
1.73672500000E+06	3.518447E-02	-9.353886E+01
1.73859375000E+06	3.572571E-02	-9.341886E+01
1.74046250000E+06	3.460738E-02	-9.277247E+01
1.74233125000E+06	3.520500E-02	-9.086270E+01
1.74420000000E+06	3.663310E-02	-9.324296E+01
1.74606875000E+06	3.425852E-02	-9.311028E+01
1.74793750000E+06	3.439080E-02	-9.339424E+01
1.74980625000E+06	3.552311E-02	-9.479398E+01
1.75167500000E+06	3.647100E-02	-9.077275E+01
1.75354375000E+06	3.502125E-02	-8.821843E+01
1.75541250000E+06	3.365539E-02	-9.328178E+01
1.75728125000E+06	3.466684E-02	-9.140510E+01
1.75915000000E+06	3.463651E-02	-9.028669E+01
1.76101875000E+06	3.562654E-02	-9.358786E+01
1.76288750000E+06	3.680417E-02	-9.501126E+01
1.76475625000E+06	3.643507E-02	-9.489503E+01
1.76662500000E+06	3.655307E-02	-9.241722E+01
1.76849375000E+06	3.759478E-02	-9.176298E+01
1.77036250000E+06	3.573888E-02	-9.216036E+01
1.77223125000E+06	3.612077E-02	-9.362971E+01
1.77410000000E+06	3.212433E-02	-9.060366E+01
1.77596875000E+06	3.762138E-02	-9.429676E+01
1.77783750000E+06	3.504485E-02	-9.100853E+01
1.77970625000E+06	3.626659E-02	-9.195032E+01
1.78157500000E+06	3.526046E-02	-9.367779E+01
1.78344375000E+06	3.619576E-02	-9.322103E+01
1.78531250000E+06	3.691838E-02	-8.956474E+01
1.78718125000E+06	3.959839E-02	-9.288442E+01
1.78905000000E+06	3.636850E-02	-9.298603E+01
1.79091875000E+06	3.786211E-02	-9.232648E+01
1.79278750000E+06	3.596783E-02	-9.047005E+01
1.79465625000E+06	3.630876E-02	-9.438351E+01
1.79652500000E+06	3.630332E-02	-8.918520E+01
1.79839375000E+06	3.508043E-02	-9.339168E+01
1.80026250000E+06	3.628226E-02	-9.098657E+01
1.80213125000E+06	3.728784E-02	-8.912699E+01
1.80400000000E+06	3.663117E-02	-9.262800E+01
1.80586875000E+06	3.683238E-02	-9.223693E+01
1.80773750000E+06	3.697365E-02	-9.115955E+01
1.80960625000E+06	3.724732E-02	-9.396942E+01
1.81147500000E+06	3.560790E-02	-8.947147E+01
1.81334375000E+06	3.827504E-02	-9.326307E+01
1.81521250000E+06	3.663868E-02	-9.201880E+01
1.81708125000E+06	3.494153E-02	-9.466682E+01
1.81895000000E+06	3.905149E-02	-9.494404E+01
1.82081875000E+06	3.572953E-02	-9.247543E+01
1.82268750000E+06	3.615486E-02	-9.140372E+01
1.82455625000E+06	3.707204E-02	-9.400270E+01
1.82642500000E+06	3.627949E-02	-9.446468E+01
1.82829375000E+06	3.688632E-02	-9.165784E+01
1.83016250000E+06	3.805168E-02	-9.369196E+01
1.83203125000E+06	3.920709E-02	-9.395839E+01
1.83390000000E+06	3.776377E-02	-9.053533E+01
1.83576875000E+06	3.850270E-02	-9.286217E+01
1.83763750000E+06	3.733038E-02	-9.264913E+01
1.83950625000E+06	3.902214E-02	-9.367543E+01
1.84137500000E+06	3.876461E-02	-9.077779E+01
1.84324375000E+06	3.550468E-02	-9.218853E+01
1.84511250000E+06	3.687115E-02	-9.032618E+01
1.84698125000E+06	3.845359E-02	-9.075202E+01
1.84885000000E+06	3.908818E-02	-9.260292E+01
1.85071875000E+06	3.911544E-02	-9.316447E+01
1.85258750000E+06	3.679819E-02	-9.247704E+01
1.85445625000E+06	3.752076E-02	-9.362442E+01
1.85632500000E+06	3.832599E-02	-9.079182E+01
1.85819375000E+06	4.001526E-02	-9.240741E+01
1.86006250000E+06	3.889414E-02	-9.282207E+01
1.86193125000E+06	3.972264E-02	-9.274337E+01
1.86380000000E+06	3.801770E-02	-9.282422E+01
1.86566875000E+06	3.995077E-02	-9.317049E+01
1.86753750000E+06	3.918602E-02	-9.408810E+01
1.86940625000E+06	3.977556E-02	-9.558697E+01
1.87127500000E+06	3.773388E-02	-9.325210E+01
1.87314375000E+06	3.862639E-02	-8.981734E+01
1.87501250000E+06	3.903190E-02	-9.205510E+01
1.87688125000E+06	3.921307E-02	-9.499926E+01
1.87875000000E+06	3.966279E-02	-9.282962E+01
1.88061875000E+06	4.061630E-02	-9.235793E+01
1.88248750000E+06	4.004472E-02	-9.297804E+01
1.88435625000E+06	4.026017E-02	-9.022480E+01
1.88622500000E+06	3.816956E-02	-8.876389E+01
1.88809375000E+06	3.944383E-02	-9.322099E+01
1.88996250000E+06	3.840091E-02	-9.106626E+01
1.89183125000E+06	3.732027E-02	-9.558720E+01
1.89370000000E+06	4.067424E-02	-9.233080E+01
1.89556875000E+06	3.931084E-02	-9.347659E+01
1.89743750000E+06	4.029575E-02	-9.124683E+01
1.89930625000E+06	3.950001E-02	-8.750229E+01
1.90117500000E+06	3.972019E-02	-9.116384E+01
1.90304375000E+06	3.956500E-02	-8.996048E+01
1.90491250000E+06	3.941685E-02	-8.928115E+01
1.90678125000E+06	4.107476E-02	-9.331297E+01
1.90865000000E+06	3.957731E-02	-9.221516E+01
1.91051875000E+06	3.958365E-02	-9.227714E+01
1.91238750000E+06	3.931880E-02	-9.270666E+01
1.91425625000E+06	3.947627E-02	-9.396652E+01
1.91612500000E+06	4.091748E-02	-9.158910E+01
1.91799375000E+06	3.988372E-02	-9.429128E+01
1.91986250000E+06	4.020905E-02	-9.293628E+01
1.92173125000E+06	4.091407E-02	-9.511983E+01
1.92360000000E+06	4.108077E-02	-9.437954E+01
1.92546875000E+06	4.012939E-02	-9.275797E+01
1.92733750000E+06	3.964957E-02	-9.316521E+01
1.92920625000E+06	4.095561E-02	-9.043091E+01
1.93107500000E+06	4.051949E-02	-9.308744E+01
1.93294375000E+06	4.254137E-02	-9.262759E+01
1.93481250000E+06	4.153116E-02	-9.148659E+01
1.93668125000E+06	4.119401E-02	-9.691333E+01
1.93855000000E+06	4.079289E-02	-9.321906E+01
1.94041875000E+06	4.016743E-02	-9.344907E+01
1.94228750000E+06	3.936568E-02	-9.169561E+01
1.94415625000E+06	3.957419E-02	-9.139107E+01
1.94602500000E+06	3.932852E-02	-9.394289E+01
1.94789375000E+06	4.131006E-02	-9.227387E+01
1.94976250000E+06	3.868924E-02	-9.119755E+01
1.95163125000E+06	4.219262E-02	-9.456090E+01
1.95350000000E+06	4.356141E-02	-9.549981E+01
1.95536875000E+06	4.224580E-02	-9.469496E+01
1.95723750000E+06	4.130518E-02	-9.125983E+01
1.95910625000E+06	4.055727E-02	-9.399473E+01
1.96097500000E+06	3.900928E-02	-9.320383E+01
1.96284375000E+06	4.171230E-02	-9.267057E+01
1.96471250000E+06	4.062057E-02	-9.188597E+01
1.96658125000E+06	4.249435E-02	-9.506602E+01
1.96845000000E+06	4.355465E-02	-9.297308E+01
1.97031875000E+06	4.163778E-02	-9.419324E+01
1.97218750000E+06	4.022722E-02	-9.351289E+01
1.97405625000E+06	4.343997E-02	-8.782033E+01
1.97592500000E+06	4.239441E-02	-9.230404E+01
1.97779375000E+06	4.406790E-02	-9.437257E+01
1.97966250000E+06	4.191209E-02	-8.948762E+01
1.98153125000E+06	4.172374E-02	-9.384299E+01
1.98340000000E+06	4.349520E-02	-9.435687E+01
1.98526875000E+06	4.350987E-02	-9.096093E+01
1.98713750000E+06	4.328562E-02	-9.661617E+01
1.98900625000E+06	4.395976E-02	-9.346465E+01
1.99087500000E+06	4.240997E-02	-9.207157E+01
1.99274375000E+06	4.175425E-02	-9.120551E+01
1.99461250000E+06	4.065203E-02	-9.092719E+01
1.99648125000E+06	4.351963E-02	-9.414425E+01
1.99835000000E+06	4.177964E-02	-9.292829E+01
2.00021875000E+06	4.091166E-02	-9.293861E+01
2.00208750000E+06	4.356010E-02	-8.888763E+01
2.00395625000E+06	4.212657E-02	-9.321317E+01
2.00582500000E+06	4.466944E-02	-9.180867E+01
2.00769375000E+06	4.180356E-02	-9.274297E+01
2.00956250000E+06	4.317669E-02	-9.594222E+01
2.01143125000E+06	4.211908E-02	-9.162200E+01
2.01330000000E+06	4.534974E-02	-9.287326E+01
2.01516875000E+06	4.221299E-02	-8.975762E+01
2.01703750000E+06	4.345883E-02	-8.934341E+01
2.01890625000E+06	4.592843E-02	-9.429311E+01
2.02077500000E+06	4.292600E-02	-9.335306E+01
2.02264375000E+06	4.290688E-02	-9.342091E+01
2.02451250000E+06	4.214218E-02	-9.421369E+01
2.02638125000E+06	4.247605E-02	-9.387712E+01
2.02825000000E+06	4.389786E-02	-9.261713E+01
2.03011875000E+06	4.399218E-02	-9.216328E+01
2.03198750000E+06	4.377343E-02	-9.357406E+01
2.03385625000E+06	4.398215E-02	-9.058432E+01
2.03572500000E+06	4.437365E-02	-9.363703E+01
2.03759375000E+06	4.299557E-02	-9.058272E+01
2.03946250000E+06	4.432516E-02	-9.223024E+01
2.04133125000E+06	4.390091E-02	-9.361610E+01
2.04320000000E+06	4.534633E-02	-9.204826E+01
2.04506875000E+06	4.514822E-02	-9.117464E+01
2.04693750000E+06	4.413418E-02	-9.588235E+01
2.04880625000E+06	4.277275E-02	-9.377678E+01
2.05067500000E+06	4.320858E-02	-8.974575E+01
2.05254375000E+06	4.787984E-02	-9.337521E+01
2.05441250000E+06	4.362952E-02	-9.261644E+01
2.05628125000E+06	4.454570E-02	-9.338868E+01
2.05815000000E+06	4.239894E-02	-9.685959E+01
2.06001875000E+06	4.453077E-02	-9.080766E+01
2.06188750000E+06	4.616974E-02	-9.123337E+01
2.06375625000E+06	4.611414E-02	-9.268999E+01
2.06562500000E+06	4.104651E-02	-9.088420E+01
2.06749375000E+06	4.531411E-02	-9.289217E+01
2.06936250000E+06	4.740332E-02	-9.147585E+01
2.07123125000E+06	4.416769E-02	-9.450093E+01
2.07310000000E+06	4.460205E-02	-9.498231E+01
2.07496875000E+06	4.516428E-02	-9.506229E+01
2.07683750000E+06	4.536609E-02	-9.384730E+01
2.07870625000E+06	4.593853E-02	-9.063393E+01
2.08057500000E+06	4.440941E-02	-9.454873E+01
2.08244375000E+06	4.626621E-02	-9.273535E+01
2.08431250000E+06	4.490862E-02	-9.079926E+01
2.08618125000E+06	4.553010E-02	-9.331184E+01
2.08805000000E+06	4.467167E-02	-9.061942E+01
2.08991875000E+06	4.567138E-02	-9.230490E+01
2.09178750000E+06	4.441536E-02	-9.369171E+01
2.09365625000E+06	4.213932E-02	-9.098757E+01
2.09552500000E+06	4.396746E-02	-9.340049E+01
2.09739375000E+06	4.405504E-02	-9.376791E+01
2.09926250000E+06	4.702941E-02	-9.534823E+01
2.10113125000E+06	4.632479E-02	-9.271599E+01
2.10300000000E+06	4.565235E-02	-9.361703E+01
2.10486875000E+06	4.670321E-02	-9.260326E+01
2.10673750000E+06	4.563729E-02	-9.179649E+01
2.10860625000E+06	4.533497E-02	-9.321044E+01
2.11047500000E+06	4.493687E-02	-9.344278E+01
2.11234375000E+06	4.498985E-02	-9.395264E+01
2.11421250000E+06	4.520659E-02	-9.051190E+01
2.11608125000E+06	4.669400E-02	-9.276379E+01
2.11795000000E+06	4.705253E-02	-9.203272E+01
2.11981875000E+06	4.773936E-02	-9.075114E+01
2.12168750000E+06	4.366480E-02	-9.287771E+01
2.12355625000E+06	4.645971E-02	-9.467720E+01
2.12542500000E+06	4.672673E-02	-9.163084E+01
2.12729375000E+06	4.584216E-02	-9.263404E+01
2.12916250000E+06	4.626372E-02	-9.434544E+01
2.13103125000E+06	4.597708E-02	-9.161641E+01
2.13290000000E+06	4.506781E-02	-9.456349E+01
2.13476875000E+06	4.708437E-02	-9.122562E+01
2.13663750000E+06	4.719352E-02	-9.361852E+01
2.13850625000E+06	4.679914E-02	-9.195428E+01
2.14037500000E+06	4.489368E-02	-9.094686E+01
2.14224375000E+06	4.581764E-02	-9.224506E+01
2.14411250000E+06	4.658487E-02	-9.171844E+01
2.14598125000E+06	4.705166E-02	-9.269666E+01
2.14785000000E+06	4.887713E-02	-9.559103E+01
2.14971875000E+06	4.642356E-02	-8.935502E+01
2.15158750000E+06	5.002306E-02	-9.453339E+01
2.15345625000E+06	4.797051E-02	-9.389337E+01
2.15532500000E+06	4.856867E-02	-9.004623E+01
2.15719375000E+06	4.874402E-02	-9.278689E+01
2.15906250000E+06	4.769041E-02	-9.395667E+01
2.16093125000E+06	4.707660E-02	-9.352302E+01
2.16280000000E+06	4.725830E-02	-9.295025E+01
2.16466875000E+06	4.955616E-02	-9.150751E+01
2.16653750000E+06	4.769001E-02	-9.226463E+01
2.16840625000E+06	4.859281E-02	-9.202380E+01
2.17027500000E+06	4.766510E-02	-9.297427E+01
2.17214375000E+06	4.779731E-02	-9.429309E+01
2.17401250000E+06	4.770062E-02	-9.290332E+01
2.17588125000E+06	4.892722E-02	-9.344812E+01
2.17775000000E+06	4.819816E-02	-8.971556E+01
2.17961875000E+06	4.670352E-02	-9.350349E+01
2.18148750000E+06	4.850231E-02	-9.274794E+01
2.18335625000E+06	4.875955E-02	-9.191557E+01
2.18522500000E+06	4.763986E-02	-9.399042E+01
2.18709375000E+06	4.912590E-02	-9.125928E+01
2.18896250000E+06	4.976594E-02	-9.024039E+01
2.19083125000E+06	5.007517E-02	-9.246100E+01
2.19270000000E+06	4.992536E-02	-9.502294E+01
2.19456875000E+06	4.918720E-02	-9.419125E+01
2.19643750000E+06	4.928878E-02	-9.213695E+01
2.19830625000E+06	4.916962E-02	-9.270074E+01
2.20017500000E+06	4.884080E-02	-9.401885E+01
2.20204375000E+06	4.940919E-02	-9.423484E+01
2.20391250000E+06	4.892534E-02	-9.479077E+01
2.20578125000E+06	4.799398E-02	-9.235700E+01
2.20765000000E+06	4.961567E-02	-9.492490E+01
2.20951875000E+06	4.823791E-02	-9.225850E+01
2.21138750000E+06	5.048244E-02	-9.277091E+01
2.21325625000E+06	5.063759E-02	-9.124930E+01
2.21512500000E+06	4.849410E-02	-9.222424E+01
2.21699375000E+06	4.787547E-02	-9.186228E+01
2.21886250000E+06	4.985435E-02	-9.198353E+01
2.22073125000E+06	4.863446E-02	-9.229736E+01
2.22260000000E+06	4.971499E-02	-9.622976E+01
2.22446875000E+06	5.101180E-02	-9.272433E+01
2.22633750000E+06	4.996458E-02	-9.290069E+01
2.22820625000E+06	4.896682E-02	-9.285721E+01
2.23007500000E+06	5.052624E-02	-9.173516E+01
2.23194375000E+06	5.093980E-02	-9.106194E+01
2.23381250000E+06	5.031494E-02	-9.336916E+01
2.23568125000E+06	5.052925E-02	-9.403618E+01
2.23755000000E+06	4.970906E-02	-9.128123E+01
2.23941875000E+06	5.003687E-02	-9.290948E+01
2.24128750000E+06	5.006414E-02	-9.346533E+01
2.24315625000E+06	4.920271E-02	-9.141793E+01
2.24502500000E+06	5.102045E-02	-9.202156E+01
2.24689375000E+06	5.047742E-02	-9.227300E+01
2.24876250000E+06	4.994493E-02	-9.354515E+01
2.25063125000E+06	5.003639E-02	-9.192329E+01
2.25250000000E+06	5.097311E-02	-9.097329E+01
2.25436875000E+06	5.062957E-02	-9.207874E+01
2.25623750000E+06	5.120353E-02	-9.477171E+01
2.25810625000E+06	5.205168E-02	-9.236788E+01
2.25997500000E+06	5.048176E-02	-9.414442E+01
2.26184375000E+06	5.040019E-02	-9.318378E+01
2.26371250000E+06	5.112251E-02	-9.357106E+01
2.26558125000E+06	5.251483E-02	-9.225980E+01
2.26745000000E+06	5.066860E-02	-9.274180E+01
2.26931875000E+06	5.217782E-02	-9.264072E+01
2.27118750000E+06	5.241416E-02	-9.325195E+01
2.27305625000E+06	5.338129E-02	-9.502142E+01
2.27492500000E+06	5.307407E-02	-9.210627E+01
2.27679375000E+06	5.056437E-02	-9.281651E+01
2.27866250000E+06	5.159559E-02	-9.348702E+01
2.28053125000E+06	5.185886E-02	-9.000043E+01
2.28240000000E+06	5.168014E-02	-9.191354E+01
2.28426875000E+06	5.137642E-02	-9.534318E+01
2.28613750000E+06	5.101926E-02	-9.251936E+01
2.28800625000E+06	5.071829E-02	-9.417697E+01
2.28987500000E+06	5.144602E-02	-9.343789E+01
2.29174375000E+06	5.178107E-02	-9.458401E+01
2.29361250000E+06	5.403830E-02	-9.174879E+01
2.29548125000E+06	5.149740E-02	-9.394781E+01
2.29735000000E+06	5.075905E-02	-9.358144E+01
2.29921875000E+06	5.153675E-02	-9.321536E+01
2.30108750000E+06	5.190192E-02	-9.294829E+01
2.30295625000E+06	5.213788E-02	-9.377007E+01
2.30482500000E+06	5.150847E-02	-9.459654E+01
2.30669375000E+06	5.258083E-02	-9.232207E+01
2.30856250000E+06	5.296826E-02	-9.027484E+01
2.31043125000E+06	5.308181E-02	-9.487166E+01
2.31230000000E+06	5.503983E-02	-9.346996E+01
2.31416875000E+06	5.142549E-02	-9.389050E+01
2.31603750000E+06	5.180180E-02	-9.195383E+01
2.31790625000E+06	5.149334E-02	-9.202990E+01
2.31977500000E+06	5.283462E-02	-9.306962E+01
2.32164375000E+06	5.389842E-02	-9.364619E+01
2.32351250000E+06	5.215089E-02	-9.248064E+01
2.32538125000E+06	5.322873E-02	-9.435914E+01
2.32725000000E+06	5.153871E-02	-9.271613E+01
2.32911875000E+06	5.297244E-02	-9.252936E+01
2.33098750000E+06	5.398460E-02	-9.135970E+01
2.33285625000E+06	5.405258E-02	-9.273330E+01
2.33472500000E+06	5.387523E-02	-9.293208E+01
2.33659375000E+06	5.253016E-02	-9.213361E+01
2.33846250000E+06	5.286309E-02	-9.264288E+01
2.34033125000E+06	5.404028E-02	-9.396916E+01
2.34220000000E+06	5.471153E-02	-9.322408E+01
2.34406875000E+06	5.459519E-02	-9.266092E+01
2.34593750000E+06	5.410463E-02	-9.408714E+01
2.34780625000E+06	5.421206E-02	-9.307291E+01
2.34967500000E+06	5.512010E-02	-9.152792E+01
2.35154375000E+06	5.463341E-02	-9.377326E+01
2.35341250000E+06	5.338906E-02	-9.148402E+01
2.35528125000E+06	5.394325E-02	-9.445900E+01
2.35715000000E+06	5.515052E-02	-9.322556E+01
2.35901875000E+06	5.282032E-02	-9.335834E+01
2.36088750000E+06	5.516409E-02	-9.273843E+01
2.36275625000E+06	5.472872E-02	-9.363988E+01
2.36462500000E+06	5.448597E-02	-9.327146E+01
2.36649375000E+06	5.430740E-02	-9.491091E+01
2.36836250000E+06	5.493501E-02	-9.184792E+01
2.37023125000E+06	5.423721E-02	-9.271378E+01
2.37210000000E+06	5.567774E-02	-9.423771E+01
2.37396875000E+06	5.423938E-02	-9.479035E+01
2.37583750000E+06	5.731899E-02	-9.512453E+01
2.37770625000E+06	5.673059E-02	-9.193808E+01
2.37957500000E+06	5.557600E-02	-9.356585E+01
2.38144375000E+06	5.342380E-02	-9.192468E+01
2.38331250000E+06	5.497528E-02	-9.486593E+01
2.38518125000E+06	5.631584E-02	-9.207165E+01
2.38705000000E+06	5.587812E-02	-9.260552E+01
2.38891875000E+06	5.307809E-02	-9.216917E+01
2.39078750000E+06	5.642699E-02	-9.225704E+01
2.39265625000E+06	5.499501E-02	-9.468825E+01
2.39452500000E+06	5.421030E-02	-9.382877E+01
2.39639375000E+06	5.586785E-02	-9.365910E+01
2.39826250000E+06	5.505339E-02	-9.469740E+01
2.40013125000E+06	5.626922E-02	-9.387685E+01
2.40200000000E+06	5.654709E-02	-9.495313E+01
2.40386875000E+06	5.735353E-02	-9.279935E+01
2.40573750000E+06	5.516516E-02	-9.245751E+01
2.40760625000E+06	5.762039E-02	-9.403403E+01
2.40947500000E+06	5.361830E-02	-9.198524E+01
2.41134375000E+06	5.773051E-02	-9.271558E+01
2.41321250000E+06	5.503474E-02	-9.271497E+01
2.41508125000E+06	5.672107E-02	-9.374351E+01
2.41695000000E+06	5.726124E-02	-9.333040E+01
2.41881875000E+06	5.663548E-02	-9.288279E+01
2.42068750000E+06	5.843569E-02	-9.479485E+01
2.42255625000E+06	5.826585E-02	-9.089514E+01
2.42442500000E+06	5.687491E-02	-9.296323E+01
2.42629375000E+06	5.587251E-02	-9.256309E+01
2.42816250000E+06	5.982272E-02	-9.343956E+01
2.43003125000E+06	5.598836E-02	-9.296521E+01
2.43190000000E+06	5.857009E-02	-9.212121E+01
2.43376875000E+06	5.614420E-02	-9.309309E+01
2.43563750000E+06	5.880231E-02	-9.411966E+01
2.43750625000E+06	5.674690E-02	-9.404375E+01
2.43937500000E+06	5.777626E-02	-9.254926E+01
2.44124375000E+06	5.718570E-02	-9.373944E+01
2.44311250000E+06	5.645153E-02	-9.275388E+01
2.44498125000E+06	5.921376E-02	-9.313773E+01
2.44685000000E+06	5.853590E-02	-9.407625E+01
2.44871875000E+06	5.913763E-02	-9.340765E+01
2.45058750000E+06	6.025568E-02	-9.418429E+01
2.45245625000E+06	5.767811E-02	-9.416646E+01
2.45432500000E+06	5.764651E-02	-9.257732E+01
2.45619375000E+06	5.766271E-02	-9.404021E+01
2.45806250000E+06	5.854958E-02	-9.387202E+01
2.45993125000E+06	5.914003E-02	-9.309389E+01
2.46180000000E+06	5.912875E-02	-9.316107E+01
2.46366875000E+06	5.917860E-02	-9.170248E+01
2.46553750000E+06	5.740620E-02	-9.340285E+01
2.46740625000E+06	5.747140E-02	-9.376151E+01
2.46927500000E+06	5.897143E-02	-9.253392E+01
2.47114375000E+06	5.685521E-02	-9.392220E+01
2.47301250000E+06	5.802095E-02	-9.122725E+01
2.47488125000E+06	5.803002E-02	-9.392789E+01
2.47675000000E+06	5.840136E-02	-9.321547E+01
2.47861875000E+06	6.121853E-02	-9.275699E+01
2.48048750000E+06	5.765223E-02	-9.486795E+01
2.48235625000E+06	5.825728E-02	-9.384465E+01
2.48422500000E+06	5.874404E-02	-9.274964E+01
2.48609375000E+06	5.885946E-02	-9.371505E+01
2.48796250000E+06	5.932351E-02	-9.304919E+01
2.48983125000E+06	6.013845E-02	-9.553262E+01
2.49170000000E+06	5.849909E-02	-9.468681E+01
2.49356875000E+06	6.025282E-02	-9.315687E+01
2.49543750000E+06	6.057281E-02	-9.323427E+01
2.49730625000E+06	5.951237E-02	-9.289612E+01
2.49917500000E+06	6.100997E-02	-9.462607E+01
2.50104375000E+06	6.018087E-02	-9.334309E+01
2.50291250000E+06	5.868795E-02	-9.294898E+01
2.50478125000E+06	5.962655E-02	-9.331783E+01
2.50665000000E+06	6.096223E-02	-9.355984E+01
2.50851875000E+06	5.920338E-02	-9.350304E+01
2.51038750000E+06	5.987404E-02	-9.198676E+01
2.51225625000E+06	5.865751E-02	-9.368491E+01
2.51412500000E+06	6.168629E-02	-9.328790E+01
2.51599375000E+06	5.969190E-02	-9.334757E+01
2.51786250000E+06	5.942676E-02	-9.340357E+01
2.51973125000E+06	6.003080E-02	-9.328893E+01
2.52160000000E+06	6.284575E-02	-9.102908E+01
2.52346875000E+06	6.101182E-02	-9.322835E+01
2.52533750000E+06	6.208434E-02	-9.264707E+01
2.52720625000E+06	5.966648E-02	-9.302993E+01
2.52907500000E+06	6.111691E-02	-9.216232E+01
2.53094375000E+06	6.015020E-02	-9.494827E+01
2.53281250000E+06	6.123305E-02	-9.424344E+01
2.53468125000E+06	6.185273E-02	-9.254991E+01
2.53655000000E+06	6.064107E-02	-9.308942E+01
2.53841875000E+06	6.193518E-02	-9.251643E+01
2.54028750000E+06	6.187505E-02	-9.395625E+01
2.54215625000E+06	6.065715E-02	-9.476793E+01
2.54402500000E+06	6.155423E-02	-9.302103E+01
2.54589375000E+06	6.209465E-02	-9.486678E+01
2.54776250000E+06	6.227117E-02	-9.319913E+01
2.54963125000E+06	6.053271E-02	-9.311534E+01
2.55150000000E+06	6.126115E-02	-9.243762E+01
2.55336875000E+06	6.261314E-02	-9.324507E+01
2.55523750000E+06	6.349507E-02	-9.417217E+01
2.55710625000E+06	6.063391E-02	-9.284803E+01
2.55897500000E+06	6.213589E-02	-9.278349E+01
2.56084375000E+06	6.080630E-02	-9.330279E+01
2.56271250000E+06	6.202187E-02	-9.252928E+01
2.56458125000E+06	6.339985E-02	-9.472930E+01
2.56645000000E+06	6.337968E-02	-9.327111E+01
2.56831875000E+06	6.322784E-02	-9.343329E+01
2.57018750000E+06	6.249767E-02	-9.243302E+01
2.57205625000E+06	6.448199E-02	-9.227482E+01
2.57392500000E+06	6.287505E-02	-9.335668E+01
2.57579375000E+06	5.984461E-02	-9.184184E+01
2.57766250000E+06	6.305645E-02	-9.321376E+01
2.57953125000E+06	6.218768E-02	-9.329578E+01
2.58140000000E+06	6.339219E-02	-9.259782E+01
2.58326875000E+06	6.372648E-02	-9.360728E+01
2.58513750000E+06	6.439241E-02	-9.299415E+01
2.58700625000E+06	6.096308E-02	-9.327949E+01
2.58887500000E+06	6.330854E-02	-9.486330E+01
2.59074375000E+06	6.263323E-02	-9.339745E+01
2.59261250000E+06	6.425496E-02	-9.438303E+01
2.59448125000E+06	6.213649E-02	-9.399859E+01
2.59635000000E+06	6.370058E-02	-9.339005E+01
2.59821875000E+06	6.427054E-02	-9.319238E+01
2.60008750000E+06	6.475465E-02	-9.468532E+01
2.60195625000E+06	6.462383E-02	-9.323750E+01
2.60382500000E+06	6.423261E-02	-9.215704E+01
2.60569375000E+06	6.334545E-02	-9.360968E+01
2.60756250000E+06	6.301271E-02	-9.457199E+01
2.60943125000E+06	6.236735E-02	-9.489459E+01
2.61130000000E+06	6.378783E-02	-9.313988E+01
2.61316875000E+06	6.334801E-02	-9.354015E+01
2.61503750000E+06	6.456006E-02	-9.379308E+01
2.61690625000E+06	6.372009E-02	-9.256622E+01
2.61877500000E+06	6.427176E-02	-9.342545E+01
2.62064375000E+06	6.494801E-02	-9.424083E+01
2.62251250000E+06	6.360410E-02	-9.385474E+01
2.62438125000E+06	6.448539E-02	-9.373665E+01
2.62625000000E+06	6.499291E-02	-9.262246E+01
2.62811875000E+06	6.684782E-02	-9.334651E+01
2.62998750000E+06	6.400450E-02	-9.248204E+01
2.63185625000E+06	6.362753E-02	-9.346236E+01
2.63372500000E+06	6.665643E-02	-9.474973E+01
2.63559375000E+06	6.546701E-02	-9.429250E+01
2.63746250000E+06	6.530351E-02	-9.477603E+01
2.63933125000E+06	6.649842E-02	-9.208781E+01
2.64120000000E+06	6.562277E-02	-9.157127E+01
2.64306875000E+06	6.577991E-02	-9.498033E+01
2.64493750000E+06	6.563215E-02	-9.338248E+01
2.64680625000E+06	6.503157E-02	-9.326402E+01
2.64867500000E+06	6.380627E-02	-9.344599E+01
2.65054375000E+06	6.604438E-02	-9.402085E+01
2.65241250000E+06	6.493048E-02	-9.217236E+01
2.65428125000E+06	6.516711E-02	-9.455325E+01
2.65615000000E+06	6.626154E-02	-9.240416E+01
2.65801875000E+06	6.772303E-02	-9.282790E+01
2.65988750000E+06	6.724806E-02	-9.171076E+01
2.66175625000E+06	6.504519E-02	-9.282919E+01
2.66362500000E+06	6.537946E-02	-9.271069E+01
2.66549375000E+06	6.446129E-02	-9.338303E+01
2.66736250000E+06	6.684481E-02	-9.302818E+01
2.66923125000E+06	6.695219E-02	-9.400307E+01
2.67110000000E+06	6.662958E-02	-9.471736E+01
2.67296875000E+06	6.614035E-02	-9.401764E+01
2.67483750000E+06	6.590787E-02	-9.581921E+01
2.67670625000E+06	6.595246E-02	-9.281022E+01
2.67857500000E+06	6.620178E-02	-9.291305E+01
2.68044375000E+06	6.836965E-02	-9.326451E+01
2.68231250000E+06	6.771070E-02	-9.445083E+01
2.68418125000E+06	6.628557E-02	-9.375520E+01
2.68605000000E+06	6.622702E-02	-9.374763E+01
2.68791875000E+06	6.650362E-02	-9.375241E+01
2.68978750000E+06	6.747856E-02	-9.279626E+01
2.69165625000E+06	6.667475E-02	-9.459071E+01
2.69352500000E+06	6.648912E-02	-9.321181E+01
2.69539375000E+06	6.659474E-02	-9.275700E+01
2.69726250000E+06	6.614157E-02	-9.461876E+01
2.69913125000E+06	6.753286E-02	-9.241067E+01
2.70100000000E+06	6.652689E-02	-9.451019E+01
2.70286875000E+06	6.751352E-02	-9.561541E+01
2.70473750000E+06	6.891241E-02	-9.293684E+01
2.70660625000E+06	6.715511E-02	-9.313201E+01
2.70847500000E+06	6.845637E-02	-9.368141E+01
2.71034375000E+06	6.835131E-02	-9.329755E+01
2.71221250000E+06	6.736491E-02	-9.320377E+01
2.71408125000E+06	6.858090E-02	-9.414867E+01
2.71595000000E+06	6.800181E-02	-9.274462E+01
2.71781875000E+06	7.069934E-02	-9.244316E+01
2.71968750000E+06	6.901967E-02	-9.404329E+01
2.72155625000E+06	6.919213E-02	-9.309410E+01
2.72342500000E+06	6.954144E-02	-9.417259E+01
2.72529375000E+06	6.776074E-02	-9.458231E+01
2.72716250000E+06	6.889907E-02	-9.368948E+01
2.72903125000E+06	6.862058E-02	-9.291727E+01
2.73090000000E+06	6.902161E-02	-9.247531E+01
2.73276875000E+06	6.986046E-02	-9.406056E+01
2.73463750000E+06	6.922551E-02	-9.310949E+01
2.73650625000E+06	6.996159E-02	-9.388286E+01
2.73837500000E+06	6.996182E-02	-9.424776E+01
2.74024375000E+06	6.769723E-02	-9.343895E+01
2.74211250000E+06	7.098696E-02	-9.365059E+01
2.74398125000E+06	6.886884E-02	-9.372850E+01
2.74585000000E+06	6.986558E-02	-9.475247E+01
2.74771875000E+06	6.736221E-02	-9.371182E+01
2.74958750000E+06	6.949822E-02	-9.321236E+01
2.75145625000E+06	6.817660E-02	-9.351755E+01
2.75332500000E+06	7.076411E-02	-9.502211E+01
2.75519375000E+06	7.042854E-02	-9.471602E+01
2.75706250000E+06	6.998481E-02	-9.323196E+01
2.75893125000E+06	7.077585E-02	-9.259061E+01
2.76080000000E+06	7.045335E-02	-9.260606E+01
2.76266875000E+06	7.142295E-02	-9.196468E+01
2.76453750000E+06	6.933046E-02	-9.321264E+01
2.76640625000E+06	6.985094E-02	-9.318386E+01
2.76827500000E+06	7.070886E-02	-9.310030E+01
2.77014375000E+06	7.298777E-02	-9.325471E+01
2.77201250000E+06	6.974017E-02	-9.275583E+01
2.77388125000E+06	7.165112E-02	-9.340624E+01
2.77575000000E+06	7.108902E-02	-9.328031E+01
2.77761875000E+06	7.080317E-02	-9.467292E+01
2.77948750000E+06	7.101554E-02	-9.485325E+01
2.78135625000E+06	7.068598E-02	-9.432231E+01
2.78322500000E+06	7.038647E-02	-9.353756E+01
2.78509375000E+06	7.097054E-02	-9.363686E+01
2.78696250000E+06	7.218447E-02	-9.395634E+01
2.78883125000E+06	7.347883E-02	-9.276872E+01
2.79070000000E+06	7.027423E-02	-9.409031E+01
2.79256875000E+06	6.988610E-02	-9.410905E+01
2.79443750000E+06	7.284901E-02	-9.402763E+01
2.79630625000E+06	6.993911E-02	-9.314618E+01
2.79817500000E+06	7.138334E-02	-9.438647E+01
2.80004375000E+06	7.200541E-02	-9.307520E+01
2.80191250000E+06	7.316966E-02	-9.467476E+01
2.80378125000E+06	7.449480E-02	-9.273714E+01
2.80565000000E+06	7.226493E-02	-9.287730E+01
2.80751875000E+06	7.223647E-02	-9.327823E+01
2.80938750000E+06	7.284030E-02	-9.367928E+01
2.81125625000E+06	7.152392E-02	-9.362597E+01
2.81312500000E+06	7.239238E-02	-9.482883E+01
2.81499375000E+06	7.338097E-02	-9.285516E+01
2.81686250000E+06	7.174788E-02	-9.375349E+01
2.81873125000E+06	7.151462E-02	-9.461686E+01
2.82060000000E+06	7.284526E-02	-9.303836E+01
2.82246875000E+06	7.332428E-02	-9.289577E+01
2.82433750000E+06	7.143792E-02	-9.417611E+01
2.82620625000E+06	7.072350E-02	-9.389765E+01
2.82807500000E+06	7.349043E-02	-9.219617E+01
2.82994375000E+06	7.291139E-02	-9.283200E+01
2.83181250000E+06	7.517134E-02	-9.344769E+01
2.83368125000E+06	7.286288E-02	-9.389620E+01
2.83555000000E+06	7.262477E-02	-9.498998E+01
2.83741875000E+06	7.337788E-02	-9.273996E+01
2.83928750000E+06	7.264832E-02	-9.357373E+01
2.84115625000E+06	7.404384E-02	-9.377438E+01
2.84302500000E+06	7.294019E-02	-9.414860E+01
2.84489375000E+06	7.358519E-02	-9.407092E+01
2.84676250000E+06	7.334226E-02	-9.296729E+01
2.84863125000E+06	7.377262E-02	-9.251614E+01
2.85050000000E+06	7.419371E-02	-9.446884E+01
2.85236875000E+06	7.379910E-02	-9.314175E+01
2.85423750000E+06	7.437266E-02	-9.289202E+01
2.85610625000E+06	7.420909E-02	-9.358260E+01
2.85797500000E+06	7.241533E-02	-9.250043E+01
2.85984375000E+06	7.335480E-02	-9.288786E+01
2.86171250000E+06	7.391274E-02	-9.332242E+01
2.86358125000E+06	7.450051E-02	-9.450095E+01
2.86545000000E+06	7.492410E-02	-9.387317E+01
2.86731875000E+06	7.517374E-02	-9.279402E+01
2.86918750000E+06	7.315572E-02	-9.248386E+01
2.87105625000E+06	7.382541E-02	-9.310357E+01
2.87292500000E+06	7.611470E-02	-9.402278E+01
2.87479375000E+06	7.477077E-02	-9.286111E+01
2.87666250000E+06	7.464245E-02	-9.124460E+01
2.87853125000E+06	7.547748E-02	-9.368481E+01
2.88040000000E+06	7.304326E-02	-9.418922E+01
2.88226875000E+06	7.496092E-02	-9.362096E+01
2.88413750000E+06	7.514199E-02	-9.337743E+01
2.88600625000E+06	7.610968E-02	-9.375045E+01
2.88787500000E+06	7.428306E-02	-9.315129E+01
2.88974375000E+06	7.582533E-02	-9.430286E+01
2.89161250000E+06	7.535961E-02	-9.342692E+01
2.89348125000E+06	7.741302E-02	-9.443324E+01
2.89535000000E+06	7.477087E-02	-9.267822E+01
2.89721875000E+06	7.580834E-02	-9.344144E+01
2.89908750000E+06	7.502631E-02	-9.307150E+01
2.90095625000E+06	7.631645E-02	-9.170704E+01
2.90282500000E+06	7.451428E-02	-9.340015E+01
2.90469375000E+06	7.781763E-02	-9.206354E+01
2.90656250000E+06	7.488051E-02	-9.406020E+01
2.90843125000E+06	7.641027E-02	-9.388846E+01
2.91030000000E+06	7.615449E-02	-9.294125E+01
2.91216875000E+06	7.621477E-02	-9.383184E+01
2.91403750000E+06	7.651070E-02	-9.438781E+01
2.91590625000E+06	7.736397E-02	-9.263480E+01
2.91777500000E+06	7.779294E-02	-9.377174E+01
2.91964375000E+06	7.775474E-02	-9.342847E+01
2.92151250000E+06	7.754387E-02	-9.299231E+01
2.92338125000E+06	7.624804E-02	-9.346857E+01
2.92525000000E+06	7.640516E-02	-9.340754E+01
2.92711875000E+06	7.662563E-02	-9.445469E+01
2.92898750000E+06	7.845668E-02	-9.413412E+01
2.93085625000E+06	7.793737E-02	-9.273180E+01
2.93272500000E+06	7.654345E-02	-9.339037E+01
2.93459375000E+06	7.661093E-02	-9.351878E+01
2.93646250000E+06	7.761145E-02	-9.360935E+01
2.93833125000E+06	7.706915E-02	-9.235590E+01
2.94020000000E+06	7.721046E-02	-9.436464E+01
2.94206875000E+06	7.849724E-02	-9.232205E+01
2.94393750000E+06	7.878601E-02	-9.357839E+01
2.94580625000E+06	7.696636E-02	-9.409876E+01
2.94767500000E+06	7.914171E-02	-9.368410E+01
2.94954375000E+06	7.779776E-02	-9.319390E+01
2.95141250000E+06	7.836041E-02	-9.400844E+01
2.95328125000E+06	7.804620E-02	-9.333233E+01
2.95515000000E+06	7.786959E-02	-9.290761E+01
2.95701875000E+06	7.952489E-02	-9.285796E+01
2.95888750000E+06	7.941876E-02	-9.167434E+01
2.96075625000E+06	7.931595E-02	-9.226508E+01
2.96262500000E+06	7.780439E-02	-9.203262E+01
2.96449375000E+06	7.926451E-02	-9.363338E+01
2.96636250000E+06	8.020643E-02	-9.294653E+01
2.96823125000E+06	7.780382E-02	-9.484512E+01
2.97010000000E+06	7.933941E-02	-9.392546E+01
2.97196875000E+06	7.810540E-02	-9.270961E+01
2.97383750000E+06	7.784349E-02	-9.329845E+01
2.97570625000E+06	7.939887E-02	-9.437962E+01
2.97757500000E+06	7.869803E-02	-9.435165E+01
2.97944375000E+06	7.872355E-02	-9.332936E+01
2.98131250000E+06	7.776915E-02	-9.367558E+01
2.98318125000E+06	7.988618E-02	-9.381385E+01
2.98505000000E+06	7.993437E-02	-9.358548E+01
2.98691875000E+06	7.961408E-02	-9.305727E+01
2.98878750000E+06	8.017159E-02	-9.350323E+01
2.99065625000E+06	8.070335E-02	-9.366171E+01
2.99252500000E+06	7.967190E-02	-9.362823E+01
2.99439375000E+06	7.851471E-02	-9.321298E+01
2.99626250000E+06	8.093203E-02	-9.264262E+01
2.99813125000E+06	8.136829E-02	-9.411881E+01
3.00000000000E+06	8.109806E-02	-9.284264E+01
