"E5100A REV3.14"
"DATE: Jun 24 2004"



"CHANNEL: 2"
"MEASURE TYPE: AR"
"FORMAT TYPE: LINMP"
"NUMBER of POINTS: 1601"
"SWEEP TIME:  3.458 s"
"SWEEP TYPE: LINF"
"SOURCE POWER: 0 dBm"
"IF BANDWIDTH: 500 Hz"

"Frequency"	"Main Array"	"Sub Array"
1.00000000000E+04	2.689499E-01	-1.201994E+02
1.18687500000E+04	8.177678E-02	1.362903E+02
1.37375000000E+04	3.925138E-02	-2.814921E+01
1.56062500000E+04	5.758366E-02	6.890017E+01
1.74750000000E+04	2.366956E-02	9.818858E+01
1.93437500000E+04	6.672086E-02	1.315894E+02
2.12125000000E+04	7.673053E-02	-1.120124E+02
2.30812500000E+04	4.938503E-02	1.648439E+02
2.49500000000E+04	4.865852E-02	6.407986E+01
2.68187500000E+04	2.170835E-02	5.026964E+01
2.86875000000E+04	1.587542E-02	-5.756528E+01
3.05562500000E+04	1.706516E-02	-1.260047E+02
3.24250000000E+04	3.303878E-02	-9.690105E+01
3.42937500000E+04	4.314809E-02	-4.864569E+01
3.61625000000E+04	1.617628E-02	-6.273596E+01
3.80312500000E+04	4.401935E-03	-1.099293E+02
3.99000000000E+04	3.202887E-02	1.494701E+02
4.17687500000E+04	1.765798E-02	6.214752E+01
4.36375000000E+04	3.829052E-03	1.196657E+02
4.55062500000E+04	5.439109E-03	7.179156E+01
4.73750000000E+04	1.262625E-02	-9.798818E+01
4.92437500000E+04	1.154912E-02	6.284428E+01
5.11125000000E+04	1.181464E-02	-8.319604E+01
5.29812500000E+04	1.161291E-02	5.836513E+01
5.48500000000E+04	1.925217E-02	-2.140580E+01
5.67187500000E+04	1.239327E-02	-9.537972E+00
5.85875000000E+04	6.761239E-03	-7.854873E+01
6.04562500000E+04	9.139060E-03	9.736597E+01
6.23250000000E+04	8.165357E-03	-8.924749E+01
6.41937500000E+04	1.334701E-02	3.372523E+01
6.60625000000E+04	1.132327E-02	-6.387305E+01
6.79312500000E+04	7.747114E-03	3.647027E+01
6.98000000000E+04	1.259817E-02	1.031286E+02
7.16687500000E+04	1.001371E-02	-6.449231E+01
7.35375000000E+04	1.522212E-02	3.658051E+01
7.54062500000E+04	2.996396E-03	4.352361E+01
7.72750000000E+04	5.621075E-03	1.633508E+02
7.91437500000E+04	7.642693E-03	-1.555163E+01
8.10125000000E+04	1.279001E-02	1.020276E+02
8.28812500000E+04	8.426397E-03	3.329558E+01
8.47500000000E+04	6.232821E-03	7.165808E+01
8.66187500000E+04	1.048113E-02	7.952490E+00
8.84875000000E+04	1.791048E-02	-1.047043E+02
9.03562500000E+04	1.181202E-02	7.070272E+01
9.22250000000E+04	1.401068E-02	2.870631E+00
9.40937500000E+04	1.459690E-02	1.244419E+02
9.59625000000E+04	6.420309E-03	-1.158482E+01
9.78312500000E+04	1.549551E-02	8.953799E+01
9.97000000000E+04	1.584469E-02	5.338982E+01
1.01568750000E+05	9.100474E-03	-9.752268E+01
1.03437500000E+05	1.201170E-02	-8.144018E-01
1.05306250000E+05	1.258682E-02	1.616923E+02
1.07175000000E+05	7.774752E-03	-2.455096E+01
1.09043750000E+05	7.391213E-03	-6.630259E+01
1.10912500000E+05	1.000238E-02	4.127021E+01
1.12781250000E+05	6.067337E-03	-1.698384E+02
1.14650000000E+05	1.382790E-02	1.510024E+02
1.16518750000E+05	1.880663E-03	1.402009E+02
1.18387500000E+05	4.067551E-03	-7.718079E+01
1.20256250000E+05	1.084914E-02	-8.550306E+00
1.22125000000E+05	7.684756E-03	1.730941E+02
1.23993750000E+05	8.502008E-03	4.152982E+01
1.25862500000E+05	7.704366E-03	4.847861E+01
1.27731250000E+05	4.138878E-03	1.547680E+02
1.29600000000E+05	5.684283E-03	-1.606615E+02
1.31468750000E+05	1.186980E-02	3.399684E+01
1.33337500000E+05	1.399326E-03	-1.776409E+02
1.35206250000E+05	7.945262E-03	-6.014936E+01
1.37075000000E+05	3.946788E-03	-3.871328E+01
1.38943750000E+05	2.414955E-03	-6.787579E+01
1.40812500000E+05	8.870540E-03	-1.335318E+02
1.42681250000E+05	4.973620E-03	5.559480E+01
1.44550000000E+05	6.853440E-03	3.009983E+01
1.46418750000E+05	6.700906E-03	1.432335E+01
1.48287500000E+05	7.612943E-03	2.287116E+01
1.50156250000E+05	5.309934E-03	-8.310548E+01
1.52025000000E+05	6.436293E-03	1.117527E+02
1.53893750000E+05	4.465071E-03	-1.616313E+02
1.55762500000E+05	2.033900E-03	6.220628E+01
1.57631250000E+05	8.442930E-03	-3.035226E+01
1.59500000000E+05	5.332947E-03	1.356097E+02
1.61368750000E+05	7.309643E-03	4.959327E+01
1.63237500000E+05	7.930060E-03	7.588097E+01
1.65106250000E+05	4.303262E-03	-1.309317E+02
1.66975000000E+05	3.547667E-03	1.032774E+02
1.68843750000E+05	3.602777E-03	2.296267E+01
1.70712500000E+05	1.778284E-03	1.116280E+02
1.72581250000E+05	3.098253E-03	7.747355E+01
1.74450000000E+05	5.124152E-03	7.556441E+01
1.76318750000E+05	5.225584E-03	1.731781E+02
1.78187500000E+05	5.026318E-03	-1.615445E+02
1.80056250000E+05	8.352859E-03	1.426033E+02
1.81925000000E+05	9.368978E-03	1.033142E+02
1.83793750000E+05	3.387077E-03	-1.273999E+02
1.85662500000E+05	7.490628E-03	1.275582E+02
1.87531250000E+05	6.056412E-03	7.868073E+01
1.89400000000E+05	8.766520E-03	-7.500501E+01
1.91268750000E+05	5.390575E-03	4.843975E+01
1.93137500000E+05	2.222151E-03	1.067741E+02
1.95006250000E+05	8.123307E-03	7.252152E+01
1.96875000000E+05	9.451007E-03	7.285184E+01
1.98743750000E+05	6.716629E-03	-1.526150E+02
2.00612500000E+05	5.916015E-03	7.808405E+01
2.02481250000E+05	1.619934E-03	1.529930E+01
2.04350000000E+05	8.973140E-03	1.286696E+02
2.06218750000E+05	8.286801E-03	8.820999E+01
2.08087500000E+05	3.961394E-03	1.471301E+02
2.09956250000E+05	6.038357E-03	1.363528E+02
2.11825000000E+05	2.737297E-03	-6.594466E+00
2.13693750000E+05	3.697914E-03	6.919683E+01
2.15562500000E+05	3.668803E-03	1.220270E+02
2.17431250000E+05	5.144035E-03	9.767183E+01
2.19300000000E+05	4.813846E-03	1.384799E+02
2.21168750000E+05	7.499500E-03	-1.186842E+02
2.23037500000E+05	4.965814E-03	3.336674E+01
2.24906250000E+05	5.057779E-03	1.181250E+01
2.26775000000E+05	5.888510E-03	-1.379551E+02
2.28643750000E+05	1.270839E-03	1.477854E+02
2.30512500000E+05	5.339948E-03	8.823000E+01
2.32381250000E+05	1.952047E-03	-1.496637E+02
2.34250000000E+05	3.673760E-03	1.385434E+01
2.36118750000E+05	3.554845E-03	1.646439E+02
2.37987500000E+05	3.267622E-03	7.684230E+01
2.39856250000E+05	8.236636E-03	1.159513E+01
2.41725000000E+05	6.285963E-03	-1.206880E+02
2.43593750000E+05	3.376305E-03	7.350063E+01
2.45462500000E+05	7.086122E-03	4.247123E+01
2.47331250000E+05	5.993582E-03	-7.339679E+01
2.49200000000E+05	6.963562E-03	-2.336357E+01
2.51068750000E+05	4.873482E-03	6.422013E+01
2.52937500000E+05	3.937072E-03	5.246288E+01
2.54806250000E+05	4.004464E-03	4.695086E+01
2.56675000000E+05	2.964628E-03	-5.484422E+01
2.58543750000E+05	5.748578E-03	-8.040164E+00
2.60412500000E+05	2.305164E-03	1.869226E+01
2.62281250000E+05	1.190588E-03	1.081316E+02
2.64150000000E+05	9.197477E-03	7.072167E+01
2.66018750000E+05	5.836279E-03	-4.227188E+01
2.67887500000E+05	3.818724E-03	1.002290E+02
2.69756250000E+05	6.391188E-03	3.451768E+00
2.71625000000E+05	2.614510E-03	-4.279931E+01
2.73493750000E+05	4.186720E-03	4.821403E+00
2.75362500000E+05	3.916316E-03	-1.312823E+02
2.77231250000E+05	4.382560E-03	7.374946E+01
2.79100000000E+05	4.533477E-03	8.946499E+00
2.80968750000E+05	5.583429E-03	-1.035578E+02
2.82837500000E+05	1.027655E-02	3.165785E+01
2.84706250000E+05	6.874642E-03	-6.400909E+01
2.86575000000E+05	3.422499E-03	9.771526E+01
2.88443750000E+05	2.443597E-03	6.383534E+01
2.90312500000E+05	3.600314E-03	-1.703350E+02
2.92181250000E+05	9.857737E-03	6.924129E+01
2.94050000000E+05	8.451655E-03	-4.205696E+00
2.95918750000E+05	3.075084E-03	-9.402612E+01
2.97787500000E+05	6.119775E-03	9.976037E+01
2.99656250000E+05	2.075790E-03	1.035394E+02
3.01525000000E+05	2.842378E-03	-7.749921E+01
3.03393750000E+05	9.908590E-03	-1.246301E+00
3.05262500000E+05	3.883188E-03	9.142130E+01
3.07131250000E+05	8.108488E-04	-1.601578E+02
3.09000000000E+05	3.321705E-03	1.767826E+02
3.10868750000E+05	4.288371E-03	1.173407E+02
3.12737500000E+05	2.507056E-03	2.919088E+00
3.14606250000E+05	1.341522E-03	-1.213280E+02
3.16475000000E+05	4.885672E-03	9.407319E+01
3.18343750000E+05	8.520424E-03	1.522844E+02
3.20212500000E+05	6.475251E-03	1.460972E+02
3.22081250000E+05	4.870361E-03	-4.173795E+01
3.23950000000E+05	2.106165E-03	3.380511E+01
3.25818750000E+05	3.090705E-03	8.156598E+01
3.27687500000E+05	3.363490E-03	2.262213E+01
3.29556250000E+05	2.313092E-03	-1.609535E+02
3.31425000000E+05	6.266353E-03	4.079736E+01
3.33293750000E+05	2.008933E-03	4.036895E+01
3.35162500000E+05	7.161056E-03	5.741454E+01
3.37031250000E+05	1.681651E-03	-8.964874E+00
3.38900000000E+05	5.289170E-03	7.181777E+01
3.40768750000E+05	3.659155E-03	-1.608069E+01
3.42637500000E+05	5.554568E-03	1.717360E+01
3.44506250000E+05	3.864212E-03	7.450050E+01
3.46375000000E+05	1.902977E-03	3.553464E+01
3.48243750000E+05	4.001886E-03	8.992762E+01
3.50112500000E+05	3.006752E-03	1.325586E+01
3.51981250000E+05	6.902553E-03	1.250150E+02
3.53850000000E+05	2.334076E-03	-3.757800E+01
3.55718750000E+05	5.648925E-03	7.872224E+01
3.57587500000E+05	8.022576E-03	7.971152E+01
3.59456250000E+05	3.610171E-03	-1.033768E+02
3.61325000000E+05	3.504266E-03	-2.426676E+01
3.63193750000E+05	1.655229E-03	1.004366E+02
3.65062500000E+05	1.634910E-03	-2.134744E+01
3.66931250000E+05	1.885817E-03	9.225061E+01
3.68800000000E+05	3.909860E-03	1.068010E+02
3.70668750000E+05	3.870830E-03	9.420953E+01
3.72537500000E+05	6.196526E-03	6.827007E+01
3.74406250000E+05	3.193372E-03	6.751481E+01
3.76275000000E+05	5.112030E-03	-2.414802E+01
3.78143750000E+05	3.570216E-03	1.289217E+02
3.80012500000E+05	2.354974E-03	4.603579E+01
3.81881250000E+05	5.691230E-03	1.487666E+01
3.83750000000E+05	5.266974E-03	1.090517E+02
3.85618750000E+05	2.478489E-03	1.740588E+02
3.87487500000E+05	3.950161E-03	9.143948E+01
3.89356250000E+05	2.510846E-03	-1.108841E+02
3.91225000000E+05	4.518646E-03	1.572647E+01
3.93093750000E+05	4.229856E-03	7.521704E+01
3.94962500000E+05	3.712472E-03	2.313735E+01
3.96831250000E+05	3.878532E-03	8.887642E+01
3.98700000000E+05	3.777181E-03	1.138957E+02
4.00568750000E+05	3.700530E-03	-1.079877E+01
4.02437500000E+05	1.059198E-03	1.143652E+02
4.04306250000E+05	3.295339E-03	3.840987E+01
4.06175000000E+05	5.666083E-03	-7.521331E+00
4.08043750000E+05	4.144643E-03	-1.746095E+02
4.09912500000E+05	3.181058E-03	2.304640E+01
4.11781250000E+05	8.840485E-04	-2.076085E+01
4.13650000000E+05	2.985670E-03	7.707552E+01
4.15518750000E+05	1.622719E-03	1.774156E+02
4.17387500000E+05	4.263656E-03	1.578367E+02
4.19256250000E+05	3.008613E-03	1.020631E+02
4.21125000000E+05	4.369776E-03	1.088684E+02
4.22993750000E+05	4.151613E-03	1.493602E+02
4.24862500000E+05	3.531707E-03	-1.533474E+01
4.26731250000E+05	1.248107E-03	9.425211E+01
4.28600000000E+05	2.460085E-03	1.025946E+02
4.30468750000E+05	2.411251E-03	1.994606E+01
4.32337500000E+05	4.150252E-03	1.610744E+02
4.34206250000E+05	3.415206E-03	6.733198E+01
4.36075000000E+05	4.064130E-03	1.720546E+02
4.37943750000E+05	3.830307E-03	9.547106E+01
4.39812500000E+05	6.791470E-04	1.784439E+01
4.41681250000E+05	4.537112E-03	1.356964E+02
4.43550000000E+05	4.744648E-03	-9.602924E+01
4.45418750000E+05	4.095457E-03	-1.735449E+01
4.47287500000E+05	5.665938E-03	3.952359E+01
4.49156250000E+05	4.718248E-03	9.704936E+01
4.51025000000E+05	2.313810E-03	7.256328E+00
4.52893750000E+05	5.312132E-03	4.267544E+01
4.54762500000E+05	4.852798E-03	6.440223E+01
4.56631250000E+05	6.959958E-03	1.282673E+02
4.58500000000E+05	2.183283E-03	-9.446563E+01
4.60368750000E+05	4.290880E-03	1.534965E+02
4.62237500000E+05	5.632694E-03	6.359717E+01
4.64106250000E+05	8.762578E-03	8.971632E+01
4.65975000000E+05	2.032022E-03	6.848026E+01
4.67843750000E+05	3.903225E-03	1.273772E+02
4.69712500000E+05	2.362025E-03	1.131261E+02
4.71581250000E+05	4.888239E-03	9.979288E+01
4.73450000000E+05	6.444107E-03	7.077724E+01
4.75318750000E+05	2.064004E-03	-1.489924E+02
4.77187500000E+05	1.666557E-03	1.585215E+02
4.79056250000E+05	5.390774E-03	6.548803E+01
4.80925000000E+05	2.370941E-03	2.294073E+01
4.82793750000E+05	1.180964E-03	1.219823E+02
4.84662500000E+05	2.704882E-03	3.749963E+01
4.86531250000E+05	2.204030E-03	-1.783051E+02
4.88400000000E+05	6.619494E-03	7.884003E+01
4.90268750000E+05	2.616797E-03	1.632707E+02
4.92137500000E+05	2.788966E-03	1.037334E+02
4.94006250000E+05	5.199035E-03	6.701767E+01
4.95875000000E+05	5.000811E-03	1.442316E+02
4.97743750000E+05	4.597810E-03	1.146876E+02
4.99612500000E+05	3.101811E-03	1.159900E+02
5.01481250000E+05	3.046211E-03	6.086259E+01
5.03350000000E+05	2.806014E-03	4.803958E+01
5.05218750000E+05	3.939476E-03	9.053691E+01
5.07087500000E+05	4.201467E-03	1.547577E+02
5.08956250000E+05	4.423517E-03	1.601250E+02
5.10825000000E+05	1.047925E-03	1.153082E+02
5.12693750000E+05	2.877981E-03	-1.333329E+02
5.14562500000E+05	1.386200E-03	6.344667E+01
5.16431250000E+05	4.919043E-03	4.803035E+01
5.18300000000E+05	2.606933E-03	-1.606990E+02
5.20168750000E+05	1.695435E-03	4.938459E+01
5.22037500000E+05	3.668825E-03	7.018602E+01
5.23906250000E+05	5.733867E-03	1.544179E+02
5.25775000000E+05	2.538359E-03	2.674075E+01
5.27643750000E+05	7.736959E-03	7.150895E+01
5.29512500000E+05	3.982229E-03	8.236908E+01
5.31381250000E+05	4.844711E-03	5.978881E+01
5.33250000000E+05	2.198235E-03	5.868542E+01
5.35118750000E+05	3.722977E-03	7.719978E+01
5.36987500000E+05	4.292830E-03	9.232114E+01
5.38856250000E+05	5.438572E-03	6.251709E+01
5.40725000000E+05	3.485969E-03	1.026399E+02
5.42593750000E+05	6.350483E-03	9.403010E+01
5.44462500000E+05	4.390019E-03	1.275730E+02
5.46331250000E+05	5.643031E-03	1.193450E+02
5.48200000000E+05	7.217837E-03	6.935471E+01
5.50068750000E+05	6.438863E-04	-1.592215E+02
5.51937500000E+05	3.665327E-03	1.049613E+02
5.53806250000E+05	7.566545E-04	8.819796E+01
5.55675000000E+05	2.231779E-03	1.253192E+02
5.57543750000E+05	2.503030E-03	1.254139E+02
5.59412500000E+05	4.623784E-03	7.435830E+01
5.61281250000E+05	3.040693E-03	1.245578E+02
5.63150000000E+05	9.923148E-04	5.337008E+01
5.65018750000E+05	2.904927E-03	1.479197E+02
5.66887500000E+05	2.418544E-03	1.082358E+02
5.68756250000E+05	4.434156E-03	7.654369E+01
5.70625000000E+05	4.948242E-03	-1.550382E+02
5.72493750000E+05	6.410242E-03	1.397200E+02
5.74362500000E+05	4.497356E-03	9.265151E+01
5.76231250000E+05	4.345195E-03	7.407676E+01
5.78100000000E+05	4.610553E-03	1.416894E+02
5.79968750000E+05	4.986054E-03	1.002297E+02
5.81837500000E+05	1.877768E-03	7.102307E+01
5.83706250000E+05	2.308424E-03	8.023509E+01
5.85575000000E+05	4.184799E-03	8.161395E+01
5.87443750000E+05	5.862872E-03	1.041904E+02
5.89312500000E+05	4.017253E-03	7.122511E+01
5.91181250000E+05	5.320128E-03	8.664001E+01
5.93050000000E+05	3.028320E-03	1.333740E+02
5.94918750000E+05	4.804962E-03	8.625156E+01
5.96787500000E+05	4.590321E-03	9.841961E+01
5.98656250000E+05	5.091877E-03	9.469626E+01
6.00525000000E+05	4.741080E-03	1.055742E+02
6.02393750000E+05	3.811558E-03	7.738659E+01
6.04262500000E+05	3.207371E-03	7.180651E+01
6.06131250000E+05	1.612362E-03	1.631803E+02
6.08000000000E+05	2.307360E-03	5.484512E+01
6.09868750000E+05	3.960115E-03	8.031677E+01
6.11737500000E+05	4.292011E-03	9.783403E+01
6.13606250000E+05	2.590075E-03	1.198084E+02
6.15475000000E+05	4.505257E-03	5.364547E+01
6.17343750000E+05	1.644468E-03	1.107300E+02
6.19212500000E+05	2.296663E-03	-1.421795E+02
6.21081250000E+05	3.125549E-03	7.116011E+01
6.22950000000E+05	3.655300E-03	7.860453E+01
6.24818750000E+05	2.198912E-03	1.705046E+02
6.26687500000E+05	5.076979E-03	1.096557E+02
6.28556250000E+05	5.532051E-03	4.170434E+01
6.30425000000E+05	6.152890E-03	1.163041E+02
6.32293750000E+05	1.113660E-03	-1.716090E+02
6.34162500000E+05	1.495113E-03	1.342978E+02
6.36031250000E+05	4.969936E-03	1.139608E+02
6.37900000000E+05	4.802379E-03	7.431448E+01
6.39768750000E+05	5.049503E-03	1.186378E+02
6.41637500000E+05	6.563270E-03	8.824334E+01
6.43506250000E+05	3.784943E-03	1.229161E+02
6.45375000000E+05	6.187454E-03	1.197219E+02
6.47243750000E+05	4.651409E-03	7.537776E+01
6.49112500000E+05	2.022215E-03	1.561035E+02
6.50981250000E+05	2.317691E-03	3.181509E+01
6.52850000000E+05	3.560562E-03	6.640688E+01
6.54718750000E+05	6.170488E-03	1.125115E+02
6.56587500000E+05	2.630634E-03	9.668073E+01
6.58456250000E+05	5.544036E-03	5.485506E+01
6.60325000000E+05	3.296850E-03	1.225132E+02
6.62193750000E+05	6.328373E-03	7.385670E+01
6.64062500000E+05	4.568881E-03	1.176551E+02
6.65931250000E+05	1.187532E-03	1.222547E+02
6.67800000000E+05	4.587283E-03	8.993724E+01
6.69668750000E+05	4.349176E-03	8.049743E+01
6.71537500000E+05	7.914389E-03	1.142707E+02
6.73406250000E+05	3.478810E-03	1.158485E+02
6.75275000000E+05	6.239147E-03	8.549847E+01
6.77143750000E+05	3.670022E-03	1.049503E+02
6.79012500000E+05	5.980560E-03	1.314913E+02
6.80881250000E+05	6.883329E-03	1.121403E+02
6.82750000000E+05	2.690551E-03	1.759166E+02
6.84618750000E+05	2.228294E-03	9.171052E+01
6.86487500000E+05	5.679880E-03	1.271662E+02
6.88356250000E+05	3.003404E-03	7.884018E+01
6.90225000000E+05	3.726125E-03	7.306168E+01
6.92093750000E+05	1.965701E-03	1.118728E+02
6.93962500000E+05	3.091665E-03	1.043528E+02
6.95831250000E+05	2.905492E-03	7.160786E+01
6.97700000000E+05	4.857892E-04	6.441065E+00
6.99568750000E+05	4.250559E-03	8.467019E+01
7.01437500000E+05	4.830235E-03	1.142331E+02
7.03306250000E+05	5.267741E-03	7.255843E+01
7.05175000000E+05	2.262244E-03	7.755449E+01
7.07043750000E+05	5.387326E-03	8.714167E+01
7.08912500000E+05	6.427996E-03	1.049249E+02
7.10781250000E+05	5.904803E-03	1.259192E+02
7.12650000000E+05	4.116938E-03	1.020626E+02
7.14518750000E+05	2.954910E-03	1.354877E+02
7.16387500000E+05	4.628949E-03	6.616354E+01
7.18256250000E+05	3.846409E-03	8.873959E+01
7.20125000000E+05	9.417888E-04	-1.384049E+01
7.21993750000E+05	2.757284E-03	8.619431E+01
7.23862500000E+05	1.924746E-03	9.966683E+01
7.25731250000E+05	2.365268E-03	2.690582E+01
7.27600000000E+05	5.417523E-03	1.293421E+02
7.29468750000E+05	3.004386E-03	8.685555E+01
7.31337500000E+05	2.941210E-03	5.305351E+01
7.33206250000E+05	4.431416E-03	6.115631E+01
7.35075000000E+05	2.833919E-03	1.490299E+02
7.36943750000E+05	7.564007E-03	1.203806E+02
7.38812500000E+05	4.220883E-03	6.838658E+01
7.40681250000E+05	1.709693E-03	1.066349E+02
7.42550000000E+05	1.193770E-03	5.382877E+01
7.44418750000E+05	2.554744E-03	6.085883E+01
7.46287500000E+05	4.742074E-03	1.381932E+02
7.48156250000E+05	2.720682E-03	4.912342E+01
7.50025000000E+05	3.844517E-03	1.132455E+02
7.51893750000E+05	3.075138E-03	8.029769E+01
7.53762500000E+05	5.301417E-03	6.762532E+01
7.55631250000E+05	2.392831E-03	1.277721E+02
7.57500000000E+05	6.985629E-03	1.320560E+02
7.59368750000E+05	3.300239E-03	1.354283E+02
7.61237500000E+05	5.231987E-03	1.002899E+02
7.63106250000E+05	3.034888E-03	6.129571E+01
7.64975000000E+05	2.550816E-03	1.145577E+02
7.66843750000E+05	4.815905E-03	1.074156E+02
7.68712500000E+05	5.240700E-03	9.800008E+01
7.70581250000E+05	4.530712E-03	1.028813E+02
7.72450000000E+05	4.175433E-03	1.035971E+02
7.74318750000E+05	5.793564E-03	9.793832E+01
7.76187500000E+05	4.758939E-03	1.173658E+02
7.78056250000E+05	4.921838E-03	1.081985E+02
7.79925000000E+05	3.434196E-03	1.430042E+02
7.81793750000E+05	3.120596E-03	2.730095E+01
7.83662500000E+05	3.879688E-03	1.387565E+02
7.85531250000E+05	3.295361E-03	9.804124E+01
7.87400000000E+05	2.767502E-03	7.511530E+01
7.89268750000E+05	3.466806E-03	1.208417E+02
7.91137500000E+05	3.530589E-03	3.806525E+01
7.93006250000E+05	4.483947E-03	5.764790E+01
7.94875000000E+05	3.749919E-03	1.190270E+02
7.96743750000E+05	4.872997E-03	7.223305E+01
7.98612500000E+05	5.043369E-03	1.203239E+02
8.00481250000E+05	1.017513E-03	2.616124E+01
8.02350000000E+05	1.838588E-03	1.505944E+02
8.04218750000E+05	3.820984E-03	1.297214E+02
8.06087500000E+05	5.322063E-03	8.482842E+01
8.07956250000E+05	4.938775E-03	6.274229E+01
8.09825000000E+05	3.662503E-03	1.540811E+02
8.11693750000E+05	5.228349E-03	8.217282E+01
8.13562500000E+05	4.732785E-03	9.039155E+01
8.15431250000E+05	6.099507E-03	1.297997E+02
8.17300000000E+05	6.491115E-03	1.215468E+02
8.19168750000E+05	3.512473E-03	1.289279E+02
8.21037500000E+05	4.511748E-03	1.205489E+02
8.22906250000E+05	2.893007E-03	7.927782E+01
8.24775000000E+05	3.921957E-03	1.501310E+02
8.26643750000E+05	5.189533E-03	1.094994E+02
8.28512500000E+05	2.010540E-03	1.484047E+02
8.30381250000E+05	4.574461E-03	1.002723E+02
8.32250000000E+05	5.083211E-03	1.073006E+02
8.34118750000E+05	5.706764E-03	9.936108E+01
8.35987500000E+05	3.182250E-03	7.753313E+01
8.37856250000E+05	1.667768E-03	-1.760793E+02
8.39725000000E+05	2.406737E-03	8.471874E+01
8.41593750000E+05	2.496693E-03	7.722729E+01
8.43462500000E+05	2.321162E-03	1.236552E+02
8.45331250000E+05	5.175923E-03	1.421783E+02
8.47200000000E+05	3.029264E-03	1.063677E+02
8.49068750000E+05	4.173342E-03	8.289500E+01
8.50937500000E+05	3.117829E-03	1.012036E+02
8.52806250000E+05	3.151567E-03	1.242462E+02
8.54675000000E+05	6.113853E-04	-1.747268E+02
8.56543750000E+05	2.994068E-03	1.439052E+02
8.58412500000E+05	3.683238E-03	1.245341E+02
8.60281250000E+05	3.216495E-03	1.374913E+02
8.62150000000E+05	6.612770E-03	9.327753E+01
8.64018750000E+05	1.051167E-03	1.480526E+02
8.65887500000E+05	3.030139E-03	1.281731E+02
8.67756250000E+05	4.709089E-03	1.072397E+02
8.69625000000E+05	5.280649E-03	9.950938E+01
8.71493750000E+05	3.563161E-03	7.451324E+01
8.73362500000E+05	1.699689E-03	1.187484E+02
8.75231250000E+05	5.167156E-03	1.054670E+02
8.77100000000E+05	3.688182E-03	8.336416E+01
8.78968750000E+05	3.694093E-03	1.038650E+02
8.80837500000E+05	4.355835E-03	9.008648E+01
8.82706250000E+05	3.513549E-03	1.170513E+02
8.84575000000E+05	6.173893E-03	8.332446E+01
8.86443750000E+05	5.099751E-03	9.518890E+01
8.88312500000E+05	4.708929E-03	9.681194E+01
8.90181250000E+05	4.357935E-03	9.976127E+01
8.92050000000E+05	5.110639E-03	9.141328E+01
8.93918750000E+05	3.928113E-03	1.151659E+02
8.95787500000E+05	4.808973E-03	1.408579E+02
8.97656250000E+05	3.729269E-03	8.726079E+01
8.99525000000E+05	2.865885E-03	9.099325E+01
9.01393750000E+05	4.983677E-03	1.186757E+02
9.03262500000E+05	6.009000E-03	8.669949E+01
9.05131250000E+05	6.322831E-03	9.399695E+01
9.07000000000E+05	2.544393E-04	-9.680832E+01
9.08868750000E+05	7.023191E-03	9.056934E+01
9.10737500000E+05	8.459225E-03	9.439274E+01
9.12606250000E+05	3.747594E-03	9.640876E+01
9.14475000000E+05	3.500204E-03	1.401074E+02
9.16343750000E+05	5.412526E-03	1.086745E+02
9.18212500000E+05	4.417220E-03	5.650798E+01
9.20081250000E+05	3.912907E-03	1.227958E+02
9.21950000000E+05	3.785753E-03	1.300252E+02
9.23818750000E+05	5.041711E-03	1.177944E+02
9.25687500000E+05	4.810635E-03	1.331153E+02
9.27556250000E+05	3.398063E-03	7.696590E+01
9.29425000000E+05	2.580862E-03	8.670278E+01
9.31293750000E+05	3.051761E-03	7.532802E+01
9.33162500000E+05	4.061961E-03	1.121055E+02
9.35031250000E+05	5.348714E-03	9.792760E+01
9.36900000000E+05	3.686162E-03	1.096300E+02
9.38768750000E+05	3.701607E-03	1.027710E+02
9.40637500000E+05	5.523756E-03	9.879547E+01
9.42506250000E+05	3.600516E-03	9.093721E+01
9.44375000000E+05	5.362985E-03	7.430455E+01
9.46243750000E+05	4.423993E-03	9.541212E+01
9.48112500000E+05	4.939138E-03	1.184819E+02
9.49981250000E+05	3.265659E-03	1.526643E+02
9.51850000000E+05	4.720690E-03	9.765941E+01
9.53718750000E+05	2.484953E-03	1.246590E+02
9.55587500000E+05	3.216839E-03	8.427435E+01
9.57456250000E+05	4.065762E-03	1.132361E+02
9.59325000000E+05	3.709073E-03	8.681567E+01
9.61193750000E+05	6.349842E-03	1.166656E+02
9.63062500000E+05	2.953250E-03	7.212854E+01
9.64931250000E+05	4.968566E-03	8.724187E+01
9.66800000000E+05	1.651363E-03	1.059256E+02
9.68668750000E+05	5.646582E-03	8.581464E+01
9.70537500000E+05	4.969749E-03	1.054538E+02
9.72406250000E+05	2.685398E-03	1.274190E+02
9.74275000000E+05	3.510099E-03	5.859738E+01
9.76143750000E+05	4.908318E-03	9.101222E+01
9.78012500000E+05	4.006528E-03	1.190071E+02
9.79881250000E+05	2.806747E-03	9.698539E+01
9.81750000000E+05	3.784070E-03	1.094744E+02
9.83618750000E+05	6.450715E-03	7.904545E+01
9.85487500000E+05	5.271805E-03	9.571265E+01
9.87356250000E+05	5.323818E-03	1.187598E+02
9.89225000000E+05	4.219705E-03	9.610345E+01
9.91093750000E+05	3.564355E-03	7.191068E+01
9.92962500000E+05	4.825631E-03	1.356015E+02
9.94831250000E+05	2.897689E-03	1.048073E+02
9.96700000000E+05	3.231159E-03	1.916687E+01
9.98568750000E+05	3.359135E-03	9.218326E+01
1.00043750000E+06	4.514381E-03	7.839112E+01
1.00230625000E+06	4.111075E-03	9.972004E+01
1.00417500000E+06	4.842856E-03	9.290924E+01
1.00604375000E+06	3.744241E-03	1.217072E+02
1.00791250000E+06	7.170003E-03	5.861687E+01
1.00978125000E+06	6.608480E-03	7.818600E+01
1.01165000000E+06	2.703586E-03	8.622906E+01
1.01351875000E+06	4.509764E-03	6.801600E+01
1.01538750000E+06	3.612226E-03	1.079662E+02
1.01725625000E+06	4.059304E-03	1.137311E+02
1.01912500000E+06	5.789901E-03	9.734014E+01
1.02099375000E+06	3.505494E-03	6.520895E+01
1.02286250000E+06	4.595901E-03	8.996081E+01
1.02473125000E+06	2.444859E-03	3.538428E+01
1.02660000000E+06	6.068550E-03	1.293154E+02
1.02846875000E+06	3.419385E-03	1.081609E+02
1.03033750000E+06	6.643016E-03	1.105990E+02
1.03220625000E+06	4.874250E-03	1.287916E+02
1.03407500000E+06	4.868182E-03	1.375873E+02
1.03594375000E+06	6.046799E-03	1.160629E+02
1.03781250000E+06	4.858904E-03	9.471447E+01
1.03968125000E+06	4.170503E-03	1.086927E+02
1.04155000000E+06	2.029441E-03	6.835843E+01
1.04341875000E+06	6.016595E-03	1.211933E+02
1.04528750000E+06	3.578593E-03	1.378323E+02
1.04715625000E+06	5.608389E-03	1.024163E+02
1.04902500000E+06	4.421253E-03	9.573289E+01
1.05089375000E+06	2.782397E-03	1.037949E+02
1.05276250000E+06	2.513059E-03	7.968550E+01
1.05463125000E+06	2.659734E-03	8.154100E+01
1.05650000000E+06	4.572582E-03	1.125396E+02
1.05836875000E+06	3.433794E-03	9.170118E+01
1.06023750000E+06	3.449703E-03	1.286050E+02
1.06210625000E+06	3.850454E-03	8.697076E+01
1.06397500000E+06	4.665273E-03	1.032580E+02
1.06584375000E+06	6.165581E-03	1.299950E+02
1.06771250000E+06	3.885231E-03	1.103993E+02
1.06958125000E+06	6.775395E-03	9.181505E+01
1.07145000000E+06	6.310186E-03	8.535202E+01
1.07331875000E+06	4.573731E-03	1.086930E+02
1.07518750000E+06	6.322278E-03	1.199181E+02
1.07705625000E+06	4.730642E-03	9.583479E+01
1.07892500000E+06	5.160940E-03	1.206088E+02
1.08079375000E+06	2.714525E-03	1.290567E+02
1.08266250000E+06	2.407915E-03	8.713362E+01
1.08453125000E+06	4.431126E-03	1.097083E+02
1.08640000000E+06	6.568009E-03	1.181753E+02
1.08826875000E+06	2.462995E-03	1.278253E+02
1.09013750000E+06	7.126999E-03	1.034406E+02
1.09200625000E+06	3.110332E-03	1.593064E+02
1.09387500000E+06	4.372956E-03	1.097570E+02
1.09574375000E+06	5.126432E-03	9.429366E+01
1.09761250000E+06	9.040070E-03	1.284464E+02
1.09948125000E+06	6.313770E-03	1.083214E+02
1.10135000000E+06	2.091822E-03	9.948908E+01
1.10321875000E+06	4.461144E-03	1.259321E+02
1.10508750000E+06	6.936288E-03	9.276706E+01
1.10695625000E+06	4.526406E-03	9.563416E+01
1.10882500000E+06	5.134143E-03	9.343282E+01
1.11069375000E+06	2.693234E-03	1.152135E+02
1.11256250000E+06	5.638257E-03	1.211610E+02
1.11443125000E+06	7.453535E-03	1.092882E+02
1.11630000000E+06	6.507511E-03	1.142809E+02
1.11816875000E+06	4.634621E-03	1.483893E+02
1.12003750000E+06	6.717122E-03	1.027754E+02
1.12190625000E+06	5.310505E-03	1.008696E+02
1.12377500000E+06	2.949917E-03	6.243155E+01
1.12564375000E+06	4.491771E-03	1.143988E+02
1.12751250000E+06	2.915974E-03	1.017096E+02
1.12938125000E+06	3.853882E-03	1.224501E+02
1.13125000000E+06	5.020116E-03	1.103612E+02
1.13311875000E+06	4.106030E-03	7.723740E+01
1.13498750000E+06	4.407328E-03	9.647173E+01
1.13685625000E+06	5.445203E-03	1.074651E+02
1.13872500000E+06	5.269046E-03	1.042193E+02
1.14059375000E+06	5.753072E-03	1.119677E+02
1.14246250000E+06	1.209649E-03	1.129322E+02
1.14433125000E+06	4.589457E-03	1.143323E+02
1.14620000000E+06	5.392269E-03	1.016464E+02
1.14806875000E+06	5.928457E-03	1.165470E+02
1.14993750000E+06	4.552509E-03	9.397465E+01
1.15180625000E+06	5.703870E-03	1.185321E+02
1.15367500000E+06	5.677035E-03	8.180540E+01
1.15554375000E+06	5.994799E-03	1.185252E+02
1.15741250000E+06	3.910854E-03	9.251154E+01
1.15928125000E+06	4.279173E-03	1.528849E+02
1.16115000000E+06	3.214579E-03	1.218949E+02
1.16301875000E+06	7.186972E-03	1.242151E+02
1.16488750000E+06	5.686622E-03	7.649865E+01
1.16675625000E+06	4.735094E-03	1.334861E+02
1.16862500000E+06	3.431201E-03	1.412760E+02
1.17049375000E+06	5.838891E-03	1.063824E+02
1.17236250000E+06	3.214550E-03	8.597690E+01
1.17423125000E+06	4.910703E-03	9.854884E+01
1.17610000000E+06	5.474203E-03	1.429975E+02
1.17796875000E+06	4.132712E-03	1.298049E+02
1.17983750000E+06	5.269994E-03	1.195102E+02
1.18170625000E+06	4.048591E-03	7.471519E+01
1.18357500000E+06	3.621596E-03	1.141193E+02
1.18544375000E+06	5.755685E-03	1.136176E+02
1.18731250000E+06	3.825982E-03	1.011320E+02
1.18918125000E+06	3.349532E-03	1.025081E+02
1.19105000000E+06	5.848479E-03	1.218649E+02
1.19291875000E+06	3.824709E-03	1.335525E+02
1.19478750000E+06	3.102585E-03	9.687463E+01
1.19665625000E+06	4.020360E-03	1.020205E+02
1.19852500000E+06	4.519850E-03	1.107849E+02
1.20039375000E+06	4.066279E-03	9.736994E+01
1.20226250000E+06	4.452185E-03	1.254501E+02
1.20413125000E+06	3.582941E-03	9.665823E+01
1.20600000000E+06	5.019885E-03	1.071121E+02
1.20786875000E+06	2.983823E-03	8.990878E+01
1.20973750000E+06	2.490207E-03	1.383425E+02
1.21160625000E+06	3.331843E-03	9.153945E+01
1.21347500000E+06	4.722494E-03	9.077564E+01
1.21534375000E+06	3.505314E-03	1.323903E+02
1.21721250000E+06	7.143421E-03	1.000563E+02
1.21908125000E+06	5.126084E-03	1.347494E+02
1.22095000000E+06	4.985841E-03	1.147647E+02
1.22281875000E+06	4.143308E-03	9.188132E+01
1.22468750000E+06	4.163196E-03	1.182861E+02
1.22655625000E+06	6.075826E-03	1.142929E+02
1.22842500000E+06	5.873208E-03	1.146810E+02
1.23029375000E+06	3.264935E-03	1.141262E+02
1.23216250000E+06	4.797037E-04	7.629842E+01
1.23403125000E+06	4.686615E-03	1.373133E+02
1.23590000000E+06	3.140211E-03	1.381864E+02
1.23776875000E+06	2.611785E-03	1.023778E+02
1.23963750000E+06	2.804275E-03	7.434750E+01
1.24150625000E+06	3.688002E-03	7.547653E+01
1.24337500000E+06	5.554527E-03	8.653707E+01
1.24524375000E+06	3.160452E-03	1.195271E+02
1.24711250000E+06	5.930591E-03	1.028937E+02
1.24898125000E+06	2.538259E-03	1.281578E+02
1.25085000000E+06	3.991525E-03	1.283647E+02
1.25271875000E+06	3.478921E-03	9.780153E+01
1.25458750000E+06	4.184305E-03	1.126021E+02
1.25645625000E+06	2.688013E-03	9.130951E+01
1.25832500000E+06	4.382668E-03	1.139710E+02
1.26019375000E+06	5.635170E-03	1.401059E+02
1.26206250000E+06	2.934724E-03	1.236132E+02
1.26393125000E+06	4.937979E-03	1.016313E+02
1.26580000000E+06	6.376344E-03	1.277563E+02
1.26766875000E+06	3.401437E-03	1.307909E+02
1.26953750000E+06	4.306498E-03	1.166258E+02
1.27140625000E+06	4.654801E-03	1.118319E+02
1.27327500000E+06	4.719053E-03	1.062498E+02
1.27514375000E+06	3.117353E-03	6.622839E+01
1.27701250000E+06	6.083047E-03	1.191081E+02
1.27888125000E+06	3.394054E-03	1.224007E+02
1.28075000000E+06	3.935548E-03	1.202564E+02
1.28261875000E+06	6.706769E-03	1.176558E+02
1.28448750000E+06	6.509925E-03	1.192035E+02
1.28635625000E+06	6.229715E-03	1.302694E+02
1.28822500000E+06	5.263533E-03	1.580289E+02
1.29009375000E+06	5.162257E-03	1.135188E+02
1.29196250000E+06	3.362363E-03	1.235380E+02
1.29383125000E+06	3.907491E-03	1.242679E+02
1.29570000000E+06	4.046853E-03	1.138179E+02
1.29756875000E+06	6.011801E-03	9.627312E+01
1.29943750000E+06	5.860404E-03	1.248918E+02
1.30130625000E+06	2.669406E-03	1.126853E+02
1.30317500000E+06	4.231529E-03	1.210653E+02
1.30504375000E+06	5.451825E-03	1.364527E+02
1.30691250000E+06	5.065490E-03	1.077502E+02
1.30878125000E+06	5.223323E-03	1.281592E+02
1.31065000000E+06	6.330292E-03	8.251375E+01
1.31251875000E+06	3.289790E-03	1.222386E+02
1.31438750000E+06	4.266988E-03	1.129003E+02
1.31625625000E+06	4.374859E-03	1.025362E+02
1.31812500000E+06	4.378780E-03	1.096355E+02
1.31999375000E+06	5.111356E-03	1.366240E+02
1.32186250000E+06	3.067343E-03	1.269815E+02
1.32373125000E+06	5.973732E-03	1.017729E+02
1.32560000000E+06	5.506007E-03	1.156315E+02
1.32746875000E+06	6.088987E-03	1.279843E+02
1.32933750000E+06	2.850138E-03	1.233564E+02
1.33120625000E+06	3.775782E-03	1.196237E+02
1.33307500000E+06	5.077614E-03	1.190192E+02
1.33494375000E+06	4.774704E-03	9.614827E+01
1.33681250000E+06	5.014068E-03	1.204585E+02
1.33868125000E+06	6.185966E-03	1.203070E+02
1.34055000000E+06	4.721112E-03	1.356967E+02
1.34241875000E+06	3.958404E-03	1.511815E+02
1.34428750000E+06	5.801976E-03	1.341236E+02
1.34615625000E+06	4.849156E-03	1.220659E+02
1.34802500000E+06	2.569681E-03	5.698390E+01
1.34989375000E+06	6.563509E-03	1.135918E+02
1.35176250000E+06	5.820865E-03	9.172046E+01
1.35363125000E+06	3.709172E-03	1.196435E+02
1.35550000000E+06	5.570964E-03	1.204888E+02
1.35736875000E+06	3.122389E-03	9.976809E+01
1.35923750000E+06	5.244766E-03	1.020717E+02
1.36110625000E+06	3.867961E-03	1.587988E+02
1.36297500000E+06	3.819528E-03	1.168387E+02
1.36484375000E+06	4.083192E-03	1.347323E+02
1.36671250000E+06	4.129039E-03	1.185041E+02
1.36858125000E+06	4.072912E-03	1.324144E+02
1.37045000000E+06	5.925427E-03	1.258717E+02
1.37231875000E+06	5.095008E-03	1.212819E+02
1.37418750000E+06	4.049737E-03	1.484027E+02
1.37605625000E+06	3.221626E-03	1.394850E+02
1.37792500000E+06	3.399200E-03	1.136245E+02
1.37979375000E+06	5.223967E-03	9.475539E+01
1.38166250000E+06	5.954191E-03	1.445636E+02
1.38353125000E+06	5.371718E-03	1.219769E+02
1.38540000000E+06	3.547894E-03	9.667099E+01
1.38726875000E+06	3.468569E-03	1.024578E+02
1.38913750000E+06	5.736097E-03	1.112211E+02
1.39100625000E+06	3.997004E-03	1.421951E+02
1.39287500000E+06	4.424933E-03	1.414998E+02
1.39474375000E+06	4.096914E-03	1.190676E+02
1.39661250000E+06	4.011899E-03	1.084933E+02
1.39848125000E+06	6.137837E-03	8.859593E+01
1.40035000000E+06	4.897507E-03	1.248946E+02
1.40221875000E+06	5.195064E-03	1.065954E+02
1.40408750000E+06	5.905366E-03	1.082529E+02
1.40595625000E+06	4.971698E-03	1.179169E+02
1.40782500000E+06	4.827987E-03	1.239464E+02
1.40969375000E+06	3.889272E-03	1.555780E+02
1.41156250000E+06	4.626226E-03	1.650391E+02
1.41343125000E+06	5.665693E-03	1.143761E+02
1.41530000000E+06	8.962809E-03	1.211678E+02
1.41716875000E+06	6.572471E-03	1.294298E+02
1.41903750000E+06	6.334618E-03	1.271950E+02
1.42090625000E+06	4.578603E-03	1.243155E+02
1.42277500000E+06	3.804711E-03	1.233115E+02
1.42464375000E+06	3.778759E-03	1.055717E+02
1.42651250000E+06	4.557835E-03	1.349798E+02
1.42838125000E+06	5.491520E-03	1.460951E+02
1.43025000000E+06	6.626999E-03	1.070335E+02
1.43211875000E+06	2.807443E-03	1.271037E+02
1.43398750000E+06	4.830625E-03	1.334224E+02
1.43585625000E+06	3.853020E-03	9.156409E+01
1.43772500000E+06	3.815345E-03	1.497443E+02
1.43959375000E+06	5.327830E-03	1.325578E+02
1.44146250000E+06	5.105946E-03	1.242588E+02
1.44333125000E+06	3.412233E-03	1.153792E+02
1.44520000000E+06	5.214483E-03	1.240285E+02
1.44706875000E+06	3.811924E-03	1.536414E+02
1.44893750000E+06	3.837381E-03	9.932445E+01
1.45080625000E+06	4.083843E-03	1.144080E+02
1.45267500000E+06	3.574598E-03	1.338923E+02
1.45454375000E+06	5.055588E-03	1.437967E+02
1.45641250000E+06	5.849415E-03	1.089350E+02
1.45828125000E+06	4.364650E-03	1.113857E+02
1.46015000000E+06	6.078098E-03	1.166610E+02
1.46201875000E+06	5.001426E-03	1.433231E+02
1.46388750000E+06	3.172563E-03	1.232923E+02
1.46575625000E+06	2.690328E-03	9.420104E+01
1.46762500000E+06	3.229680E-03	1.259038E+02
1.46949375000E+06	6.706450E-03	1.228377E+02
1.47136250000E+06	4.842170E-03	1.199414E+02
1.47323125000E+06	5.095458E-03	1.354649E+02
1.47510000000E+06	3.869204E-03	1.373898E+02
1.47696875000E+06	4.634900E-03	1.018528E+02
1.47883750000E+06	3.018175E-03	1.160025E+02
1.48070625000E+06	5.843909E-03	1.252792E+02
1.48257500000E+06	4.708096E-03	1.365613E+02
1.48444375000E+06	2.608136E-03	1.248590E+02
1.48631250000E+06	4.837929E-03	1.297815E+02
1.48818125000E+06	3.520579E-03	1.201857E+02
1.49005000000E+06	6.465679E-03	1.203441E+02
1.49191875000E+06	4.062613E-03	1.262992E+02
1.49378750000E+06	4.905001E-03	1.191672E+02
1.49565625000E+06	3.878542E-03	1.159221E+02
1.49752500000E+06	4.791094E-03	1.138436E+02
1.49939375000E+06	4.873894E-03	1.252608E+02
1.50126250000E+06	4.587180E-03	1.242409E+02
1.50313125000E+06	4.975304E-03	1.336303E+02
1.50500000000E+06	5.824797E-03	1.337664E+02
1.50686875000E+06	5.523947E-03	1.245820E+02
1.50873750000E+06	4.179878E-03	1.358262E+02
1.51060625000E+06	2.867646E-03	1.272604E+02
1.51247500000E+06	3.136402E-03	1.346585E+02
1.51434375000E+06	5.437095E-03	1.023912E+02
1.51621250000E+06	5.601860E-03	1.263349E+02
1.51808125000E+06	3.412851E-03	1.368770E+02
1.51995000000E+06	2.089018E-03	1.363727E+02
1.52181875000E+06	3.174155E-03	1.572684E+02
1.52368750000E+06	4.051918E-03	1.239400E+02
1.52555625000E+06	3.105554E-03	1.363396E+02
1.52742500000E+06	2.470467E-03	1.162443E+02
1.52929375000E+06	5.204288E-03	1.053940E+02
1.53116250000E+06	4.299089E-03	1.129715E+02
1.53303125000E+06	5.718752E-03	1.467113E+02
1.53490000000E+06	2.502577E-03	1.066126E+02
1.53676875000E+06	2.806618E-03	1.163374E+02
1.53863750000E+06	1.341439E-03	1.495871E+02
1.54050625000E+06	1.550453E-03	1.470301E+02
1.54237500000E+06	3.096698E-03	1.189728E+02
1.54424375000E+06	3.981642E-03	1.271776E+02
1.54611250000E+06	3.614746E-03	1.225780E+02
1.54798125000E+06	3.274958E-03	1.211566E+02
1.54985000000E+06	4.638684E-03	1.484100E+02
1.55171875000E+06	3.187503E-03	1.386762E+02
1.55358750000E+06	3.186257E-03	1.414644E+02
1.55545625000E+06	3.903498E-03	1.346528E+02
1.55732500000E+06	3.767281E-03	1.488430E+02
1.55919375000E+06	3.123007E-03	1.252226E+02
1.56106250000E+06	7.043252E-03	1.389193E+02
1.56293125000E+06	3.676135E-03	1.056789E+02
1.56480000000E+06	4.771211E-03	1.125757E+02
1.56666875000E+06	5.317542E-03	1.579495E+02
1.56853750000E+06	5.544999E-03	1.445055E+02
1.57040625000E+06	4.285088E-03	1.373291E+02
1.57227500000E+06	4.373399E-03	1.083788E+02
1.57414375000E+06	3.530141E-03	1.582047E+02
1.57601250000E+06	5.093589E-03	1.555689E+02
1.57788125000E+06	5.288792E-03	1.109066E+02
1.57975000000E+06	3.611245E-03	1.342982E+02
1.58161875000E+06	4.906537E-03	1.503678E+02
1.58348750000E+06	3.940540E-03	1.580819E+02
1.58535625000E+06	3.990710E-03	1.231134E+02
1.58722500000E+06	3.479182E-03	1.664702E+02
1.58909375000E+06	3.006180E-03	1.719984E+02
1.59096250000E+06	4.517491E-03	1.363429E+02
1.59283125000E+06	5.618662E-03	1.326788E+02
1.59470000000E+06	3.715395E-03	1.089205E+02
1.59656875000E+06	4.016826E-03	1.518501E+02
1.59843750000E+06	4.484016E-03	1.301737E+02
1.60030625000E+06	5.358838E-03	1.258839E+02
1.60217500000E+06	3.699294E-03	1.463385E+02
1.60404375000E+06	5.124401E-03	1.487135E+02
1.60591250000E+06	5.285524E-03	1.272474E+02
1.60778125000E+06	4.183193E-03	1.227548E+02
1.60965000000E+06	5.277582E-03	1.378459E+02
1.61151875000E+06	2.528189E-03	1.280803E+02
1.61338750000E+06	2.890545E-03	1.186458E+02
1.61525625000E+06	4.860724E-03	1.180128E+02
1.61712500000E+06	4.775452E-03	1.270145E+02
1.61899375000E+06	5.910682E-03	1.263134E+02
1.62086250000E+06	5.035894E-03	1.390110E+02
1.62273125000E+06	5.321284E-03	1.378823E+02
1.62460000000E+06	2.785054E-03	1.264605E+02
1.62646875000E+06	5.166690E-03	1.369534E+02
1.62833750000E+06	4.506844E-03	1.244467E+02
1.63020625000E+06	4.608521E-03	1.178385E+02
1.63207500000E+06	4.057667E-03	1.335847E+02
1.63394375000E+06	4.388388E-03	1.419355E+02
1.63581250000E+06	3.612434E-03	1.226005E+02
1.63768125000E+06	6.643662E-03	1.401456E+02
1.63955000000E+06	4.724346E-03	1.322586E+02
1.64141875000E+06	3.262226E-03	1.292311E+02
1.64328750000E+06	5.114431E-03	1.398805E+02
1.64515625000E+06	5.022943E-03	1.232415E+02
1.64702500000E+06	4.687373E-03	1.274700E+02
1.64889375000E+06	3.580443E-03	1.571217E+02
1.65076250000E+06	4.633113E-03	1.688411E+02
1.65263125000E+06	3.886881E-03	1.194064E+02
1.65450000000E+06	4.245028E-03	1.408330E+02
1.65636875000E+06	4.600256E-03	1.538472E+02
1.65823750000E+06	3.828931E-03	1.403202E+02
1.66010625000E+06	3.586106E-03	1.339814E+02
1.66197500000E+06	5.268963E-03	1.248112E+02
1.66384375000E+06	3.520479E-03	1.075831E+02
1.66571250000E+06	4.804750E-03	1.475543E+02
1.66758125000E+06	4.068199E-03	1.266635E+02
1.66945000000E+06	6.833148E-03	1.382695E+02
1.67131875000E+06	2.856384E-03	1.404713E+02
1.67318750000E+06	3.242284E-03	1.542942E+02
1.67505625000E+06	3.224998E-03	1.315138E+02
1.67692500000E+06	5.077144E-03	1.388199E+02
1.67879375000E+06	4.571531E-03	1.393578E+02
1.68066250000E+06	5.742225E-03	1.157143E+02
1.68253125000E+06	4.685274E-03	1.405998E+02
1.68440000000E+06	3.097561E-03	1.430500E+02
1.68626875000E+06	3.847771E-03	1.436590E+02
1.68813750000E+06	5.998289E-03	1.342081E+02
1.69000625000E+06	4.259725E-03	1.210639E+02
1.69187500000E+06	4.123704E-03	1.159801E+02
1.69374375000E+06	4.264872E-03	1.195593E+02
1.69561250000E+06	4.058138E-03	1.069250E+02
1.69748125000E+06	4.722352E-03	1.119906E+02
1.69935000000E+06	5.376991E-03	1.172237E+02
1.70121875000E+06	4.589572E-03	1.081963E+02
1.70308750000E+06	3.890069E-03	1.182766E+02
1.70495625000E+06	4.159860E-03	1.281052E+02
1.70682500000E+06	4.630018E-03	1.380755E+02
1.70869375000E+06	2.307603E-03	1.271320E+02
1.71056250000E+06	4.061564E-03	8.017060E+01
1.71243125000E+06	3.902755E-03	1.369163E+02
1.71430000000E+06	3.044898E-03	1.182384E+02
1.71616875000E+06	3.641397E-03	1.168747E+02
1.71803750000E+06	3.050237E-03	1.354681E+02
1.71990625000E+06	4.237704E-03	1.385732E+02
1.72177500000E+06	6.800041E-03	1.425462E+02
1.72364375000E+06	6.032582E-03	1.534773E+02
1.72551250000E+06	3.808407E-03	1.190305E+02
1.72738125000E+06	5.837768E-03	1.666155E+02
1.72925000000E+06	4.176469E-03	1.340869E+02
1.73111875000E+06	4.360754E-03	1.387484E+02
1.73298750000E+06	1.739645E-03	1.730581E+02
1.73485625000E+06	4.936719E-03	1.164990E+02
1.73672500000E+06	4.339008E-03	1.425601E+02
1.73859375000E+06	3.733800E-03	1.022171E+02
1.74046250000E+06	4.159839E-03	1.314335E+02
1.74233125000E+06	3.628753E-03	1.527977E+02
1.74420000000E+06	3.252096E-03	1.154736E+02
1.74606875000E+06	3.880849E-03	1.294843E+02
1.74793750000E+06	5.743764E-03	1.563894E+02
1.74980625000E+06	4.428463E-03	1.382224E+02
1.75167500000E+06	4.398261E-03	1.383471E+02
1.75354375000E+06	3.920642E-03	1.318212E+02
1.75541250000E+06	4.583598E-03	1.418698E+02
1.75728125000E+06	4.136860E-03	1.187762E+02
1.75915000000E+06	4.901569E-03	1.364022E+02
1.76101875000E+06	2.894410E-03	1.399243E+02
1.76288750000E+06	4.057949E-03	1.488712E+02
1.76475625000E+06	3.960632E-03	1.621389E+02
1.76662500000E+06	4.375621E-03	1.490751E+02
1.76849375000E+06	4.875048E-03	1.471162E+02
1.77036250000E+06	2.402040E-03	1.301930E+02
1.77223125000E+06	4.677584E-03	1.304017E+02
1.77410000000E+06	6.828021E-03	1.420779E+02
1.77596875000E+06	4.169561E-03	1.442332E+02
1.77783750000E+06	5.980458E-03	1.426912E+02
1.77970625000E+06	3.846319E-03	1.406788E+02
1.78157500000E+06	3.921613E-03	1.556214E+02
1.78344375000E+06	5.669060E-03	1.555010E+02
1.78531250000E+06	4.740380E-03	1.437737E+02
1.78718125000E+06	2.965569E-03	1.708362E+02
1.78905000000E+06	2.770793E-03	1.261433E+02
1.79091875000E+06	3.795045E-03	1.199557E+02
1.79278750000E+06	3.950702E-03	1.384904E+02
1.79465625000E+06	4.539612E-03	1.418188E+02
1.79652500000E+06	5.005933E-03	1.528351E+02
1.79839375000E+06	4.636424E-03	1.588500E+02
1.80026250000E+06	6.087098E-03	1.529260E+02
1.80213125000E+06	6.386062E-03	1.603659E+02
1.80400000000E+06	5.137749E-03	1.369083E+02
1.80586875000E+06	3.238084E-03	1.640357E+02
1.80773750000E+06	5.834057E-03	1.611327E+02
1.80960625000E+06	2.718593E-03	1.271521E+02
1.81147500000E+06	4.778123E-03	1.428035E+02
1.81334375000E+06	6.433298E-03	1.286549E+02
1.81521250000E+06	3.850247E-03	1.474326E+02
1.81708125000E+06	3.679926E-03	1.532433E+02
1.81895000000E+06	7.140317E-03	1.343481E+02
1.82081875000E+06	2.439522E-03	1.715415E+02
1.82268750000E+06	4.779880E-03	1.474794E+02
1.82455625000E+06	6.549985E-03	1.500635E+02
1.82642500000E+06	4.072400E-03	1.386130E+02
1.82829375000E+06	5.760120E-03	1.424137E+02
1.83016250000E+06	5.046542E-03	1.774925E+02
1.83203125000E+06	5.472136E-03	1.535084E+02
1.83390000000E+06	3.993273E-03	1.418046E+02
1.83576875000E+06	4.479802E-03	1.561461E+02
1.83763750000E+06	1.258990E-03	1.378147E+02
1.83950625000E+06	3.615855E-03	1.292635E+02
1.84137500000E+06	5.656739E-03	1.569506E+02
1.84324375000E+06	5.090491E-03	1.397864E+02
1.84511250000E+06	6.568587E-03	1.454593E+02
1.84698125000E+06	3.277275E-03	1.302912E+02
1.84885000000E+06	7.089577E-03	1.389275E+02
1.85071875000E+06	4.328344E-03	1.648750E+02
1.85258750000E+06	3.716895E-03	1.558165E+02
1.85445625000E+06	4.856825E-03	1.331994E+02
1.85632500000E+06	2.653248E-03	1.381899E+02
1.85819375000E+06	3.596431E-03	1.696739E+02
1.86006250000E+06	4.841385E-03	1.371116E+02
1.86193125000E+06	3.014259E-03	1.421898E+02
1.86380000000E+06	3.598897E-03	1.701884E+02
1.86566875000E+06	2.910262E-03	1.560309E+02
1.86753750000E+06	4.760788E-03	1.434467E+02
1.86940625000E+06	3.850774E-03	1.629642E+02
1.87127500000E+06	3.554054E-03	1.509750E+02
1.87314375000E+06	4.117768E-03	1.655444E+02
1.87501250000E+06	3.374793E-03	1.386416E+02
1.87688125000E+06	3.927995E-03	1.507068E+02
1.87875000000E+06	3.780577E-03	1.766453E+02
1.88061875000E+06	4.298004E-03	1.656124E+02
1.88248750000E+06	4.190738E-03	1.526454E+02
1.88435625000E+06	5.726346E-03	1.533418E+02
1.88622500000E+06	3.847524E-03	1.510634E+02
1.88809375000E+06	2.951415E-03	1.504740E+02
1.88996250000E+06	4.049960E-03	1.694398E+02
1.89183125000E+06	4.647846E-03	1.526543E+02
1.89370000000E+06	4.111583E-03	1.626381E+02
1.89556875000E+06	5.138999E-03	1.657610E+02
1.89743750000E+06	2.613846E-03	1.523490E+02
1.89930625000E+06	5.283112E-03	1.509061E+02
1.90117500000E+06	4.662489E-03	1.322822E+02
1.90304375000E+06	6.974437E-03	1.470051E+02
1.90491250000E+06	4.013522E-03	1.352891E+02
1.90678125000E+06	4.048465E-03	1.448803E+02
1.90865000000E+06	4.307527E-03	1.620175E+02
1.91051875000E+06	5.675685E-03	1.549954E+02
1.91238750000E+06	3.650063E-03	1.786732E+02
1.91425625000E+06	4.449349E-03	1.794725E+02
1.91612500000E+06	4.043727E-03	1.555386E+02
1.91799375000E+06	3.293982E-03	1.723461E+02
1.91986250000E+06	4.093780E-03	1.466728E+02
1.92173125000E+06	4.359822E-03	1.444619E+02
1.92360000000E+06	4.527384E-03	-1.727235E+02
1.92546875000E+06	4.823546E-03	1.547257E+02
1.92733750000E+06	3.445181E-03	-1.687908E+02
1.92920625000E+06	4.084852E-03	1.215780E+02
1.93107500000E+06	5.779311E-03	1.618002E+02
1.93294375000E+06	4.355016E-03	1.734096E+02
1.93481250000E+06	2.056186E-03	1.706972E+02
1.93668125000E+06	3.898812E-03	1.598743E+02
1.93855000000E+06	5.280684E-03	1.638157E+02
1.94041875000E+06	4.791234E-03	1.718681E+02
1.94228750000E+06	4.313972E-03	1.577781E+02
1.94415625000E+06	3.688929E-03	-1.509409E+02
1.94602500000E+06	4.271916E-03	1.361219E+02
1.94789375000E+06	2.810977E-03	1.581086E+02
1.94976250000E+06	2.782946E-03	1.604008E+02
1.95163125000E+06	4.026498E-03	-1.678804E+02
1.95350000000E+06	4.710533E-03	1.561039E+02
1.95536875000E+06	3.405433E-03	-1.653832E+02
1.95723750000E+06	4.457946E-03	1.539857E+02
1.95910625000E+06	5.273046E-03	1.671066E+02
1.96097500000E+06	5.953902E-03	-1.766903E+02
1.96284375000E+06	3.762269E-03	1.789144E+02
1.96471250000E+06	3.525840E-03	1.543621E+02
1.96658125000E+06	5.664174E-03	-1.769677E+02
1.96845000000E+06	6.745166E-03	1.623627E+02
1.97031875000E+06	3.943519E-03	1.573181E+02
1.97218750000E+06	4.895920E-03	1.531496E+02
1.97405625000E+06	4.812422E-03	1.702919E+02
1.97592500000E+06	3.758213E-03	-1.560951E+02
1.97779375000E+06	4.772328E-03	-1.695407E+02
1.97966250000E+06	3.517628E-03	1.745084E+02
1.98153125000E+06	4.192558E-03	1.694396E+02
1.98340000000E+06	5.762909E-03	-1.739931E+02
1.98526875000E+06	4.849250E-03	1.735788E+02
1.98713750000E+06	3.865628E-03	1.480990E+02
1.98900625000E+06	4.692688E-03	1.475493E+02
1.99087500000E+06	3.617226E-03	1.466931E+02
1.99274375000E+06	5.086792E-03	-1.682156E+02
1.99461250000E+06	4.835101E-03	1.430895E+02
1.99648125000E+06	5.300852E-03	1.576277E+02
1.99835000000E+06	4.490455E-03	-1.795582E+02
2.00021875000E+06	3.837934E-03	1.711088E+02
2.00208750000E+06	7.358000E-03	1.596246E+02
2.00395625000E+06	3.745307E-03	1.761112E+02
2.00582500000E+06	2.520375E-03	1.679904E+02
2.00769375000E+06	4.784770E-03	1.756046E+02
2.00956250000E+06	6.477555E-03	-1.797022E+02
2.01143125000E+06	4.406243E-03	1.787673E+02
2.01330000000E+06	6.250077E-03	1.587206E+02
2.01516875000E+06	4.886403E-03	-1.649397E+02
2.01703750000E+06	5.003172E-03	-1.787702E+02
2.01890625000E+06	5.160520E-03	1.554368E+02
2.02077500000E+06	4.303215E-03	1.681699E+02
2.02264375000E+06	2.592683E-03	1.460885E+02
2.02451250000E+06	4.093068E-03	-1.740764E+02
2.02638125000E+06	4.057223E-03	-1.782852E+02
2.02825000000E+06	5.842013E-03	1.691151E+02
2.03011875000E+06	5.963343E-03	-1.683264E+02
2.03198750000E+06	6.312761E-03	1.746747E+02
2.03385625000E+06	5.418174E-03	1.551236E+02
2.03572500000E+06	6.268449E-03	-1.619880E+02
2.03759375000E+06	4.185297E-03	-1.764165E+02
2.03946250000E+06	2.207057E-03	1.545208E+02
2.04133125000E+06	4.044745E-03	-1.743404E+02
2.04320000000E+06	4.811367E-03	1.665842E+02
2.04506875000E+06	6.476413E-03	-1.774487E+02
2.04693750000E+06	1.801462E-03	-1.659390E+02
2.04880625000E+06	2.391753E-03	1.770087E+02
2.05067500000E+06	5.069070E-03	1.752863E+02
2.05254375000E+06	3.767952E-03	1.663815E+02
2.05441250000E+06	4.149684E-03	-1.608463E+02
2.05628125000E+06	3.705287E-03	1.629175E+02
2.05815000000E+06	4.871646E-03	-1.798354E+02
2.06001875000E+06	4.571397E-03	1.757469E+02
2.06188750000E+06	4.696125E-03	1.796669E+02
2.06375625000E+06	5.196268E-03	-1.728436E+02
2.06562500000E+06	5.815103E-03	-1.669994E+02
2.06749375000E+06	4.534759E-03	1.756170E+02
2.06936250000E+06	3.552002E-03	-1.577079E+02
2.07123125000E+06	6.615641E-03	1.715702E+02
2.07310000000E+06	4.917690E-03	1.710231E+02
2.07496875000E+06	8.142053E-03	1.769150E+02
2.07683750000E+06	4.789006E-03	1.570805E+02
2.07870625000E+06	4.209388E-03	1.673504E+02
2.08057500000E+06	5.765912E-03	-1.714360E+02
2.08244375000E+06	5.791280E-03	-1.734160E+02
2.08431250000E+06	4.500965E-03	-1.701196E+02
2.08618125000E+06	6.223819E-03	1.636059E+02
2.08805000000E+06	3.701990E-03	-1.613205E+02
2.08991875000E+06	6.101795E-03	1.624010E+02
2.09178750000E+06	5.096936E-03	-1.618668E+02
2.09365625000E+06	4.495567E-03	-1.713756E+02
2.09552500000E+06	6.167810E-03	1.752617E+02
2.09739375000E+06	5.092409E-03	-1.721053E+02
2.09926250000E+06	4.760603E-03	1.657661E+02
2.10113125000E+06	3.073295E-03	1.590341E+02
2.10300000000E+06	4.646787E-03	1.742780E+02
2.10486875000E+06	4.763613E-03	1.735829E+02
2.10673750000E+06	6.708182E-03	1.765083E+02
2.10860625000E+06	3.853851E-03	-1.791866E+02
2.11047500000E+06	4.158664E-03	1.746462E+02
2.11234375000E+06	5.663153E-03	-1.709191E+02
2.11421250000E+06	3.726964E-03	-1.779461E+02
2.11608125000E+06	4.131464E-03	-1.788739E+02
2.11795000000E+06	7.232043E-03	-1.722930E+02
2.11981875000E+06	6.655347E-03	-1.793685E+02
2.12168750000E+06	4.630634E-03	1.419112E+02
2.12355625000E+06	4.679651E-03	-1.627276E+02
2.12542500000E+06	6.029539E-03	1.766131E+02
2.12729375000E+06	2.856891E-03	-1.775781E+02
2.12916250000E+06	3.887376E-03	-1.448191E+02
2.13103125000E+06	3.441939E-03	-1.595316E+02
2.13290000000E+06	4.305836E-03	-1.523911E+02
2.13476875000E+06	5.393452E-03	1.757151E+02
2.13663750000E+06	4.813161E-03	-1.634637E+02
2.13850625000E+06	5.159723E-03	-1.745267E+02
2.14037500000E+06	6.158004E-03	-1.643258E+02
2.14224375000E+06	2.671104E-03	1.734195E+02
2.14411250000E+06	6.300836E-03	1.764610E+02
2.14598125000E+06	4.208071E-03	1.781389E+02
2.14785000000E+06	4.807727E-03	-1.634856E+02
2.14971875000E+06	5.806939E-03	1.756787E+02
2.15158750000E+06	5.510778E-03	-1.762538E+02
2.15345625000E+06	5.187610E-03	-1.716545E+02
2.15532500000E+06	5.815564E-03	-1.768534E+02
2.15719375000E+06	5.445870E-03	-1.725242E+02
2.15906250000E+06	4.869839E-03	-1.789364E+02
2.16093125000E+06	6.465094E-03	-1.743443E+02
2.16280000000E+06	4.606037E-03	-1.708846E+02
2.16466875000E+06	4.751443E-03	-1.733342E+02
2.16653750000E+06	5.067122E-03	-1.467856E+02
2.16840625000E+06	4.665622E-03	-1.598912E+02
2.17027500000E+06	3.817440E-03	-1.692442E+02
2.17214375000E+06	4.957686E-03	-1.608158E+02
2.17401250000E+06	3.725624E-03	-1.786645E+02
2.17588125000E+06	5.980813E-03	-1.589665E+02
2.17775000000E+06	4.241063E-03	-1.701664E+02
2.17961875000E+06	5.629519E-03	-1.599975E+02
2.18148750000E+06	5.959497E-03	-1.756099E+02
2.18335625000E+06	4.286099E-03	-1.782788E+02
2.18522500000E+06	4.289122E-03	1.713891E+02
2.18709375000E+06	5.126219E-03	1.770129E+02
2.18896250000E+06	6.400965E-03	-1.727037E+02
2.19083125000E+06	5.076708E-03	-1.590096E+02
2.19270000000E+06	6.062248E-03	-1.716905E+02
2.19456875000E+06	4.696632E-03	-1.553779E+02
2.19643750000E+06	5.446056E-03	-1.699297E+02
2.19830625000E+06	4.652485E-03	-1.722984E+02
2.20017500000E+06	5.946463E-03	-1.657481E+02
2.20204375000E+06	5.700035E-03	-1.595710E+02
2.20391250000E+06	5.150869E-03	-1.698580E+02
2.20578125000E+06	3.625818E-03	-1.502432E+02
2.20765000000E+06	4.061856E-03	-1.597354E+02
2.20951875000E+06	5.758865E-03	-1.532248E+02
2.21138750000E+06	4.176593E-03	-1.503983E+02
2.21325625000E+06	5.595482E-03	-1.583817E+02
2.21512500000E+06	5.749126E-03	-1.629832E+02
2.21699375000E+06	5.829997E-03	-1.619129E+02
2.21886250000E+06	5.374651E-03	-1.562958E+02
2.22073125000E+06	5.615121E-03	-1.778956E+02
2.22260000000E+06	5.440840E-03	-1.448462E+02
2.22446875000E+06	4.899533E-03	-1.413118E+02
2.22633750000E+06	5.657567E-03	-1.448508E+02
2.22820625000E+06	4.403981E-03	-1.702675E+02
2.23007500000E+06	6.258142E-03	-1.650252E+02
2.23194375000E+06	5.916201E-03	-1.595008E+02
2.23381250000E+06	5.816332E-03	-1.550223E+02
2.23568125000E+06	5.689885E-03	-1.468020E+02
2.23755000000E+06	6.160102E-03	-1.466615E+02
2.23941875000E+06	6.616763E-03	-1.478032E+02
2.24128750000E+06	5.793498E-03	-1.662720E+02
2.24315625000E+06	7.424083E-03	-1.646420E+02
2.24502500000E+06	6.815153E-03	-1.556813E+02
2.24689375000E+06	5.682118E-03	-1.553526E+02
2.24876250000E+06	6.022837E-03	-1.549011E+02
2.25063125000E+06	3.595992E-03	-1.698025E+02
2.25250000000E+06	4.523642E-03	-1.531714E+02
2.25436875000E+06	6.380982E-03	-1.571492E+02
2.25623750000E+06	8.156874E-03	-1.539578E+02
2.25810625000E+06	5.942530E-03	-1.635717E+02
2.25997500000E+06	6.439820E-03	-1.567894E+02
2.26184375000E+06	6.441585E-03	-1.444764E+02
2.26371250000E+06	6.011832E-03	-1.521953E+02
2.26558125000E+06	7.236743E-03	-1.322789E+02
2.26745000000E+06	5.990767E-03	-1.685221E+02
2.26931875000E+06	5.643229E-03	-1.718418E+02
2.27118750000E+06	7.625849E-03	-1.653044E+02
2.27305625000E+06	5.326342E-03	-1.499050E+02
2.27492500000E+06	7.263326E-03	-1.608105E+02
2.27679375000E+06	6.251353E-03	-1.595423E+02
2.27866250000E+06	6.813908E-03	-1.574294E+02
2.28053125000E+06	6.399219E-03	-1.569550E+02
2.28240000000E+06	6.473732E-03	-1.620999E+02
2.28426875000E+06	7.034576E-03	-1.407148E+02
2.28613750000E+06	5.461015E-03	-1.737746E+02
2.28800625000E+06	4.577612E-03	-1.523392E+02
2.28987500000E+06	7.333489E-03	-1.419550E+02
2.29174375000E+06	7.135955E-03	-1.454190E+02
2.29361250000E+06	5.738809E-03	-1.557269E+02
2.29548125000E+06	6.820655E-03	-1.500905E+02
2.29735000000E+06	6.093112E-03	-1.472118E+02
2.29921875000E+06	6.556016E-03	-1.608441E+02
2.30108750000E+06	8.982484E-03	-1.552243E+02
2.30295625000E+06	6.272692E-03	-1.447373E+02
2.30482500000E+06	7.244671E-03	-1.559951E+02
2.30669375000E+06	5.994339E-03	-1.527008E+02
2.30856250000E+06	7.851589E-03	-1.485065E+02
2.31043125000E+06	4.252682E-03	-1.470188E+02
2.31230000000E+06	4.184504E-03	-1.591467E+02
2.31416875000E+06	6.070834E-03	-1.550804E+02
2.31603750000E+06	8.844702E-03	-1.713604E+02
2.31790625000E+06	5.732461E-03	-1.544630E+02
2.31977500000E+06	7.113594E-03	-1.547626E+02
2.32164375000E+06	7.851764E-03	-1.508229E+02
2.32351250000E+06	5.168074E-03	-1.573761E+02
2.32538125000E+06	4.951418E-03	-1.555131E+02
2.32725000000E+06	6.023828E-03	-1.470881E+02
2.32911875000E+06	6.203326E-03	-1.442588E+02
2.33098750000E+06	5.187325E-03	-1.377571E+02
2.33285625000E+06	8.526550E-03	-1.347721E+02
2.33472500000E+06	8.697863E-03	-1.624107E+02
2.33659375000E+06	5.212057E-03	-1.537626E+02
2.33846250000E+06	8.435487E-03	-1.492947E+02
2.34033125000E+06	6.459637E-03	-1.535649E+02
2.34220000000E+06	6.105123E-03	-1.621727E+02
2.34406875000E+06	6.688406E-03	-1.466472E+02
2.34593750000E+06	5.986798E-03	-1.431248E+02
2.34780625000E+06	6.982094E-03	-1.740684E+02
2.34967500000E+06	7.042449E-03	-1.614072E+02
2.35154375000E+06	7.392825E-03	-1.594185E+02
2.35341250000E+06	7.331553E-03	-1.508397E+02
2.35528125000E+06	6.236183E-03	-1.601609E+02
2.35715000000E+06	6.432050E-03	-1.653108E+02
2.35901875000E+06	6.255376E-03	-1.526644E+02
2.36088750000E+06	6.633557E-03	-1.548090E+02
2.36275625000E+06	6.828869E-03	-1.480775E+02
2.36462500000E+06	6.786863E-03	-1.491310E+02
2.36649375000E+06	7.667371E-03	-1.531439E+02
2.36836250000E+06	8.104225E-03	-1.511254E+02
2.37023125000E+06	7.766523E-03	-1.524652E+02
2.37210000000E+06	7.161316E-03	-1.623319E+02
2.37396875000E+06	6.174685E-03	-1.559631E+02
2.37583750000E+06	7.333927E-03	-1.637348E+02
2.37770625000E+06	7.822714E-03	-1.419118E+02
2.37957500000E+06	7.022643E-03	-1.479562E+02
2.38144375000E+06	6.923218E-03	-1.510905E+02
2.38331250000E+06	6.861902E-03	-1.466364E+02
2.38518125000E+06	6.069880E-03	-1.528164E+02
2.38705000000E+06	7.469043E-03	-1.463840E+02
2.38891875000E+06	6.792644E-03	-1.414758E+02
2.39078750000E+06	6.749481E-03	-1.447448E+02
2.39265625000E+06	7.070799E-03	-1.431130E+02
2.39452500000E+06	7.154147E-03	-1.502828E+02
2.39639375000E+06	6.233023E-03	-1.551919E+02
2.39826250000E+06	7.210071E-03	-1.474099E+02
2.40013125000E+06	6.346376E-03	-1.321509E+02
2.40200000000E+06	1.002916E-02	-1.379871E+02
2.40386875000E+06	8.154394E-03	-1.477441E+02
2.40573750000E+06	6.455433E-03	-1.686613E+02
2.40760625000E+06	6.938002E-03	-1.476134E+02
2.40947500000E+06	7.346138E-03	-1.457966E+02
2.41134375000E+06	7.728813E-03	-1.470791E+02
2.41321250000E+06	6.693054E-03	-1.425323E+02
2.41508125000E+06	7.775690E-03	-1.425442E+02
2.41695000000E+06	7.662509E-03	-1.548416E+02
2.41881875000E+06	7.318613E-03	-1.531159E+02
2.42068750000E+06	7.857786E-03	-1.375021E+02
2.42255625000E+06	7.150561E-03	-1.613773E+02
2.42442500000E+06	7.384660E-03	-1.425010E+02
2.42629375000E+06	7.873252E-03	-1.555932E+02
2.42816250000E+06	8.584318E-03	-1.376848E+02
2.43003125000E+06	8.877289E-03	-1.351299E+02
2.43190000000E+06	8.827602E-03	-1.427472E+02
2.43376875000E+06	6.286923E-03	-1.485176E+02
2.43563750000E+06	7.489670E-03	-1.452935E+02
2.43750625000E+06	6.764748E-03	-1.433661E+02
2.43937500000E+06	7.072715E-03	-1.412489E+02
2.44124375000E+06	8.107096E-03	-1.372012E+02
2.44311250000E+06	6.777939E-03	-1.446166E+02
2.44498125000E+06	7.460421E-03	-1.405484E+02
2.44685000000E+06	8.165272E-03	-1.448479E+02
2.44871875000E+06	8.516207E-03	-1.542637E+02
2.45058750000E+06	8.609783E-03	-1.532677E+02
2.45245625000E+06	8.291970E-03	-1.387748E+02
2.45432500000E+06	8.224242E-03	-1.422718E+02
2.45619375000E+06	9.747271E-03	-1.421419E+02
2.45806250000E+06	8.202746E-03	-1.376629E+02
2.45993125000E+06	7.942371E-03	-1.477032E+02
2.46180000000E+06	9.096953E-03	-1.436737E+02
2.46366875000E+06	8.345954E-03	-1.429751E+02
2.46553750000E+06	6.941728E-03	-1.487457E+02
2.46740625000E+06	8.841565E-03	-1.452762E+02
2.46927500000E+06	7.207191E-03	-1.439857E+02
2.47114375000E+06	8.533602E-03	-1.367031E+02
2.47301250000E+06	8.739799E-03	-1.404110E+02
2.47488125000E+06	8.114450E-03	-1.371342E+02
2.47675000000E+06	7.980132E-03	-1.402863E+02
2.47861875000E+06	8.760449E-03	-1.400249E+02
2.48048750000E+06	9.069117E-03	-1.499974E+02
2.48235625000E+06	8.941322E-03	-1.451093E+02
2.48422500000E+06	7.838557E-03	-1.365376E+02
2.48609375000E+06	9.771088E-03	-1.397806E+02
2.48796250000E+06	9.071322E-03	-1.449646E+02
2.48983125000E+06	8.098233E-03	-1.472028E+02
2.49170000000E+06	9.995472E-03	-1.443741E+02
2.49356875000E+06	1.100585E-02	-1.426489E+02
2.49543750000E+06	9.473236E-03	-1.440243E+02
2.49730625000E+06	7.810274E-03	-1.361480E+02
2.49917500000E+06	8.297326E-03	-1.383015E+02
2.50104375000E+06	8.482408E-03	-1.349373E+02
2.50291250000E+06	9.569161E-03	-1.467161E+02
2.50478125000E+06	9.357524E-03	-1.384991E+02
2.50665000000E+06	8.963918E-03	-1.352740E+02
2.50851875000E+06	8.386628E-03	-1.361301E+02
2.51038750000E+06	9.417778E-03	-1.457533E+02
2.51225625000E+06	9.058135E-03	-1.413888E+02
2.51412500000E+06	9.240565E-03	-1.305715E+02
2.51599375000E+06	8.693781E-03	-1.325999E+02
2.51786250000E+06	1.087911E-02	-1.388207E+02
2.51973125000E+06	8.655496E-03	-1.365055E+02
2.52160000000E+06	8.411891E-03	-1.417798E+02
2.52346875000E+06	9.711974E-03	-1.459866E+02
2.52533750000E+06	8.422970E-03	-1.276608E+02
2.52720625000E+06	8.314765E-03	-1.350835E+02
2.52907500000E+06	1.140199E-02	-1.459082E+02
2.53094375000E+06	8.665484E-03	-1.382096E+02
2.53281250000E+06	7.647476E-03	-1.520489E+02
2.53468125000E+06	8.666207E-03	-1.320993E+02
2.53655000000E+06	9.675555E-03	-1.368590E+02
2.53841875000E+06	9.348366E-03	-1.460007E+02
2.54028750000E+06	8.973492E-03	-1.454043E+02
2.54215625000E+06	9.672992E-03	-1.446830E+02
2.54402500000E+06	1.026260E-02	-1.409454E+02
2.54589375000E+06	1.073924E-02	-1.411912E+02
2.54776250000E+06	9.142866E-03	-1.439461E+02
2.54963125000E+06	9.865600E-03	-1.255151E+02
2.55150000000E+06	9.797008E-03	-1.499021E+02
2.55336875000E+06	9.587213E-03	-1.349706E+02
2.55523750000E+06	1.016100E-02	-1.410570E+02
2.55710625000E+06	1.043623E-02	-1.429340E+02
2.55897500000E+06	9.869097E-03	-1.326086E+02
2.56084375000E+06	9.613414E-03	-1.213889E+02
2.56271250000E+06	9.747014E-03	-1.383010E+02
2.56458125000E+06	9.228610E-03	-1.412428E+02
2.56645000000E+06	9.343803E-03	-1.296247E+02
2.56831875000E+06	1.014555E-02	-1.340936E+02
2.57018750000E+06	8.820864E-03	-1.315389E+02
2.57205625000E+06	1.116935E-02	-1.306889E+02
2.57392500000E+06	1.070230E-02	-1.345704E+02
2.57579375000E+06	8.526457E-03	-1.387437E+02
2.57766250000E+06	1.134973E-02	-1.315373E+02
2.57953125000E+06	1.170645E-02	-1.351292E+02
2.58140000000E+06	1.059306E-02	-1.444891E+02
2.58326875000E+06	9.692767E-03	-1.440739E+02
2.58513750000E+06	1.154211E-02	-1.334900E+02
2.58700625000E+06	1.051532E-02	-1.349085E+02
2.58887500000E+06	9.428353E-03	-1.322421E+02
2.59074375000E+06	9.052119E-03	-1.462131E+02
2.59261250000E+06	1.081395E-02	-1.329106E+02
2.59448125000E+06	1.114138E-02	-1.392959E+02
2.59635000000E+06	9.904212E-03	-1.281107E+02
2.59821875000E+06	1.184557E-02	-1.317655E+02
2.60008750000E+06	1.200673E-02	-1.386387E+02
2.60195625000E+06	1.035175E-02	-1.443013E+02
2.60382500000E+06	9.726430E-03	-1.337097E+02
2.60569375000E+06	1.104488E-02	-1.392073E+02
2.60756250000E+06	1.058963E-02	-1.344332E+02
2.60943125000E+06	1.236226E-02	-1.342747E+02
2.61130000000E+06	1.197637E-02	-1.431952E+02
2.61316875000E+06	1.073426E-02	-1.355834E+02
2.61503750000E+06	1.081419E-02	-1.409684E+02
2.61690625000E+06	1.094636E-02	-1.418112E+02
2.61877500000E+06	9.102956E-03	-1.403805E+02
2.62064375000E+06	1.061116E-02	-1.384670E+02
2.62251250000E+06	1.039129E-02	-1.438307E+02
2.62438125000E+06	7.534551E-03	-1.372354E+02
2.62625000000E+06	1.117646E-02	-1.306479E+02
2.62811875000E+06	1.197293E-02	-1.316987E+02
2.62998750000E+06	9.566053E-03	-1.355167E+02
2.63185625000E+06	1.002190E-02	-1.318263E+02
2.63372500000E+06	1.102562E-02	-1.247745E+02
2.63559375000E+06	1.041877E-02	-1.373329E+02
2.63746250000E+06	1.172331E-02	-1.386517E+02
2.63933125000E+06	1.136802E-02	-1.306290E+02
2.64120000000E+06	1.140371E-02	-1.360874E+02
2.64306875000E+06	1.044574E-02	-1.243545E+02
2.64493750000E+06	1.196640E-02	-1.275048E+02
2.64680625000E+06	1.174234E-02	-1.404642E+02
2.64867500000E+06	1.188005E-02	-1.341944E+02
2.65054375000E+06	1.138497E-02	-1.371621E+02
2.65241250000E+06	1.160169E-02	-1.293067E+02
2.65428125000E+06	1.170140E-02	-1.337786E+02
2.65615000000E+06	1.195077E-02	-1.342230E+02
2.65801875000E+06	1.046320E-02	-1.399301E+02
2.65988750000E+06	9.662482E-03	-1.328618E+02
2.66175625000E+06	9.686275E-03	-1.310901E+02
2.66362500000E+06	1.118642E-02	-1.389449E+02
2.66549375000E+06	1.105183E-02	-1.300868E+02
2.66736250000E+06	1.327147E-02	-1.388991E+02
2.66923125000E+06	1.172642E-02	-1.245146E+02
2.67110000000E+06	1.022372E-02	-1.239089E+02
2.67296875000E+06	1.059055E-02	-1.332653E+02
2.67483750000E+06	1.273297E-02	-1.326592E+02
2.67670625000E+06	1.125134E-02	-1.376929E+02
2.67857500000E+06	1.234643E-02	-1.368878E+02
2.68044375000E+06	1.096157E-02	-1.324809E+02
2.68231250000E+06	1.207692E-02	-1.368224E+02
2.68418125000E+06	1.334913E-02	-1.271195E+02
2.68605000000E+06	1.475189E-02	-1.334775E+02
2.68791875000E+06	1.136374E-02	-1.288334E+02
2.68978750000E+06	1.199855E-02	-1.329893E+02
2.69165625000E+06	1.158853E-02	-1.290379E+02
2.69352500000E+06	8.700392E-03	-1.209246E+02
2.69539375000E+06	1.216119E-02	-1.390576E+02
2.69726250000E+06	1.340052E-02	-1.284341E+02
2.69913125000E+06	1.234251E-02	-1.265565E+02
2.70100000000E+06	1.461152E-02	-1.375587E+02
2.70286875000E+06	1.221036E-02	-1.205040E+02
2.70473750000E+06	1.287321E-02	-1.323539E+02
2.70660625000E+06	1.177154E-02	-1.418817E+02
2.70847500000E+06	1.309155E-02	-1.324157E+02
2.71034375000E+06	1.379919E-02	-1.314819E+02
2.71221250000E+06	1.225590E-02	-1.287215E+02
2.71408125000E+06	1.188655E-02	-1.384301E+02
2.71595000000E+06	1.090077E-02	-1.323283E+02
2.71781875000E+06	1.177459E-02	-1.271041E+02
2.71968750000E+06	1.321888E-02	-1.315872E+02
2.72155625000E+06	1.404156E-02	-1.317363E+02
2.72342500000E+06	1.243299E-02	-1.305892E+02
2.72529375000E+06	1.271737E-02	-1.332636E+02
2.72716250000E+06	1.119699E-02	-1.312971E+02
2.72903125000E+06	9.638912E-03	-1.305556E+02
2.73090000000E+06	1.248683E-02	-1.469079E+02
2.73276875000E+06	1.006268E-02	-1.253395E+02
2.73463750000E+06	1.328655E-02	-1.330378E+02
2.73650625000E+06	1.240963E-02	-1.348499E+02
2.73837500000E+06	1.310280E-02	-1.253529E+02
2.74024375000E+06	1.150817E-02	-1.358767E+02
2.74211250000E+06	1.205275E-02	-1.348149E+02
2.74398125000E+06	1.249674E-02	-1.292416E+02
2.74585000000E+06	1.222551E-02	-1.323445E+02
2.74771875000E+06	1.302980E-02	-1.317192E+02
2.74958750000E+06	1.254300E-02	-1.298433E+02
2.75145625000E+06	1.248469E-02	-1.237892E+02
2.75332500000E+06	1.327099E-02	-1.334798E+02
2.75519375000E+06	1.355941E-02	-1.242384E+02
2.75706250000E+06	1.227195E-02	-1.288766E+02
2.75893125000E+06	1.347261E-02	-1.310063E+02
2.76080000000E+06	1.222629E-02	-1.277667E+02
2.76266875000E+06	1.317983E-02	-1.291988E+02
2.76453750000E+06	1.399781E-02	-1.252292E+02
2.76640625000E+06	1.207255E-02	-1.314976E+02
2.76827500000E+06	1.316935E-02	-1.325354E+02
2.77014375000E+06	1.385664E-02	-1.292752E+02
2.77201250000E+06	1.405575E-02	-1.293892E+02
2.77388125000E+06	1.293317E-02	-1.322531E+02
2.77575000000E+06	1.325998E-02	-1.267988E+02
2.77761875000E+06	1.426602E-02	-1.298298E+02
2.77948750000E+06	1.363080E-02	-1.199531E+02
2.78135625000E+06	1.455588E-02	-1.277261E+02
2.78322500000E+06	1.474210E-02	-1.199900E+02
2.78509375000E+06	1.223915E-02	-1.240748E+02
2.78696250000E+06	1.328961E-02	-1.293965E+02
2.78883125000E+06	1.485791E-02	-1.253682E+02
2.79070000000E+06	1.354006E-02	-1.277309E+02
2.79256875000E+06	1.388768E-02	-1.244078E+02
2.79443750000E+06	1.317030E-02	-1.310254E+02
2.79630625000E+06	1.263147E-02	-1.311100E+02
2.79817500000E+06	1.425773E-02	-1.235069E+02
2.80004375000E+06	1.411553E-02	-1.323418E+02
2.80191250000E+06	1.290994E-02	-1.215216E+02
2.80378125000E+06	1.440548E-02	-1.243362E+02
2.80565000000E+06	1.413867E-02	-1.280946E+02
2.80751875000E+06	1.409415E-02	-1.307113E+02
2.80938750000E+06	1.377645E-02	-1.176368E+02
2.81125625000E+06	1.442739E-02	-1.280525E+02
2.81312500000E+06	1.470098E-02	-1.262922E+02
2.81499375000E+06	1.431808E-02	-1.237450E+02
2.81686250000E+06	1.437370E-02	-1.270571E+02
2.81873125000E+06	1.553366E-02	-1.245523E+02
2.82060000000E+06	1.398480E-02	-1.275228E+02
2.82246875000E+06	1.530073E-02	-1.207621E+02
2.82433750000E+06	1.498232E-02	-1.288181E+02
2.82620625000E+06	1.472834E-02	-1.214243E+02
2.82807500000E+06	1.283184E-02	-1.237070E+02
2.82994375000E+06	1.659041E-02	-1.243117E+02
2.83181250000E+06	1.621439E-02	-1.261487E+02
2.83368125000E+06	1.565270E-02	-1.242094E+02
2.83555000000E+06	1.348082E-02	-1.287815E+02
2.83741875000E+06	1.482811E-02	-1.263374E+02
2.83928750000E+06	1.562739E-02	-1.249303E+02
2.84115625000E+06	1.326698E-02	-1.226034E+02
2.84302500000E+06	1.456255E-02	-1.187172E+02
2.84489375000E+06	1.426597E-02	-1.246613E+02
2.84676250000E+06	1.352184E-02	-1.285370E+02
2.84863125000E+06	1.608182E-02	-1.211403E+02
2.85050000000E+06	1.415438E-02	-1.290226E+02
2.85236875000E+06	1.430834E-02	-1.299756E+02
2.85423750000E+06	1.699633E-02	-1.202953E+02
2.85610625000E+06	1.521039E-02	-1.247375E+02
2.85797500000E+06	1.555656E-02	-1.219876E+02
2.85984375000E+06	1.352617E-02	-1.300154E+02
2.86171250000E+06	1.614746E-02	-1.229452E+02
2.86358125000E+06	1.512172E-02	-1.220549E+02
2.86545000000E+06	1.500553E-02	-1.233031E+02
2.86731875000E+06	1.509761E-02	-1.279967E+02
2.86918750000E+06	1.602748E-02	-1.254740E+02
2.87105625000E+06	1.602835E-02	-1.172741E+02
2.87292500000E+06	1.640878E-02	-1.228531E+02
2.87479375000E+06	1.714027E-02	-1.244376E+02
2.87666250000E+06	1.518535E-02	-1.282222E+02
2.87853125000E+06	1.606709E-02	-1.240773E+02
2.88040000000E+06	1.602931E-02	-1.260371E+02
2.88226875000E+06	1.529702E-02	-1.169935E+02
2.88413750000E+06	1.622833E-02	-1.231320E+02
2.88600625000E+06	1.666365E-02	-1.198372E+02
2.88787500000E+06	1.603581E-02	-1.316204E+02
2.88974375000E+06	1.632409E-02	-1.227121E+02
2.89161250000E+06	1.543023E-02	-1.190366E+02
2.89348125000E+06	1.684020E-02	-1.192182E+02
2.89535000000E+06	1.552908E-02	-1.205951E+02
2.89721875000E+06	1.506842E-02	-1.321028E+02
2.89908750000E+06	1.478141E-02	-1.286404E+02
2.90095625000E+06	1.749532E-02	-1.223001E+02
2.90282500000E+06	1.680063E-02	-1.242091E+02
2.90469375000E+06	1.582172E-02	-1.226179E+02
2.90656250000E+06	1.786603E-02	-1.276968E+02
2.90843125000E+06	1.614123E-02	-1.264296E+02
2.91030000000E+06	1.699916E-02	-1.204317E+02
2.91216875000E+06	1.524001E-02	-1.258097E+02
2.91403750000E+06	1.663030E-02	-1.235725E+02
2.91590625000E+06	1.696578E-02	-1.243603E+02
2.91777500000E+06	1.684184E-02	-1.263295E+02
2.91964375000E+06	1.603821E-02	-1.289566E+02
2.92151250000E+06	1.476462E-02	-1.212721E+02
2.92338125000E+06	1.624990E-02	-1.212105E+02
2.92525000000E+06	1.511957E-02	-1.185261E+02
2.92711875000E+06	1.560969E-02	-1.291784E+02
2.92898750000E+06	1.656041E-02	-1.253256E+02
2.93085625000E+06	1.618328E-02	-1.286309E+02
2.93272500000E+06	1.687469E-02	-1.161343E+02
2.93459375000E+06	1.709978E-02	-1.257449E+02
2.93646250000E+06	1.727860E-02	-1.215819E+02
2.93833125000E+06	1.642272E-02	-1.277667E+02
2.94020000000E+06	1.777145E-02	-1.240261E+02
2.94206875000E+06	1.695388E-02	-1.205333E+02
2.94393750000E+06	1.734241E-02	-1.275361E+02
2.94580625000E+06	1.778561E-02	-1.250109E+02
2.94767500000E+06	1.661459E-02	-1.248103E+02
2.94954375000E+06	1.618740E-02	-1.239020E+02
2.95141250000E+06	1.806942E-02	-1.233221E+02
2.95328125000E+06	1.807649E-02	-1.214184E+02
2.95515000000E+06	1.806965E-02	-1.220061E+02
2.95701875000E+06	1.700656E-02	-1.181602E+02
2.95888750000E+06	1.797658E-02	-1.193991E+02
2.96075625000E+06	1.686459E-02	-1.241660E+02
2.96262500000E+06	1.749259E-02	-1.271970E+02
2.96449375000E+06	1.698197E-02	-1.250068E+02
2.96636250000E+06	1.856251E-02	-1.156075E+02
2.96823125000E+06	1.920455E-02	-1.248125E+02
2.97010000000E+06	1.759200E-02	-1.225983E+02
2.97196875000E+06	1.911132E-02	-1.196361E+02
2.97383750000E+06	1.763655E-02	-1.186995E+02
2.97570625000E+06	1.780177E-02	-1.262256E+02
2.97757500000E+06	1.832522E-02	-1.231007E+02
2.97944375000E+06	1.588195E-02	-1.213083E+02
2.98131250000E+06	1.722799E-02	-1.246337E+02
2.98318125000E+06	1.804337E-02	-1.187824E+02
2.98505000000E+06	1.793883E-02	-1.235789E+02
2.98691875000E+06	1.863922E-02	-1.199615E+02
2.98878750000E+06	1.677735E-02	-1.234925E+02
2.99065625000E+06	1.913756E-02	-1.200218E+02
2.99252500000E+06	1.790276E-02	-1.197864E+02
2.99439375000E+06	1.657580E-02	-1.216780E+02
2.99626250000E+06	1.765907E-02	-1.209168E+02
2.99813125000E+06	1.801085E-02	-1.227681E+02
3.00000000000E+06	1.955546E-02	-1.179323E+02
