"E5100A REV3.14"
"DATE: Jun 24 2004"



"CHANNEL: 2"
"MEASURE TYPE: AR"
"FORMAT TYPE: LINMP"
"NUMBER of POINTS: 1601"
"SWEEP TIME:  3.458 s"
"SWEEP TYPE: LINF"
"SOURCE POWER: 0 dBm"
"IF BANDWIDTH: 500 Hz"

"Frequency"	"Main Array"	"Sub Array"
1.00000000000E+04	1.774832E-01	-1.697035E+02
1.18687500000E+04	4.035147E-02	-9.886394E+01
1.37375000000E+04	8.449315E-02	-1.591475E+02
1.56062500000E+04	6.847875E-02	1.314410E+02
1.74750000000E+04	3.729583E-02	6.960340E+01
1.93437500000E+04	2.230031E-02	-1.482156E+02
2.12125000000E+04	1.986371E-02	-2.394091E+01
2.30812500000E+04	3.981474E-02	6.324191E+01
2.49500000000E+04	2.859370E-02	-3.823735E+01
2.68187500000E+04	5.263569E-02	1.764579E+02
2.86875000000E+04	1.060899E-02	-1.339567E+02
3.05562500000E+04	1.861955E-02	-8.638966E+01
3.24250000000E+04	2.399782E-02	-1.395583E+02
3.42937500000E+04	1.497272E-02	-6.010670E+01
3.61625000000E+04	1.367429E-02	-3.792830E+00
3.80312500000E+04	2.269793E-02	4.693132E+01
3.99000000000E+04	1.469095E-02	-1.769798E+02
4.17687500000E+04	6.721506E-03	4.850440E+01
4.36375000000E+04	3.740323E-02	1.096309E+02
4.55062500000E+04	2.367168E-02	1.716143E+01
4.73750000000E+04	2.055133E-02	-1.351684E+02
4.92437500000E+04	1.069593E-02	3.252529E+00
5.11125000000E+04	1.136910E-02	3.213394E+01
5.29812500000E+04	1.433431E-02	6.257673E+00
5.48500000000E+04	2.040696E-02	4.186124E+01
5.67187500000E+04	1.837260E-02	2.296595E+01
5.85875000000E+04	1.511949E-02	1.248136E+02
6.04562500000E+04	6.134555E-03	-1.762607E+02
6.23250000000E+04	1.967734E-02	8.908361E+00
6.41937500000E+04	9.033601E-03	-2.930996E+01
6.60625000000E+04	2.866742E-02	4.853966E+01
6.79312500000E+04	2.645669E-02	7.731921E+01
6.98000000000E+04	9.004066E-03	1.666539E+02
7.16687500000E+04	1.179048E-02	8.178601E+01
7.35375000000E+04	6.518561E-03	7.590731E+01
7.54062500000E+04	1.414339E-02	5.687916E+01
7.72750000000E+04	1.170972E-02	7.492860E+01
7.91437500000E+04	5.965257E-03	3.568544E+01
8.10125000000E+04	2.008889E-02	7.501601E+01
8.28812500000E+04	1.238092E-02	5.737043E+01
8.47500000000E+04	2.002455E-02	1.344721E+02
8.66187500000E+04	1.614716E-02	5.979514E+01
8.84875000000E+04	1.684390E-02	1.133437E+02
9.03562500000E+04	1.618753E-02	1.006113E+02
9.22250000000E+04	8.672331E-03	-1.993464E+01
9.40937500000E+04	1.911798E-02	5.914549E+01
9.59625000000E+04	1.692055E-02	1.076271E+02
9.78312500000E+04	1.758587E-02	1.105042E+02
9.97000000000E+04	1.826027E-02	9.746730E+01
1.01568750000E+05	1.680379E-02	1.046543E+02
1.03437500000E+05	1.010023E-02	1.207351E+02
1.05306250000E+05	2.292561E-02	8.848925E+01
1.07175000000E+05	2.588946E-02	8.737130E+01
1.09043750000E+05	2.408349E-02	8.831676E+01
1.10912500000E+05	1.275708E-02	7.728185E+01
1.12781250000E+05	1.771180E-02	8.406055E+01
1.14650000000E+05	1.001449E-02	6.913926E+01
1.16518750000E+05	3.080837E-02	7.833600E+01
1.18387500000E+05	2.801176E-02	8.648332E+01
1.20256250000E+05	1.322006E-02	5.902183E+01
1.22125000000E+05	1.991238E-02	7.806595E+01
1.23993750000E+05	1.709862E-02	7.325762E+01
1.25862500000E+05	2.506588E-02	9.474976E+01
1.27731250000E+05	2.691174E-02	6.142607E+01
1.29600000000E+05	1.427775E-02	8.400565E+01
1.31468750000E+05	1.120029E-02	6.310373E+01
1.33337500000E+05	1.814525E-02	1.171661E+02
1.35206250000E+05	1.862723E-02	8.792479E+01
1.37075000000E+05	1.463514E-02	1.094288E+02
1.38943750000E+05	2.532115E-02	8.167258E+01
1.40812500000E+05	1.859972E-02	1.293501E+02
1.42681250000E+05	2.288018E-02	7.745640E+01
1.44550000000E+05	2.550380E-02	8.953442E+01
1.46418750000E+05	2.278282E-02	8.670753E+01
1.48287500000E+05	3.223546E-02	8.451711E+01
1.50156250000E+05	2.364324E-02	1.089797E+02
1.52025000000E+05	2.236559E-02	8.640584E+01
1.53893750000E+05	3.073617E-02	9.001463E+01
1.55762500000E+05	2.138495E-02	9.026460E+01
1.57631250000E+05	2.192155E-02	8.763795E+01
1.59500000000E+05	2.639347E-02	9.241553E+01
1.61368750000E+05	2.034646E-02	7.400353E+01
1.63237500000E+05	2.086682E-02	9.915977E+01
1.65106250000E+05	2.855979E-02	8.901748E+01
1.66975000000E+05	2.969018E-02	9.105178E+01
1.68843750000E+05	2.634739E-02	8.829423E+01
1.70712500000E+05	3.199916E-02	8.706403E+01
1.72581250000E+05	2.286237E-02	8.991603E+01
1.74450000000E+05	2.369639E-02	9.158823E+01
1.76318750000E+05	2.806679E-02	8.380614E+01
1.78187500000E+05	2.761762E-02	9.030101E+01
1.80056250000E+05	3.149185E-02	8.314800E+01
1.81925000000E+05	2.416947E-02	1.109639E+02
1.83793750000E+05	3.414112E-02	9.296449E+01
1.85662500000E+05	3.112500E-02	9.313923E+01
1.87531250000E+05	3.518287E-02	8.912267E+01
1.89400000000E+05	3.256537E-02	8.988308E+01
1.91268750000E+05	3.141895E-02	8.948000E+01
1.93137500000E+05	3.324451E-02	8.081599E+01
1.95006250000E+05	3.113023E-02	9.234269E+01
1.96875000000E+05	3.242503E-02	7.656990E+01
1.98743750000E+05	3.116234E-02	8.780669E+01
2.00612500000E+05	3.322972E-02	8.280630E+01
2.02481250000E+05	3.904014E-02	9.333575E+01
2.04350000000E+05	2.872679E-02	1.031350E+02
2.06218750000E+05	3.847653E-02	9.195850E+01
2.08087500000E+05	3.697488E-02	8.900551E+01
2.09956250000E+05	3.342740E-02	9.184927E+01
2.11825000000E+05	3.153437E-02	1.013169E+02
2.13693750000E+05	3.481927E-02	9.491886E+01
2.15562500000E+05	3.863400E-02	9.444305E+01
2.17431250000E+05	3.472326E-02	1.001052E+02
2.19300000000E+05	3.417942E-02	9.364754E+01
2.21168750000E+05	3.345660E-02	9.657117E+01
2.23037500000E+05	2.958978E-02	8.428522E+01
2.24906250000E+05	3.286349E-02	8.645098E+01
2.26775000000E+05	3.891428E-02	8.344746E+01
2.28643750000E+05	4.156630E-02	9.540236E+01
2.30512500000E+05	3.363555E-02	9.329859E+01
2.32381250000E+05	3.698799E-02	9.726016E+01
2.34250000000E+05	3.448892E-02	1.007087E+02
2.36118750000E+05	4.180212E-02	8.202296E+01
2.37987500000E+05	4.118322E-02	9.890907E+01
2.39856250000E+05	3.855433E-02	9.829956E+01
2.41725000000E+05	3.124016E-02	9.081107E+01
2.43593750000E+05	3.820175E-02	8.321770E+01
2.45462500000E+05	4.017549E-02	8.733231E+01
2.47331250000E+05	4.266461E-02	9.144680E+01
2.49200000000E+05	3.424341E-02	8.935272E+01
2.51068750000E+05	3.998366E-02	9.667747E+01
2.52937500000E+05	3.389722E-02	8.677019E+01
2.54806250000E+05	4.277706E-02	9.394794E+01
2.56675000000E+05	3.851834E-02	9.244788E+01
2.58543750000E+05	3.881217E-02	9.112640E+01
2.60412500000E+05	4.064564E-02	9.259408E+01
2.62281250000E+05	4.302865E-02	8.991770E+01
2.64150000000E+05	3.939696E-02	8.569774E+01
2.66018750000E+05	4.412952E-02	9.809595E+01
2.67887500000E+05	4.294122E-02	9.353131E+01
2.69756250000E+05	4.143412E-02	8.898918E+01
2.71625000000E+05	4.806064E-02	8.527638E+01
2.73493750000E+05	4.197454E-02	8.906126E+01
2.75362500000E+05	4.546674E-02	8.878388E+01
2.77231250000E+05	4.946957E-02	9.115675E+01
2.79100000000E+05	4.642642E-02	9.074760E+01
2.80968750000E+05	4.120841E-02	9.461094E+01
2.82837500000E+05	4.905900E-02	9.489706E+01
2.84706250000E+05	4.497594E-02	9.247681E+01
2.86575000000E+05	4.512711E-02	9.271665E+01
2.88443750000E+05	4.360816E-02	9.453729E+01
2.90312500000E+05	4.785523E-02	8.556569E+01
2.92181250000E+05	4.342530E-02	9.213390E+01
2.94050000000E+05	4.477368E-02	8.886401E+01
2.95918750000E+05	4.236286E-02	8.922323E+01
2.97787500000E+05	4.855455E-02	8.538543E+01
2.99656250000E+05	4.814227E-02	8.745805E+01
3.01525000000E+05	4.328042E-02	8.683924E+01
3.03393750000E+05	4.653297E-02	9.378345E+01
3.05262500000E+05	5.141158E-02	9.366254E+01
3.07131250000E+05	4.865160E-02	8.927897E+01
3.09000000000E+05	4.936318E-02	8.400266E+01
3.10868750000E+05	5.177140E-02	9.425722E+01
3.12737500000E+05	4.713816E-02	9.115850E+01
3.14606250000E+05	4.478350E-02	8.822482E+01
3.16475000000E+05	4.242375E-02	8.900999E+01
3.18343750000E+05	5.106888E-02	8.705045E+01
3.20212500000E+05	4.961148E-02	8.970136E+01
3.22081250000E+05	5.144817E-02	9.322042E+01
3.23950000000E+05	5.213498E-02	9.127039E+01
3.25818750000E+05	5.232019E-02	8.971023E+01
3.27687500000E+05	5.395337E-02	9.174074E+01
3.29556250000E+05	5.204414E-02	8.826127E+01
3.31425000000E+05	5.689214E-02	8.788750E+01
3.33293750000E+05	5.083767E-02	8.856646E+01
3.35162500000E+05	4.880828E-02	9.494049E+01
3.37031250000E+05	5.795509E-02	9.340942E+01
3.38900000000E+05	4.605407E-02	9.087784E+01
3.40768750000E+05	5.707475E-02	8.993866E+01
3.42637500000E+05	5.729013E-02	8.829354E+01
3.44506250000E+05	5.582405E-02	9.083131E+01
3.46375000000E+05	5.481035E-02	9.605315E+01
3.48243750000E+05	5.648762E-02	9.199578E+01
3.50112500000E+05	5.853910E-02	8.808659E+01
3.51981250000E+05	5.596600E-02	9.432409E+01
3.53850000000E+05	5.543750E-02	9.212350E+01
3.55718750000E+05	5.580859E-02	9.073589E+01
3.57587500000E+05	5.538197E-02	9.195686E+01
3.59456250000E+05	5.478553E-02	9.128780E+01
3.61325000000E+05	5.478816E-02	8.787097E+01
3.63193750000E+05	5.219969E-02	9.216979E+01
3.65062500000E+05	5.437887E-02	8.948929E+01
3.66931250000E+05	5.959295E-02	9.052631E+01
3.68800000000E+05	5.791895E-02	8.930786E+01
3.70668750000E+05	5.831251E-02	9.148896E+01
3.72537500000E+05	5.990869E-02	8.837636E+01
3.74406250000E+05	5.473453E-02	9.082656E+01
3.76275000000E+05	5.791944E-02	9.161397E+01
3.78143750000E+05	5.692587E-02	8.700321E+01
3.80012500000E+05	5.670114E-02	9.214247E+01
3.81881250000E+05	6.030894E-02	8.883984E+01
3.83750000000E+05	6.081048E-02	8.986413E+01
3.85618750000E+05	5.640182E-02	9.077305E+01
3.87487500000E+05	5.931928E-02	9.018237E+01
3.89356250000E+05	5.966065E-02	9.144969E+01
3.91225000000E+05	5.850902E-02	8.873365E+01
3.93093750000E+05	6.130660E-02	8.790703E+01
3.94962500000E+05	5.985315E-02	8.676542E+01
3.96831250000E+05	6.350773E-02	9.161141E+01
3.98700000000E+05	6.992383E-02	8.811237E+01
4.00568750000E+05	6.368376E-02	9.471610E+01
4.02437500000E+05	5.953129E-02	9.279910E+01
4.04306250000E+05	5.877956E-02	9.105433E+01
4.06175000000E+05	6.313485E-02	8.543445E+01
4.08043750000E+05	6.164752E-02	8.898727E+01
4.09912500000E+05	6.421541E-02	9.209194E+01
4.11781250000E+05	6.618174E-02	9.174084E+01
4.13650000000E+05	6.611603E-02	9.016684E+01
4.15518750000E+05	6.852417E-02	8.949962E+01
4.17387500000E+05	5.977330E-02	9.228097E+01
4.19256250000E+05	6.563530E-02	8.976619E+01
4.21125000000E+05	6.665029E-02	8.452666E+01
4.22993750000E+05	6.505861E-02	8.990598E+01
4.24862500000E+05	6.960595E-02	8.963802E+01
4.26731250000E+05	6.655930E-02	8.939047E+01
4.28600000000E+05	7.198780E-02	9.413074E+01
4.30468750000E+05	6.833032E-02	9.159952E+01
4.32337500000E+05	6.972422E-02	8.626616E+01
4.34206250000E+05	6.527738E-02	9.111299E+01
4.36075000000E+05	6.729634E-02	8.971327E+01
4.37943750000E+05	6.743748E-02	9.114573E+01
4.39812500000E+05	6.958827E-02	8.970030E+01
4.41681250000E+05	6.536234E-02	9.125838E+01
4.43550000000E+05	7.007464E-02	8.905149E+01
4.45418750000E+05	6.892589E-02	9.147903E+01
4.47287500000E+05	6.916262E-02	8.871246E+01
4.49156250000E+05	6.994715E-02	9.057661E+01
4.51025000000E+05	7.195306E-02	8.995383E+01
4.52893750000E+05	7.009514E-02	9.220811E+01
4.54762500000E+05	7.105390E-02	9.154964E+01
4.56631250000E+05	6.663947E-02	9.156138E+01
4.58500000000E+05	7.083121E-02	8.852833E+01
4.60368750000E+05	6.893187E-02	9.033749E+01
4.62237500000E+05	7.383003E-02	9.398872E+01
4.64106250000E+05	7.229756E-02	9.159243E+01
4.65975000000E+05	7.434298E-02	9.047684E+01
4.67843750000E+05	7.152555E-02	9.000498E+01
4.69712500000E+05	7.324967E-02	9.088669E+01
4.71581250000E+05	7.367412E-02	8.997701E+01
4.73450000000E+05	7.515404E-02	9.155148E+01
4.75318750000E+05	7.727811E-02	9.198289E+01
4.77187500000E+05	7.877367E-02	9.200843E+01
4.79056250000E+05	7.238441E-02	8.937326E+01
4.80925000000E+05	7.744968E-02	9.040298E+01
4.82793750000E+05	7.842978E-02	9.343610E+01
4.84662500000E+05	7.146791E-02	8.932277E+01
4.86531250000E+05	7.170154E-02	9.314731E+01
4.88400000000E+05	7.586849E-02	8.923881E+01
4.90268750000E+05	7.662286E-02	9.389526E+01
4.92137500000E+05	7.453929E-02	9.148198E+01
4.94006250000E+05	7.782686E-02	9.104201E+01
4.95875000000E+05	8.014286E-02	9.384796E+01
4.97743750000E+05	7.721870E-02	9.160432E+01
4.99612500000E+05	8.020505E-02	9.044343E+01
5.01481250000E+05	7.723479E-02	8.926043E+01
5.03350000000E+05	8.025957E-02	9.089413E+01
5.05218750000E+05	8.021418E-02	9.015216E+01
5.07087500000E+05	8.115096E-02	9.086427E+01
5.08956250000E+05	8.123009E-02	8.891089E+01
5.10825000000E+05	7.818289E-02	8.978333E+01
5.12693750000E+05	7.457932E-02	8.740921E+01
5.14562500000E+05	7.857517E-02	9.191052E+01
5.16431250000E+05	7.533540E-02	8.928691E+01
5.18300000000E+05	8.049293E-02	9.380639E+01
5.20168750000E+05	8.021335E-02	8.850029E+01
5.22037500000E+05	8.030870E-02	9.059320E+01
5.23906250000E+05	8.177847E-02	9.301948E+01
5.25775000000E+05	8.444338E-02	8.683256E+01
5.27643750000E+05	7.985394E-02	9.018908E+01
5.29512500000E+05	8.062165E-02	9.250561E+01
5.31381250000E+05	8.440863E-02	8.655671E+01
5.33250000000E+05	8.291381E-02	9.037589E+01
5.35118750000E+05	8.559343E-02	9.007864E+01
5.36987500000E+05	8.658979E-02	9.083160E+01
5.38856250000E+05	8.436864E-02	9.145830E+01
5.40725000000E+05	8.660135E-02	9.032311E+01
5.42593750000E+05	8.268914E-02	9.039252E+01
5.44462500000E+05	8.197824E-02	8.907397E+01
5.46331250000E+05	8.400247E-02	9.066676E+01
5.48200000000E+05	8.770336E-02	9.262479E+01
5.50068750000E+05	8.531927E-02	9.055040E+01
5.51937500000E+05	8.715593E-02	9.240503E+01
5.53806250000E+05	8.897462E-02	9.280138E+01
5.55675000000E+05	8.852000E-02	9.104572E+01
5.57543750000E+05	8.526351E-02	9.242810E+01
5.59412500000E+05	8.378159E-02	9.011361E+01
5.61281250000E+05	8.537488E-02	8.783260E+01
5.63150000000E+05	8.701965E-02	8.779561E+01
5.65018750000E+05	8.988824E-02	9.101081E+01
5.66887500000E+05	8.817764E-02	9.002320E+01
5.68756250000E+05	8.795075E-02	9.039310E+01
5.70625000000E+05	9.096895E-02	9.127191E+01
5.72493750000E+05	9.192701E-02	8.988576E+01
5.74362500000E+05	8.955265E-02	8.802067E+01
5.76231250000E+05	9.043603E-02	8.846558E+01
5.78100000000E+05	8.508094E-02	9.055604E+01
5.79968750000E+05	8.936778E-02	9.097104E+01
5.81837500000E+05	9.202298E-02	9.166302E+01
5.83706250000E+05	8.771931E-02	9.066452E+01
5.85575000000E+05	9.486424E-02	9.016650E+01
5.87443750000E+05	9.305482E-02	9.110712E+01
5.89312500000E+05	9.076694E-02	9.108659E+01
5.91181250000E+05	9.218829E-02	8.805135E+01
5.93050000000E+05	9.026417E-02	9.232932E+01
5.94918750000E+05	9.180074E-02	9.107711E+01
5.96787500000E+05	9.382332E-02	9.066129E+01
5.98656250000E+05	9.249104E-02	8.917632E+01
6.00525000000E+05	9.259577E-02	9.096089E+01
6.02393750000E+05	9.327862E-02	9.033707E+01
6.04262500000E+05	9.536913E-02	9.203439E+01
6.06131250000E+05	9.472533E-02	9.096437E+01
6.08000000000E+05	9.549961E-02	9.126987E+01
6.09868750000E+05	9.517127E-02	9.009106E+01
6.11737500000E+05	9.736461E-02	9.106234E+01
6.13606250000E+05	9.684206E-02	9.111240E+01
6.15475000000E+05	9.409465E-02	9.053889E+01
6.17343750000E+05	9.668551E-02	8.959991E+01
6.19212500000E+05	1.014284E-01	9.016231E+01
6.21081250000E+05	9.506920E-02	9.142168E+01
6.22950000000E+05	9.679707E-02	9.123109E+01
6.24818750000E+05	1.001978E-01	9.200347E+01
6.26687500000E+05	9.584577E-02	9.327391E+01
6.28556250000E+05	9.517106E-02	9.001577E+01
6.30425000000E+05	9.784247E-02	9.219824E+01
6.32293750000E+05	9.873183E-02	8.967061E+01
6.34162500000E+05	1.006960E-01	8.947951E+01
6.36031250000E+05	9.939925E-02	9.159916E+01
6.37900000000E+05	9.964435E-02	8.989101E+01
6.39768750000E+05	1.007870E-01	8.962338E+01
6.41637500000E+05	9.982278E-02	8.902469E+01
6.43506250000E+05	9.941927E-02	9.144977E+01
6.45375000000E+05	1.022725E-01	9.157874E+01
6.47243750000E+05	9.878610E-02	9.103469E+01
6.49112500000E+05	1.000129E-01	9.119659E+01
6.50981250000E+05	1.018882E-01	9.097543E+01
6.52850000000E+05	1.009581E-01	9.327883E+01
6.54718750000E+05	1.016127E-01	9.168802E+01
6.56587500000E+05	1.009839E-01	8.965389E+01
6.58456250000E+05	1.024090E-01	9.010666E+01
6.60325000000E+05	1.006749E-01	9.253357E+01
6.62193750000E+05	1.034196E-01	9.146413E+01
6.64062500000E+05	1.060285E-01	9.037621E+01
6.65931250000E+05	1.035264E-01	9.105614E+01
6.67800000000E+05	1.080125E-01	9.228418E+01
6.69668750000E+05	1.055157E-01	8.980164E+01
6.71537500000E+05	1.032277E-01	9.167949E+01
6.73406250000E+05	9.995414E-02	9.069932E+01
6.75275000000E+05	1.036136E-01	9.087991E+01
6.77143750000E+05	1.054938E-01	9.036843E+01
6.79012500000E+05	1.059859E-01	9.153253E+01
6.80881250000E+05	1.038636E-01	9.110672E+01
6.82750000000E+05	1.070369E-01	9.243760E+01
6.84618750000E+05	1.083978E-01	9.098729E+01
6.86487500000E+05	1.061540E-01	9.131326E+01
6.88356250000E+05	1.058658E-01	9.026318E+01
6.90225000000E+05	1.071055E-01	9.136053E+01
6.92093750000E+05	1.067460E-01	9.090404E+01
6.93962500000E+05	1.096947E-01	9.079681E+01
6.95831250000E+05	1.089806E-01	9.089851E+01
6.97700000000E+05	1.078495E-01	9.199500E+01
6.99568750000E+05	1.081046E-01	9.229323E+01
7.01437500000E+05	1.104774E-01	9.006957E+01
7.03306250000E+05	1.117012E-01	9.183055E+01
7.05175000000E+05	1.090858E-01	9.019987E+01
7.07043750000E+05	1.104150E-01	9.156155E+01
7.08912500000E+05	1.122915E-01	9.144025E+01
7.10781250000E+05	1.097061E-01	9.018555E+01
7.12650000000E+05	1.124851E-01	9.126424E+01
7.14518750000E+05	1.112901E-01	9.034279E+01
7.16387500000E+05	1.110179E-01	9.064838E+01
7.18256250000E+05	1.088686E-01	9.036369E+01
7.20125000000E+05	1.110409E-01	9.058012E+01
7.21993750000E+05	1.108484E-01	9.070992E+01
7.23862500000E+05	1.128130E-01	9.097426E+01
7.25731250000E+05	1.153154E-01	9.162914E+01
7.27600000000E+05	1.085572E-01	9.107616E+01
7.29468750000E+05	1.132673E-01	9.173527E+01
7.31337500000E+05	1.164842E-01	9.078883E+01
7.33206250000E+05	1.123988E-01	9.114389E+01
7.35075000000E+05	1.134836E-01	9.236774E+01
7.36943750000E+05	1.166892E-01	9.247141E+01
7.38812500000E+05	1.172061E-01	9.111046E+01
7.40681250000E+05	1.162085E-01	8.942624E+01
7.42550000000E+05	1.145085E-01	9.400997E+01
7.44418750000E+05	1.178298E-01	9.101598E+01
7.46287500000E+05	1.164163E-01	9.146123E+01
7.48156250000E+05	1.179347E-01	9.085802E+01
7.50025000000E+05	1.168267E-01	9.101331E+01
7.51893750000E+05	1.194899E-01	9.074789E+01
7.53762500000E+05	1.173225E-01	9.098781E+01
7.55631250000E+05	1.170610E-01	9.069648E+01
7.57500000000E+05	1.180730E-01	9.065993E+01
7.59368750000E+05	1.179893E-01	9.278206E+01
7.61237500000E+05	1.181291E-01	9.001113E+01
7.63106250000E+05	1.205642E-01	9.171329E+01
7.64975000000E+05	1.219083E-01	9.176559E+01
7.66843750000E+05	1.178279E-01	9.163763E+01
7.68712500000E+05	1.218425E-01	9.108001E+01
7.70581250000E+05	1.207510E-01	9.072369E+01
7.72450000000E+05	1.211680E-01	9.031463E+01
7.74318750000E+05	1.209249E-01	9.182903E+01
7.76187500000E+05	1.202712E-01	9.100193E+01
7.78056250000E+05	1.210783E-01	9.161624E+01
7.79925000000E+05	1.203177E-01	9.047181E+01
7.81793750000E+05	1.202332E-01	9.187473E+01
7.83662500000E+05	1.219214E-01	8.932113E+01
7.85531250000E+05	1.239762E-01	9.056345E+01
7.87400000000E+05	1.246772E-01	9.113278E+01
7.89268750000E+05	1.214097E-01	9.063071E+01
7.91137500000E+05	1.252677E-01	9.050913E+01
7.93006250000E+05	1.227770E-01	9.110940E+01
7.94875000000E+05	1.265957E-01	9.091801E+01
7.96743750000E+05	1.241695E-01	9.258401E+01
7.98612500000E+05	1.242638E-01	9.157829E+01
8.00481250000E+05	1.252474E-01	9.083011E+01
8.02350000000E+05	1.239150E-01	9.243548E+01
8.04218750000E+05	1.234773E-01	9.283116E+01
8.06087500000E+05	1.260297E-01	9.018516E+01
8.07956250000E+05	1.236321E-01	9.121533E+01
8.09825000000E+05	1.271412E-01	9.017948E+01
8.11693750000E+05	1.296968E-01	9.177740E+01
8.13562500000E+05	1.250659E-01	9.090043E+01
8.15431250000E+05	1.239379E-01	9.168592E+01
8.17300000000E+05	1.256594E-01	9.166514E+01
8.19168750000E+05	1.275318E-01	9.148373E+01
8.21037500000E+05	1.275725E-01	9.118677E+01
8.22906250000E+05	1.290093E-01	9.190334E+01
8.24775000000E+05	1.283653E-01	9.260749E+01
8.26643750000E+05	1.258502E-01	9.025455E+01
8.28512500000E+05	1.310496E-01	9.082701E+01
8.30381250000E+05	1.274468E-01	9.172162E+01
8.32250000000E+05	1.299449E-01	9.134220E+01
8.34118750000E+05	1.275568E-01	9.170562E+01
8.35987500000E+05	1.301672E-01	9.033945E+01
8.37856250000E+05	1.282064E-01	9.092542E+01
8.39725000000E+05	1.304307E-01	9.193282E+01
8.41593750000E+05	1.302146E-01	9.275293E+01
8.43462500000E+05	1.290107E-01	9.178832E+01
8.45331250000E+05	1.292344E-01	9.099669E+01
8.47200000000E+05	1.328640E-01	9.169479E+01
8.49068750000E+05	1.336519E-01	9.169878E+01
8.50937500000E+05	1.344508E-01	9.198817E+01
8.52806250000E+05	1.336021E-01	9.131622E+01
8.54675000000E+05	1.354945E-01	9.170738E+01
8.56543750000E+05	1.334580E-01	9.077744E+01
8.58412500000E+05	1.342088E-01	9.066623E+01
8.60281250000E+05	1.327847E-01	9.270281E+01
8.62150000000E+05	1.353785E-01	9.233621E+01
8.64018750000E+05	1.335540E-01	9.079863E+01
8.65887500000E+05	1.351722E-01	8.904424E+01
8.67756250000E+05	1.345307E-01	9.160691E+01
8.69625000000E+05	1.351741E-01	9.106471E+01
8.71493750000E+05	1.337961E-01	9.145300E+01
8.73362500000E+05	1.377062E-01	9.231277E+01
8.75231250000E+05	1.368214E-01	9.144761E+01
8.77100000000E+05	1.330054E-01	9.137026E+01
8.78968750000E+05	1.371946E-01	9.162508E+01
8.80837500000E+05	1.354398E-01	9.091786E+01
8.82706250000E+05	1.385334E-01	9.186420E+01
8.84575000000E+05	1.385793E-01	9.159200E+01
8.86443750000E+05	1.349945E-01	9.039863E+01
8.88312500000E+05	1.354239E-01	9.131317E+01
8.90181250000E+05	1.394027E-01	9.074572E+01
8.92050000000E+05	1.400167E-01	9.205186E+01
8.93918750000E+05	1.389707E-01	9.096716E+01
8.95787500000E+05	1.395017E-01	9.301560E+01
8.97656250000E+05	1.405594E-01	9.189419E+01
8.99525000000E+05	1.396311E-01	9.150691E+01
9.01393750000E+05	1.402052E-01	8.994339E+01
9.03262500000E+05	1.394007E-01	9.141235E+01
9.05131250000E+05	1.400423E-01	9.153584E+01
9.07000000000E+05	1.409301E-01	9.066589E+01
9.08868750000E+05	1.408215E-01	9.173724E+01
9.10737500000E+05	1.406967E-01	9.210323E+01
9.12606250000E+05	1.430425E-01	9.165473E+01
9.14475000000E+05	1.415337E-01	9.135791E+01
9.16343750000E+05	1.421210E-01	9.031548E+01
9.18212500000E+05	1.418004E-01	9.032855E+01
9.20081250000E+05	1.446230E-01	9.218916E+01
9.21950000000E+05	1.406976E-01	9.129858E+01
9.23818750000E+05	1.417089E-01	9.214124E+01
9.25687500000E+05	1.430418E-01	9.126679E+01
9.27556250000E+05	1.452999E-01	9.259415E+01
9.29425000000E+05	1.465784E-01	9.202302E+01
9.31293750000E+05	1.443288E-01	8.969298E+01
9.33162500000E+05	1.467287E-01	9.064465E+01
9.35031250000E+05	1.444222E-01	9.194055E+01
9.36900000000E+05	1.451347E-01	9.100038E+01
9.38768750000E+05	1.462895E-01	9.270960E+01
9.40637500000E+05	1.449613E-01	9.195687E+01
9.42506250000E+05	1.453557E-01	9.053999E+01
9.44375000000E+05	1.470046E-01	9.166010E+01
9.46243750000E+05	1.473396E-01	9.180776E+01
9.48112500000E+05	1.459843E-01	9.224673E+01
9.49981250000E+05	1.496991E-01	9.147918E+01
9.51850000000E+05	1.480515E-01	9.259190E+01
9.53718750000E+05	1.466936E-01	9.217741E+01
9.55587500000E+05	1.490424E-01	9.106036E+01
9.57456250000E+05	1.507227E-01	9.120506E+01
9.59325000000E+05	1.489551E-01	9.116980E+01
9.61193750000E+05	1.489182E-01	9.221980E+01
9.63062500000E+05	1.497547E-01	9.203535E+01
9.64931250000E+05	1.483943E-01	9.276804E+01
9.66800000000E+05	1.507405E-01	9.157294E+01
9.68668750000E+05	1.519189E-01	9.127383E+01
9.70537500000E+05	1.523075E-01	9.132838E+01
9.72406250000E+05	1.521116E-01	9.122099E+01
9.74275000000E+05	1.505892E-01	9.119630E+01
9.76143750000E+05	1.546532E-01	9.156512E+01
9.78012500000E+05	1.493259E-01	9.121426E+01
9.79881250000E+05	1.540716E-01	9.205649E+01
9.81750000000E+05	1.518032E-01	9.109190E+01
9.83618750000E+05	1.530944E-01	9.153000E+01
9.85487500000E+05	1.514923E-01	9.253040E+01
9.87356250000E+05	1.517721E-01	9.236575E+01
9.89225000000E+05	1.535973E-01	9.128727E+01
9.91093750000E+05	1.503223E-01	9.191659E+01
9.92962500000E+05	1.532618E-01	9.178515E+01
9.94831250000E+05	1.534056E-01	9.122267E+01
9.96700000000E+05	1.554532E-01	9.175185E+01
9.98568750000E+05	1.570207E-01	9.073301E+01
1.00043750000E+06	1.574190E-01	9.175645E+01
1.00230625000E+06	1.522825E-01	9.174424E+01
1.00417500000E+06	1.572124E-01	9.142928E+01
1.00604375000E+06	1.591437E-01	9.167553E+01
1.00791250000E+06	1.585813E-01	9.253589E+01
1.00978125000E+06	1.540713E-01	9.154559E+01
1.01165000000E+06	1.569859E-01	9.178855E+01
1.01351875000E+06	1.577898E-01	9.092514E+01
1.01538750000E+06	1.596548E-01	9.157268E+01
1.01725625000E+06	1.566935E-01	9.211062E+01
1.01912500000E+06	1.566407E-01	9.208633E+01
1.02099375000E+06	1.611490E-01	9.178680E+01
1.02286250000E+06	1.603753E-01	9.167525E+01
1.02473125000E+06	1.596359E-01	9.130824E+01
1.02660000000E+06	1.599778E-01	9.224919E+01
1.02846875000E+06	1.589181E-01	9.146056E+01
1.03033750000E+06	1.583373E-01	9.166048E+01
1.03220625000E+06	1.559913E-01	9.181605E+01
1.03407500000E+06	1.609112E-01	9.175683E+01
1.03594375000E+06	1.600347E-01	9.076295E+01
1.03781250000E+06	1.594189E-01	9.187747E+01
1.03968125000E+06	1.607075E-01	9.241077E+01
1.04155000000E+06	1.638137E-01	9.262824E+01
1.04341875000E+06	1.618801E-01	9.140876E+01
1.04528750000E+06	1.625969E-01	9.175529E+01
1.04715625000E+06	1.617061E-01	9.116618E+01
1.04902500000E+06	1.610900E-01	9.156493E+01
1.05089375000E+06	1.642166E-01	9.228894E+01
1.05276250000E+06	1.612178E-01	9.163853E+01
1.05463125000E+06	1.630141E-01	9.175410E+01
1.05650000000E+06	1.622930E-01	9.131549E+01
1.05836875000E+06	1.643704E-01	9.140929E+01
1.06023750000E+06	1.658721E-01	9.216165E+01
1.06210625000E+06	1.629443E-01	9.217804E+01
1.06397500000E+06	1.671872E-01	9.160665E+01
1.06584375000E+06	1.655061E-01	9.178041E+01
1.06771250000E+06	1.655963E-01	9.190263E+01
1.06958125000E+06	1.640409E-01	9.176055E+01
1.07145000000E+06	1.652769E-01	9.134316E+01
1.07331875000E+06	1.676608E-01	9.123177E+01
1.07518750000E+06	1.666983E-01	9.214200E+01
1.07705625000E+06	1.641605E-01	9.220345E+01
1.07892500000E+06	1.665116E-01	9.191126E+01
1.08079375000E+06	1.666330E-01	9.220490E+01
1.08266250000E+06	1.680814E-01	9.156580E+01
1.08453125000E+06	1.661465E-01	9.206886E+01
1.08640000000E+06	1.655609E-01	9.140055E+01
1.08826875000E+06	1.676589E-01	9.159359E+01
1.09013750000E+06	1.671801E-01	9.218261E+01
1.09200625000E+06	1.689839E-01	9.190389E+01
1.09387500000E+06	1.704425E-01	9.211223E+01
1.09574375000E+06	1.695783E-01	9.203828E+01
1.09761250000E+06	1.711274E-01	9.123421E+01
1.09948125000E+06	1.699435E-01	9.231544E+01
1.10135000000E+06	1.707423E-01	9.162603E+01
1.10321875000E+06	1.714222E-01	9.146038E+01
1.10508750000E+06	1.711645E-01	9.155917E+01
1.10695625000E+06	1.712547E-01	9.189573E+01
1.10882500000E+06	1.720968E-01	9.122569E+01
1.11069375000E+06	1.732014E-01	9.257883E+01
1.11256250000E+06	1.717580E-01	9.260449E+01
1.11443125000E+06	1.729909E-01	9.200197E+01
1.11630000000E+06	1.740779E-01	9.204324E+01
1.11816875000E+06	1.721571E-01	9.137873E+01
1.12003750000E+06	1.730473E-01	9.224770E+01
1.12190625000E+06	1.730980E-01	9.133427E+01
1.12377500000E+06	1.753718E-01	9.095362E+01
1.12564375000E+06	1.744074E-01	9.209113E+01
1.12751250000E+06	1.736684E-01	9.171802E+01
1.12938125000E+06	1.727741E-01	9.169088E+01
1.13125000000E+06	1.750012E-01	9.199219E+01
1.13311875000E+06	1.754513E-01	9.172691E+01
1.13498750000E+06	1.737266E-01	9.223176E+01
1.13685625000E+06	1.755756E-01	9.183414E+01
1.13872500000E+06	1.748821E-01	9.282356E+01
1.14059375000E+06	1.751396E-01	9.187096E+01
1.14246250000E+06	1.774314E-01	9.186563E+01
1.14433125000E+06	1.757515E-01	9.102858E+01
1.14620000000E+06	1.784882E-01	9.167742E+01
1.14806875000E+06	1.777297E-01	9.207641E+01
1.14993750000E+06	1.763137E-01	9.260757E+01
1.15180625000E+06	1.774746E-01	9.249332E+01
1.15367500000E+06	1.786403E-01	9.217783E+01
1.15554375000E+06	1.811305E-01	9.209496E+01
1.15741250000E+06	1.766607E-01	9.230830E+01
1.15928125000E+06	1.773231E-01	9.276728E+01
1.16115000000E+06	1.794730E-01	9.126315E+01
1.16301875000E+06	1.787047E-01	9.192605E+01
1.16488750000E+06	1.777931E-01	9.197436E+01
1.16675625000E+06	1.830807E-01	9.179101E+01
1.16862500000E+06	1.803425E-01	9.241229E+01
1.17049375000E+06	1.819524E-01	9.152350E+01
1.17236250000E+06	1.798898E-01	9.222526E+01
1.17423125000E+06	1.830510E-01	9.070423E+01
1.17610000000E+06	1.803991E-01	9.223565E+01
1.17796875000E+06	1.809179E-01	9.235418E+01
1.17983750000E+06	1.799005E-01	9.243896E+01
1.18170625000E+06	1.817534E-01	9.168815E+01
1.18357500000E+06	1.835100E-01	9.190616E+01
1.18544375000E+06	1.841185E-01	9.215716E+01
1.18731250000E+06	1.830090E-01	9.250002E+01
1.18918125000E+06	1.846507E-01	9.200294E+01
1.19105000000E+06	1.854881E-01	9.219669E+01
1.19291875000E+06	1.830326E-01	9.217809E+01
1.19478750000E+06	1.841662E-01	9.146523E+01
1.19665625000E+06	1.872058E-01	9.111943E+01
1.19852500000E+06	1.844261E-01	9.210735E+01
1.20039375000E+06	1.841892E-01	9.242252E+01
1.20226250000E+06	1.856898E-01	9.180083E+01
1.20413125000E+06	1.876804E-01	9.246430E+01
1.20600000000E+06	1.840550E-01	9.231854E+01
1.20786875000E+06	1.831439E-01	9.232077E+01
1.20973750000E+06	1.882125E-01	9.209273E+01
1.21160625000E+06	1.870009E-01	9.196852E+01
1.21347500000E+06	1.871268E-01	9.246011E+01
1.21534375000E+06	1.888950E-01	9.206837E+01
1.21721250000E+06	1.882961E-01	9.149623E+01
1.21908125000E+06	1.884059E-01	9.231253E+01
1.22095000000E+06	1.892473E-01	9.196973E+01
1.22281875000E+06	1.898885E-01	9.228366E+01
1.22468750000E+06	1.891471E-01	9.160767E+01
1.22655625000E+06	1.899132E-01	9.258811E+01
1.22842500000E+06	1.870108E-01	9.221535E+01
1.23029375000E+06	1.903531E-01	9.177021E+01
1.23216250000E+06	1.922524E-01	9.218784E+01
1.23403125000E+06	1.913750E-01	9.190653E+01
1.23590000000E+06	1.921780E-01	9.216492E+01
1.23776875000E+06	1.887752E-01	9.227392E+01
1.23963750000E+06	1.916277E-01	9.204728E+01
1.24150625000E+06	1.909124E-01	9.235406E+01
1.24337500000E+06	1.920865E-01	9.167191E+01
1.24524375000E+06	1.912728E-01	9.264616E+01
1.24711250000E+06	1.909104E-01	9.195341E+01
1.24898125000E+06	1.925608E-01	9.229471E+01
1.25085000000E+06	1.942243E-01	9.179662E+01
1.25271875000E+06	1.922753E-01	9.201585E+01
1.25458750000E+06	1.930861E-01	9.197987E+01
1.25645625000E+06	1.945496E-01	9.173767E+01
1.25832500000E+06	1.952048E-01	9.226289E+01
1.26019375000E+06	1.969585E-01	9.227338E+01
1.26206250000E+06	1.952526E-01	9.203685E+01
1.26393125000E+06	1.953917E-01	9.202857E+01
1.26580000000E+06	1.949650E-01	9.148972E+01
1.26766875000E+06	1.951120E-01	9.258643E+01
1.26953750000E+06	1.979101E-01	9.252206E+01
1.27140625000E+06	1.959981E-01	9.274463E+01
1.27327500000E+06	1.954025E-01	9.234213E+01
1.27514375000E+06	1.942291E-01	9.202482E+01
1.27701250000E+06	1.980330E-01	9.231846E+01
1.27888125000E+06	1.962156E-01	9.135251E+01
1.28075000000E+06	1.961466E-01	9.259038E+01
1.28261875000E+06	1.975753E-01	9.156250E+01
1.28448750000E+06	2.010591E-01	9.225726E+01
1.28635625000E+06	1.977647E-01	9.174490E+01
1.28822500000E+06	1.978453E-01	9.274939E+01
1.29009375000E+06	2.013420E-01	9.217436E+01
1.29196250000E+06	1.983566E-01	9.170082E+01
1.29383125000E+06	1.996570E-01	9.243924E+01
1.29570000000E+06	2.016804E-01	9.276405E+01
1.29756875000E+06	2.021356E-01	9.180160E+01
1.29943750000E+06	2.009681E-01	9.191100E+01
1.30130625000E+06	1.974679E-01	9.254050E+01
1.30317500000E+06	2.036611E-01	9.218470E+01
1.30504375000E+06	2.012401E-01	9.293716E+01
1.30691250000E+06	2.019426E-01	9.201767E+01
1.30878125000E+06	2.026534E-01	9.214365E+01
1.31065000000E+06	1.995306E-01	9.216888E+01
1.31251875000E+06	2.027252E-01	9.152232E+01
1.31438750000E+06	2.030364E-01	9.233186E+01
1.31625625000E+06	2.042245E-01	9.218817E+01
1.31812500000E+06	2.021013E-01	9.227584E+01
1.31999375000E+06	2.036406E-01	9.258434E+01
1.32186250000E+06	2.063443E-01	9.238982E+01
1.32373125000E+06	2.033476E-01	9.195052E+01
1.32560000000E+06	2.050531E-01	9.247465E+01
1.32746875000E+06	2.046856E-01	9.249895E+01
1.32933750000E+06	2.054251E-01	9.217231E+01
1.33120625000E+06	2.051544E-01	9.186661E+01
1.33307500000E+06	2.046138E-01	9.181427E+01
1.33494375000E+06	2.063165E-01	9.229151E+01
1.33681250000E+06	2.060141E-01	9.232667E+01
1.33868125000E+06	2.069329E-01	9.276193E+01
1.34055000000E+06	2.098153E-01	9.248022E+01
1.34241875000E+06	2.053682E-01	9.190588E+01
1.34428750000E+06	2.067733E-01	9.245276E+01
1.34615625000E+06	2.074705E-01	9.211060E+01
1.34802500000E+06	2.072972E-01	9.212627E+01
1.34989375000E+06	2.065818E-01	9.172533E+01
1.35176250000E+06	2.087157E-01	9.250706E+01
1.35363125000E+06	2.072663E-01	9.239913E+01
1.35550000000E+06	2.090854E-01	9.229181E+01
1.35736875000E+06	2.071592E-01	9.209050E+01
1.35923750000E+06	2.073167E-01	9.239765E+01
1.36110625000E+06	2.102035E-01	9.363536E+01
1.36297500000E+06	2.057353E-01	9.247430E+01
1.36484375000E+06	2.128372E-01	9.250470E+01
1.36671250000E+06	2.107360E-01	9.189977E+01
1.36858125000E+06	2.083269E-01	9.264437E+01
1.37045000000E+06	2.114913E-01	9.194458E+01
1.37231875000E+06	2.133370E-01	9.252868E+01
1.37418750000E+06	2.071844E-01	9.249164E+01
1.37605625000E+06	2.107687E-01	9.186897E+01
1.37792500000E+06	2.110783E-01	9.219685E+01
1.37979375000E+06	2.138839E-01	9.239738E+01
1.38166250000E+06	2.113967E-01	9.165268E+01
1.38353125000E+06	2.120098E-01	9.242317E+01
1.38540000000E+06	2.120646E-01	9.237857E+01
1.38726875000E+06	2.132010E-01	9.264845E+01
1.38913750000E+06	2.141295E-01	9.258739E+01
1.39100625000E+06	2.141538E-01	9.269724E+01
1.39287500000E+06	2.121317E-01	9.287189E+01
1.39474375000E+06	2.151083E-01	9.229643E+01
1.39661250000E+06	2.132805E-01	9.218912E+01
1.39848125000E+06	2.148369E-01	9.261944E+01
1.40035000000E+06	2.144268E-01	9.243635E+01
1.40221875000E+06	2.144623E-01	9.239049E+01
1.40408750000E+06	2.188783E-01	9.181246E+01
1.40595625000E+06	2.185579E-01	9.250722E+01
1.40782500000E+06	2.161341E-01	9.254913E+01
1.40969375000E+06	2.180987E-01	9.265060E+01
1.41156250000E+06	2.148507E-01	9.170366E+01
1.41343125000E+06	2.174433E-01	9.268118E+01
1.41530000000E+06	2.156036E-01	9.191402E+01
1.41716875000E+06	2.172912E-01	9.255008E+01
1.41903750000E+06	2.164668E-01	9.258363E+01
1.42090625000E+06	2.175561E-01	9.323860E+01
1.42277500000E+06	2.201504E-01	9.211282E+01
1.42464375000E+06	2.193660E-01	9.252893E+01
1.42651250000E+06	2.203167E-01	9.183953E+01
1.42838125000E+06	2.153273E-01	9.247396E+01
1.43025000000E+06	2.196957E-01	9.255295E+01
1.43211875000E+06	2.188847E-01	9.258951E+01
1.43398750000E+06	2.200606E-01	9.267413E+01
1.43585625000E+06	2.218785E-01	9.268964E+01
1.43772500000E+06	2.196381E-01	9.247524E+01
1.43959375000E+06	2.208099E-01	9.287248E+01
1.44146250000E+06	2.212545E-01	9.295347E+01
1.44333125000E+06	2.219138E-01	9.256193E+01
1.44520000000E+06	2.216525E-01	9.219869E+01
1.44706875000E+06	2.247905E-01	9.190613E+01
1.44893750000E+06	2.223641E-01	9.239258E+01
1.45080625000E+06	2.217549E-01	9.270586E+01
1.45267500000E+06	2.230881E-01	9.277475E+01
1.45454375000E+06	2.242774E-01	9.255149E+01
1.45641250000E+06	2.228403E-01	9.205407E+01
1.45828125000E+06	2.225321E-01	9.242961E+01
1.46015000000E+06	2.233950E-01	9.226460E+01
1.46201875000E+06	2.272341E-01	9.253780E+01
1.46388750000E+06	2.256886E-01	9.263721E+01
1.46575625000E+06	2.243326E-01	9.257500E+01
1.46762500000E+06	2.265837E-01	9.254610E+01
1.46949375000E+06	2.259762E-01	9.314694E+01
1.47136250000E+06	2.256860E-01	9.227020E+01
1.47323125000E+06	2.235174E-01	9.260613E+01
1.47510000000E+06	2.269256E-01	9.265868E+01
1.47696875000E+06	2.260435E-01	9.225510E+01
1.47883750000E+06	2.267583E-01	9.274857E+01
1.48070625000E+06	2.289201E-01	9.245246E+01
1.48257500000E+06	2.285733E-01	9.236252E+01
1.48444375000E+06	2.300902E-01	9.236179E+01
1.48631250000E+06	2.283919E-01	9.282491E+01
1.48818125000E+06	2.269119E-01	9.278347E+01
1.49005000000E+06	2.275812E-01	9.216750E+01
1.49191875000E+06	2.296741E-01	9.280427E+01
1.49378750000E+06	2.273288E-01	9.254202E+01
1.49565625000E+06	2.278801E-01	9.276532E+01
1.49752500000E+06	2.315049E-01	9.212895E+01
1.49939375000E+06	2.300126E-01	9.194212E+01
1.50126250000E+06	2.286323E-01	9.249598E+01
1.50313125000E+06	2.315216E-01	9.238425E+01
1.50500000000E+06	2.318714E-01	9.218612E+01
1.50686875000E+06	2.285332E-01	9.279079E+01
1.50873750000E+06	2.335168E-01	9.233453E+01
1.51060625000E+06	2.321607E-01	9.288368E+01
1.51247500000E+06	2.320080E-01	9.220441E+01
1.51434375000E+06	2.326152E-01	9.299189E+01
1.51621250000E+06	2.323961E-01	9.315820E+01
1.51808125000E+06	2.353429E-01	9.288512E+01
1.51995000000E+06	2.319737E-01	9.265142E+01
1.52181875000E+06	2.331959E-01	9.190800E+01
1.52368750000E+06	2.353698E-01	9.305583E+01
1.52555625000E+06	2.350417E-01	9.281448E+01
1.52742500000E+06	2.349970E-01	9.296994E+01
1.52929375000E+06	2.336220E-01	9.264297E+01
1.53116250000E+06	2.340763E-01	9.261598E+01
1.53303125000E+06	2.338451E-01	9.271380E+01
1.53490000000E+06	2.358935E-01	9.261015E+01
1.53676875000E+06	2.358265E-01	9.235471E+01
1.53863750000E+06	2.354192E-01	9.279167E+01
1.54050625000E+06	2.340344E-01	9.293766E+01
1.54237500000E+06	2.366186E-01	9.328817E+01
1.54424375000E+06	2.373753E-01	9.266646E+01
1.54611250000E+06	2.378187E-01	9.262533E+01
1.54798125000E+06	2.362390E-01	9.256718E+01
1.54985000000E+06	2.378909E-01	9.256550E+01
1.55171875000E+06	2.378214E-01	9.287356E+01
1.55358750000E+06	2.387387E-01	9.238871E+01
1.55545625000E+06	2.373945E-01	9.264706E+01
1.55732500000E+06	2.380770E-01	9.250853E+01
1.55919375000E+06	2.383973E-01	9.309768E+01
1.56106250000E+06	2.406529E-01	9.255693E+01
1.56293125000E+06	2.375433E-01	9.261677E+01
1.56480000000E+06	2.384397E-01	9.202991E+01
1.56666875000E+06	2.384828E-01	9.273672E+01
1.56853750000E+06	2.384060E-01	9.310331E+01
1.57040625000E+06	2.387471E-01	9.275555E+01
1.57227500000E+06	2.406307E-01	9.251835E+01
1.57414375000E+06	2.413745E-01	9.281441E+01
1.57601250000E+06	2.427147E-01	9.281499E+01
1.57788125000E+06	2.418300E-01	9.272099E+01
1.57975000000E+06	2.421544E-01	9.248612E+01
1.58161875000E+06	2.413989E-01	9.239755E+01
1.58348750000E+06	2.425847E-01	9.302224E+01
1.58535625000E+06	2.408058E-01	9.227267E+01
1.58722500000E+06	2.422337E-01	9.278320E+01
1.58909375000E+06	2.442116E-01	9.257519E+01
1.59096250000E+06	2.444676E-01	9.278512E+01
1.59283125000E+06	2.434414E-01	9.320445E+01
1.59470000000E+06	2.451481E-01	9.242779E+01
1.59656875000E+06	2.420097E-01	9.224152E+01
1.59843750000E+06	2.455849E-01	9.311559E+01
1.60030625000E+06	2.456519E-01	9.323143E+01
1.60217500000E+06	2.438126E-01	9.278873E+01
1.60404375000E+06	2.441632E-01	9.276947E+01
1.60591250000E+06	2.441642E-01	9.286348E+01
1.60778125000E+06	2.472569E-01	9.336607E+01
1.60965000000E+06	2.466815E-01	9.248774E+01
1.61151875000E+06	2.470664E-01	9.259570E+01
1.61338750000E+06	2.469579E-01	9.260828E+01
1.61525625000E+06	2.467636E-01	9.274089E+01
1.61712500000E+06	2.470421E-01	9.274282E+01
1.61899375000E+06	2.478960E-01	9.275350E+01
1.62086250000E+06	2.463123E-01	9.277943E+01
1.62273125000E+06	2.491448E-01	9.317491E+01
1.62460000000E+06	2.482137E-01	9.291232E+01
1.62646875000E+06	2.466360E-01	9.288626E+01
1.62833750000E+06	2.471734E-01	9.333888E+01
1.63020625000E+06	2.488228E-01	9.297818E+01
1.63207500000E+06	2.496448E-01	9.286900E+01
1.63394375000E+06	2.489882E-01	9.283500E+01
1.63581250000E+06	2.505371E-01	9.292606E+01
1.63768125000E+06	2.494657E-01	9.246460E+01
1.63955000000E+06	2.503729E-01	9.254507E+01
1.64141875000E+06	2.517262E-01	9.264632E+01
1.64328750000E+06	2.496954E-01	9.238116E+01
1.64515625000E+06	2.512912E-01	9.302670E+01
1.64702500000E+06	2.529802E-01	9.281115E+01
1.64889375000E+06	2.509053E-01	9.281523E+01
1.65076250000E+06	2.516254E-01	9.286000E+01
1.65263125000E+06	2.545908E-01	9.296972E+01
1.65450000000E+06	2.537647E-01	9.295631E+01
1.65636875000E+06	2.523914E-01	9.269279E+01
1.65823750000E+06	2.511962E-01	9.318082E+01
1.66010625000E+06	2.547963E-01	9.294062E+01
1.66197500000E+06	2.524918E-01	9.284242E+01
1.66384375000E+06	2.539261E-01	9.307416E+01
1.66571250000E+06	2.529492E-01	9.272768E+01
1.66758125000E+06	2.564890E-01	9.270937E+01
1.66945000000E+06	2.543637E-01	9.308968E+01
1.67131875000E+06	2.544367E-01	9.276109E+01
1.67318750000E+06	2.569350E-01	9.256544E+01
1.67505625000E+06	2.547138E-01	9.246475E+01
1.67692500000E+06	2.566421E-01	9.331243E+01
1.67879375000E+06	2.597507E-01	9.305067E+01
1.68066250000E+06	2.550409E-01	9.273833E+01
1.68253125000E+06	2.539620E-01	9.273752E+01
1.68440000000E+06	2.578313E-01	9.317163E+01
1.68626875000E+06	2.585835E-01	9.302957E+01
1.68813750000E+06	2.591255E-01	9.287878E+01
1.69000625000E+06	2.608514E-01	9.277837E+01
1.69187500000E+06	2.573679E-01	9.300639E+01
1.69374375000E+06	2.580734E-01	9.292741E+01
1.69561250000E+06	2.583140E-01	9.246203E+01
1.69748125000E+06	2.583719E-01	9.339902E+01
1.69935000000E+06	2.600866E-01	9.305511E+01
1.70121875000E+06	2.605131E-01	9.320464E+01
1.70308750000E+06	2.594402E-01	9.230391E+01
1.70495625000E+06	2.601449E-01	9.290721E+01
1.70682500000E+06	2.583632E-01	9.285593E+01
1.70869375000E+06	2.621907E-01	9.268509E+01
1.71056250000E+06	2.624232E-01	9.336409E+01
1.71243125000E+06	2.606404E-01	9.286065E+01
1.71430000000E+06	2.610153E-01	9.314964E+01
1.71616875000E+06	2.610371E-01	9.324829E+01
1.71803750000E+06	2.607071E-01	9.328080E+01
1.71990625000E+06	2.614450E-01	9.302684E+01
1.72177500000E+06	2.632971E-01	9.298581E+01
1.72364375000E+06	2.619573E-01	9.326963E+01
1.72551250000E+06	2.629867E-01	9.323823E+01
1.72738125000E+06	2.640744E-01	9.306295E+01
1.72925000000E+06	2.643495E-01	9.253687E+01
1.73111875000E+06	2.649476E-01	9.335991E+01
1.73298750000E+06	2.619937E-01	9.298318E+01
1.73485625000E+06	2.651471E-01	9.308095E+01
1.73672500000E+06	2.636817E-01	9.302676E+01
1.73859375000E+06	2.628970E-01	9.331030E+01
1.74046250000E+06	2.630253E-01	9.292707E+01
1.74233125000E+06	2.657733E-01	9.344013E+01
1.74420000000E+06	2.628994E-01	9.281697E+01
1.74606875000E+06	2.654572E-01	9.323744E+01
1.74793750000E+06	2.669135E-01	9.293517E+01
1.74980625000E+06	2.665544E-01	9.315466E+01
1.75167500000E+06	2.677499E-01	9.319523E+01
1.75354375000E+06	2.650721E-01	9.299736E+01
1.75541250000E+06	2.699204E-01	9.334984E+01
1.75728125000E+06	2.701893E-01	9.308945E+01
1.75915000000E+06	2.700492E-01	9.316062E+01
1.76101875000E+06	2.671652E-01	9.314584E+01
1.76288750000E+06	2.686577E-01	9.307420E+01
1.76475625000E+06	2.697343E-01	9.328848E+01
1.76662500000E+06	2.692358E-01	9.316620E+01
1.76849375000E+06	2.675178E-01	9.363103E+01
1.77036250000E+06	2.704046E-01	9.288933E+01
1.77223125000E+06	2.697386E-01	9.331184E+01
1.77410000000E+06	2.707410E-01	9.279005E+01
1.77596875000E+06	2.716772E-01	9.306948E+01
1.77783750000E+06	2.706189E-01	9.331113E+01
1.77970625000E+06	2.742632E-01	9.315288E+01
1.78157500000E+06	2.698560E-01	9.307441E+01
1.78344375000E+06	2.709371E-01	9.322857E+01
1.78531250000E+06	2.717529E-01	9.314296E+01
1.78718125000E+06	2.716594E-01	9.319581E+01
1.78905000000E+06	2.718106E-01	9.322517E+01
1.79091875000E+06	2.720933E-01	9.348664E+01
1.79278750000E+06	2.716757E-01	9.359743E+01
1.79465625000E+06	2.734238E-01	9.341610E+01
1.79652500000E+06	2.736458E-01	9.277531E+01
1.79839375000E+06	2.732489E-01	9.302619E+01
1.80026250000E+06	2.731221E-01	9.295036E+01
1.80213125000E+06	2.738153E-01	9.331086E+01
1.80400000000E+06	2.743611E-01	9.307009E+01
1.80586875000E+06	2.739142E-01	9.333779E+01
1.80773750000E+06	2.758409E-01	9.272688E+01
1.80960625000E+06	2.744033E-01	9.328233E+01
1.81147500000E+06	2.750781E-01	9.337745E+01
1.81334375000E+06	2.762755E-01	9.373975E+01
1.81521250000E+06	2.769770E-01	9.310650E+01
1.81708125000E+06	2.745672E-01	9.325306E+01
1.81895000000E+06	2.767970E-01	9.324731E+01
1.82081875000E+06	2.786130E-01	9.298456E+01
1.82268750000E+06	2.748787E-01	9.306098E+01
1.82455625000E+06	2.779681E-01	9.328299E+01
1.82642500000E+06	2.771032E-01	9.329120E+01
1.82829375000E+06	2.777785E-01	9.300146E+01
1.83016250000E+06	2.777020E-01	9.325380E+01
1.83203125000E+06	2.763731E-01	9.327975E+01
1.83390000000E+06	2.790522E-01	9.262896E+01
1.83576875000E+06	2.770846E-01	9.334824E+01
1.83763750000E+06	2.771029E-01	9.345270E+01
1.83950625000E+06	2.806323E-01	9.282355E+01
1.84137500000E+06	2.790452E-01	9.292411E+01
1.84324375000E+06	2.802268E-01	9.336533E+01
1.84511250000E+06	2.796793E-01	9.361163E+01
1.84698125000E+06	2.812873E-01	9.351450E+01
1.84885000000E+06	2.793378E-01	9.327921E+01
1.85071875000E+06	2.801252E-01	9.332314E+01
1.85258750000E+06	2.804031E-01	9.338702E+01
1.85445625000E+06	2.806768E-01	9.364012E+01
1.85632500000E+06	2.820290E-01	9.352583E+01
1.85819375000E+06	2.793047E-01	9.303777E+01
1.86006250000E+06	2.827152E-01	9.327988E+01
1.86193125000E+06	2.849826E-01	9.374611E+01
1.86380000000E+06	2.821235E-01	9.336014E+01
1.86566875000E+06	2.827630E-01	9.276145E+01
1.86753750000E+06	2.831144E-01	9.326322E+01
1.86940625000E+06	2.828471E-01	9.296822E+01
1.87127500000E+06	2.839916E-01	9.308556E+01
1.87314375000E+06	2.831289E-01	9.364119E+01
1.87501250000E+06	2.812410E-01	9.328230E+01
1.87688125000E+06	2.845709E-01	9.347292E+01
1.87875000000E+06	2.835136E-01	9.307784E+01
1.88061875000E+06	2.859598E-01	9.303087E+01
1.88248750000E+06	2.858081E-01	9.304830E+01
1.88435625000E+06	2.838738E-01	9.322621E+01
1.88622500000E+06	2.875725E-01	9.314574E+01
1.88809375000E+06	2.870723E-01	9.338243E+01
1.88996250000E+06	2.872203E-01	9.304022E+01
1.89183125000E+06	2.876065E-01	9.318377E+01
1.89370000000E+06	2.887029E-01	9.372044E+01
1.89556875000E+06	2.867956E-01	9.317282E+01
1.89743750000E+06	2.859442E-01	9.300468E+01
1.89930625000E+06	2.878547E-01	9.327887E+01
1.90117500000E+06	2.861543E-01	9.360170E+01
1.90304375000E+06	2.879635E-01	9.362876E+01
1.90491250000E+06	2.889430E-01	9.369749E+01
1.90678125000E+06	2.879702E-01	9.321161E+01
1.90865000000E+06	2.906953E-01	9.295206E+01
1.91051875000E+06	2.899312E-01	9.326089E+01
1.91238750000E+06	2.890261E-01	9.312041E+01
1.91425625000E+06	2.902625E-01	9.302280E+01
1.91612500000E+06	2.906593E-01	9.345155E+01
1.91799375000E+06	2.897492E-01	9.363229E+01
1.91986250000E+06	2.921478E-01	9.290685E+01
1.92173125000E+06	2.929117E-01	9.324682E+01
1.92360000000E+06	2.913637E-01	9.331532E+01
1.92546875000E+06	2.911378E-01	9.342734E+01
1.92733750000E+06	2.903157E-01	9.309505E+01
1.92920625000E+06	2.910036E-01	9.319283E+01
1.93107500000E+06	2.928088E-01	9.308604E+01
1.93294375000E+06	2.921190E-01	9.304542E+01
1.93481250000E+06	2.911807E-01	9.351886E+01
1.93668125000E+06	2.933570E-01	9.317472E+01
1.93855000000E+06	2.910726E-01	9.374439E+01
1.94041875000E+06	2.943956E-01	9.326409E+01
1.94228750000E+06	2.914016E-01	9.323814E+01
1.94415625000E+06	2.941013E-01	9.308340E+01
1.94602500000E+06	2.935381E-01	9.335649E+01
1.94789375000E+06	2.949955E-01	9.328080E+01
1.94976250000E+06	2.953947E-01	9.295113E+01
1.95163125000E+06	2.959438E-01	9.334694E+01
1.95350000000E+06	2.951916E-01	9.354201E+01
1.95536875000E+06	2.956650E-01	9.319470E+01
1.95723750000E+06	2.957386E-01	9.331625E+01
1.95910625000E+06	2.958142E-01	9.339633E+01
1.96097500000E+06	2.983029E-01	9.338120E+01
1.96284375000E+06	2.968899E-01	9.352008E+01
1.96471250000E+06	2.977953E-01	9.332340E+01
1.96658125000E+06	2.966381E-01	9.366372E+01
1.96845000000E+06	2.991162E-01	9.325248E+01
1.97031875000E+06	2.978717E-01	9.367358E+01
1.97218750000E+06	2.976278E-01	9.400767E+01
1.97405625000E+06	2.995527E-01	9.336822E+01
1.97592500000E+06	2.996179E-01	9.302915E+01
1.97779375000E+06	2.986864E-01	9.335564E+01
1.97966250000E+06	3.007845E-01	9.300498E+01
1.98153125000E+06	2.972262E-01	9.349614E+01
1.98340000000E+06	2.983754E-01	9.354115E+01
1.98526875000E+06	2.999490E-01	9.324238E+01
1.98713750000E+06	3.000330E-01	9.338052E+01
1.98900625000E+06	2.998071E-01	9.365246E+01
1.99087500000E+06	3.004674E-01	9.350252E+01
1.99274375000E+06	3.010951E-01	9.355070E+01
1.99461250000E+06	3.035681E-01	9.331489E+01
1.99648125000E+06	3.016070E-01	9.348038E+01
1.99835000000E+06	3.011186E-01	9.353058E+01
2.00021875000E+06	3.040713E-01	9.343659E+01
2.00208750000E+06	3.028056E-01	9.369352E+01
2.00395625000E+06	3.039529E-01	9.333995E+01
2.00582500000E+06	3.038711E-01	9.336744E+01
2.00769375000E+06	3.019834E-01	9.348608E+01
2.00956250000E+06	3.040448E-01	9.341420E+01
2.01143125000E+06	3.026725E-01	9.341560E+01
2.01330000000E+06	3.036771E-01	9.370602E+01
2.01516875000E+06	3.044384E-01	9.316405E+01
2.01703750000E+06	3.035346E-01	9.355229E+01
2.01890625000E+06	3.043769E-01	9.335820E+01
2.02077500000E+06	3.048681E-01	9.356103E+01
2.02264375000E+06	3.061403E-01	9.380855E+01
2.02451250000E+06	3.049429E-01	9.376997E+01
2.02638125000E+06	3.054971E-01	9.392844E+01
2.02825000000E+06	3.048970E-01	9.391634E+01
2.03011875000E+06	3.058234E-01	9.362022E+01
2.03198750000E+06	3.059236E-01	9.341033E+01
2.03385625000E+06	3.068293E-01	9.355437E+01
2.03572500000E+06	3.082881E-01	9.359525E+01
2.03759375000E+06	3.052963E-01	9.335132E+01
2.03946250000E+06	3.061414E-01	9.372788E+01
2.04133125000E+06	3.076442E-01	9.327876E+01
2.04320000000E+06	3.061089E-01	9.368423E+01
2.04506875000E+06	3.079152E-01	9.373862E+01
2.04693750000E+06	3.082964E-01	9.372679E+01
2.04880625000E+06	3.089082E-01	9.362173E+01
2.05067500000E+06	3.095729E-01	9.384145E+01
2.05254375000E+06	3.098698E-01	9.374604E+01
2.05441250000E+06	3.096568E-01	9.388589E+01
2.05628125000E+06	3.105685E-01	9.361324E+01
2.05815000000E+06	3.111034E-01	9.362920E+01
2.06001875000E+06	3.095457E-01	9.342129E+01
2.06188750000E+06	3.113437E-01	9.318637E+01
2.06375625000E+06	3.105439E-01	9.347544E+01
2.06562500000E+06	3.112329E-01	9.382967E+01
2.06749375000E+06	3.130801E-01	9.332691E+01
2.06936250000E+06	3.119062E-01	9.354382E+01
2.07123125000E+06	3.132233E-01	9.362917E+01
2.07310000000E+06	3.110499E-01	9.324879E+01
2.07496875000E+06	3.130597E-01	9.368634E+01
2.07683750000E+06	3.118096E-01	9.341596E+01
2.07870625000E+06	3.122660E-01	9.361946E+01
2.08057500000E+06	3.132367E-01	9.347620E+01
2.08244375000E+06	3.129911E-01	9.360162E+01
2.08431250000E+06	3.150936E-01	9.333497E+01
2.08618125000E+06	3.136017E-01	9.373376E+01
2.08805000000E+06	3.135936E-01	9.391429E+01
2.08991875000E+06	3.156730E-01	9.343787E+01
2.09178750000E+06	3.133116E-01	9.388187E+01
2.09365625000E+06	3.161707E-01	9.357446E+01
2.09552500000E+06	3.160380E-01	9.371801E+01
2.09739375000E+06	3.162829E-01	9.378732E+01
2.09926250000E+06	3.161261E-01	9.358287E+01
2.10113125000E+06	3.163232E-01	9.377242E+01
2.10300000000E+06	3.143755E-01	9.375859E+01
2.10486875000E+06	3.164663E-01	9.383282E+01
2.10673750000E+06	3.174208E-01	9.366739E+01
2.10860625000E+06	3.162475E-01	9.382568E+01
2.11047500000E+06	3.188789E-01	9.347337E+01
2.11234375000E+06	3.182084E-01	9.391132E+01
2.11421250000E+06	3.197861E-01	9.393907E+01
2.11608125000E+06	3.173801E-01	9.337183E+01
2.11795000000E+06	3.171389E-01	9.383474E+01
2.11981875000E+06	3.186572E-01	9.392925E+01
2.12168750000E+06	3.202395E-01	9.355046E+01
2.12355625000E+06	3.202562E-01	9.380142E+01
2.12542500000E+06	3.190691E-01	9.369053E+01
2.12729375000E+06	3.205954E-01	9.385721E+01
2.12916250000E+06	3.199335E-01	9.360514E+01
2.13103125000E+06	3.199425E-01	9.375929E+01
2.13290000000E+06	3.230777E-01	9.379726E+01
2.13476875000E+06	3.211331E-01	9.376369E+01
2.13663750000E+06	3.206444E-01	9.385717E+01
2.13850625000E+06	3.216581E-01	9.380902E+01
2.14037500000E+06	3.217733E-01	9.401656E+01
2.14224375000E+06	3.204898E-01	9.396044E+01
2.14411250000E+06	3.210512E-01	9.385173E+01
2.14598125000E+06	3.230247E-01	9.330192E+01
2.14785000000E+06	3.225770E-01	9.408733E+01
2.14971875000E+06	3.230344E-01	9.364368E+01
2.15158750000E+06	3.229544E-01	9.396192E+01
2.15345625000E+06	3.237517E-01	9.381030E+01
2.15532500000E+06	3.251192E-01	9.387589E+01
2.15719375000E+06	3.249750E-01	9.377254E+01
2.15906250000E+06	3.241492E-01	9.359061E+01
2.16093125000E+06	3.251373E-01	9.353408E+01
2.16280000000E+06	3.232451E-01	9.391915E+01
2.16466875000E+06	3.254112E-01	9.377271E+01
2.16653750000E+06	3.256707E-01	9.383019E+01
2.16840625000E+06	3.255768E-01	9.378641E+01
2.17027500000E+06	3.253002E-01	9.373573E+01
2.17214375000E+06	3.248481E-01	9.358865E+01
2.17401250000E+06	3.264586E-01	9.373366E+01
2.17588125000E+06	3.266180E-01	9.381724E+01
2.17775000000E+06	3.259559E-01	9.361371E+01
2.17961875000E+06	3.251465E-01	9.396313E+01
2.18148750000E+06	3.282603E-01	9.385924E+01
2.18335625000E+06	3.273810E-01	9.424490E+01
2.18522500000E+06	3.273213E-01	9.407010E+01
2.18709375000E+06	3.289692E-01	9.393686E+01
2.18896250000E+06	3.276148E-01	9.376411E+01
2.19083125000E+06	3.283198E-01	9.369209E+01
2.19270000000E+06	3.280436E-01	9.386362E+01
2.19456875000E+06	3.303580E-01	9.395474E+01
2.19643750000E+06	3.302207E-01	9.324160E+01
2.19830625000E+06	3.277112E-01	9.411954E+01
2.20017500000E+06	3.302886E-01	9.413381E+01
2.20204375000E+06	3.311726E-01	9.398535E+01
2.20391250000E+06	3.292510E-01	9.397736E+01
2.20578125000E+06	3.280666E-01	9.403204E+01
2.20765000000E+06	3.305243E-01	9.387348E+01
2.20951875000E+06	3.313331E-01	9.398912E+01
2.21138750000E+06	3.304567E-01	9.397591E+01
2.21325625000E+06	3.309906E-01	9.372903E+01
2.21512500000E+06	3.324163E-01	9.377508E+01
2.21699375000E+06	3.330944E-01	9.389128E+01
2.21886250000E+06	3.300256E-01	9.393503E+01
2.22073125000E+06	3.327853E-01	9.387048E+01
2.22260000000E+06	3.336603E-01	9.407814E+01
2.22446875000E+06	3.327139E-01	9.380267E+01
2.22633750000E+06	3.336580E-01	9.426137E+01
2.22820625000E+06	3.327279E-01	9.388995E+01
2.23007500000E+06	3.361026E-01	9.393084E+01
2.23194375000E+06	3.320599E-01	9.398510E+01
2.23381250000E+06	3.348034E-01	9.401077E+01
2.23568125000E+06	3.350994E-01	9.411288E+01
2.23755000000E+06	3.349274E-01	9.384794E+01
2.23941875000E+06	3.362515E-01	9.396667E+01
2.24128750000E+06	3.346756E-01	9.371463E+01
2.24315625000E+06	3.383779E-01	9.376005E+01
2.24502500000E+06	3.355795E-01	9.409204E+01
2.24689375000E+06	3.364660E-01	9.364603E+01
2.24876250000E+06	3.368163E-01	9.413022E+01
2.25063125000E+06	3.360918E-01	9.395177E+01
2.25250000000E+06	3.370989E-01	9.420287E+01
2.25436875000E+06	3.382491E-01	9.405288E+01
2.25623750000E+06	3.373224E-01	9.395547E+01
2.25810625000E+06	3.365177E-01	9.419257E+01
2.25997500000E+06	3.355374E-01	9.398024E+01
2.26184375000E+06	3.381021E-01	9.409029E+01
2.26371250000E+06	3.386826E-01	9.411063E+01
2.26558125000E+06	3.406611E-01	9.395850E+01
2.26745000000E+06	3.382388E-01	9.415608E+01
2.26931875000E+06	3.374551E-01	9.404562E+01
2.27118750000E+06	3.409958E-01	9.409180E+01
2.27305625000E+06	3.397140E-01	9.401689E+01
2.27492500000E+06	3.388800E-01	9.429160E+01
2.27679375000E+06	3.416089E-01	9.444296E+01
2.27866250000E+06	3.405926E-01	9.414362E+01
2.28053125000E+06	3.409538E-01	9.410577E+01
2.28240000000E+06	3.415781E-01	9.433331E+01
2.28426875000E+06	3.407037E-01	9.419597E+01
2.28613750000E+06	3.401058E-01	9.389406E+01
2.28800625000E+06	3.420095E-01	9.403728E+01
2.28987500000E+06	3.425481E-01	9.420381E+01
2.29174375000E+06	3.421214E-01	9.425165E+01
2.29361250000E+06	3.420419E-01	9.445450E+01
2.29548125000E+06	3.434314E-01	9.416252E+01
2.29735000000E+06	3.430035E-01	9.412521E+01
2.29921875000E+06	3.439514E-01	9.398443E+01
2.30108750000E+06	3.435134E-01	9.417120E+01
2.30295625000E+06	3.444296E-01	9.414673E+01
2.30482500000E+06	3.441440E-01	9.415028E+01
2.30669375000E+06	3.436388E-01	9.426767E+01
2.30856250000E+06	3.449504E-01	9.433158E+01
2.31043125000E+06	3.471191E-01	9.418036E+01
2.31230000000E+06	3.453040E-01	9.432747E+01
2.31416875000E+06	3.446653E-01	9.426103E+01
2.31603750000E+06	3.466522E-01	9.423342E+01
2.31790625000E+06	3.481390E-01	9.406856E+01
2.31977500000E+06	3.451368E-01	9.410988E+01
2.32164375000E+06	3.475403E-01	9.428517E+01
2.32351250000E+06	3.465455E-01	9.413025E+01
2.32538125000E+06	3.470379E-01	9.450620E+01
2.32725000000E+06	3.465621E-01	9.430821E+01
2.32911875000E+06	3.480151E-01	9.444935E+01
2.33098750000E+06	3.471967E-01	9.462791E+01
2.33285625000E+06	3.484961E-01	9.441815E+01
2.33472500000E+06	3.494943E-01	9.407380E+01
2.33659375000E+06	3.488996E-01	9.422735E+01
2.33846250000E+06	3.488320E-01	9.422629E+01
2.34033125000E+06	3.499483E-01	9.417548E+01
2.34220000000E+06	3.482499E-01	9.409492E+01
2.34406875000E+06	3.503111E-01	9.437486E+01
2.34593750000E+06	3.502527E-01	9.419350E+01
2.34780625000E+06	3.512557E-01	9.411980E+01
2.34967500000E+06	3.495609E-01	9.406528E+01
2.35154375000E+06	3.508973E-01	9.392309E+01
2.35341250000E+06	3.510609E-01	9.401530E+01
2.35528125000E+06	3.506675E-01	9.416616E+01
2.35715000000E+06	3.510975E-01	9.437423E+01
2.35901875000E+06	3.519928E-01	9.406376E+01
2.36088750000E+06	3.526910E-01	9.442635E+01
2.36275625000E+06	3.512034E-01	9.416145E+01
2.36462500000E+06	3.523223E-01	9.456981E+01
2.36649375000E+06	3.528573E-01	9.415026E+01
2.36836250000E+06	3.504993E-01	9.426202E+01
2.37023125000E+06	3.519684E-01	9.445975E+01
2.37210000000E+06	3.522493E-01	9.445352E+01
2.37396875000E+06	3.535327E-01	9.427169E+01
2.37583750000E+06	3.546866E-01	9.458433E+01
2.37770625000E+06	3.553769E-01	9.450274E+01
2.37957500000E+06	3.535126E-01	9.439464E+01
2.38144375000E+06	3.541357E-01	9.433073E+01
2.38331250000E+06	3.541485E-01	9.454134E+01
2.38518125000E+06	3.559106E-01	9.432146E+01
2.38705000000E+06	3.549846E-01	9.452224E+01
2.38891875000E+06	3.563541E-01	9.401728E+01
2.39078750000E+06	3.556902E-01	9.430038E+01
2.39265625000E+06	3.570576E-01	9.470753E+01
2.39452500000E+06	3.569607E-01	9.422938E+01
2.39639375000E+06	3.581493E-01	9.402646E+01
2.39826250000E+06	3.585707E-01	9.456413E+01
2.40013125000E+06	3.575252E-01	9.460486E+01
2.40200000000E+06	3.565313E-01	9.440064E+01
2.40386875000E+06	3.592473E-01	9.432333E+01
2.40573750000E+06	3.581742E-01	9.456966E+01
2.40760625000E+06	3.572918E-01	9.426481E+01
2.40947500000E+06	3.599682E-01	9.437729E+01
2.41134375000E+06	3.586781E-01	9.446041E+01
2.41321250000E+06	3.579829E-01	9.459205E+01
2.41508125000E+06	3.589747E-01	9.430885E+01
2.41695000000E+06	3.600543E-01	9.429740E+01
2.41881875000E+06	3.603238E-01	9.427525E+01
2.42068750000E+06	3.589613E-01	9.435622E+01
2.42255625000E+06	3.610060E-01	9.448616E+01
2.42442500000E+06	3.605978E-01	9.408930E+01
2.42629375000E+06	3.587060E-01	9.453885E+01
2.42816250000E+06	3.626316E-01	9.463132E+01
2.43003125000E+06	3.615171E-01	9.437919E+01
2.43190000000E+06	3.614581E-01	9.449335E+01
2.43376875000E+06	3.616854E-01	9.428764E+01
2.43563750000E+06	3.636612E-01	9.433715E+01
2.43750625000E+06	3.634969E-01	9.464342E+01
2.43937500000E+06	3.628252E-01	9.457238E+01
2.44124375000E+06	3.622555E-01	9.461839E+01
2.44311250000E+06	3.636409E-01	9.448486E+01
2.44498125000E+06	3.639062E-01	9.430286E+01
2.44685000000E+06	3.635296E-01	9.461896E+01
2.44871875000E+06	3.630942E-01	9.443446E+01
2.45058750000E+06	3.633215E-01	9.414103E+01
2.45245625000E+06	3.659059E-01	9.451189E+01
2.45432500000E+06	3.679180E-01	9.452334E+01
2.45619375000E+06	3.646260E-01	9.444828E+01
2.45806250000E+06	3.656600E-01	9.431406E+01
2.45993125000E+06	3.667023E-01	9.460891E+01
2.46180000000E+06	3.661222E-01	9.440813E+01
2.46366875000E+06	3.640347E-01	9.461135E+01
2.46553750000E+06	3.652868E-01	9.441401E+01
2.46740625000E+06	3.669642E-01	9.429166E+01
2.46927500000E+06	3.680377E-01	9.442893E+01
2.47114375000E+06	3.663012E-01	9.432813E+01
2.47301250000E+06	3.684573E-01	9.446729E+01
2.47488125000E+06	3.674973E-01	9.456912E+01
2.47675000000E+06	3.672428E-01	9.431264E+01
2.47861875000E+06	3.676906E-01	9.439741E+01
2.48048750000E+06	3.682328E-01	9.437840E+01
2.48235625000E+06	3.686092E-01	9.448217E+01
2.48422500000E+06	3.703483E-01	9.433649E+01
2.48609375000E+06	3.686188E-01	9.473983E+01
2.48796250000E+06	3.701425E-01	9.449127E+01
2.48983125000E+06	3.710728E-01	9.447671E+01
2.49170000000E+06	3.696496E-01	9.424657E+01
2.49356875000E+06	3.698653E-01	9.441068E+01
2.49543750000E+06	3.700446E-01	9.452503E+01
2.49730625000E+06	3.701651E-01	9.472866E+01
2.49917500000E+06	3.705874E-01	9.445097E+01
2.50104375000E+06	3.713170E-01	9.458881E+01
2.50291250000E+06	3.714282E-01	9.451091E+01
2.50478125000E+06	3.707686E-01	9.461711E+01
2.50665000000E+06	3.710243E-01	9.467151E+01
2.50851875000E+06	3.722225E-01	9.447256E+01
2.51038750000E+06	3.726622E-01	9.467551E+01
2.51225625000E+06	3.713830E-01	9.433469E+01
2.51412500000E+06	3.718219E-01	9.468416E+01
2.51599375000E+06	3.743489E-01	9.465685E+01
2.51786250000E+06	3.723417E-01	9.449655E+01
2.51973125000E+06	3.742027E-01	9.470451E+01
2.52160000000E+06	3.722162E-01	9.436707E+01
2.52346875000E+06	3.745123E-01	9.446420E+01
2.52533750000E+06	3.735931E-01	9.463475E+01
2.52720625000E+06	3.740226E-01	9.458149E+01
2.52907500000E+06	3.747075E-01	9.461181E+01
2.53094375000E+06	3.760877E-01	9.480984E+01
2.53281250000E+06	3.765219E-01	9.448000E+01
2.53468125000E+06	3.765043E-01	9.468537E+01
2.53655000000E+06	3.768323E-01	9.451109E+01
2.53841875000E+06	3.749151E-01	9.467049E+01
2.54028750000E+06	3.763873E-01	9.429971E+01
2.54215625000E+06	3.778877E-01	9.455153E+01
2.54402500000E+06	3.781503E-01	9.468505E+01
2.54589375000E+06	3.765271E-01	9.465192E+01
2.54776250000E+06	3.779331E-01	9.475958E+01
2.54963125000E+06	3.782768E-01	9.480659E+01
2.55150000000E+06	3.767914E-01	9.453253E+01
2.55336875000E+06	3.785855E-01	9.462357E+01
2.55523750000E+06	3.786722E-01	9.444833E+01
2.55710625000E+06	3.794791E-01	9.463705E+01
2.55897500000E+06	3.800676E-01	9.463266E+01
2.56084375000E+06	3.803394E-01	9.469390E+01
2.56271250000E+06	3.803410E-01	9.486845E+01
2.56458125000E+06	3.815389E-01	9.466776E+01
2.56645000000E+06	3.782582E-01	9.484930E+01
2.56831875000E+06	3.786513E-01	9.470866E+01
2.57018750000E+06	3.808382E-01	9.469141E+01
2.57205625000E+06	3.809958E-01	9.479798E+01
2.57392500000E+06	3.811457E-01	9.492281E+01
2.57579375000E+06	3.813978E-01	9.453913E+01
2.57766250000E+06	3.812965E-01	9.472976E+01
2.57953125000E+06	3.811704E-01	9.467168E+01
2.58140000000E+06	3.821920E-01	9.465647E+01
2.58326875000E+06	3.812424E-01	9.461127E+01
2.58513750000E+06	3.835663E-01	9.474511E+01
2.58700625000E+06	3.813673E-01	9.474975E+01
2.58887500000E+06	3.839502E-01	9.451370E+01
2.59074375000E+06	3.834021E-01	9.499026E+01
2.59261250000E+06	3.849336E-01	9.463238E+01
2.59448125000E+06	3.824805E-01	9.457857E+01
2.59635000000E+06	3.847589E-01	9.492822E+01
2.59821875000E+06	3.822341E-01	9.464857E+01
2.60008750000E+06	3.849947E-01	9.497949E+01
2.60195625000E+06	3.830524E-01	9.454224E+01
2.60382500000E+06	3.840922E-01	9.436292E+01
2.60569375000E+06	3.822699E-01	9.448814E+01
2.60756250000E+06	3.865489E-01	9.465075E+01
2.60943125000E+06	3.857895E-01	9.463946E+01
2.61130000000E+06	3.845023E-01	9.478703E+01
2.61316875000E+06	3.860762E-01	9.472303E+01
2.61503750000E+06	3.870338E-01	9.466116E+01
2.61690625000E+06	3.855951E-01	9.462742E+01
2.61877500000E+06	3.858975E-01	9.468970E+01
2.62064375000E+06	3.867894E-01	9.471826E+01
2.62251250000E+06	3.857450E-01	9.477047E+01
2.62438125000E+06	3.887247E-01	9.482071E+01
2.62625000000E+06	3.882902E-01	9.458302E+01
2.62811875000E+06	3.873334E-01	9.474966E+01
2.62998750000E+06	3.878925E-01	9.493867E+01
2.63185625000E+06	3.871595E-01	9.475898E+01
2.63372500000E+06	3.879746E-01	9.496640E+01
2.63559375000E+06	3.883862E-01	9.464572E+01
2.63746250000E+06	3.887009E-01	9.481069E+01
2.63933125000E+06	3.894338E-01	9.481097E+01
2.64120000000E+06	3.896102E-01	9.473395E+01
2.64306875000E+06	3.884233E-01	9.492336E+01
2.64493750000E+06	3.877388E-01	9.494549E+01
2.64680625000E+06	3.920380E-01	9.483620E+01
2.64867500000E+06	3.905380E-01	9.478092E+01
2.65054375000E+06	3.909135E-01	9.471915E+01
2.65241250000E+06	3.903885E-01	9.459989E+01
2.65428125000E+06	3.920057E-01	9.490655E+01
2.65615000000E+06	3.920502E-01	9.474885E+01
2.65801875000E+06	3.896843E-01	9.464609E+01
2.65988750000E+06	3.907253E-01	9.466463E+01
2.66175625000E+06	3.917735E-01	9.497705E+01
2.66362500000E+06	3.930945E-01	9.493350E+01
2.66549375000E+06	3.922373E-01	9.469141E+01
2.66736250000E+06	3.919987E-01	9.487611E+01
2.66923125000E+06	3.933044E-01	9.490332E+01
2.67110000000E+06	3.946701E-01	9.542925E+01
2.67296875000E+06	3.945510E-01	9.486000E+01
2.67483750000E+06	3.959906E-01	9.453149E+01
2.67670625000E+06	3.962996E-01	9.480278E+01
2.67857500000E+06	3.953455E-01	9.501715E+01
2.68044375000E+06	3.953259E-01	9.488971E+01
2.68231250000E+06	3.969068E-01	9.501882E+01
2.68418125000E+06	3.968367E-01	9.500439E+01
2.68605000000E+06	3.954316E-01	9.475788E+01
2.68791875000E+06	3.967281E-01	9.459263E+01
2.68978750000E+06	3.964614E-01	9.500345E+01
2.69165625000E+06	3.955698E-01	9.500483E+01
2.69352500000E+06	3.957714E-01	9.456052E+01
2.69539375000E+06	3.987303E-01	9.482719E+01
2.69726250000E+06	3.975674E-01	9.505428E+01
2.69913125000E+06	3.981868E-01	9.486247E+01
2.70100000000E+06	3.993652E-01	9.486250E+01
2.70286875000E+06	3.970307E-01	9.507126E+01
2.70473750000E+06	3.973280E-01	9.491275E+01
2.70660625000E+06	3.985242E-01	9.497516E+01
2.70847500000E+06	3.979553E-01	9.493787E+01
2.71034375000E+06	3.982694E-01	9.489686E+01
2.71221250000E+06	4.000569E-01	9.483716E+01
2.71408125000E+06	4.008383E-01	9.501529E+01
2.71595000000E+06	4.003701E-01	9.491576E+01
2.71781875000E+06	4.007273E-01	9.472964E+01
2.71968750000E+06	4.003512E-01	9.505790E+01
2.72155625000E+06	3.997669E-01	9.465985E+01
2.72342500000E+06	4.004602E-01	9.522891E+01
2.72529375000E+06	4.019382E-01	9.496516E+01
2.72716250000E+06	4.007866E-01	9.499545E+01
2.72903125000E+06	4.021228E-01	9.488288E+01
2.73090000000E+06	4.013282E-01	9.504948E+01
2.73276875000E+06	4.008100E-01	9.504591E+01
2.73463750000E+06	4.012038E-01	9.486539E+01
2.73650625000E+06	4.012677E-01	9.495526E+01
2.73837500000E+06	4.034098E-01	9.478667E+01
2.74024375000E+06	4.026223E-01	9.501057E+01
2.74211250000E+06	4.028371E-01	9.511689E+01
2.74398125000E+06	4.018599E-01	9.512840E+01
2.74585000000E+06	4.039988E-01	9.514651E+01
2.74771875000E+06	4.026700E-01	9.494856E+01
2.74958750000E+06	4.035805E-01	9.519280E+01
2.75145625000E+06	4.036291E-01	9.530794E+01
2.75332500000E+06	4.044256E-01	9.520197E+01
2.75519375000E+06	4.040186E-01	9.515308E+01
2.75706250000E+06	4.041505E-01	9.520068E+01
2.75893125000E+06	4.055724E-01	9.520573E+01
2.76080000000E+06	4.047031E-01	9.519334E+01
2.76266875000E+06	4.065129E-01	9.515810E+01
2.76453750000E+06	4.069304E-01	9.512714E+01
2.76640625000E+06	4.045727E-01	9.497257E+01
2.76827500000E+06	4.075352E-01	9.493234E+01
2.77014375000E+06	4.062198E-01	9.514256E+01
2.77201250000E+06	4.070248E-01	9.480622E+01
2.77388125000E+06	4.085372E-01	9.519451E+01
2.77575000000E+06	4.073583E-01	9.497270E+01
2.77761875000E+06	4.085225E-01	9.512862E+01
2.77948750000E+06	4.069179E-01	9.513145E+01
2.78135625000E+06	4.088998E-01	9.513849E+01
2.78322500000E+06	4.089795E-01	9.534594E+01
2.78509375000E+06	4.099338E-01	9.508038E+01
2.78696250000E+06	4.087576E-01	9.534409E+01
2.78883125000E+06	4.077823E-01	9.522749E+01
2.79070000000E+06	4.103065E-01	9.541122E+01
2.79256875000E+06	4.098842E-01	9.515991E+01
2.79443750000E+06	4.114523E-01	9.504587E+01
2.79630625000E+06	4.097575E-01	9.516264E+01
2.79817500000E+06	4.104161E-01	9.530488E+01
2.80004375000E+06	4.094571E-01	9.535573E+01
2.80191250000E+06	4.101114E-01	9.528777E+01
2.80378125000E+06	4.108039E-01	9.512421E+01
2.80565000000E+06	4.101697E-01	9.511730E+01
2.80751875000E+06	4.114434E-01	9.512356E+01
2.80938750000E+06	4.117569E-01	9.503888E+01
2.81125625000E+06	4.117227E-01	9.491454E+01
2.81312500000E+06	4.111183E-01	9.509614E+01
2.81499375000E+06	4.119811E-01	9.516672E+01
2.81686250000E+06	4.138018E-01	9.516651E+01
2.81873125000E+06	4.127118E-01	9.531370E+01
2.82060000000E+06	4.140997E-01	9.526704E+01
2.82246875000E+06	4.128866E-01	9.521958E+01
2.82433750000E+06	4.134024E-01	9.520804E+01
2.82620625000E+06	4.144600E-01	9.554653E+01
2.82807500000E+06	4.126872E-01	9.508675E+01
2.82994375000E+06	4.132149E-01	9.531448E+01
2.83181250000E+06	4.153424E-01	9.521075E+01
2.83368125000E+06	4.156826E-01	9.531593E+01
2.83555000000E+06	4.143087E-01	9.517847E+01
2.83741875000E+06	4.151103E-01	9.522662E+01
2.83928750000E+06	4.166685E-01	9.533298E+01
2.84115625000E+06	4.162736E-01	9.503822E+01
2.84302500000E+06	4.149488E-01	9.533278E+01
2.84489375000E+06	4.154911E-01	9.525188E+01
2.84676250000E+06	4.155573E-01	9.516438E+01
2.84863125000E+06	4.172426E-01	9.528576E+01
2.85050000000E+06	4.178429E-01	9.496835E+01
2.85236875000E+06	4.162298E-01	9.560825E+01
2.85423750000E+06	4.175550E-01	9.514499E+01
2.85610625000E+06	4.177482E-01	9.531949E+01
2.85797500000E+06	4.184316E-01	9.555183E+01
2.85984375000E+06	4.187643E-01	9.526523E+01
2.86171250000E+06	4.195753E-01	9.520465E+01
2.86358125000E+06	4.186023E-01	9.512579E+01
2.86545000000E+06	4.204911E-01	9.522298E+01
2.86731875000E+06	4.188605E-01	9.535456E+01
2.86918750000E+06	4.200352E-01	9.505254E+01
2.87105625000E+06	4.164743E-01	9.516144E+01
2.87292500000E+06	4.205176E-01	9.510470E+01
2.87479375000E+06	4.188193E-01	9.524216E+01
2.87666250000E+06	4.198367E-01	9.539493E+01
2.87853125000E+06	4.185978E-01	9.536599E+01
2.88040000000E+06	4.206023E-01	9.522205E+01
2.88226875000E+06	4.185502E-01	9.550435E+01
2.88413750000E+06	4.206195E-01	9.538118E+01
2.88600625000E+06	4.211569E-01	9.534750E+01
2.88787500000E+06	4.197895E-01	9.550687E+01
2.88974375000E+06	4.206226E-01	9.544140E+01
2.89161250000E+06	4.210845E-01	9.529274E+01
2.89348125000E+06	4.216204E-01	9.537830E+01
2.89535000000E+06	4.222096E-01	9.551617E+01
2.89721875000E+06	4.218056E-01	9.559170E+01
2.89908750000E+06	4.236499E-01	9.555247E+01
2.90095625000E+06	4.226664E-01	9.555437E+01
2.90282500000E+06	4.234915E-01	9.560257E+01
2.90469375000E+06	4.218866E-01	9.543939E+01
2.90656250000E+06	4.238495E-01	9.553089E+01
2.90843125000E+06	4.241884E-01	9.530647E+01
2.91030000000E+06	4.242417E-01	9.544246E+01
2.91216875000E+06	4.247205E-01	9.557725E+01
2.91403750000E+06	4.233708E-01	9.538075E+01
2.91590625000E+06	4.246698E-01	9.553368E+01
2.91777500000E+06	4.266718E-01	9.585811E+01
2.91964375000E+06	4.252602E-01	9.546464E+01
2.92151250000E+06	4.260485E-01	9.524072E+01
2.92338125000E+06	4.253216E-01	9.552261E+01
2.92525000000E+06	4.241262E-01	9.523329E+01
2.92711875000E+06	4.242332E-01	9.522350E+01
2.92898750000E+06	4.255413E-01	9.576743E+01
2.93085625000E+06	4.280120E-01	9.562234E+01
2.93272500000E+06	4.257006E-01	9.529649E+01
2.93459375000E+06	4.263536E-01	9.561819E+01
2.93646250000E+06	4.274383E-01	9.555418E+01
2.93833125000E+06	4.278728E-01	9.558262E+01
2.94020000000E+06	4.289165E-01	9.536269E+01
2.94206875000E+06	4.259445E-01	9.536378E+01
2.94393750000E+06	4.269907E-01	9.535371E+01
2.94580625000E+06	4.277745E-01	9.569203E+01
2.94767500000E+06	4.291711E-01	9.551096E+01
2.94954375000E+06	4.272833E-01	9.556386E+01
2.95141250000E+06	4.278471E-01	9.561714E+01
2.95328125000E+06	4.291216E-01	9.546539E+01
2.95515000000E+06	4.286472E-01	9.554189E+01
2.95701875000E+06	4.294907E-01	9.569314E+01
2.95888750000E+06	4.284560E-01	9.576398E+01
2.96075625000E+06	4.278370E-01	9.554190E+01
2.96262500000E+06	4.302814E-01	9.525956E+01
2.96449375000E+06	4.317577E-01	9.536303E+01
2.96636250000E+06	4.312065E-01	9.577001E+01
2.96823125000E+06	4.310992E-01	9.548020E+01
2.97010000000E+06	4.308742E-01	9.559645E+01
2.97196875000E+06	4.308749E-01	9.555688E+01
2.97383750000E+06	4.323287E-01	9.551903E+01
2.97570625000E+06	4.319623E-01	9.536358E+01
2.97757500000E+06	4.331854E-01	9.557120E+01
2.97944375000E+06	4.315611E-01	9.557690E+01
2.98131250000E+06	4.331491E-01	9.555302E+01
2.98318125000E+06	4.324542E-01	9.575912E+01
2.98505000000E+06	4.336533E-01	9.564576E+01
2.98691875000E+06	4.310159E-01	9.584028E+01
2.98878750000E+06	4.355401E-01	9.583703E+01
2.99065625000E+06	4.318202E-01	9.551409E+01
2.99252500000E+06	4.345454E-01	9.552032E+01
2.99439375000E+06	4.357857E-01	9.561131E+01
2.99626250000E+06	4.356504E-01	9.531548E+01
2.99813125000E+06	4.365895E-01	9.556489E+01
3.00000000000E+06	4.333405E-01	9.570226E+01
