"E5100A REV3.14"
"DATE: Jul  3 2004"



"CHANNEL: 2"
"MEASURE TYPE: AR"
"FORMAT TYPE: LINMP"
"NUMBER of POINTS: 1601"
"SWEEP TIME:  3.458 s"
"SWEEP TYPE: LINF"
"SOURCE POWER: 0 dBm"
"IF BANDWIDTH: 500 Hz"

"Frequency"	"Main Array"	"Sub Array"
1.00000000000E+04	6.077523E-02	1.600504E+02
1.18687500000E+04	2.061938E-02	1.636937E+02
1.37375000000E+04	2.104591E-02	1.418387E+02
1.56062500000E+04	9.641784E-03	1.216034E+02
1.74750000000E+04	2.669340E-02	9.232270E+01
1.93437500000E+04	2.788554E-02	1.100085E+02
2.12125000000E+04	3.539410E-02	9.433303E+01
2.30812500000E+04	3.641206E-02	8.955047E+01
2.49500000000E+04	4.200617E-02	9.290328E+01
2.68187500000E+04	5.258082E-02	9.020737E+01
2.86875000000E+04	5.520939E-02	9.332571E+01
3.05562500000E+04	5.820915E-02	9.268712E+01
3.24250000000E+04	5.998365E-02	9.132808E+01
3.42937500000E+04	7.074259E-02	9.135959E+01
3.61625000000E+04	7.342581E-02	8.782172E+01
3.80312500000E+04	7.701831E-02	9.056278E+01
3.99000000000E+04	8.017635E-02	9.115770E+01
4.17687500000E+04	8.702518E-02	9.069570E+01
4.36375000000E+04	8.711571E-02	9.186842E+01
4.55062500000E+04	9.321364E-02	9.172318E+01
4.73750000000E+04	9.966352E-02	8.993584E+01
4.92437500000E+04	1.039786E-01	9.217946E+01
5.11125000000E+04	1.059088E-01	9.248652E+01
5.29812500000E+04	1.106608E-01	9.116843E+01
5.48500000000E+04	1.128940E-01	9.070094E+01
5.67187500000E+04	1.161315E-01	8.984155E+01
5.85875000000E+04	1.236726E-01	9.118842E+01
6.04562500000E+04	1.275808E-01	9.059439E+01
6.23250000000E+04	1.311951E-01	9.113691E+01
6.41937500000E+04	1.344210E-01	9.097875E+01
6.60625000000E+04	1.402286E-01	9.063294E+01
6.79312500000E+04	1.422912E-01	9.130723E+01
6.98000000000E+04	1.458291E-01	9.124100E+01
7.16687500000E+04	1.501133E-01	9.029330E+01
7.35375000000E+04	1.551719E-01	9.081312E+01
7.54062500000E+04	1.586360E-01	9.130843E+01
7.72750000000E+04	1.625059E-01	9.110986E+01
7.91437500000E+04	1.670952E-01	9.159002E+01
8.10125000000E+04	1.710702E-01	9.131271E+01
8.28812500000E+04	1.721317E-01	9.151668E+01
8.47500000000E+04	1.792977E-01	9.117031E+01
8.66187500000E+04	1.837236E-01	9.127962E+01
8.84875000000E+04	1.860900E-01	9.078509E+01
9.03562500000E+04	1.904155E-01	9.102299E+01
9.22250000000E+04	1.921001E-01	9.049120E+01
9.40937500000E+04	1.971080E-01	9.124412E+01
9.59625000000E+04	2.010606E-01	9.009648E+01
9.78312500000E+04	2.055774E-01	9.057514E+01
9.97000000000E+04	2.096559E-01	9.079147E+01
1.01568750000E+05	2.139798E-01	9.070259E+01
1.03437500000E+05	2.168450E-01	9.064762E+01
1.05306250000E+05	2.210504E-01	9.055835E+01
1.07175000000E+05	2.251059E-01	9.092558E+01
1.09043750000E+05	2.296247E-01	9.033817E+01
1.10912500000E+05	2.340152E-01	9.105740E+01
1.12781250000E+05	2.375015E-01	9.007299E+01
1.14650000000E+05	2.401829E-01	9.094151E+01
1.16518750000E+05	2.448021E-01	9.035853E+01
1.18387500000E+05	2.496585E-01	9.070538E+01
1.20256250000E+05	2.529012E-01	9.081500E+01
1.22125000000E+05	2.562798E-01	9.084856E+01
1.23993750000E+05	2.620239E-01	9.091525E+01
1.25862500000E+05	2.656386E-01	9.077441E+01
1.27731250000E+05	2.702440E-01	9.052928E+01
1.29600000000E+05	2.737203E-01	9.065690E+01
1.31468750000E+05	2.770362E-01	9.063657E+01
1.33337500000E+05	2.822648E-01	9.085406E+01
1.35206250000E+05	2.870930E-01	9.078520E+01
1.37075000000E+05	2.894719E-01	9.080583E+01
1.38943750000E+05	2.950445E-01	9.082455E+01
1.40812500000E+05	2.977941E-01	9.086870E+01
1.42681250000E+05	3.016835E-01	9.084469E+01
1.44550000000E+05	3.053850E-01	9.079434E+01
1.46418750000E+05	3.080589E-01	9.083635E+01
1.48287500000E+05	3.155732E-01	9.080109E+01
1.50156250000E+05	3.166208E-01	9.092230E+01
1.52025000000E+05	3.209375E-01	9.080689E+01
1.53893750000E+05	3.233341E-01	9.063115E+01
1.55762500000E+05	3.294639E-01	9.064662E+01
1.57631250000E+05	3.327840E-01	9.044942E+01
1.59500000000E+05	3.343609E-01	9.087117E+01
1.61368750000E+05	3.408663E-01	9.065735E+01
1.63237500000E+05	3.457800E-01	9.078275E+01
1.65106250000E+05	3.477162E-01	9.042064E+01
1.66975000000E+05	3.531248E-01	9.097400E+01
1.68843750000E+05	3.587796E-01	9.058385E+01
1.70712500000E+05	3.606662E-01	9.041836E+01
1.72581250000E+05	3.673817E-01	9.059963E+01
1.74450000000E+05	3.669894E-01	9.076321E+01
1.76318750000E+05	3.729303E-01	9.067169E+01
1.78187500000E+05	3.767700E-01	9.075758E+01
1.80056250000E+05	3.789137E-01	9.062939E+01
1.81925000000E+05	3.842658E-01	9.085226E+01
1.83793750000E+05	3.895149E-01	9.078521E+01
1.85662500000E+05	3.937848E-01	9.080699E+01
1.87531250000E+05	3.965341E-01	9.075577E+01
1.89400000000E+05	3.991258E-01	9.057062E+01
1.91268750000E+05	4.037645E-01	9.041698E+01
1.93137500000E+05	4.097136E-01	9.039407E+01
1.95006250000E+05	4.108287E-01	9.055921E+01
1.96875000000E+05	4.187112E-01	9.076021E+01
1.98743750000E+05	4.229678E-01	9.049045E+01
2.00612500000E+05	4.249782E-01	9.079427E+01
2.02481250000E+05	4.280722E-01	9.057960E+01
2.04350000000E+05	4.347190E-01	9.034621E+01
2.06218750000E+05	4.346478E-01	9.060718E+01
2.08087500000E+05	4.410872E-01	9.056513E+01
2.09956250000E+05	4.447260E-01	9.067306E+01
2.11825000000E+05	4.474561E-01	9.071132E+01
2.13693750000E+05	4.520708E-01	9.043304E+01
2.15562500000E+05	4.566256E-01	9.057755E+01
2.17431250000E+05	4.585967E-01	9.049187E+01
2.19300000000E+05	4.656850E-01	9.069438E+01
2.21168750000E+05	4.668671E-01	9.045606E+01
2.23037500000E+05	4.707516E-01	9.070668E+01
2.24906250000E+05	4.740197E-01	9.033546E+01
2.26775000000E+05	4.795612E-01	9.050517E+01
2.28643750000E+05	4.830676E-01	9.074001E+01
2.30512500000E+05	4.873720E-01	9.074793E+01
2.32381250000E+05	4.920065E-01	9.059776E+01
2.34250000000E+05	4.973412E-01	9.029045E+01
2.36118750000E+05	5.015821E-01	9.056470E+01
2.37987500000E+05	5.038987E-01	9.065720E+01
2.39856250000E+05	5.087166E-01	9.066440E+01
2.41725000000E+05	5.120770E-01	9.041891E+01
2.43593750000E+05	5.176517E-01	9.077493E+01
2.45462500000E+05	5.196783E-01	9.035354E+01
2.47331250000E+05	5.243027E-01	9.075446E+01
2.49200000000E+05	5.283013E-01	9.068105E+01
2.51068750000E+05	5.308528E-01	9.051605E+01
2.52937500000E+05	5.351443E-01	9.062266E+01
2.54806250000E+05	5.412104E-01	9.055511E+01
2.56675000000E+05	5.426407E-01	9.046223E+01
2.58543750000E+05	5.473533E-01	9.073612E+01
2.60412500000E+05	5.513780E-01	9.069758E+01
2.62281250000E+05	5.550323E-01	9.054226E+01
2.64150000000E+05	5.579636E-01	9.060897E+01
2.66018750000E+05	5.632048E-01	9.063480E+01
2.67887500000E+05	5.659141E-01	9.075916E+01
2.69756250000E+05	5.709429E-01	9.049110E+01
2.71625000000E+05	5.751448E-01	9.058571E+01
2.73493750000E+05	5.803707E-01	9.057983E+01
2.75362500000E+05	5.812851E-01	9.052457E+01
2.77231250000E+05	5.879604E-01	9.052328E+01
2.79100000000E+05	5.916402E-01	9.051469E+01
2.80968750000E+05	5.956939E-01	9.050142E+01
2.82837500000E+05	5.977036E-01	9.067326E+01
2.84706250000E+05	6.030259E-01	9.063002E+01
2.86575000000E+05	6.074619E-01	9.061293E+01
2.88443750000E+05	6.131204E-01	9.069662E+01
2.90312500000E+05	6.150480E-01	9.061076E+01
2.92181250000E+05	6.206322E-01	9.059155E+01
2.94050000000E+05	6.247694E-01	9.066920E+01
2.95918750000E+05	6.272386E-01	9.078824E+01
2.97787500000E+05	6.303713E-01	9.042767E+01
2.99656250000E+05	6.344808E-01	9.075175E+01
3.01525000000E+05	6.391748E-01	9.076987E+01
3.03393750000E+05	6.434259E-01	9.057705E+01
3.05262500000E+05	6.480171E-01	9.047222E+01
3.07131250000E+05	6.510943E-01	9.057401E+01
3.09000000000E+05	6.549945E-01	9.059105E+01
3.10868750000E+05	6.589329E-01	9.052375E+01
3.12737500000E+05	6.620774E-01	9.033987E+01
3.14606250000E+05	6.651005E-01	9.061858E+01
3.16475000000E+05	6.697363E-01	9.073764E+01
3.18343750000E+05	6.763598E-01	9.047164E+01
3.20212500000E+05	6.784474E-01	9.064644E+01
3.22081250000E+05	6.832552E-01	9.050047E+01
3.23950000000E+05	6.864226E-01	9.044767E+01
3.25818750000E+05	6.899709E-01	9.051311E+01
3.27687500000E+05	6.949397E-01	9.064876E+01
3.29556250000E+05	6.980479E-01	9.057142E+01
3.31425000000E+05	7.041134E-01	9.053650E+01
3.33293750000E+05	7.084659E-01	9.052117E+01
3.35162500000E+05	7.088643E-01	9.063861E+01
3.37031250000E+05	7.149366E-01	9.063597E+01
3.38900000000E+05	7.187095E-01	9.058609E+01
3.40768750000E+05	7.217910E-01	9.062222E+01
3.42637500000E+05	7.266145E-01	9.071204E+01
3.44506250000E+05	7.299840E-01	9.069864E+01
3.46375000000E+05	7.350039E-01	9.063313E+01
3.48243750000E+05	7.386829E-01	9.042248E+01
3.50112500000E+05	7.424451E-01	9.058628E+01
3.51981250000E+05	7.468973E-01	9.051363E+01
3.53850000000E+05	7.501100E-01	9.057181E+01
3.55718750000E+05	7.529840E-01	9.048208E+01
3.57587500000E+05	7.579148E-01	9.074007E+01
3.59456250000E+05	7.616839E-01	9.053951E+01
3.61325000000E+05	7.659624E-01	9.071830E+01
3.63193750000E+05	7.690821E-01	9.053218E+01
3.65062500000E+05	7.721275E-01	9.066689E+01
3.66931250000E+05	7.768974E-01	9.063038E+01
3.68800000000E+05	7.820484E-01	9.051402E+01
3.70668750000E+05	7.844682E-01	9.064134E+01
3.72537500000E+05	7.903014E-01	9.045439E+01
3.74406250000E+05	7.931395E-01	9.048595E+01
3.76275000000E+05	7.970427E-01	9.061293E+01
3.78143750000E+05	8.023906E-01	9.056757E+01
3.80012500000E+05	8.050594E-01	9.046323E+01
3.81881250000E+05	8.106889E-01	9.064626E+01
3.83750000000E+05	8.125612E-01	9.060648E+01
3.85618750000E+05	8.179385E-01	9.063963E+01
3.87487500000E+05	8.221031E-01	9.060551E+01
3.89356250000E+05	8.256869E-01	9.063039E+01
3.91225000000E+05	8.288552E-01	9.066651E+01
3.93093750000E+05	8.345246E-01	9.063180E+01
3.94962500000E+05	8.373144E-01	9.050296E+01
3.96831250000E+05	8.411582E-01	9.058435E+01
3.98700000000E+05	8.448815E-01	9.066279E+01
4.00568750000E+05	8.487929E-01	9.061055E+01
4.02437500000E+05	8.521015E-01	9.052617E+01
4.04306250000E+05	8.571449E-01	9.053615E+01
4.06175000000E+05	8.614192E-01	9.060260E+01
4.08043750000E+05	8.657890E-01	9.058214E+01
4.09912500000E+05	8.677707E-01	9.058075E+01
4.11781250000E+05	8.727168E-01	9.062810E+01
4.13650000000E+05	8.770462E-01	9.063670E+01
4.15518750000E+05	8.790460E-01	9.046754E+01
4.17387500000E+05	8.856786E-01	9.052747E+01
4.19256250000E+05	8.891519E-01	9.049763E+01
4.21125000000E+05	8.937238E-01	9.050250E+01
4.22993750000E+05	8.959790E-01	9.051757E+01
4.24862500000E+05	9.000394E-01	9.068099E+01
4.26731250000E+05	9.029416E-01	9.058231E+01
4.28600000000E+05	9.094263E-01	9.062118E+01
4.30468750000E+05	9.117080E-01	9.051868E+01
4.32337500000E+05	9.157733E-01	9.054372E+01
4.34206250000E+05	9.208019E-01	9.064581E+01
4.36075000000E+05	9.235113E-01	9.056923E+01
4.37943750000E+05	9.289995E-01	9.067105E+01
4.39812500000E+05	9.315852E-01	9.056594E+01
4.41681250000E+05	9.373882E-01	9.052836E+01
4.43550000000E+05	9.408163E-01	9.051453E+01
4.45418750000E+05	9.440516E-01	9.057854E+01
4.47287500000E+05	9.485322E-01	9.053104E+01
4.49156250000E+05	9.530030E-01	9.059943E+01
4.51025000000E+05	9.572815E-01	9.055189E+01
4.52893750000E+05	9.588253E-01	9.055982E+01
4.54762500000E+05	9.619867E-01	9.066334E+01
4.56631250000E+05	9.684401E-01	9.057090E+01
4.58500000000E+05	9.715416E-01	9.054856E+01
4.60368750000E+05	9.768949E-01	9.057961E+01
4.62237500000E+05	9.794971E-01	9.054929E+01
4.64106250000E+05	9.842186E-01	9.056810E+01
4.65975000000E+05	9.881328E-01	9.058127E+01
4.67843750000E+05	9.915919E-01	9.052280E+01
4.69712500000E+05	9.963538E-01	9.052473E+01
4.71581250000E+05	9.998146E-01	9.058523E+01
4.73450000000E+05	1.004652E+00	9.061497E+01
4.75318750000E+05	1.009340E+00	9.058224E+01
4.77187500000E+05	1.010424E+00	9.056451E+01
4.79056250000E+05	1.014886E+00	9.051407E+01
4.80925000000E+05	1.019378E+00	9.046422E+01
4.82793750000E+05	1.024197E+00	9.056387E+01
4.84662500000E+05	1.026104E+00	9.057457E+01
4.86531250000E+05	1.029824E+00	9.059602E+01
4.88400000000E+05	1.035617E+00	9.054649E+01
4.90268750000E+05	1.039597E+00	9.058631E+01
4.92137500000E+05	1.042795E+00	9.057152E+01
4.94006250000E+05	1.045189E+00	9.053798E+01
4.95875000000E+05	1.052579E+00	9.059154E+01
4.97743750000E+05	1.056300E+00	9.063315E+01
4.99612500000E+05	1.059798E+00	9.065043E+01
5.01481250000E+05	1.062664E+00	9.061272E+01
5.03350000000E+05	1.065884E+00	9.053651E+01
5.05218750000E+05	1.072477E+00	9.051324E+01
5.07087500000E+05	1.075630E+00	9.060256E+01
5.08956250000E+05	1.079140E+00	9.057393E+01
5.10825000000E+05	1.083108E+00	9.054881E+01
5.12693750000E+05	1.085565E+00	9.060143E+01
5.14562500000E+05	1.090272E+00	9.057150E+01
5.16431250000E+05	1.094518E+00	9.058042E+01
5.18300000000E+05	1.098787E+00	9.064424E+01
5.20168750000E+05	1.102801E+00	9.061268E+01
5.22037500000E+05	1.107259E+00	9.049087E+01
5.23906250000E+05	1.110243E+00	9.052638E+01
5.25775000000E+05	1.115731E+00	9.059621E+01
5.27643750000E+05	1.119850E+00	9.057386E+01
5.29512500000E+05	1.123189E+00	9.053867E+01
5.31381250000E+05	1.126686E+00	9.051263E+01
5.33250000000E+05	1.130717E+00	9.059732E+01
5.35118750000E+05	1.135729E+00	9.054288E+01
5.36987500000E+05	1.139213E+00	9.060786E+01
5.38856250000E+05	1.143336E+00	9.061268E+01
5.40725000000E+05	1.146753E+00	9.058567E+01
5.42593750000E+05	1.150771E+00	9.056953E+01
5.44462500000E+05	1.153885E+00	9.054452E+01
5.46331250000E+05	1.158597E+00	9.056586E+01
5.48200000000E+05	1.162993E+00	9.053439E+01
5.50068750000E+05	1.165935E+00	9.055787E+01
5.51937500000E+05	1.170153E+00	9.057609E+01
5.53806250000E+05	1.175555E+00	9.053347E+01
5.55675000000E+05	1.178869E+00	9.053194E+01
5.57543750000E+05	1.183875E+00	9.066889E+01
5.59412500000E+05	1.184683E+00	9.059132E+01
5.61281250000E+05	1.189153E+00	9.063324E+01
5.63150000000E+05	1.194063E+00	9.055853E+01
5.65018750000E+05	1.197568E+00	9.054377E+01
5.66887500000E+05	1.202647E+00	9.064574E+01
5.68756250000E+05	1.207294E+00	9.061957E+01
5.70625000000E+05	1.210248E+00	9.053154E+01
5.72493750000E+05	1.214076E+00	9.060201E+01
5.74362500000E+05	1.217387E+00	9.066939E+01
5.76231250000E+05	1.221435E+00	9.062621E+01
5.78100000000E+05	1.228476E+00	9.063526E+01
5.79968750000E+05	1.228679E+00	9.059288E+01
5.81837500000E+05	1.234084E+00	9.059566E+01
5.83706250000E+05	1.237440E+00	9.055100E+01
5.85575000000E+05	1.241727E+00	9.061197E+01
5.87443750000E+05	1.246392E+00	9.054891E+01
5.89312500000E+05	1.250047E+00	9.060107E+01
5.91181250000E+05	1.253024E+00	9.060501E+01
5.93050000000E+05	1.256540E+00	9.055124E+01
5.94918750000E+05	1.261847E+00	9.064742E+01
5.96787500000E+05	1.264779E+00	9.051365E+01
5.98656250000E+05	1.269845E+00	9.057142E+01
6.00525000000E+05	1.271840E+00	9.058274E+01
6.02393750000E+05	1.276682E+00	9.057221E+01
6.04262500000E+05	1.283788E+00	9.058563E+01
6.06131250000E+05	1.286818E+00	9.050867E+01
6.08000000000E+05	1.290028E+00	9.054502E+01
6.09868750000E+05	1.293095E+00	9.052561E+01
6.11737500000E+05	1.297871E+00	9.062807E+01
6.13606250000E+05	1.301404E+00	9.057581E+01
6.15475000000E+05	1.306079E+00	9.057993E+01
6.17343750000E+05	1.307430E+00	9.060910E+01
6.19212500000E+05	1.312942E+00	9.058627E+01
6.21081250000E+05	1.317223E+00	9.058084E+01
6.22950000000E+05	1.321360E+00	9.060337E+01
6.24818750000E+05	1.324411E+00	9.054488E+01
6.26687500000E+05	1.329394E+00	9.056284E+01
6.28556250000E+05	1.332936E+00	9.058074E+01
6.30425000000E+05	1.337361E+00	9.057897E+01
6.32293750000E+05	1.339847E+00	9.060344E+01
6.34162500000E+05	1.345316E+00	9.055247E+01
6.36031250000E+05	1.348376E+00	9.059155E+01
6.37900000000E+05	1.351824E+00	9.056131E+01
6.39768750000E+05	1.355591E+00	9.052759E+01
6.41637500000E+05	1.360314E+00	9.048660E+01
6.43506250000E+05	1.364787E+00	9.058273E+01
6.45375000000E+05	1.368628E+00	9.061460E+01
6.47243750000E+05	1.372268E+00	9.060325E+01
6.49112500000E+05	1.377128E+00	9.057554E+01
6.50981250000E+05	1.381172E+00	9.053772E+01
6.52850000000E+05	1.384905E+00	9.057745E+01
6.54718750000E+05	1.388885E+00	9.065632E+01
6.56587500000E+05	1.393631E+00	9.057139E+01
6.58456250000E+05	1.395496E+00	9.058833E+01
6.60325000000E+05	1.400754E+00	9.061075E+01
6.62193750000E+05	1.405409E+00	9.061166E+01
6.64062500000E+05	1.408921E+00	9.061852E+01
6.65931250000E+05	1.413772E+00	9.057655E+01
6.67800000000E+05	1.416801E+00	9.058809E+01
6.69668750000E+05	1.421496E+00	9.063627E+01
6.71537500000E+05	1.425499E+00	9.059611E+01
6.73406250000E+05	1.427476E+00	9.059406E+01
6.75275000000E+05	1.432251E+00	9.062643E+01
6.77143750000E+05	1.436516E+00	9.062889E+01
6.79012500000E+05	1.440697E+00	9.061665E+01
6.80881250000E+05	1.443899E+00	9.065208E+01
6.82750000000E+05	1.447600E+00	9.066896E+01
6.84618750000E+05	1.454275E+00	9.063318E+01
6.86487500000E+05	1.457124E+00	9.057192E+01
6.88356250000E+05	1.459353E+00	9.061808E+01
6.90225000000E+05	1.464516E+00	9.058242E+01
6.92093750000E+05	1.468899E+00	9.062743E+01
6.93962500000E+05	1.470664E+00	9.060368E+01
6.95831250000E+05	1.476218E+00	9.058027E+01
6.97700000000E+05	1.479746E+00	9.064059E+01
6.99568750000E+05	1.484189E+00	9.058324E+01
7.01437500000E+05	1.488093E+00	9.055132E+01
7.03306250000E+05	1.492303E+00	9.064293E+01
7.05175000000E+05	1.495489E+00	9.057418E+01
7.07043750000E+05	1.498973E+00	9.056338E+01
7.08912500000E+05	1.502556E+00	9.063861E+01
7.10781250000E+05	1.508107E+00	9.061528E+01
7.12650000000E+05	1.511065E+00	9.064830E+01
7.14518750000E+05	1.516736E+00	9.062418E+01
7.16387500000E+05	1.519920E+00	9.060860E+01
7.18256250000E+05	1.525013E+00	9.056521E+01
7.20125000000E+05	1.528320E+00	9.062550E+01
7.21993750000E+05	1.529820E+00	9.065925E+01
7.23862500000E+05	1.535815E+00	9.062767E+01
7.25731250000E+05	1.539892E+00	9.059110E+01
7.27600000000E+05	1.543927E+00	9.059343E+01
7.29468750000E+05	1.546827E+00	9.063984E+01
7.31337500000E+05	1.549522E+00	9.058785E+01
7.33206250000E+05	1.555172E+00	9.058786E+01
7.35075000000E+05	1.561139E+00	9.063084E+01
7.36943750000E+05	1.563223E+00	9.063566E+01
7.38812500000E+05	1.566920E+00	9.064046E+01
7.40681250000E+05	1.571963E+00	9.063737E+01
7.42550000000E+05	1.574544E+00	9.061308E+01
7.44418750000E+05	1.577158E+00	9.063081E+01
7.46287500000E+05	1.584383E+00	9.058076E+01
7.48156250000E+05	1.586588E+00	9.064804E+01
7.50025000000E+05	1.590825E+00	9.064654E+01
7.51893750000E+05	1.595304E+00	9.065948E+01
7.53762500000E+05	1.599769E+00	9.066263E+01
7.55631250000E+05	1.602884E+00	9.061074E+01
7.57500000000E+05	1.606738E+00	9.059518E+01
7.59368750000E+05	1.611234E+00	9.061445E+01
7.61237500000E+05	1.615960E+00	9.063858E+01
7.63106250000E+05	1.619651E+00	9.064890E+01
7.64975000000E+05	1.623350E+00	9.059274E+01
7.66843750000E+05	1.627122E+00	9.061971E+01
7.68712500000E+05	1.631171E+00	9.064542E+01
7.70581250000E+05	1.635825E+00	9.063680E+01
7.72450000000E+05	1.638925E+00	9.061343E+01
7.74318750000E+05	1.642247E+00	9.066515E+01
7.76187500000E+05	1.645213E+00	9.061980E+01
7.78056250000E+05	1.650549E+00	9.062465E+01
7.79925000000E+05	1.654457E+00	9.060038E+01
7.81793750000E+05	1.659715E+00	9.063461E+01
7.83662500000E+05	1.662425E+00	9.061456E+01
7.85531250000E+05	1.664656E+00	9.058447E+01
7.87400000000E+05	1.670001E+00	9.061620E+01
7.89268750000E+05	1.673646E+00	9.064342E+01
7.91137500000E+05	1.679228E+00	9.061385E+01
7.93006250000E+05	1.682408E+00	9.062235E+01
7.94875000000E+05	1.686083E+00	9.059636E+01
7.96743750000E+05	1.691276E+00	9.061725E+01
7.98612500000E+05	1.693202E+00	9.058062E+01
8.00481250000E+05	1.699304E+00	9.059914E+01
8.02350000000E+05	1.701737E+00	9.066775E+01
8.04218750000E+05	1.706030E+00	9.066029E+01
8.06087500000E+05	1.711129E+00	9.066901E+01
8.07956250000E+05	1.715791E+00	9.064243E+01
8.09825000000E+05	1.718709E+00	9.070225E+01
8.11693750000E+05	1.721560E+00	9.065923E+01
8.13562500000E+05	1.725531E+00	9.056229E+01
8.15431250000E+05	1.730425E+00	9.069443E+01
8.17300000000E+05	1.734897E+00	9.064851E+01
8.19168750000E+05	1.739646E+00	9.058320E+01
8.21037500000E+05	1.740681E+00	9.064371E+01
8.22906250000E+05	1.746845E+00	9.065195E+01
8.24775000000E+05	1.748707E+00	9.065936E+01
8.26643750000E+05	1.755501E+00	9.064303E+01
8.28512500000E+05	1.757706E+00	9.064752E+01
8.30381250000E+05	1.762144E+00	9.066360E+01
8.32250000000E+05	1.764743E+00	9.060349E+01
8.34118750000E+05	1.770583E+00	9.067093E+01
8.35987500000E+05	1.772741E+00	9.061905E+01
8.37856250000E+05	1.779528E+00	9.062948E+01
8.39725000000E+05	1.782255E+00	9.064282E+01
8.41593750000E+05	1.785294E+00	9.067973E+01
8.43462500000E+05	1.788561E+00	9.061625E+01
8.45331250000E+05	1.792955E+00	9.068034E+01
8.47200000000E+05	1.797612E+00	9.065014E+01
8.49068750000E+05	1.802047E+00	9.064840E+01
8.50937500000E+05	1.805270E+00	9.058807E+01
8.52806250000E+05	1.811488E+00	9.062674E+01
8.54675000000E+05	1.812167E+00	9.062679E+01
8.56543750000E+05	1.817500E+00	9.069614E+01
8.58412500000E+05	1.821760E+00	9.066506E+01
8.60281250000E+05	1.825230E+00	9.066413E+01
8.62150000000E+05	1.830095E+00	9.063532E+01
8.64018750000E+05	1.833498E+00	9.066118E+01
8.65887500000E+05	1.838108E+00	9.070943E+01
8.67756250000E+05	1.842744E+00	9.065940E+01
8.69625000000E+05	1.846829E+00	9.064848E+01
8.71493750000E+05	1.850465E+00	9.063995E+01
8.73362500000E+05	1.852611E+00	9.066882E+01
8.75231250000E+05	1.858952E+00	9.066319E+01
8.77100000000E+05	1.861981E+00	9.060915E+01
8.78968750000E+05	1.864989E+00	9.066817E+01
8.80837500000E+05	1.867628E+00	9.075093E+01
8.82706250000E+05	1.870980E+00	9.069955E+01
8.84575000000E+05	1.875746E+00	9.065535E+01
8.86443750000E+05	1.881695E+00	9.069665E+01
8.88312500000E+05	1.885435E+00	9.059262E+01
8.90181250000E+05	1.887942E+00	9.068172E+01
8.92050000000E+05	1.891973E+00	9.064850E+01
8.93918750000E+05	1.897891E+00	9.067771E+01
8.95787500000E+05	1.900766E+00	9.068741E+01
8.97656250000E+05	1.905820E+00	9.066994E+01
8.99525000000E+05	1.908308E+00	9.069013E+01
9.01393750000E+05	1.912270E+00	9.073501E+01
9.03262500000E+05	1.918373E+00	9.066599E+01
9.05131250000E+05	1.920494E+00	9.067986E+01
9.07000000000E+05	1.926798E+00	9.067529E+01
9.08868750000E+05	1.928360E+00	9.066608E+01
9.10737500000E+05	1.932523E+00	9.071328E+01
9.12606250000E+05	1.936751E+00	9.069936E+01
9.14475000000E+05	1.942757E+00	9.065121E+01
9.16343750000E+05	1.944525E+00	9.067866E+01
9.18212500000E+05	1.949576E+00	9.068316E+01
9.20081250000E+05	1.952885E+00	9.068396E+01
9.21950000000E+05	1.956500E+00	9.071865E+01
9.23818750000E+05	1.960628E+00	9.067541E+01
9.25687500000E+05	1.963248E+00	9.066700E+01
9.27556250000E+05	1.969350E+00	9.067078E+01
9.29425000000E+05	1.972895E+00	9.064845E+01
9.31293750000E+05	1.976557E+00	9.068606E+01
9.33162500000E+05	1.981905E+00	9.070081E+01
9.35031250000E+05	1.984425E+00	9.071205E+01
9.36900000000E+05	1.988872E+00	9.072354E+01
9.38768750000E+05	1.992861E+00	9.068919E+01
9.40637500000E+05	1.996156E+00	9.066969E+01
9.42506250000E+05	2.000205E+00	9.064144E+01
9.44375000000E+05	2.004292E+00	9.067236E+01
9.46243750000E+05	2.005892E+00	9.070543E+01
9.48112500000E+05	2.013571E+00	9.073781E+01
9.49981250000E+05	2.017903E+00	9.070137E+01
9.51850000000E+05	2.022401E+00	9.064265E+01
9.53718750000E+05	2.024620E+00	9.074254E+01
9.55587500000E+05	2.029653E+00	9.071754E+01
9.57456250000E+05	2.033587E+00	9.069962E+01
9.59325000000E+05	2.035076E+00	9.066077E+01
9.61193750000E+05	2.041956E+00	9.069894E+01
9.63062500000E+05	2.045495E+00	9.069182E+01
9.64931250000E+05	2.047254E+00	9.072261E+01
9.66800000000E+05	2.052560E+00	9.070187E+01
9.68668750000E+05	2.055408E+00	9.069019E+01
9.70537500000E+05	2.057056E+00	9.065838E+01
9.72406250000E+05	2.066574E+00	9.068532E+01
9.74275000000E+05	2.069499E+00	9.071030E+01
9.76143750000E+05	2.072400E+00	9.072644E+01
9.78012500000E+05	2.077892E+00	9.069926E+01
9.79881250000E+05	2.080956E+00	9.068575E+01
9.81750000000E+05	2.083767E+00	9.069138E+01
9.83618750000E+05	2.087676E+00	9.074022E+01
9.85487500000E+05	2.091374E+00	9.068801E+01
9.87356250000E+05	2.097585E+00	9.068373E+01
9.89225000000E+05	2.099417E+00	9.067452E+01
9.91093750000E+05	2.104354E+00	9.072564E+01
9.92962500000E+05	2.108376E+00	9.074469E+01
9.94831250000E+05	2.109106E+00	9.075787E+01
9.96700000000E+05	2.117038E+00	9.069261E+01
9.98568750000E+05	2.119993E+00	9.077511E+01
1.00043750000E+06	2.124275E+00	9.072311E+01
1.00230625000E+06	2.126886E+00	9.067014E+01
1.00417500000E+06	2.131591E+00	9.070855E+01
1.00604375000E+06	2.136646E+00	9.073568E+01
1.00791250000E+06	2.139050E+00	9.077250E+01
1.00978125000E+06	2.143399E+00	9.069514E+01
1.01165000000E+06	2.149627E+00	9.074073E+01
1.01351875000E+06	2.152841E+00	9.070984E+01
1.01538750000E+06	2.154772E+00	9.072199E+01
1.01725625000E+06	2.160637E+00	9.074067E+01
1.01912500000E+06	2.163796E+00	9.078043E+01
1.02099375000E+06	2.167021E+00	9.076308E+01
1.02286250000E+06	2.171797E+00	9.069527E+01
1.02473125000E+06	2.175273E+00	9.068061E+01
1.02660000000E+06	2.180791E+00	9.069616E+01
1.02846875000E+06	2.181699E+00	9.070789E+01
1.03033750000E+06	2.187554E+00	9.072040E+01
1.03220625000E+06	2.190814E+00	9.070869E+01
1.03407500000E+06	2.196153E+00	9.076167E+01
1.03594375000E+06	2.199034E+00	9.078610E+01
1.03781250000E+06	2.204279E+00	9.069407E+01
1.03968125000E+06	2.207486E+00	9.074902E+01
1.04155000000E+06	2.212314E+00	9.076553E+01
1.04341875000E+06	2.216129E+00	9.073906E+01
1.04528750000E+06	2.220034E+00	9.074611E+01
1.04715625000E+06	2.224896E+00	9.074268E+01
1.04902500000E+06	2.228597E+00	9.075191E+01
1.05089375000E+06	2.232712E+00	9.075014E+01
1.05276250000E+06	2.234395E+00	9.077465E+01
1.05463125000E+06	2.238943E+00	9.073808E+01
1.05650000000E+06	2.242349E+00	9.071169E+01
1.05836875000E+06	2.247747E+00	9.073247E+01
1.06023750000E+06	2.253800E+00	9.078369E+01
1.06210625000E+06	2.255537E+00	9.075642E+01
1.06397500000E+06	2.257854E+00	9.078497E+01
1.06584375000E+06	2.264052E+00	9.076368E+01
1.06771250000E+06	2.265707E+00	9.077473E+01
1.06958125000E+06	2.270422E+00	9.073930E+01
1.07145000000E+06	2.276084E+00	9.079459E+01
1.07331875000E+06	2.279042E+00	9.080693E+01
1.07518750000E+06	2.283816E+00	9.076135E+01
1.07705625000E+06	2.287445E+00	9.079670E+01
1.07892500000E+06	2.292382E+00	9.080883E+01
1.08079375000E+06	2.295673E+00	9.078476E+01
1.08266250000E+06	2.298371E+00	9.075742E+01
1.08453125000E+06	2.302760E+00	9.078961E+01
1.08640000000E+06	2.306363E+00	9.082431E+01
1.08826875000E+06	2.310918E+00	9.077499E+01
1.09013750000E+06	2.314191E+00	9.077737E+01
1.09200625000E+06	2.318877E+00	9.079357E+01
1.09387500000E+06	2.322019E+00	9.078185E+01
1.09574375000E+06	2.328319E+00	9.079727E+01
1.09761250000E+06	2.331533E+00	9.081978E+01
1.09948125000E+06	2.334551E+00	9.077638E+01
1.10135000000E+06	2.338233E+00	9.075022E+01
1.10321875000E+06	2.345187E+00	9.077143E+01
1.10508750000E+06	2.346120E+00	9.082178E+01
1.10695625000E+06	2.350746E+00	9.078894E+01
1.10882500000E+06	2.356237E+00	9.076981E+01
1.11069375000E+06	2.360944E+00	9.079041E+01
1.11256250000E+06	2.363858E+00	9.084482E+01
1.11443125000E+06	2.367902E+00	9.080948E+01
1.11630000000E+06	2.371407E+00	9.078230E+01
1.11816875000E+06	2.376281E+00	9.084510E+01
1.12003750000E+06	2.378748E+00	9.084850E+01
1.12190625000E+06	2.384033E+00	9.079537E+01
1.12377500000E+06	2.388930E+00	9.076821E+01
1.12564375000E+06	2.390836E+00	9.082019E+01
1.12751250000E+06	2.393412E+00	9.080070E+01
1.12938125000E+06	2.399270E+00	9.080231E+01
1.13125000000E+06	2.402076E+00	9.078775E+01
1.13311875000E+06	2.405672E+00	9.082641E+01
1.13498750000E+06	2.411479E+00	9.083589E+01
1.13685625000E+06	2.415794E+00	9.080744E+01
1.13872500000E+06	2.420038E+00	9.079156E+01
1.14059375000E+06	2.423356E+00	9.084939E+01
1.14246250000E+06	2.425909E+00	9.080659E+01
1.14433125000E+06	2.428620E+00	9.084483E+01
1.14620000000E+06	2.433090E+00	9.086140E+01
1.14806875000E+06	2.438163E+00	9.082832E+01
1.14993750000E+06	2.441702E+00	9.083945E+01
1.15180625000E+06	2.448522E+00	9.082184E+01
1.15367500000E+06	2.450980E+00	9.081714E+01
1.15554375000E+06	2.454891E+00	9.082164E+01
1.15741250000E+06	2.459919E+00	9.084997E+01
1.15928125000E+06	2.463679E+00	9.080270E+01
1.16115000000E+06	2.465809E+00	9.084879E+01
1.16301875000E+06	2.470674E+00	9.080865E+01
1.16488750000E+06	2.477930E+00	9.078682E+01
1.16675625000E+06	2.483172E+00	9.085966E+01
1.16862500000E+06	2.487797E+00	9.079420E+01
1.17049375000E+06	2.491368E+00	9.078616E+01
1.17236250000E+06	2.497192E+00	9.078651E+01
1.17423125000E+06	2.499499E+00	9.079510E+01
1.17610000000E+06	2.502669E+00	9.078471E+01
1.17796875000E+06	2.505047E+00	9.080685E+01
1.17983750000E+06	2.510564E+00	9.080591E+01
1.18170625000E+06	2.514447E+00	9.078321E+01
1.18357500000E+06	2.516646E+00	9.076249E+01
1.18544375000E+06	2.521765E+00	9.076769E+01
1.18731250000E+06	2.528140E+00	9.080122E+01
1.18918125000E+06	2.528720E+00	9.081435E+01
1.19105000000E+06	2.534032E+00	9.079539E+01
1.19291875000E+06	2.538182E+00	9.079205E+01
1.19478750000E+06	2.542980E+00	9.085509E+01
1.19665625000E+06	2.545181E+00	9.078914E+01
1.19852500000E+06	2.550470E+00	9.077509E+01
1.20039375000E+06	2.553224E+00	9.079029E+01
1.20226250000E+06	2.559849E+00	9.075350E+01
1.20413125000E+06	2.560941E+00	9.082926E+01
1.20600000000E+06	2.568145E+00	9.077267E+01
1.20786875000E+06	2.570408E+00	9.084873E+01
1.20973750000E+06	2.573656E+00	9.083298E+01
1.21160625000E+06	2.578956E+00	9.078479E+01
1.21347500000E+06	2.581535E+00	9.079961E+01
1.21534375000E+06	2.589022E+00	9.088092E+01
1.21721250000E+06	2.591868E+00	9.076997E+01
1.21908125000E+06	2.595897E+00	9.081635E+01
1.22095000000E+06	2.600538E+00	9.085441E+01
1.22281875000E+06	2.603253E+00	9.080779E+01
1.22468750000E+06	2.603393E+00	9.081922E+01
1.22655625000E+06	2.608041E+00	9.080159E+01
1.22842500000E+06	2.614749E+00	9.077623E+01
1.23029375000E+06	2.617555E+00	9.077215E+01
1.23216250000E+06	2.622860E+00	9.076128E+01
1.23403125000E+06	2.625543E+00	9.079514E+01
1.23590000000E+06	2.630018E+00	9.084984E+01
1.23776875000E+06	2.633265E+00	9.087902E+01
1.23963750000E+06	2.637937E+00	9.086397E+01
1.24150625000E+06	2.641111E+00	9.077068E+01
1.24337500000E+06	2.645562E+00	9.079262E+01
1.24524375000E+06	2.652052E+00	9.080126E+01
1.24711250000E+06	2.653746E+00	9.087679E+01
1.24898125000E+06	2.659445E+00	9.085679E+01
1.25085000000E+06	2.663567E+00	9.080885E+01
1.25271875000E+06	2.664316E+00	9.081123E+01
1.25458750000E+06	2.670423E+00	9.079604E+01
1.25645625000E+06	2.672956E+00	9.085253E+01
1.25832500000E+06	2.677180E+00	9.074369E+01
1.26019375000E+06	2.684374E+00	9.081606E+01
1.26206250000E+06	2.686827E+00	9.084804E+01
1.26393125000E+06	2.691504E+00	9.079833E+01
1.26580000000E+06	2.692842E+00	9.079832E+01
1.26766875000E+06	2.700432E+00	9.078991E+01
1.26953750000E+06	2.700098E+00	9.085297E+01
1.27140625000E+06	2.705931E+00	9.087090E+01
1.27327500000E+06	2.710454E+00	9.081582E+01
1.27514375000E+06	2.714548E+00	9.083086E+01
1.27701250000E+06	2.717301E+00	9.082433E+01
1.27888125000E+06	2.722140E+00	9.083624E+01
1.28075000000E+06	2.729820E+00	9.080827E+01
1.28261875000E+06	2.731688E+00	9.079416E+01
1.28448750000E+06	2.734537E+00	9.082312E+01
1.28635625000E+06	2.736647E+00	9.088199E+01
1.28822500000E+06	2.741005E+00	9.080757E+01
1.29009375000E+06	2.748022E+00	9.080254E+01
1.29196250000E+06	2.750515E+00	9.085882E+01
1.29383125000E+06	2.753716E+00	9.084664E+01
1.29570000000E+06	2.758267E+00	9.087993E+01
1.29756875000E+06	2.764108E+00	9.080981E+01
1.29943750000E+06	2.768173E+00	9.083680E+01
1.30130625000E+06	2.769090E+00	9.087372E+01
1.30317500000E+06	2.772914E+00	9.084579E+01
1.30504375000E+06	2.779355E+00	9.080162E+01
1.30691250000E+06	2.781462E+00	9.086105E+01
1.30878125000E+06	2.786206E+00	9.086428E+01
1.31065000000E+06	2.790359E+00	9.085808E+01
1.31251875000E+06	2.793636E+00	9.082043E+01
1.31438750000E+06	2.795604E+00	9.084880E+01
1.31625625000E+06	2.801222E+00	9.079616E+01
1.31812500000E+06	2.806707E+00	9.079377E+01
1.31999375000E+06	2.810663E+00	9.087286E+01
1.32186250000E+06	2.815294E+00	9.086716E+01
1.32373125000E+06	2.820256E+00	9.084371E+01
1.32560000000E+06	2.820792E+00	9.090533E+01
1.32746875000E+06	2.823798E+00	9.086712E+01
1.32933750000E+06	2.828529E+00	9.088164E+01
1.33120625000E+06	2.834161E+00	9.082906E+01
1.33307500000E+06	2.839904E+00	9.083465E+01
1.33494375000E+06	2.843462E+00	9.087745E+01
1.33681250000E+06	2.844388E+00	9.083476E+01
1.33868125000E+06	2.850628E+00	9.085338E+01
1.34055000000E+06	2.854156E+00	9.089418E+01
1.34241875000E+06	2.857965E+00	9.084277E+01
1.34428750000E+06	2.861798E+00	9.085551E+01
1.34615625000E+06	2.864770E+00	9.083790E+01
1.34802500000E+06	2.872397E+00	9.090121E+01
1.34989375000E+06	2.872341E+00	9.088023E+01
1.35176250000E+06	2.878623E+00	9.087997E+01
1.35363125000E+06	2.883307E+00	9.086752E+01
1.35550000000E+06	2.884622E+00	9.083269E+01
1.35736875000E+06	2.891868E+00	9.083012E+01
1.35923750000E+06	2.893091E+00	9.087823E+01
1.36110625000E+06	2.897758E+00	9.089626E+01
1.36297500000E+06	2.901801E+00	9.087646E+01
1.36484375000E+06	2.905013E+00	9.086599E+01
1.36671250000E+06	2.910209E+00	9.090384E+01
1.36858125000E+06	2.912966E+00	9.085154E+01
1.37045000000E+06	2.914698E+00	9.084690E+01
1.37231875000E+06	2.922143E+00	9.090970E+01
1.37418750000E+06	2.924787E+00	9.083908E+01
1.37605625000E+06	2.933036E+00	9.083649E+01
1.37792500000E+06	2.935331E+00	9.085451E+01
1.37979375000E+06	2.936317E+00	9.087572E+01
1.38166250000E+06	2.941105E+00	9.087578E+01
1.38353125000E+06	2.942803E+00	9.092106E+01
1.38540000000E+06	2.947660E+00	9.083984E+01
1.38726875000E+06	2.954172E+00	9.085883E+01
1.38913750000E+06	2.957812E+00	9.083851E+01
1.39100625000E+06	2.960720E+00	9.087093E+01
1.39287500000E+06	2.965307E+00	9.084797E+01
1.39474375000E+06	2.970762E+00	9.087301E+01
1.39661250000E+06	2.975312E+00	9.087938E+01
1.39848125000E+06	2.976612E+00	9.089246E+01
1.40035000000E+06	2.981409E+00	9.087208E+01
1.40221875000E+06	2.986451E+00	9.086573E+01
1.40408750000E+06	2.989354E+00	9.086917E+01
1.40595625000E+06	2.993417E+00	9.087955E+01
1.40782500000E+06	3.000193E+00	9.087436E+01
1.40969375000E+06	3.001497E+00	9.087630E+01
1.41156250000E+06	3.006059E+00	9.087390E+01
1.41343125000E+06	3.009290E+00	9.085216E+01
1.41530000000E+06	3.012770E+00	9.085486E+01
1.41716875000E+06	3.018606E+00	9.091319E+01
1.41903750000E+06	3.022391E+00	9.093848E+01
1.42090625000E+06	3.026832E+00	9.087137E+01
1.42277500000E+06	3.030712E+00	9.088834E+01
1.42464375000E+06	3.032219E+00	9.087832E+01
1.42651250000E+06	3.037797E+00	9.088737E+01
1.42838125000E+06	3.041784E+00	9.084120E+01
1.43025000000E+06	3.044429E+00	9.088303E+01
1.43211875000E+06	3.050030E+00	9.090874E+01
1.43398750000E+06	3.054555E+00	9.085036E+01
1.43585625000E+06	3.055410E+00	9.086842E+01
1.43772500000E+06	3.061341E+00	9.087593E+01
1.43959375000E+06	3.066975E+00	9.090378E+01
1.44146250000E+06	3.069735E+00	9.088994E+01
1.44333125000E+06	3.072847E+00	9.085345E+01
1.44520000000E+06	3.076892E+00	9.090337E+01
1.44706875000E+06	3.081628E+00	9.089157E+01
1.44893750000E+06	3.086742E+00	9.090636E+01
1.45080625000E+06	3.091120E+00	9.089143E+01
1.45267500000E+06	3.092816E+00	9.087804E+01
1.45454375000E+06	3.097883E+00	9.088439E+01
1.45641250000E+06	3.099843E+00	9.091087E+01
1.45828125000E+06	3.106158E+00	9.091180E+01
1.46015000000E+06	3.109027E+00	9.083554E+01
1.46201875000E+06	3.115926E+00	9.088080E+01
1.46388750000E+06	3.115982E+00	9.082820E+01
1.46575625000E+06	3.123739E+00	9.088625E+01
1.46762500000E+06	3.127269E+00	9.091476E+01
1.46949375000E+06	3.127823E+00	9.091867E+01
1.47136250000E+06	3.132801E+00	9.086073E+01
1.47323125000E+06	3.138267E+00	9.084681E+01
1.47510000000E+06	3.143090E+00	9.093022E+01
1.47696875000E+06	3.147084E+00	9.088139E+01
1.47883750000E+06	3.149850E+00	9.086724E+01
1.48070625000E+06	3.155968E+00	9.086814E+01
1.48257500000E+06	3.155787E+00	9.093073E+01
1.48444375000E+06	3.163218E+00	9.087312E+01
1.48631250000E+06	3.163560E+00	9.088883E+01
1.48818125000E+06	3.172055E+00	9.086432E+01
1.49005000000E+06	3.172298E+00	9.085584E+01
1.49191875000E+06	3.179409E+00	9.085548E+01
1.49378750000E+06	3.182660E+00	9.093234E+01
1.49565625000E+06	3.186166E+00	9.089694E+01
1.49752500000E+06	3.188132E+00	9.087427E+01
1.49939375000E+06	3.193021E+00	9.091142E+01
1.50126250000E+06	3.195822E+00	9.091278E+01
1.50313125000E+06	3.204015E+00	9.090389E+01
1.50500000000E+06	3.206359E+00	9.092239E+01
1.50686875000E+06	3.211732E+00	9.091380E+01
1.50873750000E+06	3.213803E+00	9.096727E+01
1.51060625000E+06	3.218504E+00	9.086609E+01
1.51247500000E+06	3.221817E+00	9.094122E+01
1.51434375000E+06	3.224728E+00	9.091192E+01
1.51621250000E+06	3.231184E+00	9.087377E+01
1.51808125000E+06	3.234443E+00	9.089482E+01
1.51995000000E+06	3.238282E+00	9.092847E+01
1.52181875000E+06	3.243329E+00	9.094087E+01
1.52368750000E+06	3.244658E+00	9.089876E+01
1.52555625000E+06	3.249143E+00	9.091068E+01
1.52742500000E+06	3.255446E+00	9.094473E+01
1.52929375000E+06	3.258852E+00	9.092312E+01
1.53116250000E+06	3.262848E+00	9.091588E+01
1.53303125000E+06	3.267057E+00	9.092279E+01
1.53490000000E+06	3.271989E+00	9.091013E+01
1.53676875000E+06	3.273938E+00	9.090849E+01
1.53863750000E+06	3.277165E+00	9.093839E+01
1.54050625000E+06	3.282221E+00	9.093683E+01
1.54237500000E+06	3.286885E+00	9.091153E+01
1.54424375000E+06	3.289652E+00	9.092003E+01
1.54611250000E+06	3.291478E+00	9.093397E+01
1.54798125000E+06	3.299315E+00	9.092960E+01
1.54985000000E+06	3.302229E+00	9.090748E+01
1.55171875000E+06	3.306757E+00	9.091192E+01
1.55358750000E+06	3.307701E+00	9.091240E+01
1.55545625000E+06	3.312729E+00	9.093993E+01
1.55732500000E+06	3.318604E+00	9.088242E+01
1.55919375000E+06	3.324062E+00	9.089246E+01
1.56106250000E+06	3.325354E+00	9.093331E+01
1.56293125000E+06	3.330667E+00	9.097477E+01
1.56480000000E+06	3.334067E+00	9.093242E+01
1.56666875000E+06	3.338498E+00	9.093428E+01
1.56853750000E+06	3.342479E+00	9.093173E+01
1.57040625000E+06	3.348165E+00	9.089902E+01
1.57227500000E+06	3.350774E+00	9.088721E+01
1.57414375000E+06	3.355542E+00	9.095737E+01
1.57601250000E+06	3.358150E+00	9.092492E+01
1.57788125000E+06	3.361075E+00	9.097374E+01
1.57975000000E+06	3.368439E+00	9.093628E+01
1.58161875000E+06	3.367188E+00	9.094708E+01
1.58348750000E+06	3.371151E+00	9.092871E+01
1.58535625000E+06	3.377260E+00	9.093370E+01
1.58722500000E+06	3.381701E+00	9.095240E+01
1.58909375000E+06	3.386500E+00	9.095975E+01
1.59096250000E+06	3.388968E+00	9.089053E+01
1.59283125000E+06	3.394917E+00	9.089027E+01
1.59470000000E+06	3.396832E+00	9.092726E+01
1.59656875000E+06	3.403488E+00	9.092058E+01
1.59843750000E+06	3.405211E+00	9.093885E+01
1.60030625000E+06	3.409895E+00	9.095367E+01
1.60217500000E+06	3.414463E+00	9.093610E+01
1.60404375000E+06	3.415048E+00	9.094264E+01
1.60591250000E+06	3.422070E+00	9.093743E+01
1.60778125000E+06	3.428025E+00	9.092612E+01
1.60965000000E+06	3.427623E+00	9.094376E+01
1.61151875000E+06	3.433091E+00	9.097672E+01
1.61338750000E+06	3.436787E+00	9.091531E+01
1.61525625000E+06	3.444087E+00	9.096350E+01
1.61712500000E+06	3.445565E+00	9.094639E+01
1.61899375000E+06	3.451604E+00	9.096206E+01
1.62086250000E+06	3.452876E+00	9.092458E+01
1.62273125000E+06	3.459549E+00	9.094355E+01
1.62460000000E+06	3.460965E+00	9.095720E+01
1.62646875000E+06	3.465432E+00	9.096538E+01
1.62833750000E+06	3.468071E+00	9.092603E+01
1.63020625000E+06	3.471899E+00	9.101926E+01
1.63207500000E+06	3.476971E+00	9.092834E+01
1.63394375000E+06	3.484905E+00	9.093295E+01
1.63581250000E+06	3.486792E+00	9.095831E+01
1.63768125000E+06	3.490851E+00	9.095486E+01
1.63955000000E+06	3.495395E+00	9.095465E+01
1.64141875000E+06	3.498215E+00	9.095329E+01
1.64328750000E+06	3.500451E+00	9.090772E+01
1.64515625000E+06	3.505937E+00	9.095136E+01
1.64702500000E+06	3.510788E+00	9.096709E+01
1.64889375000E+06	3.515889E+00	9.098203E+01
1.65076250000E+06	3.518005E+00	9.097454E+01
1.65263125000E+06	3.524310E+00	9.096675E+01
1.65450000000E+06	3.526432E+00	9.096996E+01
1.65636875000E+06	3.528766E+00	9.095958E+01
1.65823750000E+06	3.533822E+00	9.096587E+01
1.66010625000E+06	3.536529E+00	9.096939E+01
1.66197500000E+06	3.542998E+00	9.094773E+01
1.66384375000E+06	3.546504E+00	9.095605E+01
1.66571250000E+06	3.550777E+00	9.094476E+01
1.66758125000E+06	3.555077E+00	9.094546E+01
1.66945000000E+06	3.558434E+00	9.098586E+01
1.67131875000E+06	3.562787E+00	9.095757E+01
1.67318750000E+06	3.566720E+00	9.096450E+01
1.67505625000E+06	3.570474E+00	9.098164E+01
1.67692500000E+06	3.573187E+00	9.096824E+01
1.67879375000E+06	3.579122E+00	9.095418E+01
1.68066250000E+06	3.581640E+00	9.093913E+01
1.68253125000E+06	3.587677E+00	9.096021E+01
1.68440000000E+06	3.591555E+00	9.096238E+01
1.68626875000E+06	3.595117E+00	9.096973E+01
1.68813750000E+06	3.596755E+00	9.093570E+01
1.69000625000E+06	3.605063E+00	9.093883E+01
1.69187500000E+06	3.608172E+00	9.098994E+01
1.69374375000E+06	3.613955E+00	9.097660E+01
1.69561250000E+06	3.615353E+00	9.095228E+01
1.69748125000E+06	3.619982E+00	9.093960E+01
1.69935000000E+06	3.624842E+00	9.098768E+01
1.70121875000E+06	3.627002E+00	9.096655E+01
1.70308750000E+06	3.633150E+00	9.101171E+01
1.70495625000E+06	3.633853E+00	9.099946E+01
1.70682500000E+06	3.637743E+00	9.099365E+01
1.70869375000E+06	3.642751E+00	9.097575E+01
1.71056250000E+06	3.645043E+00	9.100003E+01
1.71243125000E+06	3.653816E+00	9.097203E+01
1.71430000000E+06	3.656539E+00	9.099360E+01
1.71616875000E+06	3.662124E+00	9.099973E+01
1.71803750000E+06	3.661720E+00	9.096989E+01
1.71990625000E+06	3.667191E+00	9.098869E+01
1.72177500000E+06	3.670571E+00	9.100422E+01
1.72364375000E+06	3.675963E+00	9.097550E+01
1.72551250000E+06	3.678525E+00	9.097481E+01
1.72738125000E+06	3.682441E+00	9.096635E+01
1.72925000000E+06	3.687272E+00	9.102626E+01
1.73111875000E+06	3.688944E+00	9.099306E+01
1.73298750000E+06	3.692997E+00	9.097469E+01
1.73485625000E+06	3.698651E+00	9.099196E+01
1.73672500000E+06	3.703816E+00	9.099011E+01
1.73859375000E+06	3.707504E+00	9.100840E+01
1.74046250000E+06	3.715019E+00	9.098620E+01
1.74233125000E+06	3.716136E+00	9.101083E+01
1.74420000000E+06	3.720958E+00	9.099747E+01
1.74606875000E+06	3.721278E+00	9.101793E+01
1.74793750000E+06	3.727230E+00	9.096834E+01
1.74980625000E+06	3.733437E+00	9.098904E+01
1.75167500000E+06	3.735015E+00	9.098817E+01
1.75354375000E+06	3.741426E+00	9.099280E+01
1.75541250000E+06	3.743149E+00	9.098010E+01
1.75728125000E+06	3.746422E+00	9.101520E+01
1.75915000000E+06	3.750826E+00	9.100330E+01
1.76101875000E+06	3.755360E+00	9.103468E+01
1.76288750000E+06	3.759778E+00	9.099486E+01
1.76475625000E+06	3.763668E+00	9.098953E+01
1.76662500000E+06	3.767287E+00	9.100864E+01
1.76849375000E+06	3.771738E+00	9.100167E+01
1.77036250000E+06	3.774100E+00	9.094970E+01
1.77223125000E+06	3.780132E+00	9.098114E+01
1.77410000000E+06	3.781852E+00	9.097897E+01
1.77596875000E+06	3.786220E+00	9.097764E+01
1.77783750000E+06	3.792313E+00	9.101540E+01
1.77970625000E+06	3.795740E+00	9.100584E+01
1.78157500000E+06	3.802134E+00	9.100496E+01
1.78344375000E+06	3.807962E+00	9.098170E+01
1.78531250000E+06	3.807722E+00	9.098018E+01
1.78718125000E+06	3.810006E+00	9.099165E+01
1.78905000000E+06	3.816831E+00	9.098274E+01
1.79091875000E+06	3.819559E+00	9.098388E+01
1.79278750000E+06	3.823554E+00	9.098592E+01
1.79465625000E+06	3.827301E+00	9.097526E+01
1.79652500000E+06	3.831377E+00	9.096923E+01
1.79839375000E+06	3.835614E+00	9.097366E+01
1.80026250000E+06	3.840343E+00	9.098576E+01
1.80213125000E+06	3.843646E+00	9.101318E+01
1.80400000000E+06	3.847214E+00	9.096251E+01
1.80586875000E+06	3.851341E+00	9.099806E+01
1.80773750000E+06	3.857244E+00	9.098564E+01
1.80960625000E+06	3.861483E+00	9.099311E+01
1.81147500000E+06	3.864037E+00	9.100103E+01
1.81334375000E+06	3.869118E+00	9.098921E+01
1.81521250000E+06	3.872867E+00	9.098454E+01
1.81708125000E+06	3.876297E+00	9.100268E+01
1.81895000000E+06	3.879951E+00	9.102149E+01
1.82081875000E+06	3.885464E+00	9.102455E+01
1.82268750000E+06	3.885815E+00	9.097675E+01
1.82455625000E+06	3.891132E+00	9.099745E+01
1.82642500000E+06	3.895731E+00	9.098444E+01
1.82829375000E+06	3.899882E+00	9.099815E+01
1.83016250000E+06	3.905125E+00	9.098531E+01
1.83203125000E+06	3.906012E+00	9.097186E+01
1.83390000000E+06	3.912827E+00	9.097880E+01
1.83576875000E+06	3.914582E+00	9.097490E+01
1.83763750000E+06	3.919824E+00	9.100768E+01
1.83950625000E+06	3.923745E+00	9.097031E+01
1.84137500000E+06	3.929836E+00	9.098508E+01
1.84324375000E+06	3.932706E+00	9.100542E+01
1.84511250000E+06	3.932913E+00	9.100209E+01
1.84698125000E+06	3.937001E+00	9.096299E+01
1.84885000000E+06	3.942566E+00	9.099496E+01
1.85071875000E+06	3.948726E+00	9.099866E+01
1.85258750000E+06	3.952260E+00	9.097916E+01
1.85445625000E+06	3.954173E+00	9.094326E+01
1.85632500000E+06	3.962159E+00	9.094608E+01
1.85819375000E+06	3.964634E+00	9.097230E+01
1.86006250000E+06	3.966760E+00	9.097210E+01
1.86193125000E+06	3.970548E+00	9.097014E+01
1.86380000000E+06	3.975712E+00	9.099779E+01
1.86566875000E+06	3.979541E+00	9.101118E+01
1.86753750000E+06	3.981652E+00	9.104015E+01
1.86940625000E+06	3.988086E+00	9.100674E+01
1.87127500000E+06	3.996028E+00	9.096180E+01
1.87314375000E+06	3.998144E+00	9.101030E+01
1.87501250000E+06	3.998034E+00	9.103638E+01
1.87688125000E+06	4.005020E+00	9.097021E+01
1.87875000000E+06	4.009411E+00	9.099818E+01
1.88061875000E+06	4.009011E+00	9.102769E+01
1.88248750000E+06	4.015033E+00	9.101601E+01
1.88435625000E+06	4.019178E+00	9.096392E+01
1.88622500000E+06	4.023678E+00	9.097946E+01
1.88809375000E+06	4.031469E+00	9.099863E+01
1.88996250000E+06	4.032014E+00	9.099577E+01
1.89183125000E+06	4.036458E+00	9.099348E+01
1.89370000000E+06	4.038331E+00	9.098053E+01
1.89556875000E+06	4.043705E+00	9.098608E+01
1.89743750000E+06	4.048015E+00	9.096769E+01
1.89930625000E+06	4.050780E+00	9.100852E+01
1.90117500000E+06	4.054470E+00	9.100504E+01
1.90304375000E+06	4.060588E+00	9.099043E+01
1.90491250000E+06	4.064319E+00	9.099836E+01
1.90678125000E+06	4.068734E+00	9.099149E+01
1.90865000000E+06	4.071187E+00	9.099868E+01
1.91051875000E+06	4.076108E+00	9.101482E+01
1.91238750000E+06	4.079007E+00	9.101103E+01
1.91425625000E+06	4.083833E+00	9.101836E+01
1.91612500000E+06	4.088036E+00	9.101236E+01
1.91799375000E+06	4.092008E+00	9.101332E+01
1.91986250000E+06	4.096980E+00	9.103243E+01
1.92173125000E+06	4.100391E+00	9.102060E+01
1.92360000000E+06	4.107227E+00	9.101245E+01
1.92546875000E+06	4.107118E+00	9.103000E+01
1.92733750000E+06	4.111971E+00	9.101229E+01
1.92920625000E+06	4.116560E+00	9.104803E+01
1.93107500000E+06	4.117877E+00	9.100812E+01
1.93294375000E+06	4.124175E+00	9.101711E+01
1.93481250000E+06	4.126150E+00	9.102126E+01
1.93668125000E+06	4.133731E+00	9.101109E+01
1.93855000000E+06	4.133782E+00	9.099159E+01
1.94041875000E+06	4.139447E+00	9.105135E+01
1.94228750000E+06	4.145099E+00	9.102674E+01
1.94415625000E+06	4.148102E+00	9.105589E+01
1.94602500000E+06	4.151168E+00	9.102396E+01
1.94789375000E+06	4.159006E+00	9.100460E+01
1.94976250000E+06	4.160652E+00	9.101456E+01
1.95163125000E+06	4.162526E+00	9.100422E+01
1.95350000000E+06	4.168151E+00	9.100476E+01
1.95536875000E+06	4.172203E+00	9.100131E+01
1.95723750000E+06	4.176166E+00	9.101271E+01
1.95910625000E+06	4.179510E+00	9.102032E+01
1.96097500000E+06	4.183884E+00	9.103214E+01
1.96284375000E+06	4.188478E+00	9.101108E+01
1.96471250000E+06	4.191243E+00	9.101042E+01
1.96658125000E+06	4.196354E+00	9.101300E+01
1.96845000000E+06	4.200519E+00	9.104745E+01
1.97031875000E+06	4.206505E+00	9.103476E+01
1.97218750000E+06	4.207916E+00	9.102767E+01
1.97405625000E+06	4.211180E+00	9.103651E+01
1.97592500000E+06	4.216554E+00	9.101046E+01
1.97779375000E+06	4.219890E+00	9.102876E+01
1.97966250000E+06	4.224377E+00	9.102475E+01
1.98153125000E+06	4.230374E+00	9.101529E+01
1.98340000000E+06	4.230554E+00	9.099135E+01
1.98526875000E+06	4.238732E+00	9.101136E+01
1.98713750000E+06	4.239552E+00	9.100128E+01
1.98900625000E+06	4.242844E+00	9.100793E+01
1.99087500000E+06	4.250549E+00	9.104334E+01
1.99274375000E+06	4.252668E+00	9.102641E+01
1.99461250000E+06	4.255642E+00	9.106656E+01
1.99648125000E+06	4.261107E+00	9.103066E+01
1.99835000000E+06	4.264919E+00	9.106098E+01
2.00021875000E+06	4.269051E+00	9.104744E+01
2.00208750000E+06	4.272319E+00	9.105667E+01
2.00395625000E+06	4.277757E+00	9.102253E+01
2.00582500000E+06	4.281278E+00	9.105657E+01
2.00769375000E+06	4.283336E+00	9.106001E+01
2.00956250000E+06	4.289721E+00	9.102432E+01
2.01143125000E+06	4.293264E+00	9.103131E+01
2.01330000000E+06	4.294819E+00	9.104165E+01
2.01516875000E+06	4.300130E+00	9.103582E+01
2.01703750000E+06	4.302613E+00	9.103413E+01
2.01890625000E+06	4.308178E+00	9.102387E+01
2.02077500000E+06	4.309107E+00	9.104168E+01
2.02264375000E+06	4.317421E+00	9.108599E+01
2.02451250000E+06	4.320825E+00	9.106448E+01
2.02638125000E+06	4.328907E+00	9.105809E+01
2.02825000000E+06	4.331565E+00	9.101621E+01
2.03011875000E+06	4.331204E+00	9.105067E+01
2.03198750000E+06	4.338625E+00	9.104485E+01
2.03385625000E+06	4.338012E+00	9.105637E+01
2.03572500000E+06	4.344019E+00	9.103130E+01
2.03759375000E+06	4.349651E+00	9.106438E+01
2.03946250000E+06	4.354219E+00	9.108837E+01
2.04133125000E+06	4.358652E+00	9.103658E+01
2.04320000000E+06	4.357407E+00	9.104347E+01
2.04506875000E+06	4.367685E+00	9.105851E+01
2.04693750000E+06	4.368927E+00	9.106188E+01
2.04880625000E+06	4.371885E+00	9.110075E+01
2.05067500000E+06	4.377378E+00	9.106455E+01
2.05254375000E+06	4.381462E+00	9.104451E+01
2.05441250000E+06	4.384445E+00	9.104344E+01
2.05628125000E+06	4.390925E+00	9.106641E+01
2.05815000000E+06	4.395152E+00	9.105053E+01
2.06001875000E+06	4.397394E+00	9.105764E+01
2.06188750000E+06	4.401216E+00	9.107075E+01
2.06375625000E+06	4.404943E+00	9.107505E+01
2.06562500000E+06	4.408893E+00	9.106895E+01
2.06749375000E+06	4.415078E+00	9.106975E+01
2.06936250000E+06	4.413919E+00	9.106206E+01
2.07123125000E+06	4.421822E+00	9.107918E+01
2.07310000000E+06	4.426115E+00	9.106129E+01
2.07496875000E+06	4.428371E+00	9.104992E+01
2.07683750000E+06	4.434143E+00	9.106690E+01
2.07870625000E+06	4.438722E+00	9.106505E+01
2.08057500000E+06	4.441897E+00	9.109469E+01
2.08244375000E+06	4.445979E+00	9.106573E+01
2.08431250000E+06	4.449368E+00	9.108521E+01
2.08618125000E+06	4.454596E+00	9.106877E+01
2.08805000000E+06	4.457653E+00	9.106127E+01
2.08991875000E+06	4.463359E+00	9.104341E+01
2.09178750000E+06	4.468246E+00	9.109145E+01
2.09365625000E+06	4.470170E+00	9.103446E+01
2.09552500000E+06	4.473112E+00	9.108198E+01
2.09739375000E+06	4.477459E+00	9.107418E+01
2.09926250000E+06	4.483084E+00	9.106681E+01
2.10113125000E+06	4.486327E+00	9.107956E+01
2.10300000000E+06	4.492135E+00	9.108103E+01
2.10486875000E+06	4.493754E+00	9.106540E+01
2.10673750000E+06	4.497915E+00	9.108383E+01
2.10860625000E+06	4.501125E+00	9.108672E+01
2.11047500000E+06	4.505529E+00	9.108112E+01
2.11234375000E+06	4.511051E+00	9.108926E+01
2.11421250000E+06	4.514120E+00	9.109294E+01
2.11608125000E+06	4.517289E+00	9.108139E+01
2.11795000000E+06	4.521749E+00	9.108173E+01
2.11981875000E+06	4.525821E+00	9.106665E+01
2.12168750000E+06	4.529760E+00	9.107255E+01
2.12355625000E+06	4.532697E+00	9.110902E+01
2.12542500000E+06	4.540781E+00	9.106192E+01
2.12729375000E+06	4.543140E+00	9.107598E+01
2.12916250000E+06	4.547335E+00	9.106578E+01
2.13103125000E+06	4.550179E+00	9.107947E+01
2.13290000000E+06	4.556059E+00	9.108541E+01
2.13476875000E+06	4.559223E+00	9.107653E+01
2.13663750000E+06	4.562955E+00	9.108058E+01
2.13850625000E+06	4.566493E+00	9.108710E+01
2.14037500000E+06	4.571854E+00	9.107819E+01
2.14224375000E+06	4.574466E+00	9.107640E+01
2.14411250000E+06	4.578535E+00	9.109522E+01
2.14598125000E+06	4.582008E+00	9.107318E+01
2.14785000000E+06	4.586875E+00	9.106653E+01
2.14971875000E+06	4.588442E+00	9.110773E+01
2.15158750000E+06	4.596791E+00	9.109564E+01
2.15345625000E+06	4.599130E+00	9.108516E+01
2.15532500000E+06	4.603163E+00	9.108305E+01
2.15719375000E+06	4.607625E+00	9.110477E+01
2.15906250000E+06	4.611970E+00	9.111373E+01
2.16093125000E+06	4.615055E+00	9.110789E+01
2.16280000000E+06	4.620724E+00	9.109355E+01
2.16466875000E+06	4.621265E+00	9.110918E+01
2.16653750000E+06	4.628003E+00	9.109531E+01
2.16840625000E+06	4.633169E+00	9.110889E+01
2.17027500000E+06	4.634062E+00	9.108794E+01
2.17214375000E+06	4.640557E+00	9.108230E+01
2.17401250000E+06	4.642725E+00	9.110457E+01
2.17588125000E+06	4.645691E+00	9.108594E+01
2.17775000000E+06	4.650468E+00	9.110084E+01
2.17961875000E+06	4.656292E+00	9.111144E+01
2.18148750000E+06	4.659407E+00	9.109482E+01
2.18335625000E+06	4.663631E+00	9.108923E+01
2.18522500000E+06	4.669353E+00	9.106998E+01
2.18709375000E+06	4.671879E+00	9.109114E+01
2.18896250000E+06	4.675702E+00	9.111943E+01
2.19083125000E+06	4.680097E+00	9.107165E+01
2.19270000000E+06	4.686018E+00	9.110472E+01
2.19456875000E+06	4.689238E+00	9.111799E+01
2.19643750000E+06	4.690937E+00	9.107991E+01
2.19830625000E+06	4.698553E+00	9.111287E+01
2.20017500000E+06	4.701805E+00	9.110292E+01
2.20204375000E+06	4.702752E+00	9.110184E+01
2.20391250000E+06	4.707841E+00	9.113909E+01
2.20578125000E+06	4.711441E+00	9.110156E+01
2.20765000000E+06	4.717692E+00	9.107600E+01
2.20951875000E+06	4.720224E+00	9.111301E+01
2.21138750000E+06	4.724796E+00	9.108236E+01
2.21325625000E+06	4.728143E+00	9.111655E+01
2.21512500000E+06	4.734101E+00	9.108839E+01
2.21699375000E+06	4.734609E+00	9.109969E+01
2.21886250000E+06	4.739772E+00	9.110876E+01
2.22073125000E+06	4.742338E+00	9.112682E+01
2.22260000000E+06	4.747449E+00	9.108396E+01
2.22446875000E+06	4.751931E+00	9.108672E+01
2.22633750000E+06	4.756294E+00	9.113934E+01
2.22820625000E+06	4.760917E+00	9.112282E+01
2.23007500000E+06	4.764030E+00	9.110371E+01
2.23194375000E+06	4.768367E+00	9.114260E+01
2.23381250000E+06	4.769633E+00	9.114063E+01
2.23568125000E+06	4.778291E+00	9.108662E+01
2.23755000000E+06	4.780988E+00	9.111463E+01
2.23941875000E+06	4.784480E+00	9.111290E+01
2.24128750000E+06	4.791917E+00	9.111919E+01
2.24315625000E+06	4.792647E+00	9.111952E+01
2.24502500000E+06	4.797423E+00	9.110863E+01
2.24689375000E+06	4.803615E+00	9.110052E+01
2.24876250000E+06	4.806841E+00	9.114072E+01
2.25063125000E+06	4.808036E+00	9.112672E+01
2.25250000000E+06	4.814440E+00	9.114378E+01
2.25436875000E+06	4.816108E+00	9.111372E+01
2.25623750000E+06	4.819583E+00	9.113162E+01
2.25810625000E+06	4.826920E+00	9.111356E+01
2.25997500000E+06	4.827615E+00	9.111152E+01
2.26184375000E+06	4.833373E+00	9.113492E+01
2.26371250000E+06	4.840858E+00	9.115893E+01
2.26558125000E+06	4.841178E+00	9.114633E+01
2.26745000000E+06	4.842409E+00	9.111800E+01
2.26931875000E+06	4.849674E+00	9.113232E+01
2.27118750000E+06	4.852735E+00	9.112767E+01
2.27305625000E+06	4.859624E+00	9.113019E+01
2.27492500000E+06	4.862813E+00	9.111548E+01
2.27679375000E+06	4.863051E+00	9.110661E+01
2.27866250000E+06	4.871892E+00	9.113567E+01
2.28053125000E+06	4.872433E+00	9.113072E+01
2.28240000000E+06	4.878321E+00	9.116086E+01
2.28426875000E+06	4.880581E+00	9.109951E+01
2.28613750000E+06	4.885849E+00	9.111267E+01
2.28800625000E+06	4.890462E+00	9.114072E+01
2.28987500000E+06	4.893209E+00	9.111215E+01
2.29174375000E+06	4.898995E+00	9.113678E+01
2.29361250000E+06	4.901547E+00	9.110242E+01
2.29548125000E+06	4.905202E+00	9.112656E+01
2.29735000000E+06	4.909277E+00	9.111934E+01
2.29921875000E+06	4.913623E+00	9.114427E+01
2.30108750000E+06	4.918220E+00	9.114013E+01
2.30295625000E+06	4.922564E+00	9.114115E+01
2.30482500000E+06	4.924998E+00	9.114810E+01
2.30669375000E+06	4.929468E+00	9.117796E+01
2.30856250000E+06	4.935497E+00	9.114368E+01
2.31043125000E+06	4.937369E+00	9.116294E+01
2.31230000000E+06	4.945685E+00	9.113542E+01
2.31416875000E+06	4.947690E+00	9.112774E+01
2.31603750000E+06	4.951766E+00	9.112196E+01
2.31790625000E+06	4.954478E+00	9.112928E+01
2.31977500000E+06	4.957859E+00	9.112960E+01
2.32164375000E+06	4.963372E+00	9.112010E+01
2.32351250000E+06	4.967220E+00	9.115466E+01
2.32538125000E+06	4.971705E+00	9.116269E+01
2.32725000000E+06	4.975887E+00	9.113108E+01
2.32911875000E+06	4.978531E+00	9.113515E+01
2.33098750000E+06	4.984583E+00	9.114635E+01
2.33285625000E+06	4.986532E+00	9.113753E+01
2.33472500000E+06	4.989881E+00	9.113084E+01
2.33659375000E+06	4.996209E+00	9.113213E+01
2.33846250000E+06	5.000512E+00	9.114900E+01
2.34033125000E+06	5.003845E+00	9.113142E+01
2.34220000000E+06	5.009356E+00	9.115221E+01
2.34406875000E+06	5.011760E+00	9.115517E+01
2.34593750000E+06	5.016958E+00	9.114601E+01
2.34780625000E+06	5.019035E+00	9.114375E+01
2.34967500000E+06	5.022540E+00	9.115218E+01
2.35154375000E+06	5.027396E+00	9.115349E+01
2.35341250000E+06	5.031765E+00	9.116845E+01
2.35528125000E+06	5.035301E+00	9.116434E+01
2.35715000000E+06	5.039183E+00	9.114863E+01
2.35901875000E+06	5.043508E+00	9.115208E+01
2.36088750000E+06	5.050310E+00	9.114978E+01
2.36275625000E+06	5.050733E+00	9.116237E+01
2.36462500000E+06	5.056070E+00	9.115002E+01
2.36649375000E+06	5.058816E+00	9.116777E+01
2.36836250000E+06	5.063445E+00	9.116542E+01
2.37023125000E+06	5.069754E+00	9.114819E+01
2.37210000000E+06	5.072311E+00	9.116354E+01
2.37396875000E+06	5.076062E+00	9.114978E+01
2.37583750000E+06	5.080232E+00	9.114935E+01
2.37770625000E+06	5.085349E+00	9.114759E+01
2.37957500000E+06	5.089285E+00	9.115914E+01
2.38144375000E+06	5.090812E+00	9.117625E+01
2.38331250000E+06	5.097073E+00	9.116788E+01
2.38518125000E+06	5.101138E+00	9.117494E+01
2.38705000000E+06	5.104462E+00	9.115134E+01
2.38891875000E+06	5.107021E+00	9.115839E+01
2.39078750000E+06	5.114930E+00	9.116508E+01
2.39265625000E+06	5.116064E+00	9.115603E+01
2.39452500000E+06	5.120971E+00	9.115635E+01
2.39639375000E+06	5.124111E+00	9.116734E+01
2.39826250000E+06	5.128165E+00	9.116286E+01
2.40013125000E+06	5.133796E+00	9.117347E+01
2.40200000000E+06	5.136496E+00	9.114747E+01
2.40386875000E+06	5.141114E+00	9.116374E+01
2.40573750000E+06	5.145596E+00	9.116934E+01
2.40760625000E+06	5.149503E+00	9.116859E+01
2.40947500000E+06	5.154270E+00	9.115938E+01
2.41134375000E+06	5.156904E+00	9.117167E+01
2.41321250000E+06	5.161116E+00	9.118967E+01
2.41508125000E+06	5.165842E+00	9.119878E+01
2.41695000000E+06	5.169577E+00	9.114494E+01
2.41881875000E+06	5.174128E+00	9.114654E+01
2.42068750000E+06	5.178468E+00	9.116055E+01
2.42255625000E+06	5.182817E+00	9.117426E+01
2.42442500000E+06	5.186202E+00	9.118547E+01
2.42629375000E+06	5.189621E+00	9.117687E+01
2.42816250000E+06	5.195321E+00	9.116102E+01
2.43003125000E+06	5.198238E+00	9.115812E+01
2.43190000000E+06	5.201056E+00	9.118948E+01
2.43376875000E+06	5.207161E+00	9.116116E+01
2.43563750000E+06	5.205939E+00	9.117540E+01
2.43750625000E+06	5.213181E+00	9.120748E+01
2.43937500000E+06	5.219522E+00	9.119417E+01
2.44124375000E+06	5.221900E+00	9.117475E+01
2.44311250000E+06	5.227211E+00	9.117930E+01
2.44498125000E+06	5.230970E+00	9.118999E+01
2.44685000000E+06	5.234619E+00	9.118874E+01
2.44871875000E+06	5.237886E+00	9.118319E+01
2.45058750000E+06	5.243165E+00	9.118839E+01
2.45245625000E+06	5.248649E+00	9.118564E+01
2.45432500000E+06	5.252460E+00	9.119970E+01
2.45619375000E+06	5.255915E+00	9.118372E+01
2.45806250000E+06	5.259784E+00	9.119546E+01
2.45993125000E+06	5.263939E+00	9.118151E+01
2.46180000000E+06	5.266930E+00	9.119660E+01
2.46366875000E+06	5.271726E+00	9.119927E+01
2.46553750000E+06	5.276765E+00	9.118935E+01
2.46740625000E+06	5.279484E+00	9.117133E+01
2.46927500000E+06	5.284568E+00	9.116447E+01
2.47114375000E+06	5.289670E+00	9.116611E+01
2.47301250000E+06	5.289441E+00	9.118706E+01
2.47488125000E+06	5.295678E+00	9.121117E+01
2.47675000000E+06	5.300007E+00	9.116790E+01
2.47861875000E+06	5.303472E+00	9.118752E+01
2.48048750000E+06	5.306525E+00	9.118037E+01
2.48235625000E+06	5.311817E+00	9.117423E+01
2.48422500000E+06	5.313597E+00	9.118214E+01
2.48609375000E+06	5.317957E+00	9.120940E+01
2.48796250000E+06	5.323591E+00	9.122479E+01
2.48983125000E+06	5.329598E+00	9.118176E+01
2.49170000000E+06	5.330485E+00	9.116161E+01
2.49356875000E+06	5.335231E+00	9.117075E+01
2.49543750000E+06	5.338435E+00	9.119814E+01
2.49730625000E+06	5.343491E+00	9.118079E+01
2.49917500000E+06	5.349079E+00	9.119056E+01
2.50104375000E+06	5.352548E+00	9.119234E+01
2.50291250000E+06	5.357689E+00	9.119376E+01
2.50478125000E+06	5.364236E+00	9.118325E+01
2.50665000000E+06	5.362201E+00	9.121626E+01
2.50851875000E+06	5.366099E+00	9.118794E+01
2.51038750000E+06	5.371034E+00	9.118980E+01
2.51225625000E+06	5.377690E+00	9.118443E+01
2.51412500000E+06	5.382418E+00	9.119829E+01
2.51599375000E+06	5.383919E+00	9.120813E+01
2.51786250000E+06	5.386539E+00	9.120251E+01
2.51973125000E+06	5.392159E+00	9.118226E+01
2.52160000000E+06	5.394630E+00	9.119459E+01
2.52346875000E+06	5.399099E+00	9.119193E+01
2.52533750000E+06	5.405509E+00	9.120005E+01
2.52720625000E+06	5.407544E+00	9.119427E+01
2.52907500000E+06	5.414247E+00	9.122346E+01
2.53094375000E+06	5.417349E+00	9.120467E+01
2.53281250000E+06	5.420591E+00	9.119154E+01
2.53468125000E+06	5.426121E+00	9.120829E+01
2.53655000000E+06	5.430284E+00	9.121610E+01
2.53841875000E+06	5.431923E+00	9.118755E+01
2.54028750000E+06	5.438272E+00	9.119996E+01
2.54215625000E+06	5.439981E+00	9.119452E+01
2.54402500000E+06	5.445611E+00	9.118678E+01
2.54589375000E+06	5.447358E+00	9.121279E+01
2.54776250000E+06	5.450629E+00	9.120702E+01
2.54963125000E+06	5.458433E+00	9.120096E+01
2.55150000000E+06	5.463176E+00	9.122294E+01
2.55336875000E+06	5.464015E+00	9.119273E+01
2.55523750000E+06	5.468711E+00	9.120734E+01
2.55710625000E+06	5.474326E+00	9.120300E+01
2.55897500000E+06	5.479961E+00	9.121529E+01
2.56084375000E+06	5.483309E+00	9.121062E+01
2.56271250000E+06	5.487343E+00	9.120994E+01
2.56458125000E+06	5.491455E+00	9.120839E+01
2.56645000000E+06	5.496392E+00	9.119784E+01
2.56831875000E+06	5.499137E+00	9.119477E+01
2.57018750000E+06	5.504292E+00	9.119423E+01
2.57205625000E+06	5.507233E+00	9.121763E+01
2.57392500000E+06	5.513438E+00	9.122354E+01
2.57579375000E+06	5.516016E+00	9.122171E+01
2.57766250000E+06	5.519083E+00	9.121761E+01
2.57953125000E+06	5.524033E+00	9.121920E+01
2.58140000000E+06	5.528069E+00	9.120796E+01
2.58326875000E+06	5.530174E+00	9.121629E+01
2.58513750000E+06	5.535540E+00	9.120670E+01
2.58700625000E+06	5.539616E+00	9.124757E+01
2.58887500000E+06	5.544196E+00	9.120404E+01
2.59074375000E+06	5.548559E+00	9.124178E+01
2.59261250000E+06	5.552386E+00	9.120480E+01
2.59448125000E+06	5.557533E+00	9.121514E+01
2.59635000000E+06	5.560148E+00	9.121993E+01
2.59821875000E+06	5.562010E+00	9.123336E+01
2.60008750000E+06	5.568231E+00	9.122630E+01
2.60195625000E+06	5.572500E+00	9.121497E+01
2.60382500000E+06	5.576181E+00	9.119974E+01
2.60569375000E+06	5.580862E+00	9.123181E+01
2.60756250000E+06	5.584042E+00	9.124406E+01
2.60943125000E+06	5.586995E+00	9.121334E+01
2.61130000000E+06	5.593221E+00	9.122350E+01
2.61316875000E+06	5.596839E+00	9.122747E+01
2.61503750000E+06	5.598852E+00	9.123447E+01
2.61690625000E+06	5.607202E+00	9.120628E+01
2.61877500000E+06	5.609756E+00	9.121178E+01
2.62064375000E+06	5.615241E+00	9.122701E+01
2.62251250000E+06	5.614684E+00	9.122855E+01
2.62438125000E+06	5.620533E+00	9.122938E+01
2.62625000000E+06	5.623924E+00	9.122334E+01
2.62811875000E+06	5.630134E+00	9.123124E+01
2.62998750000E+06	5.633133E+00	9.123318E+01
2.63185625000E+06	5.638110E+00	9.122861E+01
2.63372500000E+06	5.638995E+00	9.124167E+01
2.63559375000E+06	5.646739E+00	9.120766E+01
2.63746250000E+06	5.650103E+00	9.122771E+01
2.63933125000E+06	5.654253E+00	9.125763E+01
2.64120000000E+06	5.658062E+00	9.122251E+01
2.64306875000E+06	5.663932E+00	9.124295E+01
2.64493750000E+06	5.664841E+00	9.123891E+01
2.64680625000E+06	5.670344E+00	9.121435E+01
2.64867500000E+06	5.673349E+00	9.122875E+01
2.65054375000E+06	5.678116E+00	9.121765E+01
2.65241250000E+06	5.683134E+00	9.123881E+01
2.65428125000E+06	5.685847E+00	9.124738E+01
2.65615000000E+06	5.688959E+00	9.122875E+01
2.65801875000E+06	5.695063E+00	9.125018E+01
2.65988750000E+06	5.699259E+00	9.124180E+01
2.66175625000E+06	5.702952E+00	9.124364E+01
2.66362500000E+06	5.706605E+00	9.124635E+01
2.66549375000E+06	5.711291E+00	9.125599E+01
2.66736250000E+06	5.714737E+00	9.123269E+01
2.66923125000E+06	5.718431E+00	9.124020E+01
2.67110000000E+06	5.724078E+00	9.124468E+01
2.67296875000E+06	5.726017E+00	9.123095E+01
2.67483750000E+06	5.730925E+00	9.123470E+01
2.67670625000E+06	5.735613E+00	9.124158E+01
2.67857500000E+06	5.738394E+00	9.125381E+01
2.68044375000E+06	5.744171E+00	9.123672E+01
2.68231250000E+06	5.747232E+00	9.123559E+01
2.68418125000E+06	5.751208E+00	9.124710E+01
2.68605000000E+06	5.755953E+00	9.124203E+01
2.68791875000E+06	5.759693E+00	9.125993E+01
2.68978750000E+06	5.764265E+00	9.123460E+01
2.69165625000E+06	5.768145E+00	9.126875E+01
2.69352500000E+06	5.772603E+00	9.126825E+01
2.69539375000E+06	5.776766E+00	9.123930E+01
2.69726250000E+06	5.779807E+00	9.124553E+01
2.69913125000E+06	5.784205E+00	9.125044E+01
2.70100000000E+06	5.787619E+00	9.125763E+01
2.70286875000E+06	5.793639E+00	9.125678E+01
2.70473750000E+06	5.797012E+00	9.125089E+01
2.70660625000E+06	5.800900E+00	9.125997E+01
2.70847500000E+06	5.804123E+00	9.125071E+01
2.71034375000E+06	5.810427E+00	9.125636E+01
2.71221250000E+06	5.813086E+00	9.128111E+01
2.71408125000E+06	5.816193E+00	9.125090E+01
2.71595000000E+06	5.821898E+00	9.126010E+01
2.71781875000E+06	5.825795E+00	9.127457E+01
2.71968750000E+06	5.829704E+00	9.126252E+01
2.72155625000E+06	5.832647E+00	9.126086E+01
2.72342500000E+06	5.839170E+00	9.126218E+01
2.72529375000E+06	5.842516E+00	9.126611E+01
2.72716250000E+06	5.846262E+00	9.126534E+01
2.72903125000E+06	5.850044E+00	9.124939E+01
2.73090000000E+06	5.852845E+00	9.126865E+01
2.73276875000E+06	5.858524E+00	9.124827E+01
2.73463750000E+06	5.862941E+00	9.126488E+01
2.73650625000E+06	5.866806E+00	9.124370E+01
2.73837500000E+06	5.869894E+00	9.125072E+01
2.74024375000E+06	5.876245E+00	9.126675E+01
2.74211250000E+06	5.877497E+00	9.126838E+01
2.74398125000E+06	5.880094E+00	9.124573E+01
2.74585000000E+06	5.884763E+00	9.127238E+01
2.74771875000E+06	5.890322E+00	9.125459E+01
2.74958750000E+06	5.898162E+00	9.125632E+01
2.75145625000E+06	5.898155E+00	9.126100E+01
2.75332500000E+06	5.904994E+00	9.126608E+01
2.75519375000E+06	5.907550E+00	9.127139E+01
2.75706250000E+06	5.911367E+00	9.126868E+01
2.75893125000E+06	5.916130E+00	9.127181E+01
2.76080000000E+06	5.922312E+00	9.124454E+01
2.76266875000E+06	5.925937E+00	9.125372E+01
2.76453750000E+06	5.925828E+00	9.126818E+01
2.76640625000E+06	5.932845E+00	9.127834E+01
2.76827500000E+06	5.936017E+00	9.130916E+01
2.77014375000E+06	5.936394E+00	9.126930E+01
2.77201250000E+06	5.942811E+00	9.131041E+01
2.77388125000E+06	5.950249E+00	9.127590E+01
2.77575000000E+06	5.954126E+00	9.128792E+01
2.77761875000E+06	5.955880E+00	9.128216E+01
2.77948750000E+06	5.958848E+00	9.126419E+01
2.78135625000E+06	5.966524E+00	9.128854E+01
2.78322500000E+06	5.969804E+00	9.130460E+01
2.78509375000E+06	5.973162E+00	9.130016E+01
2.78696250000E+06	5.976926E+00	9.129192E+01
2.78883125000E+06	5.978740E+00	9.131088E+01
2.79070000000E+06	5.985900E+00	9.127303E+01
2.79256875000E+06	5.989332E+00	9.129394E+01
2.79443750000E+06	5.992488E+00	9.131406E+01
2.79630625000E+06	5.995726E+00	9.126692E+01
2.79817500000E+06	6.002180E+00	9.127599E+01
2.80004375000E+06	6.005171E+00	9.127131E+01
2.80191250000E+06	6.007423E+00	9.128220E+01
2.80378125000E+06	6.010989E+00	9.128250E+01
2.80565000000E+06	6.020478E+00	9.129243E+01
2.80751875000E+06	6.023046E+00	9.131179E+01
2.80938750000E+06	6.025646E+00	9.130953E+01
2.81125625000E+06	6.030676E+00	9.129936E+01
2.81312500000E+06	6.033043E+00	9.130310E+01
2.81499375000E+06	6.037275E+00	9.129809E+01
2.81686250000E+06	6.040417E+00	9.129245E+01
2.81873125000E+06	6.047860E+00	9.127492E+01
2.82060000000E+06	6.050608E+00	9.130829E+01
2.82246875000E+06	6.054707E+00	9.128195E+01
2.82433750000E+06	6.058314E+00	9.127438E+01
2.82620625000E+06	6.061892E+00	9.127038E+01
2.82807500000E+06	6.067002E+00	9.129116E+01
2.82994375000E+06	6.068611E+00	9.128415E+01
2.83181250000E+06	6.074265E+00	9.129426E+01
2.83368125000E+06	6.079490E+00	9.130666E+01
2.83555000000E+06	6.083582E+00	9.129822E+01
2.83741875000E+06	6.086899E+00	9.127750E+01
2.83928750000E+06	6.092168E+00	9.130071E+01
2.84115625000E+06	6.095324E+00	9.131055E+01
2.84302500000E+06	6.101074E+00	9.129740E+01
2.84489375000E+06	6.104188E+00	9.128560E+01
2.84676250000E+06	6.108234E+00	9.128894E+01
2.84863125000E+06	6.110721E+00	9.132044E+01
2.85050000000E+06	6.117080E+00	9.129113E+01
2.85236875000E+06	6.120799E+00	9.129341E+01
2.85423750000E+06	6.123824E+00	9.129606E+01
2.85610625000E+06	6.129141E+00	9.130082E+01
2.85797500000E+06	6.131393E+00	9.130191E+01
2.85984375000E+06	6.135745E+00	9.128878E+01
2.86171250000E+06	6.141861E+00	9.129560E+01
2.86358125000E+06	6.145894E+00	9.130585E+01
2.86545000000E+06	6.147800E+00	9.130405E+01
2.86731875000E+06	6.151576E+00	9.131180E+01
2.86918750000E+06	6.155615E+00	9.131596E+01
2.87105625000E+06	6.162080E+00	9.129829E+01
2.87292500000E+06	6.167740E+00	9.130528E+01
2.87479375000E+06	6.171290E+00	9.129895E+01
2.87666250000E+06	6.171762E+00	9.129670E+01
2.87853125000E+06	6.178184E+00	9.130389E+01
2.88040000000E+06	6.181023E+00	9.129758E+01
2.88226875000E+06	6.185617E+00	9.130751E+01
2.88413750000E+06	6.189514E+00	9.131309E+01
2.88600625000E+06	6.195193E+00	9.129652E+01
2.88787500000E+06	6.198541E+00	9.128124E+01
2.88974375000E+06	6.201788E+00	9.128641E+01
2.89161250000E+06	6.207072E+00	9.131956E+01
2.89348125000E+06	6.211234E+00	9.131893E+01
2.89535000000E+06	6.214607E+00	9.131152E+01
2.89721875000E+06	6.219626E+00	9.131273E+01
2.89908750000E+06	6.223084E+00	9.130595E+01
2.90095625000E+06	6.228894E+00	9.130517E+01
2.90282500000E+06	6.231905E+00	9.131131E+01
2.90469375000E+06	6.235787E+00	9.131847E+01
2.90656250000E+06	6.239640E+00	9.130853E+01
2.90843125000E+06	6.246233E+00	9.132137E+01
2.91030000000E+06	6.249305E+00	9.132730E+01
2.91216875000E+06	6.252847E+00	9.131356E+01
2.91403750000E+06	6.254709E+00	9.129360E+01
2.91590625000E+06	6.260650E+00	9.131386E+01
2.91777500000E+06	6.265568E+00	9.131081E+01
2.91964375000E+06	6.268823E+00	9.131910E+01
2.92151250000E+06	6.273078E+00	9.129057E+01
2.92338125000E+06	6.275283E+00	9.133150E+01
2.92525000000E+06	6.280131E+00	9.132242E+01
2.92711875000E+06	6.283508E+00	9.132252E+01
2.92898750000E+06	6.290303E+00	9.133151E+01
2.93085625000E+06	6.291116E+00	9.132667E+01
2.93272500000E+06	6.297558E+00	9.131395E+01
2.93459375000E+06	6.302003E+00	9.133312E+01
2.93646250000E+06	6.303796E+00	9.133085E+01
2.93833125000E+06	6.308265E+00	9.132701E+01
2.94020000000E+06	6.313455E+00	9.131458E+01
2.94206875000E+06	6.316611E+00	9.131552E+01
2.94393750000E+06	6.320961E+00	9.133253E+01
2.94580625000E+06	6.325910E+00	9.132172E+01
2.94767500000E+06	6.331909E+00	9.131772E+01
2.94954375000E+06	6.333293E+00	9.131644E+01
2.95141250000E+06	6.337135E+00	9.131924E+01
2.95328125000E+06	6.341003E+00	9.134241E+01
2.95515000000E+06	6.344580E+00	9.133417E+01
2.95701875000E+06	6.351839E+00	9.132262E+01
2.95888750000E+06	6.353718E+00	9.131024E+01
2.96075625000E+06	6.358774E+00	9.131438E+01
2.96262500000E+06	6.361621E+00	9.134640E+01
2.96449375000E+06	6.364332E+00	9.132378E+01
2.96636250000E+06	6.371681E+00	9.132773E+01
2.96823125000E+06	6.376731E+00	9.132013E+01
2.97010000000E+06	6.377874E+00	9.130987E+01
2.97196875000E+06	6.383577E+00	9.133152E+01
2.97383750000E+06	6.385505E+00	9.133421E+01
2.97570625000E+06	6.392569E+00	9.131532E+01
2.97757500000E+06	6.395436E+00	9.132529E+01
2.97944375000E+06	6.398076E+00	9.134054E+01
2.98131250000E+06	6.405085E+00	9.133762E+01
2.98318125000E+06	6.405180E+00	9.132952E+01
2.98505000000E+06	6.410081E+00	9.133978E+01
2.98691875000E+06	6.416859E+00	9.132862E+01
2.98878750000E+06	6.419304E+00	9.134933E+01
2.99065625000E+06	6.424032E+00	9.133555E+01
2.99252500000E+06	6.426701E+00	9.133099E+01
2.99439375000E+06	6.431988E+00	9.133145E+01
2.99626250000E+06	6.435855E+00	9.133601E+01
2.99813125000E+06	6.439380E+00	9.133433E+01
3.00000000000E+06	6.443305E+00	9.132661E+01
