"E5100A REV3.14"
"DATE: Jun 26 2004"



"CHANNEL: 2"
"MEASURE TYPE: AR"
"FORMAT TYPE: LINMP"
"NUMBER of POINTS: 1601"
"SWEEP TIME:  3.458 s"
"SWEEP TYPE: LINF"
"SOURCE POWER: 0 dBm"
"IF BANDWIDTH: 500 Hz"

"Frequency"	"Main Array"	"Sub Array"
1.00000000000E+04	1.622626E-01	-1.386545E+02
1.18687500000E+04	2.277317E-01	-1.244588E+02
1.37375000000E+04	2.159540E-01	-1.127136E+02
1.56062500000E+04	6.643495E-02	5.300084E+01
1.74750000000E+04	4.674724E-02	-1.184497E+02
1.93437500000E+04	5.311663E-02	-1.461761E+02
2.12125000000E+04	5.027542E-02	-1.081454E+02
2.30812500000E+04	1.117244E-02	-5.752599E+01
2.49500000000E+04	2.734629E-02	-9.260895E+01
2.68187500000E+04	9.972434E-03	1.073680E+02
2.86875000000E+04	2.568658E-02	-4.454671E+01
3.05562500000E+04	5.892834E-02	-6.898050E+01
3.24250000000E+04	1.379623E-02	-1.511278E+02
3.42937500000E+04	4.549048E-02	-7.766602E+01
3.61625000000E+04	2.987659E-02	1.628915E+01
3.80312500000E+04	3.355047E-02	-9.210188E+01
3.99000000000E+04	1.196217E-02	-1.112571E+02
4.17687500000E+04	4.592432E-02	-7.348399E+01
4.36375000000E+04	2.869033E-02	-5.837158E+01
4.55062500000E+04	1.054274E-02	-2.452287E+01
4.73750000000E+04	2.670207E-02	-5.856412E+01
4.92437500000E+04	5.682354E-03	1.144617E+02
5.11125000000E+04	1.334812E-02	-7.179156E+01
5.29812500000E+04	3.039496E-02	-9.825348E+01
5.48500000000E+04	9.114394E-03	-5.736192E+00
5.67187500000E+04	2.424439E-02	-2.927854E+01
5.85875000000E+04	2.405073E-02	3.657074E+00
6.04562500000E+04	2.980213E-02	-4.459367E+01
6.23250000000E+04	2.537686E-02	3.970940E+00
6.41937500000E+04	3.863309E-02	1.375823E+01
6.60625000000E+04	2.381520E-02	-1.169222E+01
6.79312500000E+04	3.191527E-02	-4.256779E+01
6.98000000000E+04	1.240107E-02	-2.290485E+01
7.16687500000E+04	2.940129E-02	-4.247796E+01
7.35375000000E+04	3.301375E-02	-3.567745E+01
7.54062500000E+04	2.111519E-02	8.433651E-01
7.72750000000E+04	2.271016E-02	-6.783876E+01
7.91437500000E+04	2.580893E-02	-2.624063E+01
8.10125000000E+04	6.343007E-03	-9.186649E+01
8.28812500000E+04	2.304280E-02	-6.756016E+01
8.47500000000E+04	2.620994E-02	-4.374356E+01
8.66187500000E+04	1.417136E-02	-3.579346E+01
8.84875000000E+04	1.284966E-02	3.898128E+00
9.03562500000E+04	1.916178E-02	-4.288969E+01
9.22250000000E+04	1.829205E-02	-5.862496E+01
9.40937500000E+04	2.083908E-02	-1.297327E+02
9.59625000000E+04	8.106604E-03	-4.167871E+01
9.78312500000E+04	1.817624E-02	-4.250428E+01
9.97000000000E+04	1.905003E-02	-7.461472E+01
1.01568750000E+05	2.056727E-02	-7.306992E+01
1.03437500000E+05	2.214080E-02	-6.008046E+01
1.05306250000E+05	2.133671E-02	-6.953098E+01
1.07175000000E+05	1.916247E-02	-7.159127E+01
1.09043750000E+05	1.877048E-02	-3.530053E+01
1.10912500000E+05	2.457892E-02	-9.253036E+01
1.12781250000E+05	2.247966E-02	-6.316009E+01
1.14650000000E+05	1.529111E-02	-7.648189E+01
1.16518750000E+05	1.370723E-02	-7.712648E+01
1.18387500000E+05	1.397482E-02	-6.509771E+01
1.20256250000E+05	1.991342E-02	-6.125957E+01
1.22125000000E+05	2.285717E-02	-5.271486E+01
1.23993750000E+05	1.860843E-02	-3.491864E+01
1.25862500000E+05	1.949521E-02	-5.444796E+01
1.27731250000E+05	2.011156E-02	-6.116987E+01
1.29600000000E+05	1.511941E-02	-7.441615E+01
1.31468750000E+05	2.438204E-02	-8.404683E+01
1.33337500000E+05	2.406915E-02	-9.147251E+01
1.35206250000E+05	2.618529E-02	-6.619800E+01
1.37075000000E+05	2.397418E-02	-5.103583E+01
1.38943750000E+05	2.281699E-02	-4.420312E+01
1.40812500000E+05	3.579601E-02	-4.971115E+01
1.42681250000E+05	2.943409E-02	-7.793022E+01
1.44550000000E+05	2.768097E-02	-6.249669E+01
1.46418750000E+05	2.095492E-02	-5.851658E+01
1.48287500000E+05	2.870247E-02	-7.414930E+01
1.50156250000E+05	3.313920E-02	-7.158475E+01
1.52025000000E+05	3.412695E-02	-5.342205E+01
1.53893750000E+05	2.322447E-02	-6.660266E+01
1.55762500000E+05	2.556477E-02	-6.976096E+01
1.57631250000E+05	1.500598E-02	-7.376723E+01
1.59500000000E+05	2.408775E-02	-9.099916E+01
1.61368750000E+05	1.740234E-02	-7.515418E+01
1.63237500000E+05	2.607207E-02	-8.756633E+01
1.65106250000E+05	2.362575E-02	-9.521294E+01
1.66975000000E+05	2.258602E-02	-8.556861E+01
1.68843750000E+05	3.025861E-02	-5.737991E+01
1.70712500000E+05	3.101057E-02	-6.989507E+01
1.72581250000E+05	2.288501E-02	-6.874445E+01
1.74450000000E+05	2.315819E-02	-8.442587E+01
1.76318750000E+05	2.666003E-02	-8.597600E+01
1.78187500000E+05	2.220394E-02	-6.589482E+01
1.80056250000E+05	2.460917E-02	-7.304696E+01
1.81925000000E+05	2.713704E-02	-7.346065E+01
1.83793750000E+05	2.246423E-02	-7.710760E+01
1.85662500000E+05	1.981277E-02	-6.861264E+01
1.87531250000E+05	3.340908E-02	-7.270447E+01
1.89400000000E+05	2.868170E-02	-6.558492E+01
1.91268750000E+05	2.640693E-02	-8.388278E+01
1.93137500000E+05	3.193565E-02	-6.793353E+01
1.95006250000E+05	2.849975E-02	-7.777750E+01
1.96875000000E+05	2.783158E-02	-7.135533E+01
1.98743750000E+05	2.357430E-02	-8.084470E+01
2.00612500000E+05	2.684570E-02	-8.507127E+01
2.02481250000E+05	2.262979E-02	-8.327325E+01
2.04350000000E+05	2.753139E-02	-6.000313E+01
2.06218750000E+05	3.621718E-02	-7.595077E+01
2.08087500000E+05	2.662862E-02	-7.819637E+01
2.09956250000E+05	2.891335E-02	-8.959496E+01
2.11825000000E+05	3.148502E-02	-7.547381E+01
2.13693750000E+05	3.213118E-02	-7.312551E+01
2.15562500000E+05	3.479786E-02	-7.087218E+01
2.17431250000E+05	3.471594E-02	-9.108549E+01
2.19300000000E+05	3.355246E-02	-7.404790E+01
2.21168750000E+05	2.961826E-02	-7.169283E+01
2.23037500000E+05	2.588230E-02	-7.429572E+01
2.24906250000E+05	3.396723E-02	-7.808722E+01
2.26775000000E+05	3.119519E-02	-9.194018E+01
2.28643750000E+05	3.123296E-02	-8.216767E+01
2.30512500000E+05	2.025635E-02	-8.155952E+01
2.32381250000E+05	3.515789E-02	-7.996032E+01
2.34250000000E+05	2.759577E-02	-8.335442E+01
2.36118750000E+05	3.029491E-02	-7.527869E+01
2.37987500000E+05	3.908193E-02	-8.168516E+01
2.39856250000E+05	3.614896E-02	-7.763235E+01
2.41725000000E+05	3.725416E-02	-8.939294E+01
2.43593750000E+05	3.798741E-02	-8.317932E+01
2.45462500000E+05	3.020860E-02	-8.012634E+01
2.47331250000E+05	3.384380E-02	-6.993148E+01
2.49200000000E+05	3.678623E-02	-8.712991E+01
2.51068750000E+05	3.340917E-02	-8.895205E+01
2.52937500000E+05	3.420595E-02	-7.668301E+01
2.54806250000E+05	2.917942E-02	-8.653987E+01
2.56675000000E+05	3.407335E-02	-8.465292E+01
2.58543750000E+05	3.180422E-02	-9.411224E+01
2.60412500000E+05	4.189399E-02	-8.723978E+01
2.62281250000E+05	4.346481E-02	-8.329893E+01
2.64150000000E+05	3.763193E-02	-7.829528E+01
2.66018750000E+05	3.650419E-02	-9.203568E+01
2.67887500000E+05	4.044133E-02	-8.573620E+01
2.69756250000E+05	3.573895E-02	-8.957039E+01
2.71625000000E+05	4.170438E-02	-7.973868E+01
2.73493750000E+05	3.896089E-02	-8.169872E+01
2.75362500000E+05	3.667530E-02	-8.324694E+01
2.77231250000E+05	3.684150E-02	-8.169907E+01
2.79100000000E+05	3.969051E-02	-8.464753E+01
2.80968750000E+05	4.226896E-02	-9.525450E+01
2.82837500000E+05	4.572547E-02	-8.612864E+01
2.84706250000E+05	3.997751E-02	-8.605737E+01
2.86575000000E+05	4.581708E-02	-8.189734E+01
2.88443750000E+05	4.055515E-02	-8.456200E+01
2.90312500000E+05	4.243236E-02	-9.138065E+01
2.92181250000E+05	4.587827E-02	-9.008098E+01
2.94050000000E+05	4.224475E-02	-8.551681E+01
2.95918750000E+05	3.793164E-02	-8.229174E+01
2.97787500000E+05	4.320090E-02	-8.846583E+01
2.99656250000E+05	4.345747E-02	-8.790126E+01
3.01525000000E+05	3.923102E-02	-8.525371E+01
3.03393750000E+05	4.868573E-02	-8.738926E+01
3.05262500000E+05	5.174337E-02	-8.052561E+01
3.07131250000E+05	4.728325E-02	-8.742267E+01
3.09000000000E+05	4.663618E-02	-8.342119E+01
3.10868750000E+05	4.033927E-02	-8.531369E+01
3.12737500000E+05	4.804142E-02	-8.703306E+01
3.14606250000E+05	4.195638E-02	-8.216483E+01
3.16475000000E+05	4.463916E-02	-8.377753E+01
3.18343750000E+05	4.500257E-02	-9.024861E+01
3.20212500000E+05	4.406468E-02	-8.492756E+01
3.22081250000E+05	4.909810E-02	-8.619507E+01
3.23950000000E+05	4.455539E-02	-8.297261E+01
3.25818750000E+05	4.713186E-02	-9.321481E+01
3.27687500000E+05	4.711746E-02	-8.592648E+01
3.29556250000E+05	5.076501E-02	-8.914388E+01
3.31425000000E+05	4.934157E-02	-8.820737E+01
3.33293750000E+05	4.844274E-02	-8.356759E+01
3.35162500000E+05	5.208247E-02	-8.254427E+01
3.37031250000E+05	4.195390E-02	-8.361289E+01
3.38900000000E+05	4.973615E-02	-7.927208E+01
3.40768750000E+05	4.701374E-02	-8.707068E+01
3.42637500000E+05	5.236678E-02	-8.417396E+01
3.44506250000E+05	5.034783E-02	-8.416328E+01
3.46375000000E+05	4.882524E-02	-8.282843E+01
3.48243750000E+05	4.654652E-02	-8.610082E+01
3.50112500000E+05	5.180209E-02	-8.330734E+01
3.51981250000E+05	5.524128E-02	-8.323041E+01
3.53850000000E+05	4.645666E-02	-8.347608E+01
3.55718750000E+05	5.011541E-02	-8.179910E+01
3.57587500000E+05	4.947024E-02	-9.058392E+01
3.59456250000E+05	5.243545E-02	-8.493127E+01
3.61325000000E+05	5.043930E-02	-8.049835E+01
3.63193750000E+05	5.577041E-02	-8.772214E+01
3.65062500000E+05	4.550717E-02	-8.393180E+01
3.66931250000E+05	5.141004E-02	-8.645056E+01
3.68800000000E+05	4.700374E-02	-8.339926E+01
3.70668750000E+05	5.336986E-02	-8.090296E+01
3.72537500000E+05	5.715004E-02	-8.596789E+01
3.74406250000E+05	5.864483E-02	-8.451350E+01
3.76275000000E+05	5.482224E-02	-8.296741E+01
3.78143750000E+05	5.499506E-02	-8.633191E+01
3.80012500000E+05	4.860093E-02	-8.144833E+01
3.81881250000E+05	5.718818E-02	-8.734122E+01
3.83750000000E+05	5.498961E-02	-8.811064E+01
3.85618750000E+05	6.072425E-02	-8.798798E+01
3.87487500000E+05	5.444992E-02	-8.487301E+01
3.89356250000E+05	5.978322E-02	-9.276073E+01
3.91225000000E+05	5.308339E-02	-8.270882E+01
3.93093750000E+05	5.462202E-02	-8.665134E+01
3.94962500000E+05	5.401156E-02	-7.919791E+01
3.96831250000E+05	5.472897E-02	-8.891827E+01
3.98700000000E+05	5.994200E-02	-8.646985E+01
4.00568750000E+05	6.052582E-02	-9.001426E+01
4.02437500000E+05	6.070505E-02	-8.412233E+01
4.04306250000E+05	6.253576E-02	-8.409781E+01
4.06175000000E+05	5.702499E-02	-8.853420E+01
4.08043750000E+05	5.682425E-02	-8.969334E+01
4.09912500000E+05	6.141824E-02	-8.470426E+01
4.11781250000E+05	6.153427E-02	-8.726096E+01
4.13650000000E+05	5.905166E-02	-8.500985E+01
4.15518750000E+05	5.955716E-02	-8.658025E+01
4.17387500000E+05	6.522551E-02	-8.370197E+01
4.19256250000E+05	5.701451E-02	-8.901684E+01
4.21125000000E+05	6.391360E-02	-8.901363E+01
4.22993750000E+05	6.357352E-02	-8.302316E+01
4.24862500000E+05	6.121781E-02	-8.582856E+01
4.26731250000E+05	6.466218E-02	-8.630060E+01
4.28600000000E+05	6.946330E-02	-8.624076E+01
4.30468750000E+05	5.887461E-02	-8.290525E+01
4.32337500000E+05	6.611285E-02	-8.822257E+01
4.34206250000E+05	6.045109E-02	-8.486192E+01
4.36075000000E+05	5.992623E-02	-8.832385E+01
4.37943750000E+05	6.534296E-02	-8.598051E+01
4.39812500000E+05	6.787104E-02	-8.563997E+01
4.41681250000E+05	6.139075E-02	-8.732949E+01
4.43550000000E+05	6.128354E-02	-8.637309E+01
4.45418750000E+05	6.874420E-02	-8.659140E+01
4.47287500000E+05	6.302015E-02	-8.655722E+01
4.49156250000E+05	6.570600E-02	-8.275692E+01
4.51025000000E+05	6.298238E-02	-8.545641E+01
4.52893750000E+05	5.987036E-02	-8.317215E+01
4.54762500000E+05	6.849977E-02	-8.820293E+01
4.56631250000E+05	6.030357E-02	-8.682817E+01
4.58500000000E+05	6.318859E-02	-8.478216E+01
4.60368750000E+05	6.629832E-02	-8.541560E+01
4.62237500000E+05	6.647770E-02	-8.724671E+01
4.64106250000E+05	6.948879E-02	-8.539635E+01
4.65975000000E+05	7.239217E-02	-8.549521E+01
4.67843750000E+05	7.151262E-02	-9.026100E+01
4.69712500000E+05	6.662174E-02	-8.729743E+01
4.71581250000E+05	6.864559E-02	-8.750694E+01
4.73450000000E+05	6.822889E-02	-8.562295E+01
4.75318750000E+05	7.238752E-02	-8.639203E+01
4.77187500000E+05	7.229222E-02	-8.692142E+01
4.79056250000E+05	7.198099E-02	-8.723801E+01
4.80925000000E+05	7.268524E-02	-8.634513E+01
4.82793750000E+05	6.708115E-02	-9.112273E+01
4.84662500000E+05	7.306015E-02	-8.609514E+01
4.86531250000E+05	6.967338E-02	-8.692720E+01
4.88400000000E+05	7.219909E-02	-8.674184E+01
4.90268750000E+05	7.256855E-02	-8.884921E+01
4.92137500000E+05	7.415888E-02	-8.643028E+01
4.94006250000E+05	7.526629E-02	-8.626997E+01
4.95875000000E+05	6.628497E-02	-8.883984E+01
4.97743750000E+05	7.299165E-02	-8.556001E+01
4.99612500000E+05	7.306830E-02	-8.572775E+01
5.01481250000E+05	7.708198E-02	-8.917914E+01
5.03350000000E+05	6.983280E-02	-8.705205E+01
5.05218750000E+05	7.240880E-02	-8.760676E+01
5.07087500000E+05	7.292860E-02	-8.868896E+01
5.08956250000E+05	7.408562E-02	-8.470216E+01
5.10825000000E+05	7.423007E-02	-8.966971E+01
5.12693750000E+05	7.408469E-02	-8.929118E+01
5.14562500000E+05	7.437707E-02	-8.627488E+01
5.16431250000E+05	7.451217E-02	-8.904519E+01
5.18300000000E+05	7.206905E-02	-8.891272E+01
5.20168750000E+05	7.812291E-02	-8.887692E+01
5.22037500000E+05	7.926843E-02	-8.665688E+01
5.23906250000E+05	8.045625E-02	-8.353225E+01
5.25775000000E+05	7.464629E-02	-8.635234E+01
5.27643750000E+05	7.649837E-02	-8.564133E+01
5.29512500000E+05	8.081907E-02	-8.927325E+01
5.31381250000E+05	7.985937E-02	-8.655472E+01
5.33250000000E+05	7.736260E-02	-8.624842E+01
5.35118750000E+05	8.229524E-02	-8.900259E+01
5.36987500000E+05	7.585501E-02	-8.637222E+01
5.38856250000E+05	8.066362E-02	-8.690057E+01
5.40725000000E+05	8.410501E-02	-8.649005E+01
5.42593750000E+05	7.618781E-02	-8.702858E+01
5.44462500000E+05	7.848474E-02	-8.680006E+01
5.46331250000E+05	8.229706E-02	-8.499658E+01
5.48200000000E+05	8.099403E-02	-8.889690E+01
5.50068750000E+05	7.922522E-02	-8.657745E+01
5.51937500000E+05	7.647405E-02	-8.795487E+01
5.53806250000E+05	7.856676E-02	-8.991486E+01
5.55675000000E+05	8.286436E-02	-8.739634E+01
5.57543750000E+05	8.293092E-02	-8.627942E+01
5.59412500000E+05	8.306111E-02	-8.593840E+01
5.61281250000E+05	8.079846E-02	-8.846400E+01
5.63150000000E+05	7.791527E-02	-8.606839E+01
5.65018750000E+05	8.290473E-02	-8.883989E+01
5.66887500000E+05	8.192585E-02	-8.467193E+01
5.68756250000E+05	8.200555E-02	-8.642361E+01
5.70625000000E+05	8.443946E-02	-8.652744E+01
5.72493750000E+05	8.473030E-02	-8.816845E+01
5.74362500000E+05	8.052488E-02	-8.938029E+01
5.76231250000E+05	8.790921E-02	-8.640090E+01
5.78100000000E+05	8.480202E-02	-8.823643E+01
5.79968750000E+05	8.313731E-02	-8.790133E+01
5.81837500000E+05	8.407389E-02	-8.952867E+01
5.83706250000E+05	8.330931E-02	-8.598743E+01
5.85575000000E+05	8.672322E-02	-8.658463E+01
5.87443750000E+05	8.562052E-02	-8.672324E+01
5.89312500000E+05	8.891951E-02	-8.664889E+01
5.91181250000E+05	8.626628E-02	-8.777439E+01
5.93050000000E+05	8.777159E-02	-8.790222E+01
5.94918750000E+05	8.678526E-02	-8.646677E+01
5.96787500000E+05	8.608916E-02	-8.879932E+01
5.98656250000E+05	9.083395E-02	-8.601726E+01
6.00525000000E+05	8.797476E-02	-8.927699E+01
6.02393750000E+05	9.082637E-02	-8.464544E+01
6.04262500000E+05	9.099184E-02	-8.679436E+01
6.06131250000E+05	9.224117E-02	-8.767583E+01
6.08000000000E+05	8.789418E-02	-8.632375E+01
6.09868750000E+05	9.060663E-02	-8.636619E+01
6.11737500000E+05	8.939142E-02	-8.754693E+01
6.13606250000E+05	9.074021E-02	-8.599659E+01
6.15475000000E+05	8.813803E-02	-8.713926E+01
6.17343750000E+05	8.789842E-02	-8.859890E+01
6.19212500000E+05	9.272420E-02	-8.684904E+01
6.21081250000E+05	9.090814E-02	-8.888068E+01
6.22950000000E+05	9.080910E-02	-8.721394E+01
6.24818750000E+05	9.214187E-02	-8.793914E+01
6.26687500000E+05	9.261593E-02	-8.617932E+01
6.28556250000E+05	9.321626E-02	-8.718456E+01
6.30425000000E+05	9.577816E-02	-8.942527E+01
6.32293750000E+05	9.358130E-02	-8.617821E+01
6.34162500000E+05	9.240893E-02	-8.591727E+01
6.36031250000E+05	9.266693E-02	-8.853670E+01
6.37900000000E+05	9.420977E-02	-8.858031E+01
6.39768750000E+05	9.278300E-02	-8.583202E+01
6.41637500000E+05	9.645873E-02	-8.871928E+01
6.43506250000E+05	9.463987E-02	-8.642636E+01
6.45375000000E+05	9.496555E-02	-8.815030E+01
6.47243750000E+05	9.460344E-02	-8.734779E+01
6.49112500000E+05	9.551909E-02	-8.793743E+01
6.50981250000E+05	9.875503E-02	-8.723325E+01
6.52850000000E+05	9.487414E-02	-8.802297E+01
6.54718750000E+05	9.489793E-02	-8.836114E+01
6.56587500000E+05	9.721096E-02	-8.748070E+01
6.58456250000E+05	9.420943E-02	-8.754549E+01
6.60325000000E+05	9.236693E-02	-8.628775E+01
6.62193750000E+05	9.829699E-02	-8.855311E+01
6.64062500000E+05	9.802951E-02	-8.745985E+01
6.65931250000E+05	9.365164E-02	-8.706927E+01
6.67800000000E+05	9.859083E-02	-8.615836E+01
6.69668750000E+05	9.978350E-02	-8.810889E+01
6.71537500000E+05	1.007864E-01	-8.970849E+01
6.73406250000E+05	9.677885E-02	-8.854824E+01
6.75275000000E+05	1.005419E-01	-8.718746E+01
6.77143750000E+05	1.007755E-01	-8.759496E+01
6.79012500000E+05	1.017329E-01	-8.690740E+01
6.80881250000E+05	9.966794E-02	-8.690527E+01
6.82750000000E+05	1.007666E-01	-8.644927E+01
6.84618750000E+05	1.031377E-01	-8.854305E+01
6.86487500000E+05	1.015262E-01	-8.590404E+01
6.88356250000E+05	1.025504E-01	-8.756272E+01
6.90225000000E+05	1.031268E-01	-8.760740E+01
6.92093750000E+05	1.026344E-01	-8.963069E+01
6.93962500000E+05	1.007014E-01	-8.730978E+01
6.95831250000E+05	1.059485E-01	-8.966708E+01
6.97700000000E+05	1.023603E-01	-8.993505E+01
6.99568750000E+05	1.057791E-01	-8.774464E+01
7.01437500000E+05	1.037632E-01	-8.782933E+01
7.03306250000E+05	1.041687E-01	-8.735970E+01
7.05175000000E+05	1.042414E-01	-8.712337E+01
7.07043750000E+05	1.013239E-01	-8.733147E+01
7.08912500000E+05	1.053430E-01	-8.846877E+01
7.10781250000E+05	1.065668E-01	-8.934790E+01
7.12650000000E+05	1.030360E-01	-8.818239E+01
7.14518750000E+05	1.045421E-01	-8.792088E+01
7.16387500000E+05	1.046284E-01	-8.953242E+01
7.18256250000E+05	1.061198E-01	-8.905860E+01
7.20125000000E+05	1.066599E-01	-8.732820E+01
7.21993750000E+05	1.098707E-01	-8.997083E+01
7.23862500000E+05	1.084338E-01	-8.787283E+01
7.25731250000E+05	1.106360E-01	-8.797598E+01
7.27600000000E+05	1.087890E-01	-8.651478E+01
7.29468750000E+05	1.094167E-01	-8.776033E+01
7.31337500000E+05	1.086457E-01	-8.988081E+01
7.33206250000E+05	1.098575E-01	-8.673261E+01
7.35075000000E+05	1.072025E-01	-8.825580E+01
7.36943750000E+05	1.065876E-01	-8.781491E+01
7.38812500000E+05	1.078566E-01	-8.798184E+01
7.40681250000E+05	1.086491E-01	-8.764909E+01
7.42550000000E+05	1.099991E-01	-8.825364E+01
7.44418750000E+05	1.088377E-01	-9.009502E+01
7.46287500000E+05	1.118582E-01	-8.845396E+01
7.48156250000E+05	1.109492E-01	-8.835577E+01
7.50025000000E+05	1.109708E-01	-8.783331E+01
7.51893750000E+05	1.120181E-01	-8.903901E+01
7.53762500000E+05	1.109568E-01	-8.844522E+01
7.55631250000E+05	1.133701E-01	-8.945863E+01
7.57500000000E+05	1.130433E-01	-8.820765E+01
7.59368750000E+05	1.141898E-01	-8.845622E+01
7.61237500000E+05	1.071702E-01	-8.961346E+01
7.63106250000E+05	1.156146E-01	-8.853764E+01
7.64975000000E+05	1.109881E-01	-8.814539E+01
7.66843750000E+05	1.150883E-01	-9.011591E+01
7.68712500000E+05	1.125150E-01	-8.621243E+01
7.70581250000E+05	1.101479E-01	-8.752479E+01
7.72450000000E+05	1.140818E-01	-8.697395E+01
7.74318750000E+05	1.127704E-01	-8.934027E+01
7.76187500000E+05	1.151962E-01	-8.689872E+01
7.78056250000E+05	1.170670E-01	-8.801157E+01
7.79925000000E+05	1.144258E-01	-8.841077E+01
7.81793750000E+05	1.156216E-01	-8.987376E+01
7.83662500000E+05	1.133151E-01	-8.846279E+01
7.85531250000E+05	1.146444E-01	-8.979239E+01
7.87400000000E+05	1.166752E-01	-8.817516E+01
7.89268750000E+05	1.146543E-01	-8.763673E+01
7.91137500000E+05	1.154956E-01	-8.787466E+01
7.93006250000E+05	1.173729E-01	-8.876656E+01
7.94875000000E+05	1.151753E-01	-8.697623E+01
7.96743750000E+05	1.207640E-01	-8.857340E+01
7.98612500000E+05	1.183306E-01	-8.772698E+01
8.00481250000E+05	1.170396E-01	-8.761091E+01
8.02350000000E+05	1.159614E-01	-8.703325E+01
8.04218750000E+05	1.200299E-01	-8.747216E+01
8.06087500000E+05	1.179373E-01	-8.739873E+01
8.07956250000E+05	1.181974E-01	-8.820989E+01
8.09825000000E+05	1.198027E-01	-8.907204E+01
8.11693750000E+05	1.223404E-01	-8.832413E+01
8.13562500000E+05	1.216560E-01	-8.811459E+01
8.15431250000E+05	1.222657E-01	-8.901694E+01
8.17300000000E+05	1.184460E-01	-8.599885E+01
8.19168750000E+05	1.191292E-01	-8.763244E+01
8.21037500000E+05	1.233640E-01	-8.772062E+01
8.22906250000E+05	1.210355E-01	-8.696101E+01
8.24775000000E+05	1.211831E-01	-8.893282E+01
8.26643750000E+05	1.208254E-01	-8.799277E+01
8.28512500000E+05	1.231878E-01	-8.616862E+01
8.30381250000E+05	1.225870E-01	-8.724383E+01
8.32250000000E+05	1.234153E-01	-8.806322E+01
8.34118750000E+05	1.220075E-01	-8.754015E+01
8.35987500000E+05	1.220764E-01	-8.686398E+01
8.37856250000E+05	1.263923E-01	-8.795499E+01
8.39725000000E+05	1.246657E-01	-8.661326E+01
8.41593750000E+05	1.268453E-01	-8.827820E+01
8.43462500000E+05	1.245164E-01	-8.913285E+01
8.45331250000E+05	1.267740E-01	-9.016544E+01
8.47200000000E+05	1.241145E-01	-8.661000E+01
8.49068750000E+05	1.240202E-01	-8.813706E+01
8.50937500000E+05	1.233169E-01	-8.779780E+01
8.52806250000E+05	1.258280E-01	-8.854926E+01
8.54675000000E+05	1.269785E-01	-8.712632E+01
8.56543750000E+05	1.292903E-01	-8.963969E+01
8.58412500000E+05	1.278087E-01	-8.846665E+01
8.60281250000E+05	1.263332E-01	-8.797182E+01
8.62150000000E+05	1.254414E-01	-8.796041E+01
8.64018750000E+05	1.288242E-01	-8.809689E+01
8.65887500000E+05	1.306497E-01	-8.714647E+01
8.67756250000E+05	1.297098E-01	-8.919498E+01
8.69625000000E+05	1.296142E-01	-8.810384E+01
8.71493750000E+05	1.285711E-01	-8.812143E+01
8.73362500000E+05	1.286793E-01	-8.754479E+01
8.75231250000E+05	1.280645E-01	-8.840771E+01
8.77100000000E+05	1.310456E-01	-8.798338E+01
8.78968750000E+05	1.314468E-01	-8.856087E+01
8.80837500000E+05	1.289633E-01	-8.901215E+01
8.82706250000E+05	1.305219E-01	-8.942255E+01
8.84575000000E+05	1.303354E-01	-8.681032E+01
8.86443750000E+05	1.307413E-01	-8.809367E+01
8.88312500000E+05	1.306513E-01	-8.867863E+01
8.90181250000E+05	1.315853E-01	-8.876383E+01
8.92050000000E+05	1.317158E-01	-8.850131E+01
8.93918750000E+05	1.306265E-01	-8.890694E+01
8.95787500000E+05	1.304569E-01	-8.825928E+01
8.97656250000E+05	1.320894E-01	-8.962367E+01
8.99525000000E+05	1.367639E-01	-8.821095E+01
9.01393750000E+05	1.314470E-01	-8.803764E+01
9.03262500000E+05	1.345089E-01	-8.764765E+01
9.05131250000E+05	1.359259E-01	-8.843753E+01
9.07000000000E+05	1.369571E-01	-8.744296E+01
9.08868750000E+05	1.349372E-01	-8.882608E+01
9.10737500000E+05	1.364150E-01	-8.774455E+01
9.12606250000E+05	1.352344E-01	-8.836324E+01
9.14475000000E+05	1.364887E-01	-8.733865E+01
9.16343750000E+05	1.360578E-01	-8.791862E+01
9.18212500000E+05	1.385768E-01	-8.716649E+01
9.20081250000E+05	1.365932E-01	-8.848347E+01
9.21950000000E+05	1.394662E-01	-8.777966E+01
9.23818750000E+05	1.379865E-01	-8.843131E+01
9.25687500000E+05	1.359923E-01	-8.824227E+01
9.27556250000E+05	1.364642E-01	-8.937104E+01
9.29425000000E+05	1.375811E-01	-8.745252E+01
9.31293750000E+05	1.404435E-01	-8.865691E+01
9.33162500000E+05	1.374526E-01	-8.595555E+01
9.35031250000E+05	1.388888E-01	-8.812737E+01
9.36900000000E+05	1.409172E-01	-8.769727E+01
9.38768750000E+05	1.364983E-01	-8.738705E+01
9.40637500000E+05	1.399515E-01	-8.824683E+01
9.42506250000E+05	1.414075E-01	-8.839254E+01
9.44375000000E+05	1.407787E-01	-8.941593E+01
9.46243750000E+05	1.402030E-01	-8.850266E+01
9.48112500000E+05	1.392289E-01	-8.715661E+01
9.49981250000E+05	1.423689E-01	-8.941102E+01
9.51850000000E+05	1.395998E-01	-8.767821E+01
9.53718750000E+05	1.413334E-01	-8.808504E+01
9.55587500000E+05	1.430979E-01	-8.819303E+01
9.57456250000E+05	1.443970E-01	-8.868655E+01
9.59325000000E+05	1.417959E-01	-8.752264E+01
9.61193750000E+05	1.433457E-01	-8.861017E+01
9.63062500000E+05	1.425903E-01	-8.964208E+01
9.64931250000E+05	1.430185E-01	-8.908439E+01
9.66800000000E+05	1.455696E-01	-8.880972E+01
9.68668750000E+05	1.438123E-01	-8.775797E+01
9.70537500000E+05	1.414375E-01	-8.895765E+01
9.72406250000E+05	1.423040E-01	-8.880704E+01
9.74275000000E+05	1.459670E-01	-8.822179E+01
9.76143750000E+05	1.443934E-01	-8.821423E+01
9.78012500000E+05	1.442236E-01	-8.851466E+01
9.79881250000E+05	1.459254E-01	-8.782845E+01
9.81750000000E+05	1.454953E-01	-8.757758E+01
9.83618750000E+05	1.450624E-01	-8.967393E+01
9.85487500000E+05	1.471081E-01	-8.875886E+01
9.87356250000E+05	1.480684E-01	-8.813543E+01
9.89225000000E+05	1.462820E-01	-8.767942E+01
9.91093750000E+05	1.480327E-01	-8.838888E+01
9.92962500000E+05	1.478222E-01	-8.818417E+01
9.94831250000E+05	1.449593E-01	-8.788535E+01
9.96700000000E+05	1.477362E-01	-8.694892E+01
9.98568750000E+05	1.473745E-01	-8.890034E+01
1.00043750000E+06	1.461188E-01	-8.828484E+01
1.00230625000E+06	1.477600E-01	-8.908627E+01
1.00417500000E+06	1.499140E-01	-8.781088E+01
1.00604375000E+06	1.481352E-01	-8.907401E+01
1.00791250000E+06	1.480636E-01	-8.842657E+01
1.00978125000E+06	1.511657E-01	-8.854279E+01
1.01165000000E+06	1.504662E-01	-8.851800E+01
1.01351875000E+06	1.492855E-01	-8.828027E+01
1.01538750000E+06	1.484489E-01	-8.889951E+01
1.01725625000E+06	1.517545E-01	-8.810089E+01
1.01912500000E+06	1.481933E-01	-8.873167E+01
1.02099375000E+06	1.523295E-01	-8.837986E+01
1.02286250000E+06	1.503131E-01	-8.902778E+01
1.02473125000E+06	1.494879E-01	-8.796536E+01
1.02660000000E+06	1.529260E-01	-8.845902E+01
1.02846875000E+06	1.497768E-01	-8.731680E+01
1.03033750000E+06	1.516186E-01	-8.883494E+01
1.03220625000E+06	1.528156E-01	-8.748559E+01
1.03407500000E+06	1.566859E-01	-8.866415E+01
1.03594375000E+06	1.545680E-01	-8.790194E+01
1.03781250000E+06	1.541521E-01	-8.949422E+01
1.03968125000E+06	1.533501E-01	-8.834555E+01
1.04155000000E+06	1.536241E-01	-8.788209E+01
1.04341875000E+06	1.553744E-01	-8.827765E+01
1.04528750000E+06	1.557296E-01	-8.709211E+01
1.04715625000E+06	1.532754E-01	-8.793332E+01
1.04902500000E+06	1.587800E-01	-8.806588E+01
1.05089375000E+06	1.555875E-01	-8.963822E+01
1.05276250000E+06	1.562192E-01	-8.820293E+01
1.05463125000E+06	1.556930E-01	-8.924332E+01
1.05650000000E+06	1.540285E-01	-8.869619E+01
1.05836875000E+06	1.589137E-01	-8.827073E+01
1.06023750000E+06	1.567587E-01	-8.809214E+01
1.06210625000E+06	1.615680E-01	-8.847240E+01
1.06397500000E+06	1.582008E-01	-8.929234E+01
1.06584375000E+06	1.579191E-01	-8.885373E+01
1.06771250000E+06	1.572555E-01	-8.793664E+01
1.06958125000E+06	1.585170E-01	-8.845643E+01
1.07145000000E+06	1.597048E-01	-8.831019E+01
1.07331875000E+06	1.587864E-01	-8.759064E+01
1.07518750000E+06	1.600721E-01	-8.965631E+01
1.07705625000E+06	1.596536E-01	-8.823638E+01
1.07892500000E+06	1.616588E-01	-8.834201E+01
1.08079375000E+06	1.630016E-01	-8.806573E+01
1.08266250000E+06	1.555989E-01	-8.746877E+01
1.08453125000E+06	1.615397E-01	-8.851099E+01
1.08640000000E+06	1.619429E-01	-8.754624E+01
1.08826875000E+06	1.612551E-01	-8.835044E+01
1.09013750000E+06	1.603342E-01	-8.777843E+01
1.09200625000E+06	1.623867E-01	-8.845713E+01
1.09387500000E+06	1.581837E-01	-8.942728E+01
1.09574375000E+06	1.636378E-01	-8.769239E+01
1.09761250000E+06	1.661346E-01	-8.926611E+01
1.09948125000E+06	1.653013E-01	-8.781556E+01
1.10135000000E+06	1.639556E-01	-8.890886E+01
1.10321875000E+06	1.667095E-01	-8.806396E+01
1.10508750000E+06	1.635147E-01	-8.843355E+01
1.10695625000E+06	1.652185E-01	-8.826009E+01
1.10882500000E+06	1.631218E-01	-8.730300E+01
1.11069375000E+06	1.649468E-01	-8.724248E+01
1.11256250000E+06	1.639656E-01	-8.722211E+01
1.11443125000E+06	1.651714E-01	-8.822063E+01
1.11630000000E+06	1.653119E-01	-8.816693E+01
1.11816875000E+06	1.676569E-01	-8.784927E+01
1.12003750000E+06	1.692113E-01	-8.815198E+01
1.12190625000E+06	1.679115E-01	-8.838355E+01
1.12377500000E+06	1.687428E-01	-8.867438E+01
1.12564375000E+06	1.676066E-01	-8.881334E+01
1.12751250000E+06	1.673000E-01	-8.857208E+01
1.12938125000E+06	1.691889E-01	-8.889004E+01
1.13125000000E+06	1.667952E-01	-8.877283E+01
1.13311875000E+06	1.663346E-01	-8.935069E+01
1.13498750000E+06	1.675147E-01	-8.907323E+01
1.13685625000E+06	1.661118E-01	-8.844056E+01
1.13872500000E+06	1.711397E-01	-8.893452E+01
1.14059375000E+06	1.686836E-01	-8.826077E+01
1.14246250000E+06	1.691383E-01	-8.879667E+01
1.14433125000E+06	1.725802E-01	-8.753899E+01
1.14620000000E+06	1.696422E-01	-8.872965E+01
1.14806875000E+06	1.705037E-01	-8.873232E+01
1.14993750000E+06	1.704174E-01	-8.957586E+01
1.15180625000E+06	1.725191E-01	-8.876482E+01
1.15367500000E+06	1.723134E-01	-8.809258E+01
1.15554375000E+06	1.762204E-01	-8.804906E+01
1.15741250000E+06	1.709660E-01	-8.804444E+01
1.15928125000E+06	1.735464E-01	-8.752884E+01
1.16115000000E+06	1.722359E-01	-8.788643E+01
1.16301875000E+06	1.724177E-01	-8.891991E+01
1.16488750000E+06	1.692073E-01	-8.898542E+01
1.16675625000E+06	1.700895E-01	-8.908067E+01
1.16862500000E+06	1.744910E-01	-8.876374E+01
1.17049375000E+06	1.730443E-01	-8.937437E+01
1.17236250000E+06	1.735052E-01	-8.798939E+01
1.17423125000E+06	1.753605E-01	-8.992379E+01
1.17610000000E+06	1.762646E-01	-8.860214E+01
1.17796875000E+06	1.752739E-01	-8.860139E+01
1.17983750000E+06	1.764020E-01	-8.921452E+01
1.18170625000E+06	1.736535E-01	-8.836581E+01
1.18357500000E+06	1.750919E-01	-8.895251E+01
1.18544375000E+06	1.769109E-01	-8.858204E+01
1.18731250000E+06	1.785545E-01	-8.852194E+01
1.18918125000E+06	1.775292E-01	-8.897964E+01
1.19105000000E+06	1.777442E-01	-8.827632E+01
1.19291875000E+06	1.783257E-01	-8.947523E+01
1.19478750000E+06	1.761256E-01	-8.879099E+01
1.19665625000E+06	1.770114E-01	-8.822794E+01
1.19852500000E+06	1.779401E-01	-8.899398E+01
1.20039375000E+06	1.821601E-01	-8.846226E+01
1.20226250000E+06	1.778700E-01	-8.885197E+01
1.20413125000E+06	1.796818E-01	-8.809729E+01
1.20600000000E+06	1.799404E-01	-8.836514E+01
1.20786875000E+06	1.825417E-01	-8.811510E+01
1.20973750000E+06	1.834418E-01	-8.887885E+01
1.21160625000E+06	1.776777E-01	-8.818719E+01
1.21347500000E+06	1.831141E-01	-8.816041E+01
1.21534375000E+06	1.797891E-01	-8.831261E+01
1.21721250000E+06	1.832104E-01	-8.872435E+01
1.21908125000E+06	1.834562E-01	-8.792800E+01
1.22095000000E+06	1.818534E-01	-8.919779E+01
1.22281875000E+06	1.826085E-01	-8.710937E+01
1.22468750000E+06	1.828349E-01	-8.784898E+01
1.22655625000E+06	1.814854E-01	-8.812256E+01
1.22842500000E+06	1.824416E-01	-8.860045E+01
1.23029375000E+06	1.833090E-01	-8.846542E+01
1.23216250000E+06	1.869113E-01	-8.810383E+01
1.23403125000E+06	1.853197E-01	-8.798270E+01
1.23590000000E+06	1.866087E-01	-8.819090E+01
1.23776875000E+06	1.863009E-01	-8.870387E+01
1.23963750000E+06	1.861762E-01	-8.865393E+01
1.24150625000E+06	1.858997E-01	-8.815981E+01
1.24337500000E+06	1.850129E-01	-8.861685E+01
1.24524375000E+06	1.867200E-01	-8.816524E+01
1.24711250000E+06	1.871563E-01	-8.820821E+01
1.24898125000E+06	1.871229E-01	-8.848326E+01
1.25085000000E+06	1.839651E-01	-8.904178E+01
1.25271875000E+06	1.881457E-01	-8.846486E+01
1.25458750000E+06	1.868659E-01	-8.842894E+01
1.25645625000E+06	1.862647E-01	-8.791509E+01
1.25832500000E+06	1.868216E-01	-8.766623E+01
1.26019375000E+06	1.861233E-01	-8.931093E+01
1.26206250000E+06	1.878642E-01	-8.867819E+01
1.26393125000E+06	1.879521E-01	-8.930518E+01
1.26580000000E+06	1.875298E-01	-8.918977E+01
1.26766875000E+06	1.911259E-01	-8.839494E+01
1.26953750000E+06	1.895190E-01	-8.875500E+01
1.27140625000E+06	1.902715E-01	-8.806030E+01
1.27327500000E+06	1.892134E-01	-8.809689E+01
1.27514375000E+06	1.935611E-01	-8.889135E+01
1.27701250000E+06	1.900486E-01	-8.839502E+01
1.27888125000E+06	1.928435E-01	-8.848896E+01
1.28075000000E+06	1.920235E-01	-8.849296E+01
1.28261875000E+06	1.898744E-01	-8.849232E+01
1.28448750000E+06	1.913251E-01	-8.805447E+01
1.28635625000E+06	1.911078E-01	-8.934364E+01
1.28822500000E+06	1.893833E-01	-8.871373E+01
1.29009375000E+06	1.893486E-01	-8.754419E+01
1.29196250000E+06	1.934289E-01	-8.888927E+01
1.29383125000E+06	1.947011E-01	-8.793382E+01
1.29570000000E+06	1.949370E-01	-8.854375E+01
1.29756875000E+06	1.959621E-01	-8.883432E+01
1.29943750000E+06	1.945371E-01	-8.793784E+01
1.30130625000E+06	1.947453E-01	-8.864586E+01
1.30317500000E+06	1.955764E-01	-8.854713E+01
1.30504375000E+06	1.957734E-01	-8.881107E+01
1.30691250000E+06	1.916474E-01	-8.802253E+01
1.30878125000E+06	1.944855E-01	-8.833498E+01
1.31065000000E+06	1.952418E-01	-8.848648E+01
1.31251875000E+06	1.976950E-01	-8.868367E+01
1.31438750000E+06	2.000008E-01	-8.870792E+01
1.31625625000E+06	1.972232E-01	-8.911742E+01
1.31812500000E+06	1.957764E-01	-8.943279E+01
1.31999375000E+06	1.953592E-01	-8.894952E+01
1.32186250000E+06	1.962100E-01	-8.875916E+01
1.32373125000E+06	1.960824E-01	-8.763647E+01
1.32560000000E+06	1.985596E-01	-8.832399E+01
1.32746875000E+06	1.959837E-01	-8.828329E+01
1.32933750000E+06	1.985691E-01	-8.852744E+01
1.33120625000E+06	1.984235E-01	-8.881669E+01
1.33307500000E+06	1.970349E-01	-8.861457E+01
1.33494375000E+06	1.987480E-01	-8.785381E+01
1.33681250000E+06	1.989276E-01	-8.881958E+01
1.33868125000E+06	1.998109E-01	-8.877262E+01
1.34055000000E+06	2.004095E-01	-8.845078E+01
1.34241875000E+06	1.982432E-01	-8.804387E+01
1.34428750000E+06	1.994184E-01	-8.904923E+01
1.34615625000E+06	2.009225E-01	-8.917792E+01
1.34802500000E+06	1.988422E-01	-8.842113E+01
1.34989375000E+06	2.015676E-01	-8.931722E+01
1.35176250000E+06	1.988717E-01	-8.894822E+01
1.35363125000E+06	2.048311E-01	-8.938379E+01
1.35550000000E+06	2.006506E-01	-8.829293E+01
1.35736875000E+06	2.020915E-01	-8.849868E+01
1.35923750000E+06	2.021195E-01	-8.910508E+01
1.36110625000E+06	2.025115E-01	-8.818634E+01
1.36297500000E+06	2.019302E-01	-8.861618E+01
1.36484375000E+06	2.021353E-01	-8.849486E+01
1.36671250000E+06	2.023582E-01	-8.882511E+01
1.36858125000E+06	2.012637E-01	-8.851461E+01
1.37045000000E+06	2.035909E-01	-8.920940E+01
1.37231875000E+06	2.053048E-01	-8.890676E+01
1.37418750000E+06	2.064205E-01	-8.832615E+01
1.37605625000E+06	2.070116E-01	-8.809981E+01
1.37792500000E+06	2.089464E-01	-8.830799E+01
1.37979375000E+06	2.075596E-01	-8.871090E+01
1.38166250000E+06	2.039822E-01	-8.891131E+01
1.38353125000E+06	2.069790E-01	-8.842593E+01
1.38540000000E+06	2.053496E-01	-8.910968E+01
1.38726875000E+06	2.050656E-01	-8.883601E+01
1.38913750000E+06	2.086485E-01	-8.918378E+01
1.39100625000E+06	2.057226E-01	-8.767743E+01
1.39287500000E+06	2.096557E-01	-8.879903E+01
1.39474375000E+06	2.063484E-01	-8.850521E+01
1.39661250000E+06	2.128664E-01	-8.899183E+01
1.39848125000E+06	2.067908E-01	-8.809863E+01
1.40035000000E+06	2.076404E-01	-8.903241E+01
1.40221875000E+06	2.125544E-01	-8.838699E+01
1.40408750000E+06	2.058202E-01	-8.782841E+01
1.40595625000E+06	2.131599E-01	-8.859047E+01
1.40782500000E+06	2.102114E-01	-8.885263E+01
1.40969375000E+06	2.120428E-01	-8.787630E+01
1.41156250000E+06	2.109561E-01	-8.919009E+01
1.41343125000E+06	2.096966E-01	-8.730186E+01
1.41530000000E+06	2.100663E-01	-8.829221E+01
1.41716875000E+06	2.139261E-01	-8.823580E+01
1.41903750000E+06	2.091957E-01	-8.858203E+01
1.42090625000E+06	2.121519E-01	-8.839567E+01
1.42277500000E+06	2.111160E-01	-8.829804E+01
1.42464375000E+06	2.122889E-01	-8.782259E+01
1.42651250000E+06	2.120311E-01	-8.788315E+01
1.42838125000E+06	2.146250E-01	-8.938985E+01
1.43025000000E+06	2.153455E-01	-8.801846E+01
1.43211875000E+06	2.152006E-01	-8.828635E+01
1.43398750000E+06	2.150235E-01	-8.817093E+01
1.43585625000E+06	2.144760E-01	-8.892651E+01
1.43772500000E+06	2.150713E-01	-8.847432E+01
1.43959375000E+06	2.120269E-01	-8.810593E+01
1.44146250000E+06	2.178531E-01	-8.880640E+01
1.44333125000E+06	2.156416E-01	-8.885812E+01
1.44520000000E+06	2.159458E-01	-8.889252E+01
1.44706875000E+06	2.167600E-01	-8.860924E+01
1.44893750000E+06	2.156577E-01	-8.873550E+01
1.45080625000E+06	2.141795E-01	-8.901212E+01
1.45267500000E+06	2.180343E-01	-8.851200E+01
1.45454375000E+06	2.214819E-01	-8.909876E+01
1.45641250000E+06	2.175422E-01	-8.857566E+01
1.45828125000E+06	2.179005E-01	-8.881910E+01
1.46015000000E+06	2.190790E-01	-8.809170E+01
1.46201875000E+06	2.187841E-01	-8.830924E+01
1.46388750000E+06	2.214807E-01	-8.746365E+01
1.46575625000E+06	2.181688E-01	-8.888430E+01
1.46762500000E+06	2.198281E-01	-8.832012E+01
1.46949375000E+06	2.177870E-01	-8.836433E+01
1.47136250000E+06	2.189231E-01	-8.804242E+01
1.47323125000E+06	2.211482E-01	-8.837640E+01
1.47510000000E+06	2.215599E-01	-8.797221E+01
1.47696875000E+06	2.214625E-01	-8.910362E+01
1.47883750000E+06	2.216108E-01	-8.828037E+01
1.48070625000E+06	2.194421E-01	-8.877749E+01
1.48257500000E+06	2.209985E-01	-8.894376E+01
1.48444375000E+06	2.212953E-01	-8.824455E+01
1.48631250000E+06	2.206618E-01	-8.855883E+01
1.48818125000E+06	2.233193E-01	-8.859528E+01
1.49005000000E+06	2.242800E-01	-8.814751E+01
1.49191875000E+06	2.230156E-01	-8.828960E+01
1.49378750000E+06	2.196299E-01	-8.808780E+01
1.49565625000E+06	2.266280E-01	-8.876655E+01
1.49752500000E+06	2.221435E-01	-8.883517E+01
1.49939375000E+06	2.248677E-01	-8.774778E+01
1.50126250000E+06	2.233704E-01	-8.874272E+01
1.50313125000E+06	2.241165E-01	-8.874018E+01
1.50500000000E+06	2.187837E-01	-8.819898E+01
1.50686875000E+06	2.271199E-01	-8.790980E+01
1.50873750000E+06	2.251572E-01	-8.848306E+01
1.51060625000E+06	2.277361E-01	-8.725504E+01
1.51247500000E+06	2.272757E-01	-8.850977E+01
1.51434375000E+06	2.272284E-01	-8.843108E+01
1.51621250000E+06	2.268863E-01	-8.898918E+01
1.51808125000E+06	2.282924E-01	-8.848543E+01
1.51995000000E+06	2.257691E-01	-8.834092E+01
1.52181875000E+06	2.298937E-01	-8.845836E+01
1.52368750000E+06	2.297721E-01	-8.895929E+01
1.52555625000E+06	2.288532E-01	-8.876642E+01
1.52742500000E+06	2.309545E-01	-8.873923E+01
1.52929375000E+06	2.312227E-01	-8.919498E+01
1.53116250000E+06	2.290806E-01	-8.807025E+01
1.53303125000E+06	2.287260E-01	-8.866077E+01
1.53490000000E+06	2.294366E-01	-8.822531E+01
1.53676875000E+06	2.316268E-01	-8.848415E+01
1.53863750000E+06	2.314417E-01	-8.770953E+01
1.54050625000E+06	2.298286E-01	-8.839404E+01
1.54237500000E+06	2.306451E-01	-8.903547E+01
1.54424375000E+06	2.310105E-01	-8.884496E+01
1.54611250000E+06	2.308310E-01	-8.892745E+01
1.54798125000E+06	2.336083E-01	-8.823784E+01
1.54985000000E+06	2.326914E-01	-8.890771E+01
1.55171875000E+06	2.310350E-01	-8.835552E+01
1.55358750000E+06	2.341317E-01	-8.929636E+01
1.55545625000E+06	2.345757E-01	-8.783022E+01
1.55732500000E+06	2.332281E-01	-8.912957E+01
1.55919375000E+06	2.325281E-01	-8.844067E+01
1.56106250000E+06	2.352775E-01	-8.924051E+01
1.56293125000E+06	2.324183E-01	-8.882624E+01
1.56480000000E+06	2.352926E-01	-8.792951E+01
1.56666875000E+06	2.375955E-01	-8.844321E+01
1.56853750000E+06	2.355006E-01	-8.803593E+01
1.57040625000E+06	2.367884E-01	-8.809953E+01
1.57227500000E+06	2.331761E-01	-8.825725E+01
1.57414375000E+06	2.338667E-01	-8.892448E+01
1.57601250000E+06	2.385863E-01	-8.800267E+01
1.57788125000E+06	2.367753E-01	-8.868124E+01
1.57975000000E+06	2.382597E-01	-8.838245E+01
1.58161875000E+06	2.363798E-01	-8.830441E+01
1.58348750000E+06	2.362160E-01	-8.811632E+01
1.58535625000E+06	2.362589E-01	-8.877544E+01
1.58722500000E+06	2.401666E-01	-8.807507E+01
1.58909375000E+06	2.348371E-01	-8.859908E+01
1.59096250000E+06	2.389024E-01	-8.917514E+01
1.59283125000E+06	2.413547E-01	-8.867219E+01
1.59470000000E+06	2.377419E-01	-8.843607E+01
1.59656875000E+06	2.406259E-01	-8.834117E+01
1.59843750000E+06	2.409395E-01	-8.891024E+01
1.60030625000E+06	2.411909E-01	-8.864836E+01
1.60217500000E+06	2.427056E-01	-8.828059E+01
1.60404375000E+06	2.411432E-01	-8.796101E+01
1.60591250000E+06	2.405122E-01	-8.850712E+01
1.60778125000E+06	2.415010E-01	-8.897992E+01
1.60965000000E+06	2.404082E-01	-8.955045E+01
1.61151875000E+06	2.414804E-01	-8.909298E+01
1.61338750000E+06	2.427001E-01	-8.866535E+01
1.61525625000E+06	2.416386E-01	-8.854082E+01
1.61712500000E+06	2.442801E-01	-8.954570E+01
1.61899375000E+06	2.400071E-01	-8.838829E+01
1.62086250000E+06	2.406765E-01	-8.871552E+01
1.62273125000E+06	2.463278E-01	-8.947961E+01
1.62460000000E+06	2.421137E-01	-8.866771E+01
1.62646875000E+06	2.446997E-01	-8.867619E+01
1.62833750000E+06	2.450924E-01	-8.906282E+01
1.63020625000E+06	2.450891E-01	-8.881573E+01
1.63207500000E+06	2.435360E-01	-8.891372E+01
1.63394375000E+06	2.462920E-01	-8.855099E+01
1.63581250000E+06	2.473087E-01	-8.778857E+01
1.63768125000E+06	2.440024E-01	-8.851405E+01
1.63955000000E+06	2.470987E-01	-8.986807E+01
1.64141875000E+06	2.441425E-01	-8.883060E+01
1.64328750000E+06	2.456377E-01	-8.842100E+01
1.64515625000E+06	2.490380E-01	-8.789195E+01
1.64702500000E+06	2.498758E-01	-8.766361E+01
1.64889375000E+06	2.484580E-01	-8.881158E+01
1.65076250000E+06	2.460396E-01	-8.859103E+01
1.65263125000E+06	2.465220E-01	-8.863308E+01
1.65450000000E+06	2.432899E-01	-8.891573E+01
1.65636875000E+06	2.507236E-01	-8.897654E+01
1.65823750000E+06	2.464220E-01	-8.890568E+01
1.66010625000E+06	2.453777E-01	-8.860838E+01
1.66197500000E+06	2.507542E-01	-8.838251E+01
1.66384375000E+06	2.516383E-01	-8.871857E+01
1.66571250000E+06	2.477733E-01	-8.839355E+01
1.66758125000E+06	2.490764E-01	-8.905297E+01
1.66945000000E+06	2.521931E-01	-8.874209E+01
1.67131875000E+06	2.524959E-01	-8.838428E+01
1.67318750000E+06	2.506654E-01	-8.818311E+01
1.67505625000E+06	2.505095E-01	-8.870684E+01
1.67692500000E+06	2.553023E-01	-8.814967E+01
1.67879375000E+06	2.528531E-01	-8.910521E+01
1.68066250000E+06	2.527908E-01	-8.804722E+01
1.68253125000E+06	2.494145E-01	-8.827463E+01
1.68440000000E+06	2.530125E-01	-8.849770E+01
1.68626875000E+06	2.530202E-01	-8.884980E+01
1.68813750000E+06	2.557716E-01	-8.891247E+01
1.69000625000E+06	2.534048E-01	-8.815385E+01
1.69187500000E+06	2.504613E-01	-8.900735E+01
1.69374375000E+06	2.545547E-01	-8.821209E+01
1.69561250000E+06	2.553410E-01	-8.735056E+01
1.69748125000E+06	2.574463E-01	-8.857634E+01
1.69935000000E+06	2.551026E-01	-8.837979E+01
1.70121875000E+06	2.556620E-01	-8.875651E+01
1.70308750000E+06	2.559628E-01	-8.872973E+01
1.70495625000E+06	2.585782E-01	-8.897932E+01
1.70682500000E+06	2.547783E-01	-8.819402E+01
1.70869375000E+06	2.572896E-01	-8.788155E+01
1.71056250000E+06	2.596200E-01	-8.853587E+01
1.71243125000E+06	2.555287E-01	-8.872488E+01
1.71430000000E+06	2.560875E-01	-8.876493E+01
1.71616875000E+06	2.544673E-01	-8.844331E+01
1.71803750000E+06	2.570150E-01	-8.889975E+01
1.71990625000E+06	2.602537E-01	-8.856627E+01
1.72177500000E+06	2.578715E-01	-8.836062E+01
1.72364375000E+06	2.587092E-01	-8.843753E+01
1.72551250000E+06	2.589362E-01	-8.809159E+01
1.72738125000E+06	2.577984E-01	-8.819978E+01
1.72925000000E+06	2.593717E-01	-8.856354E+01
1.73111875000E+06	2.599657E-01	-8.856268E+01
1.73298750000E+06	2.587940E-01	-8.844348E+01
1.73485625000E+06	2.590771E-01	-8.812137E+01
1.73672500000E+06	2.592738E-01	-8.848824E+01
1.73859375000E+06	2.580889E-01	-8.912274E+01
1.74046250000E+06	2.603147E-01	-8.902532E+01
1.74233125000E+06	2.630315E-01	-8.819751E+01
1.74420000000E+06	2.615227E-01	-8.880095E+01
1.74606875000E+06	2.624327E-01	-8.785537E+01
1.74793750000E+06	2.620721E-01	-8.817648E+01
1.74980625000E+06	2.631275E-01	-8.863145E+01
1.75167500000E+06	2.620682E-01	-8.920251E+01
1.75354375000E+06	2.610514E-01	-8.802348E+01
1.75541250000E+06	2.617692E-01	-8.888767E+01
1.75728125000E+06	2.669978E-01	-8.810279E+01
1.75915000000E+06	2.645695E-01	-8.867632E+01
1.76101875000E+06	2.637080E-01	-8.869197E+01
1.76288750000E+06	2.638078E-01	-8.860152E+01
1.76475625000E+06	2.647601E-01	-8.792540E+01
1.76662500000E+06	2.628655E-01	-8.910183E+01
1.76849375000E+06	2.682164E-01	-8.835343E+01
1.77036250000E+06	2.648882E-01	-8.960499E+01
1.77223125000E+06	2.662358E-01	-8.810126E+01
1.77410000000E+06	2.682261E-01	-8.834966E+01
1.77596875000E+06	2.662347E-01	-8.934300E+01
1.77783750000E+06	2.659641E-01	-8.875213E+01
1.77970625000E+06	2.650171E-01	-8.877721E+01
1.78157500000E+06	2.676232E-01	-8.837414E+01
1.78344375000E+06	2.676560E-01	-8.870762E+01
1.78531250000E+06	2.672945E-01	-8.871880E+01
1.78718125000E+06	2.668717E-01	-8.859972E+01
1.78905000000E+06	2.711352E-01	-8.841754E+01
1.79091875000E+06	2.697687E-01	-8.812791E+01
1.79278750000E+06	2.697319E-01	-8.830614E+01
1.79465625000E+06	2.678957E-01	-8.783818E+01
1.79652500000E+06	2.693899E-01	-8.825555E+01
1.79839375000E+06	2.706116E-01	-8.815113E+01
1.80026250000E+06	2.694112E-01	-8.865370E+01
1.80213125000E+06	2.715276E-01	-8.840843E+01
1.80400000000E+06	2.703345E-01	-8.849955E+01
1.80586875000E+06	2.711784E-01	-8.819678E+01
1.80773750000E+06	2.683147E-01	-8.839294E+01
1.80960625000E+06	2.722866E-01	-8.900368E+01
1.81147500000E+06	2.702206E-01	-8.834139E+01
1.81334375000E+06	2.736678E-01	-8.829816E+01
1.81521250000E+06	2.720619E-01	-8.906690E+01
1.81708125000E+06	2.721381E-01	-8.806986E+01
1.81895000000E+06	2.714125E-01	-8.828408E+01
1.82081875000E+06	2.733263E-01	-8.795068E+01
1.82268750000E+06	2.760649E-01	-8.880983E+01
1.82455625000E+06	2.740102E-01	-8.887235E+01
1.82642500000E+06	2.739725E-01	-8.822217E+01
1.82829375000E+06	2.770844E-01	-8.825425E+01
1.83016250000E+06	2.764467E-01	-8.812321E+01
1.83203125000E+06	2.744471E-01	-8.784830E+01
1.83390000000E+06	2.746550E-01	-8.779782E+01
1.83576875000E+06	2.779644E-01	-8.815986E+01
1.83763750000E+06	2.771188E-01	-8.849021E+01
1.83950625000E+06	2.769427E-01	-8.815077E+01
1.84137500000E+06	2.759720E-01	-8.821478E+01
1.84324375000E+06	2.789368E-01	-8.888433E+01
1.84511250000E+06	2.784548E-01	-8.818687E+01
1.84698125000E+06	2.765448E-01	-8.844498E+01
1.84885000000E+06	2.752616E-01	-8.892125E+01
1.85071875000E+06	2.782599E-01	-8.845778E+01
1.85258750000E+06	2.794607E-01	-8.874169E+01
1.85445625000E+06	2.824785E-01	-8.811285E+01
1.85632500000E+06	2.784774E-01	-8.794035E+01
1.85819375000E+06	2.779897E-01	-8.800044E+01
1.86006250000E+06	2.808088E-01	-8.879329E+01
1.86193125000E+06	2.798689E-01	-8.828413E+01
1.86380000000E+06	2.793790E-01	-8.779617E+01
1.86566875000E+06	2.794400E-01	-8.829049E+01
1.86753750000E+06	2.846271E-01	-8.812517E+01
1.86940625000E+06	2.819692E-01	-8.874732E+01
1.87127500000E+06	2.801827E-01	-8.858426E+01
1.87314375000E+06	2.820837E-01	-8.778566E+01
1.87501250000E+06	2.888258E-01	-8.880155E+01
1.87688125000E+06	2.842017E-01	-8.847738E+01
1.87875000000E+06	2.826089E-01	-8.791696E+01
1.88061875000E+06	2.850454E-01	-8.874441E+01
1.88248750000E+06	2.850819E-01	-8.802373E+01
1.88435625000E+06	2.857235E-01	-8.811028E+01
1.88622500000E+06	2.844079E-01	-8.828555E+01
1.88809375000E+06	2.797885E-01	-8.817527E+01
1.88996250000E+06	2.848148E-01	-8.874303E+01
1.89183125000E+06	2.864996E-01	-8.859081E+01
1.89370000000E+06	2.832855E-01	-8.831176E+01
1.89556875000E+06	2.911286E-01	-8.800009E+01
1.89743750000E+06	2.862274E-01	-8.837691E+01
1.89930625000E+06	2.866720E-01	-8.838889E+01
1.90117500000E+06	2.880323E-01	-8.834888E+01
1.90304375000E+06	2.863415E-01	-8.802565E+01
1.90491250000E+06	2.857504E-01	-8.796713E+01
1.90678125000E+06	2.878640E-01	-8.883698E+01
1.90865000000E+06	2.912294E-01	-8.850750E+01
1.91051875000E+06	2.887960E-01	-8.786784E+01
1.91238750000E+06	2.884604E-01	-8.783810E+01
1.91425625000E+06	2.856686E-01	-8.817413E+01
1.91612500000E+06	2.909040E-01	-8.798203E+01
1.91799375000E+06	2.903186E-01	-8.787990E+01
1.91986250000E+06	2.907147E-01	-8.776299E+01
1.92173125000E+06	2.922243E-01	-8.834231E+01
1.92360000000E+06	2.940477E-01	-8.833878E+01
1.92546875000E+06	2.926005E-01	-8.855112E+01
1.92733750000E+06	2.905369E-01	-8.801027E+01
1.92920625000E+06	2.913331E-01	-8.853562E+01
1.93107500000E+06	2.932422E-01	-8.805695E+01
1.93294375000E+06	2.915618E-01	-8.745113E+01
1.93481250000E+06	2.926145E-01	-8.822756E+01
1.93668125000E+06	2.938432E-01	-8.794257E+01
1.93855000000E+06	2.908261E-01	-8.826161E+01
1.94041875000E+06	2.935022E-01	-8.863322E+01
1.94228750000E+06	2.907292E-01	-8.754106E+01
1.94415625000E+06	2.928816E-01	-8.801197E+01
1.94602500000E+06	2.887628E-01	-8.816640E+01
1.94789375000E+06	2.946081E-01	-8.852318E+01
1.94976250000E+06	2.963410E-01	-8.841071E+01
1.95163125000E+06	2.955001E-01	-8.827652E+01
1.95350000000E+06	2.949500E-01	-8.744653E+01
1.95536875000E+06	2.976642E-01	-8.838549E+01
1.95723750000E+06	2.976134E-01	-8.824135E+01
1.95910625000E+06	2.961449E-01	-8.808836E+01
1.96097500000E+06	2.987168E-01	-8.829364E+01
1.96284375000E+06	2.975469E-01	-8.830094E+01
1.96471250000E+06	2.962782E-01	-8.881199E+01
1.96658125000E+06	2.969951E-01	-8.841911E+01
1.96845000000E+06	2.999691E-01	-8.803779E+01
1.97031875000E+06	3.027471E-01	-8.875231E+01
1.97218750000E+06	2.996366E-01	-8.831018E+01
1.97405625000E+06	2.967882E-01	-8.776827E+01
1.97592500000E+06	3.010809E-01	-8.811231E+01
1.97779375000E+06	3.024332E-01	-8.844475E+01
1.97966250000E+06	3.009527E-01	-8.868894E+01
1.98153125000E+06	3.005069E-01	-8.869992E+01
1.98340000000E+06	2.977598E-01	-8.817632E+01
1.98526875000E+06	3.016213E-01	-8.742925E+01
1.98713750000E+06	2.968057E-01	-8.745463E+01
1.98900625000E+06	3.025254E-01	-8.831950E+01
1.99087500000E+06	3.033161E-01	-8.864703E+01
1.99274375000E+06	3.009977E-01	-8.806301E+01
1.99461250000E+06	3.034979E-01	-8.808845E+01
1.99648125000E+06	3.050403E-01	-8.782845E+01
1.99835000000E+06	3.044870E-01	-8.855333E+01
2.00021875000E+06	3.025442E-01	-8.823290E+01
2.00208750000E+06	3.019134E-01	-8.804578E+01
2.00395625000E+06	3.037169E-01	-8.799509E+01
2.00582500000E+06	3.032200E-01	-8.822514E+01
2.00769375000E+06	3.053681E-01	-8.815218E+01
2.00956250000E+06	3.046750E-01	-8.848092E+01
2.01143125000E+06	3.049040E-01	-8.828191E+01
2.01330000000E+06	3.054878E-01	-8.802325E+01
2.01516875000E+06	3.037569E-01	-8.762132E+01
2.01703750000E+06	3.053715E-01	-8.820943E+01
2.01890625000E+06	3.092085E-01	-8.757851E+01
2.02077500000E+06	3.063475E-01	-8.891212E+01
2.02264375000E+06	3.067660E-01	-8.812032E+01
2.02451250000E+06	3.060136E-01	-8.842731E+01
2.02638125000E+06	3.067743E-01	-8.840489E+01
2.02825000000E+06	3.068233E-01	-8.858648E+01
2.03011875000E+06	3.059781E-01	-8.773362E+01
2.03198750000E+06	3.072552E-01	-8.832835E+01
2.03385625000E+06	3.109666E-01	-8.768409E+01
2.03572500000E+06	3.071781E-01	-8.770975E+01
2.03759375000E+06	3.073380E-01	-8.824176E+01
2.03946250000E+06	3.115185E-01	-8.818567E+01
2.04133125000E+06	3.106146E-01	-8.803021E+01
2.04320000000E+06	3.094088E-01	-8.725060E+01
2.04506875000E+06	3.108727E-01	-8.783263E+01
2.04693750000E+06	3.096902E-01	-8.808243E+01
2.04880625000E+06	3.094767E-01	-8.783472E+01
2.05067500000E+06	3.110763E-01	-8.807530E+01
2.05254375000E+06	3.126744E-01	-8.830669E+01
2.05441250000E+06	3.118848E-01	-8.827300E+01
2.05628125000E+06	3.110374E-01	-8.811590E+01
2.05815000000E+06	3.128510E-01	-8.802877E+01
2.06001875000E+06	3.131096E-01	-8.804203E+01
2.06188750000E+06	3.113709E-01	-8.861143E+01
2.06375625000E+06	3.143207E-01	-8.840018E+01
2.06562500000E+06	3.154514E-01	-8.776594E+01
2.06749375000E+06	3.130054E-01	-8.787347E+01
2.06936250000E+06	3.145778E-01	-8.836417E+01
2.07123125000E+06	3.163574E-01	-8.756841E+01
2.07310000000E+06	3.167515E-01	-8.834400E+01
2.07496875000E+06	3.124560E-01	-8.857949E+01
2.07683750000E+06	3.165910E-01	-8.853710E+01
2.07870625000E+06	3.137308E-01	-8.840394E+01
2.08057500000E+06	3.172152E-01	-8.806394E+01
2.08244375000E+06	3.144031E-01	-8.845222E+01
2.08431250000E+06	3.190762E-01	-8.816486E+01
2.08618125000E+06	3.192236E-01	-8.850613E+01
2.08805000000E+06	3.169558E-01	-8.847338E+01
2.08991875000E+06	3.177941E-01	-8.759860E+01
2.09178750000E+06	3.181131E-01	-8.785595E+01
2.09365625000E+06	3.185972E-01	-8.768641E+01
2.09552500000E+06	3.205436E-01	-8.777267E+01
2.09739375000E+06	3.181925E-01	-8.813905E+01
2.09926250000E+06	3.191153E-01	-8.807426E+01
2.10113125000E+06	3.196034E-01	-8.861124E+01
2.10300000000E+06	3.185445E-01	-8.828422E+01
2.10486875000E+06	3.207686E-01	-8.836700E+01
2.10673750000E+06	3.199442E-01	-8.785879E+01
2.10860625000E+06	3.179515E-01	-8.858731E+01
2.11047500000E+06	3.213401E-01	-8.776050E+01
2.11234375000E+06	3.190941E-01	-8.773709E+01
2.11421250000E+06	3.198216E-01	-8.867347E+01
2.11608125000E+06	3.240808E-01	-8.821415E+01
2.11795000000E+06	3.224652E-01	-8.811714E+01
2.11981875000E+06	3.236993E-01	-8.809305E+01
2.12168750000E+06	3.218512E-01	-8.807389E+01
2.12355625000E+06	3.219752E-01	-8.798214E+01
2.12542500000E+06	3.205957E-01	-8.774724E+01
2.12729375000E+06	3.234743E-01	-8.796105E+01
2.12916250000E+06	3.234219E-01	-8.827834E+01
2.13103125000E+06	3.239899E-01	-8.853846E+01
2.13290000000E+06	3.220939E-01	-8.797800E+01
2.13476875000E+06	3.236362E-01	-8.774042E+01
2.13663750000E+06	3.264985E-01	-8.789271E+01
2.13850625000E+06	3.278677E-01	-8.838209E+01
2.14037500000E+06	3.233682E-01	-8.776669E+01
2.14224375000E+06	3.259297E-01	-8.807797E+01
2.14411250000E+06	3.272830E-01	-8.810162E+01
2.14598125000E+06	3.268216E-01	-8.797124E+01
2.14785000000E+06	3.255290E-01	-8.754458E+01
2.14971875000E+06	3.266503E-01	-8.753197E+01
2.15158750000E+06	3.289910E-01	-8.843687E+01
2.15345625000E+06	3.286856E-01	-8.815398E+01
2.15532500000E+06	3.289247E-01	-8.831989E+01
2.15719375000E+06	3.279646E-01	-8.813436E+01
2.15906250000E+06	3.260866E-01	-8.847673E+01
2.16093125000E+06	3.284430E-01	-8.770522E+01
2.16280000000E+06	3.286804E-01	-8.750588E+01
2.16466875000E+06	3.293172E-01	-8.790398E+01
2.16653750000E+06	3.328956E-01	-8.841355E+01
2.16840625000E+06	3.284975E-01	-8.870165E+01
2.17027500000E+06	3.296863E-01	-8.872031E+01
2.17214375000E+06	3.350184E-01	-8.800101E+01
2.17401250000E+06	3.329571E-01	-8.754419E+01
2.17588125000E+06	3.286718E-01	-8.829062E+01
2.17775000000E+06	3.323865E-01	-8.775443E+01
2.17961875000E+06	3.284601E-01	-8.801526E+01
2.18148750000E+06	3.296837E-01	-8.777259E+01
2.18335625000E+06	3.280396E-01	-8.786500E+01
2.18522500000E+06	3.356252E-01	-8.861980E+01
2.18709375000E+06	3.366260E-01	-8.765745E+01
2.18896250000E+06	3.370232E-01	-8.841062E+01
2.19083125000E+06	3.310337E-01	-8.858461E+01
2.19270000000E+06	3.362553E-01	-8.833301E+01
2.19456875000E+06	3.319775E-01	-8.749327E+01
2.19643750000E+06	3.361695E-01	-8.799824E+01
2.19830625000E+06	3.355002E-01	-8.836436E+01
2.20017500000E+06	3.335502E-01	-8.823341E+01
2.20204375000E+06	3.363825E-01	-8.813032E+01
2.20391250000E+06	3.397395E-01	-8.752449E+01
2.20578125000E+06	3.385579E-01	-8.801234E+01
2.20765000000E+06	3.332902E-01	-8.842080E+01
2.20951875000E+06	3.377212E-01	-8.784969E+01
2.21138750000E+06	3.388185E-01	-8.822721E+01
2.21325625000E+06	3.411907E-01	-8.769941E+01
2.21512500000E+06	3.380648E-01	-8.792248E+01
2.21699375000E+06	3.374663E-01	-8.826705E+01
2.21886250000E+06	3.392788E-01	-8.850423E+01
2.22073125000E+06	3.407580E-01	-8.755555E+01
2.22260000000E+06	3.400428E-01	-8.812395E+01
2.22446875000E+06	3.413767E-01	-8.809784E+01
2.22633750000E+06	3.391268E-01	-8.790530E+01
2.22820625000E+06	3.380112E-01	-8.757494E+01
2.23007500000E+06	3.409263E-01	-8.845707E+01
2.23194375000E+06	3.422317E-01	-8.828851E+01
2.23381250000E+06	3.402804E-01	-8.776315E+01
2.23568125000E+06	3.436585E-01	-8.797307E+01
2.23755000000E+06	3.427580E-01	-8.824601E+01
2.23941875000E+06	3.442546E-01	-8.820171E+01
2.24128750000E+06	3.437786E-01	-8.795422E+01
2.24315625000E+06	3.425679E-01	-8.820866E+01
2.24502500000E+06	3.416957E-01	-8.829122E+01
2.24689375000E+06	3.449147E-01	-8.868710E+01
2.24876250000E+06	3.443006E-01	-8.848825E+01
2.25063125000E+06	3.455242E-01	-8.774035E+01
2.25250000000E+06	3.435479E-01	-8.787356E+01
2.25436875000E+06	3.441140E-01	-8.812547E+01
2.25623750000E+06	3.445025E-01	-8.792384E+01
2.25810625000E+06	3.442401E-01	-8.790979E+01
2.25997500000E+06	3.471900E-01	-8.828831E+01
2.26184375000E+06	3.463387E-01	-8.827938E+01
2.26371250000E+06	3.493581E-01	-8.759238E+01
2.26558125000E+06	3.441397E-01	-8.796877E+01
2.26745000000E+06	3.469404E-01	-8.820862E+01
2.26931875000E+06	3.500896E-01	-8.830324E+01
2.27118750000E+06	3.480907E-01	-8.779008E+01
2.27305625000E+06	3.486113E-01	-8.807609E+01
2.27492500000E+06	3.492760E-01	-8.785062E+01
2.27679375000E+06	3.489581E-01	-8.756557E+01
2.27866250000E+06	3.488159E-01	-8.811190E+01
2.28053125000E+06	3.497877E-01	-8.799066E+01
2.28240000000E+06	3.489011E-01	-8.794812E+01
2.28426875000E+06	3.497868E-01	-8.824056E+01
2.28613750000E+06	3.519441E-01	-8.831400E+01
2.28800625000E+06	3.543273E-01	-8.790543E+01
2.28987500000E+06	3.490665E-01	-8.822797E+01
2.29174375000E+06	3.498990E-01	-8.780812E+01
2.29361250000E+06	3.489533E-01	-8.808825E+01
2.29548125000E+06	3.536355E-01	-8.767519E+01
2.29735000000E+06	3.502496E-01	-8.837272E+01
2.29921875000E+06	3.502989E-01	-8.772768E+01
2.30108750000E+06	3.505996E-01	-8.806827E+01
2.30295625000E+06	3.511236E-01	-8.828842E+01
2.30482500000E+06	3.519749E-01	-8.827198E+01
2.30669375000E+06	3.546492E-01	-8.848230E+01
2.30856250000E+06	3.515362E-01	-8.847192E+01
2.31043125000E+06	3.533451E-01	-8.775500E+01
2.31230000000E+06	3.566620E-01	-8.778136E+01
2.31416875000E+06	3.546692E-01	-8.817722E+01
2.31603750000E+06	3.544105E-01	-8.769837E+01
2.31790625000E+06	3.549029E-01	-8.877589E+01
2.31977500000E+06	3.550304E-01	-8.811819E+01
2.32164375000E+06	3.560778E-01	-8.797408E+01
2.32351250000E+06	3.526033E-01	-8.858913E+01
2.32538125000E+06	3.536661E-01	-8.778752E+01
2.32725000000E+06	3.543319E-01	-8.749667E+01
2.32911875000E+06	3.571984E-01	-8.770715E+01
2.33098750000E+06	3.585427E-01	-8.803758E+01
2.33285625000E+06	3.587766E-01	-8.801842E+01
2.33472500000E+06	3.602678E-01	-8.810242E+01
2.33659375000E+06	3.558942E-01	-8.838577E+01
2.33846250000E+06	3.576177E-01	-8.782442E+01
2.34033125000E+06	3.586003E-01	-8.778592E+01
2.34220000000E+06	3.608938E-01	-8.836551E+01
2.34406875000E+06	3.598158E-01	-8.824159E+01
2.34593750000E+06	3.596367E-01	-8.774081E+01
2.34780625000E+06	3.615335E-01	-8.783015E+01
2.34967500000E+06	3.590970E-01	-8.802538E+01
2.35154375000E+06	3.593137E-01	-8.816178E+01
2.35341250000E+06	3.640746E-01	-8.804832E+01
2.35528125000E+06	3.625818E-01	-8.749780E+01
2.35715000000E+06	3.637676E-01	-8.793583E+01
2.35901875000E+06	3.632353E-01	-8.796658E+01
2.36088750000E+06	3.654745E-01	-8.770367E+01
2.36275625000E+06	3.621457E-01	-8.805068E+01
2.36462500000E+06	3.653261E-01	-8.812051E+01
2.36649375000E+06	3.622345E-01	-8.790578E+01
2.36836250000E+06	3.634227E-01	-8.795198E+01
2.37023125000E+06	3.630491E-01	-8.794057E+01
2.37210000000E+06	3.639648E-01	-8.819987E+01
2.37396875000E+06	3.668611E-01	-8.785352E+01
2.37583750000E+06	3.629232E-01	-8.809751E+01
2.37770625000E+06	3.648218E-01	-8.796998E+01
2.37957500000E+06	3.653981E-01	-8.777940E+01
2.38144375000E+06	3.665271E-01	-8.783026E+01
2.38331250000E+06	3.651202E-01	-8.804114E+01
2.38518125000E+06	3.662931E-01	-8.750724E+01
2.38705000000E+06	3.630482E-01	-8.794406E+01
2.38891875000E+06	3.669327E-01	-8.770472E+01
2.39078750000E+06	3.671867E-01	-8.771434E+01
2.39265625000E+06	3.693797E-01	-8.812733E+01
2.39452500000E+06	3.675700E-01	-8.782801E+01
2.39639375000E+06	3.668745E-01	-8.757804E+01
2.39826250000E+06	3.657685E-01	-8.853187E+01
2.40013125000E+06	3.669088E-01	-8.812760E+01
2.40200000000E+06	3.702089E-01	-8.787478E+01
2.40386875000E+06	3.695751E-01	-8.811473E+01
2.40573750000E+06	3.701590E-01	-8.766051E+01
2.40760625000E+06	3.688927E-01	-8.838338E+01
2.40947500000E+06	3.709257E-01	-8.740881E+01
2.41134375000E+06	3.692382E-01	-8.806134E+01
2.41321250000E+06	3.718300E-01	-8.774391E+01
2.41508125000E+06	3.710504E-01	-8.825090E+01
2.41695000000E+06	3.684113E-01	-8.779201E+01
2.41881875000E+06	3.712291E-01	-8.784572E+01
2.42068750000E+06	3.710847E-01	-8.774526E+01
2.42255625000E+06	3.728460E-01	-8.799074E+01
2.42442500000E+06	3.707248E-01	-8.819154E+01
2.42629375000E+06	3.744729E-01	-8.758218E+01
2.42816250000E+06	3.774898E-01	-8.815627E+01
2.43003125000E+06	3.730325E-01	-8.753531E+01
2.43190000000E+06	3.724457E-01	-8.823132E+01
2.43376875000E+06	3.726873E-01	-8.774542E+01
2.43563750000E+06	3.749036E-01	-8.800526E+01
2.43750625000E+06	3.757314E-01	-8.815733E+01
2.43937500000E+06	3.746210E-01	-8.780988E+01
2.44124375000E+06	3.765308E-01	-8.802331E+01
2.44311250000E+06	3.756015E-01	-8.770897E+01
2.44498125000E+06	3.742942E-01	-8.837873E+01
2.44685000000E+06	3.773731E-01	-8.773676E+01
2.44871875000E+06	3.766190E-01	-8.783859E+01
2.45058750000E+06	3.798634E-01	-8.826242E+01
2.45245625000E+06	3.793040E-01	-8.752174E+01
2.45432500000E+06	3.776157E-01	-8.774620E+01
2.45619375000E+06	3.759205E-01	-8.760647E+01
2.45806250000E+06	3.821291E-01	-8.795470E+01
2.45993125000E+06	3.787428E-01	-8.816422E+01
2.46180000000E+06	3.815188E-01	-8.803271E+01
2.46366875000E+06	3.768638E-01	-8.853771E+01
2.46553750000E+06	3.819464E-01	-8.776498E+01
2.46740625000E+06	3.791307E-01	-8.828005E+01
2.46927500000E+06	3.801098E-01	-8.822738E+01
2.47114375000E+06	3.818711E-01	-8.772443E+01
2.47301250000E+06	3.813428E-01	-8.770898E+01
2.47488125000E+06	3.825350E-01	-8.832032E+01
2.47675000000E+06	3.792042E-01	-8.805389E+01
2.47861875000E+06	3.800172E-01	-8.820862E+01
2.48048750000E+06	3.858767E-01	-8.786669E+01
2.48235625000E+06	3.841098E-01	-8.736907E+01
2.48422500000E+06	3.812481E-01	-8.794640E+01
2.48609375000E+06	3.838795E-01	-8.755835E+01
2.48796250000E+06	3.846745E-01	-8.844158E+01
2.48983125000E+06	3.832833E-01	-8.771114E+01
2.49170000000E+06	3.847674E-01	-8.816549E+01
2.49356875000E+06	3.830287E-01	-8.786145E+01
2.49543750000E+06	3.840221E-01	-8.786243E+01
2.49730625000E+06	3.820107E-01	-8.779366E+01
2.49917500000E+06	3.859115E-01	-8.795003E+01
2.50104375000E+06	3.870932E-01	-8.783701E+01
2.50291250000E+06	3.845681E-01	-8.776739E+01
2.50478125000E+06	3.872404E-01	-8.777013E+01
2.50665000000E+06	3.848005E-01	-8.793916E+01
2.50851875000E+06	3.872972E-01	-8.782277E+01
2.51038750000E+06	3.897140E-01	-8.821320E+01
2.51225625000E+06	3.861643E-01	-8.787086E+01
2.51412500000E+06	3.899517E-01	-8.785312E+01
2.51599375000E+06	3.873959E-01	-8.759691E+01
2.51786250000E+06	3.891650E-01	-8.732661E+01
2.51973125000E+06	3.896917E-01	-8.851370E+01
2.52160000000E+06	3.896375E-01	-8.824907E+01
2.52346875000E+06	3.902210E-01	-8.766846E+01
2.52533750000E+06	3.888708E-01	-8.815065E+01
2.52720625000E+06	3.926495E-01	-8.780846E+01
2.52907500000E+06	3.879676E-01	-8.789616E+01
2.53094375000E+06	3.930815E-01	-8.749436E+01
2.53281250000E+06	3.887294E-01	-8.763528E+01
2.53468125000E+06	3.901413E-01	-8.803606E+01
2.53655000000E+06	3.924619E-01	-8.785686E+01
2.53841875000E+06	3.909687E-01	-8.814868E+01
2.54028750000E+06	3.944142E-01	-8.769379E+01
2.54215625000E+06	3.932227E-01	-8.750118E+01
2.54402500000E+06	3.927594E-01	-8.827254E+01
2.54589375000E+06	3.907938E-01	-8.785026E+01
2.54776250000E+06	3.900382E-01	-8.743044E+01
2.54963125000E+06	3.916892E-01	-8.808139E+01
2.55150000000E+06	3.950043E-01	-8.778607E+01
2.55336875000E+06	3.964354E-01	-8.805473E+01
2.55523750000E+06	3.928590E-01	-8.760578E+01
2.55710625000E+06	3.960514E-01	-8.772616E+01
2.55897500000E+06	3.971231E-01	-8.762487E+01
2.56084375000E+06	3.920997E-01	-8.712440E+01
2.56271250000E+06	3.951888E-01	-8.767866E+01
2.56458125000E+06	3.978340E-01	-8.782587E+01
2.56645000000E+06	3.953254E-01	-8.786346E+01
2.56831875000E+06	3.976929E-01	-8.809621E+01
2.57018750000E+06	3.949466E-01	-8.801338E+01
2.57205625000E+06	3.959099E-01	-8.777492E+01
2.57392500000E+06	3.965888E-01	-8.770023E+01
2.57579375000E+06	3.995749E-01	-8.759512E+01
2.57766250000E+06	3.998985E-01	-8.699290E+01
2.57953125000E+06	4.008502E-01	-8.801579E+01
2.58140000000E+06	3.984987E-01	-8.794452E+01
2.58326875000E+06	4.013724E-01	-8.756052E+01
2.58513750000E+06	4.016470E-01	-8.778578E+01
2.58700625000E+06	3.996702E-01	-8.779427E+01
2.58887500000E+06	4.003930E-01	-8.814146E+01
2.59074375000E+06	4.007663E-01	-8.782997E+01
2.59261250000E+06	3.994827E-01	-8.739771E+01
2.59448125000E+06	4.016747E-01	-8.804385E+01
2.59635000000E+06	4.038176E-01	-8.797610E+01
2.59821875000E+06	3.982498E-01	-8.790967E+01
2.60008750000E+06	4.051749E-01	-8.860157E+01
2.60195625000E+06	4.010506E-01	-8.808419E+01
2.60382500000E+06	4.021860E-01	-8.765195E+01
2.60569375000E+06	4.043754E-01	-8.782193E+01
2.60756250000E+06	4.011832E-01	-8.781831E+01
2.60943125000E+06	4.035904E-01	-8.764241E+01
2.61130000000E+06	4.061284E-01	-8.797030E+01
2.61316875000E+06	4.037974E-01	-8.781423E+01
2.61503750000E+06	4.063686E-01	-8.782397E+01
2.61690625000E+06	4.017653E-01	-8.798693E+01
2.61877500000E+06	4.059796E-01	-8.707566E+01
2.62064375000E+06	4.051552E-01	-8.781497E+01
2.62251250000E+06	4.068165E-01	-8.805161E+01
2.62438125000E+06	4.072440E-01	-8.757537E+01
2.62625000000E+06	4.089576E-01	-8.752113E+01
2.62811875000E+06	4.096049E-01	-8.796378E+01
2.62998750000E+06	4.071889E-01	-8.752519E+01
2.63185625000E+06	4.095019E-01	-8.774052E+01
2.63372500000E+06	4.102242E-01	-8.773233E+01
2.63559375000E+06	4.081758E-01	-8.781915E+01
2.63746250000E+06	4.106837E-01	-8.779578E+01
2.63933125000E+06	4.086182E-01	-8.773371E+01
2.64120000000E+06	4.114492E-01	-8.767506E+01
2.64306875000E+06	4.093468E-01	-8.753444E+01
2.64493750000E+06	4.115366E-01	-8.813100E+01
2.64680625000E+06	4.133366E-01	-8.756004E+01
2.64867500000E+06	4.113906E-01	-8.754178E+01
2.65054375000E+06	4.090634E-01	-8.753545E+01
2.65241250000E+06	4.137727E-01	-8.777850E+01
2.65428125000E+06	4.101188E-01	-8.789318E+01
2.65615000000E+06	4.158589E-01	-8.795049E+01
2.65801875000E+06	4.147480E-01	-8.770382E+01
2.65988750000E+06	4.118965E-01	-8.779529E+01
2.66175625000E+06	4.122826E-01	-8.739893E+01
2.66362500000E+06	4.137107E-01	-8.792492E+01
2.66549375000E+06	4.151682E-01	-8.783296E+01
2.66736250000E+06	4.157414E-01	-8.764333E+01
2.66923125000E+06	4.149469E-01	-8.792870E+01
2.67110000000E+06	4.156321E-01	-8.791586E+01
2.67296875000E+06	4.147866E-01	-8.770190E+01
2.67483750000E+06	4.162341E-01	-8.775121E+01
2.67670625000E+06	4.166240E-01	-8.731098E+01
2.67857500000E+06	4.157577E-01	-8.749618E+01
2.68044375000E+06	4.198843E-01	-8.771627E+01
2.68231250000E+06	4.154785E-01	-8.751430E+01
2.68418125000E+06	4.192514E-01	-8.821761E+01
2.68605000000E+06	4.164248E-01	-8.753612E+01
2.68791875000E+06	4.187610E-01	-8.772942E+01
2.68978750000E+06	4.198828E-01	-8.803861E+01
2.69165625000E+06	4.156247E-01	-8.677232E+01
2.69352500000E+06	4.200550E-01	-8.769131E+01
2.69539375000E+06	4.171979E-01	-8.751701E+01
2.69726250000E+06	4.192552E-01	-8.751884E+01
2.69913125000E+06	4.204989E-01	-8.835935E+01
2.70100000000E+06	4.210887E-01	-8.740009E+01
2.70286875000E+06	4.209829E-01	-8.750085E+01
2.70473750000E+06	4.209448E-01	-8.729034E+01
2.70660625000E+06	4.217225E-01	-8.779214E+01
2.70847500000E+06	4.245788E-01	-8.784696E+01
2.71034375000E+06	4.234666E-01	-8.759727E+01
2.71221250000E+06	4.205971E-01	-8.758765E+01
2.71408125000E+06	4.229929E-01	-8.780364E+01
2.71595000000E+06	4.226036E-01	-8.773828E+01
2.71781875000E+06	4.235612E-01	-8.751410E+01
2.71968750000E+06	4.220760E-01	-8.783574E+01
2.72155625000E+06	4.236486E-01	-8.768856E+01
2.72342500000E+06	4.255176E-01	-8.820454E+01
2.72529375000E+06	4.251323E-01	-8.754134E+01
2.72716250000E+06	4.252697E-01	-8.758073E+01
2.72903125000E+06	4.267870E-01	-8.754756E+01
2.73090000000E+06	4.236244E-01	-8.769217E+01
2.73276875000E+06	4.229800E-01	-8.785346E+01
2.73463750000E+06	4.246181E-01	-8.755256E+01
2.73650625000E+06	4.267282E-01	-8.740539E+01
2.73837500000E+06	4.238503E-01	-8.743317E+01
2.74024375000E+06	4.268375E-01	-8.743636E+01
2.74211250000E+06	4.274390E-01	-8.783146E+01
2.74398125000E+06	4.302698E-01	-8.796922E+01
2.74585000000E+06	4.311790E-01	-8.783479E+01
2.74771875000E+06	4.289958E-01	-8.749750E+01
2.74958750000E+06	4.299528E-01	-8.800286E+01
2.75145625000E+06	4.288287E-01	-8.768301E+01
2.75332500000E+06	4.285468E-01	-8.764525E+01
2.75519375000E+06	4.294606E-01	-8.809393E+01
2.75706250000E+06	4.307394E-01	-8.785835E+01
2.75893125000E+06	4.281412E-01	-8.744438E+01
2.76080000000E+06	4.310104E-01	-8.756069E+01
2.76266875000E+06	4.303282E-01	-8.765417E+01
2.76453750000E+06	4.325200E-01	-8.771436E+01
2.76640625000E+06	4.292573E-01	-8.788127E+01
2.76827500000E+06	4.324126E-01	-8.759218E+01
2.77014375000E+06	4.317228E-01	-8.753611E+01
2.77201250000E+06	4.315557E-01	-8.738465E+01
2.77388125000E+06	4.346676E-01	-8.763512E+01
2.77575000000E+06	4.306533E-01	-8.773859E+01
2.77761875000E+06	4.329245E-01	-8.758394E+01
2.77948750000E+06	4.317794E-01	-8.778041E+01
2.78135625000E+06	4.334380E-01	-8.766248E+01
2.78322500000E+06	4.349888E-01	-8.756493E+01
2.78509375000E+06	4.356333E-01	-8.788202E+01
2.78696250000E+06	4.340120E-01	-8.767678E+01
2.78883125000E+06	4.357483E-01	-8.748177E+01
2.79070000000E+06	4.354039E-01	-8.717747E+01
2.79256875000E+06	4.380615E-01	-8.739707E+01
2.79443750000E+06	4.387397E-01	-8.775554E+01
2.79630625000E+06	4.366885E-01	-8.790631E+01
2.79817500000E+06	4.362882E-01	-8.767309E+01
2.80004375000E+06	4.378658E-01	-8.742234E+01
2.80191250000E+06	4.358560E-01	-8.782014E+01
2.80378125000E+06	4.361549E-01	-8.756731E+01
2.80565000000E+06	4.384736E-01	-8.737722E+01
2.80751875000E+06	4.373269E-01	-8.777258E+01
2.80938750000E+06	4.372448E-01	-8.737634E+01
2.81125625000E+06	4.374826E-01	-8.794241E+01
2.81312500000E+06	4.377714E-01	-8.754185E+01
2.81499375000E+06	4.405092E-01	-8.750282E+01
2.81686250000E+06	4.378484E-01	-8.760634E+01
2.81873125000E+06	4.366100E-01	-8.722034E+01
2.82060000000E+06	4.431932E-01	-8.770941E+01
2.82246875000E+06	4.432079E-01	-8.746333E+01
2.82433750000E+06	4.438991E-01	-8.765237E+01
2.82620625000E+06	4.425733E-01	-8.721903E+01
2.82807500000E+06	4.394458E-01	-8.764766E+01
2.82994375000E+06	4.420903E-01	-8.798098E+01
2.83181250000E+06	4.409139E-01	-8.754939E+01
2.83368125000E+06	4.432084E-01	-8.755746E+01
2.83555000000E+06	4.435894E-01	-8.759092E+01
2.83741875000E+06	4.453388E-01	-8.726424E+01
2.83928750000E+06	4.445332E-01	-8.724680E+01
2.84115625000E+06	4.441627E-01	-8.745216E+01
2.84302500000E+06	4.464043E-01	-8.726353E+01
2.84489375000E+06	4.483815E-01	-8.772774E+01
2.84676250000E+06	4.455178E-01	-8.781538E+01
2.84863125000E+06	4.449007E-01	-8.715687E+01
2.85050000000E+06	4.475081E-01	-8.786311E+01
2.85236875000E+06	4.469811E-01	-8.761316E+01
2.85423750000E+06	4.460559E-01	-8.746813E+01
2.85610625000E+06	4.437385E-01	-8.760445E+01
2.85797500000E+06	4.451936E-01	-8.734283E+01
2.85984375000E+06	4.479676E-01	-8.746224E+01
2.86171250000E+06	4.449944E-01	-8.767207E+01
2.86358125000E+06	4.480915E-01	-8.740752E+01
2.86545000000E+06	4.505393E-01	-8.770696E+01
2.86731875000E+06	4.510118E-01	-8.740337E+01
2.86918750000E+06	4.418002E-01	-8.743448E+01
2.87105625000E+06	4.464138E-01	-8.776446E+01
2.87292500000E+06	4.486223E-01	-8.766244E+01
2.87479375000E+06	4.508744E-01	-8.745103E+01
2.87666250000E+06	4.516168E-01	-8.747474E+01
2.87853125000E+06	4.511124E-01	-8.750430E+01
2.88040000000E+06	4.494130E-01	-8.757127E+01
2.88226875000E+06	4.535583E-01	-8.796327E+01
2.88413750000E+06	4.514982E-01	-8.759225E+01
2.88600625000E+06	4.535868E-01	-8.771934E+01
2.88787500000E+06	4.511526E-01	-8.769131E+01
2.88974375000E+06	4.504113E-01	-8.749652E+01
2.89161250000E+06	4.509277E-01	-8.716022E+01
2.89348125000E+06	4.551139E-01	-8.771171E+01
2.89535000000E+06	4.531812E-01	-8.722375E+01
2.89721875000E+06	4.536448E-01	-8.747001E+01
2.89908750000E+06	4.516515E-01	-8.765890E+01
2.90095625000E+06	4.550417E-01	-8.778047E+01
2.90282500000E+06	4.584413E-01	-8.768422E+01
2.90469375000E+06	4.549055E-01	-8.772166E+01
2.90656250000E+06	4.534173E-01	-8.778428E+01
2.90843125000E+06	4.575419E-01	-8.747731E+01
2.91030000000E+06	4.541242E-01	-8.772899E+01
2.91216875000E+06	4.582367E-01	-8.721361E+01
2.91403750000E+06	4.576866E-01	-8.735935E+01
2.91590625000E+06	4.563633E-01	-8.761741E+01
2.91777500000E+06	4.552046E-01	-8.773976E+01
2.91964375000E+06	4.571438E-01	-8.754780E+01
2.92151250000E+06	4.572402E-01	-8.744145E+01
2.92338125000E+06	4.593447E-01	-8.770999E+01
2.92525000000E+06	4.573209E-01	-8.745077E+01
2.92711875000E+06	4.600824E-01	-8.752071E+01
2.92898750000E+06	4.573567E-01	-8.790219E+01
2.93085625000E+06	4.596446E-01	-8.689088E+01
2.93272500000E+06	4.631037E-01	-8.801899E+01
2.93459375000E+06	4.575363E-01	-8.741609E+01
2.93646250000E+06	4.622916E-01	-8.729361E+01
2.93833125000E+06	4.636064E-01	-8.740584E+01
2.94020000000E+06	4.597877E-01	-8.714766E+01
2.94206875000E+06	4.638680E-01	-8.750501E+01
2.94393750000E+06	4.632212E-01	-8.737316E+01
2.94580625000E+06	4.619507E-01	-8.721085E+01
2.94767500000E+06	4.639251E-01	-8.785822E+01
2.94954375000E+06	4.644277E-01	-8.754324E+01
2.95141250000E+06	4.650770E-01	-8.753377E+01
2.95328125000E+06	4.644668E-01	-8.757201E+01
2.95515000000E+06	4.602766E-01	-8.719524E+01
2.95701875000E+06	4.629309E-01	-8.751740E+01
2.95888750000E+06	4.633812E-01	-8.814865E+01
2.96075625000E+06	4.626829E-01	-8.734879E+01
2.96262500000E+06	4.645406E-01	-8.721900E+01
2.96449375000E+06	4.662073E-01	-8.776105E+01
2.96636250000E+06	4.677913E-01	-8.736816E+01
2.96823125000E+06	4.629849E-01	-8.755428E+01
2.97010000000E+06	4.648734E-01	-8.750201E+01
2.97196875000E+06	4.664276E-01	-8.800027E+01
2.97383750000E+06	4.691896E-01	-8.730096E+01
2.97570625000E+06	4.700493E-01	-8.772499E+01
2.97757500000E+06	4.699007E-01	-8.752559E+01
2.97944375000E+06	4.661120E-01	-8.782446E+01
2.98131250000E+06	4.697385E-01	-8.771646E+01
2.98318125000E+06	4.693406E-01	-8.768404E+01
2.98505000000E+06	4.709395E-01	-8.771807E+01
2.98691875000E+06	4.716013E-01	-8.731300E+01
2.98878750000E+06	4.732383E-01	-8.730535E+01
2.99065625000E+06	4.723318E-01	-8.757994E+01
2.99252500000E+06	4.692406E-01	-8.770016E+01
2.99439375000E+06	4.697970E-01	-8.738322E+01
2.99626250000E+06	4.681636E-01	-8.752036E+01
2.99813125000E+06	4.713369E-01	-8.745915E+01
3.00000000000E+06	4.694829E-01	-8.762228E+01
