"E5100A REV3.14"
"DATE: Jun 26 2004"



"CHANNEL: 2"
"MEASURE TYPE: AR"
"FORMAT TYPE: LINMP"
"NUMBER of POINTS: 1601"
"SWEEP TIME:  3.458 s"
"SWEEP TYPE: LINF"
"SOURCE POWER: 0 dBm"
"IF BANDWIDTH: 500 Hz"

"Frequency"	"Main Array"	"Sub Array"
1.00000000000E+04	6.017814E-01	-1.366178E+02
1.18687500000E+04	1.593983E-01	1.433715E+02
1.37375000000E+04	1.318019E-01	-1.408779E+02
1.56062500000E+04	1.525502E-01	2.577804E+01
1.74750000000E+04	6.120795E-02	-4.200875E+01
1.93437500000E+04	1.440861E-02	-4.118544E+01
2.12125000000E+04	1.115286E-01	-1.269128E+02
2.30812500000E+04	1.458714E-02	-2.352815E+01
2.49500000000E+04	3.787657E-02	4.306302E+00
2.68187500000E+04	2.371022E-02	2.406659E+01
2.86875000000E+04	4.203717E-02	-8.795541E+01
3.05562500000E+04	3.865918E-02	5.648845E+00
3.24250000000E+04	5.916545E-02	-1.723105E+01
3.42937500000E+04	1.111523E-02	-1.382884E+02
3.61625000000E+04	1.281622E-02	-5.274292E+01
3.80312500000E+04	4.063503E-02	-4.171909E+01
3.99000000000E+04	3.420074E-02	-6.912175E+01
4.17687500000E+04	2.364778E-02	9.176619E+00
4.36375000000E+04	1.403387E-02	-1.414342E+02
4.55062500000E+04	2.686032E-02	-1.953980E+01
4.73750000000E+04	2.214454E-02	-1.037646E+01
4.92437500000E+04	1.952709E-02	-1.977277E+01
5.11125000000E+04	4.123033E-03	2.122003E+01
5.29812500000E+04	2.511538E-02	-6.633506E+00
5.48500000000E+04	8.530635E-03	6.590010E+01
5.67187500000E+04	1.924851E-03	6.100274E+01
5.85875000000E+04	1.553707E-02	-2.643245E+01
6.04562500000E+04	1.986477E-02	2.336995E+01
6.23250000000E+04	2.357227E-03	6.224737E+01
6.41937500000E+04	1.873517E-02	-1.751464E+02
6.60625000000E+04	1.421510E-02	7.605448E+01
6.79312500000E+04	9.398324E-03	-5.515749E+00
6.98000000000E+04	1.344732E-02	9.177424E+01
7.16687500000E+04	1.704016E-02	-2.698328E+01
7.35375000000E+04	1.364084E-02	6.112260E+01
7.54062500000E+04	1.556481E-02	-1.585835E+01
7.72750000000E+04	1.340553E-02	8.973031E+01
7.91437500000E+04	1.675109E-02	4.167389E+01
8.10125000000E+04	1.124507E-02	5.026469E+00
8.28812500000E+04	7.843112E-03	4.141559E+01
8.47500000000E+04	1.419941E-02	3.657217E+01
8.66187500000E+04	8.779733E-03	8.538860E+01
8.84875000000E+04	1.191639E-02	3.200258E+01
9.03562500000E+04	8.558045E-03	2.523890E+01
9.22250000000E+04	9.414845E-03	3.652094E+01
9.40937500000E+04	9.837281E-03	1.304806E+01
9.59625000000E+04	1.788749E-02	2.173728E+01
9.78312500000E+04	2.062683E-02	4.744938E+01
9.97000000000E+04	6.560148E-03	-5.402855E+01
1.01568750000E+05	1.121169E-02	4.757351E+01
1.03437500000E+05	4.462501E-03	1.421251E+01
1.05306250000E+05	9.399750E-03	1.019673E+02
1.07175000000E+05	1.167709E-02	7.639291E+00
1.09043750000E+05	7.733274E-03	4.651307E+01
1.10912500000E+05	1.022736E-02	1.048034E+02
1.12781250000E+05	9.700586E-03	6.631577E+01
1.14650000000E+05	1.391623E-02	6.555696E+01
1.16518750000E+05	9.169845E-03	6.043415E+01
1.18387500000E+05	3.869736E-03	7.097042E+01
1.20256250000E+05	9.655814E-03	2.206350E+01
1.22125000000E+05	1.277401E-02	5.885184E+01
1.23993750000E+05	1.589780E-02	5.646478E+01
1.25862500000E+05	6.198010E-03	1.934275E+01
1.27731250000E+05	1.428542E-02	1.053507E+02
1.29600000000E+05	5.027781E-03	-3.612291E+01
1.31468750000E+05	1.490035E-02	6.645302E+01
1.33337500000E+05	1.368660E-02	7.195006E+01
1.35206250000E+05	1.147805E-02	6.983767E+01
1.37075000000E+05	4.152772E-03	7.952258E+01
1.38943750000E+05	1.263298E-02	5.801379E+01
1.40812500000E+05	7.609795E-03	9.832269E+01
1.42681250000E+05	8.302896E-03	4.645809E+01
1.44550000000E+05	1.629249E-02	6.935191E+01
1.46418750000E+05	1.075169E-02	4.953685E+01
1.48287500000E+05	1.609440E-02	4.742847E+01
1.50156250000E+05	1.639913E-02	7.426810E+01
1.52025000000E+05	8.279630E-03	6.811205E+01
1.53893750000E+05	1.568550E-02	4.020513E+01
1.55762500000E+05	7.663886E-03	2.773266E+01
1.57631250000E+05	1.389930E-02	6.284190E+01
1.59500000000E+05	2.660414E-03	-1.791230E+01
1.61368750000E+05	6.387021E-03	6.150201E+01
1.63237500000E+05	1.338395E-02	4.089976E+01
1.65106250000E+05	1.352246E-02	8.761418E+01
1.66975000000E+05	4.843120E-03	4.393297E+01
1.68843750000E+05	1.098766E-02	3.540251E+01
1.70712500000E+05	8.322000E-03	6.276282E+01
1.72581250000E+05	1.198684E-02	9.257165E+01
1.74450000000E+05	1.162263E-02	1.147191E+02
1.76318750000E+05	1.090170E-02	4.436763E+01
1.78187500000E+05	1.796906E-02	6.194223E+01
1.80056250000E+05	1.455399E-02	1.027098E+02
1.81925000000E+05	4.252296E-03	9.511845E+01
1.83793750000E+05	1.804340E-02	5.492673E+01
1.85662500000E+05	1.592793E-02	7.334945E+01
1.87531250000E+05	1.396882E-02	8.241969E+01
1.89400000000E+05	1.662932E-02	3.728931E+01
1.91268750000E+05	1.432376E-02	6.414321E+01
1.93137500000E+05	1.292372E-02	9.551558E+01
1.95006250000E+05	1.793654E-02	3.304770E+01
1.96875000000E+05	1.555547E-02	6.113348E+01
1.98743750000E+05	1.905914E-02	1.148900E+02
2.00612500000E+05	9.176870E-03	5.665797E+01
2.02481250000E+05	1.639899E-02	7.725296E+01
2.04350000000E+05	9.433850E-03	5.138831E+01
2.06218750000E+05	1.895207E-02	5.988822E+01
2.08087500000E+05	1.315626E-02	6.259789E+01
2.09956250000E+05	1.604297E-02	6.430402E+01
2.11825000000E+05	9.809420E-03	6.648763E+01
2.13693750000E+05	1.754740E-02	7.378471E+01
2.15562500000E+05	1.299380E-02	5.840130E+01
2.17431250000E+05	1.608348E-02	5.932023E+01
2.19300000000E+05	2.629694E-02	6.069844E+01
2.21168750000E+05	1.090019E-02	7.671506E+01
2.23037500000E+05	1.289871E-02	8.524950E+01
2.24906250000E+05	1.029146E-02	8.045380E+01
2.26775000000E+05	1.663226E-02	9.060189E+01
2.28643750000E+05	1.512532E-02	9.955423E+01
2.30512500000E+05	1.825325E-02	5.549467E+01
2.32381250000E+05	1.684603E-02	7.558885E+01
2.34250000000E+05	1.315968E-02	1.106652E+02
2.36118750000E+05	1.301561E-02	5.258455E+01
2.37987500000E+05	1.387960E-02	8.131156E+01
2.39856250000E+05	1.981049E-02	7.240784E+01
2.41725000000E+05	1.355521E-02	9.183987E+01
2.43593750000E+05	1.564217E-02	9.011295E+01
2.45462500000E+05	1.166976E-02	7.349751E+01
2.47331250000E+05	2.046922E-02	6.990249E+01
2.49200000000E+05	1.524962E-02	4.888194E+01
2.51068750000E+05	1.730261E-02	8.064946E+01
2.52937500000E+05	1.429371E-02	8.072351E+01
2.54806250000E+05	1.420059E-02	5.635767E+01
2.56675000000E+05	1.824117E-02	6.212192E+01
2.58543750000E+05	1.309389E-02	6.566152E+01
2.60412500000E+05	2.178100E-02	7.997567E+01
2.62281250000E+05	1.280087E-02	6.269519E+01
2.64150000000E+05	1.614793E-02	7.721315E+01
2.66018750000E+05	1.401468E-02	5.138480E+01
2.67887500000E+05	1.718688E-02	7.965681E+01
2.69756250000E+05	1.856520E-02	5.564817E+01
2.71625000000E+05	1.231558E-02	4.757215E+01
2.73493750000E+05	1.415987E-02	6.455968E+01
2.75362500000E+05	1.350513E-02	8.065224E+01
2.77231250000E+05	1.703359E-02	7.698449E+01
2.79100000000E+05	1.951477E-02	8.368623E+01
2.80968750000E+05	1.723246E-02	9.074654E+01
2.82837500000E+05	1.492644E-02	8.230623E+01
2.84706250000E+05	2.617417E-02	7.104654E+01
2.86575000000E+05	1.343602E-02	7.041279E+01
2.88443750000E+05	1.340096E-02	9.162374E+01
2.90312500000E+05	2.071988E-02	7.690602E+01
2.92181250000E+05	1.353135E-02	7.077378E+01
2.94050000000E+05	1.602872E-02	6.941297E+01
2.95918750000E+05	2.259843E-02	9.559065E+01
2.97787500000E+05	1.789589E-02	7.149815E+01
2.99656250000E+05	2.391044E-02	7.937968E+01
3.01525000000E+05	1.988452E-02	7.916158E+01
3.03393750000E+05	1.718705E-02	6.114702E+01
3.05262500000E+05	1.625477E-02	7.621828E+01
3.07131250000E+05	1.881495E-02	8.078744E+01
3.09000000000E+05	1.546846E-02	7.363319E+01
3.10868750000E+05	1.882144E-02	1.020044E+02
3.12737500000E+05	1.993858E-02	8.174040E+01
3.14606250000E+05	1.240603E-02	8.337381E+01
3.16475000000E+05	1.413153E-02	1.001994E+02
3.18343750000E+05	2.182549E-02	9.312666E+01
3.20212500000E+05	1.659632E-02	9.115195E+01
3.22081250000E+05	2.078948E-02	7.015534E+01
3.23950000000E+05	1.588370E-02	6.152592E+01
3.25818750000E+05	2.047912E-02	7.256870E+01
3.27687500000E+05	2.031826E-02	8.042162E+01
3.29556250000E+05	1.995647E-02	9.527280E+01
3.31425000000E+05	2.232230E-02	7.306286E+01
3.33293750000E+05	1.589369E-02	1.041303E+02
3.35162500000E+05	1.837704E-02	9.944332E+01
3.37031250000E+05	1.899520E-02	7.597411E+01
3.38900000000E+05	1.999695E-02	8.487746E+01
3.40768750000E+05	2.179581E-02	9.849647E+01
3.42637500000E+05	1.574950E-02	7.465985E+01
3.44506250000E+05	1.198306E-02	7.320443E+01
3.46375000000E+05	1.615569E-02	8.007442E+01
3.48243750000E+05	9.891801E-03	7.946957E+01
3.50112500000E+05	2.194530E-02	7.957463E+01
3.51981250000E+05	2.111773E-02	9.373392E+01
3.53850000000E+05	1.291268E-02	8.245412E+01
3.55718750000E+05	1.100975E-02	7.273118E+01
3.57587500000E+05	1.018244E-02	6.892609E+01
3.59456250000E+05	2.012791E-02	8.508985E+01
3.61325000000E+05	1.564314E-02	6.868283E+01
3.63193750000E+05	1.472375E-02	9.349512E+01
3.65062500000E+05	2.461123E-02	7.955759E+01
3.66931250000E+05	2.036338E-02	9.699232E+01
3.68800000000E+05	1.554081E-02	9.733880E+01
3.70668750000E+05	2.119802E-02	9.106818E+01
3.72537500000E+05	1.863800E-02	8.905977E+01
3.74406250000E+05	2.105008E-02	8.023784E+01
3.76275000000E+05	2.048844E-02	1.031267E+02
3.78143750000E+05	2.070354E-02	7.922625E+01
3.80012500000E+05	2.228163E-02	8.803650E+01
3.81881250000E+05	1.829195E-02	7.509155E+01
3.83750000000E+05	2.350299E-02	9.746973E+01
3.85618750000E+05	2.228476E-02	1.045547E+02
3.87487500000E+05	1.572264E-02	7.144418E+01
3.89356250000E+05	1.765335E-02	8.832410E+01
3.91225000000E+05	1.855469E-02	8.549859E+01
3.93093750000E+05	1.687777E-02	7.399261E+01
3.94962500000E+05	2.067847E-02	7.617781E+01
3.96831250000E+05	2.129235E-02	9.362006E+01
3.98700000000E+05	2.402633E-02	8.296951E+01
4.00568750000E+05	2.199967E-02	9.604266E+01
4.02437500000E+05	2.116842E-02	8.287733E+01
4.04306250000E+05	2.458209E-02	9.547427E+01
4.06175000000E+05	1.999331E-02	7.425573E+01
4.08043750000E+05	2.567534E-02	8.459440E+01
4.09912500000E+05	1.982768E-02	8.487310E+01
4.11781250000E+05	2.256381E-02	9.245463E+01
4.13650000000E+05	2.030312E-02	6.810713E+01
4.15518750000E+05	2.358173E-02	6.751690E+01
4.17387500000E+05	2.328395E-02	6.483788E+01
4.19256250000E+05	2.290789E-02	8.867323E+01
4.21125000000E+05	2.006681E-02	7.779534E+01
4.22993750000E+05	2.882394E-02	8.224651E+01
4.24862500000E+05	2.254147E-02	7.964131E+01
4.26731250000E+05	2.342397E-02	8.342944E+01
4.28600000000E+05	2.402757E-02	8.253156E+01
4.30468750000E+05	2.626945E-02	9.324283E+01
4.32337500000E+05	2.507807E-02	7.805385E+01
4.34206250000E+05	2.502646E-02	7.892110E+01
4.36075000000E+05	2.419761E-02	7.563131E+01
4.37943750000E+05	2.382613E-02	8.650507E+01
4.39812500000E+05	2.398484E-02	7.551241E+01
4.41681250000E+05	1.903596E-02	7.863923E+01
4.43550000000E+05	2.162769E-02	7.368706E+01
4.45418750000E+05	2.290677E-02	9.385414E+01
4.47287500000E+05	2.604945E-02	9.414717E+01
4.49156250000E+05	2.835188E-02	8.937277E+01
4.51025000000E+05	2.555337E-02	7.944002E+01
4.52893750000E+05	2.337576E-02	8.395123E+01
4.54762500000E+05	2.245757E-02	8.782716E+01
4.56631250000E+05	2.023095E-02	8.105726E+01
4.58500000000E+05	2.920217E-02	9.366836E+01
4.60368750000E+05	2.464784E-02	8.418639E+01
4.62237500000E+05	2.277229E-02	8.831096E+01
4.64106250000E+05	2.671539E-02	8.342949E+01
4.65975000000E+05	2.376270E-02	8.003180E+01
4.67843750000E+05	2.444112E-02	9.577009E+01
4.69712500000E+05	3.039849E-02	9.376038E+01
4.71581250000E+05	2.576252E-02	8.168752E+01
4.73450000000E+05	2.682557E-02	7.875708E+01
4.75318750000E+05	2.438562E-02	9.861594E+01
4.77187500000E+05	2.362788E-02	8.640765E+01
4.79056250000E+05	2.381415E-02	8.727039E+01
4.80925000000E+05	2.448993E-02	7.219723E+01
4.82793750000E+05	2.463151E-02	8.962228E+01
4.84662500000E+05	2.776418E-02	9.483514E+01
4.86531250000E+05	2.468901E-02	7.644819E+01
4.88400000000E+05	2.582091E-02	8.483945E+01
4.90268750000E+05	1.986686E-02	8.070545E+01
4.92137500000E+05	2.941921E-02	8.558582E+01
4.94006250000E+05	2.631375E-02	8.285513E+01
4.95875000000E+05	2.557251E-02	7.944272E+01
4.97743750000E+05	2.820297E-02	7.620529E+01
4.99612500000E+05	2.561851E-02	8.235748E+01
5.01481250000E+05	2.491328E-02	8.060329E+01
5.03350000000E+05	2.917993E-02	8.927340E+01
5.05218750000E+05	2.776564E-02	8.228852E+01
5.07087500000E+05	2.826205E-02	9.063474E+01
5.08956250000E+05	3.275586E-02	8.784276E+01
5.10825000000E+05	2.607505E-02	8.838133E+01
5.12693750000E+05	2.178758E-02	8.345587E+01
5.14562500000E+05	2.805336E-02	8.147770E+01
5.16431250000E+05	2.666967E-02	8.463107E+01
5.18300000000E+05	2.443106E-02	8.712640E+01
5.20168750000E+05	3.260288E-02	8.904437E+01
5.22037500000E+05	2.843785E-02	8.129626E+01
5.23906250000E+05	2.985076E-02	8.105477E+01
5.25775000000E+05	2.924455E-02	8.668620E+01
5.27643750000E+05	3.263081E-02	8.934305E+01
5.29512500000E+05	2.818281E-02	9.749139E+01
5.31381250000E+05	2.886156E-02	9.290405E+01
5.33250000000E+05	2.595837E-02	9.145865E+01
5.35118750000E+05	2.577084E-02	8.401927E+01
5.36987500000E+05	2.533001E-02	9.613126E+01
5.38856250000E+05	2.813111E-02	8.352621E+01
5.40725000000E+05	2.869012E-02	8.550563E+01
5.42593750000E+05	3.025490E-02	8.593851E+01
5.44462500000E+05	2.884413E-02	8.539660E+01
5.46331250000E+05	2.718731E-02	9.212492E+01
5.48200000000E+05	3.205278E-02	8.530312E+01
5.50068750000E+05	2.654885E-02	8.994775E+01
5.51937500000E+05	3.395042E-02	8.322716E+01
5.53806250000E+05	3.062672E-02	8.850718E+01
5.55675000000E+05	3.189014E-02	8.895029E+01
5.57543750000E+05	2.875335E-02	8.384556E+01
5.59412500000E+05	2.796220E-02	8.444617E+01
5.61281250000E+05	2.428718E-02	8.482054E+01
5.63150000000E+05	2.662600E-02	7.707161E+01
5.65018750000E+05	2.617143E-02	8.455511E+01
5.66887500000E+05	2.965291E-02	9.095464E+01
5.68756250000E+05	2.859515E-02	8.600041E+01
5.70625000000E+05	2.863820E-02	8.444557E+01
5.72493750000E+05	2.957030E-02	8.674664E+01
5.74362500000E+05	2.229717E-02	8.895551E+01
5.76231250000E+05	3.297573E-02	8.662501E+01
5.78100000000E+05	2.961869E-02	8.164868E+01
5.79968750000E+05	3.171287E-02	8.968620E+01
5.81837500000E+05	3.254251E-02	8.221617E+01
5.83706250000E+05	3.248664E-02	8.477320E+01
5.85575000000E+05	3.060878E-02	8.730219E+01
5.87443750000E+05	2.674109E-02	7.962926E+01
5.89312500000E+05	3.121682E-02	8.314956E+01
5.91181250000E+05	3.053015E-02	8.403471E+01
5.93050000000E+05	3.192268E-02	8.336179E+01
5.94918750000E+05	3.162798E-02	9.562155E+01
5.96787500000E+05	3.081776E-02	8.917947E+01
5.98656250000E+05	3.197361E-02	9.436159E+01
6.00525000000E+05	2.903358E-02	8.464440E+01
6.02393750000E+05	2.900061E-02	8.666174E+01
6.04262500000E+05	3.072106E-02	8.528552E+01
6.06131250000E+05	3.071347E-02	8.745598E+01
6.08000000000E+05	3.188997E-02	8.728002E+01
6.09868750000E+05	3.200683E-02	7.959765E+01
6.11737500000E+05	3.206964E-02	8.201308E+01
6.13606250000E+05	3.293228E-02	8.935794E+01
6.15475000000E+05	3.766523E-02	8.255215E+01
6.17343750000E+05	3.061526E-02	8.142422E+01
6.19212500000E+05	3.431613E-02	8.493421E+01
6.21081250000E+05	3.092866E-02	8.518845E+01
6.22950000000E+05	3.368329E-02	8.371345E+01
6.24818750000E+05	3.325144E-02	8.936530E+01
6.26687500000E+05	3.108393E-02	8.461584E+01
6.28556250000E+05	3.385022E-02	8.544701E+01
6.30425000000E+05	3.443385E-02	8.688363E+01
6.32293750000E+05	3.146208E-02	8.848853E+01
6.34162500000E+05	2.848190E-02	8.888708E+01
6.36031250000E+05	3.374549E-02	8.886382E+01
6.37900000000E+05	3.341447E-02	9.270983E+01
6.39768750000E+05	3.507740E-02	8.419746E+01
6.41637500000E+05	2.838264E-02	8.611732E+01
6.43506250000E+05	3.088925E-02	9.331943E+01
6.45375000000E+05	3.135332E-02	8.986274E+01
6.47243750000E+05	3.768574E-02	8.935577E+01
6.49112500000E+05	3.269143E-02	9.087543E+01
6.50981250000E+05	3.361843E-02	8.724232E+01
6.52850000000E+05	3.406153E-02	8.436228E+01
6.54718750000E+05	3.312740E-02	8.721478E+01
6.56587500000E+05	3.368101E-02	8.826656E+01
6.58456250000E+05	3.402526E-02	8.430277E+01
6.60325000000E+05	3.447064E-02	7.960876E+01
6.62193750000E+05	3.702784E-02	8.661788E+01
6.64062500000E+05	3.465073E-02	9.157581E+01
6.65931250000E+05	3.396617E-02	8.699324E+01
6.67800000000E+05	3.194032E-02	8.797774E+01
6.69668750000E+05	3.601319E-02	9.112073E+01
6.71537500000E+05	2.984898E-02	9.238428E+01
6.73406250000E+05	3.377528E-02	8.818678E+01
6.75275000000E+05	3.365040E-02	8.676180E+01
6.77143750000E+05	3.494863E-02	8.633900E+01
6.79012500000E+05	3.830213E-02	8.927589E+01
6.80881250000E+05	3.719407E-02	8.810140E+01
6.82750000000E+05	3.823118E-02	8.537718E+01
6.84618750000E+05	3.325592E-02	8.889791E+01
6.86487500000E+05	3.662300E-02	8.814376E+01
6.88356250000E+05	3.711773E-02	8.374877E+01
6.90225000000E+05	3.615974E-02	8.536495E+01
6.92093750000E+05	3.627871E-02	9.338362E+01
6.93962500000E+05	3.605729E-02	9.304604E+01
6.95831250000E+05	3.444210E-02	8.828139E+01
6.97700000000E+05	3.464651E-02	8.635371E+01
6.99568750000E+05	3.898389E-02	8.807642E+01
7.01437500000E+05	3.679966E-02	9.037590E+01
7.03306250000E+05	3.543392E-02	8.727760E+01
7.05175000000E+05	3.484369E-02	8.257198E+01
7.07043750000E+05	3.930178E-02	8.999883E+01
7.08912500000E+05	3.592694E-02	9.246431E+01
7.10781250000E+05	3.517957E-02	8.377128E+01
7.12650000000E+05	3.816466E-02	9.136885E+01
7.14518750000E+05	3.384300E-02	8.833422E+01
7.16387500000E+05	4.177153E-02	8.966077E+01
7.18256250000E+05	3.484913E-02	8.312589E+01
7.20125000000E+05	3.768734E-02	8.694222E+01
7.21993750000E+05	3.833948E-02	8.914614E+01
7.23862500000E+05	3.473749E-02	8.697248E+01
7.25731250000E+05	3.873993E-02	9.058502E+01
7.27600000000E+05	3.726266E-02	8.790901E+01
7.29468750000E+05	3.673041E-02	8.249547E+01
7.31337500000E+05	3.683049E-02	8.796290E+01
7.33206250000E+05	3.654411E-02	8.823572E+01
7.35075000000E+05	3.708954E-02	8.907896E+01
7.36943750000E+05	4.086511E-02	9.167312E+01
7.38812500000E+05	3.730824E-02	8.946674E+01
7.40681250000E+05	3.856610E-02	8.924992E+01
7.42550000000E+05	3.813592E-02	8.574605E+01
7.44418750000E+05	3.980818E-02	9.157500E+01
7.46287500000E+05	3.541013E-02	9.071004E+01
7.48156250000E+05	3.684469E-02	9.278341E+01
7.50025000000E+05	3.791140E-02	9.114625E+01
7.51893750000E+05	3.842078E-02	8.966212E+01
7.53762500000E+05	3.911445E-02	8.533866E+01
7.55631250000E+05	3.720510E-02	9.168861E+01
7.57500000000E+05	3.879688E-02	9.244527E+01
7.59368750000E+05	3.552428E-02	8.757605E+01
7.61237500000E+05	3.974805E-02	9.180527E+01
7.63106250000E+05	3.997248E-02	9.038140E+01
7.64975000000E+05	4.116425E-02	9.146478E+01
7.66843750000E+05	3.987629E-02	8.795535E+01
7.68712500000E+05	4.098279E-02	9.087550E+01
7.70581250000E+05	4.032483E-02	8.826344E+01
7.72450000000E+05	3.914115E-02	9.000082E+01
7.74318750000E+05	3.620020E-02	9.298705E+01
7.76187500000E+05	3.956900E-02	8.778776E+01
7.78056250000E+05	4.424882E-02	9.235046E+01
7.79925000000E+05	4.083095E-02	9.060254E+01
7.81793750000E+05	3.717588E-02	8.783128E+01
7.83662500000E+05	4.050206E-02	8.610812E+01
7.85531250000E+05	3.922330E-02	9.093291E+01
7.87400000000E+05	3.842868E-02	9.116061E+01
7.89268750000E+05	4.030471E-02	8.979817E+01
7.91137500000E+05	4.077151E-02	8.394605E+01
7.93006250000E+05	4.284539E-02	8.637988E+01
7.94875000000E+05	4.323144E-02	8.441032E+01
7.96743750000E+05	4.168310E-02	9.089619E+01
7.98612500000E+05	3.814351E-02	9.186378E+01
8.00481250000E+05	4.408198E-02	8.776141E+01
8.02350000000E+05	4.209027E-02	9.064418E+01
8.04218750000E+05	3.958773E-02	8.920242E+01
8.06087500000E+05	4.036081E-02	8.814200E+01
8.07956250000E+05	3.948049E-02	9.109030E+01
8.09825000000E+05	4.217106E-02	8.826097E+01
8.11693750000E+05	4.104529E-02	9.211818E+01
8.13562500000E+05	4.332505E-02	8.747350E+01
8.15431250000E+05	3.869573E-02	8.735785E+01
8.17300000000E+05	3.923233E-02	8.512097E+01
8.19168750000E+05	4.059237E-02	8.924194E+01
8.21037500000E+05	3.931795E-02	9.214664E+01
8.22906250000E+05	3.928099E-02	8.570957E+01
8.24775000000E+05	4.040813E-02	8.596182E+01
8.26643750000E+05	3.967860E-02	8.701764E+01
8.28512500000E+05	4.019096E-02	8.827276E+01
8.30381250000E+05	4.220672E-02	8.732258E+01
8.32250000000E+05	4.166303E-02	8.938573E+01
8.34118750000E+05	4.187634E-02	8.978642E+01
8.35987500000E+05	4.242726E-02	9.019224E+01
8.37856250000E+05	4.397084E-02	9.105304E+01
8.39725000000E+05	4.192983E-02	8.399892E+01
8.41593750000E+05	4.302070E-02	8.586298E+01
8.43462500000E+05	4.335988E-02	8.816108E+01
8.45331250000E+05	4.214698E-02	9.090535E+01
8.47200000000E+05	4.194145E-02	9.116268E+01
8.49068750000E+05	4.552652E-02	8.655232E+01
8.50937500000E+05	4.071350E-02	8.957141E+01
8.52806250000E+05	4.625618E-02	8.821006E+01
8.54675000000E+05	4.223994E-02	9.000046E+01
8.56543750000E+05	4.159437E-02	8.753462E+01
8.58412500000E+05	4.123082E-02	9.028632E+01
8.60281250000E+05	4.257359E-02	9.298859E+01
8.62150000000E+05	3.962964E-02	9.114275E+01
8.64018750000E+05	4.798342E-02	9.312325E+01
8.65887500000E+05	4.365707E-02	9.062263E+01
8.67756250000E+05	4.424872E-02	8.969048E+01
8.69625000000E+05	4.127913E-02	9.272781E+01
8.71493750000E+05	4.566080E-02	8.862854E+01
8.73362500000E+05	4.441235E-02	8.743864E+01
8.75231250000E+05	4.225085E-02	8.894456E+01
8.77100000000E+05	4.418666E-02	9.267919E+01
8.78968750000E+05	4.277486E-02	9.391570E+01
8.80837500000E+05	4.128772E-02	9.094784E+01
8.82706250000E+05	4.287762E-02	9.012434E+01
8.84575000000E+05	4.555005E-02	8.737893E+01
8.86443750000E+05	4.489356E-02	8.710484E+01
8.88312500000E+05	4.212944E-02	8.777515E+01
8.90181250000E+05	4.459655E-02	8.554487E+01
8.92050000000E+05	4.712159E-02	9.077090E+01
8.93918750000E+05	4.655965E-02	9.094685E+01
8.95787500000E+05	4.205181E-02	9.401138E+01
8.97656250000E+05	4.516272E-02	9.268386E+01
8.99525000000E+05	4.666575E-02	8.652267E+01
9.01393750000E+05	4.391694E-02	9.023171E+01
9.03262500000E+05	4.307659E-02	8.649085E+01
9.05131250000E+05	4.670682E-02	8.856960E+01
9.07000000000E+05	4.800185E-02	9.277097E+01
9.08868750000E+05	4.383067E-02	8.670026E+01
9.10737500000E+05	4.755489E-02	8.989970E+01
9.12606250000E+05	4.402117E-02	8.981020E+01
9.14475000000E+05	4.408838E-02	8.994035E+01
9.16343750000E+05	4.506278E-02	8.989097E+01
9.18212500000E+05	4.601264E-02	9.163696E+01
9.20081250000E+05	4.450981E-02	8.845243E+01
9.21950000000E+05	4.732450E-02	9.022749E+01
9.23818750000E+05	4.520760E-02	9.292138E+01
9.25687500000E+05	4.699025E-02	9.045289E+01
9.27556250000E+05	4.570666E-02	9.240238E+01
9.29425000000E+05	4.683553E-02	8.913472E+01
9.31293750000E+05	4.581566E-02	8.863224E+01
9.33162500000E+05	4.695692E-02	8.994268E+01
9.35031250000E+05	4.699109E-02	9.213472E+01
9.36900000000E+05	4.877215E-02	8.504530E+01
9.38768750000E+05	4.830878E-02	8.771954E+01
9.40637500000E+05	4.534675E-02	8.997997E+01
9.42506250000E+05	4.802684E-02	9.160380E+01
9.44375000000E+05	5.052168E-02	9.087263E+01
9.46243750000E+05	4.580138E-02	9.363921E+01
9.48112500000E+05	4.872671E-02	8.639497E+01
9.49981250000E+05	4.779249E-02	8.952141E+01
9.51850000000E+05	4.609697E-02	9.006707E+01
9.53718750000E+05	4.651061E-02	8.921185E+01
9.55587500000E+05	4.718781E-02	8.950674E+01
9.57456250000E+05	4.742644E-02	9.117296E+01
9.59325000000E+05	4.770365E-02	8.747942E+01
9.61193750000E+05	4.683448E-02	8.846467E+01
9.63062500000E+05	4.887025E-02	9.078664E+01
9.64931250000E+05	4.874676E-02	9.089388E+01
9.66800000000E+05	5.119744E-02	9.025495E+01
9.68668750000E+05	4.878157E-02	9.365068E+01
9.70537500000E+05	4.611160E-02	8.818811E+01
9.72406250000E+05	4.785264E-02	8.945144E+01
9.74275000000E+05	5.025423E-02	8.753437E+01
9.76143750000E+05	5.022532E-02	8.866133E+01
9.78012500000E+05	4.934745E-02	8.983399E+01
9.79881250000E+05	4.948154E-02	8.683758E+01
9.81750000000E+05	4.634739E-02	9.072924E+01
9.83618750000E+05	5.061368E-02	8.853728E+01
9.85487500000E+05	4.668192E-02	8.898068E+01
9.87356250000E+05	5.054800E-02	8.862602E+01
9.89225000000E+05	5.016323E-02	9.034056E+01
9.91093750000E+05	4.936779E-02	8.840260E+01
9.92962500000E+05	4.796312E-02	9.031236E+01
9.94831250000E+05	4.708560E-02	9.227627E+01
9.96700000000E+05	5.012081E-02	9.380418E+01
9.98568750000E+05	5.172295E-02	9.009091E+01
1.00043750000E+06	4.815759E-02	9.124778E+01
1.00230625000E+06	4.811535E-02	9.066806E+01
1.00417500000E+06	5.153925E-02	8.709167E+01
1.00604375000E+06	5.084931E-02	8.710712E+01
1.00791250000E+06	4.868989E-02	9.098277E+01
1.00978125000E+06	5.022389E-02	9.124543E+01
1.01165000000E+06	4.947148E-02	9.306099E+01
1.01351875000E+06	5.100615E-02	9.290051E+01
1.01538750000E+06	5.391799E-02	9.176322E+01
1.01725625000E+06	5.219753E-02	9.205558E+01
1.01912500000E+06	4.966579E-02	9.395538E+01
1.02099375000E+06	4.978349E-02	9.071161E+01
1.02286250000E+06	5.267620E-02	9.312464E+01
1.02473125000E+06	5.037042E-02	8.978989E+01
1.02660000000E+06	4.759039E-02	9.006583E+01
1.02846875000E+06	5.311877E-02	9.038955E+01
1.03033750000E+06	4.955238E-02	9.109491E+01
1.03220625000E+06	4.940474E-02	9.234735E+01
1.03407500000E+06	5.006845E-02	9.177841E+01
1.03594375000E+06	5.131907E-02	9.337702E+01
1.03781250000E+06	5.196467E-02	9.089114E+01
1.03968125000E+06	5.215232E-02	9.051647E+01
1.04155000000E+06	4.971945E-02	9.057574E+01
1.04341875000E+06	5.313807E-02	9.252501E+01
1.04528750000E+06	5.354663E-02	9.239821E+01
1.04715625000E+06	5.354078E-02	9.001856E+01
1.04902500000E+06	5.147785E-02	9.137128E+01
1.05089375000E+06	5.432544E-02	9.126370E+01
1.05276250000E+06	5.114720E-02	9.009983E+01
1.05463125000E+06	5.560737E-02	9.100776E+01
1.05650000000E+06	5.464730E-02	9.067636E+01
1.05836875000E+06	5.255306E-02	9.202650E+01
1.06023750000E+06	5.230742E-02	9.043719E+01
1.06210625000E+06	5.437394E-02	8.957278E+01
1.06397500000E+06	5.343615E-02	9.198756E+01
1.06584375000E+06	5.369477E-02	9.057922E+01
1.06771250000E+06	5.412921E-02	9.041551E+01
1.06958125000E+06	5.367095E-02	8.917684E+01
1.07145000000E+06	5.240836E-02	9.282070E+01
1.07331875000E+06	5.443761E-02	8.903469E+01
1.07518750000E+06	5.081696E-02	9.311786E+01
1.07705625000E+06	5.074238E-02	9.142439E+01
1.07892500000E+06	5.416702E-02	9.146607E+01
1.08079375000E+06	5.428638E-02	9.017271E+01
1.08266250000E+06	5.549220E-02	8.991653E+01
1.08453125000E+06	5.707489E-02	9.514233E+01
1.08640000000E+06	5.551026E-02	9.167165E+01
1.08826875000E+06	4.948832E-02	9.064200E+01
1.09013750000E+06	5.449094E-02	9.526058E+01
1.09200625000E+06	5.628841E-02	8.761781E+01
1.09387500000E+06	5.437186E-02	9.108673E+01
1.09574375000E+06	5.342727E-02	8.694064E+01
1.09761250000E+06	5.095079E-02	9.096091E+01
1.09948125000E+06	5.270651E-02	9.050259E+01
1.10135000000E+06	5.350725E-02	9.055826E+01
1.10321875000E+06	5.335627E-02	8.890635E+01
1.10508750000E+06	5.467269E-02	9.217244E+01
1.10695625000E+06	5.459744E-02	9.236167E+01
1.10882500000E+06	5.383235E-02	8.972009E+01
1.11069375000E+06	5.567759E-02	9.213686E+01
1.11256250000E+06	5.443415E-02	9.063495E+01
1.11443125000E+06	5.177722E-02	9.008690E+01
1.11630000000E+06	5.559329E-02	9.233470E+01
1.11816875000E+06	5.347787E-02	8.768725E+01
1.12003750000E+06	5.631785E-02	9.030710E+01
1.12190625000E+06	5.433575E-02	9.200593E+01
1.12377500000E+06	5.380132E-02	9.255701E+01
1.12564375000E+06	5.493003E-02	9.243831E+01
1.12751250000E+06	5.653607E-02	9.185992E+01
1.12938125000E+06	5.361952E-02	9.260362E+01
1.13125000000E+06	5.669344E-02	8.921172E+01
1.13311875000E+06	5.659485E-02	9.054816E+01
1.13498750000E+06	5.447000E-02	9.103215E+01
1.13685625000E+06	5.445264E-02	9.013693E+01
1.13872500000E+06	5.607181E-02	9.027357E+01
1.14059375000E+06	5.720992E-02	9.025147E+01
1.14246250000E+06	5.420244E-02	8.868969E+01
1.14433125000E+06	5.429326E-02	8.897396E+01
1.14620000000E+06	5.253116E-02	9.033749E+01
1.14806875000E+06	5.683273E-02	8.994794E+01
1.14993750000E+06	5.563773E-02	8.899855E+01
1.15180625000E+06	5.630712E-02	9.190668E+01
1.15367500000E+06	5.880958E-02	9.226427E+01
1.15554375000E+06	5.596983E-02	9.304501E+01
1.15741250000E+06	5.831776E-02	9.100259E+01
1.15928125000E+06	5.574791E-02	9.223801E+01
1.16115000000E+06	5.559692E-02	9.325363E+01
1.16301875000E+06	5.731067E-02	9.159020E+01
1.16488750000E+06	5.477657E-02	9.070655E+01
1.16675625000E+06	5.717281E-02	9.060167E+01
1.16862500000E+06	5.667007E-02	9.500735E+01
1.17049375000E+06	5.761399E-02	9.125082E+01
1.17236250000E+06	5.762566E-02	8.979086E+01
1.17423125000E+06	5.499539E-02	9.225755E+01
1.17610000000E+06	5.728473E-02	9.005290E+01
1.17796875000E+06	5.834737E-02	9.242702E+01
1.17983750000E+06	5.850891E-02	9.109590E+01
1.18170625000E+06	5.729370E-02	9.123539E+01
1.18357500000E+06	5.733206E-02	9.352861E+01
1.18544375000E+06	5.913977E-02	9.136774E+01
1.18731250000E+06	6.025621E-02	9.152206E+01
1.18918125000E+06	5.550214E-02	9.112949E+01
1.19105000000E+06	5.818368E-02	9.168307E+01
1.19291875000E+06	5.910744E-02	9.204249E+01
1.19478750000E+06	5.747000E-02	9.370702E+01
1.19665625000E+06	5.865427E-02	9.303315E+01
1.19852500000E+06	5.991154E-02	9.134624E+01
1.20039375000E+06	5.966278E-02	9.088479E+01
1.20226250000E+06	5.905471E-02	9.363328E+01
1.20413125000E+06	5.658843E-02	9.140263E+01
1.20600000000E+06	5.777847E-02	9.343056E+01
1.20786875000E+06	5.769778E-02	9.057472E+01
1.20973750000E+06	6.048930E-02	8.919334E+01
1.21160625000E+06	5.744370E-02	9.095513E+01
1.21347500000E+06	5.954779E-02	9.367106E+01
1.21534375000E+06	5.945073E-02	8.982381E+01
1.21721250000E+06	5.990463E-02	9.227451E+01
1.21908125000E+06	6.081120E-02	9.182335E+01
1.22095000000E+06	5.844676E-02	9.287771E+01
1.22281875000E+06	6.168380E-02	9.268102E+01
1.22468750000E+06	5.738530E-02	9.141403E+01
1.22655625000E+06	6.217440E-02	9.183411E+01
1.22842500000E+06	5.627795E-02	8.982814E+01
1.23029375000E+06	5.953819E-02	9.301984E+01
1.23216250000E+06	5.968833E-02	9.049680E+01
1.23403125000E+06	5.930968E-02	9.243444E+01
1.23590000000E+06	6.126956E-02	9.278633E+01
1.23776875000E+06	6.083968E-02	9.197596E+01
1.23963750000E+06	6.041033E-02	9.110027E+01
1.24150625000E+06	6.031726E-02	8.771750E+01
1.24337500000E+06	6.087537E-02	9.297092E+01
1.24524375000E+06	6.077329E-02	9.143118E+01
1.24711250000E+06	6.125956E-02	9.244711E+01
1.24898125000E+06	6.291752E-02	8.779856E+01
1.25085000000E+06	5.900425E-02	9.186698E+01
1.25271875000E+06	5.957432E-02	8.882639E+01
1.25458750000E+06	6.112324E-02	9.275684E+01
1.25645625000E+06	5.887529E-02	9.123130E+01
1.25832500000E+06	5.796520E-02	9.063923E+01
1.26019375000E+06	6.003522E-02	8.993174E+01
1.26206250000E+06	6.228462E-02	9.346286E+01
1.26393125000E+06	6.123111E-02	9.251990E+01
1.26580000000E+06	6.056910E-02	9.170895E+01
1.26766875000E+06	6.011844E-02	9.430441E+01
1.26953750000E+06	5.821160E-02	9.153179E+01
1.27140625000E+06	5.778804E-02	8.991942E+01
1.27327500000E+06	6.253158E-02	9.137231E+01
1.27514375000E+06	6.312658E-02	9.192743E+01
1.27701250000E+06	6.291786E-02	9.258133E+01
1.27888125000E+06	6.657452E-02	8.992645E+01
1.28075000000E+06	6.241933E-02	9.091863E+01
1.28261875000E+06	6.138527E-02	9.418195E+01
1.28448750000E+06	6.228194E-02	9.117755E+01
1.28635625000E+06	6.148353E-02	9.285931E+01
1.28822500000E+06	6.291215E-02	9.116286E+01
1.29009375000E+06	6.176628E-02	9.636170E+01
1.29196250000E+06	6.496710E-02	9.120639E+01
1.29383125000E+06	5.969869E-02	9.348682E+01
1.29570000000E+06	6.352221E-02	9.292126E+01
1.29756875000E+06	6.260822E-02	9.087624E+01
1.29943750000E+06	6.510884E-02	9.216574E+01
1.30130625000E+06	6.242443E-02	9.096263E+01
1.30317500000E+06	6.402628E-02	9.351630E+01
1.30504375000E+06	6.142685E-02	9.206487E+01
1.30691250000E+06	6.246347E-02	9.246005E+01
1.30878125000E+06	6.259409E-02	9.245215E+01
1.31065000000E+06	6.306577E-02	9.076267E+01
1.31251875000E+06	6.532683E-02	8.965240E+01
1.31438750000E+06	6.357133E-02	9.048914E+01
1.31625625000E+06	6.456962E-02	9.454773E+01
1.31812500000E+06	6.587922E-02	9.234018E+01
1.31999375000E+06	6.426038E-02	8.888423E+01
1.32186250000E+06	6.439658E-02	9.147102E+01
1.32373125000E+06	5.921837E-02	9.123897E+01
1.32560000000E+06	6.258946E-02	9.470145E+01
1.32746875000E+06	6.157115E-02	9.021100E+01
1.32933750000E+06	6.091380E-02	9.168796E+01
1.33120625000E+06	6.127193E-02	8.926607E+01
1.33307500000E+06	6.629857E-02	9.244010E+01
1.33494375000E+06	6.596915E-02	9.152583E+01
1.33681250000E+06	6.316606E-02	9.015078E+01
1.33868125000E+06	6.681103E-02	9.133319E+01
1.34055000000E+06	6.754494E-02	9.254504E+01
1.34241875000E+06	6.093632E-02	9.078850E+01
1.34428750000E+06	6.452996E-02	9.228646E+01
1.34615625000E+06	6.373522E-02	9.223443E+01
1.34802500000E+06	6.560415E-02	9.428915E+01
1.34989375000E+06	6.624776E-02	9.303138E+01
1.35176250000E+06	6.453316E-02	9.165823E+01
1.35363125000E+06	6.540275E-02	9.507839E+01
1.35550000000E+06	6.377473E-02	8.961644E+01
1.35736875000E+06	6.529581E-02	9.340786E+01
1.35923750000E+06	6.506656E-02	9.197293E+01
1.36110625000E+06	6.487007E-02	9.215134E+01
1.36297500000E+06	6.710907E-02	9.403914E+01
1.36484375000E+06	6.407766E-02	9.136843E+01
1.36671250000E+06	6.550938E-02	9.303722E+01
1.36858125000E+06	6.777854E-02	9.238679E+01
1.37045000000E+06	6.334408E-02	9.287604E+01
1.37231875000E+06	6.468143E-02	9.131851E+01
1.37418750000E+06	6.168890E-02	9.270662E+01
1.37605625000E+06	6.481275E-02	9.063422E+01
1.37792500000E+06	6.659974E-02	9.104524E+01
1.37979375000E+06	6.716062E-02	9.273877E+01
1.38166250000E+06	6.531537E-02	9.309928E+01
1.38353125000E+06	6.676900E-02	9.215578E+01
1.38540000000E+06	6.754853E-02	9.124458E+01
1.38726875000E+06	6.707844E-02	9.255446E+01
1.38913750000E+06	6.930980E-02	9.360362E+01
1.39100625000E+06	6.642423E-02	9.226832E+01
1.39287500000E+06	6.625596E-02	9.216246E+01
1.39474375000E+06	6.439205E-02	9.397205E+01
1.39661250000E+06	6.468649E-02	9.269579E+01
1.39848125000E+06	6.832833E-02	9.181120E+01
1.40035000000E+06	6.717585E-02	9.306540E+01
1.40221875000E+06	6.479992E-02	9.171719E+01
1.40408750000E+06	6.744806E-02	9.388498E+01
1.40595625000E+06	6.529332E-02	9.389311E+01
1.40782500000E+06	6.575463E-02	9.531101E+01
1.40969375000E+06	6.643849E-02	9.186474E+01
1.41156250000E+06	6.741114E-02	9.136324E+01
1.41343125000E+06	7.015601E-02	9.378801E+01
1.41530000000E+06	6.913177E-02	9.356761E+01
1.41716875000E+06	6.624584E-02	8.970679E+01
1.41903750000E+06	6.826937E-02	9.170585E+01
1.42090625000E+06	6.499860E-02	9.274487E+01
1.42277500000E+06	6.665421E-02	9.346650E+01
1.42464375000E+06	6.723708E-02	9.457658E+01
1.42651250000E+06	6.963417E-02	8.998211E+01
1.42838125000E+06	6.961413E-02	9.192896E+01
1.43025000000E+06	6.885131E-02	9.191438E+01
1.43211875000E+06	6.728834E-02	9.444717E+01
1.43398750000E+06	7.031831E-02	9.344029E+01
1.43585625000E+06	6.712868E-02	9.371329E+01
1.43772500000E+06	6.955332E-02	9.220493E+01
1.43959375000E+06	6.931933E-02	9.300378E+01
1.44146250000E+06	6.846796E-02	9.272821E+01
1.44333125000E+06	6.640130E-02	9.240501E+01
1.44520000000E+06	7.193235E-02	9.361568E+01
1.44706875000E+06	7.051478E-02	9.371854E+01
1.44893750000E+06	6.935059E-02	9.328124E+01
1.45080625000E+06	7.221983E-02	9.201497E+01
1.45267500000E+06	6.859500E-02	9.234422E+01
1.45454375000E+06	6.796912E-02	9.340723E+01
1.45641250000E+06	6.635615E-02	9.367870E+01
1.45828125000E+06	6.889544E-02	9.085033E+01
1.46015000000E+06	6.646657E-02	9.468098E+01
1.46201875000E+06	6.974595E-02	9.300201E+01
1.46388750000E+06	7.335956E-02	9.000719E+01
1.46575625000E+06	6.991521E-02	9.401701E+01
1.46762500000E+06	6.558526E-02	9.106691E+01
1.46949375000E+06	6.765887E-02	9.262930E+01
1.47136250000E+06	7.053117E-02	9.225313E+01
1.47323125000E+06	6.954657E-02	9.232351E+01
1.47510000000E+06	6.907564E-02	9.268459E+01
1.47696875000E+06	6.705271E-02	9.065051E+01
1.47883750000E+06	6.889185E-02	9.287670E+01
1.48070625000E+06	6.962110E-02	9.440372E+01
1.48257500000E+06	7.082585E-02	9.256096E+01
1.48444375000E+06	7.017522E-02	9.394596E+01
1.48631250000E+06	7.107434E-02	9.221375E+01
1.48818125000E+06	7.151598E-02	9.153410E+01
1.49005000000E+06	7.309024E-02	9.328841E+01
1.49191875000E+06	7.098871E-02	9.049052E+01
1.49378750000E+06	7.063115E-02	9.331882E+01
1.49565625000E+06	7.055238E-02	8.974100E+01
1.49752500000E+06	7.138471E-02	9.562121E+01
1.49939375000E+06	7.355183E-02	9.121152E+01
1.50126250000E+06	7.231277E-02	9.084570E+01
1.50313125000E+06	7.016391E-02	9.129885E+01
1.50500000000E+06	7.143714E-02	9.546716E+01
1.50686875000E+06	7.108033E-02	9.069810E+01
1.50873750000E+06	6.819426E-02	9.229414E+01
1.51060625000E+06	7.296628E-02	9.266705E+01
1.51247500000E+06	7.310978E-02	9.254311E+01
1.51434375000E+06	7.041585E-02	9.086031E+01
1.51621250000E+06	6.889839E-02	9.292365E+01
1.51808125000E+06	7.256726E-02	9.268446E+01
1.51995000000E+06	7.133833E-02	9.174951E+01
1.52181875000E+06	7.286517E-02	9.292173E+01
1.52368750000E+06	6.889372E-02	9.303819E+01
1.52555625000E+06	7.158015E-02	9.510324E+01
1.52742500000E+06	6.928014E-02	9.352646E+01
1.52929375000E+06	7.192183E-02	9.189458E+01
1.53116250000E+06	7.179186E-02	9.497892E+01
1.53303125000E+06	7.224770E-02	9.225302E+01
1.53490000000E+06	6.953403E-02	9.224406E+01
1.53676875000E+06	6.976204E-02	9.299249E+01
1.53863750000E+06	7.511868E-02	9.301616E+01
1.54050625000E+06	7.313845E-02	9.217947E+01
1.54237500000E+06	7.137390E-02	9.286692E+01
1.54424375000E+06	7.513666E-02	9.362930E+01
1.54611250000E+06	7.366201E-02	9.280927E+01
1.54798125000E+06	7.489072E-02	9.465839E+01
1.54985000000E+06	7.409759E-02	9.084937E+01
1.55171875000E+06	7.393790E-02	9.421312E+01
1.55358750000E+06	7.480222E-02	9.387003E+01
1.55545625000E+06	7.303409E-02	9.367139E+01
1.55732500000E+06	7.389759E-02	9.099084E+01
1.55919375000E+06	7.080244E-02	9.302583E+01
1.56106250000E+06	7.334309E-02	9.268113E+01
1.56293125000E+06	7.389776E-02	9.249393E+01
1.56480000000E+06	7.363933E-02	9.178986E+01
1.56666875000E+06	7.570107E-02	9.307416E+01
1.56853750000E+06	7.267413E-02	9.298825E+01
1.57040625000E+06	7.237823E-02	9.061508E+01
1.57227500000E+06	7.521931E-02	9.128008E+01
1.57414375000E+06	7.262083E-02	9.551561E+01
1.57601250000E+06	7.455184E-02	9.027909E+01
1.57788125000E+06	7.682268E-02	9.233892E+01
1.57975000000E+06	7.510342E-02	9.508914E+01
1.58161875000E+06	7.177207E-02	9.314122E+01
1.58348750000E+06	7.262317E-02	9.303240E+01
1.58535625000E+06	7.483629E-02	9.262289E+01
1.58722500000E+06	7.450503E-02	9.215624E+01
1.58909375000E+06	7.633961E-02	9.136080E+01
1.59096250000E+06	7.400841E-02	9.133069E+01
1.59283125000E+06	7.357082E-02	9.202000E+01
1.59470000000E+06	7.157429E-02	9.237036E+01
1.59656875000E+06	7.391832E-02	9.415057E+01
1.59843750000E+06	7.385957E-02	9.214646E+01
1.60030625000E+06	7.440088E-02	9.411269E+01
1.60217500000E+06	7.233421E-02	9.428316E+01
1.60404375000E+06	7.484785E-02	9.245197E+01
1.60591250000E+06	7.535028E-02	9.234788E+01
1.60778125000E+06	7.519931E-02	9.244105E+01
1.60965000000E+06	7.873965E-02	9.176888E+01
1.61151875000E+06	7.414389E-02	9.403093E+01
1.61338750000E+06	7.182103E-02	9.290055E+01
1.61525625000E+06	7.640306E-02	9.311742E+01
1.61712500000E+06	7.638943E-02	9.233281E+01
1.61899375000E+06	7.414189E-02	9.279353E+01
1.62086250000E+06	7.389477E-02	9.221688E+01
1.62273125000E+06	7.460713E-02	9.238715E+01
1.62460000000E+06	7.183236E-02	9.175280E+01
1.62646875000E+06	7.705570E-02	9.290210E+01
1.62833750000E+06	7.513045E-02	9.259701E+01
1.63020625000E+06	7.460900E-02	9.138256E+01
1.63207500000E+06	7.688776E-02	9.364827E+01
1.63394375000E+06	7.465737E-02	9.244122E+01
1.63581250000E+06	7.297204E-02	9.478825E+01
1.63768125000E+06	7.625529E-02	9.062379E+01
1.63955000000E+06	7.826199E-02	9.253915E+01
1.64141875000E+06	7.481273E-02	9.347743E+01
1.64328750000E+06	7.573948E-02	9.407285E+01
1.64515625000E+06	7.245412E-02	8.924718E+01
1.64702500000E+06	7.466488E-02	9.326754E+01
1.64889375000E+06	7.395034E-02	9.273903E+01
1.65076250000E+06	7.614177E-02	9.313916E+01
1.65263125000E+06	7.582577E-02	9.205672E+01
1.65450000000E+06	7.596865E-02	9.554096E+01
1.65636875000E+06	7.355451E-02	9.146735E+01
1.65823750000E+06	7.333685E-02	9.168997E+01
1.66010625000E+06	7.497148E-02	9.294336E+01
1.66197500000E+06	7.767066E-02	9.489690E+01
1.66384375000E+06	7.589982E-02	9.264063E+01
1.66571250000E+06	7.798672E-02	9.108411E+01
1.66758125000E+06	7.668477E-02	9.232159E+01
1.66945000000E+06	7.849819E-02	9.093896E+01
1.67131875000E+06	7.698714E-02	9.169088E+01
1.67318750000E+06	7.399535E-02	9.383972E+01
1.67505625000E+06	7.711808E-02	9.208936E+01
1.67692500000E+06	7.771778E-02	9.521965E+01
1.67879375000E+06	7.916138E-02	9.323295E+01
1.68066250000E+06	7.706740E-02	9.296912E+01
1.68253125000E+06	7.620054E-02	9.280122E+01
1.68440000000E+06	7.849941E-02	9.424797E+01
1.68626875000E+06	7.446605E-02	9.472121E+01
1.68813750000E+06	7.575777E-02	9.497930E+01
1.69000625000E+06	8.110874E-02	9.386158E+01
1.69187500000E+06	7.799550E-02	9.251850E+01
1.69374375000E+06	7.734807E-02	9.051748E+01
1.69561250000E+06	7.803332E-02	9.100399E+01
1.69748125000E+06	7.461391E-02	9.035406E+01
1.69935000000E+06	8.095006E-02	9.144897E+01
1.70121875000E+06	7.579291E-02	9.352695E+01
1.70308750000E+06	7.692298E-02	9.440104E+01
1.70495625000E+06	7.746446E-02	9.016896E+01
1.70682500000E+06	7.741472E-02	9.279504E+01
1.70869375000E+06	7.675720E-02	9.227893E+01
1.71056250000E+06	7.875716E-02	9.271470E+01
1.71243125000E+06	7.945515E-02	9.271854E+01
1.71430000000E+06	7.507326E-02	9.249345E+01
1.71616875000E+06	7.725085E-02	9.185596E+01
1.71803750000E+06	7.632875E-02	9.591549E+01
1.71990625000E+06	7.545383E-02	9.256898E+01
1.72177500000E+06	8.066691E-02	9.478770E+01
1.72364375000E+06	7.237735E-02	9.322931E+01
1.72551250000E+06	7.565798E-02	9.143725E+01
1.72738125000E+06	7.387492E-02	9.208820E+01
1.72925000000E+06	7.742445E-02	9.252037E+01
1.73111875000E+06	7.644881E-02	9.412697E+01
1.73298750000E+06	7.837437E-02	9.308666E+01
1.73485625000E+06	7.947644E-02	9.467551E+01
1.73672500000E+06	7.699009E-02	9.233501E+01
1.73859375000E+06	7.518591E-02	9.142947E+01
1.74046250000E+06	7.647426E-02	9.327714E+01
1.74233125000E+06	7.714996E-02	9.298998E+01
1.74420000000E+06	7.817006E-02	9.547959E+01
1.74606875000E+06	7.636523E-02	9.560585E+01
1.74793750000E+06	7.782061E-02	9.408441E+01
1.74980625000E+06	7.743788E-02	9.448781E+01
1.75167500000E+06	7.742970E-02	9.239397E+01
1.75354375000E+06	7.772896E-02	9.459763E+01
1.75541250000E+06	7.588224E-02	9.356620E+01
1.75728125000E+06	7.399271E-02	9.358137E+01
1.75915000000E+06	7.890118E-02	9.480080E+01
1.76101875000E+06	7.676686E-02	9.246132E+01
1.76288750000E+06	7.801066E-02	9.429414E+01
1.76475625000E+06	7.733899E-02	9.400587E+01
1.76662500000E+06	7.635900E-02	9.351955E+01
1.76849375000E+06	7.625925E-02	9.430505E+01
1.77036250000E+06	7.618764E-02	9.507449E+01
1.77223125000E+06	7.560517E-02	9.322877E+01
1.77410000000E+06	7.508137E-02	9.359363E+01
1.77596875000E+06	7.622078E-02	9.507874E+01
1.77783750000E+06	7.455448E-02	9.261494E+01
1.77970625000E+06	7.618204E-02	9.594426E+01
1.78157500000E+06	7.785225E-02	9.628423E+01
1.78344375000E+06	7.696202E-02	9.357699E+01
1.78531250000E+06	7.643907E-02	9.652458E+01
1.78718125000E+06	7.394092E-02	9.497082E+01
1.78905000000E+06	8.002122E-02	9.539362E+01
1.79091875000E+06	7.895118E-02	9.553191E+01
1.79278750000E+06	7.396436E-02	9.478196E+01
1.79465625000E+06	7.823347E-02	9.342835E+01
1.79652500000E+06	7.954998E-02	9.515218E+01
1.79839375000E+06	7.768296E-02	9.734110E+01
1.80026250000E+06	7.456818E-02	9.471089E+01
1.80213125000E+06	7.873506E-02	9.447997E+01
1.80400000000E+06	7.760280E-02	9.507587E+01
1.80586875000E+06	7.799823E-02	9.698917E+01
1.80773750000E+06	7.646254E-02	9.859202E+01
1.80960625000E+06	8.011451E-02	9.630240E+01
1.81147500000E+06	7.842238E-02	9.767545E+01
1.81334375000E+06	7.734773E-02	9.660035E+01
1.81521250000E+06	7.767710E-02	9.750069E+01
1.81708125000E+06	8.063991E-02	9.721861E+01
1.81895000000E+06	7.884350E-02	9.821433E+01
1.82081875000E+06	8.019685E-02	9.577169E+01
1.82268750000E+06	7.825383E-02	9.713273E+01
1.82455625000E+06	7.850607E-02	9.871157E+01
1.82642500000E+06	8.285575E-02	9.595344E+01
1.82829375000E+06	7.844763E-02	9.669374E+01
1.83016250000E+06	8.183936E-02	9.617970E+01
1.83203125000E+06	7.832131E-02	9.784246E+01
1.83390000000E+06	8.000971E-02	9.779266E+01
1.83576875000E+06	7.857558E-02	9.692188E+01
1.83763750000E+06	8.342461E-02	9.440217E+01
1.83950625000E+06	8.085624E-02	9.356164E+01
1.84137500000E+06	7.947850E-02	9.593570E+01
1.84324375000E+06	8.102215E-02	9.659143E+01
1.84511250000E+06	8.135550E-02	9.695739E+01
1.84698125000E+06	8.173659E-02	9.589186E+01
1.84885000000E+06	7.945263E-02	9.672180E+01
1.85071875000E+06	8.457933E-02	9.698069E+01
1.85258750000E+06	8.501906E-02	9.684312E+01
1.85445625000E+06	8.157441E-02	9.683595E+01
1.85632500000E+06	8.232547E-02	9.596121E+01
1.85819375000E+06	8.066471E-02	9.767699E+01
1.86006250000E+06	8.304893E-02	9.577821E+01
1.86193125000E+06	8.309989E-02	9.761322E+01
1.86380000000E+06	8.308857E-02	9.650519E+01
1.86566875000E+06	8.120095E-02	9.497198E+01
1.86753750000E+06	8.204867E-02	9.723100E+01
1.86940625000E+06	8.391182E-02	9.515871E+01
1.87127500000E+06	8.130202E-02	9.676779E+01
1.87314375000E+06	8.255649E-02	9.757742E+01
1.87501250000E+06	8.308956E-02	9.536334E+01
1.87688125000E+06	8.381728E-02	9.472569E+01
1.87875000000E+06	8.549016E-02	9.633780E+01
1.88061875000E+06	8.624912E-02	9.683840E+01
1.88248750000E+06	8.463304E-02	9.769411E+01
1.88435625000E+06	8.298939E-02	9.828229E+01
1.88622500000E+06	8.181872E-02	9.722867E+01
1.88809375000E+06	8.348599E-02	9.727206E+01
1.88996250000E+06	8.358311E-02	9.804898E+01
1.89183125000E+06	8.683719E-02	9.839246E+01
1.89370000000E+06	8.567769E-02	9.764992E+01
1.89556875000E+06	8.404057E-02	9.548513E+01
1.89743750000E+06	8.589871E-02	9.786776E+01
1.89930625000E+06	8.639722E-02	9.767993E+01
1.90117500000E+06	8.672167E-02	9.639313E+01
1.90304375000E+06	8.460760E-02	9.683184E+01
1.90491250000E+06	8.933605E-02	9.631032E+01
1.90678125000E+06	8.525830E-02	9.622749E+01
1.90865000000E+06	8.547092E-02	9.678419E+01
1.91051875000E+06	8.390416E-02	9.640395E+01
1.91238750000E+06	8.429427E-02	9.692397E+01
1.91425625000E+06	8.778693E-02	9.606548E+01
1.91612500000E+06	8.813046E-02	9.751131E+01
1.91799375000E+06	8.414650E-02	9.715942E+01
1.91986250000E+06	8.342877E-02	9.731531E+01
1.92173125000E+06	8.544895E-02	9.360101E+01
1.92360000000E+06	8.650904E-02	9.706224E+01
1.92546875000E+06	8.720365E-02	9.842302E+01
1.92733750000E+06	8.574240E-02	9.768639E+01
1.92920625000E+06	8.508070E-02	9.608565E+01
1.93107500000E+06	8.788805E-02	9.755888E+01
1.93294375000E+06	8.908336E-02	9.588995E+01
1.93481250000E+06	8.521145E-02	9.537836E+01
1.93668125000E+06	8.334035E-02	9.669881E+01
1.93855000000E+06	8.733467E-02	9.664728E+01
1.94041875000E+06	8.618303E-02	9.769012E+01
1.94228750000E+06	8.790723E-02	9.739529E+01
1.94415625000E+06	8.671879E-02	9.805857E+01
1.94602500000E+06	8.608065E-02	9.656377E+01
1.94789375000E+06	8.809319E-02	9.704669E+01
1.94976250000E+06	8.881303E-02	9.757446E+01
1.95163125000E+06	8.518827E-02	9.708968E+01
1.95350000000E+06	8.816728E-02	9.692319E+01
1.95536875000E+06	8.536766E-02	9.780173E+01
1.95723750000E+06	8.869200E-02	9.618271E+01
1.95910625000E+06	8.779805E-02	9.706461E+01
1.96097500000E+06	8.992666E-02	9.821843E+01
1.96284375000E+06	8.390991E-02	9.281792E+01
1.96471250000E+06	8.785213E-02	9.836211E+01
1.96658125000E+06	8.790207E-02	9.766454E+01
1.96845000000E+06	8.771214E-02	9.735164E+01
1.97031875000E+06	8.752443E-02	9.612428E+01
1.97218750000E+06	8.880988E-02	9.878596E+01
1.97405625000E+06	9.003410E-02	9.653487E+01
1.97592500000E+06	8.791897E-02	9.676234E+01
1.97779375000E+06	8.952706E-02	9.364169E+01
1.97966250000E+06	8.648843E-02	9.630116E+01
1.98153125000E+06	8.914792E-02	9.712964E+01
1.98340000000E+06	8.663055E-02	9.417506E+01
1.98526875000E+06	8.938601E-02	9.777072E+01
1.98713750000E+06	8.892948E-02	9.719640E+01
1.98900625000E+06	9.188535E-02	9.777315E+01
1.99087500000E+06	9.085800E-02	9.719182E+01
1.99274375000E+06	8.658201E-02	9.605201E+01
1.99461250000E+06	9.090967E-02	9.809099E+01
1.99648125000E+06	8.769677E-02	9.539502E+01
1.99835000000E+06	9.067722E-02	9.789191E+01
2.00021875000E+06	9.142005E-02	9.799471E+01
2.00208750000E+06	9.134865E-02	9.806241E+01
2.00395625000E+06	8.757505E-02	9.720478E+01
2.00582500000E+06	8.841185E-02	9.618400E+01
2.00769375000E+06	8.745352E-02	9.856693E+01
2.00956250000E+06	8.575306E-02	9.554585E+01
2.01143125000E+06	9.087821E-02	9.571954E+01
2.01330000000E+06	8.976825E-02	9.659973E+01
2.01516875000E+06	8.899295E-02	9.665195E+01
2.01703750000E+06	8.788875E-02	9.907813E+01
2.01890625000E+06	8.725057E-02	9.713177E+01
2.02077500000E+06	9.073082E-02	9.476451E+01
2.02264375000E+06	8.948412E-02	9.632523E+01
2.02451250000E+06	9.237087E-02	9.902937E+01
2.02638125000E+06	9.007585E-02	9.509530E+01
2.02825000000E+06	8.885056E-02	9.616515E+01
2.03011875000E+06	9.077072E-02	9.625761E+01
2.03198750000E+06	8.874713E-02	9.633619E+01
2.03385625000E+06	8.742645E-02	9.647724E+01
2.03572500000E+06	8.782661E-02	9.384876E+01
2.03759375000E+06	9.045123E-02	9.760745E+01
2.03946250000E+06	8.992933E-02	9.767854E+01
2.04133125000E+06	9.097154E-02	9.618997E+01
2.04320000000E+06	8.771355E-02	9.765862E+01
2.04506875000E+06	9.135763E-02	9.575014E+01
2.04693750000E+06	9.013709E-02	9.721880E+01
2.04880625000E+06	9.128935E-02	9.674046E+01
2.05067500000E+06	9.066932E-02	9.686926E+01
2.05254375000E+06	8.990066E-02	9.686495E+01
2.05441250000E+06	9.093352E-02	9.781714E+01
2.05628125000E+06	9.225783E-02	9.793298E+01
2.05815000000E+06	9.166546E-02	9.780656E+01
2.06001875000E+06	9.474386E-02	9.849786E+01
2.06188750000E+06	8.846420E-02	9.830701E+01
2.06375625000E+06	8.740063E-02	9.710553E+01
2.06562500000E+06	9.044166E-02	9.901660E+01
2.06749375000E+06	9.190909E-02	9.858371E+01
2.06936250000E+06	9.324697E-02	9.495079E+01
2.07123125000E+06	9.401951E-02	9.660524E+01
2.07310000000E+06	9.055189E-02	9.660696E+01
2.07496875000E+06	9.347802E-02	9.824419E+01
2.07683750000E+06	9.190784E-02	9.930357E+01
2.07870625000E+06	9.064909E-02	9.686862E+01
2.08057500000E+06	9.201237E-02	9.794695E+01
2.08244375000E+06	9.290922E-02	9.654538E+01
2.08431250000E+06	9.230770E-02	9.634822E+01
2.08618125000E+06	9.307053E-02	9.780506E+01
2.08805000000E+06	9.387577E-02	9.705498E+01
2.08991875000E+06	9.365850E-02	9.638130E+01
2.09178750000E+06	9.152959E-02	9.659801E+01
2.09365625000E+06	9.193575E-02	9.651459E+01
2.09552500000E+06	9.109651E-02	9.566473E+01
2.09739375000E+06	9.148610E-02	9.781001E+01
2.09926250000E+06	9.004065E-02	9.788182E+01
2.10113125000E+06	9.226341E-02	9.585493E+01
2.10300000000E+06	9.000607E-02	9.924636E+01
2.10486875000E+06	9.228133E-02	9.589252E+01
2.10673750000E+06	9.430645E-02	9.719601E+01
2.10860625000E+06	9.063061E-02	9.561526E+01
2.11047500000E+06	9.515778E-02	9.697935E+01
2.11234375000E+06	9.395191E-02	9.757802E+01
2.11421250000E+06	9.167106E-02	9.597810E+01
2.11608125000E+06	9.257476E-02	9.661192E+01
2.11795000000E+06	9.251425E-02	9.710230E+01
2.11981875000E+06	9.072579E-02	9.714907E+01
2.12168750000E+06	9.373505E-02	9.603638E+01
2.12355625000E+06	9.272255E-02	9.595860E+01
2.12542500000E+06	9.152441E-02	9.566084E+01
2.12729375000E+06	9.442651E-02	9.714232E+01
2.12916250000E+06	9.573476E-02	9.724796E+01
2.13103125000E+06	9.367947E-02	9.556981E+01
2.13290000000E+06	9.376882E-02	9.490376E+01
2.13476875000E+06	9.294514E-02	9.906233E+01
2.13663750000E+06	9.329408E-02	9.909300E+01
2.13850625000E+06	9.111891E-02	9.755708E+01
2.14037500000E+06	9.617278E-02	9.697154E+01
2.14224375000E+06	9.444135E-02	9.732445E+01
2.14411250000E+06	9.330334E-02	9.658868E+01
2.14598125000E+06	9.287483E-02	9.821247E+01
2.14785000000E+06	9.620357E-02	9.597701E+01
2.14971875000E+06	9.564979E-02	9.681506E+01
2.15158750000E+06	9.382231E-02	9.672749E+01
2.15345625000E+06	9.320781E-02	9.875082E+01
2.15532500000E+06	9.332500E-02	9.647861E+01
2.15719375000E+06	9.490380E-02	9.969196E+01
2.15906250000E+06	9.330085E-02	9.940908E+01
2.16093125000E+06	9.562326E-02	9.528061E+01
2.16280000000E+06	9.182312E-02	9.784818E+01
2.16466875000E+06	9.258162E-02	9.686609E+01
2.16653750000E+06	9.087740E-02	9.634877E+01
2.16840625000E+06	9.411650E-02	9.825410E+01
2.17027500000E+06	9.390281E-02	9.707430E+01
2.17214375000E+06	9.297729E-02	9.843603E+01
2.17401250000E+06	9.772559E-02	9.674714E+01
2.17588125000E+06	9.447473E-02	9.585922E+01
2.17775000000E+06	9.373414E-02	9.636306E+01
2.17961875000E+06	9.622031E-02	9.764372E+01
2.18148750000E+06	9.573217E-02	9.523206E+01
2.18335625000E+06	9.474918E-02	9.885645E+01
2.18522500000E+06	9.791218E-02	9.722109E+01
2.18709375000E+06	9.369586E-02	9.718861E+01
2.18896250000E+06	9.541635E-02	9.706505E+01
2.19083125000E+06	9.461783E-02	9.599693E+01
2.19270000000E+06	9.649333E-02	9.686949E+01
2.19456875000E+06	9.518338E-02	9.764460E+01
2.19643750000E+06	9.745043E-02	9.872478E+01
2.19830625000E+06	9.899816E-02	9.704398E+01
2.20017500000E+06	9.142647E-02	9.727397E+01
2.20204375000E+06	9.513126E-02	9.680158E+01
2.20391250000E+06	9.683806E-02	9.711042E+01
2.20578125000E+06	9.562906E-02	9.599044E+01
2.20765000000E+06	9.719421E-02	9.891229E+01
2.20951875000E+06	9.496079E-02	9.793924E+01
2.21138750000E+06	9.885725E-02	9.742465E+01
2.21325625000E+06	9.652027E-02	9.843279E+01
2.21512500000E+06	9.554861E-02	9.866355E+01
2.21699375000E+06	9.520367E-02	9.680075E+01
2.21886250000E+06	9.590382E-02	9.730147E+01
2.22073125000E+06	9.671069E-02	9.796896E+01
2.22260000000E+06	9.585832E-02	9.773119E+01
2.22446875000E+06	9.598443E-02	9.476342E+01
2.22633750000E+06	9.837559E-02	9.850632E+01
2.22820625000E+06	9.670165E-02	9.665569E+01
2.23007500000E+06	9.783397E-02	9.725991E+01
2.23194375000E+06	9.598931E-02	9.798999E+01
2.23381250000E+06	9.355024E-02	9.826631E+01
2.23568125000E+06	9.531664E-02	9.638338E+01
2.23755000000E+06	9.833755E-02	9.739383E+01
2.23941875000E+06	9.247619E-02	9.700932E+01
2.24128750000E+06	9.596480E-02	9.678772E+01
2.24315625000E+06	9.785491E-02	9.734483E+01
2.24502500000E+06	9.496967E-02	1.015308E+02
2.24689375000E+06	9.715499E-02	9.743059E+01
2.24876250000E+06	9.698316E-02	9.862074E+01
2.25063125000E+06	9.775016E-02	9.799088E+01
2.25250000000E+06	9.840830E-02	9.874069E+01
2.25436875000E+06	9.676880E-02	9.678545E+01
2.25623750000E+06	9.822831E-02	9.869880E+01
2.25810625000E+06	9.671365E-02	9.754959E+01
2.25997500000E+06	9.536935E-02	9.642365E+01
2.26184375000E+06	9.757081E-02	9.878186E+01
2.26371250000E+06	9.652282E-02	9.770292E+01
2.26558125000E+06	9.825964E-02	9.816167E+01
2.26745000000E+06	9.834106E-02	9.695261E+01
2.26931875000E+06	9.858079E-02	9.798988E+01
2.27118750000E+06	9.759396E-02	9.711133E+01
2.27305625000E+06	9.863096E-02	9.741411E+01
2.27492500000E+06	9.627861E-02	9.891100E+01
2.27679375000E+06	9.737071E-02	9.591449E+01
2.27866250000E+06	9.790244E-02	9.701200E+01
2.28053125000E+06	9.860878E-02	9.710892E+01
2.28240000000E+06	9.841044E-02	9.752600E+01
2.28426875000E+06	9.666615E-02	9.743262E+01
2.28613750000E+06	1.010970E-01	9.837977E+01
2.28800625000E+06	9.852762E-02	9.702891E+01
2.28987500000E+06	9.918302E-02	9.938851E+01
2.29174375000E+06	9.889778E-02	9.828765E+01
2.29361250000E+06	9.764851E-02	9.778722E+01
2.29548125000E+06	9.656511E-02	9.814058E+01
2.29735000000E+06	9.970248E-02	9.664034E+01
2.29921875000E+06	9.960894E-02	9.816933E+01
2.30108750000E+06	9.706839E-02	9.709154E+01
2.30295625000E+06	1.005856E-01	9.864685E+01
2.30482500000E+06	9.939130E-02	9.810800E+01
2.30669375000E+06	9.622283E-02	9.715989E+01
2.30856250000E+06	1.024752E-01	9.666767E+01
2.31043125000E+06	9.961253E-02	9.532075E+01
2.31230000000E+06	9.663498E-02	9.739328E+01
2.31416875000E+06	1.002917E-01	9.616606E+01
2.31603750000E+06	9.938055E-02	9.718200E+01
2.31790625000E+06	9.830132E-02	9.817046E+01
2.31977500000E+06	9.801573E-02	9.706097E+01
2.32164375000E+06	9.618839E-02	9.852300E+01
2.32351250000E+06	9.927732E-02	9.884988E+01
2.32538125000E+06	1.000125E-01	9.853246E+01
2.32725000000E+06	9.893293E-02	9.888318E+01
2.32911875000E+06	9.721404E-02	9.756311E+01
2.33098750000E+06	9.945312E-02	9.805949E+01
2.33285625000E+06	1.003022E-01	9.880186E+01
2.33472500000E+06	9.982972E-02	9.850683E+01
2.33659375000E+06	1.019613E-01	9.887399E+01
2.33846250000E+06	1.003909E-01	9.724839E+01
2.34033125000E+06	1.014652E-01	9.916522E+01
2.34220000000E+06	9.837292E-02	9.801785E+01
2.34406875000E+06	1.018377E-01	9.710468E+01
2.34593750000E+06	9.928393E-02	9.923833E+01
2.34780625000E+06	1.002003E-01	9.847768E+01
2.34967500000E+06	9.899077E-02	9.786028E+01
2.35154375000E+06	1.021114E-01	9.760339E+01
2.35341250000E+06	9.689870E-02	9.785715E+01
2.35528125000E+06	1.003060E-01	9.976473E+01
2.35715000000E+06	1.016867E-01	9.778890E+01
2.35901875000E+06	1.019219E-01	9.829522E+01
2.36088750000E+06	1.002433E-01	9.924244E+01
2.36275625000E+06	1.020843E-01	9.844944E+01
2.36462500000E+06	1.028752E-01	9.671752E+01
2.36649375000E+06	1.003463E-01	9.877671E+01
2.36836250000E+06	1.024340E-01	9.843114E+01
2.37023125000E+06	1.000374E-01	9.703822E+01
2.37210000000E+06	9.840351E-02	9.843403E+01
2.37396875000E+06	1.026406E-01	9.823393E+01
2.37583750000E+06	1.011752E-01	9.788581E+01
2.37770625000E+06	1.007807E-01	9.752736E+01
2.37957500000E+06	9.877118E-02	9.787772E+01
2.38144375000E+06	1.007586E-01	9.761770E+01
2.38331250000E+06	1.003579E-01	9.986565E+01
2.38518125000E+06	1.013258E-01	9.812443E+01
2.38705000000E+06	1.013829E-01	9.852262E+01
2.38891875000E+06	1.027691E-01	9.763091E+01
2.39078750000E+06	1.021671E-01	9.833451E+01
2.39265625000E+06	1.006420E-01	9.885004E+01
2.39452500000E+06	1.008931E-01	9.749829E+01
2.39639375000E+06	1.003767E-01	9.753453E+01
2.39826250000E+06	1.040016E-01	9.864046E+01
2.40013125000E+06	1.007607E-01	9.856029E+01
2.40200000000E+06	1.014418E-01	9.796690E+01
2.40386875000E+06	1.005990E-01	9.893987E+01
2.40573750000E+06	1.038645E-01	9.682304E+01
2.40760625000E+06	1.018716E-01	9.816023E+01
2.40947500000E+06	1.018285E-01	9.885091E+01
2.41134375000E+06	9.977950E-02	9.754660E+01
2.41321250000E+06	9.987745E-02	9.838510E+01
2.41508125000E+06	1.014654E-01	9.867535E+01
2.41695000000E+06	9.892876E-02	9.815715E+01
2.41881875000E+06	1.008327E-01	9.766994E+01
2.42068750000E+06	1.008462E-01	9.982945E+01
2.42255625000E+06	1.009326E-01	9.858856E+01
2.42442500000E+06	1.022653E-01	9.820912E+01
2.42629375000E+06	1.024828E-01	9.864041E+01
2.42816250000E+06	1.024769E-01	9.988279E+01
2.43003125000E+06	9.906764E-02	9.756588E+01
2.43190000000E+06	1.025993E-01	9.718183E+01
2.43376875000E+06	1.032491E-01	9.845956E+01
2.43563750000E+06	9.975043E-02	9.746973E+01
2.43750625000E+06	1.029971E-01	9.808002E+01
2.43937500000E+06	1.019288E-01	9.837242E+01
2.44124375000E+06	1.034681E-01	9.849751E+01
2.44311250000E+06	1.030871E-01	9.729783E+01
2.44498125000E+06	1.037622E-01	9.766090E+01
2.44685000000E+06	9.930272E-02	9.691908E+01
2.44871875000E+06	9.944168E-02	9.851180E+01
2.45058750000E+06	1.009626E-01	9.748158E+01
2.45245625000E+06	1.032416E-01	9.873124E+01
2.45432500000E+06	1.003394E-01	9.895684E+01
2.45619375000E+06	1.023060E-01	9.830493E+01
2.45806250000E+06	1.033481E-01	9.598939E+01
2.45993125000E+06	1.009547E-01	9.839919E+01
2.46180000000E+06	1.023839E-01	9.820013E+01
2.46366875000E+06	1.033103E-01	9.740838E+01
2.46553750000E+06	1.035561E-01	9.683602E+01
2.46740625000E+06	1.035672E-01	9.786823E+01
2.46927500000E+06	1.054132E-01	9.994109E+01
2.47114375000E+06	1.034496E-01	9.773568E+01
2.47301250000E+06	1.036568E-01	9.977988E+01
2.47488125000E+06	1.030941E-01	9.699131E+01
2.47675000000E+06	1.040834E-01	9.833822E+01
2.47861875000E+06	1.040533E-01	9.793572E+01
2.48048750000E+06	1.040315E-01	9.754012E+01
2.48235625000E+06	1.045583E-01	9.922469E+01
2.48422500000E+06	1.053865E-01	9.823537E+01
2.48609375000E+06	1.040079E-01	9.811477E+01
2.48796250000E+06	1.045701E-01	9.917233E+01
2.48983125000E+06	1.042357E-01	9.833215E+01
2.49170000000E+06	1.048012E-01	9.807124E+01
2.49356875000E+06	1.049110E-01	9.885874E+01
2.49543750000E+06	1.029281E-01	9.896712E+01
2.49730625000E+06	1.015998E-01	9.929181E+01
2.49917500000E+06	1.048790E-01	9.939473E+01
2.50104375000E+06	1.024745E-01	9.991750E+01
2.50291250000E+06	1.049207E-01	9.692097E+01
2.50478125000E+06	1.010752E-01	9.765588E+01
2.50665000000E+06	1.034726E-01	9.888066E+01
2.50851875000E+06	1.025274E-01	9.757091E+01
2.51038750000E+06	1.030112E-01	9.925115E+01
2.51225625000E+06	1.051091E-01	9.842155E+01
2.51412500000E+06	1.022536E-01	9.926569E+01
2.51599375000E+06	1.026353E-01	9.871796E+01
2.51786250000E+06	1.043264E-01	1.004837E+02
2.51973125000E+06	1.058673E-01	9.778789E+01
2.52160000000E+06	1.053825E-01	1.006891E+02
2.52346875000E+06	1.027230E-01	9.806289E+01
2.52533750000E+06	1.054394E-01	9.798518E+01
2.52720625000E+06	1.050157E-01	9.799642E+01
2.52907500000E+06	1.042369E-01	9.960313E+01
2.53094375000E+06	1.028282E-01	9.827383E+01
2.53281250000E+06	1.036403E-01	9.808239E+01
2.53468125000E+06	1.072381E-01	9.859444E+01
2.53655000000E+06	1.086809E-01	9.880978E+01
2.53841875000E+06	1.004177E-01	9.714020E+01
2.54028750000E+06	1.023970E-01	9.920769E+01
2.54215625000E+06	1.014670E-01	9.781209E+01
2.54402500000E+06	1.026659E-01	9.759150E+01
2.54589375000E+06	1.081468E-01	9.830396E+01
2.54776250000E+06	1.064463E-01	9.961489E+01
2.54963125000E+06	1.035936E-01	9.837495E+01
2.55150000000E+06	1.062812E-01	9.895047E+01
2.55336875000E+06	1.038195E-01	9.770124E+01
2.55523750000E+06	1.077644E-01	9.825427E+01
2.55710625000E+06	1.046977E-01	9.879701E+01
2.55897500000E+06	1.042156E-01	9.937636E+01
2.56084375000E+06	1.044377E-01	9.871968E+01
2.56271250000E+06	1.046082E-01	9.817249E+01
2.56458125000E+06	1.036952E-01	9.899830E+01
2.56645000000E+06	1.065951E-01	9.980837E+01
2.56831875000E+06	1.030671E-01	9.729697E+01
2.57018750000E+06	1.058266E-01	9.951275E+01
2.57205625000E+06	1.056379E-01	9.788349E+01
2.57392500000E+06	1.045861E-01	9.933315E+01
2.57579375000E+06	1.053906E-01	9.829739E+01
2.57766250000E+06	1.045153E-01	9.778558E+01
2.57953125000E+06	1.060163E-01	9.811269E+01
2.58140000000E+06	1.063061E-01	9.993130E+01
2.58326875000E+06	1.050183E-01	9.881217E+01
2.58513750000E+06	1.062630E-01	9.799557E+01
2.58700625000E+06	1.076409E-01	9.943305E+01
2.58887500000E+06	1.047801E-01	9.871578E+01
2.59074375000E+06	1.027893E-01	9.943526E+01
2.59261250000E+06	1.080179E-01	9.755704E+01
2.59448125000E+06	1.042518E-01	1.006752E+02
2.59635000000E+06	1.062314E-01	1.003758E+02
2.59821875000E+06	1.066680E-01	9.878378E+01
2.60008750000E+06	1.075162E-01	1.000728E+02
2.60195625000E+06	1.035145E-01	9.840944E+01
2.60382500000E+06	1.103021E-01	1.000745E+02
2.60569375000E+06	1.066214E-01	9.879483E+01
2.60756250000E+06	1.047351E-01	9.812971E+01
2.60943125000E+06	1.079753E-01	9.947838E+01
2.61130000000E+06	1.068549E-01	1.002262E+02
2.61316875000E+06	1.078197E-01	9.865930E+01
2.61503750000E+06	1.071879E-01	9.881915E+01
2.61690625000E+06	1.073757E-01	9.840336E+01
2.61877500000E+06	1.068846E-01	9.989675E+01
2.62064375000E+06	1.066853E-01	1.000693E+02
2.62251250000E+06	1.058204E-01	9.879168E+01
2.62438125000E+06	1.066434E-01	9.883221E+01
2.62625000000E+06	1.054581E-01	1.009163E+02
2.62811875000E+06	1.077088E-01	9.805669E+01
2.62998750000E+06	1.070496E-01	9.963279E+01
2.63185625000E+06	1.059770E-01	9.939157E+01
2.63372500000E+06	1.043093E-01	9.920821E+01
2.63559375000E+06	1.042145E-01	9.965551E+01
2.63746250000E+06	1.042434E-01	1.009587E+02
2.63933125000E+06	1.073670E-01	1.002780E+02
2.64120000000E+06	1.085567E-01	9.985600E+01
2.64306875000E+06	1.060419E-01	9.899373E+01
2.64493750000E+06	1.055347E-01	1.009396E+02
2.64680625000E+06	1.057967E-01	1.004270E+02
2.64867500000E+06	1.058346E-01	1.002417E+02
2.65054375000E+06	1.045444E-01	9.986637E+01
2.65241250000E+06	1.084046E-01	1.011034E+02
2.65428125000E+06	1.048194E-01	9.911503E+01
2.65615000000E+06	1.068734E-01	1.005434E+02
2.65801875000E+06	1.070703E-01	9.923652E+01
2.65988750000E+06	1.063300E-01	9.985518E+01
2.66175625000E+06	1.085244E-01	1.005444E+02
2.66362500000E+06	1.066514E-01	1.011899E+02
2.66549375000E+06	1.075921E-01	1.001510E+02
2.66736250000E+06	1.054506E-01	9.950195E+01
2.66923125000E+06	1.067003E-01	1.003268E+02
2.67110000000E+06	1.080689E-01	9.834155E+01
2.67296875000E+06	1.096599E-01	9.932506E+01
2.67483750000E+06	1.064310E-01	9.902407E+01
2.67670625000E+06	1.074843E-01	9.907351E+01
2.67857500000E+06	1.075285E-01	1.000130E+02
2.68044375000E+06	1.103972E-01	9.956219E+01
2.68231250000E+06	1.064007E-01	9.877367E+01
2.68418125000E+06	1.069380E-01	9.951402E+01
2.68605000000E+06	1.076770E-01	1.005133E+02
2.68791875000E+06	1.085262E-01	9.957494E+01
2.68978750000E+06	1.081705E-01	9.848428E+01
2.69165625000E+06	1.110142E-01	9.982849E+01
2.69352500000E+06	1.079285E-01	1.004397E+02
2.69539375000E+06	1.054080E-01	1.003009E+02
2.69726250000E+06	1.091063E-01	9.899229E+01
2.69913125000E+06	1.075486E-01	9.839407E+01
2.70100000000E+06	1.104332E-01	9.995669E+01
2.70286875000E+06	1.054887E-01	9.886755E+01
2.70473750000E+06	1.042888E-01	9.925326E+01
2.70660625000E+06	1.059837E-01	1.021807E+02
2.70847500000E+06	1.088040E-01	9.819540E+01
2.71034375000E+06	1.079250E-01	9.899647E+01
2.71221250000E+06	1.066508E-01	9.892652E+01
2.71408125000E+06	1.093028E-01	1.005521E+02
2.71595000000E+06	1.080169E-01	1.013412E+02
2.71781875000E+06	1.070876E-01	9.752010E+01
2.71968750000E+06	1.078079E-01	1.003525E+02
2.72155625000E+06	1.062336E-01	1.003656E+02
2.72342500000E+06	1.070419E-01	1.011955E+02
2.72529375000E+06	1.105996E-01	1.005283E+02
2.72716250000E+06	1.079859E-01	9.881245E+01
2.72903125000E+06	1.109460E-01	9.941317E+01
2.73090000000E+06	1.060870E-01	1.004608E+02
2.73276875000E+06	1.089865E-01	1.005429E+02
2.73463750000E+06	1.124682E-01	9.925685E+01
2.73650625000E+06	1.097850E-01	9.938428E+01
2.73837500000E+06	1.092773E-01	9.994055E+01
2.74024375000E+06	1.080089E-01	1.007335E+02
2.74211250000E+06	1.076517E-01	1.000004E+02
2.74398125000E+06	1.053883E-01	1.005453E+02
2.74585000000E+06	1.110370E-01	9.961874E+01
2.74771875000E+06	1.098426E-01	9.839714E+01
2.74958750000E+06	1.109651E-01	1.004532E+02
2.75145625000E+06	1.085049E-01	1.013279E+02
2.75332500000E+06	1.081906E-01	1.009838E+02
2.75519375000E+06	1.088008E-01	1.001405E+02
2.75706250000E+06	1.088962E-01	1.007739E+02
2.75893125000E+06	1.085436E-01	1.002898E+02
2.76080000000E+06	1.082239E-01	9.946073E+01
2.76266875000E+06	1.089567E-01	1.006238E+02
2.76453750000E+06	1.101002E-01	9.999927E+01
2.76640625000E+06	1.092222E-01	9.976292E+01
2.76827500000E+06	1.082660E-01	1.002694E+02
2.77014375000E+06	1.098501E-01	1.010521E+02
2.77201250000E+06	1.083528E-01	1.007940E+02
2.77388125000E+06	1.084828E-01	9.970594E+01
2.77575000000E+06	1.110647E-01	9.990353E+01
2.77761875000E+06	1.093830E-01	1.002588E+02
2.77948750000E+06	1.084796E-01	1.001090E+02
2.78135625000E+06	1.122582E-01	1.000490E+02
2.78322500000E+06	1.109078E-01	1.007144E+02
2.78509375000E+06	1.111868E-01	1.007808E+02
2.78696250000E+06	1.100128E-01	9.841113E+01
2.78883125000E+06	1.092986E-01	9.995289E+01
2.79070000000E+06	1.114262E-01	9.900431E+01
2.79256875000E+06	1.094276E-01	9.903623E+01
2.79443750000E+06	1.113758E-01	9.910566E+01
2.79630625000E+06	1.133815E-01	1.004913E+02
2.79817500000E+06	1.098815E-01	1.012777E+02
2.80004375000E+06	1.120159E-01	1.002929E+02
2.80191250000E+06	1.097752E-01	9.938033E+01
2.80378125000E+06	1.088219E-01	9.993682E+01
2.80565000000E+06	1.087405E-01	1.007544E+02
2.80751875000E+06	1.114055E-01	9.939036E+01
2.80938750000E+06	1.109670E-01	9.995244E+01
2.81125625000E+06	1.078502E-01	1.002517E+02
2.81312500000E+06	1.091889E-01	1.004256E+02
2.81499375000E+06	1.105457E-01	1.005141E+02
2.81686250000E+06	1.100044E-01	1.003049E+02
2.81873125000E+06	1.120340E-01	9.977345E+01
2.82060000000E+06	1.080225E-01	9.961614E+01
2.82246875000E+06	1.074687E-01	1.004378E+02
2.82433750000E+06	1.059496E-01	9.980396E+01
2.82620625000E+06	1.103610E-01	1.011711E+02
2.82807500000E+06	1.115727E-01	1.005338E+02
2.82994375000E+06	1.090343E-01	1.016765E+02
2.83181250000E+06	1.135688E-01	9.968609E+01
2.83368125000E+06	1.086202E-01	9.929632E+01
2.83555000000E+06	1.105631E-01	1.007692E+02
2.83741875000E+06	1.111224E-01	1.008916E+02
2.83928750000E+06	1.134959E-01	1.002543E+02
2.84115625000E+06	1.128415E-01	1.010375E+02
2.84302500000E+06	1.113552E-01	1.006325E+02
2.84489375000E+06	1.110880E-01	1.008254E+02
2.84676250000E+06	1.102277E-01	9.939612E+01
2.84863125000E+06	1.105144E-01	1.017107E+02
2.85050000000E+06	1.106645E-01	1.007890E+02
2.85236875000E+06	1.092559E-01	9.880486E+01
2.85423750000E+06	1.107967E-01	9.927649E+01
2.85610625000E+06	1.143782E-01	1.003427E+02
2.85797500000E+06	1.102547E-01	1.013486E+02
2.85984375000E+06	1.105958E-01	1.012010E+02
2.86171250000E+06	1.093476E-01	1.008326E+02
2.86358125000E+06	1.119352E-01	1.001351E+02
2.86545000000E+06	1.109236E-01	9.981922E+01
2.86731875000E+06	1.135717E-01	9.871204E+01
2.86918750000E+06	1.075681E-01	1.009644E+02
2.87105625000E+06	1.106663E-01	9.992116E+01
2.87292500000E+06	1.106979E-01	1.018876E+02
2.87479375000E+06	1.120716E-01	1.000058E+02
2.87666250000E+06	1.099774E-01	1.005151E+02
2.87853125000E+06	1.127511E-01	1.005892E+02
2.88040000000E+06	1.133810E-01	9.959402E+01
2.88226875000E+06	1.105853E-01	1.007528E+02
2.88413750000E+06	1.114031E-01	1.006107E+02
2.88600625000E+06	1.108782E-01	1.007047E+02
2.88787500000E+06	1.112694E-01	1.005738E+02
2.88974375000E+06	1.090772E-01	1.003897E+02
2.89161250000E+06	1.110287E-01	1.014010E+02
2.89348125000E+06	1.126803E-01	1.002549E+02
2.89535000000E+06	1.105241E-01	1.006169E+02
2.89721875000E+06	1.100743E-01	1.011029E+02
2.89908750000E+06	1.115926E-01	1.017073E+02
2.90095625000E+06	1.136580E-01	1.002490E+02
2.90282500000E+06	1.125231E-01	1.008077E+02
2.90469375000E+06	1.105734E-01	1.014275E+02
2.90656250000E+06	1.123073E-01	1.003450E+02
2.90843125000E+06	1.083351E-01	1.017804E+02
2.91030000000E+06	1.090507E-01	1.010294E+02
2.91216875000E+06	1.135055E-01	1.007856E+02
2.91403750000E+06	1.108697E-01	1.015694E+02
2.91590625000E+06	1.138444E-01	9.982983E+01
2.91777500000E+06	1.127157E-01	1.003934E+02
2.91964375000E+06	1.114798E-01	1.008964E+02
2.92151250000E+06	1.166065E-01	1.022699E+02
2.92338125000E+06	1.136441E-01	1.011375E+02
2.92525000000E+06	1.105732E-01	1.016179E+02
2.92711875000E+06	1.133975E-01	1.022685E+02
2.92898750000E+06	1.118102E-01	1.014456E+02
2.93085625000E+06	1.129927E-01	9.981962E+01
2.93272500000E+06	1.158447E-01	1.000763E+02
2.93459375000E+06	1.097775E-01	1.010899E+02
2.93646250000E+06	1.104728E-01	1.011168E+02
2.93833125000E+06	1.103889E-01	1.011480E+02
2.94020000000E+06	1.097827E-01	1.004406E+02
2.94206875000E+06	1.133447E-01	1.027948E+02
2.94393750000E+06	1.145211E-01	1.007557E+02
2.94580625000E+06	1.141939E-01	1.024024E+02
2.94767500000E+06	1.144766E-01	1.001530E+02
2.94954375000E+06	1.137949E-01	1.006221E+02
2.95141250000E+06	1.132845E-01	1.015368E+02
2.95328125000E+06	1.165514E-01	1.017081E+02
2.95515000000E+06	1.108204E-01	1.003324E+02
2.95701875000E+06	1.129589E-01	1.011862E+02
2.95888750000E+06	1.119312E-01	1.013904E+02
2.96075625000E+06	1.133304E-01	1.023588E+02
2.96262500000E+06	1.137568E-01	1.014390E+02
2.96449375000E+06	1.131880E-01	1.004867E+02
2.96636250000E+06	1.088185E-01	1.018858E+02
2.96823125000E+06	1.120979E-01	1.008981E+02
2.97010000000E+06	1.140757E-01	1.023504E+02
2.97196875000E+06	1.110166E-01	1.022570E+02
2.97383750000E+06	1.110731E-01	1.013822E+02
2.97570625000E+06	1.126384E-01	1.007907E+02
2.97757500000E+06	1.094976E-01	1.015099E+02
2.97944375000E+06	1.103011E-01	1.033218E+02
2.98131250000E+06	1.148967E-01	1.031914E+02
2.98318125000E+06	1.152191E-01	1.007252E+02
2.98505000000E+06	1.120523E-01	1.012601E+02
2.98691875000E+06	1.146241E-01	9.925774E+01
2.98878750000E+06	1.121993E-01	1.023908E+02
2.99065625000E+06	1.127724E-01	1.007526E+02
2.99252500000E+06	1.154759E-01	1.004708E+02
2.99439375000E+06	1.140467E-01	1.011887E+02
2.99626250000E+06	1.172612E-01	9.994244E+01
2.99813125000E+06	1.136206E-01	1.014913E+02
3.00000000000E+06	1.129465E-01	1.018999E+02
