"E5100A REV3.14"
"DATE: Jun 26 2004"



"CHANNEL: 2"
"MEASURE TYPE: AR"
"FORMAT TYPE: LINMP"
"NUMBER of POINTS: 1601"
"SWEEP TIME:  3.458 s"
"SWEEP TYPE: LINF"
"SOURCE POWER: 0 dBm"
"IF BANDWIDTH: 500 Hz"

"Frequency"	"Main Array"	"Sub Array"
1.00000000000E+04	2.545559E-01	1.712431E+02
1.18687500000E+04	2.086603E-01	-1.690569E+02
1.37375000000E+04	1.422699E-01	1.605117E+02
1.56062500000E+04	9.904161E-02	-1.591853E+02
1.74750000000E+04	1.173944E-01	-8.240076E+01
1.93437500000E+04	1.007388E-01	-7.047544E+01
2.12125000000E+04	4.311314E-02	-7.462687E+01
2.30812500000E+04	3.606568E-02	-7.242309E+01
2.49500000000E+04	2.812542E-02	-1.073086E+02
2.68187500000E+04	4.018210E-02	-1.243452E+02
2.86875000000E+04	3.224700E-02	-5.303596E+01
3.05562500000E+04	4.501817E-02	-9.769222E+01
3.24250000000E+04	3.718550E-02	-1.342097E+02
3.42937500000E+04	3.157294E-02	-1.149800E+02
3.61625000000E+04	3.806907E-02	-4.360268E+01
3.80312500000E+04	2.076595E-02	-7.030443E+01
3.99000000000E+04	1.571185E-02	-1.551177E+01
4.17687500000E+04	1.951611E-02	-6.287419E+01
4.36375000000E+04	1.342298E-02	1.172254E+02
4.55062500000E+04	1.625870E-02	-4.816555E+01
4.73750000000E+04	8.342285E-03	-9.370697E+01
4.92437500000E+04	2.895608E-02	1.960990E+01
5.11125000000E+04	2.103215E-02	-6.187264E+01
5.29812500000E+04	1.422281E-02	-9.515501E+01
5.48500000000E+04	2.033060E-02	4.904505E+01
5.67187500000E+04	1.532615E-02	-2.155760E+01
5.85875000000E+04	1.600785E-02	3.781675E+01
6.04562500000E+04	4.758122E-03	-9.032273E+01
6.23250000000E+04	1.421840E-02	-5.232388E+00
6.41937500000E+04	1.740681E-02	-2.474732E+01
6.60625000000E+04	1.730717E-02	-1.516221E+01
6.79312500000E+04	1.548532E-02	-7.796040E+01
6.98000000000E+04	7.842799E-03	-9.070058E+00
7.16687500000E+04	1.383334E-02	1.124163E+02
7.35375000000E+04	1.206463E-03	-1.041808E+02
7.54062500000E+04	1.974681E-02	-6.653601E+00
7.72750000000E+04	9.238296E-03	-4.124384E+01
7.91437500000E+04	1.388207E-02	2.271126E+01
8.10125000000E+04	1.276270E-02	2.892263E+00
8.28812500000E+04	5.660699E-03	-7.726665E+01
8.47500000000E+04	1.630311E-02	-2.308543E+01
8.66187500000E+04	1.971694E-02	-1.598595E+01
8.84875000000E+04	1.860805E-02	-3.773063E+01
9.03562500000E+04	9.672389E-03	-3.438353E+01
9.22250000000E+04	5.300892E-03	-6.959970E+01
9.40937500000E+04	1.357422E-02	4.185784E+01
9.59625000000E+04	7.800078E-03	-3.926933E+01
9.78312500000E+04	1.799378E-03	-1.657592E+02
9.97000000000E+04	3.630125E-03	1.537773E+02
1.01568750000E+05	8.955172E-03	2.523219E+01
1.03437500000E+05	1.012100E-02	2.916705E+00
1.05306250000E+05	9.808598E-03	-4.878914E+01
1.07175000000E+05	1.375698E-02	-7.181073E+01
1.09043750000E+05	1.078994E-02	3.981031E+01
1.10912500000E+05	8.179695E-03	-3.505010E+01
1.12781250000E+05	1.017302E-02	-6.171274E-01
1.14650000000E+05	5.522626E-03	-2.071322E+01
1.16518750000E+05	1.259565E-02	-7.594006E+01
1.18387500000E+05	1.462981E-02	-9.835321E+00
1.20256250000E+05	6.321701E-03	1.417374E+02
1.22125000000E+05	7.217094E-03	-4.314516E+01
1.23993750000E+05	5.872956E-03	-6.566378E+01
1.25862500000E+05	1.184404E-02	-5.385047E+00
1.27731250000E+05	1.131738E-02	-5.772081E+01
1.29600000000E+05	6.088150E-03	-1.215457E+02
1.31468750000E+05	1.326523E-02	-9.046389E+01
1.33337500000E+05	2.533177E-03	9.807181E+01
1.35206250000E+05	5.350119E-03	-8.525142E+01
1.37075000000E+05	1.038217E-02	4.868736E+01
1.38943750000E+05	5.922453E-03	-9.177368E+01
1.40812500000E+05	8.657955E-03	8.210435E+00
1.42681250000E+05	1.529651E-02	1.947509E+01
1.44550000000E+05	1.146722E-02	-3.367920E+01
1.46418750000E+05	9.041104E-03	2.623768E+01
1.48287500000E+05	1.667950E-02	-6.393922E+01
1.50156250000E+05	1.429151E-02	-4.755473E+01
1.52025000000E+05	6.871502E-03	-6.383335E+01
1.53893750000E+05	7.506432E-03	-4.863700E-01
1.55762500000E+05	4.731075E-03	-9.762631E+01
1.57631250000E+05	6.190471E-03	-6.181346E+01
1.59500000000E+05	2.830920E-03	1.138503E+01
1.61368750000E+05	1.275543E-02	-6.974436E+01
1.63237500000E+05	9.451775E-03	-5.808712E+01
1.65106250000E+05	6.883905E-03	-7.190079E+01
1.66975000000E+05	4.625218E-03	4.603480E+01
1.68843750000E+05	1.095890E-02	-3.361058E+01
1.70712500000E+05	7.338742E-03	-8.290497E+01
1.72581250000E+05	1.694779E-02	1.309093E+00
1.74450000000E+05	1.000503E-02	-1.365439E+02
1.76318750000E+05	1.323239E-02	-9.136423E+01
1.78187500000E+05	1.077697E-02	-7.764602E+01
1.80056250000E+05	9.765178E-03	-8.041076E+01
1.81925000000E+05	4.735129E-03	5.302785E+00
1.83793750000E+05	1.120266E-02	-4.929197E+01
1.85662500000E+05	1.245679E-02	-7.519093E+01
1.87531250000E+05	9.642459E-03	-8.784353E+01
1.89400000000E+05	6.105158E-03	-5.194201E+00
1.91268750000E+05	1.158150E-02	-2.443601E+01
1.93137500000E+05	3.610002E-03	1.761387E+02
1.95006250000E+05	1.095191E-02	-3.955498E+01
1.96875000000E+05	1.346654E-02	-8.177466E+01
1.98743750000E+05	5.572600E-03	-1.723949E+01
2.00612500000E+05	7.038689E-03	-1.169585E+02
2.02481250000E+05	1.118605E-02	-7.001653E+01
2.04350000000E+05	1.158221E-02	-7.151083E+01
2.06218750000E+05	8.206894E-03	-6.844817E+01
2.08087500000E+05	4.201558E-03	-1.006611E+02
2.09956250000E+05	5.447442E-03	-1.653386E+01
2.11825000000E+05	4.753424E-04	1.735038E+02
2.13693750000E+05	1.032926E-02	-5.345618E+01
2.15562500000E+05	7.916964E-03	-7.027877E+01
2.17431250000E+05	7.933488E-03	-1.041216E+02
2.19300000000E+05	1.008027E-02	-5.162603E+01
2.21168750000E+05	6.475780E-03	-5.510477E+01
2.23037500000E+05	6.223586E-03	-7.302875E+01
2.24906250000E+05	4.673295E-03	-1.479948E+02
2.26775000000E+05	1.029638E-02	-4.722168E+01
2.28643750000E+05	8.591084E-03	-2.904786E+01
2.30512500000E+05	6.386573E-03	-4.263070E+01
2.32381250000E+05	1.016137E-02	-7.669283E+01
2.34250000000E+05	1.054019E-02	-4.467231E+01
2.36118750000E+05	1.024920E-02	-6.023801E+01
2.37987500000E+05	7.263137E-03	-6.635665E+01
2.39856250000E+05	4.104102E-03	-9.027984E+01
2.41725000000E+05	6.501691E-03	-6.818363E+01
2.43593750000E+05	9.459669E-03	-7.208752E+01
2.45462500000E+05	9.659964E-03	-8.335454E+01
2.47331250000E+05	1.205810E-02	-9.068184E+01
2.49200000000E+05	8.715837E-03	-3.780094E+01
2.51068750000E+05	1.226012E-02	-1.012656E+02
2.52937500000E+05	8.960668E-03	-9.632529E+01
2.54806250000E+05	9.229170E-03	-5.594328E+01
2.56675000000E+05	4.445052E-03	-6.027560E+01
2.58543750000E+05	1.101886E-02	-7.296981E+01
2.60412500000E+05	6.732319E-03	-9.560220E+01
2.62281250000E+05	9.128382E-03	-6.669664E+01
2.64150000000E+05	1.343513E-02	-6.993530E+01
2.66018750000E+05	8.805520E-03	-3.241425E+01
2.67887500000E+05	1.140374E-02	-5.931495E+01
2.69756250000E+05	1.454261E-02	-4.208191E+01
2.71625000000E+05	9.661177E-03	-1.025946E+02
2.73493750000E+05	7.114807E-03	-6.650744E+01
2.75362500000E+05	8.666904E-03	-8.985983E+01
2.77231250000E+05	9.602554E-03	-5.644580E+01
2.79100000000E+05	8.949019E-03	-4.019154E+01
2.80968750000E+05	1.418011E-02	-5.413877E+01
2.82837500000E+05	1.215151E-02	-4.028497E+01
2.84706250000E+05	9.405953E-03	-5.913882E+01
2.86575000000E+05	7.583692E-03	-9.914135E+01
2.88443750000E+05	8.464280E-03	-6.059227E+01
2.90312500000E+05	8.060764E-03	-6.258494E+01
2.92181250000E+05	1.509080E-02	-3.925411E+01
2.94050000000E+05	8.565236E-03	-7.529724E+01
2.95918750000E+05	7.737993E-03	-8.513976E+01
2.97787500000E+05	9.802967E-03	-5.374548E+01
2.99656250000E+05	7.938377E-03	-7.604916E+01
3.01525000000E+05	1.069051E-02	-7.526986E+01
3.03393750000E+05	8.159727E-03	-7.011690E+01
3.05262500000E+05	1.201888E-02	-3.196835E+01
3.07131250000E+05	1.251103E-02	-8.295830E+01
3.09000000000E+05	1.483825E-02	-7.661602E+01
3.10868750000E+05	1.317485E-02	-8.016279E+01
3.12737500000E+05	5.146675E-03	-7.733356E+01
3.14606250000E+05	1.629007E-02	-7.964783E+01
3.16475000000E+05	1.811979E-02	-4.944678E+01
3.18343750000E+05	7.358937E-03	-7.299908E+01
3.20212500000E+05	9.096531E-03	-9.361319E+01
3.22081250000E+05	9.053807E-03	-8.564820E+01
3.23950000000E+05	1.408005E-02	-8.576884E+01
3.25818750000E+05	1.693596E-02	-5.781136E+01
3.27687500000E+05	9.347127E-03	-6.006292E+01
3.29556250000E+05	1.186484E-02	-4.092749E+01
3.31425000000E+05	1.225709E-02	-7.387597E+01
3.33293750000E+05	1.189763E-02	-7.388837E+01
3.35162500000E+05	1.051560E-02	-4.411769E+01
3.37031250000E+05	1.009412E-02	-6.780069E+01
3.38900000000E+05	1.113940E-02	-7.141708E+01
3.40768750000E+05	1.006062E-02	-9.440827E+01
3.42637500000E+05	1.067331E-02	-7.460262E+01
3.44506250000E+05	1.624463E-02	-6.253664E+01
3.46375000000E+05	1.371532E-02	-1.006302E+02
3.48243750000E+05	1.026455E-02	-8.020278E+01
3.50112500000E+05	1.371101E-02	-6.472990E+01
3.51981250000E+05	1.359115E-02	-9.934025E+01
3.53850000000E+05	8.120413E-03	-1.024185E+02
3.55718750000E+05	1.780413E-02	-8.432298E+01
3.57587500000E+05	1.713052E-02	-6.202151E+01
3.59456250000E+05	1.437930E-02	-9.165694E+01
3.61325000000E+05	1.191058E-02	-8.125010E+01
3.63193750000E+05	1.609443E-02	-1.092169E+02
3.65062500000E+05	1.063650E-02	-5.824153E+01
3.66931250000E+05	1.028316E-02	-7.809946E+01
3.68800000000E+05	1.329594E-02	-7.430132E+01
3.70668750000E+05	9.288761E-03	-8.273862E+01
3.72537500000E+05	1.310101E-02	-9.121889E+01
3.74406250000E+05	1.386913E-02	-9.993256E+01
3.76275000000E+05	8.041135E-03	-8.900208E+01
3.78143750000E+05	9.262014E-03	-3.593494E+01
3.80012500000E+05	1.693584E-02	-7.936322E+01
3.81881250000E+05	1.520814E-02	-9.434919E+01
3.83750000000E+05	1.253817E-02	-7.243904E+01
3.85618750000E+05	8.377321E-03	-6.543703E+01
3.87487500000E+05	1.580903E-02	-7.469101E+01
3.89356250000E+05	1.748762E-02	-8.672237E+01
3.91225000000E+05	7.908307E-03	-9.633111E+01
3.93093750000E+05	1.535462E-02	-7.057899E+01
3.94962500000E+05	8.285416E-03	-9.623042E+01
3.96831250000E+05	1.396391E-02	-9.813076E+01
3.98700000000E+05	1.506523E-02	-7.789601E+01
4.00568750000E+05	1.105845E-02	-7.719833E+01
4.02437500000E+05	1.640233E-02	-8.002959E+01
4.04306250000E+05	1.877073E-02	-9.324667E+01
4.06175000000E+05	1.527981E-02	-8.571194E+01
4.08043750000E+05	1.590287E-02	-9.640099E+01
4.09912500000E+05	1.378343E-02	-6.178497E+01
4.11781250000E+05	1.812989E-02	-8.158924E+01
4.13650000000E+05	2.093678E-02	-9.520131E+01
4.15518750000E+05	1.607998E-02	-9.512431E+01
4.17387500000E+05	1.660876E-02	-6.802660E+01
4.19256250000E+05	1.830361E-02	-8.011256E+01
4.21125000000E+05	2.072478E-02	-8.102276E+01
4.22993750000E+05	1.637680E-02	-7.664606E+01
4.24862500000E+05	1.228049E-02	-7.847250E+01
4.26731250000E+05	1.637058E-02	-6.608912E+01
4.28600000000E+05	1.565187E-02	-6.983248E+01
4.30468750000E+05	1.128736E-02	-9.383342E+01
4.32337500000E+05	8.245463E-03	-9.355042E+01
4.34206250000E+05	9.711768E-03	-6.117590E+01
4.36075000000E+05	1.478406E-02	-8.951205E+01
4.37943750000E+05	1.385582E-02	-7.154337E+01
4.39812500000E+05	1.534006E-02	-8.671738E+01
4.41681250000E+05	1.659971E-02	-9.350741E+01
4.43550000000E+05	1.504538E-02	-9.005444E+01
4.45418750000E+05	1.549904E-02	-8.124337E+01
4.47287500000E+05	1.610467E-02	-7.977511E+01
4.49156250000E+05	1.686301E-02	-7.257806E+01
4.51025000000E+05	1.433229E-02	-7.088371E+01
4.52893750000E+05	1.982207E-02	-5.955062E+01
4.54762500000E+05	2.005148E-02	-8.138503E+01
4.56631250000E+05	1.827589E-02	-8.528805E+01
4.58500000000E+05	1.606078E-02	-7.094983E+01
4.60368750000E+05	1.234757E-02	-8.254678E+01
4.62237500000E+05	2.204410E-02	-8.953644E+01
4.64106250000E+05	1.804263E-02	-8.348838E+01
4.65975000000E+05	2.211560E-02	-7.944449E+01
4.67843750000E+05	1.441088E-02	-7.654649E+01
4.69712500000E+05	2.028014E-02	-8.241010E+01
4.71581250000E+05	2.098106E-02	-9.013076E+01
4.73450000000E+05	1.314222E-02	-9.223149E+01
4.75318750000E+05	1.599017E-02	-7.352444E+01
4.77187500000E+05	1.674947E-02	-7.330996E+01
4.79056250000E+05	1.686321E-02	-7.968775E+01
4.80925000000E+05	1.982614E-02	-8.364487E+01
4.82793750000E+05	1.600131E-02	-9.415813E+01
4.84662500000E+05	1.661506E-02	-7.121370E+01
4.86531250000E+05	1.973727E-02	-7.384890E+01
4.88400000000E+05	1.741936E-02	-8.555494E+01
4.90268750000E+05	1.737593E-02	-8.606399E+01
4.92137500000E+05	1.585871E-02	-9.962154E+01
4.94006250000E+05	2.397569E-02	-7.457243E+01
4.95875000000E+05	1.468608E-02	-8.255517E+01
4.97743750000E+05	1.573100E-02	-8.049516E+01
4.99612500000E+05	2.095891E-02	-8.414216E+01
5.01481250000E+05	2.254175E-02	-8.965205E+01
5.03350000000E+05	1.688205E-02	-7.932350E+01
5.05218750000E+05	1.806235E-02	-8.250247E+01
5.07087500000E+05	2.108026E-02	-8.337628E+01
5.08956250000E+05	2.048979E-02	-7.987644E+01
5.10825000000E+05	2.071216E-02	-7.224090E+01
5.12693750000E+05	1.894073E-02	-8.510002E+01
5.14562500000E+05	2.102565E-02	-8.847461E+01
5.16431250000E+05	1.610064E-02	-1.071468E+02
5.18300000000E+05	1.939446E-02	-8.756728E+01
5.20168750000E+05	2.034438E-02	-8.262550E+01
5.22037500000E+05	2.111059E-02	-8.206942E+01
5.23906250000E+05	1.886407E-02	-1.008448E+02
5.25775000000E+05	1.947690E-02	-8.499480E+01
5.27643750000E+05	2.252100E-02	-8.996603E+01
5.29512500000E+05	2.087611E-02	-1.037856E+02
5.31381250000E+05	2.391247E-02	-8.877892E+01
5.33250000000E+05	1.912104E-02	-7.968140E+01
5.35118750000E+05	1.677914E-02	-8.310804E+01
5.36987500000E+05	1.851259E-02	-8.891339E+01
5.38856250000E+05	2.049023E-02	-8.547467E+01
5.40725000000E+05	1.948662E-02	-8.894933E+01
5.42593750000E+05	2.048789E-02	-8.833831E+01
5.44462500000E+05	1.850645E-02	-7.985260E+01
5.46331250000E+05	2.137594E-02	-8.015829E+01
5.48200000000E+05	2.300670E-02	-8.379786E+01
5.50068750000E+05	1.693919E-02	-9.118700E+01
5.51937500000E+05	1.671071E-02	-8.388770E+01
5.53806250000E+05	1.873094E-02	-8.664048E+01
5.55675000000E+05	1.803680E-02	-7.237089E+01
5.57543750000E+05	1.629326E-02	-8.101794E+01
5.59412500000E+05	1.891317E-02	-8.374275E+01
5.61281250000E+05	1.996210E-02	-9.689740E+01
5.63150000000E+05	2.605935E-02	-9.113959E+01
5.65018750000E+05	2.206628E-02	-8.193127E+01
5.66887500000E+05	2.107016E-02	-8.346394E+01
5.68756250000E+05	2.175962E-02	-9.507402E+01
5.70625000000E+05	2.101282E-02	-8.201171E+01
5.72493750000E+05	1.678676E-02	-8.138465E+01
5.74362500000E+05	2.247413E-02	-7.347863E+01
5.76231250000E+05	2.062969E-02	-8.179875E+01
5.78100000000E+05	1.833549E-02	-8.269418E+01
5.79968750000E+05	2.062829E-02	-8.762734E+01
5.81837500000E+05	2.255596E-02	-7.622670E+01
5.83706250000E+05	2.154745E-02	-8.127499E+01
5.85575000000E+05	2.350326E-02	-8.024511E+01
5.87443750000E+05	2.100995E-02	-8.858035E+01
5.89312500000E+05	1.901559E-02	-8.381509E+01
5.91181250000E+05	2.369316E-02	-9.061842E+01
5.93050000000E+05	2.238917E-02	-8.437127E+01
5.94918750000E+05	2.020570E-02	-8.097192E+01
5.96787500000E+05	2.194553E-02	-9.093118E+01
5.98656250000E+05	2.071582E-02	-7.889096E+01
6.00525000000E+05	2.362481E-02	-8.234039E+01
6.02393750000E+05	2.121080E-02	-8.676344E+01
6.04262500000E+05	2.433518E-02	-8.340331E+01
6.06131250000E+05	2.520262E-02	-7.560659E+01
6.08000000000E+05	2.499824E-02	-1.014394E+02
6.09868750000E+05	2.020540E-02	-8.092448E+01
6.11737500000E+05	2.230156E-02	-9.515710E+01
6.13606250000E+05	2.116921E-02	-9.262379E+01
6.15475000000E+05	2.153588E-02	-8.363940E+01
6.17343750000E+05	2.399466E-02	-8.130347E+01
6.19212500000E+05	2.029914E-02	-8.069939E+01
6.21081250000E+05	2.198084E-02	-8.905158E+01
6.22950000000E+05	2.061400E-02	-7.982684E+01
6.24818750000E+05	2.482604E-02	-8.149568E+01
6.26687500000E+05	2.451438E-02	-8.539266E+01
6.28556250000E+05	2.255870E-02	-8.029283E+01
6.30425000000E+05	2.383357E-02	-8.612520E+01
6.32293750000E+05	2.038436E-02	-8.561538E+01
6.34162500000E+05	2.390273E-02	-8.565642E+01
6.36031250000E+05	2.438459E-02	-8.489884E+01
6.37900000000E+05	1.910918E-02	-9.578489E+01
6.39768750000E+05	2.074042E-02	-7.765854E+01
6.41637500000E+05	2.187087E-02	-8.878101E+01
6.43506250000E+05	2.364847E-02	-8.537654E+01
6.45375000000E+05	2.394501E-02	-8.666371E+01
6.47243750000E+05	2.354055E-02	-8.952238E+01
6.49112500000E+05	2.373466E-02	-9.290726E+01
6.50981250000E+05	2.002741E-02	-8.973019E+01
6.52850000000E+05	2.433805E-02	-8.164282E+01
6.54718750000E+05	2.239415E-02	-8.292619E+01
6.56587500000E+05	1.921351E-02	-8.582969E+01
6.58456250000E+05	2.408144E-02	-8.745475E+01
6.60325000000E+05	2.424390E-02	-8.237427E+01
6.62193750000E+05	2.341042E-02	-8.755972E+01
6.64062500000E+05	2.481004E-02	-8.363388E+01
6.65931250000E+05	2.389019E-02	-9.186361E+01
6.67800000000E+05	2.599373E-02	-7.908754E+01
6.69668750000E+05	2.712556E-02	-9.038480E+01
6.71537500000E+05	2.045334E-02	-9.874202E+01
6.73406250000E+05	2.587222E-02	-8.481164E+01
6.75275000000E+05	2.396715E-02	-9.040424E+01
6.77143750000E+05	2.303135E-02	-8.125551E+01
6.79012500000E+05	2.919897E-02	-8.124493E+01
6.80881250000E+05	2.485112E-02	-8.775252E+01
6.82750000000E+05	2.628558E-02	-7.603876E+01
6.84618750000E+05	2.418584E-02	-8.612215E+01
6.86487500000E+05	2.302524E-02	-9.193464E+01
6.88356250000E+05	2.378509E-02	-8.503378E+01
6.90225000000E+05	2.484556E-02	-8.480844E+01
6.92093750000E+05	2.354088E-02	-7.892960E+01
6.93962500000E+05	2.446960E-02	-9.180454E+01
6.95831250000E+05	2.589668E-02	-9.113211E+01
6.97700000000E+05	2.608062E-02	-8.588203E+01
6.99568750000E+05	3.091202E-02	-8.409026E+01
7.01437500000E+05	2.947629E-02	-8.374360E+01
7.03306250000E+05	2.742431E-02	-8.633502E+01
7.05175000000E+05	2.318487E-02	-8.450439E+01
7.07043750000E+05	2.562292E-02	-8.817852E+01
7.08912500000E+05	2.815667E-02	-8.711005E+01
7.10781250000E+05	2.577636E-02	-8.427493E+01
7.12650000000E+05	2.529191E-02	-8.281673E+01
7.14518750000E+05	2.427844E-02	-8.304472E+01
7.16387500000E+05	2.908501E-02	-8.269698E+01
7.18256250000E+05	2.944228E-02	-7.776501E+01
7.20125000000E+05	2.707904E-02	-8.814032E+01
7.21993750000E+05	2.598635E-02	-8.375242E+01
7.23862500000E+05	2.895683E-02	-8.228390E+01
7.25731250000E+05	2.573795E-02	-8.569916E+01
7.27600000000E+05	3.015620E-02	-8.742842E+01
7.29468750000E+05	2.596520E-02	-8.506894E+01
7.31337500000E+05	2.418883E-02	-9.048801E+01
7.33206250000E+05	2.333870E-02	-8.686646E+01
7.35075000000E+05	2.593184E-02	-9.148786E+01
7.36943750000E+05	2.481482E-02	-8.784127E+01
7.38812500000E+05	2.925562E-02	-9.239801E+01
7.40681250000E+05	2.754596E-02	-8.888177E+01
7.42550000000E+05	2.505205E-02	-9.015533E+01
7.44418750000E+05	2.503683E-02	-8.548251E+01
7.46287500000E+05	2.934158E-02	-8.533916E+01
7.48156250000E+05	2.646406E-02	-8.724244E+01
7.50025000000E+05	2.485679E-02	-8.672992E+01
7.51893750000E+05	2.704515E-02	-8.229825E+01
7.53762500000E+05	2.843539E-02	-8.549977E+01
7.55631250000E+05	2.838319E-02	-8.341899E+01
7.57500000000E+05	2.998019E-02	-8.759301E+01
7.59368750000E+05	3.017495E-02	-9.154707E+01
7.61237500000E+05	3.306406E-02	-8.792345E+01
7.63106250000E+05	2.532542E-02	-9.135300E+01
7.64975000000E+05	2.886517E-02	-9.315495E+01
7.66843750000E+05	3.076143E-02	-8.705096E+01
7.68712500000E+05	2.896146E-02	-9.287997E+01
7.70581250000E+05	2.556320E-02	-9.317121E+01
7.72450000000E+05	2.852441E-02	-8.751471E+01
7.74318750000E+05	2.965917E-02	-8.350523E+01
7.76187500000E+05	2.736335E-02	-8.513574E+01
7.78056250000E+05	2.947408E-02	-9.449260E+01
7.79925000000E+05	2.921660E-02	-9.508611E+01
7.81793750000E+05	2.756417E-02	-9.102910E+01
7.83662500000E+05	2.773266E-02	-8.912460E+01
7.85531250000E+05	2.907673E-02	-8.634967E+01
7.87400000000E+05	2.953885E-02	-9.215406E+01
7.89268750000E+05	2.737676E-02	-7.892189E+01
7.91137500000E+05	2.984731E-02	-8.674718E+01
7.93006250000E+05	3.101649E-02	-9.099589E+01
7.94875000000E+05	2.893769E-02	-9.214893E+01
7.96743750000E+05	3.094842E-02	-8.634402E+01
7.98612500000E+05	2.741127E-02	-9.186127E+01
8.00481250000E+05	2.934706E-02	-8.330416E+01
8.02350000000E+05	3.038686E-02	-8.603062E+01
8.04218750000E+05	2.881877E-02	-8.554759E+01
8.06087500000E+05	2.915349E-02	-9.458168E+01
8.07956250000E+05	2.705089E-02	-8.800169E+01
8.09825000000E+05	2.872293E-02	-8.593564E+01
8.11693750000E+05	2.883379E-02	-8.715816E+01
8.13562500000E+05	3.095929E-02	-9.120168E+01
8.15431250000E+05	2.787377E-02	-8.901151E+01
8.17300000000E+05	3.114435E-02	-9.162857E+01
8.19168750000E+05	2.761977E-02	-7.962691E+01
8.21037500000E+05	3.048333E-02	-8.770997E+01
8.22906250000E+05	3.298916E-02	-8.729998E+01
8.24775000000E+05	3.139922E-02	-8.675853E+01
8.26643750000E+05	3.521955E-02	-8.890589E+01
8.28512500000E+05	3.067475E-02	-8.921614E+01
8.30381250000E+05	3.330575E-02	-9.304671E+01
8.32250000000E+05	2.901309E-02	-9.563725E+01
8.34118750000E+05	2.826452E-02	-9.367837E+01
8.35987500000E+05	3.345072E-02	-9.086273E+01
8.37856250000E+05	3.133223E-02	-9.516822E+01
8.39725000000E+05	3.106589E-02	-8.753742E+01
8.41593750000E+05	2.899132E-02	-8.764798E+01
8.43462500000E+05	3.266605E-02	-8.962968E+01
8.45331250000E+05	3.060605E-02	-8.706593E+01
8.47200000000E+05	3.054322E-02	-8.501193E+01
8.49068750000E+05	3.087258E-02	-8.648995E+01
8.50937500000E+05	3.093874E-02	-9.017245E+01
8.52806250000E+05	3.090690E-02	-8.867455E+01
8.54675000000E+05	3.018939E-02	-8.487693E+01
8.56543750000E+05	3.034493E-02	-9.541350E+01
8.58412500000E+05	3.226474E-02	-8.946990E+01
8.60281250000E+05	3.127044E-02	-8.313304E+01
8.62150000000E+05	3.253476E-02	-8.939980E+01
8.64018750000E+05	3.108664E-02	-9.046407E+01
8.65887500000E+05	3.216223E-02	-8.987376E+01
8.67756250000E+05	3.492592E-02	-9.076324E+01
8.69625000000E+05	3.399724E-02	-8.547586E+01
8.71493750000E+05	3.044181E-02	-8.891006E+01
8.73362500000E+05	3.068795E-02	-8.989357E+01
8.75231250000E+05	3.183786E-02	-8.517768E+01
8.77100000000E+05	3.042794E-02	-8.656493E+01
8.78968750000E+05	3.016484E-02	-9.274254E+01
8.80837500000E+05	3.267582E-02	-9.187144E+01
8.82706250000E+05	2.984663E-02	-9.284983E+01
8.84575000000E+05	3.139832E-02	-8.985069E+01
8.86443750000E+05	3.226729E-02	-8.677470E+01
8.88312500000E+05	3.182863E-02	-8.777833E+01
8.90181250000E+05	3.241366E-02	-8.319972E+01
8.92050000000E+05	3.283135E-02	-8.478340E+01
8.93918750000E+05	3.709249E-02	-9.024072E+01
8.95787500000E+05	3.245083E-02	-9.180282E+01
8.97656250000E+05	2.999118E-02	-8.584331E+01
8.99525000000E+05	3.197125E-02	-9.103845E+01
9.01393750000E+05	3.508550E-02	-8.846011E+01
9.03262500000E+05	3.224629E-02	-8.856250E+01
9.05131250000E+05	3.455460E-02	-8.981487E+01
9.07000000000E+05	3.211318E-02	-9.526433E+01
9.08868750000E+05	3.144119E-02	-8.653461E+01
9.10737500000E+05	3.590612E-02	-8.581960E+01
9.12606250000E+05	3.427487E-02	-9.211778E+01
9.14475000000E+05	3.308895E-02	-9.306470E+01
9.16343750000E+05	3.286199E-02	-8.584310E+01
9.18212500000E+05	3.379130E-02	-8.508180E+01
9.20081250000E+05	3.429909E-02	-8.859135E+01
9.21950000000E+05	3.382424E-02	-8.844638E+01
9.23818750000E+05	3.328118E-02	-8.683208E+01
9.25687500000E+05	3.326767E-02	-9.050636E+01
9.27556250000E+05	3.222147E-02	-9.216356E+01
9.29425000000E+05	3.429819E-02	-8.758326E+01
9.31293750000E+05	3.662389E-02	-8.936922E+01
9.33162500000E+05	3.321167E-02	-9.574483E+01
9.35031250000E+05	3.655244E-02	-8.415466E+01
9.36900000000E+05	3.751520E-02	-9.082806E+01
9.38768750000E+05	3.554297E-02	-8.799664E+01
9.40637500000E+05	3.345828E-02	-8.807157E+01
9.42506250000E+05	3.338247E-02	-9.264467E+01
9.44375000000E+05	3.793949E-02	-8.503571E+01
9.46243750000E+05	3.483639E-02	-9.073526E+01
9.48112500000E+05	3.614911E-02	-8.813187E+01
9.49981250000E+05	3.510188E-02	-8.894789E+01
9.51850000000E+05	3.684455E-02	-8.926711E+01
9.53718750000E+05	3.402821E-02	-8.572688E+01
9.55587500000E+05	3.603753E-02	-8.905634E+01
9.57456250000E+05	3.754609E-02	-8.794540E+01
9.59325000000E+05	3.476463E-02	-8.873521E+01
9.61193750000E+05	3.487348E-02	-9.449525E+01
9.63062500000E+05	3.762754E-02	-9.180746E+01
9.64931250000E+05	3.682825E-02	-8.617924E+01
9.66800000000E+05	3.574113E-02	-8.680570E+01
9.68668750000E+05	3.351110E-02	-9.161060E+01
9.70537500000E+05	3.527148E-02	-8.837421E+01
9.72406250000E+05	3.777100E-02	-9.128567E+01
9.74275000000E+05	3.603379E-02	-8.375970E+01
9.76143750000E+05	3.371641E-02	-9.359119E+01
9.78012500000E+05	3.583272E-02	-8.721440E+01
9.79881250000E+05	3.563887E-02	-9.336118E+01
9.81750000000E+05	3.810277E-02	-9.197446E+01
9.83618750000E+05	3.838905E-02	-8.789007E+01
9.85487500000E+05	3.937807E-02	-8.744882E+01
9.87356250000E+05	3.709026E-02	-9.114901E+01
9.89225000000E+05	3.851794E-02	-8.823245E+01
9.91093750000E+05	3.905242E-02	-9.356487E+01
9.92962500000E+05	3.728165E-02	-8.584398E+01
9.94831250000E+05	3.843447E-02	-9.088177E+01
9.96700000000E+05	3.627962E-02	-8.885660E+01
9.98568750000E+05	3.622400E-02	-9.035391E+01
1.00043750000E+06	3.759464E-02	-8.632316E+01
1.00230625000E+06	3.694466E-02	-9.020506E+01
1.00417500000E+06	3.686716E-02	-8.908795E+01
1.00604375000E+06	3.864929E-02	-8.780445E+01
1.00791250000E+06	3.856331E-02	-9.098190E+01
1.00978125000E+06	3.715939E-02	-9.233146E+01
1.01165000000E+06	3.878111E-02	-9.216747E+01
1.01351875000E+06	4.122480E-02	-8.992377E+01
1.01538750000E+06	3.621960E-02	-9.200242E+01
1.01725625000E+06	3.820783E-02	-8.830428E+01
1.01912500000E+06	3.840867E-02	-8.928837E+01
1.02099375000E+06	3.849530E-02	-9.108047E+01
1.02286250000E+06	3.924015E-02	-8.993982E+01
1.02473125000E+06	3.897622E-02	-9.048203E+01
1.02660000000E+06	3.577075E-02	-9.157130E+01
1.02846875000E+06	3.903569E-02	-8.697887E+01
1.03033750000E+06	4.143375E-02	-8.944587E+01
1.03220625000E+06	3.699275E-02	-8.914498E+01
1.03407500000E+06	3.805615E-02	-8.786716E+01
1.03594375000E+06	4.274519E-02	-8.987757E+01
1.03781250000E+06	4.284579E-02	-8.675979E+01
1.03968125000E+06	3.966526E-02	-9.021230E+01
1.04155000000E+06	3.551029E-02	-8.814828E+01
1.04341875000E+06	3.909238E-02	-8.866812E+01
1.04528750000E+06	3.951050E-02	-8.946767E+01
1.04715625000E+06	3.926023E-02	-9.272396E+01
1.04902500000E+06	3.983676E-02	-9.091098E+01
1.05089375000E+06	3.984112E-02	-8.876969E+01
1.05276250000E+06	3.910848E-02	-8.612836E+01
1.05463125000E+06	4.252721E-02	-8.916489E+01
1.05650000000E+06	4.169132E-02	-9.192455E+01
1.05836875000E+06	3.886077E-02	-8.769714E+01
1.06023750000E+06	3.919121E-02	-9.212930E+01
1.06210625000E+06	3.955567E-02	-8.880202E+01
1.06397500000E+06	4.470108E-02	-8.619113E+01
1.06584375000E+06	4.137011E-02	-8.887142E+01
1.06771250000E+06	3.906539E-02	-9.201794E+01
1.06958125000E+06	4.117948E-02	-8.755350E+01
1.07145000000E+06	4.161339E-02	-9.156538E+01
1.07331875000E+06	4.325442E-02	-9.081589E+01
1.07518750000E+06	4.094448E-02	-9.100939E+01
1.07705625000E+06	4.113303E-02	-8.679322E+01
1.07892500000E+06	4.003877E-02	-9.168113E+01
1.08079375000E+06	4.263332E-02	-9.005920E+01
1.08266250000E+06	4.055139E-02	-8.945184E+01
1.08453125000E+06	4.068732E-02	-8.741610E+01
1.08640000000E+06	4.218571E-02	-8.813585E+01
1.08826875000E+06	4.242275E-02	-9.039365E+01
1.09013750000E+06	4.147620E-02	-8.949017E+01
1.09200625000E+06	4.140182E-02	-9.092629E+01
1.09387500000E+06	4.205545E-02	-8.866278E+01
1.09574375000E+06	4.174655E-02	-9.353949E+01
1.09761250000E+06	4.067584E-02	-9.044336E+01
1.09948125000E+06	4.177759E-02	-8.730890E+01
1.10135000000E+06	4.140590E-02	-9.247495E+01
1.10321875000E+06	4.294863E-02	-9.214091E+01
1.10508750000E+06	4.291613E-02	-8.911703E+01
1.10695625000E+06	4.290704E-02	-8.748135E+01
1.10882500000E+06	4.082959E-02	-8.888706E+01
1.11069375000E+06	4.244373E-02	-9.126896E+01
1.11256250000E+06	4.016321E-02	-9.052699E+01
1.11443125000E+06	4.352023E-02	-9.241151E+01
1.11630000000E+06	4.553301E-02	-8.932928E+01
1.11816875000E+06	3.979082E-02	-9.429520E+01
1.12003750000E+06	4.092377E-02	-8.808173E+01
1.12190625000E+06	4.165418E-02	-8.773116E+01
1.12377500000E+06	4.219520E-02	-8.935648E+01
1.12564375000E+06	4.487344E-02	-9.171667E+01
1.12751250000E+06	4.102587E-02	-8.773389E+01
1.12938125000E+06	3.854270E-02	-8.857661E+01
1.13125000000E+06	4.084848E-02	-9.081894E+01
1.13311875000E+06	4.190701E-02	-9.233695E+01
1.13498750000E+06	4.281033E-02	-9.346667E+01
1.13685625000E+06	4.415340E-02	-9.003455E+01
1.13872500000E+06	4.503239E-02	-9.063006E+01
1.14059375000E+06	4.262233E-02	-8.852613E+01
1.14246250000E+06	4.417082E-02	-9.052435E+01
1.14433125000E+06	4.455177E-02	-9.560525E+01
1.14620000000E+06	4.221182E-02	-8.902051E+01
1.14806875000E+06	4.064399E-02	-8.742522E+01
1.14993750000E+06	4.004604E-02	-8.961629E+01
1.15180625000E+06	4.150394E-02	-8.963665E+01
1.15367500000E+06	4.793126E-02	-9.087225E+01
1.15554375000E+06	4.443452E-02	-8.920074E+01
1.15741250000E+06	4.127265E-02	-9.006614E+01
1.15928125000E+06	4.580376E-02	-9.031775E+01
1.16115000000E+06	4.312747E-02	-8.995577E+01
1.16301875000E+06	4.476603E-02	-8.994552E+01
1.16488750000E+06	4.144718E-02	-8.912569E+01
1.16675625000E+06	4.790092E-02	-9.046799E+01
1.16862500000E+06	4.447309E-02	-9.325144E+01
1.17049375000E+06	4.440760E-02	-9.150238E+01
1.17236250000E+06	4.319063E-02	-8.998115E+01
1.17423125000E+06	4.582369E-02	-9.297482E+01
1.17610000000E+06	4.481996E-02	-9.245086E+01
1.17796875000E+06	4.484120E-02	-9.175932E+01
1.17983750000E+06	4.404242E-02	-9.168613E+01
1.18170625000E+06	4.648188E-02	-9.093723E+01
1.18357500000E+06	4.245536E-02	-8.857381E+01
1.18544375000E+06	4.484393E-02	-8.853341E+01
1.18731250000E+06	4.321540E-02	-8.797869E+01
1.18918125000E+06	4.743464E-02	-9.213298E+01
1.19105000000E+06	4.232648E-02	-9.532867E+01
1.19291875000E+06	4.433392E-02	-9.214320E+01
1.19478750000E+06	4.671111E-02	-8.702299E+01
1.19665625000E+06	4.707408E-02	-9.249503E+01
1.19852500000E+06	4.943179E-02	-8.897478E+01
1.20039375000E+06	4.421247E-02	-9.213628E+01
1.20226250000E+06	4.528035E-02	-8.713911E+01
1.20413125000E+06	4.772256E-02	-9.089693E+01
1.20600000000E+06	4.339007E-02	-8.805200E+01
1.20786875000E+06	4.800299E-02	-9.248876E+01
1.20973750000E+06	4.686870E-02	-9.234523E+01
1.21160625000E+06	4.896864E-02	-8.869073E+01
1.21347500000E+06	4.762057E-02	-9.363855E+01
1.21534375000E+06	4.438978E-02	-9.071526E+01
1.21721250000E+06	4.621751E-02	-9.541307E+01
1.21908125000E+06	4.336959E-02	-8.915804E+01
1.22095000000E+06	4.797969E-02	-9.078995E+01
1.22281875000E+06	4.607573E-02	-9.097004E+01
1.22468750000E+06	4.837205E-02	-9.125854E+01
1.22655625000E+06	5.050047E-02	-8.843474E+01
1.22842500000E+06	4.824160E-02	-9.290392E+01
1.23029375000E+06	4.790152E-02	-8.817529E+01
1.23216250000E+06	4.409398E-02	-9.076815E+01
1.23403125000E+06	4.807677E-02	-9.112181E+01
1.23590000000E+06	4.774525E-02	-9.367488E+01
1.23776875000E+06	4.570878E-02	-8.945149E+01
1.23963750000E+06	4.905684E-02	-8.926881E+01
1.24150625000E+06	4.827891E-02	-8.760191E+01
1.24337500000E+06	4.733023E-02	-9.323583E+01
1.24524375000E+06	4.853906E-02	-9.342513E+01
1.24711250000E+06	4.821408E-02	-8.846169E+01
1.24898125000E+06	4.772317E-02	-9.106414E+01
1.25085000000E+06	4.836756E-02	-9.022964E+01
1.25271875000E+06	4.621506E-02	-9.421993E+01
1.25458750000E+06	4.513557E-02	-9.043156E+01
1.25645625000E+06	5.131692E-02	-9.179137E+01
1.25832500000E+06	4.636043E-02	-9.010985E+01
1.26019375000E+06	4.979446E-02	-9.151253E+01
1.26206250000E+06	4.706447E-02	-8.857726E+01
1.26393125000E+06	4.702071E-02	-8.448526E+01
1.26580000000E+06	4.750655E-02	-9.013731E+01
1.26766875000E+06	4.449665E-02	-9.042300E+01
1.26953750000E+06	4.956704E-02	-8.940524E+01
1.27140625000E+06	4.871270E-02	-9.065164E+01
1.27327500000E+06	5.065183E-02	-9.428982E+01
1.27514375000E+06	4.948553E-02	-9.495825E+01
1.27701250000E+06	4.956081E-02	-9.072021E+01
1.27888125000E+06	4.866600E-02	-9.048328E+01
1.28075000000E+06	4.654308E-02	-8.959189E+01
1.28261875000E+06	4.884404E-02	-9.108789E+01
1.28448750000E+06	5.154261E-02	-9.394474E+01
1.28635625000E+06	4.736347E-02	-8.703732E+01
1.28822500000E+06	4.958888E-02	-9.182094E+01
1.29009375000E+06	5.057729E-02	-9.207724E+01
1.29196250000E+06	5.263510E-02	-8.931191E+01
1.29383125000E+06	4.889579E-02	-8.903989E+01
1.29570000000E+06	5.042743E-02	-8.964247E+01
1.29756875000E+06	4.950839E-02	-9.283800E+01
1.29943750000E+06	4.898978E-02	-8.970674E+01
1.30130625000E+06	5.281322E-02	-8.739024E+01
1.30317500000E+06	4.894764E-02	-9.432440E+01
1.30504375000E+06	4.916563E-02	-9.082429E+01
1.30691250000E+06	5.290133E-02	-9.155688E+01
1.30878125000E+06	5.180179E-02	-8.945788E+01
1.31065000000E+06	5.122353E-02	-8.976701E+01
1.31251875000E+06	5.403165E-02	-9.030175E+01
1.31438750000E+06	4.847555E-02	-9.026849E+01
1.31625625000E+06	5.410644E-02	-9.245724E+01
1.31812500000E+06	4.890650E-02	-9.113203E+01
1.31999375000E+06	5.159866E-02	-8.878687E+01
1.32186250000E+06	4.948321E-02	-9.353700E+01
1.32373125000E+06	5.330238E-02	-8.889409E+01
1.32560000000E+06	5.041764E-02	-9.250152E+01
1.32746875000E+06	5.044923E-02	-9.087514E+01
1.32933750000E+06	5.306067E-02	-8.887383E+01
1.33120625000E+06	5.293326E-02	-9.471459E+01
1.33307500000E+06	5.146844E-02	-9.202197E+01
1.33494375000E+06	5.203944E-02	-8.944369E+01
1.33681250000E+06	5.089566E-02	-8.829362E+01
1.33868125000E+06	5.341404E-02	-9.103144E+01
1.34055000000E+06	5.255468E-02	-8.966887E+01
1.34241875000E+06	5.241794E-02	-9.196607E+01
1.34428750000E+06	5.279481E-02	-9.110407E+01
1.34615625000E+06	5.401249E-02	-8.906347E+01
1.34802500000E+06	5.532506E-02	-8.868889E+01
1.34989375000E+06	5.165280E-02	-9.052108E+01
1.35176250000E+06	5.337812E-02	-9.384982E+01
1.35363125000E+06	5.204924E-02	-8.949790E+01
1.35550000000E+06	5.451492E-02	-9.087157E+01
1.35736875000E+06	5.487033E-02	-9.065197E+01
1.35923750000E+06	5.220857E-02	-9.232383E+01
1.36110625000E+06	5.247200E-02	-9.118503E+01
1.36297500000E+06	5.254242E-02	-9.363509E+01
1.36484375000E+06	5.307407E-02	-9.336335E+01
1.36671250000E+06	5.603946E-02	-9.024670E+01
1.36858125000E+06	4.948678E-02	-9.132843E+01
1.37045000000E+06	5.295587E-02	-9.294704E+01
1.37231875000E+06	5.603683E-02	-9.010837E+01
1.37418750000E+06	5.333004E-02	-8.973403E+01
1.37605625000E+06	5.383565E-02	-9.034412E+01
1.37792500000E+06	5.498981E-02	-8.783529E+01
1.37979375000E+06	5.492665E-02	-9.137594E+01
1.38166250000E+06	5.161350E-02	-8.820427E+01
1.38353125000E+06	5.258360E-02	-9.037096E+01
1.38540000000E+06	5.761513E-02	-9.062392E+01
1.38726875000E+06	5.334643E-02	-8.907172E+01
1.38913750000E+06	5.440994E-02	-9.094030E+01
1.39100625000E+06	5.806194E-02	-9.463970E+01
1.39287500000E+06	5.436745E-02	-9.287684E+01
1.39474375000E+06	5.326231E-02	-8.877879E+01
1.39661250000E+06	5.551350E-02	-9.346796E+01
1.39848125000E+06	5.540798E-02	-9.111713E+01
1.40035000000E+06	5.352779E-02	-8.599598E+01
1.40221875000E+06	5.510921E-02	-9.107446E+01
1.40408750000E+06	5.443567E-02	-9.086736E+01
1.40595625000E+06	5.648512E-02	-9.380416E+01
1.40782500000E+06	5.439732E-02	-8.979952E+01
1.40969375000E+06	5.780233E-02	-9.178008E+01
1.41156250000E+06	5.343867E-02	-9.144199E+01
1.41343125000E+06	5.429112E-02	-8.759582E+01
1.41530000000E+06	5.337105E-02	-8.986974E+01
1.41716875000E+06	5.306773E-02	-9.118523E+01
1.41903750000E+06	5.540633E-02	-8.977485E+01
1.42090625000E+06	5.644542E-02	-9.080441E+01
1.42277500000E+06	5.589759E-02	-9.255618E+01
1.42464375000E+06	5.575974E-02	-9.038314E+01
1.42651250000E+06	5.503202E-02	-9.154615E+01
1.42838125000E+06	5.542599E-02	-9.436382E+01
1.43025000000E+06	5.798903E-02	-9.013731E+01
1.43211875000E+06	5.574890E-02	-8.837054E+01
1.43398750000E+06	5.535633E-02	-9.358243E+01
1.43585625000E+06	5.542226E-02	-9.340292E+01
1.43772500000E+06	5.760046E-02	-9.065733E+01
1.43959375000E+06	5.566179E-02	-8.794751E+01
1.44146250000E+06	5.635040E-02	-9.009583E+01
1.44333125000E+06	5.662750E-02	-8.920451E+01
1.44520000000E+06	5.567586E-02	-9.205751E+01
1.44706875000E+06	5.511197E-02	-9.465916E+01
1.44893750000E+06	5.615262E-02	-9.242864E+01
1.45080625000E+06	5.922297E-02	-9.063774E+01
1.45267500000E+06	5.741736E-02	-9.287295E+01
1.45454375000E+06	5.759496E-02	-9.160564E+01
1.45641250000E+06	6.075775E-02	-9.226810E+01
1.45828125000E+06	5.417874E-02	-8.717841E+01
1.46015000000E+06	5.836325E-02	-9.240448E+01
1.46201875000E+06	5.928714E-02	-9.000668E+01
1.46388750000E+06	5.737876E-02	-9.212103E+01
1.46575625000E+06	5.776607E-02	-9.331802E+01
1.46762500000E+06	5.418586E-02	-9.463385E+01
1.46949375000E+06	5.547266E-02	-8.993703E+01
1.47136250000E+06	5.790307E-02	-9.406011E+01
1.47323125000E+06	5.753299E-02	-9.287251E+01
1.47510000000E+06	5.891912E-02	-9.216386E+01
1.47696875000E+06	5.873711E-02	-9.073332E+01
1.47883750000E+06	5.929396E-02	-9.539221E+01
1.48070625000E+06	5.915620E-02	-9.079807E+01
1.48257500000E+06	5.906557E-02	-9.503049E+01
1.48444375000E+06	5.794897E-02	-9.071105E+01
1.48631250000E+06	6.185923E-02	-9.614826E+01
1.48818125000E+06	5.787856E-02	-9.156498E+01
1.49005000000E+06	5.842866E-02	-9.202821E+01
1.49191875000E+06	5.948720E-02	-9.282162E+01
1.49378750000E+06	5.965168E-02	-9.207969E+01
1.49565625000E+06	6.195132E-02	-9.328548E+01
1.49752500000E+06	5.958144E-02	-8.911448E+01
1.49939375000E+06	5.705604E-02	-9.191390E+01
1.50126250000E+06	6.135468E-02	-9.218628E+01
1.50313125000E+06	6.134057E-02	-8.828262E+01
1.50500000000E+06	5.835954E-02	-9.335716E+01
1.50686875000E+06	5.518397E-02	-9.150206E+01
1.50873750000E+06	5.966681E-02	-9.084782E+01
1.51060625000E+06	5.984715E-02	-9.334390E+01
1.51247500000E+06	6.027420E-02	-9.309917E+01
1.51434375000E+06	6.202168E-02	-9.220855E+01
1.51621250000E+06	5.877225E-02	-8.997031E+01
1.51808125000E+06	5.713565E-02	-9.306705E+01
1.51995000000E+06	6.088813E-02	-8.954413E+01
1.52181875000E+06	6.018350E-02	-9.333286E+01
1.52368750000E+06	5.581410E-02	-8.939696E+01
1.52555625000E+06	6.259630E-02	-9.176311E+01
1.52742500000E+06	5.984049E-02	-9.135509E+01
1.52929375000E+06	6.034853E-02	-8.917050E+01
1.53116250000E+06	6.180457E-02	-9.098349E+01
1.53303125000E+06	6.140862E-02	-8.947622E+01
1.53490000000E+06	5.875227E-02	-9.257802E+01
1.53676875000E+06	6.048683E-02	-9.394669E+01
1.53863750000E+06	6.042546E-02	-8.918555E+01
1.54050625000E+06	6.092925E-02	-9.254900E+01
1.54237500000E+06	6.042720E-02	-8.788928E+01
1.54424375000E+06	6.080011E-02	-9.134595E+01
1.54611250000E+06	5.558007E-02	-8.917661E+01
1.54798125000E+06	6.144546E-02	-9.050135E+01
1.54985000000E+06	6.369952E-02	-8.690857E+01
1.55171875000E+06	6.220603E-02	-9.048975E+01
1.55358750000E+06	6.419440E-02	-9.060134E+01
1.55545625000E+06	6.432659E-02	-9.140209E+01
1.55732500000E+06	6.138849E-02	-8.866792E+01
1.55919375000E+06	6.104963E-02	-9.326247E+01
1.56106250000E+06	6.549848E-02	-9.164661E+01
1.56293125000E+06	6.370464E-02	-9.189790E+01
1.56480000000E+06	6.135273E-02	-9.087876E+01
1.56666875000E+06	6.166419E-02	-9.244390E+01
1.56853750000E+06	6.178279E-02	-8.853463E+01
1.57040625000E+06	6.323164E-02	-9.053599E+01
1.57227500000E+06	6.237298E-02	-9.045761E+01
1.57414375000E+06	6.059144E-02	-9.334326E+01
1.57601250000E+06	6.120432E-02	-9.017670E+01
1.57788125000E+06	6.213776E-02	-9.177934E+01
1.57975000000E+06	6.407426E-02	-8.888973E+01
1.58161875000E+06	6.317616E-02	-9.050562E+01
1.58348750000E+06	6.358900E-02	-9.025172E+01
1.58535625000E+06	6.174663E-02	-8.969772E+01
1.58722500000E+06	6.014083E-02	-9.197900E+01
1.58909375000E+06	6.444690E-02	-9.001886E+01
1.59096250000E+06	6.011141E-02	-9.228811E+01
1.59283125000E+06	6.357859E-02	-8.813568E+01
1.59470000000E+06	6.375533E-02	-9.350708E+01
1.59656875000E+06	6.580210E-02	-9.122662E+01
1.59843750000E+06	6.615490E-02	-9.152534E+01
1.60030625000E+06	6.229882E-02	-9.145516E+01
1.60217500000E+06	6.398128E-02	-9.215903E+01
1.60404375000E+06	6.135680E-02	-9.044598E+01
1.60591250000E+06	6.466333E-02	-8.990897E+01
1.60778125000E+06	6.312832E-02	-9.034361E+01
1.60965000000E+06	6.480248E-02	-9.067883E+01
1.61151875000E+06	6.424585E-02	-9.123180E+01
1.61338750000E+06	6.654885E-02	-8.784860E+01
1.61525625000E+06	6.494586E-02	-9.207156E+01
1.61712500000E+06	6.372592E-02	-8.996656E+01
1.61899375000E+06	6.288806E-02	-9.081937E+01
1.62086250000E+06	6.481242E-02	-9.069260E+01
1.62273125000E+06	6.736906E-02	-8.967632E+01
1.62460000000E+06	6.233282E-02	-9.062917E+01
1.62646875000E+06	6.361226E-02	-8.874889E+01
1.62833750000E+06	6.808322E-02	-9.268604E+01
1.63020625000E+06	6.795112E-02	-9.179254E+01
1.63207500000E+06	6.168365E-02	-9.312221E+01
1.63394375000E+06	6.420211E-02	-9.112447E+01
1.63581250000E+06	6.197049E-02	-9.321428E+01
1.63768125000E+06	6.495238E-02	-9.461655E+01
1.63955000000E+06	6.463206E-02	-9.027658E+01
1.64141875000E+06	6.375239E-02	-9.271459E+01
1.64328750000E+06	6.483363E-02	-9.077598E+01
1.64515625000E+06	6.571853E-02	-9.116457E+01
1.64702500000E+06	6.749317E-02	-8.991236E+01
1.64889375000E+06	6.519679E-02	-9.334821E+01
1.65076250000E+06	6.586086E-02	-9.116527E+01
1.65263125000E+06	6.349590E-02	-9.024823E+01
1.65450000000E+06	6.563258E-02	-9.211012E+01
1.65636875000E+06	6.665286E-02	-9.030611E+01
1.65823750000E+06	6.707852E-02	-9.189449E+01
1.66010625000E+06	6.879902E-02	-8.998911E+01
1.66197500000E+06	6.988667E-02	-8.977661E+01
1.66384375000E+06	6.502789E-02	-9.140172E+01
1.66571250000E+06	6.964809E-02	-9.117178E+01
1.66758125000E+06	6.841668E-02	-9.271205E+01
1.66945000000E+06	6.557339E-02	-9.152305E+01
1.67131875000E+06	6.493911E-02	-9.170294E+01
1.67318750000E+06	6.348334E-02	-9.094170E+01
1.67505625000E+06	6.851766E-02	-8.906579E+01
1.67692500000E+06	7.003943E-02	-9.093518E+01
1.67879375000E+06	6.872683E-02	-9.056882E+01
1.68066250000E+06	6.715364E-02	-9.088163E+01
1.68253125000E+06	6.823566E-02	-9.138420E+01
1.68440000000E+06	6.773870E-02	-9.079540E+01
1.68626875000E+06	6.856371E-02	-8.871067E+01
1.68813750000E+06	6.967553E-02	-9.194396E+01
1.69000625000E+06	7.044955E-02	-9.234035E+01
1.69187500000E+06	6.824548E-02	-9.130514E+01
1.69374375000E+06	6.905218E-02	-9.063927E+01
1.69561250000E+06	6.814459E-02	-9.207597E+01
1.69748125000E+06	6.816470E-02	-9.123109E+01
1.69935000000E+06	7.007165E-02	-9.032593E+01
1.70121875000E+06	6.863973E-02	-9.145972E+01
1.70308750000E+06	7.098778E-02	-9.057323E+01
1.70495625000E+06	7.228409E-02	-8.984443E+01
1.70682500000E+06	6.917958E-02	-9.201437E+01
1.70869375000E+06	7.164405E-02	-9.235030E+01
1.71056250000E+06	7.115895E-02	-9.112173E+01
1.71243125000E+06	6.878386E-02	-9.027541E+01
1.71430000000E+06	7.165002E-02	-9.235600E+01
1.71616875000E+06	7.015806E-02	-9.055640E+01
1.71803750000E+06	6.847306E-02	-9.303413E+01
1.71990625000E+06	6.897382E-02	-9.097372E+01
1.72177500000E+06	7.175271E-02	-9.253246E+01
1.72364375000E+06	7.257936E-02	-8.686981E+01
1.72551250000E+06	6.986123E-02	-9.159311E+01
1.72738125000E+06	7.063721E-02	-9.036695E+01
1.72925000000E+06	7.021394E-02	-9.086884E+01
1.73111875000E+06	7.240757E-02	-8.941418E+01
1.73298750000E+06	7.271553E-02	-8.975716E+01
1.73485625000E+06	7.349841E-02	-8.862924E+01
1.73672500000E+06	7.544041E-02	-9.197516E+01
1.73859375000E+06	7.285905E-02	-8.999367E+01
1.74046250000E+06	7.177324E-02	-9.137368E+01
1.74233125000E+06	7.300530E-02	-8.973470E+01
1.74420000000E+06	7.391266E-02	-9.122987E+01
1.74606875000E+06	7.309914E-02	-9.276762E+01
1.74793750000E+06	7.322507E-02	-9.146844E+01
1.74980625000E+06	7.171638E-02	-9.044158E+01
1.75167500000E+06	7.263824E-02	-9.125321E+01
1.75354375000E+06	7.210730E-02	-9.074952E+01
1.75541250000E+06	7.378542E-02	-9.305743E+01
1.75728125000E+06	7.368221E-02	-9.137490E+01
1.75915000000E+06	7.464713E-02	-8.961037E+01
1.76101875000E+06	7.374608E-02	-9.577457E+01
1.76288750000E+06	7.541673E-02	-9.076350E+01
1.76475625000E+06	7.396858E-02	-8.990244E+01
1.76662500000E+06	7.558122E-02	-9.130045E+01
1.76849375000E+06	7.340067E-02	-9.293143E+01
1.77036250000E+06	7.708675E-02	-9.157213E+01
1.77223125000E+06	7.248061E-02	-9.209127E+01
1.77410000000E+06	7.488599E-02	-9.150762E+01
1.77596875000E+06	7.345316E-02	-9.336127E+01
1.77783750000E+06	7.630733E-02	-9.373752E+01
1.77970625000E+06	7.736541E-02	-9.379453E+01
1.78157500000E+06	7.702626E-02	-9.305453E+01
1.78344375000E+06	7.221765E-02	-9.235583E+01
1.78531250000E+06	7.385149E-02	-9.251499E+01
1.78718125000E+06	7.551379E-02	-9.605514E+01
1.78905000000E+06	7.737689E-02	-9.437172E+01
1.79091875000E+06	7.485259E-02	-9.332149E+01
1.79278750000E+06	7.957959E-02	-9.212066E+01
1.79465625000E+06	7.534032E-02	-9.213259E+01
1.79652500000E+06	7.467531E-02	-9.456883E+01
1.79839375000E+06	7.839336E-02	-9.178968E+01
1.80026250000E+06	7.775663E-02	-9.291640E+01
1.80213125000E+06	7.481729E-02	-9.204642E+01
1.80400000000E+06	7.506607E-02	-9.387032E+01
1.80586875000E+06	7.778516E-02	-9.513087E+01
1.80773750000E+06	7.947186E-02	-9.496861E+01
1.80960625000E+06	7.931092E-02	-9.460902E+01
1.81147500000E+06	7.646672E-02	-9.439754E+01
1.81334375000E+06	7.945918E-02	-9.401437E+01
1.81521250000E+06	7.716868E-02	-9.502461E+01
1.81708125000E+06	7.660257E-02	-9.538439E+01
1.81895000000E+06	7.527927E-02	-9.423931E+01
1.82081875000E+06	7.762253E-02	-9.446422E+01
1.82268750000E+06	7.463295E-02	-9.260477E+01
1.82455625000E+06	7.642880E-02	-9.466188E+01
1.82642500000E+06	7.837042E-02	-9.702343E+01
1.82829375000E+06	7.662739E-02	-9.248370E+01
1.83016250000E+06	7.445996E-02	-9.411895E+01
1.83203125000E+06	7.979551E-02	-9.437190E+01
1.83390000000E+06	7.389843E-02	-9.524420E+01
1.83576875000E+06	7.562170E-02	-9.263210E+01
1.83763750000E+06	7.583161E-02	-9.286295E+01
1.83950625000E+06	7.836232E-02	-9.291260E+01
1.84137500000E+06	7.741386E-02	-9.305949E+01
1.84324375000E+06	7.840884E-02	-9.224223E+01
1.84511250000E+06	7.690039E-02	-9.337423E+01
1.84698125000E+06	7.375874E-02	-9.190092E+01
1.84885000000E+06	7.588430E-02	-9.517395E+01
1.85071875000E+06	7.679477E-02	-9.347177E+01
1.85258750000E+06	7.264201E-02	-9.196917E+01
1.85445625000E+06	7.886305E-02	-9.161816E+01
1.85632500000E+06	7.854692E-02	-9.327979E+01
1.85819375000E+06	7.639373E-02	-9.503030E+01
1.86006250000E+06	7.933276E-02	-9.218507E+01
1.86193125000E+06	7.698417E-02	-9.215496E+01
1.86380000000E+06	7.406822E-02	-9.362543E+01
1.86566875000E+06	7.972986E-02	-9.543857E+01
1.86753750000E+06	7.528985E-02	-9.414577E+01
1.86940625000E+06	8.150075E-02	-9.234554E+01
1.87127500000E+06	7.768910E-02	-9.499937E+01
1.87314375000E+06	7.806460E-02	-9.295061E+01
1.87501250000E+06	7.881382E-02	-9.451987E+01
1.87688125000E+06	7.724517E-02	-9.515502E+01
1.87875000000E+06	7.979634E-02	-9.431425E+01
1.88061875000E+06	7.769297E-02	-9.240759E+01
1.88248750000E+06	7.513522E-02	-9.262323E+01
1.88435625000E+06	7.723726E-02	-9.407394E+01
1.88622500000E+06	7.672057E-02	-9.500320E+01
1.88809375000E+06	7.749918E-02	-9.346674E+01
1.88996250000E+06	7.845717E-02	-9.157685E+01
1.89183125000E+06	7.637427E-02	-9.485439E+01
1.89370000000E+06	7.616168E-02	-9.333867E+01
1.89556875000E+06	7.601488E-02	-9.319772E+01
1.89743750000E+06	7.341429E-02	-9.228602E+01
1.89930625000E+06	7.719774E-02	-9.171007E+01
1.90117500000E+06	8.083809E-02	-9.529153E+01
1.90304375000E+06	7.616966E-02	-9.391294E+01
1.90491250000E+06	7.960034E-02	-9.219636E+01
1.90678125000E+06	7.983571E-02	-9.278613E+01
1.90865000000E+06	7.777013E-02	-9.459726E+01
1.91051875000E+06	7.876367E-02	-9.205225E+01
1.91238750000E+06	8.160201E-02	-9.269376E+01
1.91425625000E+06	7.667173E-02	-9.367474E+01
1.91612500000E+06	7.911696E-02	-9.500585E+01
1.91799375000E+06	7.915794E-02	-9.486411E+01
1.91986250000E+06	7.775794E-02	-9.437950E+01
1.92173125000E+06	7.990041E-02	-9.272054E+01
1.92360000000E+06	8.309802E-02	-9.427559E+01
1.92546875000E+06	8.022802E-02	-9.374600E+01
1.92733750000E+06	8.043335E-02	-9.554470E+01
1.92920625000E+06	7.871316E-02	-9.489093E+01
1.93107500000E+06	8.018772E-02	-9.359589E+01
1.93294375000E+06	8.101411E-02	-9.141174E+01
1.93481250000E+06	8.243529E-02	-9.138690E+01
1.93668125000E+06	7.989293E-02	-9.423311E+01
1.93855000000E+06	7.967478E-02	-9.097397E+01
1.94041875000E+06	7.950932E-02	-9.208615E+01
1.94228750000E+06	7.981977E-02	-9.417745E+01
1.94415625000E+06	8.078292E-02	-9.425404E+01
1.94602500000E+06	7.905366E-02	-9.155788E+01
1.94789375000E+06	8.249667E-02	-9.448332E+01
1.94976250000E+06	7.921317E-02	-9.457112E+01
1.95163125000E+06	8.289074E-02	-9.432578E+01
1.95350000000E+06	8.083310E-02	-9.242126E+01
1.95536875000E+06	8.009766E-02	-9.256319E+01
1.95723750000E+06	8.073530E-02	-9.318565E+01
1.95910625000E+06	7.990801E-02	-9.454284E+01
1.96097500000E+06	8.157946E-02	-9.464172E+01
1.96284375000E+06	8.059108E-02	-9.405507E+01
1.96471250000E+06	8.234346E-02	-9.406749E+01
1.96658125000E+06	8.286002E-02	-9.306011E+01
1.96845000000E+06	8.216715E-02	-9.493103E+01
1.97031875000E+06	8.220619E-02	-9.206638E+01
1.97218750000E+06	8.226868E-02	-9.352503E+01
1.97405625000E+06	8.235218E-02	-9.250332E+01
1.97592500000E+06	8.120036E-02	-9.382915E+01
1.97779375000E+06	8.246586E-02	-9.415022E+01
1.97966250000E+06	8.365356E-02	-9.322914E+01
1.98153125000E+06	8.296214E-02	-9.258148E+01
1.98340000000E+06	8.217525E-02	-9.489516E+01
1.98526875000E+06	8.387440E-02	-9.234671E+01
1.98713750000E+06	8.555461E-02	-9.403596E+01
1.98900625000E+06	8.279088E-02	-9.407305E+01
1.99087500000E+06	8.259878E-02	-9.306537E+01
1.99274375000E+06	8.544686E-02	-9.315338E+01
1.99461250000E+06	8.589970E-02	-9.230624E+01
1.99648125000E+06	8.185071E-02	-9.341068E+01
1.99835000000E+06	8.175736E-02	-9.233116E+01
2.00021875000E+06	8.272231E-02	-9.243079E+01
2.00208750000E+06	8.134462E-02	-9.314238E+01
2.00395625000E+06	8.443940E-02	-9.437111E+01
2.00582500000E+06	8.509420E-02	-9.369345E+01
2.00769375000E+06	8.592140E-02	-9.286858E+01
2.00956250000E+06	8.221605E-02	-9.229425E+01
2.01143125000E+06	8.392974E-02	-9.489685E+01
2.01330000000E+06	8.575661E-02	-9.453746E+01
2.01516875000E+06	8.346903E-02	-9.450730E+01
2.01703750000E+06	8.571946E-02	-9.273633E+01
2.01890625000E+06	8.617843E-02	-9.540124E+01
2.02077500000E+06	8.264308E-02	-9.300623E+01
2.02264375000E+06	8.460918E-02	-9.418603E+01
2.02451250000E+06	8.271948E-02	-9.699086E+01
2.02638125000E+06	8.723456E-02	-9.060548E+01
2.02825000000E+06	8.398494E-02	-9.390385E+01
2.03011875000E+06	8.848847E-02	-9.378617E+01
2.03198750000E+06	8.688644E-02	-9.469798E+01
2.03385625000E+06	8.604533E-02	-9.419834E+01
2.03572500000E+06	8.184507E-02	-9.191943E+01
2.03759375000E+06	8.332846E-02	-9.308949E+01
2.03946250000E+06	8.526682E-02	-9.542158E+01
2.04133125000E+06	8.584537E-02	-9.349824E+01
2.04320000000E+06	8.643559E-02	-9.340840E+01
2.04506875000E+06	8.427396E-02	-9.377508E+01
2.04693750000E+06	8.651120E-02	-9.271094E+01
2.04880625000E+06	8.220486E-02	-9.349001E+01
2.05067500000E+06	8.517883E-02	-9.034797E+01
2.05254375000E+06	8.504786E-02	-9.426778E+01
2.05441250000E+06	8.540504E-02	-9.202493E+01
2.05628125000E+06	9.023491E-02	-9.400045E+01
2.05815000000E+06	8.767024E-02	-9.559326E+01
2.06001875000E+06	8.820468E-02	-9.205174E+01
2.06188750000E+06	8.666672E-02	-9.464762E+01
2.06375625000E+06	8.579870E-02	-9.162699E+01
2.06562500000E+06	8.454704E-02	-9.287482E+01
2.06749375000E+06	8.579779E-02	-9.517282E+01
2.06936250000E+06	8.594916E-02	-9.467603E+01
2.07123125000E+06	8.601554E-02	-9.163331E+01
2.07310000000E+06	8.705172E-02	-9.297440E+01
2.07496875000E+06	8.905031E-02	-9.264355E+01
2.07683750000E+06	8.787353E-02	-9.484355E+01
2.07870625000E+06	8.794135E-02	-9.496424E+01
2.08057500000E+06	8.765178E-02	-9.484196E+01
2.08244375000E+06	8.489705E-02	-9.451891E+01
2.08431250000E+06	8.650626E-02	-9.147991E+01
2.08618125000E+06	8.648759E-02	-9.409863E+01
2.08805000000E+06	8.788873E-02	-9.392599E+01
2.08991875000E+06	8.928666E-02	-9.636389E+01
2.09178750000E+06	8.599909E-02	-9.250140E+01
2.09365625000E+06	8.991073E-02	-9.433453E+01
2.09552500000E+06	8.919703E-02	-9.359670E+01
2.09739375000E+06	8.770639E-02	-9.560837E+01
2.09926250000E+06	8.773121E-02	-9.420773E+01
2.10113125000E+06	8.859860E-02	-9.386909E+01
2.10300000000E+06	8.828972E-02	-9.320686E+01
2.10486875000E+06	8.966657E-02	-9.040462E+01
2.10673750000E+06	8.678791E-02	-9.293292E+01
2.10860625000E+06	8.870374E-02	-9.306206E+01
2.11047500000E+06	9.035039E-02	-9.377168E+01
2.11234375000E+06	9.033609E-02	-9.282536E+01
2.11421250000E+06	9.109124E-02	-9.321940E+01
2.11608125000E+06	9.051639E-02	-9.300838E+01
2.11795000000E+06	8.703589E-02	-9.251373E+01
2.11981875000E+06	9.225734E-02	-9.299555E+01
2.12168750000E+06	9.048623E-02	-9.314235E+01
2.12355625000E+06	9.182616E-02	-9.259776E+01
2.12542500000E+06	8.815176E-02	-9.439680E+01
2.12729375000E+06	9.063663E-02	-9.286005E+01
2.12916250000E+06	9.370742E-02	-9.232867E+01
2.13103125000E+06	8.908702E-02	-9.394549E+01
2.13290000000E+06	8.990723E-02	-9.362508E+01
2.13476875000E+06	9.151133E-02	-9.203190E+01
2.13663750000E+06	9.018238E-02	-9.407056E+01
2.13850625000E+06	9.020389E-02	-9.421814E+01
2.14037500000E+06	8.996814E-02	-9.391573E+01
2.14224375000E+06	8.892532E-02	-9.423412E+01
2.14411250000E+06	8.810680E-02	-9.212536E+01
2.14598125000E+06	9.167977E-02	-9.211412E+01
2.14785000000E+06	9.123208E-02	-9.261101E+01
2.14971875000E+06	9.075160E-02	-9.366499E+01
2.15158750000E+06	8.987519E-02	-9.223269E+01
2.15345625000E+06	9.316358E-02	-9.253085E+01
2.15532500000E+06	9.433846E-02	-9.492172E+01
2.15719375000E+06	9.142137E-02	-9.389789E+01
2.15906250000E+06	9.237946E-02	-9.463567E+01
2.16093125000E+06	9.309027E-02	-9.579865E+01
2.16280000000E+06	8.891930E-02	-9.302409E+01
2.16466875000E+06	9.006207E-02	-9.297751E+01
2.16653750000E+06	9.079643E-02	-9.113535E+01
2.16840625000E+06	9.211522E-02	-9.353197E+01
2.17027500000E+06	9.219316E-02	-9.301571E+01
2.17214375000E+06	9.045438E-02	-9.665433E+01
2.17401250000E+06	9.286600E-02	-9.499603E+01
2.17588125000E+06	9.254558E-02	-9.336933E+01
2.17775000000E+06	9.086311E-02	-9.374615E+01
2.17961875000E+06	9.355659E-02	-9.594540E+01
2.18148750000E+06	9.322171E-02	-9.386488E+01
2.18335625000E+06	9.585123E-02	-9.335668E+01
2.18522500000E+06	9.273359E-02	-9.260333E+01
2.18709375000E+06	9.125803E-02	-9.580413E+01
2.18896250000E+06	9.226328E-02	-9.314770E+01
2.19083125000E+06	9.364978E-02	-9.248087E+01
2.19270000000E+06	9.084389E-02	-9.318207E+01
2.19456875000E+06	9.129298E-02	-9.409334E+01
2.19643750000E+06	9.281109E-02	-9.505107E+01
2.19830625000E+06	9.367389E-02	-9.232583E+01
2.20017500000E+06	9.541236E-02	-9.397795E+01
2.20204375000E+06	9.360592E-02	-9.270726E+01
2.20391250000E+06	9.404803E-02	-9.190021E+01
2.20578125000E+06	9.519100E-02	-9.447369E+01
2.20765000000E+06	9.512163E-02	-9.531739E+01
2.20951875000E+06	9.492743E-02	-9.489921E+01
2.21138750000E+06	9.403259E-02	-9.445205E+01
2.21325625000E+06	9.427250E-02	-9.443130E+01
2.21512500000E+06	9.544219E-02	-9.429964E+01
2.21699375000E+06	9.554484E-02	-9.270037E+01
2.21886250000E+06	9.319745E-02	-9.364627E+01
2.22073125000E+06	9.521347E-02	-9.486058E+01
2.22260000000E+06	9.450311E-02	-9.315023E+01
2.22446875000E+06	9.336114E-02	-9.440404E+01
2.22633750000E+06	9.382471E-02	-9.488203E+01
2.22820625000E+06	9.298516E-02	-9.525395E+01
2.23007500000E+06	9.771581E-02	-9.329608E+01
2.23194375000E+06	9.549240E-02	-9.400175E+01
2.23381250000E+06	9.546953E-02	-9.455914E+01
2.23568125000E+06	9.338708E-02	-9.447715E+01
2.23755000000E+06	9.550904E-02	-9.319818E+01
2.23941875000E+06	9.318218E-02	-9.417853E+01
2.24128750000E+06	9.679123E-02	-9.527747E+01
2.24315625000E+06	9.515809E-02	-9.248240E+01
2.24502500000E+06	9.736222E-02	-9.276379E+01
2.24689375000E+06	9.818774E-02	-9.440746E+01
2.24876250000E+06	9.724587E-02	-9.279903E+01
2.25063125000E+06	9.670621E-02	-9.336777E+01
2.25250000000E+06	9.542873E-02	-9.308157E+01
2.25436875000E+06	9.819163E-02	-9.547066E+01
2.25623750000E+06	9.642638E-02	-9.479482E+01
2.25810625000E+06	9.840764E-02	-9.404980E+01
2.25997500000E+06	9.679218E-02	-9.594893E+01
2.26184375000E+06	9.767821E-02	-9.298382E+01
2.26371250000E+06	9.923922E-02	-9.413272E+01
2.26558125000E+06	1.012897E-01	-9.636757E+01
2.26745000000E+06	9.960460E-02	-9.467739E+01
2.26931875000E+06	9.841949E-02	-9.320304E+01
2.27118750000E+06	9.757348E-02	-9.467378E+01
2.27305625000E+06	9.589261E-02	-9.439245E+01
2.27492500000E+06	9.917957E-02	-9.343910E+01
2.27679375000E+06	9.528143E-02	-9.459334E+01
2.27866250000E+06	9.650102E-02	-9.482213E+01
2.28053125000E+06	1.014757E-01	-9.315984E+01
2.28240000000E+06	9.826572E-02	-9.563125E+01
2.28426875000E+06	9.577750E-02	-9.387228E+01
2.28613750000E+06	9.797735E-02	-9.245629E+01
2.28800625000E+06	9.829371E-02	-9.226364E+01
2.28987500000E+06	1.004196E-01	-9.413142E+01
2.29174375000E+06	9.955032E-02	-9.249151E+01
2.29361250000E+06	9.881251E-02	-9.296257E+01
2.29548125000E+06	9.848218E-02	-9.375763E+01
2.29735000000E+06	1.001771E-01	-9.296577E+01
2.29921875000E+06	9.760330E-02	-9.620750E+01
2.30108750000E+06	9.969008E-02	-9.465212E+01
2.30295625000E+06	9.864034E-02	-9.392228E+01
2.30482500000E+06	9.978502E-02	-9.456301E+01
2.30669375000E+06	1.040960E-01	-9.398345E+01
2.30856250000E+06	9.682386E-02	-9.310744E+01
2.31043125000E+06	9.974722E-02	-9.266906E+01
2.31230000000E+06	9.854624E-02	-9.501433E+01
2.31416875000E+06	1.001024E-01	-9.349255E+01
2.31603750000E+06	1.009768E-01	-9.365363E+01
2.31790625000E+06	9.716685E-02	-9.415438E+01
2.31977500000E+06	1.021622E-01	-9.269749E+01
2.32164375000E+06	1.014136E-01	-9.334658E+01
2.32351250000E+06	9.759223E-02	-9.322589E+01
2.32538125000E+06	1.000143E-01	-9.428059E+01
2.32725000000E+06	1.007298E-01	-9.465405E+01
2.32911875000E+06	1.023151E-01	-9.348524E+01
2.33098750000E+06	1.004918E-01	-9.284039E+01
2.33285625000E+06	9.872083E-02	-9.295426E+01
2.33472500000E+06	1.033787E-01	-9.357028E+01
2.33659375000E+06	1.004762E-01	-9.367039E+01
2.33846250000E+06	1.032311E-01	-9.555221E+01
2.34033125000E+06	1.017843E-01	-9.511902E+01
2.34220000000E+06	1.014016E-01	-9.321466E+01
2.34406875000E+06	1.026397E-01	-9.324576E+01
2.34593750000E+06	1.014255E-01	-9.286404E+01
2.34780625000E+06	1.022467E-01	-9.227734E+01
2.34967500000E+06	1.028445E-01	-9.501398E+01
2.35154375000E+06	1.033074E-01	-9.419063E+01
2.35341250000E+06	1.007197E-01	-9.266772E+01
2.35528125000E+06	1.042340E-01	-9.341579E+01
2.35715000000E+06	1.027213E-01	-9.441109E+01
2.35901875000E+06	1.029106E-01	-9.228895E+01
2.36088750000E+06	1.015015E-01	-9.448003E+01
2.36275625000E+06	1.031951E-01	-9.396399E+01
2.36462500000E+06	1.070467E-01	-9.499877E+01
2.36649375000E+06	1.022906E-01	-9.270861E+01
2.36836250000E+06	1.056684E-01	-9.259022E+01
2.37023125000E+06	1.033165E-01	-9.222055E+01
2.37210000000E+06	1.045712E-01	-9.456417E+01
2.37396875000E+06	1.036361E-01	-9.461906E+01
2.37583750000E+06	1.049393E-01	-9.370141E+01
2.37770625000E+06	1.054542E-01	-9.268131E+01
2.37957500000E+06	9.975122E-02	-9.365434E+01
2.38144375000E+06	1.054098E-01	-9.394955E+01
2.38331250000E+06	1.051204E-01	-9.386149E+01
2.38518125000E+06	1.005938E-01	-9.453512E+01
2.38705000000E+06	1.061489E-01	-9.494032E+01
2.38891875000E+06	1.020449E-01	-9.256477E+01
2.39078750000E+06	1.042176E-01	-9.464480E+01
2.39265625000E+06	1.032762E-01	-9.417074E+01
2.39452500000E+06	1.039988E-01	-9.207004E+01
2.39639375000E+06	1.064441E-01	-9.472389E+01
2.39826250000E+06	1.048536E-01	-9.454859E+01
2.40013125000E+06	1.048853E-01	-9.482128E+01
2.40200000000E+06	1.039365E-01	-9.429632E+01
2.40386875000E+06	1.052442E-01	-9.479440E+01
2.40573750000E+06	1.058589E-01	-9.494579E+01
2.40760625000E+06	1.055687E-01	-9.245588E+01
2.40947500000E+06	1.065546E-01	-9.309353E+01
2.41134375000E+06	1.071815E-01	-9.281266E+01
2.41321250000E+06	1.045593E-01	-9.329501E+01
2.41508125000E+06	1.055218E-01	-9.429002E+01
2.41695000000E+06	1.087270E-01	-9.333375E+01
2.41881875000E+06	1.056065E-01	-9.284124E+01
2.42068750000E+06	1.048757E-01	-9.406739E+01
2.42255625000E+06	1.058632E-01	-9.256345E+01
2.42442500000E+06	1.041730E-01	-9.397849E+01
2.42629375000E+06	1.066544E-01	-9.285259E+01
2.42816250000E+06	1.061727E-01	-9.585959E+01
2.43003125000E+06	1.048731E-01	-9.489824E+01
2.43190000000E+06	1.043786E-01	-9.310225E+01
2.43376875000E+06	1.110226E-01	-9.287842E+01
2.43563750000E+06	1.089091E-01	-9.353636E+01
2.43750625000E+06	1.074211E-01	-9.353182E+01
2.43937500000E+06	1.075617E-01	-9.441993E+01
2.44124375000E+06	1.105227E-01	-9.409840E+01
2.44311250000E+06	1.111931E-01	-9.398221E+01
2.44498125000E+06	1.096360E-01	-9.260999E+01
2.44685000000E+06	1.081898E-01	-9.435265E+01
2.44871875000E+06	1.090002E-01	-9.414701E+01
2.45058750000E+06	1.063253E-01	-9.318562E+01
2.45245625000E+06	1.094271E-01	-9.198157E+01
2.45432500000E+06	1.082398E-01	-9.249086E+01
2.45619375000E+06	1.048383E-01	-9.274727E+01
2.45806250000E+06	1.096871E-01	-9.348614E+01
2.45993125000E+06	1.095920E-01	-9.484142E+01
2.46180000000E+06	1.075017E-01	-9.260003E+01
2.46366875000E+06	1.121172E-01	-9.264787E+01
2.46553750000E+06	1.075538E-01	-9.385842E+01
2.46740625000E+06	1.101950E-01	-9.277204E+01
2.46927500000E+06	1.063400E-01	-9.215694E+01
2.47114375000E+06	1.076101E-01	-9.425620E+01
2.47301250000E+06	1.072323E-01	-9.207044E+01
2.47488125000E+06	1.106715E-01	-9.543256E+01
2.47675000000E+06	1.065188E-01	-9.427715E+01
2.47861875000E+06	1.092494E-01	-9.389997E+01
2.48048750000E+06	1.104510E-01	-9.333097E+01
2.48235625000E+06	1.114317E-01	-9.318493E+01
2.48422500000E+06	1.095650E-01	-9.340559E+01
2.48609375000E+06	1.106645E-01	-9.311800E+01
2.48796250000E+06	1.102676E-01	-9.307220E+01
2.48983125000E+06	1.102698E-01	-9.338220E+01
2.49170000000E+06	1.075671E-01	-9.405059E+01
2.49356875000E+06	1.122405E-01	-9.415065E+01
2.49543750000E+06	1.094347E-01	-9.333261E+01
2.49730625000E+06	1.109383E-01	-9.293009E+01
2.49917500000E+06	1.118675E-01	-9.391559E+01
2.50104375000E+06	1.110488E-01	-9.377573E+01
2.50291250000E+06	1.117749E-01	-9.429990E+01
2.50478125000E+06	1.120046E-01	-9.365223E+01
2.50665000000E+06	1.120726E-01	-9.452515E+01
2.50851875000E+06	1.103729E-01	-9.419815E+01
2.51038750000E+06	1.140142E-01	-9.406372E+01
2.51225625000E+06	1.099603E-01	-9.326563E+01
2.51412500000E+06	1.117344E-01	-9.311212E+01
2.51599375000E+06	1.096691E-01	-9.465846E+01
2.51786250000E+06	1.119519E-01	-9.393470E+01
2.51973125000E+06	1.134798E-01	-9.437449E+01
2.52160000000E+06	1.123479E-01	-9.249134E+01
2.52346875000E+06	1.123280E-01	-9.423448E+01
2.52533750000E+06	1.127153E-01	-9.402641E+01
2.52720625000E+06	1.114448E-01	-9.546252E+01
2.52907500000E+06	1.128115E-01	-9.259036E+01
2.53094375000E+06	1.131493E-01	-9.301367E+01
2.53281250000E+06	1.108247E-01	-9.385525E+01
2.53468125000E+06	1.139366E-01	-9.341732E+01
2.53655000000E+06	1.120683E-01	-9.258968E+01
2.53841875000E+06	1.123339E-01	-9.402743E+01
2.54028750000E+06	1.113557E-01	-9.272118E+01
2.54215625000E+06	1.131408E-01	-9.359969E+01
2.54402500000E+06	1.147314E-01	-9.417698E+01
2.54589375000E+06	1.144527E-01	-9.574786E+01
2.54776250000E+06	1.133343E-01	-9.304974E+01
2.54963125000E+06	1.154979E-01	-9.372273E+01
2.55150000000E+06	1.125966E-01	-9.366857E+01
2.55336875000E+06	1.150949E-01	-9.376712E+01
2.55523750000E+06	1.145136E-01	-9.443030E+01
2.55710625000E+06	1.114308E-01	-9.448956E+01
2.55897500000E+06	1.131633E-01	-9.337227E+01
2.56084375000E+06	1.157985E-01	-9.333474E+01
2.56271250000E+06	1.154191E-01	-9.347394E+01
2.56458125000E+06	1.171722E-01	-9.453255E+01
2.56645000000E+06	1.156627E-01	-9.265517E+01
2.56831875000E+06	1.146189E-01	-9.402483E+01
2.57018750000E+06	1.132674E-01	-9.365678E+01
2.57205625000E+06	1.132083E-01	-9.271136E+01
2.57392500000E+06	1.147572E-01	-9.390964E+01
2.57579375000E+06	1.132548E-01	-9.427152E+01
2.57766250000E+06	1.163496E-01	-9.343766E+01
2.57953125000E+06	1.163267E-01	-9.319098E+01
2.58140000000E+06	1.200189E-01	-9.340378E+01
2.58326875000E+06	1.169525E-01	-9.230908E+01
2.58513750000E+06	1.150986E-01	-9.342625E+01
2.58700625000E+06	1.148738E-01	-9.248902E+01
2.58887500000E+06	1.172776E-01	-9.299757E+01
2.59074375000E+06	1.150673E-01	-9.284010E+01
2.59261250000E+06	1.150663E-01	-9.347137E+01
2.59448125000E+06	1.180834E-01	-9.639087E+01
2.59635000000E+06	1.156192E-01	-9.520068E+01
2.59821875000E+06	1.172081E-01	-9.485486E+01
2.60008750000E+06	1.172305E-01	-9.465375E+01
2.60195625000E+06	1.175885E-01	-9.569308E+01
2.60382500000E+06	1.160327E-01	-9.388242E+01
2.60569375000E+06	1.115131E-01	-9.397311E+01
2.60756250000E+06	1.186675E-01	-9.408936E+01
2.60943125000E+06	1.149098E-01	-9.380932E+01
2.61130000000E+06	1.155287E-01	-9.467741E+01
2.61316875000E+06	1.190459E-01	-9.329092E+01
2.61503750000E+06	1.182675E-01	-9.364227E+01
2.61690625000E+06	1.193141E-01	-9.490629E+01
2.61877500000E+06	1.178221E-01	-9.329478E+01
2.62064375000E+06	1.183383E-01	-9.397291E+01
2.62251250000E+06	1.171107E-01	-9.283754E+01
2.62438125000E+06	1.204183E-01	-9.349232E+01
2.62625000000E+06	1.189259E-01	-9.475113E+01
2.62811875000E+06	1.197543E-01	-9.220944E+01
2.62998750000E+06	1.195950E-01	-9.247146E+01
2.63185625000E+06	1.189253E-01	-9.445956E+01
2.63372500000E+06	1.183853E-01	-9.258182E+01
2.63559375000E+06	1.191340E-01	-9.350541E+01
2.63746250000E+06	1.198758E-01	-9.206612E+01
2.63933125000E+06	1.168004E-01	-9.508270E+01
2.64120000000E+06	1.189371E-01	-9.370172E+01
2.64306875000E+06	1.200901E-01	-9.408225E+01
2.64493750000E+06	1.214779E-01	-9.319430E+01
2.64680625000E+06	1.223262E-01	-9.432232E+01
2.64867500000E+06	1.181641E-01	-9.254243E+01
2.65054375000E+06	1.219978E-01	-9.374646E+01
2.65241250000E+06	1.210400E-01	-9.368232E+01
2.65428125000E+06	1.199344E-01	-9.353793E+01
2.65615000000E+06	1.191444E-01	-9.316100E+01
2.65801875000E+06	1.222059E-01	-9.481119E+01
2.65988750000E+06	1.180810E-01	-9.397178E+01
2.66175625000E+06	1.216454E-01	-9.297179E+01
2.66362500000E+06	1.204089E-01	-9.321230E+01
2.66549375000E+06	1.224409E-01	-9.314730E+01
2.66736250000E+06	1.235260E-01	-9.265060E+01
2.66923125000E+06	1.206128E-01	-9.539099E+01
2.67110000000E+06	1.222278E-01	-9.459750E+01
2.67296875000E+06	1.223815E-01	-9.389212E+01
2.67483750000E+06	1.217332E-01	-9.368826E+01
2.67670625000E+06	1.206788E-01	-9.434385E+01
2.67857500000E+06	1.190154E-01	-9.402603E+01
2.68044375000E+06	1.220412E-01	-9.693919E+01
2.68231250000E+06	1.202839E-01	-9.259613E+01
2.68418125000E+06	1.209986E-01	-9.342442E+01
2.68605000000E+06	1.195239E-01	-9.328022E+01
2.68791875000E+06	1.233087E-01	-9.354859E+01
2.68978750000E+06	1.206246E-01	-9.431763E+01
2.69165625000E+06	1.236183E-01	-9.358607E+01
2.69352500000E+06	1.244583E-01	-9.456522E+01
2.69539375000E+06	1.234822E-01	-9.563151E+01
2.69726250000E+06	1.219268E-01	-9.388680E+01
2.69913125000E+06	1.212125E-01	-9.284747E+01
2.70100000000E+06	1.230823E-01	-9.324648E+01
2.70286875000E+06	1.237462E-01	-9.404907E+01
2.70473750000E+06	1.213570E-01	-9.221155E+01
2.70660625000E+06	1.233399E-01	-9.357343E+01
2.70847500000E+06	1.243419E-01	-9.353581E+01
2.71034375000E+06	1.209086E-01	-9.490626E+01
2.71221250000E+06	1.209884E-01	-9.482127E+01
2.71408125000E+06	1.264043E-01	-9.489962E+01
2.71595000000E+06	1.246519E-01	-9.370667E+01
2.71781875000E+06	1.209569E-01	-9.323516E+01
2.71968750000E+06	1.233922E-01	-9.374425E+01
2.72155625000E+06	1.265312E-01	-9.255701E+01
2.72342500000E+06	1.245521E-01	-9.485262E+01
2.72529375000E+06	1.225676E-01	-9.257403E+01
2.72716250000E+06	1.265868E-01	-9.338876E+01
2.72903125000E+06	1.256451E-01	-9.452119E+01
2.73090000000E+06	1.267839E-01	-9.322655E+01
2.73276875000E+06	1.251504E-01	-9.348694E+01
2.73463750000E+06	1.262135E-01	-9.328413E+01
2.73650625000E+06	1.220318E-01	-9.508207E+01
2.73837500000E+06	1.230081E-01	-9.307610E+01
2.74024375000E+06	1.250580E-01	-9.204165E+01
2.74211250000E+06	1.206823E-01	-9.360024E+01
2.74398125000E+06	1.256030E-01	-9.455794E+01
2.74585000000E+06	1.249799E-01	-9.349535E+01
2.74771875000E+06	1.270685E-01	-9.418624E+01
2.74958750000E+06	1.268261E-01	-9.550117E+01
2.75145625000E+06	1.255377E-01	-9.398908E+01
2.75332500000E+06	1.264614E-01	-9.300095E+01
2.75519375000E+06	1.269587E-01	-9.349734E+01
2.75706250000E+06	1.245132E-01	-9.415289E+01
2.75893125000E+06	1.262586E-01	-9.435679E+01
2.76080000000E+06	1.281236E-01	-9.359780E+01
2.76266875000E+06	1.289300E-01	-9.351018E+01
2.76453750000E+06	1.265367E-01	-9.427333E+01
2.76640625000E+06	1.260749E-01	-9.276468E+01
2.76827500000E+06	1.260422E-01	-9.347232E+01
2.77014375000E+06	1.298123E-01	-9.215459E+01
2.77201250000E+06	1.277429E-01	-9.385358E+01
2.77388125000E+06	1.274707E-01	-9.356077E+01
2.77575000000E+06	1.272390E-01	-9.437724E+01
2.77761875000E+06	1.254683E-01	-9.399883E+01
2.77948750000E+06	1.301567E-01	-9.420193E+01
2.78135625000E+06	1.300644E-01	-9.430588E+01
2.78322500000E+06	1.302464E-01	-9.582368E+01
2.78509375000E+06	1.287047E-01	-9.375507E+01
2.78696250000E+06	1.278466E-01	-9.358070E+01
2.78883125000E+06	1.291250E-01	-9.400706E+01
2.79070000000E+06	1.266446E-01	-9.403007E+01
2.79256875000E+06	1.296420E-01	-9.254494E+01
2.79443750000E+06	1.299548E-01	-9.430561E+01
2.79630625000E+06	1.272527E-01	-9.401946E+01
2.79817500000E+06	1.288320E-01	-9.348445E+01
2.80004375000E+06	1.288627E-01	-9.511507E+01
2.80191250000E+06	1.294280E-01	-9.404777E+01
2.80378125000E+06	1.291990E-01	-9.305454E+01
2.80565000000E+06	1.299277E-01	-9.408435E+01
2.80751875000E+06	1.288465E-01	-9.378651E+01
2.80938750000E+06	1.292847E-01	-9.383752E+01
2.81125625000E+06	1.285442E-01	-9.284811E+01
2.81312500000E+06	1.288944E-01	-9.253201E+01
2.81499375000E+06	1.281009E-01	-9.390250E+01
2.81686250000E+06	1.292953E-01	-9.337427E+01
2.81873125000E+06	1.263500E-01	-9.254991E+01
2.82060000000E+06	1.298309E-01	-9.277918E+01
2.82246875000E+06	1.316874E-01	-9.324928E+01
2.82433750000E+06	1.309738E-01	-9.316763E+01
2.82620625000E+06	1.344835E-01	-9.307869E+01
2.82807500000E+06	1.313630E-01	-9.419199E+01
2.82994375000E+06	1.314547E-01	-9.327526E+01
2.83181250000E+06	1.336781E-01	-9.246172E+01
2.83368125000E+06	1.315614E-01	-9.419318E+01
2.83555000000E+06	1.319133E-01	-9.277307E+01
2.83741875000E+06	1.316151E-01	-9.312584E+01
2.83928750000E+06	1.319451E-01	-9.438398E+01
2.84115625000E+06	1.336368E-01	-9.508536E+01
2.84302500000E+06	1.306809E-01	-9.426086E+01
2.84489375000E+06	1.308615E-01	-9.390367E+01
2.84676250000E+06	1.341626E-01	-9.412278E+01
2.84863125000E+06	1.301646E-01	-9.391039E+01
2.85050000000E+06	1.336124E-01	-9.364440E+01
2.85236875000E+06	1.321895E-01	-9.187727E+01
2.85423750000E+06	1.359784E-01	-9.499981E+01
2.85610625000E+06	1.321902E-01	-9.341965E+01
2.85797500000E+06	1.335691E-01	-9.469055E+01
2.85984375000E+06	1.325731E-01	-9.517009E+01
2.86171250000E+06	1.350240E-01	-9.331267E+01
2.86358125000E+06	1.338865E-01	-9.348183E+01
2.86545000000E+06	1.318030E-01	-9.338323E+01
2.86731875000E+06	1.358450E-01	-9.392612E+01
2.86918750000E+06	1.346234E-01	-9.411964E+01
2.87105625000E+06	1.344143E-01	-9.499920E+01
2.87292500000E+06	1.327974E-01	-9.414845E+01
2.87479375000E+06	1.345794E-01	-9.362283E+01
2.87666250000E+06	1.334171E-01	-9.436150E+01
2.87853125000E+06	1.345412E-01	-9.405057E+01
2.88040000000E+06	1.373737E-01	-9.290450E+01
2.88226875000E+06	1.324231E-01	-9.303778E+01
2.88413750000E+06	1.376472E-01	-9.450332E+01
2.88600625000E+06	1.346481E-01	-9.432141E+01
2.88787500000E+06	1.375002E-01	-9.465604E+01
2.88974375000E+06	1.341932E-01	-9.518970E+01
2.89161250000E+06	1.340252E-01	-9.330944E+01
2.89348125000E+06	1.342879E-01	-9.337962E+01
2.89535000000E+06	1.344375E-01	-9.666391E+01
2.89721875000E+06	1.344524E-01	-9.461704E+01
2.89908750000E+06	1.354563E-01	-9.399842E+01
2.90095625000E+06	1.347905E-01	-9.340536E+01
2.90282500000E+06	1.334964E-01	-9.272233E+01
2.90469375000E+06	1.371088E-01	-9.320149E+01
2.90656250000E+06	1.341830E-01	-9.418670E+01
2.90843125000E+06	1.376384E-01	-9.461466E+01
2.91030000000E+06	1.346229E-01	-9.414107E+01
2.91216875000E+06	1.371900E-01	-9.442686E+01
2.91403750000E+06	1.367471E-01	-9.310089E+01
2.91590625000E+06	1.381301E-01	-9.449451E+01
2.91777500000E+06	1.370629E-01	-9.340504E+01
2.91964375000E+06	1.363270E-01	-9.233496E+01
2.92151250000E+06	1.349674E-01	-9.453365E+01
2.92338125000E+06	1.384231E-01	-9.341738E+01
2.92525000000E+06	1.414722E-01	-9.286790E+01
2.92711875000E+06	1.380007E-01	-9.427598E+01
2.92898750000E+06	1.388585E-01	-9.312306E+01
2.93085625000E+06	1.362046E-01	-9.235316E+01
2.93272500000E+06	1.411976E-01	-9.312888E+01
2.93459375000E+06	1.429099E-01	-9.505946E+01
2.93646250000E+06	1.385765E-01	-9.442987E+01
2.93833125000E+06	1.387913E-01	-9.291762E+01
2.94020000000E+06	1.391210E-01	-9.364503E+01
2.94206875000E+06	1.394646E-01	-9.404916E+01
2.94393750000E+06	1.369182E-01	-9.290901E+01
2.94580625000E+06	1.374523E-01	-9.371024E+01
2.94767500000E+06	1.403562E-01	-9.442339E+01
2.94954375000E+06	1.426346E-01	-9.467680E+01
2.95141250000E+06	1.378622E-01	-9.210550E+01
2.95328125000E+06	1.409780E-01	-9.327192E+01
2.95515000000E+06	1.380339E-01	-9.491705E+01
2.95701875000E+06	1.387235E-01	-9.371133E+01
2.95888750000E+06	1.408293E-01	-9.406866E+01
2.96075625000E+06	1.391627E-01	-9.387560E+01
2.96262500000E+06	1.405490E-01	-9.358620E+01
2.96449375000E+06	1.391793E-01	-9.457522E+01
2.96636250000E+06	1.385312E-01	-9.270558E+01
2.96823125000E+06	1.458451E-01	-9.333911E+01
2.97010000000E+06	1.370274E-01	-9.313400E+01
2.97196875000E+06	1.430331E-01	-9.399519E+01
2.97383750000E+06	1.423492E-01	-9.344363E+01
2.97570625000E+06	1.417963E-01	-9.424315E+01
2.97757500000E+06	1.413456E-01	-9.508186E+01
2.97944375000E+06	1.383664E-01	-9.420071E+01
2.98131250000E+06	1.397811E-01	-9.504579E+01
2.98318125000E+06	1.412841E-01	-9.437278E+01
2.98505000000E+06	1.437621E-01	-9.389388E+01
2.98691875000E+06	1.387175E-01	-9.393452E+01
2.98878750000E+06	1.392712E-01	-9.263632E+01
2.99065625000E+06	1.421154E-01	-9.268861E+01
2.99252500000E+06	1.450403E-01	-9.500978E+01
2.99439375000E+06	1.438566E-01	-9.365847E+01
2.99626250000E+06	1.419638E-01	-9.391096E+01
2.99813125000E+06	1.408396E-01	-9.418323E+01
3.00000000000E+06	1.460309E-01	-9.398419E+01
