"E5100A REV3.14"
"DATE: Jun 26 2004"



"CHANNEL: 2"
"MEASURE TYPE: AR"
"FORMAT TYPE: LINMP"
"NUMBER of POINTS: 1601"
"SWEEP TIME:  3.458 s"
"SWEEP TYPE: LINF"
"SOURCE POWER: 0 dBm"
"IF BANDWIDTH: 500 Hz"

"Frequency"	"Main Array"	"Sub Array"
1.00000000000E+04	2.028178E-01	1.785726E+02
1.18687500000E+04	1.950454E-01	-6.521294E+01
1.37375000000E+04	1.195478E-01	-1.010431E+02
1.56062500000E+04	2.921290E-03	4.003896E+01
1.74750000000E+04	1.465890E-01	-7.540199E+01
1.93437500000E+04	2.867335E-02	-1.385532E+02
2.12125000000E+04	4.368154E-02	-9.218139E+01
2.30812500000E+04	8.499738E-02	-1.386726E+01
2.49500000000E+04	6.292465E-02	-1.693526E+02
2.68187500000E+04	4.495610E-02	1.611305E+02
2.86875000000E+04	1.528764E-02	2.833952E+01
3.05562500000E+04	1.438051E-02	7.304211E+01
3.24250000000E+04	2.474089E-02	-1.306006E+02
3.42937500000E+04	1.960034E-02	-4.787970E+01
3.61625000000E+04	4.092267E-02	-1.690519E+02
3.80312500000E+04	7.472858E-03	-9.242830E+01
3.99000000000E+04	2.357426E-02	9.435514E+00
4.17687500000E+04	1.931479E-02	5.752305E+00
4.36375000000E+04	2.925500E-03	1.327572E+02
4.55062500000E+04	2.027218E-02	1.197111E+00
4.73750000000E+04	1.683377E-02	9.901359E+01
4.92437500000E+04	1.775963E-02	4.656638E+01
5.11125000000E+04	6.207231E-03	5.544738E+01
5.29812500000E+04	1.797250E-02	1.004005E+02
5.48500000000E+04	2.308782E-02	3.914090E+01
5.67187500000E+04	3.721822E-02	6.822499E+01
5.85875000000E+04	1.422767E-02	-2.777939E+01
6.04562500000E+04	4.500279E-03	1.287654E+02
6.23250000000E+04	1.975029E-02	7.435719E+01
6.41937500000E+04	9.027907E-03	4.953976E+01
6.60625000000E+04	2.578818E-03	-1.143799E+02
6.79312500000E+04	2.521384E-02	8.557075E+01
6.98000000000E+04	5.296465E-03	1.203506E+02
7.16687500000E+04	1.858209E-02	5.696603E+01
7.35375000000E+04	3.158448E-02	5.716888E+01
7.54062500000E+04	1.482066E-02	4.792537E+01
7.72750000000E+04	1.925024E-02	1.084430E+02
7.91437500000E+04	2.033637E-02	2.324509E+01
8.10125000000E+04	2.061569E-02	7.900275E+01
8.28812500000E+04	2.267112E-02	6.197850E+01
8.47500000000E+04	1.316200E-02	2.771990E+01
8.66187500000E+04	1.169458E-02	1.367187E+02
8.84875000000E+04	5.902790E-03	6.498756E+01
9.03562500000E+04	1.462759E-02	8.543610E+01
9.22250000000E+04	2.089248E-02	7.973267E+01
9.40937500000E+04	1.964574E-02	2.328657E+01
9.59625000000E+04	3.801034E-03	3.747693E+01
9.78312500000E+04	5.600349E-03	8.422155E+01
9.97000000000E+04	2.134790E-02	3.111141E+01
1.01568750000E+05	1.652610E-02	6.155581E+01
1.03437500000E+05	1.564960E-02	2.906659E+01
1.05306250000E+05	8.367397E-03	7.356702E+01
1.07175000000E+05	2.495790E-03	1.570716E+02
1.09043750000E+05	1.295253E-02	9.014130E+01
1.10912500000E+05	1.749547E-02	-1.175073E+01
1.12781250000E+05	1.253826E-02	1.229709E+02
1.14650000000E+05	8.831919E-03	4.363663E+01
1.16518750000E+05	1.354590E-02	4.175323E+01
1.18387500000E+05	1.194347E-02	1.061763E+02
1.20256250000E+05	1.376113E-02	8.167076E+01
1.22125000000E+05	1.692788E-02	1.015304E+02
1.23993750000E+05	1.762717E-02	9.362640E+01
1.25862500000E+05	2.713655E-03	2.175297E+00
1.27731250000E+05	1.507628E-02	7.992923E+01
1.29600000000E+05	8.229816E-03	6.269835E+01
1.31468750000E+05	1.200046E-02	5.892712E+01
1.33337500000E+05	2.167833E-02	8.249713E+01
1.35206250000E+05	2.568646E-02	7.407800E+01
1.37075000000E+05	1.429424E-02	5.563583E+01
1.38943750000E+05	1.593188E-02	4.065289E+01
1.40812500000E+05	1.125949E-02	5.112663E+01
1.42681250000E+05	7.067285E-03	8.075262E+01
1.44550000000E+05	1.335380E-02	7.427033E+01
1.46418750000E+05	1.665263E-02	4.969493E+01
1.48287500000E+05	9.133537E-03	5.738747E+01
1.50156250000E+05	1.581126E-02	6.341893E+01
1.52025000000E+05	1.477293E-02	6.210173E+01
1.53893750000E+05	1.557323E-02	5.594547E+01
1.55762500000E+05	1.007944E-02	9.470560E+01
1.57631250000E+05	1.754084E-02	6.491932E+01
1.59500000000E+05	1.715930E-02	7.403046E+01
1.61368750000E+05	1.808189E-02	1.002041E+02
1.63237500000E+05	1.266872E-02	8.874129E+01
1.65106250000E+05	1.401325E-02	3.094324E+01
1.66975000000E+05	1.816297E-02	8.237152E+01
1.68843750000E+05	1.172261E-02	1.013283E+02
1.70712500000E+05	7.783970E-03	6.930288E+01
1.72581250000E+05	1.063384E-02	8.427154E+01
1.74450000000E+05	1.829436E-02	6.723129E+01
1.76318750000E+05	4.577052E-03	9.162598E+01
1.78187500000E+05	1.204829E-02	8.568443E+01
1.80056250000E+05	1.320028E-02	6.528434E+01
1.81925000000E+05	1.923628E-02	5.218882E+01
1.83793750000E+05	1.361503E-02	6.525317E+01
1.85662500000E+05	1.794742E-02	7.302368E+01
1.87531250000E+05	1.516851E-02	8.783177E+01
1.89400000000E+05	1.797405E-02	9.726351E+01
1.91268750000E+05	2.428734E-02	7.137516E+01
1.93137500000E+05	1.729939E-02	6.583364E+01
1.95006250000E+05	1.252383E-02	4.112933E+01
1.96875000000E+05	1.180109E-02	7.165298E+01
1.98743750000E+05	1.882316E-02	7.706350E+01
2.00612500000E+05	1.173001E-02	6.228720E+01
2.02481250000E+05	1.548273E-02	5.847503E+01
2.04350000000E+05	1.745060E-02	5.316350E+01
2.06218750000E+05	1.793417E-02	7.097044E+01
2.08087500000E+05	1.890464E-02	8.183044E+01
2.09956250000E+05	1.821421E-02	7.540520E+01
2.11825000000E+05	1.405609E-02	7.980637E+01
2.13693750000E+05	1.760670E-02	7.466933E+01
2.15562500000E+05	1.128766E-02	9.590308E+01
2.17431250000E+05	1.594914E-02	9.328020E+01
2.19300000000E+05	1.168148E-02	1.029992E+02
2.21168750000E+05	1.097621E-02	7.873046E+01
2.23037500000E+05	1.093183E-02	9.589703E+01
2.24906250000E+05	1.978882E-02	7.767873E+01
2.26775000000E+05	1.764237E-02	8.851406E+01
2.28643750000E+05	1.662230E-02	6.077129E+01
2.30512500000E+05	1.950921E-02	8.153201E+01
2.32381250000E+05	1.351253E-02	7.460060E+01
2.34250000000E+05	2.256250E-02	8.738986E+01
2.36118750000E+05	2.024007E-02	7.290232E+01
2.37987500000E+05	1.216457E-02	1.116541E+02
2.39856250000E+05	2.189233E-02	6.950671E+01
2.41725000000E+05	1.406241E-02	1.014915E+02
2.43593750000E+05	1.970741E-02	8.232933E+01
2.45462500000E+05	1.464841E-02	7.570003E+01
2.47331250000E+05	1.711101E-02	5.699960E+01
2.49200000000E+05	2.068156E-02	8.614023E+01
2.51068750000E+05	1.725974E-02	7.908071E+01
2.52937500000E+05	2.251100E-02	7.994498E+01
2.54806250000E+05	2.020359E-02	9.245966E+01
2.56675000000E+05	2.456802E-02	7.497401E+01
2.58543750000E+05	2.094538E-02	7.124872E+01
2.60412500000E+05	1.545272E-02	8.897054E+01
2.62281250000E+05	1.350548E-02	6.092450E+01
2.64150000000E+05	1.880026E-02	6.925341E+01
2.66018750000E+05	1.483519E-02	8.109907E+01
2.67887500000E+05	2.484737E-02	9.628951E+01
2.69756250000E+05	1.828298E-02	9.198809E+01
2.71625000000E+05	1.412234E-02	8.060701E+01
2.73493750000E+05	2.039699E-02	9.047066E+01
2.75362500000E+05	2.004934E-02	8.415119E+01
2.77231250000E+05	2.277055E-02	7.529233E+01
2.79100000000E+05	1.603937E-02	7.020844E+01
2.80968750000E+05	2.227872E-02	8.770186E+01
2.82837500000E+05	2.080069E-02	7.832759E+01
2.84706250000E+05	1.756908E-02	8.378536E+01
2.86575000000E+05	1.485509E-02	9.445457E+01
2.88443750000E+05	2.338799E-02	6.706801E+01
2.90312500000E+05	2.297631E-02	7.776277E+01
2.92181250000E+05	1.892934E-02	8.704487E+01
2.94050000000E+05	2.232966E-02	7.472089E+01
2.95918750000E+05	2.574274E-02	7.482520E+01
2.97787500000E+05	2.089367E-02	8.342255E+01
2.99656250000E+05	1.763560E-02	7.143004E+01
3.01525000000E+05	1.711588E-02	8.550583E+01
3.03393750000E+05	1.714435E-02	7.888432E+01
3.05262500000E+05	2.301783E-02	9.174077E+01
3.07131250000E+05	1.972495E-02	7.822266E+01
3.09000000000E+05	1.724652E-02	7.991585E+01
3.10868750000E+05	2.395483E-02	9.342192E+01
3.12737500000E+05	2.329386E-02	8.768583E+01
3.14606250000E+05	1.927066E-02	9.343653E+01
3.16475000000E+05	1.962571E-02	6.855293E+01
3.18343750000E+05	1.975965E-02	8.921699E+01
3.20212500000E+05	2.728606E-02	7.906889E+01
3.22081250000E+05	1.857330E-02	8.001687E+01
3.23950000000E+05	2.427916E-02	8.455317E+01
3.25818750000E+05	2.361379E-02	7.779566E+01
3.27687500000E+05	1.821044E-02	7.826131E+01
3.29556250000E+05	2.750199E-02	7.353535E+01
3.31425000000E+05	1.860300E-02	7.400801E+01
3.33293750000E+05	2.283918E-02	7.963435E+01
3.35162500000E+05	2.088999E-02	7.859913E+01
3.37031250000E+05	2.724715E-02	8.945005E+01
3.38900000000E+05	2.568005E-02	8.043089E+01
3.40768750000E+05	2.737113E-02	8.536158E+01
3.42637500000E+05	2.142100E-02	8.452831E+01
3.44506250000E+05	2.054586E-02	7.708487E+01
3.46375000000E+05	2.419474E-02	9.830546E+01
3.48243750000E+05	2.480239E-02	7.738924E+01
3.50112500000E+05	3.114758E-02	8.907222E+01
3.51981250000E+05	2.254571E-02	8.353899E+01
3.53850000000E+05	2.967719E-02	7.867157E+01
3.55718750000E+05	2.732748E-02	8.427744E+01
3.57587500000E+05	2.828336E-02	8.621206E+01
3.59456250000E+05	2.477403E-02	9.375043E+01
3.61325000000E+05	2.254225E-02	6.992209E+01
3.63193750000E+05	2.643162E-02	9.076879E+01
3.65062500000E+05	2.401154E-02	7.683273E+01
3.66931250000E+05	2.911927E-02	7.226521E+01
3.68800000000E+05	2.788606E-02	9.667484E+01
3.70668750000E+05	2.624417E-02	8.604431E+01
3.72537500000E+05	2.646235E-02	9.048405E+01
3.74406250000E+05	2.546199E-02	8.823894E+01
3.76275000000E+05	2.820681E-02	7.799995E+01
3.78143750000E+05	2.683602E-02	8.118316E+01
3.80012500000E+05	2.965854E-02	7.965144E+01
3.81881250000E+05	3.081090E-02	8.675307E+01
3.83750000000E+05	2.594693E-02	9.285885E+01
3.85618750000E+05	2.586532E-02	8.816331E+01
3.87487500000E+05	2.892628E-02	9.165424E+01
3.89356250000E+05	2.904436E-02	8.579392E+01
3.91225000000E+05	2.902421E-02	8.091126E+01
3.93093750000E+05	2.114638E-02	8.054897E+01
3.94962500000E+05	2.693346E-02	8.775253E+01
3.96831250000E+05	2.989600E-02	8.731597E+01
3.98700000000E+05	3.515691E-02	8.236613E+01
4.00568750000E+05	2.855565E-02	8.059608E+01
4.02437500000E+05	2.339032E-02	7.911575E+01
4.04306250000E+05	2.887181E-02	8.538351E+01
4.06175000000E+05	3.165353E-02	8.390532E+01
4.08043750000E+05	2.918814E-02	8.342245E+01
4.09912500000E+05	2.764511E-02	9.028603E+01
4.11781250000E+05	3.008812E-02	7.301250E+01
4.13650000000E+05	3.185421E-02	8.266499E+01
4.15518750000E+05	2.585773E-02	8.558749E+01
4.17387500000E+05	2.865419E-02	8.438152E+01
4.19256250000E+05	2.651874E-02	8.625157E+01
4.21125000000E+05	3.011548E-02	9.198778E+01
4.22993750000E+05	2.721587E-02	8.270926E+01
4.24862500000E+05	3.031147E-02	8.721087E+01
4.26731250000E+05	2.542853E-02	8.736157E+01
4.28600000000E+05	2.993253E-02	9.116947E+01
4.30468750000E+05	3.667811E-02	8.284608E+01
4.32337500000E+05	3.044445E-02	8.115136E+01
4.34206250000E+05	3.134131E-02	8.466053E+01
4.36075000000E+05	3.007640E-02	8.523771E+01
4.37943750000E+05	3.234852E-02	8.667439E+01
4.39812500000E+05	3.196792E-02	8.576997E+01
4.41681250000E+05	3.061212E-02	8.919741E+01
4.43550000000E+05	3.292958E-02	7.193506E+01
4.45418750000E+05	3.654320E-02	9.248450E+01
4.47287500000E+05	3.274110E-02	9.075275E+01
4.49156250000E+05	3.188030E-02	9.189725E+01
4.51025000000E+05	3.224348E-02	9.436759E+01
4.52893750000E+05	3.364601E-02	9.232062E+01
4.54762500000E+05	3.186462E-02	8.379763E+01
4.56631250000E+05	3.192633E-02	7.953381E+01
4.58500000000E+05	3.188130E-02	8.681245E+01
4.60368750000E+05	3.652346E-02	8.724780E+01
4.62237500000E+05	3.081637E-02	8.510187E+01
4.64106250000E+05	3.705661E-02	8.545921E+01
4.65975000000E+05	3.256872E-02	8.618654E+01
4.67843750000E+05	2.963957E-02	8.277007E+01
4.69712500000E+05	3.341295E-02	9.184570E+01
4.71581250000E+05	3.069518E-02	8.283994E+01
4.73450000000E+05	3.502314E-02	8.972503E+01
4.75318750000E+05	3.355698E-02	8.726160E+01
4.77187500000E+05	3.108696E-02	8.215836E+01
4.79056250000E+05	2.968360E-02	8.754561E+01
4.80925000000E+05	3.169287E-02	9.183834E+01
4.82793750000E+05	3.392857E-02	9.275037E+01
4.84662500000E+05	3.258441E-02	8.375315E+01
4.86531250000E+05	2.922315E-02	8.840762E+01
4.88400000000E+05	3.814797E-02	8.649124E+01
4.90268750000E+05	3.521856E-02	9.061274E+01
4.92137500000E+05	3.814112E-02	8.748103E+01
4.94006250000E+05	3.759646E-02	8.749181E+01
4.95875000000E+05	3.443833E-02	8.541792E+01
4.97743750000E+05	3.946785E-02	8.616539E+01
4.99612500000E+05	3.710536E-02	8.534548E+01
5.01481250000E+05	3.785325E-02	8.962759E+01
5.03350000000E+05	3.450612E-02	8.874037E+01
5.05218750000E+05	3.556402E-02	8.466261E+01
5.07087500000E+05	3.553920E-02	8.729240E+01
5.08956250000E+05	3.754633E-02	8.681951E+01
5.10825000000E+05	3.635839E-02	8.746903E+01
5.12693750000E+05	3.647396E-02	9.059275E+01
5.14562500000E+05	3.750407E-02	8.864908E+01
5.16431250000E+05	3.533068E-02	8.970991E+01
5.18300000000E+05	3.848335E-02	8.450317E+01
5.20168750000E+05	3.315791E-02	8.606720E+01
5.22037500000E+05	3.609517E-02	8.668314E+01
5.23906250000E+05	3.963885E-02	8.770611E+01
5.25775000000E+05	3.684169E-02	9.141613E+01
5.27643750000E+05	3.825973E-02	8.569153E+01
5.29512500000E+05	3.704569E-02	8.365841E+01
5.31381250000E+05	3.276994E-02	8.973358E+01
5.33250000000E+05	4.036685E-02	8.659550E+01
5.35118750000E+05	3.478388E-02	9.504531E+01
5.36987500000E+05	3.625105E-02	9.341621E+01
5.38856250000E+05	3.732293E-02	8.607803E+01
5.40725000000E+05	3.979157E-02	9.341151E+01
5.42593750000E+05	3.844494E-02	8.494049E+01
5.44462500000E+05	4.006043E-02	8.615800E+01
5.46331250000E+05	3.978371E-02	9.179575E+01
5.48200000000E+05	4.116908E-02	8.404967E+01
5.50068750000E+05	4.363905E-02	8.556191E+01
5.51937500000E+05	3.873618E-02	8.826126E+01
5.53806250000E+05	4.072279E-02	8.807304E+01
5.55675000000E+05	4.030471E-02	8.586220E+01
5.57543750000E+05	3.984052E-02	8.787234E+01
5.59412500000E+05	4.154978E-02	8.770982E+01
5.61281250000E+05	4.329886E-02	8.728700E+01
5.63150000000E+05	3.898465E-02	8.694009E+01
5.65018750000E+05	3.947663E-02	8.952921E+01
5.66887500000E+05	3.806128E-02	8.995976E+01
5.68756250000E+05	4.149924E-02	9.213192E+01
5.70625000000E+05	4.159316E-02	8.989896E+01
5.72493750000E+05	4.485047E-02	8.975711E+01
5.74362500000E+05	4.191641E-02	8.638377E+01
5.76231250000E+05	4.137611E-02	8.773351E+01
5.78100000000E+05	3.960617E-02	9.200981E+01
5.79968750000E+05	4.347524E-02	9.407064E+01
5.81837500000E+05	3.781829E-02	8.492572E+01
5.83706250000E+05	4.010715E-02	8.462475E+01
5.85575000000E+05	4.008408E-02	8.328737E+01
5.87443750000E+05	3.773234E-02	8.752018E+01
5.89312500000E+05	4.005199E-02	9.011964E+01
5.91181250000E+05	4.005992E-02	8.811887E+01
5.93050000000E+05	4.194285E-02	9.258454E+01
5.94918750000E+05	4.191824E-02	8.706545E+01
5.96787500000E+05	4.219736E-02	8.631862E+01
5.98656250000E+05	3.918970E-02	9.371507E+01
6.00525000000E+05	4.088621E-02	8.844118E+01
6.02393750000E+05	4.277653E-02	8.915484E+01
6.04262500000E+05	4.489738E-02	8.936536E+01
6.06131250000E+05	4.118569E-02	9.010677E+01
6.08000000000E+05	4.047259E-02	9.201553E+01
6.09868750000E+05	4.021438E-02	8.610814E+01
6.11737500000E+05	4.248153E-02	8.870022E+01
6.13606250000E+05	4.012291E-02	9.474145E+01
6.15475000000E+05	4.526826E-02	9.184274E+01
6.17343750000E+05	3.874467E-02	8.813657E+01
6.19212500000E+05	4.125313E-02	8.535425E+01
6.21081250000E+05	4.665429E-02	8.584699E+01
6.22950000000E+05	4.124035E-02	9.280794E+01
6.24818750000E+05	4.099127E-02	9.256806E+01
6.26687500000E+05	4.523529E-02	8.928040E+01
6.28556250000E+05	4.004271E-02	8.639912E+01
6.30425000000E+05	4.528845E-02	8.998297E+01
6.32293750000E+05	4.392653E-02	9.182186E+01
6.34162500000E+05	4.322289E-02	9.394913E+01
6.36031250000E+05	4.512055E-02	8.777126E+01
6.37900000000E+05	4.640374E-02	8.660617E+01
6.39768750000E+05	4.301858E-02	8.903112E+01
6.41637500000E+05	4.114057E-02	8.790712E+01
6.43506250000E+05	4.345892E-02	8.997493E+01
6.45375000000E+05	4.428615E-02	8.980122E+01
6.47243750000E+05	4.393183E-02	8.659433E+01
6.49112500000E+05	4.132037E-02	9.026784E+01
6.50981250000E+05	4.530826E-02	9.179780E+01
6.52850000000E+05	4.735486E-02	9.133156E+01
6.54718750000E+05	4.800124E-02	8.642921E+01
6.56587500000E+05	4.536223E-02	9.137431E+01
6.58456250000E+05	4.121172E-02	9.012392E+01
6.60325000000E+05	4.449026E-02	8.694915E+01
6.62193750000E+05	4.828367E-02	9.268835E+01
6.64062500000E+05	4.405532E-02	9.319564E+01
6.65931250000E+05	4.670408E-02	8.809809E+01
6.67800000000E+05	4.530067E-02	9.067615E+01
6.69668750000E+05	4.756357E-02	9.256177E+01
6.71537500000E+05	4.803638E-02	9.247086E+01
6.73406250000E+05	4.847425E-02	8.709193E+01
6.75275000000E+05	4.694436E-02	8.786217E+01
6.77143750000E+05	4.793956E-02	8.567107E+01
6.79012500000E+05	4.589930E-02	8.885722E+01
6.80881250000E+05	4.704661E-02	8.930083E+01
6.82750000000E+05	4.573784E-02	8.881102E+01
6.84618750000E+05	4.947916E-02	8.956538E+01
6.86487500000E+05	4.599623E-02	8.741919E+01
6.88356250000E+05	4.959393E-02	9.178361E+01
6.90225000000E+05	4.412696E-02	8.870086E+01
6.92093750000E+05	4.809452E-02	9.294618E+01
6.93962500000E+05	4.607923E-02	8.690774E+01
6.95831250000E+05	4.778688E-02	8.920190E+01
6.97700000000E+05	4.623541E-02	8.803572E+01
6.99568750000E+05	4.933774E-02	8.658675E+01
7.01437500000E+05	4.971955E-02	8.617626E+01
7.03306250000E+05	5.036807E-02	9.164030E+01
7.05175000000E+05	5.178602E-02	8.817079E+01
7.07043750000E+05	4.947359E-02	9.001129E+01
7.08912500000E+05	4.813906E-02	8.930663E+01
7.10781250000E+05	4.985898E-02	9.146580E+01
7.12650000000E+05	4.798799E-02	9.145379E+01
7.14518750000E+05	4.748431E-02	8.729956E+01
7.16387500000E+05	4.961524E-02	9.073061E+01
7.18256250000E+05	4.931498E-02	9.001738E+01
7.20125000000E+05	4.947199E-02	8.771241E+01
7.21993750000E+05	4.829884E-02	8.755261E+01
7.23862500000E+05	4.650158E-02	8.824761E+01
7.25731250000E+05	4.970440E-02	8.531056E+01
7.27600000000E+05	5.079220E-02	8.949470E+01
7.29468750000E+05	4.815850E-02	8.981055E+01
7.31337500000E+05	4.960616E-02	8.751137E+01
7.33206250000E+05	5.157167E-02	8.842093E+01
7.35075000000E+05	5.009855E-02	8.841101E+01
7.36943750000E+05	5.013705E-02	8.988305E+01
7.38812500000E+05	5.281746E-02	8.895452E+01
7.40681250000E+05	5.110734E-02	9.049120E+01
7.42550000000E+05	5.107926E-02	8.820258E+01
7.44418750000E+05	5.207747E-02	8.835444E+01
7.46287500000E+05	5.129717E-02	9.000976E+01
7.48156250000E+05	5.009909E-02	9.129187E+01
7.50025000000E+05	5.175675E-02	8.877053E+01
7.51893750000E+05	5.161670E-02	8.640455E+01
7.53762500000E+05	5.152734E-02	8.919202E+01
7.55631250000E+05	5.006706E-02	9.368449E+01
7.57500000000E+05	5.315615E-02	8.891723E+01
7.59368750000E+05	5.232137E-02	9.093887E+01
7.61237500000E+05	5.262503E-02	8.975222E+01
7.63106250000E+05	5.238381E-02	9.027404E+01
7.64975000000E+05	5.087058E-02	8.873368E+01
7.66843750000E+05	5.134258E-02	8.867287E+01
7.68712500000E+05	5.323209E-02	8.734085E+01
7.70581250000E+05	5.354545E-02	8.974361E+01
7.72450000000E+05	5.355754E-02	9.097119E+01
7.74318750000E+05	5.251383E-02	9.079649E+01
7.76187500000E+05	5.510765E-02	8.828178E+01
7.78056250000E+05	5.463577E-02	8.915895E+01
7.79925000000E+05	5.662743E-02	8.745515E+01
7.81793750000E+05	5.157837E-02	8.884698E+01
7.83662500000E+05	5.471556E-02	8.972017E+01
7.85531250000E+05	5.542868E-02	8.810582E+01
7.87400000000E+05	5.441757E-02	9.113985E+01
7.89268750000E+05	5.348251E-02	8.886810E+01
7.91137500000E+05	5.445649E-02	8.601735E+01
7.93006250000E+05	5.515106E-02	8.928687E+01
7.94875000000E+05	5.432903E-02	9.164231E+01
7.96743750000E+05	5.434937E-02	8.865269E+01
7.98612500000E+05	5.320783E-02	8.896324E+01
8.00481250000E+05	5.606520E-02	9.107677E+01
8.02350000000E+05	5.693708E-02	9.083570E+01
8.04218750000E+05	5.750541E-02	9.077160E+01
8.06087500000E+05	5.399678E-02	8.757481E+01
8.07956250000E+05	5.244099E-02	8.981111E+01
8.09825000000E+05	5.682781E-02	8.682991E+01
8.11693750000E+05	5.758750E-02	8.821808E+01
8.13562500000E+05	5.458946E-02	8.663302E+01
8.15431250000E+05	5.682532E-02	9.000983E+01
8.17300000000E+05	5.656045E-02	8.815118E+01
8.19168750000E+05	5.480277E-02	8.849113E+01
8.21037500000E+05	5.760112E-02	9.157536E+01
8.22906250000E+05	5.612236E-02	8.955218E+01
8.24775000000E+05	5.848040E-02	9.008389E+01
8.26643750000E+05	5.882116E-02	8.971625E+01
8.28512500000E+05	5.781278E-02	9.030221E+01
8.30381250000E+05	5.981563E-02	9.205882E+01
8.32250000000E+05	5.459655E-02	8.997314E+01
8.34118750000E+05	5.752717E-02	8.910973E+01
8.35987500000E+05	5.392550E-02	9.010380E+01
8.37856250000E+05	6.210436E-02	9.007578E+01
8.39725000000E+05	5.689115E-02	9.125121E+01
8.41593750000E+05	5.853452E-02	8.745649E+01
8.43462500000E+05	5.679990E-02	9.011031E+01
8.45331250000E+05	5.977392E-02	9.207970E+01
8.47200000000E+05	5.743670E-02	9.105182E+01
8.49068750000E+05	5.891627E-02	8.999308E+01
8.50937500000E+05	5.820351E-02	9.105064E+01
8.52806250000E+05	6.278586E-02	9.043295E+01
8.54675000000E+05	5.633412E-02	8.781691E+01
8.56543750000E+05	6.003411E-02	9.284411E+01
8.58412500000E+05	5.967281E-02	9.076892E+01
8.60281250000E+05	5.823326E-02	8.922082E+01
8.62150000000E+05	5.745569E-02	9.007384E+01
8.64018750000E+05	5.941424E-02	8.883322E+01
8.65887500000E+05	5.936907E-02	9.202494E+01
8.67756250000E+05	5.990049E-02	9.068097E+01
8.69625000000E+05	5.929550E-02	8.717656E+01
8.71493750000E+05	5.822740E-02	9.136438E+01
8.73362500000E+05	6.045552E-02	9.088199E+01
8.75231250000E+05	6.265254E-02	9.274203E+01
8.77100000000E+05	6.115564E-02	9.214120E+01
8.78968750000E+05	6.088084E-02	9.093439E+01
8.80837500000E+05	5.905221E-02	9.086269E+01
8.82706250000E+05	5.767243E-02	8.968441E+01
8.84575000000E+05	6.080031E-02	9.095854E+01
8.86443750000E+05	5.698101E-02	9.202151E+01
8.88312500000E+05	5.954755E-02	8.764019E+01
8.90181250000E+05	6.082379E-02	9.140206E+01
8.92050000000E+05	5.892001E-02	9.065882E+01
8.93918750000E+05	5.924301E-02	8.876707E+01
8.95787500000E+05	6.050741E-02	9.065732E+01
8.97656250000E+05	6.240328E-02	8.853038E+01
8.99525000000E+05	6.213238E-02	8.794359E+01
9.01393750000E+05	6.185214E-02	8.866438E+01
9.03262500000E+05	6.235283E-02	8.975944E+01
9.05131250000E+05	6.193759E-02	9.151686E+01
9.07000000000E+05	6.262786E-02	9.159464E+01
9.08868750000E+05	6.135619E-02	8.981770E+01
9.10737500000E+05	6.237880E-02	8.826550E+01
9.12606250000E+05	6.307567E-02	9.046250E+01
9.14475000000E+05	6.044104E-02	8.794904E+01
9.16343750000E+05	6.439863E-02	8.896442E+01
9.18212500000E+05	6.486341E-02	9.348067E+01
9.20081250000E+05	6.262735E-02	9.062653E+01
9.21950000000E+05	6.128586E-02	8.884544E+01
9.23818750000E+05	6.078666E-02	9.062532E+01
9.25687500000E+05	6.425388E-02	9.076219E+01
9.27556250000E+05	6.339797E-02	8.920570E+01
9.29425000000E+05	6.472644E-02	9.093611E+01
9.31293750000E+05	6.187738E-02	9.084293E+01
9.33162500000E+05	6.285153E-02	9.092459E+01
9.35031250000E+05	6.341070E-02	8.965838E+01
9.36900000000E+05	6.553554E-02	8.927098E+01
9.38768750000E+05	6.470942E-02	9.090905E+01
9.40637500000E+05	6.605763E-02	9.031129E+01
9.42506250000E+05	6.383979E-02	8.744829E+01
9.44375000000E+05	6.669141E-02	8.930846E+01
9.46243750000E+05	6.648974E-02	9.114597E+01
9.48112500000E+05	6.287412E-02	9.077994E+01
9.49981250000E+05	6.512827E-02	9.091958E+01
9.51850000000E+05	6.706873E-02	9.157558E+01
9.53718750000E+05	6.689083E-02	9.287796E+01
9.55587500000E+05	6.651568E-02	9.064827E+01
9.57456250000E+05	6.266045E-02	8.994255E+01
9.59325000000E+05	6.689436E-02	9.272564E+01
9.61193750000E+05	6.560376E-02	8.767571E+01
9.63062500000E+05	6.694224E-02	9.024218E+01
9.64931250000E+05	6.388137E-02	8.914675E+01
9.66800000000E+05	6.693013E-02	9.084560E+01
9.68668750000E+05	6.557773E-02	8.809936E+01
9.70537500000E+05	6.568746E-02	9.038203E+01
9.72406250000E+05	6.855963E-02	9.239590E+01
9.74275000000E+05	6.881787E-02	9.314480E+01
9.76143750000E+05	6.742269E-02	9.257528E+01
9.78012500000E+05	6.615237E-02	9.092358E+01
9.79881250000E+05	6.633586E-02	9.038725E+01
9.81750000000E+05	6.617288E-02	9.160478E+01
9.83618750000E+05	6.860027E-02	9.317747E+01
9.85487500000E+05	6.386130E-02	9.071495E+01
9.87356250000E+05	6.877802E-02	8.988365E+01
9.89225000000E+05	6.542599E-02	9.009699E+01
9.91093750000E+05	6.621322E-02	9.061959E+01
9.92962500000E+05	6.747772E-02	8.958631E+01
9.94831250000E+05	6.546309E-02	9.191167E+01
9.96700000000E+05	6.989270E-02	9.137791E+01
9.98568750000E+05	6.719241E-02	9.266000E+01
1.00043750000E+06	6.718376E-02	9.352610E+01
1.00230625000E+06	6.657498E-02	8.959241E+01
1.00417500000E+06	6.765746E-02	9.153973E+01
1.00604375000E+06	6.839781E-02	9.135168E+01
1.00791250000E+06	6.832039E-02	8.962437E+01
1.00978125000E+06	6.853995E-02	9.017461E+01
1.01165000000E+06	6.682165E-02	9.128422E+01
1.01351875000E+06	7.031170E-02	9.051741E+01
1.01538750000E+06	7.016218E-02	9.359949E+01
1.01725625000E+06	7.096772E-02	9.143773E+01
1.01912500000E+06	6.907195E-02	9.264122E+01
1.02099375000E+06	6.920555E-02	8.908357E+01
1.02286250000E+06	6.803122E-02	9.260988E+01
1.02473125000E+06	6.973588E-02	9.491591E+01
1.02660000000E+06	7.065684E-02	8.866767E+01
1.02846875000E+06	6.925822E-02	9.125997E+01
1.03033750000E+06	7.155287E-02	8.963235E+01
1.03220625000E+06	6.850375E-02	8.968388E+01
1.03407500000E+06	7.065600E-02	9.146458E+01
1.03594375000E+06	7.175161E-02	9.159044E+01
1.03781250000E+06	7.013115E-02	9.052533E+01
1.03968125000E+06	6.885491E-02	9.353583E+01
1.04155000000E+06	6.854609E-02	9.254958E+01
1.04341875000E+06	7.027835E-02	9.076877E+01
1.04528750000E+06	7.138430E-02	9.093746E+01
1.04715625000E+06	7.147772E-02	9.133556E+01
1.04902500000E+06	7.024855E-02	9.078178E+01
1.05089375000E+06	7.175608E-02	9.067249E+01
1.05276250000E+06	6.883401E-02	9.358900E+01
1.05463125000E+06	7.108919E-02	9.208398E+01
1.05650000000E+06	7.276638E-02	9.176387E+01
1.05836875000E+06	7.258303E-02	8.971125E+01
1.06023750000E+06	7.265172E-02	9.165614E+01
1.06210625000E+06	7.214062E-02	9.081258E+01
1.06397500000E+06	7.133006E-02	9.166579E+01
1.06584375000E+06	7.277130E-02	9.137458E+01
1.06771250000E+06	7.535966E-02	9.058096E+01
1.06958125000E+06	7.197978E-02	9.068664E+01
1.07145000000E+06	7.161409E-02	9.162857E+01
1.07331875000E+06	7.140502E-02	9.135416E+01
1.07518750000E+06	7.445946E-02	8.906285E+01
1.07705625000E+06	7.377011E-02	9.265757E+01
1.07892500000E+06	7.375988E-02	9.148277E+01
1.08079375000E+06	7.305215E-02	9.318742E+01
1.08266250000E+06	7.205116E-02	9.149899E+01
1.08453125000E+06	7.383095E-02	9.018791E+01
1.08640000000E+06	7.328968E-02	9.315977E+01
1.08826875000E+06	7.255351E-02	9.161155E+01
1.09013750000E+06	7.347434E-02	9.051835E+01
1.09200625000E+06	7.143074E-02	9.042387E+01
1.09387500000E+06	7.231131E-02	8.997060E+01
1.09574375000E+06	7.303248E-02	8.933205E+01
1.09761250000E+06	7.212774E-02	9.160117E+01
1.09948125000E+06	7.438786E-02	9.189243E+01
1.10135000000E+06	7.771924E-02	8.985860E+01
1.10321875000E+06	7.682287E-02	8.978111E+01
1.10508750000E+06	7.251675E-02	9.329740E+01
1.10695625000E+06	7.653635E-02	9.181969E+01
1.10882500000E+06	7.563341E-02	8.848291E+01
1.11069375000E+06	7.197659E-02	9.322023E+01
1.11256250000E+06	7.343873E-02	9.213387E+01
1.11443125000E+06	7.751323E-02	9.293124E+01
1.11630000000E+06	7.919423E-02	8.909030E+01
1.11816875000E+06	7.511626E-02	9.186516E+01
1.12003750000E+06	7.702348E-02	9.173480E+01
1.12190625000E+06	7.391144E-02	9.102397E+01
1.12377500000E+06	7.505704E-02	8.962113E+01
1.12564375000E+06	7.624486E-02	9.144217E+01
1.12751250000E+06	7.762224E-02	9.165797E+01
1.12938125000E+06	7.705355E-02	8.994418E+01
1.13125000000E+06	7.851817E-02	9.014938E+01
1.13311875000E+06	7.789999E-02	9.274390E+01
1.13498750000E+06	7.766514E-02	9.231577E+01
1.13685625000E+06	7.917302E-02	9.133515E+01
1.13872500000E+06	7.881147E-02	9.056277E+01
1.14059375000E+06	7.653802E-02	9.206300E+01
1.14246250000E+06	7.443066E-02	9.062132E+01
1.14433125000E+06	7.826210E-02	9.032228E+01
1.14620000000E+06	7.777595E-02	9.106648E+01
1.14806875000E+06	7.691285E-02	9.284584E+01
1.14993750000E+06	7.617754E-02	9.028315E+01
1.15180625000E+06	8.007602E-02	9.336860E+01
1.15367500000E+06	7.709444E-02	9.200569E+01
1.15554375000E+06	7.782004E-02	9.243419E+01
1.15741250000E+06	7.957200E-02	8.980384E+01
1.15928125000E+06	7.900459E-02	9.050004E+01
1.16115000000E+06	7.927028E-02	9.135426E+01
1.16301875000E+06	7.933398E-02	9.067613E+01
1.16488750000E+06	8.088279E-02	9.260601E+01
1.16675625000E+06	8.022393E-02	9.381257E+01
1.16862500000E+06	7.543192E-02	9.161273E+01
1.17049375000E+06	8.030237E-02	9.203141E+01
1.17236250000E+06	7.802805E-02	9.206147E+01
1.17423125000E+06	7.850061E-02	9.100985E+01
1.17610000000E+06	7.760932E-02	9.172601E+01
1.17796875000E+06	8.054812E-02	9.300732E+01
1.17983750000E+06	7.650070E-02	9.043829E+01
1.18170625000E+06	8.238815E-02	9.272022E+01
1.18357500000E+06	7.871537E-02	9.100338E+01
1.18544375000E+06	7.931706E-02	9.245609E+01
1.18731250000E+06	8.160989E-02	9.277964E+01
1.18918125000E+06	8.033336E-02	8.981881E+01
1.19105000000E+06	7.908844E-02	9.237514E+01
1.19291875000E+06	7.967401E-02	9.034866E+01
1.19478750000E+06	7.916947E-02	9.207585E+01
1.19665625000E+06	8.012071E-02	9.147276E+01
1.19852500000E+06	8.354680E-02	9.099413E+01
1.20039375000E+06	8.177285E-02	9.007761E+01
1.20226250000E+06	7.993396E-02	9.180656E+01
1.20413125000E+06	7.867688E-02	9.277723E+01
1.20600000000E+06	8.027147E-02	9.143423E+01
1.20786875000E+06	8.051252E-02	9.082428E+01
1.20973750000E+06	8.253220E-02	9.183572E+01
1.21160625000E+06	8.449034E-02	9.173494E+01
1.21347500000E+06	8.511642E-02	9.281384E+01
1.21534375000E+06	8.446597E-02	9.142425E+01
1.21721250000E+06	8.314262E-02	9.329075E+01
1.21908125000E+06	8.375040E-02	8.985237E+01
1.22095000000E+06	8.254624E-02	9.054244E+01
1.22281875000E+06	8.614249E-02	9.146006E+01
1.22468750000E+06	8.087653E-02	9.068695E+01
1.22655625000E+06	8.177201E-02	9.029883E+01
1.22842500000E+06	8.200915E-02	9.010541E+01
1.23029375000E+06	8.195867E-02	9.261917E+01
1.23216250000E+06	8.316772E-02	9.186765E+01
1.23403125000E+06	8.176240E-02	9.015713E+01
1.23590000000E+06	8.209317E-02	9.176649E+01
1.23776875000E+06	8.252817E-02	9.009148E+01
1.23963750000E+06	8.490084E-02	9.083819E+01
1.24150625000E+06	8.507470E-02	9.008961E+01
1.24337500000E+06	8.110321E-02	8.978996E+01
1.24524375000E+06	7.942924E-02	9.001441E+01
1.24711250000E+06	8.526088E-02	9.296670E+01
1.24898125000E+06	8.207959E-02	9.122207E+01
1.25085000000E+06	8.711537E-02	9.249080E+01
1.25271875000E+06	8.421374E-02	9.056290E+01
1.25458750000E+06	8.509639E-02	9.139215E+01
1.25645625000E+06	8.548746E-02	9.096502E+01
1.25832500000E+06	8.587335E-02	9.270799E+01
1.26019375000E+06	8.472545E-02	9.077129E+01
1.26206250000E+06	8.079358E-02	8.959647E+01
1.26393125000E+06	8.479215E-02	9.036581E+01
1.26580000000E+06	8.487011E-02	9.059073E+01
1.26766875000E+06	8.457173E-02	9.159126E+01
1.26953750000E+06	8.534818E-02	9.173627E+01
1.27140625000E+06	8.587716E-02	9.142991E+01
1.27327500000E+06	8.586297E-02	9.171403E+01
1.27514375000E+06	8.922148E-02	9.305373E+01
1.27701250000E+06	8.443406E-02	9.243466E+01
1.27888125000E+06	8.353430E-02	9.381936E+01
1.28075000000E+06	8.656929E-02	9.111694E+01
1.28261875000E+06	8.716010E-02	9.034912E+01
1.28448750000E+06	8.388603E-02	9.136195E+01
1.28635625000E+06	8.719461E-02	9.273347E+01
1.28822500000E+06	8.633120E-02	9.172722E+01
1.29009375000E+06	8.565594E-02	9.235419E+01
1.29196250000E+06	8.597939E-02	9.189357E+01
1.29383125000E+06	8.509559E-02	9.251040E+01
1.29570000000E+06	8.531469E-02	9.145940E+01
1.29756875000E+06	8.797361E-02	9.272749E+01
1.29943750000E+06	8.682596E-02	9.224020E+01
1.30130625000E+06	8.643692E-02	9.017261E+01
1.30317500000E+06	8.823875E-02	9.216621E+01
1.30504375000E+06	8.893202E-02	9.120492E+01
1.30691250000E+06	8.708899E-02	9.060933E+01
1.30878125000E+06	8.759611E-02	9.326563E+01
1.31065000000E+06	8.745386E-02	9.156707E+01
1.31251875000E+06	8.955234E-02	9.182893E+01
1.31438750000E+06	8.931757E-02	9.144144E+01
1.31625625000E+06	9.103195E-02	9.219424E+01
1.31812500000E+06	8.715707E-02	9.030010E+01
1.31999375000E+06	8.562259E-02	9.395744E+01
1.32186250000E+06	9.137830E-02	9.239898E+01
1.32373125000E+06	8.728001E-02	9.334946E+01
1.32560000000E+06	9.100293E-02	9.147536E+01
1.32746875000E+06	8.836795E-02	9.132913E+01
1.32933750000E+06	8.775859E-02	9.030733E+01
1.33120625000E+06	8.851223E-02	9.109584E+01
1.33307500000E+06	8.875208E-02	9.250528E+01
1.33494375000E+06	8.872522E-02	9.222724E+01
1.33681250000E+06	8.700433E-02	9.209335E+01
1.33868125000E+06	9.075890E-02	9.199947E+01
1.34055000000E+06	9.140988E-02	9.232877E+01
1.34241875000E+06	8.856449E-02	9.255692E+01
1.34428750000E+06	8.915673E-02	9.272176E+01
1.34615625000E+06	8.965731E-02	9.237006E+01
1.34802500000E+06	8.843686E-02	9.166481E+01
1.34989375000E+06	9.137593E-02	9.101504E+01
1.35176250000E+06	9.121159E-02	9.123491E+01
1.35363125000E+06	9.152082E-02	9.164010E+01
1.35550000000E+06	8.938367E-02	9.135879E+01
1.35736875000E+06	9.038130E-02	9.130513E+01
1.35923750000E+06	9.092372E-02	9.336716E+01
1.36110625000E+06	8.463822E-02	9.180637E+01
1.36297500000E+06	8.848212E-02	9.233176E+01
1.36484375000E+06	9.037224E-02	9.096050E+01
1.36671250000E+06	8.926304E-02	9.017479E+01
1.36858125000E+06	9.270975E-02	9.117513E+01
1.37045000000E+06	9.108987E-02	9.325335E+01
1.37231875000E+06	9.143260E-02	9.344427E+01
1.37418750000E+06	9.414756E-02	9.149954E+01
1.37605625000E+06	9.159888E-02	9.293409E+01
1.37792500000E+06	9.068314E-02	9.171703E+01
1.37979375000E+06	8.981530E-02	9.248561E+01
1.38166250000E+06	9.395774E-02	9.201826E+01
1.38353125000E+06	9.014240E-02	9.106898E+01
1.38540000000E+06	9.252235E-02	9.220716E+01
1.38726875000E+06	9.189269E-02	9.148842E+01
1.38913750000E+06	9.307043E-02	9.334378E+01
1.39100625000E+06	9.366792E-02	9.380209E+01
1.39287500000E+06	9.308397E-02	9.236913E+01
1.39474375000E+06	9.084016E-02	9.086693E+01
1.39661250000E+06	9.270540E-02	9.114501E+01
1.39848125000E+06	9.350322E-02	9.166395E+01
1.40035000000E+06	9.348925E-02	9.240869E+01
1.40221875000E+06	9.475505E-02	9.171851E+01
1.40408750000E+06	9.298684E-02	9.132589E+01
1.40595625000E+06	9.415396E-02	9.239709E+01
1.40782500000E+06	9.321128E-02	9.359258E+01
1.40969375000E+06	9.405380E-02	9.029156E+01
1.41156250000E+06	9.349696E-02	9.213759E+01
1.41343125000E+06	9.347469E-02	9.149171E+01
1.41530000000E+06	9.473447E-02	9.245813E+01
1.41716875000E+06	9.595679E-02	9.319350E+01
1.41903750000E+06	9.766806E-02	9.250712E+01
1.42090625000E+06	9.690545E-02	9.274641E+01
1.42277500000E+06	9.389765E-02	9.421827E+01
1.42464375000E+06	9.454614E-02	9.305380E+01
1.42651250000E+06	9.574351E-02	9.248207E+01
1.42838125000E+06	9.565163E-02	9.149564E+01
1.43025000000E+06	9.529646E-02	9.184575E+01
1.43211875000E+06	9.404432E-02	9.316611E+01
1.43398750000E+06	9.502481E-02	9.262923E+01
1.43585625000E+06	9.519035E-02	9.166118E+01
1.43772500000E+06	9.695064E-02	9.364136E+01
1.43959375000E+06	9.407049E-02	9.191319E+01
1.44146250000E+06	9.608975E-02	9.188603E+01
1.44333125000E+06	9.506126E-02	9.100130E+01
1.44520000000E+06	9.989584E-02	9.218042E+01
1.44706875000E+06	9.611289E-02	9.168893E+01
1.44893750000E+06	9.778047E-02	9.283768E+01
1.45080625000E+06	9.428513E-02	9.297536E+01
1.45267500000E+06	9.743289E-02	9.381110E+01
1.45454375000E+06	9.768319E-02	9.166109E+01
1.45641250000E+06	9.901311E-02	9.225730E+01
1.45828125000E+06	9.598739E-02	9.164736E+01
1.46015000000E+06	9.652659E-02	9.267271E+01
1.46201875000E+06	9.760460E-02	9.357559E+01
1.46388750000E+06	9.745920E-02	9.273367E+01
1.46575625000E+06	9.636519E-02	9.320222E+01
1.46762500000E+06	9.896825E-02	9.259792E+01
1.46949375000E+06	9.738649E-02	9.309828E+01
1.47136250000E+06	9.621309E-02	9.233224E+01
1.47323125000E+06	9.655653E-02	9.188115E+01
1.47510000000E+06	9.615724E-02	9.310964E+01
1.47696875000E+06	9.878059E-02	9.273907E+01
1.47883750000E+06	9.839883E-02	9.122547E+01
1.48070625000E+06	9.858691E-02	9.352406E+01
1.48257500000E+06	9.837843E-02	9.448576E+01
1.48444375000E+06	9.870061E-02	9.241000E+01
1.48631250000E+06	9.774374E-02	9.374985E+01
1.48818125000E+06	9.746290E-02	9.151669E+01
1.49005000000E+06	9.762094E-02	9.245418E+01
1.49191875000E+06	9.769033E-02	9.245263E+01
1.49378750000E+06	9.798589E-02	9.290542E+01
1.49565625000E+06	9.959614E-02	9.214835E+01
1.49752500000E+06	1.008327E-01	9.412278E+01
1.49939375000E+06	9.689029E-02	9.212848E+01
1.50126250000E+06	9.897751E-02	9.405444E+01
1.50313125000E+06	9.977460E-02	9.281921E+01
1.50500000000E+06	9.913574E-02	9.306179E+01
1.50686875000E+06	9.678858E-02	9.087698E+01
1.50873750000E+06	9.917261E-02	9.244637E+01
1.51060625000E+06	1.024725E-01	9.424722E+01
1.51247500000E+06	1.001936E-01	9.422434E+01
1.51434375000E+06	9.973264E-02	9.316590E+01
1.51621250000E+06	9.804212E-02	9.173925E+01
1.51808125000E+06	9.991752E-02	9.143088E+01
1.51995000000E+06	1.016904E-01	9.417914E+01
1.52181875000E+06	9.945245E-02	9.313834E+01
1.52368750000E+06	9.939943E-02	9.438317E+01
1.52555625000E+06	1.000641E-01	9.285016E+01
1.52742500000E+06	1.007343E-01	9.210957E+01
1.52929375000E+06	1.008327E-01	9.229134E+01
1.53116250000E+06	1.033609E-01	9.543189E+01
1.53303125000E+06	9.993784E-02	9.247909E+01
1.53490000000E+06	1.010498E-01	9.187228E+01
1.53676875000E+06	1.002839E-01	9.230807E+01
1.53863750000E+06	9.761029E-02	9.154797E+01
1.54050625000E+06	1.019130E-01	9.273315E+01
1.54237500000E+06	1.027817E-01	9.226504E+01
1.54424375000E+06	9.947673E-02	9.074069E+01
1.54611250000E+06	1.011284E-01	9.236954E+01
1.54798125000E+06	1.017196E-01	9.259080E+01
1.54985000000E+06	1.027743E-01	9.163462E+01
1.55171875000E+06	1.033044E-01	9.372046E+01
1.55358750000E+06	1.017274E-01	9.512271E+01
1.55545625000E+06	1.020218E-01	9.453117E+01
1.55732500000E+06	9.847668E-02	9.424667E+01
1.55919375000E+06	1.028595E-01	9.358525E+01
1.56106250000E+06	1.048835E-01	9.340170E+01
1.56293125000E+06	1.012340E-01	9.356953E+01
1.56480000000E+06	1.035407E-01	9.393236E+01
1.56666875000E+06	1.028881E-01	9.242673E+01
1.56853750000E+06	1.016558E-01	9.297614E+01
1.57040625000E+06	1.037195E-01	9.274605E+01
1.57227500000E+06	1.029636E-01	9.358334E+01
1.57414375000E+06	1.048801E-01	9.277064E+01
1.57601250000E+06	1.020929E-01	9.267469E+01
1.57788125000E+06	1.048940E-01	9.217154E+01
1.57975000000E+06	1.040773E-01	9.324750E+01
1.58161875000E+06	1.049742E-01	9.352371E+01
1.58348750000E+06	1.057066E-01	9.319881E+01
1.58535625000E+06	1.063674E-01	9.256377E+01
1.58722500000E+06	1.008465E-01	9.354240E+01
1.58909375000E+06	1.052141E-01	9.302232E+01
1.59096250000E+06	1.040978E-01	9.324223E+01
1.59283125000E+06	1.060889E-01	9.169239E+01
1.59470000000E+06	1.053079E-01	9.295518E+01
1.59656875000E+06	1.036956E-01	9.117221E+01
1.59843750000E+06	1.043773E-01	9.401671E+01
1.60030625000E+06	1.071522E-01	9.429263E+01
1.60217500000E+06	1.048715E-01	9.391851E+01
1.60404375000E+06	1.076623E-01	9.324883E+01
1.60591250000E+06	1.066472E-01	9.177946E+01
1.60778125000E+06	1.062494E-01	9.364193E+01
1.60965000000E+06	1.057946E-01	9.294115E+01
1.61151875000E+06	1.047754E-01	9.150336E+01
1.61338750000E+06	1.098987E-01	9.416125E+01
1.61525625000E+06	1.064148E-01	9.351759E+01
1.61712500000E+06	1.088480E-01	9.298132E+01
1.61899375000E+06	1.035374E-01	9.283369E+01
1.62086250000E+06	1.058580E-01	9.200688E+01
1.62273125000E+06	1.037097E-01	9.296664E+01
1.62460000000E+06	1.069884E-01	9.251823E+01
1.62646875000E+06	1.084791E-01	9.299364E+01
1.62833750000E+06	1.063103E-01	9.303608E+01
1.63020625000E+06	1.091610E-01	9.330137E+01
1.63207500000E+06	1.062652E-01	9.317903E+01
1.63394375000E+06	1.057259E-01	9.311301E+01
1.63581250000E+06	1.077311E-01	9.236405E+01
1.63768125000E+06	1.066749E-01	9.447192E+01
1.63955000000E+06	1.065029E-01	9.271194E+01
1.64141875000E+06	1.055109E-01	9.329277E+01
1.64328750000E+06	1.103964E-01	9.390505E+01
1.64515625000E+06	1.069583E-01	9.290749E+01
1.64702500000E+06	1.080084E-01	9.234971E+01
1.64889375000E+06	1.071526E-01	9.233797E+01
1.65076250000E+06	1.082072E-01	9.201001E+01
1.65263125000E+06	1.086347E-01	9.263510E+01
1.65450000000E+06	1.087085E-01	9.255758E+01
1.65636875000E+06	1.099124E-01	9.316069E+01
1.65823750000E+06	1.081207E-01	9.269021E+01
1.66010625000E+06	1.105908E-01	9.322559E+01
1.66197500000E+06	1.110068E-01	9.291451E+01
1.66384375000E+06	1.072155E-01	9.396931E+01
1.66571250000E+06	1.086708E-01	9.302061E+01
1.66758125000E+06	1.107755E-01	9.272541E+01
1.66945000000E+06	1.116279E-01	9.256935E+01
1.67131875000E+06	1.080518E-01	9.324799E+01
1.67318750000E+06	1.098163E-01	9.373794E+01
1.67505625000E+06	1.078261E-01	9.338387E+01
1.67692500000E+06	1.107611E-01	9.295681E+01
1.67879375000E+06	1.143432E-01	9.279452E+01
1.68066250000E+06	1.122864E-01	9.456738E+01
1.68253125000E+06	1.096847E-01	9.356096E+01
1.68440000000E+06	1.105842E-01	9.381596E+01
1.68626875000E+06	1.111629E-01	9.397042E+01
1.68813750000E+06	1.102856E-01	9.371467E+01
1.69000625000E+06	1.103982E-01	9.449831E+01
1.69187500000E+06	1.092855E-01	9.337108E+01
1.69374375000E+06	1.089076E-01	9.383275E+01
1.69561250000E+06	1.114934E-01	9.333788E+01
1.69748125000E+06	1.077416E-01	9.329945E+01
1.69935000000E+06	1.127445E-01	9.438921E+01
1.70121875000E+06	1.104920E-01	9.288897E+01
1.70308750000E+06	1.116071E-01	9.160122E+01
1.70495625000E+06	1.109317E-01	9.333239E+01
1.70682500000E+06	1.107466E-01	9.309373E+01
1.70869375000E+06	1.100291E-01	9.360265E+01
1.71056250000E+06	1.109773E-01	9.214801E+01
1.71243125000E+06	1.108474E-01	9.380508E+01
1.71430000000E+06	1.123002E-01	9.364481E+01
1.71616875000E+06	1.131457E-01	9.444721E+01
1.71803750000E+06	1.104817E-01	9.453362E+01
1.71990625000E+06	1.133977E-01	9.334053E+01
1.72177500000E+06	1.156628E-01	9.464601E+01
1.72364375000E+06	1.125175E-01	9.354597E+01
1.72551250000E+06	1.133432E-01	9.392267E+01
1.72738125000E+06	1.137990E-01	9.230946E+01
1.72925000000E+06	1.114740E-01	9.275127E+01
1.73111875000E+06	1.152677E-01	9.281010E+01
1.73298750000E+06	1.154627E-01	9.286133E+01
1.73485625000E+06	1.156299E-01	9.514482E+01
1.73672500000E+06	1.144863E-01	9.327833E+01
1.73859375000E+06	1.144826E-01	9.321694E+01
1.74046250000E+06	1.148892E-01	9.459148E+01
1.74233125000E+06	1.137581E-01	9.370010E+01
1.74420000000E+06	1.137213E-01	9.281426E+01
1.74606875000E+06	1.161417E-01	9.356425E+01
1.74793750000E+06	1.146260E-01	9.315881E+01
1.74980625000E+06	1.135021E-01	9.486194E+01
1.75167500000E+06	1.169333E-01	9.412908E+01
1.75354375000E+06	1.136518E-01	9.311288E+01
1.75541250000E+06	1.153609E-01	9.370780E+01
1.75728125000E+06	1.137862E-01	9.264976E+01
1.75915000000E+06	1.128321E-01	9.132748E+01
1.76101875000E+06	1.163103E-01	9.253541E+01
1.76288750000E+06	1.142765E-01	9.361309E+01
1.76475625000E+06	1.156015E-01	9.387575E+01
1.76662500000E+06	1.174605E-01	9.287302E+01
1.76849375000E+06	1.149177E-01	9.303679E+01
1.77036250000E+06	1.164158E-01	9.307403E+01
1.77223125000E+06	1.169443E-01	9.307742E+01
1.77410000000E+06	1.166188E-01	9.387582E+01
1.77596875000E+06	1.165320E-01	9.297882E+01
1.77783750000E+06	1.131881E-01	9.385470E+01
1.77970625000E+06	1.155875E-01	9.478768E+01
1.78157500000E+06	1.154280E-01	9.476376E+01
1.78344375000E+06	1.194284E-01	9.353907E+01
1.78531250000E+06	1.169213E-01	9.276308E+01
1.78718125000E+06	1.152667E-01	9.361926E+01
1.78905000000E+06	1.159218E-01	9.253795E+01
1.79091875000E+06	1.199118E-01	9.497128E+01
1.79278750000E+06	1.177640E-01	9.291103E+01
1.79465625000E+06	1.165770E-01	9.301106E+01
1.79652500000E+06	1.163082E-01	9.369112E+01
1.79839375000E+06	1.212960E-01	9.304351E+01
1.80026250000E+06	1.170833E-01	9.309798E+01
1.80213125000E+06	1.161824E-01	9.210155E+01
1.80400000000E+06	1.181533E-01	9.339589E+01
1.80586875000E+06	1.180238E-01	9.402996E+01
1.80773750000E+06	1.170135E-01	9.290133E+01
1.80960625000E+06	1.164500E-01	9.448293E+01
1.81147500000E+06	1.178899E-01	9.327793E+01
1.81334375000E+06	1.186217E-01	9.433380E+01
1.81521250000E+06	1.189538E-01	9.381718E+01
1.81708125000E+06	1.160521E-01	9.287962E+01
1.81895000000E+06	1.186624E-01	9.423123E+01
1.82081875000E+06	1.194481E-01	9.312820E+01
1.82268750000E+06	1.174975E-01	9.304568E+01
1.82455625000E+06	1.222106E-01	9.356024E+01
1.82642500000E+06	1.189128E-01	9.319231E+01
1.82829375000E+06	1.197009E-01	9.257588E+01
1.83016250000E+06	1.197239E-01	9.342616E+01
1.83203125000E+06	1.171762E-01	9.350578E+01
1.83390000000E+06	1.193165E-01	9.269447E+01
1.83576875000E+06	1.191810E-01	9.284208E+01
1.83763750000E+06	1.171027E-01	9.297043E+01
1.83950625000E+06	1.179423E-01	9.261106E+01
1.84137500000E+06	1.190964E-01	9.265572E+01
1.84324375000E+06	1.186661E-01	9.442097E+01
1.84511250000E+06	1.209477E-01	9.323587E+01
1.84698125000E+06	1.197610E-01	9.142481E+01
1.84885000000E+06	1.193847E-01	9.239912E+01
1.85071875000E+06	1.193936E-01	9.399269E+01
1.85258750000E+06	1.194883E-01	9.375871E+01
1.85445625000E+06	1.216546E-01	9.338465E+01
1.85632500000E+06	1.200525E-01	9.213042E+01
1.85819375000E+06	1.221122E-01	9.327451E+01
1.86006250000E+06	1.222904E-01	9.230383E+01
1.86193125000E+06	1.201122E-01	9.415988E+01
1.86380000000E+06	1.198402E-01	9.324802E+01
1.86566875000E+06	1.200046E-01	9.302388E+01
1.86753750000E+06	1.223036E-01	9.268472E+01
1.86940625000E+06	1.186935E-01	9.172806E+01
1.87127500000E+06	1.211647E-01	9.393528E+01
1.87314375000E+06	1.221832E-01	9.391219E+01
1.87501250000E+06	1.197568E-01	9.442178E+01
1.87688125000E+06	1.212514E-01	9.355638E+01
1.87875000000E+06	1.208749E-01	9.227540E+01
1.88061875000E+06	1.210825E-01	9.227312E+01
1.88248750000E+06	1.220122E-01	9.252785E+01
1.88435625000E+06	1.206174E-01	9.350168E+01
1.88622500000E+06	1.213047E-01	9.284581E+01
1.88809375000E+06	1.247631E-01	9.336998E+01
1.88996250000E+06	1.254889E-01	9.323708E+01
1.89183125000E+06	1.226706E-01	9.334858E+01
1.89370000000E+06	1.196286E-01	9.256040E+01
1.89556875000E+06	1.234085E-01	9.313636E+01
1.89743750000E+06	1.206707E-01	9.379621E+01
1.89930625000E+06	1.235838E-01	9.274864E+01
1.90117500000E+06	1.205622E-01	9.194788E+01
1.90304375000E+06	1.214415E-01	9.343521E+01
1.90491250000E+06	1.215079E-01	9.267943E+01
1.90678125000E+06	1.209208E-01	9.382144E+01
1.90865000000E+06	1.237054E-01	9.297037E+01
1.91051875000E+06	1.243740E-01	9.358724E+01
1.91238750000E+06	1.231020E-01	9.313888E+01
1.91425625000E+06	1.232672E-01	9.413229E+01
1.91612500000E+06	1.254363E-01	9.272366E+01
1.91799375000E+06	1.244415E-01	9.337906E+01
1.91986250000E+06	1.215667E-01	9.417105E+01
1.92173125000E+06	1.234705E-01	9.290993E+01
1.92360000000E+06	1.225333E-01	9.361189E+01
1.92546875000E+06	1.209901E-01	9.397351E+01
1.92733750000E+06	1.244296E-01	9.366335E+01
1.92920625000E+06	1.229371E-01	9.488036E+01
1.93107500000E+06	1.234136E-01	9.228104E+01
1.93294375000E+06	1.246121E-01	9.347552E+01
1.93481250000E+06	1.243944E-01	9.494106E+01
1.93668125000E+06	1.250383E-01	9.330382E+01
1.93855000000E+06	1.252205E-01	9.350257E+01
1.94041875000E+06	1.253643E-01	9.420122E+01
1.94228750000E+06	1.260856E-01	9.290411E+01
1.94415625000E+06	1.229935E-01	9.417489E+01
1.94602500000E+06	1.247598E-01	9.312932E+01
1.94789375000E+06	1.252585E-01	9.487199E+01
1.94976250000E+06	1.261315E-01	9.295560E+01
1.95163125000E+06	1.239147E-01	9.254510E+01
1.95350000000E+06	1.255859E-01	9.352215E+01
1.95536875000E+06	1.244487E-01	9.287886E+01
1.95723750000E+06	1.277281E-01	9.335300E+01
1.95910625000E+06	1.250975E-01	9.353587E+01
1.96097500000E+06	1.257371E-01	9.314117E+01
1.96284375000E+06	1.255880E-01	9.369710E+01
1.96471250000E+06	1.235764E-01	9.308720E+01
1.96658125000E+06	1.254169E-01	9.336620E+01
1.96845000000E+06	1.254636E-01	9.466534E+01
1.97031875000E+06	1.246213E-01	9.385554E+01
1.97218750000E+06	1.265441E-01	9.287440E+01
1.97405625000E+06	1.233767E-01	9.386496E+01
1.97592500000E+06	1.260005E-01	9.434579E+01
1.97779375000E+06	1.237208E-01	9.371080E+01
1.97966250000E+06	1.317757E-01	9.440060E+01
1.98153125000E+06	1.260271E-01	9.406950E+01
1.98340000000E+06	1.242426E-01	9.329727E+01
1.98526875000E+06	1.279132E-01	9.374870E+01
1.98713750000E+06	1.285561E-01	9.336211E+01
1.98900625000E+06	1.282343E-01	9.441331E+01
1.99087500000E+06	1.247022E-01	9.462234E+01
1.99274375000E+06	1.266783E-01	9.364246E+01
1.99461250000E+06	1.254842E-01	9.401219E+01
1.99648125000E+06	1.277467E-01	9.492046E+01
1.99835000000E+06	1.292430E-01	9.362788E+01
2.00021875000E+06	1.240866E-01	9.490244E+01
2.00208750000E+06	1.279547E-01	9.410883E+01
2.00395625000E+06	1.270814E-01	9.470501E+01
2.00582500000E+06	1.293677E-01	9.385723E+01
2.00769375000E+06	1.278962E-01	9.350519E+01
2.00956250000E+06	1.298643E-01	9.365467E+01
2.01143125000E+06	1.248665E-01	9.429082E+01
2.01330000000E+06	1.270489E-01	9.385737E+01
2.01516875000E+06	1.278424E-01	9.337502E+01
2.01703750000E+06	1.297943E-01	9.368263E+01
2.01890625000E+06	1.253138E-01	9.416190E+01
2.02077500000E+06	1.303447E-01	9.382948E+01
2.02264375000E+06	1.279398E-01	9.375277E+01
2.02451250000E+06	1.262003E-01	9.387954E+01
2.02638125000E+06	1.280983E-01	9.359888E+01
2.02825000000E+06	1.279182E-01	9.407879E+01
2.03011875000E+06	1.315242E-01	9.406808E+01
2.03198750000E+06	1.285529E-01	9.438891E+01
2.03385625000E+06	1.291138E-01	9.355556E+01
2.03572500000E+06	1.292176E-01	9.460432E+01
2.03759375000E+06	1.301604E-01	9.319038E+01
2.03946250000E+06	1.291120E-01	9.473059E+01
2.04133125000E+06	1.334484E-01	9.351661E+01
2.04320000000E+06	1.297801E-01	9.413981E+01
2.04506875000E+06	1.328269E-01	9.369928E+01
2.04693750000E+06	1.267430E-01	9.357880E+01
2.04880625000E+06	1.296730E-01	9.594529E+01
2.05067500000E+06	1.299068E-01	9.530009E+01
2.05254375000E+06	1.328304E-01	9.356177E+01
2.05441250000E+06	1.313091E-01	9.408526E+01
2.05628125000E+06	1.309532E-01	9.458887E+01
2.05815000000E+06	1.303749E-01	9.376205E+01
2.06001875000E+06	1.295518E-01	9.417661E+01
2.06188750000E+06	1.299998E-01	9.357126E+01
2.06375625000E+06	1.311147E-01	9.546448E+01
2.06562500000E+06	1.309066E-01	9.483060E+01
2.06749375000E+06	1.309633E-01	9.408750E+01
2.06936250000E+06	1.316999E-01	9.373088E+01
2.07123125000E+06	1.293850E-01	9.485326E+01
2.07310000000E+06	1.308614E-01	9.389923E+01
2.07496875000E+06	1.314621E-01	9.413794E+01
2.07683750000E+06	1.324431E-01	9.347835E+01
2.07870625000E+06	1.313317E-01	9.369906E+01
2.08057500000E+06	1.317811E-01	9.396722E+01
2.08244375000E+06	1.306181E-01	9.431567E+01
2.08431250000E+06	1.314101E-01	9.391032E+01
2.08618125000E+06	1.310708E-01	9.469099E+01
2.08805000000E+06	1.314842E-01	9.376559E+01
2.08991875000E+06	1.325941E-01	9.399142E+01
2.09178750000E+06	1.307089E-01	9.395335E+01
2.09365625000E+06	1.310387E-01	9.352910E+01
2.09552500000E+06	1.331633E-01	9.314793E+01
2.09739375000E+06	1.325113E-01	9.375090E+01
2.09926250000E+06	1.318033E-01	9.516290E+01
2.10113125000E+06	1.342898E-01	9.451288E+01
2.10300000000E+06	1.332031E-01	9.500551E+01
2.10486875000E+06	1.359629E-01	9.340128E+01
2.10673750000E+06	1.324863E-01	9.522795E+01
2.10860625000E+06	1.334197E-01	9.376477E+01
2.11047500000E+06	1.322057E-01	9.391540E+01
2.11234375000E+06	1.353539E-01	9.409420E+01
2.11421250000E+06	1.318190E-01	9.473370E+01
2.11608125000E+06	1.335961E-01	9.446276E+01
2.11795000000E+06	1.314031E-01	9.412646E+01
2.11981875000E+06	1.333657E-01	9.479382E+01
2.12168750000E+06	1.319351E-01	9.400457E+01
2.12355625000E+06	1.348033E-01	9.532616E+01
2.12542500000E+06	1.320186E-01	9.437708E+01
2.12729375000E+06	1.300301E-01	9.343720E+01
2.12916250000E+06	1.330914E-01	9.472984E+01
2.13103125000E+06	1.329067E-01	9.314057E+01
2.13290000000E+06	1.353002E-01	9.395948E+01
2.13476875000E+06	1.325929E-01	9.479514E+01
2.13663750000E+06	1.326434E-01	9.426795E+01
2.13850625000E+06	1.352724E-01	9.438441E+01
2.14037500000E+06	1.345308E-01	9.434541E+01
2.14224375000E+06	1.334041E-01	9.375238E+01
2.14411250000E+06	1.326950E-01	9.635680E+01
2.14598125000E+06	1.337935E-01	9.426957E+01
2.14785000000E+06	1.353363E-01	9.314288E+01
2.14971875000E+06	1.347354E-01	9.415787E+01
2.15158750000E+06	1.326733E-01	9.469906E+01
2.15345625000E+06	1.354112E-01	9.460170E+01
2.15532500000E+06	1.330670E-01	9.565970E+01
2.15719375000E+06	1.363770E-01	9.414795E+01
2.15906250000E+06	1.353679E-01	9.399978E+01
2.16093125000E+06	1.351223E-01	9.384695E+01
2.16280000000E+06	1.392164E-01	9.344663E+01
2.16466875000E+06	1.355240E-01	9.439206E+01
2.16653750000E+06	1.375577E-01	9.328101E+01
2.16840625000E+06	1.369338E-01	9.417548E+01
2.17027500000E+06	1.387095E-01	9.372543E+01
2.17214375000E+06	1.350239E-01	9.419934E+01
2.17401250000E+06	1.363683E-01	9.435801E+01
2.17588125000E+06	1.366156E-01	9.472402E+01
2.17775000000E+06	1.355952E-01	9.349310E+01
2.17961875000E+06	1.368338E-01	9.421984E+01
2.18148750000E+06	1.386984E-01	9.500842E+01
2.18335625000E+06	1.384282E-01	9.525498E+01
2.18522500000E+06	1.371675E-01	9.441394E+01
2.18709375000E+06	1.363950E-01	9.490204E+01
2.18896250000E+06	1.352513E-01	9.474122E+01
2.19083125000E+06	1.387293E-01	9.524201E+01
2.19270000000E+06	1.349545E-01	9.474657E+01
2.19456875000E+06	1.368445E-01	9.534549E+01
2.19643750000E+06	1.350178E-01	9.459287E+01
2.19830625000E+06	1.376365E-01	9.478611E+01
2.20017500000E+06	1.371084E-01	9.547801E+01
2.20204375000E+06	1.360025E-01	9.394306E+01
2.20391250000E+06	1.377430E-01	9.491136E+01
2.20578125000E+06	1.397444E-01	9.408670E+01
2.20765000000E+06	1.392678E-01	9.355490E+01
2.20951875000E+06	1.379767E-01	9.487634E+01
2.21138750000E+06	1.409860E-01	9.353454E+01
2.21325625000E+06	1.396824E-01	9.553090E+01
2.21512500000E+06	1.370754E-01	9.437328E+01
2.21699375000E+06	1.369416E-01	9.486614E+01
2.21886250000E+06	1.381839E-01	9.507229E+01
2.22073125000E+06	1.385895E-01	9.342853E+01
2.22260000000E+06	1.333508E-01	9.496526E+01
2.22446875000E+06	1.405257E-01	9.491476E+01
2.22633750000E+06	1.390047E-01	9.357350E+01
2.22820625000E+06	1.381844E-01	9.547847E+01
2.23007500000E+06	1.374934E-01	9.430244E+01
2.23194375000E+06	1.397743E-01	9.416335E+01
2.23381250000E+06	1.383480E-01	9.410508E+01
2.23568125000E+06	1.403450E-01	9.535539E+01
2.23755000000E+06	1.408520E-01	9.544193E+01
2.23941875000E+06	1.406573E-01	9.480595E+01
2.24128750000E+06	1.378219E-01	9.490934E+01
2.24315625000E+06	1.375261E-01	9.693504E+01
2.24502500000E+06	1.410443E-01	9.453949E+01
2.24689375000E+06	1.427077E-01	9.426479E+01
2.24876250000E+06	1.416218E-01	9.513399E+01
2.25063125000E+06	1.395243E-01	9.389169E+01
2.25250000000E+06	1.404972E-01	9.407854E+01
2.25436875000E+06	1.397883E-01	9.508657E+01
2.25623750000E+06	1.427068E-01	9.529050E+01
2.25810625000E+06	1.419307E-01	9.550874E+01
2.25997500000E+06	1.405864E-01	9.310912E+01
2.26184375000E+06	1.399658E-01	9.478879E+01
2.26371250000E+06	1.402114E-01	9.491296E+01
2.26558125000E+06	1.419602E-01	9.535532E+01
2.26745000000E+06	1.397702E-01	9.409599E+01
2.26931875000E+06	1.380145E-01	9.640881E+01
2.27118750000E+06	1.410965E-01	9.531588E+01
2.27305625000E+06	1.369389E-01	9.506203E+01
2.27492500000E+06	1.426439E-01	9.607233E+01
2.27679375000E+06	1.423179E-01	9.446203E+01
2.27866250000E+06	1.430784E-01	9.483536E+01
2.28053125000E+06	1.382294E-01	9.452296E+01
2.28240000000E+06	1.392085E-01	9.479483E+01
2.28426875000E+06	1.405962E-01	9.614514E+01
2.28613750000E+06	1.444045E-01	9.532273E+01
2.28800625000E+06	1.410807E-01	9.529083E+01
2.28987500000E+06	1.422879E-01	9.488004E+01
2.29174375000E+06	1.392293E-01	9.578227E+01
2.29361250000E+06	1.394376E-01	9.449532E+01
2.29548125000E+06	1.422822E-01	9.496397E+01
2.29735000000E+06	1.444784E-01	9.488367E+01
2.29921875000E+06	1.415164E-01	9.491103E+01
2.30108750000E+06	1.427254E-01	9.540457E+01
2.30295625000E+06	1.422208E-01	9.511735E+01
2.30482500000E+06	1.408812E-01	9.512360E+01
2.30669375000E+06	1.416553E-01	9.534056E+01
2.30856250000E+06	1.440544E-01	9.429379E+01
2.31043125000E+06	1.450961E-01	9.415874E+01
2.31230000000E+06	1.405895E-01	9.596935E+01
2.31416875000E+06	1.429834E-01	9.522694E+01
2.31603750000E+06	1.426387E-01	9.423201E+01
2.31790625000E+06	1.385884E-01	9.533206E+01
2.31977500000E+06	1.418166E-01	9.461453E+01
2.32164375000E+06	1.426892E-01	9.435457E+01
2.32351250000E+06	1.404943E-01	9.462233E+01
2.32538125000E+06	1.444786E-01	9.463091E+01
2.32725000000E+06	1.408351E-01	9.374341E+01
2.32911875000E+06	1.420339E-01	9.548639E+01
2.33098750000E+06	1.452839E-01	9.487466E+01
2.33285625000E+06	1.426030E-01	9.387964E+01
2.33472500000E+06	1.452333E-01	9.610258E+01
2.33659375000E+06	1.393747E-01	9.483887E+01
2.33846250000E+06	1.425860E-01	9.529896E+01
2.34033125000E+06	1.427791E-01	9.483070E+01
2.34220000000E+06	1.447033E-01	9.569196E+01
2.34406875000E+06	1.454523E-01	9.498763E+01
2.34593750000E+06	1.410264E-01	9.412119E+01
2.34780625000E+06	1.452570E-01	9.435896E+01
2.34967500000E+06	1.433967E-01	9.454459E+01
2.35154375000E+06	1.467344E-01	9.409207E+01
2.35341250000E+06	1.468091E-01	9.553089E+01
2.35528125000E+06	1.443390E-01	9.555543E+01
2.35715000000E+06	1.428759E-01	9.583884E+01
2.35901875000E+06	1.428124E-01	9.506261E+01
2.36088750000E+06	1.457960E-01	9.519809E+01
2.36275625000E+06	1.456604E-01	9.462300E+01
2.36462500000E+06	1.467896E-01	9.612923E+01
2.36649375000E+06	1.450625E-01	9.557773E+01
2.36836250000E+06	1.436089E-01	9.413597E+01
2.37023125000E+06	1.430478E-01	9.497708E+01
2.37210000000E+06	1.452110E-01	9.556570E+01
2.37396875000E+06	1.452445E-01	9.455441E+01
2.37583750000E+06	1.440947E-01	9.602578E+01
2.37770625000E+06	1.437244E-01	9.562717E+01
2.37957500000E+06	1.446755E-01	9.539423E+01
2.38144375000E+06	1.459207E-01	9.446340E+01
2.38331250000E+06	1.457841E-01	9.637623E+01
2.38518125000E+06	1.436960E-01	9.406102E+01
2.38705000000E+06	1.439368E-01	9.430034E+01
2.38891875000E+06	1.441131E-01	9.542332E+01
2.39078750000E+06	1.464147E-01	9.472214E+01
2.39265625000E+06	1.430707E-01	9.535175E+01
2.39452500000E+06	1.459462E-01	9.548387E+01
2.39639375000E+06	1.477615E-01	9.547195E+01
2.39826250000E+06	1.507787E-01	9.499217E+01
2.40013125000E+06	1.466207E-01	9.421735E+01
2.40200000000E+06	1.483273E-01	9.607986E+01
2.40386875000E+06	1.479252E-01	9.472081E+01
2.40573750000E+06	1.473360E-01	9.561844E+01
2.40760625000E+06	1.451694E-01	9.521439E+01
2.40947500000E+06	1.473982E-01	9.516737E+01
2.41134375000E+06	1.448816E-01	9.548312E+01
2.41321250000E+06	1.487324E-01	9.485295E+01
2.41508125000E+06	1.475576E-01	9.467150E+01
2.41695000000E+06	1.477299E-01	9.486954E+01
2.41881875000E+06	1.463372E-01	9.558319E+01
2.42068750000E+06	1.470511E-01	9.469035E+01
2.42255625000E+06	1.464942E-01	9.503461E+01
2.42442500000E+06	1.464081E-01	9.573299E+01
2.42629375000E+06	1.457311E-01	9.579526E+01
2.42816250000E+06	1.470036E-01	9.517098E+01
2.43003125000E+06	1.471082E-01	9.641663E+01
2.43190000000E+06	1.454298E-01	9.635168E+01
2.43376875000E+06	1.476802E-01	9.541543E+01
2.43563750000E+06	1.478953E-01	9.546078E+01
2.43750625000E+06	1.482571E-01	9.494893E+01
2.43937500000E+06	1.476122E-01	9.607172E+01
2.44124375000E+06	1.466716E-01	9.555482E+01
2.44311250000E+06	1.486665E-01	9.485798E+01
2.44498125000E+06	1.488021E-01	9.544711E+01
2.44685000000E+06	1.505833E-01	9.541764E+01
2.44871875000E+06	1.492644E-01	9.508905E+01
2.45058750000E+06	1.496546E-01	9.474636E+01
2.45245625000E+06	1.492920E-01	9.514320E+01
2.45432500000E+06	1.454912E-01	9.620292E+01
2.45619375000E+06	1.494886E-01	9.656641E+01
2.45806250000E+06	1.497500E-01	9.597160E+01
2.45993125000E+06	1.505554E-01	9.466875E+01
2.46180000000E+06	1.507978E-01	9.605571E+01
2.46366875000E+06	1.481650E-01	9.573136E+01
2.46553750000E+06	1.490122E-01	9.598382E+01
2.46740625000E+06	1.481424E-01	9.472070E+01
2.46927500000E+06	1.501696E-01	9.559086E+01
2.47114375000E+06	1.505020E-01	9.527276E+01
2.47301250000E+06	1.481156E-01	9.541016E+01
2.47488125000E+06	1.524623E-01	9.504839E+01
2.47675000000E+06	1.504715E-01	9.611877E+01
2.47861875000E+06	1.473997E-01	9.582255E+01
2.48048750000E+06	1.474832E-01	9.553613E+01
2.48235625000E+06	1.475290E-01	9.611709E+01
2.48422500000E+06	1.482899E-01	9.563414E+01
2.48609375000E+06	1.511877E-01	9.565735E+01
2.48796250000E+06	1.534708E-01	9.558688E+01
2.48983125000E+06	1.491580E-01	9.475579E+01
2.49170000000E+06	1.513286E-01	9.485250E+01
2.49356875000E+06	1.516616E-01	9.532796E+01
2.49543750000E+06	1.523276E-01	9.592654E+01
2.49730625000E+06	1.523850E-01	9.581225E+01
2.49917500000E+06	1.472188E-01	9.676407E+01
2.50104375000E+06	1.508546E-01	9.574571E+01
2.50291250000E+06	1.534892E-01	9.629342E+01
2.50478125000E+06	1.509708E-01	9.529720E+01
2.50665000000E+06	1.519051E-01	9.619714E+01
2.50851875000E+06	1.497241E-01	9.583325E+01
2.51038750000E+06	1.531949E-01	9.666010E+01
2.51225625000E+06	1.501457E-01	9.628730E+01
2.51412500000E+06	1.486864E-01	9.508715E+01
2.51599375000E+06	1.517892E-01	9.560686E+01
2.51786250000E+06	1.508559E-01	9.505390E+01
2.51973125000E+06	1.520293E-01	9.558447E+01
2.52160000000E+06	1.514839E-01	9.648240E+01
2.52346875000E+06	1.526956E-01	9.580724E+01
2.52533750000E+06	1.553997E-01	9.572127E+01
2.52720625000E+06	1.505983E-01	9.656647E+01
2.52907500000E+06	1.525785E-01	9.660978E+01
2.53094375000E+06	1.513304E-01	9.569060E+01
2.53281250000E+06	1.540606E-01	9.557931E+01
2.53468125000E+06	1.511483E-01	9.580739E+01
2.53655000000E+06	1.528058E-01	9.585862E+01
2.53841875000E+06	1.526714E-01	9.582172E+01
2.54028750000E+06	1.533913E-01	9.675420E+01
2.54215625000E+06	1.529775E-01	9.568490E+01
2.54402500000E+06	1.521993E-01	9.569097E+01
2.54589375000E+06	1.538633E-01	9.511031E+01
2.54776250000E+06	1.543637E-01	9.505609E+01
2.54963125000E+06	1.530568E-01	9.510278E+01
2.55150000000E+06	1.533605E-01	9.589915E+01
2.55336875000E+06	1.551428E-01	9.610838E+01
2.55523750000E+06	1.520778E-01	9.612186E+01
2.55710625000E+06	1.526516E-01	9.558537E+01
2.55897500000E+06	1.503246E-01	9.613660E+01
2.56084375000E+06	1.548448E-01	9.583550E+01
2.56271250000E+06	1.515906E-01	9.622762E+01
2.56458125000E+06	1.560080E-01	9.598506E+01
2.56645000000E+06	1.532712E-01	9.513873E+01
2.56831875000E+06	1.550512E-01	9.584724E+01
2.57018750000E+06	1.526547E-01	9.523608E+01
2.57205625000E+06	1.540694E-01	9.552300E+01
2.57392500000E+06	1.560579E-01	9.594393E+01
2.57579375000E+06	1.530212E-01	9.619691E+01
2.57766250000E+06	1.557111E-01	9.560348E+01
2.57953125000E+06	1.543489E-01	9.652067E+01
2.58140000000E+06	1.544849E-01	9.613707E+01
2.58326875000E+06	1.566432E-01	9.591914E+01
2.58513750000E+06	1.546037E-01	9.595116E+01
2.58700625000E+06	1.559109E-01	9.518170E+01
2.58887500000E+06	1.550142E-01	9.597057E+01
2.59074375000E+06	1.571160E-01	9.499612E+01
2.59261250000E+06	1.534422E-01	9.668784E+01
2.59448125000E+06	1.526265E-01	9.540035E+01
2.59635000000E+06	1.553099E-01	9.612759E+01
2.59821875000E+06	1.548084E-01	9.623883E+01
2.60008750000E+06	1.553305E-01	9.553180E+01
2.60195625000E+06	1.555022E-01	9.637436E+01
2.60382500000E+06	1.573364E-01	9.535846E+01
2.60569375000E+06	1.531143E-01	9.646773E+01
2.60756250000E+06	1.526711E-01	9.618752E+01
2.60943125000E+06	1.570687E-01	9.566249E+01
2.61130000000E+06	1.555018E-01	9.702709E+01
2.61316875000E+06	1.566959E-01	9.630355E+01
2.61503750000E+06	1.544192E-01	9.602602E+01
2.61690625000E+06	1.570027E-01	9.652161E+01
2.61877500000E+06	1.570885E-01	9.537536E+01
2.62064375000E+06	1.552577E-01	9.564620E+01
2.62251250000E+06	1.576594E-01	9.618799E+01
2.62438125000E+06	1.569760E-01	9.558052E+01
2.62625000000E+06	1.555183E-01	9.620419E+01
2.62811875000E+06	1.566038E-01	9.610244E+01
2.62998750000E+06	1.565502E-01	9.595743E+01
2.63185625000E+06	1.568327E-01	9.588523E+01
2.63372500000E+06	1.551457E-01	9.672681E+01
2.63559375000E+06	1.544276E-01	9.568714E+01
2.63746250000E+06	1.563969E-01	9.564692E+01
2.63933125000E+06	1.547759E-01	9.599238E+01
2.64120000000E+06	1.572007E-01	9.648351E+01
2.64306875000E+06	1.553466E-01	9.648160E+01
2.64493750000E+06	1.579357E-01	9.614809E+01
2.64680625000E+06	1.573277E-01	9.651868E+01
2.64867500000E+06	1.587057E-01	9.647683E+01
2.65054375000E+06	1.557209E-01	9.585966E+01
2.65241250000E+06	1.586303E-01	9.543652E+01
2.65428125000E+06	1.581285E-01	9.618732E+01
2.65615000000E+06	1.553846E-01	9.556588E+01
2.65801875000E+06	1.587372E-01	9.704903E+01
2.65988750000E+06	1.564514E-01	9.603885E+01
2.66175625000E+06	1.567263E-01	9.550581E+01
2.66362500000E+06	1.580124E-01	9.594680E+01
2.66549375000E+06	1.567912E-01	9.580419E+01
2.66736250000E+06	1.562788E-01	9.623647E+01
2.66923125000E+06	1.590526E-01	9.575939E+01
2.67110000000E+06	1.558704E-01	9.591072E+01
2.67296875000E+06	1.578281E-01	9.674902E+01
2.67483750000E+06	1.586325E-01	9.632785E+01
2.67670625000E+06	1.594394E-01	9.615260E+01
2.67857500000E+06	1.588214E-01	9.636176E+01
2.68044375000E+06	1.590525E-01	9.676658E+01
2.68231250000E+06	1.585104E-01	9.603711E+01
2.68418125000E+06	1.587794E-01	9.626865E+01
2.68605000000E+06	1.569512E-01	9.654913E+01
2.68791875000E+06	1.583211E-01	9.643047E+01
2.68978750000E+06	1.583563E-01	9.614898E+01
2.69165625000E+06	1.602230E-01	9.627261E+01
2.69352500000E+06	1.585297E-01	9.566834E+01
2.69539375000E+06	1.590494E-01	9.558946E+01
2.69726250000E+06	1.565818E-01	9.655861E+01
2.69913125000E+06	1.580977E-01	9.667875E+01
2.70100000000E+06	1.610443E-01	9.581432E+01
2.70286875000E+06	1.592745E-01	9.695572E+01
2.70473750000E+06	1.587910E-01	9.675899E+01
2.70660625000E+06	1.596710E-01	9.579156E+01
2.70847500000E+06	1.589493E-01	9.723630E+01
2.71034375000E+06	1.570805E-01	9.558291E+01
2.71221250000E+06	1.612078E-01	9.674735E+01
2.71408125000E+06	1.583429E-01	9.635059E+01
2.71595000000E+06	1.593913E-01	9.691418E+01
2.71781875000E+06	1.592297E-01	9.650512E+01
2.71968750000E+06	1.623598E-01	9.567121E+01
2.72155625000E+06	1.625012E-01	9.692148E+01
2.72342500000E+06	1.606280E-01	9.653069E+01
2.72529375000E+06	1.582468E-01	9.705651E+01
2.72716250000E+06	1.596681E-01	9.565597E+01
2.72903125000E+06	1.608422E-01	9.665124E+01
2.73090000000E+06	1.617190E-01	9.623238E+01
2.73276875000E+06	1.574209E-01	9.760420E+01
2.73463750000E+06	1.585534E-01	9.563454E+01
2.73650625000E+06	1.607798E-01	9.645606E+01
2.73837500000E+06	1.593978E-01	9.654552E+01
2.74024375000E+06	1.601575E-01	9.656778E+01
2.74211250000E+06	1.592998E-01	9.657661E+01
2.74398125000E+06	1.595109E-01	9.784858E+01
2.74585000000E+06	1.608223E-01	9.673605E+01
2.74771875000E+06	1.616790E-01	9.669072E+01
2.74958750000E+06	1.589988E-01	9.700359E+01
2.75145625000E+06	1.606863E-01	9.771934E+01
2.75332500000E+06	1.643132E-01	9.633363E+01
2.75519375000E+06	1.614244E-01	9.732616E+01
2.75706250000E+06	1.618916E-01	9.648409E+01
2.75893125000E+06	1.614171E-01	9.628424E+01
2.76080000000E+06	1.612975E-01	9.679815E+01
2.76266875000E+06	1.603032E-01	9.697425E+01
2.76453750000E+06	1.606541E-01	9.616559E+01
2.76640625000E+06	1.612610E-01	9.702768E+01
2.76827500000E+06	1.636844E-01	9.663124E+01
2.77014375000E+06	1.639768E-01	9.560587E+01
2.77201250000E+06	1.647428E-01	9.638467E+01
2.77388125000E+06	1.661366E-01	9.637154E+01
2.77575000000E+06	1.613731E-01	9.629339E+01
2.77761875000E+06	1.635260E-01	9.733789E+01
2.77948750000E+06	1.617592E-01	9.666157E+01
2.78135625000E+06	1.634129E-01	9.686172E+01
2.78322500000E+06	1.626440E-01	9.748032E+01
2.78509375000E+06	1.620779E-01	9.658076E+01
2.78696250000E+06	1.622631E-01	9.688107E+01
2.78883125000E+06	1.628636E-01	9.665417E+01
2.79070000000E+06	1.636993E-01	9.626692E+01
2.79256875000E+06	1.609535E-01	9.613812E+01
2.79443750000E+06	1.600935E-01	9.645638E+01
2.79630625000E+06	1.624027E-01	9.704180E+01
2.79817500000E+06	1.628063E-01	9.742191E+01
2.80004375000E+06	1.649867E-01	9.723586E+01
2.80191250000E+06	1.651634E-01	9.618002E+01
2.80378125000E+06	1.618441E-01	9.694576E+01
2.80565000000E+06	1.645079E-01	9.667600E+01
2.80751875000E+06	1.625792E-01	9.701941E+01
2.80938750000E+06	1.633360E-01	9.556943E+01
2.81125625000E+06	1.643372E-01	9.612669E+01
2.81312500000E+06	1.645595E-01	9.699207E+01
2.81499375000E+06	1.626270E-01	9.745187E+01
2.81686250000E+06	1.630827E-01	9.643205E+01
2.81873125000E+06	1.629669E-01	9.747969E+01
2.82060000000E+06	1.641986E-01	9.672921E+01
2.82246875000E+06	1.641271E-01	9.719419E+01
2.82433750000E+06	1.639436E-01	9.768764E+01
2.82620625000E+06	1.632398E-01	9.614832E+01
2.82807500000E+06	1.668973E-01	9.618903E+01
2.82994375000E+06	1.626413E-01	9.666725E+01
2.83181250000E+06	1.655588E-01	9.640644E+01
2.83368125000E+06	1.655748E-01	9.763664E+01
2.83555000000E+06	1.663952E-01	9.653921E+01
2.83741875000E+06	1.642409E-01	9.798539E+01
2.83928750000E+06	1.646000E-01	9.790802E+01
2.84115625000E+06	1.639439E-01	9.626485E+01
2.84302500000E+06	1.629184E-01	9.726973E+01
2.84489375000E+06	1.640152E-01	9.717924E+01
2.84676250000E+06	1.665873E-01	9.585688E+01
2.84863125000E+06	1.648892E-01	9.726516E+01
2.85050000000E+06	1.651358E-01	9.723850E+01
2.85236875000E+06	1.637109E-01	9.701377E+01
2.85423750000E+06	1.645730E-01	9.698592E+01
2.85610625000E+06	1.642196E-01	9.693374E+01
2.85797500000E+06	1.643264E-01	9.605828E+01
2.85984375000E+06	1.653690E-01	9.729961E+01
2.86171250000E+06	1.666579E-01	9.709833E+01
2.86358125000E+06	1.649217E-01	9.732047E+01
2.86545000000E+06	1.648649E-01	9.645348E+01
2.86731875000E+06	1.679863E-01	9.711664E+01
2.86918750000E+06	1.655218E-01	9.657294E+01
2.87105625000E+06	1.689824E-01	9.738825E+01
2.87292500000E+06	1.647393E-01	9.703462E+01
2.87479375000E+06	1.669251E-01	9.661362E+01
2.87666250000E+06	1.666079E-01	9.756104E+01
2.87853125000E+06	1.666258E-01	9.639234E+01
2.88040000000E+06	1.685238E-01	9.724889E+01
2.88226875000E+06	1.639497E-01	9.678722E+01
2.88413750000E+06	1.649111E-01	9.771245E+01
2.88600625000E+06	1.672364E-01	9.658470E+01
2.88787500000E+06	1.674601E-01	9.706870E+01
2.88974375000E+06	1.666210E-01	9.647811E+01
2.89161250000E+06	1.682854E-01	9.761058E+01
2.89348125000E+06	1.661104E-01	9.716536E+01
2.89535000000E+06	1.656153E-01	9.692236E+01
2.89721875000E+06	1.666462E-01	9.678056E+01
2.89908750000E+06	1.658748E-01	9.635088E+01
2.90095625000E+06	1.678133E-01	9.647512E+01
2.90282500000E+06	1.660756E-01	9.768882E+01
2.90469375000E+06	1.667771E-01	9.677480E+01
2.90656250000E+06	1.667947E-01	9.743717E+01
2.90843125000E+06	1.664909E-01	9.673816E+01
2.91030000000E+06	1.672283E-01	9.702908E+01
2.91216875000E+06	1.710140E-01	9.652810E+01
2.91403750000E+06	1.655866E-01	9.677826E+01
2.91590625000E+06	1.668556E-01	9.648098E+01
2.91777500000E+06	1.685201E-01	9.655579E+01
2.91964375000E+06	1.671785E-01	9.723610E+01
2.92151250000E+06	1.676493E-01	9.787440E+01
2.92338125000E+06	1.643641E-01	9.781439E+01
2.92525000000E+06	1.672827E-01	9.758920E+01
2.92711875000E+06	1.672672E-01	9.832847E+01
2.92898750000E+06	1.683154E-01	9.678741E+01
2.93085625000E+06	1.676580E-01	9.760128E+01
2.93272500000E+06	1.661741E-01	9.702354E+01
2.93459375000E+06	1.715010E-01	9.742772E+01
2.93646250000E+06	1.710068E-01	9.796783E+01
2.93833125000E+06	1.691877E-01	9.755980E+01
2.94020000000E+06	1.683822E-01	9.725609E+01
2.94206875000E+06	1.667915E-01	9.694449E+01
2.94393750000E+06	1.711244E-01	9.810345E+01
2.94580625000E+06	1.702133E-01	9.707414E+01
2.94767500000E+06	1.687395E-01	9.664081E+01
2.94954375000E+06	1.716641E-01	9.838254E+01
2.95141250000E+06	1.684891E-01	9.775740E+01
2.95328125000E+06	1.705236E-01	9.735640E+01
2.95515000000E+06	1.711341E-01	9.794570E+01
2.95701875000E+06	1.673006E-01	9.726539E+01
2.95888750000E+06	1.683663E-01	9.720953E+01
2.96075625000E+06	1.703680E-01	9.689411E+01
2.96262500000E+06	1.681436E-01	9.706782E+01
2.96449375000E+06	1.680034E-01	9.797920E+01
2.96636250000E+06	1.693176E-01	9.725800E+01
2.96823125000E+06	1.689716E-01	9.650562E+01
2.97010000000E+06	1.672735E-01	9.741070E+01
2.97196875000E+06	1.709798E-01	9.794628E+01
2.97383750000E+06	1.715663E-01	9.733600E+01
2.97570625000E+06	1.663778E-01	9.680856E+01
2.97757500000E+06	1.691112E-01	9.732141E+01
2.97944375000E+06	1.718100E-01	9.826370E+01
2.98131250000E+06	1.682933E-01	9.747781E+01
2.98318125000E+06	1.712787E-01	9.761662E+01
2.98505000000E+06	1.711017E-01	9.783199E+01
2.98691875000E+06	1.679252E-01	9.773295E+01
2.98878750000E+06	1.709956E-01	9.675283E+01
2.99065625000E+06	1.720162E-01	9.647341E+01
2.99252500000E+06	1.701217E-01	9.715447E+01
2.99439375000E+06	1.677827E-01	9.847250E+01
2.99626250000E+06	1.687680E-01	9.741753E+01
2.99813125000E+06	1.722040E-01	9.696053E+01
3.00000000000E+06	1.692171E-01	9.849074E+01
