"E5100A REV3.14"
"DATE: Jun 26 2004"



"CHANNEL: 2"
"MEASURE TYPE: AR"
"FORMAT TYPE: LINMP"
"NUMBER of POINTS: 1601"
"SWEEP TIME:  3.458 s"
"SWEEP TYPE: LINF"
"SOURCE POWER: 0 dBm"
"IF BANDWIDTH: 500 Hz"

"Frequency"	"Main Array"	"Sub Array"
1.00000000000E+04	1.775795E-01	-1.787313E+02
1.18687500000E+04	1.867353E-01	-1.138633E+02
1.37375000000E+04	8.991762E-02	-3.666228E+01
1.56062500000E+04	2.791853E-02	1.975959E+01
1.74750000000E+04	1.340306E-01	-1.480984E+02
1.93437500000E+04	1.267236E-01	-4.964903E+01
2.12125000000E+04	1.043033E-01	-1.261087E+02
2.30812500000E+04	1.243695E-02	5.545075E+01
2.49500000000E+04	2.290125E-02	-5.245506E+01
2.68187500000E+04	4.262355E-02	-6.185685E+01
2.86875000000E+04	3.509437E-02	1.768126E+02
3.05562500000E+04	1.948173E-02	-1.591530E+02
3.24250000000E+04	9.580195E-03	5.042175E+01
3.42937500000E+04	2.641133E-02	1.303433E+02
3.61625000000E+04	2.633215E-02	3.401194E+00
3.80312500000E+04	3.211425E-02	1.142584E+02
3.99000000000E+04	2.875308E-02	-9.994550E+01
4.17687500000E+04	3.261971E-02	1.148745E+02
4.36375000000E+04	1.265350E-02	1.541925E+01
4.55062500000E+04	1.555645E-02	-2.395844E+01
4.73750000000E+04	1.300448E-02	-1.384077E+01
4.92437500000E+04	2.843236E-02	5.037620E+01
5.11125000000E+04	4.744725E-02	7.627308E+01
5.29812500000E+04	7.964261E-03	-1.572796E+01
5.48500000000E+04	1.566229E-02	1.064933E+01
5.67187500000E+04	3.000384E-02	4.987138E+01
5.85875000000E+04	2.593652E-02	1.077538E+02
6.04562500000E+04	1.002819E-02	4.743755E+01
6.23250000000E+04	6.074912E-03	1.262285E+01
6.41937500000E+04	1.391707E-02	6.194569E+01
6.60625000000E+04	3.168784E-02	6.525315E+01
6.79312500000E+04	2.671189E-02	7.163163E+01
6.98000000000E+04	2.656958E-02	5.753477E+01
7.16687500000E+04	2.164573E-02	8.548746E+01
7.35375000000E+04	2.876144E-02	5.356611E+01
7.54062500000E+04	2.224403E-02	7.566642E+01
7.72750000000E+04	3.390585E-02	8.922915E+01
7.91437500000E+04	1.886596E-02	8.777361E+01
8.10125000000E+04	9.581689E-03	9.544565E+01
8.28812500000E+04	1.478827E-02	6.637685E+01
8.47500000000E+04	2.850744E-02	8.666032E+01
8.66187500000E+04	2.617862E-02	9.574129E+01
8.84875000000E+04	3.350151E-02	8.755518E+01
9.03562500000E+04	2.629785E-02	6.948470E+01
9.22250000000E+04	3.080762E-02	9.928958E+01
9.40937500000E+04	1.831967E-02	8.467278E+01
9.59625000000E+04	3.115170E-02	4.913660E+01
9.78312500000E+04	2.293360E-02	1.052369E+02
9.97000000000E+04	2.900169E-02	6.808957E+01
1.01568750000E+05	4.174499E-02	9.190077E+01
1.03437500000E+05	3.272559E-02	8.690247E+01
1.05306250000E+05	1.880408E-02	8.986359E+01
1.07175000000E+05	3.577717E-02	9.410764E+01
1.09043750000E+05	3.781318E-02	7.105092E+01
1.10912500000E+05	2.989739E-02	8.434462E+01
1.12781250000E+05	3.335073E-02	9.429690E+01
1.14650000000E+05	3.362122E-02	9.416498E+01
1.16518750000E+05	2.870549E-02	7.781158E+01
1.18387500000E+05	3.648589E-02	7.506244E+01
1.20256250000E+05	4.467577E-02	8.307445E+01
1.22125000000E+05	3.486828E-02	9.041353E+01
1.23993750000E+05	2.328080E-02	7.527802E+01
1.25862500000E+05	3.187801E-02	9.042941E+01
1.27731250000E+05	4.193160E-02	8.656032E+01
1.29600000000E+05	3.394426E-02	7.404521E+01
1.31468750000E+05	3.138296E-02	8.904327E+01
1.33337500000E+05	3.561061E-02	8.950478E+01
1.35206250000E+05	4.281038E-02	6.584024E+01
1.37075000000E+05	3.340203E-02	9.139339E+01
1.38943750000E+05	4.565226E-02	9.744878E+01
1.40812500000E+05	3.877599E-02	9.716825E+01
1.42681250000E+05	3.109980E-02	1.060175E+02
1.44550000000E+05	4.259580E-02	8.609565E+01
1.46418750000E+05	3.827605E-02	7.689281E+01
1.48287500000E+05	4.453421E-02	8.102028E+01
1.50156250000E+05	5.738233E-02	9.620835E+01
1.52025000000E+05	4.317047E-02	8.477197E+01
1.53893750000E+05	4.120998E-02	7.517832E+01
1.55762500000E+05	4.081245E-02	7.653358E+01
1.57631250000E+05	3.718749E-02	8.025401E+01
1.59500000000E+05	4.518812E-02	8.255971E+01
1.61368750000E+05	4.874349E-02	8.100553E+01
1.63237500000E+05	3.781490E-02	8.629448E+01
1.65106250000E+05	4.709511E-02	8.542471E+01
1.66975000000E+05	4.170117E-02	8.475177E+01
1.68843750000E+05	5.326159E-02	9.232211E+01
1.70712500000E+05	4.549506E-02	9.679607E+01
1.72581250000E+05	4.384746E-02	8.892410E+01
1.74450000000E+05	4.586133E-02	7.733699E+01
1.76318750000E+05	3.982703E-02	7.539977E+01
1.78187500000E+05	4.949086E-02	8.978329E+01
1.80056250000E+05	4.779509E-02	7.778866E+01
1.81925000000E+05	4.341216E-02	8.025462E+01
1.83793750000E+05	4.443216E-02	8.383467E+01
1.85662500000E+05	4.422728E-02	8.723473E+01
1.87531250000E+05	5.565980E-02	8.463278E+01
1.89400000000E+05	5.446468E-02	7.982116E+01
1.91268750000E+05	5.117123E-02	7.988956E+01
1.93137500000E+05	5.875586E-02	8.712471E+01
1.95006250000E+05	5.312294E-02	9.117567E+01
1.96875000000E+05	5.002967E-02	9.319495E+01
1.98743750000E+05	5.111719E-02	9.283198E+01
2.00612500000E+05	5.075236E-02	9.461414E+01
2.02481250000E+05	5.166775E-02	8.602016E+01
2.04350000000E+05	4.857233E-02	8.371699E+01
2.06218750000E+05	5.270480E-02	8.172657E+01
2.08087500000E+05	5.527904E-02	9.049120E+01
2.09956250000E+05	5.181326E-02	9.022002E+01
2.11825000000E+05	5.795068E-02	9.306444E+01
2.13693750000E+05	5.705187E-02	9.242455E+01
2.15562500000E+05	5.408272E-02	9.554267E+01
2.17431250000E+05	5.679264E-02	8.221497E+01
2.19300000000E+05	5.904568E-02	8.736051E+01
2.21168750000E+05	6.109970E-02	8.987304E+01
2.23037500000E+05	6.312463E-02	8.614186E+01
2.24906250000E+05	5.817540E-02	8.699973E+01
2.26775000000E+05	6.487186E-02	9.107761E+01
2.28643750000E+05	6.011474E-02	8.689977E+01
2.30512500000E+05	6.185381E-02	9.125932E+01
2.32381250000E+05	6.084386E-02	8.740495E+01
2.34250000000E+05	6.376840E-02	9.075393E+01
2.36118750000E+05	6.647895E-02	8.799747E+01
2.37987500000E+05	6.768885E-02	8.584773E+01
2.39856250000E+05	5.956876E-02	8.743506E+01
2.41725000000E+05	6.508455E-02	8.803583E+01
2.43593750000E+05	6.261182E-02	8.708511E+01
2.45462500000E+05	5.637359E-02	9.247501E+01
2.47331250000E+05	6.753541E-02	8.593531E+01
2.49200000000E+05	7.235385E-02	8.517758E+01
2.51068750000E+05	7.006531E-02	9.672746E+01
2.52937500000E+05	6.726970E-02	9.257305E+01
2.54806250000E+05	6.854910E-02	8.872868E+01
2.56675000000E+05	7.273179E-02	8.437801E+01
2.58543750000E+05	6.644712E-02	8.980337E+01
2.60412500000E+05	6.629609E-02	8.825708E+01
2.62281250000E+05	6.940619E-02	8.535722E+01
2.64150000000E+05	7.326408E-02	8.819234E+01
2.66018750000E+05	6.650352E-02	8.615758E+01
2.67887500000E+05	7.188333E-02	8.721685E+01
2.69756250000E+05	7.376909E-02	8.468504E+01
2.71625000000E+05	6.987123E-02	8.767272E+01
2.73493750000E+05	7.542561E-02	8.622351E+01
2.75362500000E+05	7.437265E-02	8.586067E+01
2.77231250000E+05	7.280291E-02	9.273511E+01
2.79100000000E+05	7.733649E-02	8.430637E+01
2.80968750000E+05	7.194748E-02	8.956773E+01
2.82837500000E+05	7.737983E-02	8.749450E+01
2.84706250000E+05	7.458495E-02	8.652319E+01
2.86575000000E+05	7.179996E-02	8.776510E+01
2.88443750000E+05	7.172928E-02	9.173596E+01
2.90312500000E+05	7.995945E-02	8.643491E+01
2.92181250000E+05	7.970545E-02	8.934123E+01
2.94050000000E+05	7.913550E-02	8.806778E+01
2.95918750000E+05	8.685619E-02	9.227757E+01
2.97787500000E+05	8.740742E-02	8.998744E+01
2.99656250000E+05	7.948343E-02	8.641828E+01
3.01525000000E+05	8.318067E-02	8.822814E+01
3.03393750000E+05	8.498918E-02	8.734963E+01
3.05262500000E+05	8.386327E-02	8.574728E+01
3.07131250000E+05	8.736550E-02	8.629103E+01
3.09000000000E+05	7.978280E-02	8.744431E+01
3.10868750000E+05	8.931994E-02	9.318469E+01
3.12737500000E+05	8.821082E-02	8.465928E+01
3.14606250000E+05	8.404462E-02	9.297326E+01
3.16475000000E+05	7.982568E-02	8.990838E+01
3.18343750000E+05	8.571260E-02	8.604178E+01
3.20212500000E+05	8.959079E-02	8.953990E+01
3.22081250000E+05	8.662192E-02	8.763333E+01
3.23950000000E+05	8.564165E-02	9.057131E+01
3.25818750000E+05	8.219275E-02	8.798849E+01
3.27687500000E+05	8.880535E-02	8.505488E+01
3.29556250000E+05	8.980621E-02	8.773473E+01
3.31425000000E+05	8.712715E-02	8.990783E+01
3.33293750000E+05	9.068966E-02	8.756101E+01
3.35162500000E+05	8.245458E-02	8.863681E+01
3.37031250000E+05	8.661406E-02	8.869023E+01
3.38900000000E+05	8.594888E-02	8.869505E+01
3.40768750000E+05	9.106836E-02	8.849440E+01
3.42637500000E+05	8.953328E-02	8.818351E+01
3.44506250000E+05	9.347541E-02	8.992033E+01
3.46375000000E+05	9.141953E-02	8.839494E+01
3.48243750000E+05	9.797515E-02	8.535201E+01
3.50112500000E+05	9.141150E-02	8.853149E+01
3.51981250000E+05	8.860374E-02	8.915452E+01
3.53850000000E+05	9.565654E-02	9.022445E+01
3.55718750000E+05	9.290791E-02	8.950096E+01
3.57587500000E+05	9.496567E-02	8.987373E+01
3.59456250000E+05	9.693910E-02	9.053271E+01
3.61325000000E+05	9.512375E-02	9.175139E+01
3.63193750000E+05	9.667957E-02	9.152201E+01
3.65062500000E+05	9.139694E-02	8.921906E+01
3.66931250000E+05	9.478500E-02	9.038240E+01
3.68800000000E+05	9.437221E-02	8.738007E+01
3.70668750000E+05	9.902616E-02	9.149978E+01
3.72537500000E+05	9.447904E-02	8.901966E+01
3.74406250000E+05	9.522765E-02	9.187641E+01
3.76275000000E+05	9.975143E-02	9.085530E+01
3.78143750000E+05	9.680098E-02	8.951095E+01
3.80012500000E+05	9.824340E-02	8.995689E+01
3.81881250000E+05	9.812620E-02	8.904015E+01
3.83750000000E+05	9.928054E-02	8.935387E+01
3.85618750000E+05	1.015506E-01	8.651797E+01
3.87487500000E+05	1.036921E-01	8.886465E+01
3.89356250000E+05	1.012494E-01	9.162031E+01
3.91225000000E+05	1.029697E-01	9.259957E+01
3.93093750000E+05	1.073479E-01	8.787529E+01
3.94962500000E+05	1.032910E-01	8.870950E+01
3.96831250000E+05	1.074852E-01	8.898938E+01
3.98700000000E+05	1.069742E-01	9.185285E+01
4.00568750000E+05	1.092394E-01	8.997891E+01
4.02437500000E+05	1.071232E-01	8.813026E+01
4.04306250000E+05	1.016289E-01	8.887015E+01
4.06175000000E+05	1.062944E-01	9.099891E+01
4.08043750000E+05	1.095546E-01	8.902445E+01
4.09912500000E+05	1.053973E-01	9.239595E+01
4.11781250000E+05	1.071986E-01	8.912237E+01
4.13650000000E+05	1.101153E-01	8.936095E+01
4.15518750000E+05	1.135146E-01	9.243036E+01
4.17387500000E+05	1.068560E-01	9.031524E+01
4.19256250000E+05	1.154770E-01	8.847471E+01
4.21125000000E+05	1.122284E-01	9.082819E+01
4.22993750000E+05	1.137779E-01	8.885845E+01
4.24862500000E+05	1.140816E-01	8.846426E+01
4.26731250000E+05	1.108881E-01	8.981033E+01
4.28600000000E+05	1.102962E-01	8.932975E+01
4.30468750000E+05	1.115904E-01	8.921561E+01
4.32337500000E+05	1.140862E-01	9.133860E+01
4.34206250000E+05	1.146167E-01	8.818404E+01
4.36075000000E+05	1.143756E-01	9.096548E+01
4.37943750000E+05	1.135704E-01	8.818800E+01
4.39812500000E+05	1.189291E-01	8.932455E+01
4.41681250000E+05	1.165595E-01	9.222397E+01
4.43550000000E+05	1.171480E-01	9.150215E+01
4.45418750000E+05	1.176030E-01	9.071194E+01
4.47287500000E+05	1.167032E-01	8.854379E+01
4.49156250000E+05	1.110256E-01	9.022382E+01
4.51025000000E+05	1.243928E-01	8.772317E+01
4.52893750000E+05	1.186240E-01	8.951569E+01
4.54762500000E+05	1.169789E-01	8.868850E+01
4.56631250000E+05	1.209054E-01	9.055013E+01
4.58500000000E+05	1.228422E-01	9.010523E+01
4.60368750000E+05	1.221216E-01	9.012182E+01
4.62237500000E+05	1.225461E-01	8.894665E+01
4.64106250000E+05	1.194525E-01	9.089322E+01
4.65975000000E+05	1.212317E-01	9.175958E+01
4.67843750000E+05	1.223862E-01	9.095476E+01
4.69712500000E+05	1.240765E-01	9.287146E+01
4.71581250000E+05	1.229767E-01	8.994326E+01
4.73450000000E+05	1.252351E-01	8.897971E+01
4.75318750000E+05	1.228879E-01	9.101486E+01
4.77187500000E+05	1.251332E-01	8.843696E+01
4.79056250000E+05	1.258202E-01	8.989495E+01
4.80925000000E+05	1.214256E-01	9.060934E+01
4.82793750000E+05	1.269397E-01	9.057352E+01
4.84662500000E+05	1.303421E-01	8.692439E+01
4.86531250000E+05	1.317881E-01	9.269076E+01
4.88400000000E+05	1.271752E-01	9.062128E+01
4.90268750000E+05	1.325388E-01	8.873534E+01
4.92137500000E+05	1.284078E-01	9.155380E+01
4.94006250000E+05	1.294445E-01	8.916944E+01
4.95875000000E+05	1.272068E-01	8.926639E+01
4.97743750000E+05	1.323003E-01	8.953410E+01
4.99612500000E+05	1.329484E-01	9.249636E+01
5.01481250000E+05	1.273824E-01	9.004309E+01
5.03350000000E+05	1.308406E-01	9.088708E+01
5.05218750000E+05	1.343378E-01	9.104063E+01
5.07087500000E+05	1.316786E-01	9.045157E+01
5.08956250000E+05	1.355565E-01	8.947516E+01
5.10825000000E+05	1.325966E-01	9.002876E+01
5.12693750000E+05	1.361897E-01	9.074314E+01
5.14562500000E+05	1.336962E-01	8.988608E+01
5.16431250000E+05	1.358689E-01	8.943103E+01
5.18300000000E+05	1.329291E-01	9.203136E+01
5.20168750000E+05	1.356642E-01	8.959355E+01
5.22037500000E+05	1.395725E-01	9.197818E+01
5.23906250000E+05	1.378983E-01	9.127766E+01
5.25775000000E+05	1.404980E-01	9.198652E+01
5.27643750000E+05	1.390670E-01	9.189947E+01
5.29512500000E+05	1.400789E-01	8.996703E+01
5.31381250000E+05	1.405601E-01	8.966661E+01
5.33250000000E+05	1.384721E-01	9.158141E+01
5.35118750000E+05	1.434674E-01	9.080753E+01
5.36987500000E+05	1.399458E-01	8.919776E+01
5.38856250000E+05	1.438094E-01	9.105054E+01
5.40725000000E+05	1.434190E-01	8.764563E+01
5.42593750000E+05	1.473336E-01	9.010979E+01
5.44462500000E+05	1.404746E-01	8.945815E+01
5.46331250000E+05	1.423623E-01	8.988149E+01
5.48200000000E+05	1.434840E-01	9.080300E+01
5.50068750000E+05	1.419680E-01	9.102381E+01
5.51937500000E+05	1.422461E-01	9.011826E+01
5.53806250000E+05	1.457428E-01	9.170459E+01
5.55675000000E+05	1.437371E-01	8.854235E+01
5.57543750000E+05	1.493575E-01	9.110407E+01
5.59412500000E+05	1.481566E-01	8.927335E+01
5.61281250000E+05	1.449992E-01	8.909587E+01
5.63150000000E+05	1.503562E-01	9.118308E+01
5.65018750000E+05	1.459742E-01	9.120047E+01
5.66887500000E+05	1.475934E-01	9.140520E+01
5.68756250000E+05	1.501453E-01	9.072499E+01
5.70625000000E+05	1.555635E-01	8.984027E+01
5.72493750000E+05	1.520384E-01	9.103115E+01
5.74362500000E+05	1.542658E-01	9.009864E+01
5.76231250000E+05	1.519022E-01	9.004659E+01
5.78100000000E+05	1.517088E-01	8.935825E+01
5.79968750000E+05	1.499583E-01	8.961553E+01
5.81837500000E+05	1.520375E-01	8.949094E+01
5.83706250000E+05	1.547774E-01	9.071481E+01
5.85575000000E+05	1.534831E-01	9.089126E+01
5.87443750000E+05	1.578420E-01	9.041487E+01
5.89312500000E+05	1.583363E-01	9.061750E+01
5.91181250000E+05	1.559954E-01	9.033585E+01
5.93050000000E+05	1.546896E-01	8.993189E+01
5.94918750000E+05	1.566563E-01	9.107338E+01
5.96787500000E+05	1.553172E-01	8.955212E+01
5.98656250000E+05	1.584083E-01	9.024482E+01
6.00525000000E+05	1.565270E-01	9.117950E+01
6.02393750000E+05	1.589777E-01	9.122776E+01
6.04262500000E+05	1.577381E-01	8.991261E+01
6.06131250000E+05	1.607138E-01	9.006362E+01
6.08000000000E+05	1.611996E-01	8.996706E+01
6.09868750000E+05	1.577727E-01	8.865727E+01
6.11737500000E+05	1.572338E-01	9.114068E+01
6.13606250000E+05	1.605372E-01	9.085912E+01
6.15475000000E+05	1.603871E-01	8.908076E+01
6.17343750000E+05	1.610010E-01	9.100697E+01
6.19212500000E+05	1.599113E-01	9.037714E+01
6.21081250000E+05	1.607674E-01	9.067968E+01
6.22950000000E+05	1.624484E-01	8.957557E+01
6.24818750000E+05	1.647209E-01	9.229572E+01
6.26687500000E+05	1.609835E-01	9.020596E+01
6.28556250000E+05	1.639408E-01	9.107560E+01
6.30425000000E+05	1.607998E-01	8.989304E+01
6.32293750000E+05	1.639264E-01	9.081345E+01
6.34162500000E+05	1.679599E-01	9.166542E+01
6.36031250000E+05	1.678965E-01	9.015766E+01
6.37900000000E+05	1.649038E-01	9.177456E+01
6.39768750000E+05	1.707451E-01	9.060315E+01
6.41637500000E+05	1.669659E-01	8.918198E+01
6.43506250000E+05	1.706576E-01	9.157139E+01
6.45375000000E+05	1.650979E-01	9.189862E+01
6.47243750000E+05	1.688812E-01	8.982960E+01
6.49112500000E+05	1.666047E-01	9.089883E+01
6.50981250000E+05	1.705457E-01	9.036926E+01
6.52850000000E+05	1.714987E-01	9.077244E+01
6.54718750000E+05	1.724874E-01	9.013357E+01
6.56587500000E+05	1.750665E-01	9.120597E+01
6.58456250000E+05	1.715156E-01	9.170934E+01
6.60325000000E+05	1.736375E-01	8.981972E+01
6.62193750000E+05	1.733722E-01	9.026503E+01
6.64062500000E+05	1.729402E-01	9.056940E+01
6.65931250000E+05	1.740249E-01	9.039245E+01
6.67800000000E+05	1.769958E-01	9.039597E+01
6.69668750000E+05	1.762012E-01	9.070217E+01
6.71537500000E+05	1.769241E-01	9.062177E+01
6.73406250000E+05	1.774763E-01	9.099243E+01
6.75275000000E+05	1.784951E-01	8.999934E+01
6.77143750000E+05	1.751269E-01	9.060044E+01
6.79012500000E+05	1.777344E-01	9.138840E+01
6.80881250000E+05	1.758320E-01	9.102445E+01
6.82750000000E+05	1.791091E-01	8.998043E+01
6.84618750000E+05	1.799205E-01	9.137674E+01
6.86487500000E+05	1.779382E-01	9.004799E+01
6.88356250000E+05	1.797695E-01	9.045973E+01
6.90225000000E+05	1.775415E-01	9.028351E+01
6.92093750000E+05	1.787335E-01	9.003817E+01
6.93962500000E+05	1.819122E-01	9.031595E+01
6.95831250000E+05	1.851777E-01	9.116777E+01
6.97700000000E+05	1.815612E-01	9.137192E+01
6.99568750000E+05	1.839961E-01	9.122348E+01
7.01437500000E+05	1.824544E-01	8.996863E+01
7.03306250000E+05	1.849223E-01	9.088815E+01
7.05175000000E+05	1.857297E-01	9.033105E+01
7.07043750000E+05	1.820320E-01	8.977831E+01
7.08912500000E+05	1.863519E-01	9.114957E+01
7.10781250000E+05	1.860508E-01	9.018712E+01
7.12650000000E+05	1.845814E-01	9.054323E+01
7.14518750000E+05	1.877778E-01	8.994624E+01
7.16387500000E+05	1.894291E-01	9.082027E+01
7.18256250000E+05	1.886642E-01	9.008390E+01
7.20125000000E+05	1.859041E-01	9.111854E+01
7.21993750000E+05	1.907533E-01	9.042715E+01
7.23862500000E+05	1.879594E-01	9.101259E+01
7.25731250000E+05	1.900650E-01	9.021407E+01
7.27600000000E+05	1.912007E-01	9.075947E+01
7.29468750000E+05	1.901872E-01	8.967645E+01
7.31337500000E+05	1.912768E-01	8.997160E+01
7.33206250000E+05	1.904492E-01	9.079105E+01
7.35075000000E+05	1.946494E-01	9.103111E+01
7.36943750000E+05	1.952584E-01	9.059924E+01
7.38812500000E+05	1.948851E-01	9.117189E+01
7.40681250000E+05	1.930594E-01	9.157384E+01
7.42550000000E+05	1.954926E-01	9.109931E+01
7.44418750000E+05	1.951507E-01	9.095692E+01
7.46287500000E+05	1.962531E-01	8.979065E+01
7.48156250000E+05	1.970080E-01	9.109599E+01
7.50025000000E+05	1.960189E-01	9.035625E+01
7.51893750000E+05	1.984001E-01	9.180219E+01
7.53762500000E+05	1.969187E-01	9.197906E+01
7.55631250000E+05	1.985308E-01	9.129668E+01
7.57500000000E+05	1.987782E-01	9.133538E+01
7.59368750000E+05	1.972291E-01	9.090305E+01
7.61237500000E+05	1.996332E-01	9.117454E+01
7.63106250000E+05	1.992452E-01	8.994198E+01
7.64975000000E+05	1.987085E-01	9.022846E+01
7.66843750000E+05	1.984728E-01	8.971319E+01
7.68712500000E+05	2.008858E-01	9.128074E+01
7.70581250000E+05	2.001238E-01	9.080428E+01
7.72450000000E+05	2.030638E-01	9.030010E+01
7.74318750000E+05	2.035605E-01	9.157839E+01
7.76187500000E+05	2.023932E-01	9.052388E+01
7.78056250000E+05	2.047753E-01	9.059586E+01
7.79925000000E+05	2.037260E-01	9.030592E+01
7.81793750000E+05	2.033907E-01	9.174104E+01
7.83662500000E+05	2.046306E-01	9.075668E+01
7.85531250000E+05	2.055011E-01	9.104910E+01
7.87400000000E+05	2.082904E-01	9.079834E+01
7.89268750000E+05	2.050874E-01	9.054517E+01
7.91137500000E+05	2.071741E-01	9.059592E+01
7.93006250000E+05	2.043897E-01	9.036663E+01
7.94875000000E+05	2.117780E-01	9.082430E+01
7.96743750000E+05	2.095595E-01	9.041712E+01
7.98612500000E+05	2.094475E-01	9.027091E+01
8.00481250000E+05	2.114102E-01	9.076113E+01
8.02350000000E+05	2.100409E-01	9.142803E+01
8.04218750000E+05	2.104822E-01	9.062277E+01
8.06087500000E+05	2.109722E-01	9.049426E+01
8.07956250000E+05	2.088951E-01	9.042812E+01
8.09825000000E+05	2.111359E-01	9.132575E+01
8.11693750000E+05	2.155284E-01	9.149675E+01
8.13562500000E+05	2.146841E-01	9.075680E+01
8.15431250000E+05	2.111391E-01	9.207201E+01
8.17300000000E+05	2.131317E-01	9.068042E+01
8.19168750000E+05	2.155141E-01	9.096218E+01
8.21037500000E+05	2.173637E-01	9.112626E+01
8.22906250000E+05	2.126537E-01	9.128135E+01
8.24775000000E+05	2.174551E-01	9.064557E+01
8.26643750000E+05	2.132101E-01	9.173273E+01
8.28512500000E+05	2.176791E-01	9.096212E+01
8.30381250000E+05	2.192498E-01	9.104536E+01
8.32250000000E+05	2.154047E-01	9.128234E+01
8.34118750000E+05	2.176893E-01	9.032257E+01
8.35987500000E+05	2.185245E-01	9.065665E+01
8.37856250000E+05	2.192294E-01	9.100076E+01
8.39725000000E+05	2.139632E-01	9.137911E+01
8.41593750000E+05	2.195244E-01	9.092990E+01
8.43462500000E+05	2.183444E-01	9.120448E+01
8.45331250000E+05	2.212976E-01	9.105695E+01
8.47200000000E+05	2.212113E-01	9.085033E+01
8.49068750000E+05	2.231062E-01	9.063109E+01
8.50937500000E+05	2.206430E-01	9.152377E+01
8.52806250000E+05	2.216565E-01	9.114726E+01
8.54675000000E+05	2.254418E-01	9.158105E+01
8.56543750000E+05	2.219042E-01	9.101731E+01
8.58412500000E+05	2.222160E-01	9.078677E+01
8.60281250000E+05	2.235811E-01	9.075596E+01
8.62150000000E+05	2.249893E-01	9.096676E+01
8.64018750000E+05	2.277413E-01	9.090117E+01
8.65887500000E+05	2.262133E-01	9.106248E+01
8.67756250000E+05	2.271842E-01	9.024426E+01
8.69625000000E+05	2.257680E-01	9.153992E+01
8.71493750000E+05	2.272055E-01	9.086253E+01
8.73362500000E+05	2.260059E-01	8.988477E+01
8.75231250000E+05	2.294643E-01	9.111861E+01
8.77100000000E+05	2.299616E-01	9.104453E+01
8.78968750000E+05	2.264616E-01	9.124758E+01
8.80837500000E+05	2.331239E-01	9.129061E+01
8.82706250000E+05	2.329804E-01	9.138020E+01
8.84575000000E+05	2.306300E-01	9.124542E+01
8.86443750000E+05	2.323100E-01	9.105036E+01
8.88312500000E+05	2.315325E-01	9.097154E+01
8.90181250000E+05	2.336439E-01	9.139163E+01
8.92050000000E+05	2.300931E-01	9.015498E+01
8.93918750000E+05	2.303438E-01	9.042568E+01
8.95787500000E+05	2.330648E-01	9.126880E+01
8.97656250000E+05	2.367498E-01	9.162157E+01
8.99525000000E+05	2.346711E-01	9.128271E+01
9.01393750000E+05	2.335948E-01	9.182845E+01
9.03262500000E+05	2.339361E-01	9.128423E+01
9.05131250000E+05	2.345252E-01	9.117178E+01
9.07000000000E+05	2.323423E-01	9.096933E+01
9.08868750000E+05	2.353153E-01	9.094323E+01
9.10737500000E+05	2.363228E-01	9.040177E+01
9.12606250000E+05	2.378850E-01	9.076191E+01
9.14475000000E+05	2.379627E-01	9.085818E+01
9.16343750000E+05	2.388504E-01	9.070543E+01
9.18212500000E+05	2.415567E-01	9.155297E+01
9.20081250000E+05	2.373661E-01	9.078517E+01
9.21950000000E+05	2.428074E-01	9.047627E+01
9.23818750000E+05	2.402191E-01	9.134495E+01
9.25687500000E+05	2.441492E-01	9.164854E+01
9.27556250000E+05	2.383800E-01	9.125671E+01
9.29425000000E+05	2.425320E-01	9.122935E+01
9.31293750000E+05	2.426670E-01	9.118776E+01
9.33162500000E+05	2.425697E-01	9.082280E+01
9.35031250000E+05	2.415246E-01	9.074291E+01
9.36900000000E+05	2.414738E-01	9.149081E+01
9.38768750000E+05	2.443691E-01	9.094884E+01
9.40637500000E+05	2.461148E-01	9.183630E+01
9.42506250000E+05	2.457208E-01	9.126232E+01
9.44375000000E+05	2.466982E-01	9.158704E+01
9.46243750000E+05	2.493703E-01	9.079503E+01
9.48112500000E+05	2.445371E-01	9.124835E+01
9.49981250000E+05	2.456509E-01	9.115899E+01
9.51850000000E+05	2.506202E-01	9.170058E+01
9.53718750000E+05	2.489884E-01	9.111777E+01
9.55587500000E+05	2.457753E-01	9.099369E+01
9.57456250000E+05	2.501442E-01	9.136658E+01
9.59325000000E+05	2.471893E-01	9.083699E+01
9.61193750000E+05	2.473629E-01	9.108360E+01
9.63062500000E+05	2.495980E-01	9.137159E+01
9.64931250000E+05	2.512645E-01	9.028812E+01
9.66800000000E+05	2.514466E-01	9.054800E+01
9.68668750000E+05	2.520341E-01	9.085988E+01
9.70537500000E+05	2.522655E-01	9.133548E+01
9.72406250000E+05	2.519459E-01	9.207668E+01
9.74275000000E+05	2.539245E-01	9.175399E+01
9.76143750000E+05	2.542932E-01	9.122756E+01
9.78012500000E+05	2.536818E-01	9.108913E+01
9.79881250000E+05	2.574381E-01	9.157040E+01
9.81750000000E+05	2.521041E-01	9.138979E+01
9.83618750000E+05	2.527166E-01	9.164388E+01
9.85487500000E+05	2.546189E-01	9.142969E+01
9.87356250000E+05	2.573474E-01	9.190465E+01
9.89225000000E+05	2.575486E-01	9.147884E+01
9.91093750000E+05	2.590432E-01	9.176653E+01
9.92962500000E+05	2.567846E-01	9.137433E+01
9.94831250000E+05	2.615650E-01	9.130942E+01
9.96700000000E+05	2.589498E-01	9.159347E+01
9.98568750000E+05	2.580561E-01	9.122414E+01
1.00043750000E+06	2.618248E-01	9.188194E+01
1.00230625000E+06	2.613943E-01	9.119403E+01
1.00417500000E+06	2.589863E-01	9.136261E+01
1.00604375000E+06	2.633364E-01	9.109305E+01
1.00791250000E+06	2.609712E-01	9.123405E+01
1.00978125000E+06	2.638304E-01	9.100300E+01
1.01165000000E+06	2.630783E-01	9.179288E+01
1.01351875000E+06	2.604719E-01	9.194946E+01
1.01538750000E+06	2.649294E-01	9.171586E+01
1.01725625000E+06	2.608441E-01	9.147496E+01
1.01912500000E+06	2.664591E-01	9.120107E+01
1.02099375000E+06	2.643906E-01	9.126680E+01
1.02286250000E+06	2.640722E-01	9.175453E+01
1.02473125000E+06	2.646147E-01	9.129846E+01
1.02660000000E+06	2.697941E-01	9.144429E+01
1.02846875000E+06	2.685452E-01	9.082817E+01
1.03033750000E+06	2.667688E-01	9.134625E+01
1.03220625000E+06	2.689392E-01	9.163705E+01
1.03407500000E+06	2.679015E-01	9.142245E+01
1.03594375000E+06	2.667482E-01	9.145447E+01
1.03781250000E+06	2.707319E-01	9.172916E+01
1.03968125000E+06	2.712079E-01	9.133675E+01
1.04155000000E+06	2.726638E-01	9.128668E+01
1.04341875000E+06	2.693242E-01	9.127453E+01
1.04528750000E+06	2.717594E-01	9.162014E+01
1.04715625000E+06	2.735834E-01	9.167948E+01
1.04902500000E+06	2.732711E-01	9.123936E+01
1.05089375000E+06	2.729435E-01	9.090327E+01
1.05276250000E+06	2.745728E-01	9.152763E+01
1.05463125000E+06	2.743287E-01	9.153574E+01
1.05650000000E+06	2.734144E-01	9.091718E+01
1.05836875000E+06	2.760416E-01	9.134689E+01
1.06023750000E+06	2.743200E-01	9.134531E+01
1.06210625000E+06	2.762611E-01	9.147996E+01
1.06397500000E+06	2.757041E-01	9.091859E+01
1.06584375000E+06	2.763817E-01	9.191329E+01
1.06771250000E+06	2.802690E-01	9.134199E+01
1.06958125000E+06	2.782395E-01	9.111759E+01
1.07145000000E+06	2.816380E-01	9.145109E+01
1.07331875000E+06	2.806491E-01	9.164922E+01
1.07518750000E+06	2.775032E-01	9.141998E+01
1.07705625000E+06	2.816887E-01	9.154307E+01
1.07892500000E+06	2.829897E-01	9.139994E+01
1.08079375000E+06	2.838308E-01	9.128775E+01
1.08266250000E+06	2.798261E-01	9.134101E+01
1.08453125000E+06	2.795705E-01	9.130795E+01
1.08640000000E+06	2.809120E-01	9.187695E+01
1.08826875000E+06	2.812913E-01	9.154048E+01
1.09013750000E+06	2.870220E-01	9.161446E+01
1.09200625000E+06	2.821149E-01	9.165371E+01
1.09387500000E+06	2.851562E-01	9.173791E+01
1.09574375000E+06	2.851688E-01	9.139886E+01
1.09761250000E+06	2.834423E-01	9.170233E+01
1.09948125000E+06	2.838110E-01	9.121111E+01
1.10135000000E+06	2.836881E-01	9.196571E+01
1.10321875000E+06	2.853791E-01	9.206787E+01
1.10508750000E+06	2.860603E-01	9.189610E+01
1.10695625000E+06	2.901666E-01	9.218563E+01
1.10882500000E+06	2.856659E-01	9.141635E+01
1.11069375000E+06	2.893432E-01	9.145774E+01
1.11256250000E+06	2.876242E-01	9.146677E+01
1.11443125000E+06	2.895436E-01	9.153731E+01
1.11630000000E+06	2.913260E-01	9.152769E+01
1.11816875000E+06	2.888956E-01	9.101481E+01
1.12003750000E+06	2.883022E-01	9.202864E+01
1.12190625000E+06	2.891791E-01	9.150022E+01
1.12377500000E+06	2.917332E-01	9.135942E+01
1.12564375000E+06	2.915487E-01	9.179644E+01
1.12751250000E+06	2.945671E-01	9.137943E+01
1.12938125000E+06	2.911569E-01	9.144477E+01
1.13125000000E+06	2.942036E-01	9.165342E+01
1.13311875000E+06	2.936065E-01	9.111066E+01
1.13498750000E+06	2.933120E-01	9.198025E+01
1.13685625000E+06	2.965276E-01	9.207488E+01
1.13872500000E+06	2.949511E-01	9.208230E+01
1.14059375000E+06	2.993759E-01	9.165845E+01
1.14246250000E+06	2.975289E-01	9.212926E+01
1.14433125000E+06	2.981033E-01	9.157909E+01
1.14620000000E+06	2.977938E-01	9.129668E+01
1.14806875000E+06	2.962779E-01	9.201548E+01
1.14993750000E+06	2.971719E-01	9.163879E+01
1.15180625000E+06	2.980147E-01	9.171394E+01
1.15367500000E+06	2.991683E-01	9.191623E+01
1.15554375000E+06	3.013087E-01	9.095285E+01
1.15741250000E+06	2.995103E-01	9.166634E+01
1.15928125000E+06	3.009797E-01	9.124373E+01
1.16115000000E+06	3.009508E-01	9.133947E+01
1.16301875000E+06	3.044032E-01	9.202254E+01
1.16488750000E+06	3.012071E-01	9.157861E+01
1.16675625000E+06	3.020571E-01	9.141226E+01
1.16862500000E+06	3.017688E-01	9.140135E+01
1.17049375000E+06	3.048175E-01	9.111611E+01
1.17236250000E+06	3.024754E-01	9.112422E+01
1.17423125000E+06	3.053770E-01	9.189869E+01
1.17610000000E+06	3.045187E-01	9.142013E+01
1.17796875000E+06	3.047363E-01	9.103796E+01
1.17983750000E+06	3.060672E-01	9.147153E+01
1.18170625000E+06	3.039439E-01	9.117551E+01
1.18357500000E+06	3.068901E-01	9.228899E+01
1.18544375000E+06	3.064004E-01	9.201043E+01
1.18731250000E+06	3.055431E-01	9.162035E+01
1.18918125000E+06	3.062956E-01	9.148946E+01
1.19105000000E+06	3.088821E-01	9.202577E+01
1.19291875000E+06	3.081231E-01	9.119592E+01
1.19478750000E+06	3.121267E-01	9.181503E+01
1.19665625000E+06	3.105414E-01	9.211290E+01
1.19852500000E+06	3.134631E-01	9.201846E+01
1.20039375000E+06	3.089789E-01	9.174972E+01
1.20226250000E+06	3.106785E-01	9.140625E+01
1.20413125000E+06	3.115816E-01	9.159092E+01
1.20600000000E+06	3.130146E-01	9.192657E+01
1.20786875000E+06	3.143620E-01	9.133976E+01
1.20973750000E+06	3.137388E-01	9.133313E+01
1.21160625000E+06	3.114462E-01	9.196986E+01
1.21347500000E+06	3.120344E-01	9.195043E+01
1.21534375000E+06	3.152002E-01	9.221532E+01
1.21721250000E+06	3.127515E-01	9.175578E+01
1.21908125000E+06	3.136546E-01	9.160909E+01
1.22095000000E+06	3.150583E-01	9.167451E+01
1.22281875000E+06	3.156300E-01	9.176361E+01
1.22468750000E+06	3.156233E-01	9.197652E+01
1.22655625000E+06	3.160480E-01	9.190970E+01
1.22842500000E+06	3.179554E-01	9.198656E+01
1.23029375000E+06	3.222228E-01	9.167090E+01
1.23216250000E+06	3.205141E-01	9.231744E+01
1.23403125000E+06	3.168745E-01	9.195492E+01
1.23590000000E+06	3.210661E-01	9.162953E+01
1.23776875000E+06	3.194948E-01	9.164367E+01
1.23963750000E+06	3.221813E-01	9.171032E+01
1.24150625000E+06	3.196355E-01	9.142001E+01
1.24337500000E+06	3.211949E-01	9.182332E+01
1.24524375000E+06	3.224673E-01	9.130256E+01
1.24711250000E+06	3.223997E-01	9.177996E+01
1.24898125000E+06	3.241928E-01	9.147663E+01
1.25085000000E+06	3.245447E-01	9.156693E+01
1.25271875000E+06	3.248833E-01	9.133415E+01
1.25458750000E+06	3.272423E-01	9.177512E+01
1.25645625000E+06	3.253572E-01	9.173322E+01
1.25832500000E+06	3.224530E-01	9.169265E+01
1.26019375000E+06	3.243951E-01	9.187667E+01
1.26206250000E+06	3.271063E-01	9.200824E+01
1.26393125000E+06	3.275523E-01	9.209550E+01
1.26580000000E+06	3.310074E-01	9.178643E+01
1.26766875000E+06	3.286622E-01	9.182906E+01
1.26953750000E+06	3.279220E-01	9.192664E+01
1.27140625000E+06	3.290318E-01	9.143830E+01
1.27327500000E+06	3.307446E-01	9.194141E+01
1.27514375000E+06	3.287984E-01	9.205054E+01
1.27701250000E+06	3.295045E-01	9.182192E+01
1.27888125000E+06	3.284035E-01	9.124950E+01
1.28075000000E+06	3.308730E-01	9.191300E+01
1.28261875000E+06	3.314981E-01	9.170291E+01
1.28448750000E+06	3.352984E-01	9.194438E+01
1.28635625000E+06	3.337822E-01	9.206123E+01
1.28822500000E+06	3.320847E-01	9.169397E+01
1.29009375000E+06	3.327492E-01	9.165659E+01
1.29196250000E+06	3.343815E-01	9.158063E+01
1.29383125000E+06	3.328926E-01	9.192276E+01
1.29570000000E+06	3.333848E-01	9.147771E+01
1.29756875000E+06	3.367864E-01	9.191115E+01
1.29943750000E+06	3.358044E-01	9.211465E+01
1.30130625000E+06	3.377303E-01	9.215292E+01
1.30317500000E+06	3.390810E-01	9.102254E+01
1.30504375000E+06	3.375888E-01	9.196037E+01
1.30691250000E+06	3.363531E-01	9.171403E+01
1.30878125000E+06	3.386881E-01	9.108891E+01
1.31065000000E+06	3.433567E-01	9.206149E+01
1.31251875000E+06	3.391370E-01	9.213279E+01
1.31438750000E+06	3.386496E-01	9.151217E+01
1.31625625000E+06	3.421281E-01	9.206329E+01
1.31812500000E+06	3.409948E-01	9.211354E+01
1.31999375000E+06	3.412348E-01	9.178834E+01
1.32186250000E+06	3.404926E-01	9.220315E+01
1.32373125000E+06	3.417701E-01	9.177100E+01
1.32560000000E+06	3.422403E-01	9.172683E+01
1.32746875000E+06	3.396658E-01	9.205592E+01
1.32933750000E+06	3.437271E-01	9.201903E+01
1.33120625000E+06	3.425785E-01	9.189987E+01
1.33307500000E+06	3.454467E-01	9.195605E+01
1.33494375000E+06	3.451554E-01	9.196386E+01
1.33681250000E+06	3.474821E-01	9.211029E+01
1.33868125000E+06	3.423758E-01	9.207499E+01
1.34055000000E+06	3.466955E-01	9.203242E+01
1.34241875000E+06	3.451837E-01	9.172234E+01
1.34428750000E+06	3.462026E-01	9.177694E+01
1.34615625000E+06	3.468178E-01	9.180182E+01
1.34802500000E+06	3.495308E-01	9.179620E+01
1.34989375000E+06	3.465224E-01	9.217587E+01
1.35176250000E+06	3.485563E-01	9.205849E+01
1.35363125000E+06	3.481867E-01	9.181634E+01
1.35550000000E+06	3.518755E-01	9.202708E+01
1.35736875000E+06	3.527798E-01	9.211820E+01
1.35923750000E+06	3.521716E-01	9.190402E+01
1.36110625000E+06	3.511909E-01	9.229720E+01
1.36297500000E+06	3.511422E-01	9.234000E+01
1.36484375000E+06	3.536151E-01	9.205343E+01
1.36671250000E+06	3.520305E-01	9.155952E+01
1.36858125000E+06	3.546258E-01	9.196655E+01
1.37045000000E+06	3.579600E-01	9.188821E+01
1.37231875000E+06	3.541540E-01	9.155247E+01
1.37418750000E+06	3.518216E-01	9.247170E+01
1.37605625000E+06	3.552021E-01	9.130418E+01
1.37792500000E+06	3.535950E-01	9.178208E+01
1.37979375000E+06	3.537066E-01	9.179720E+01
1.38166250000E+06	3.574847E-01	9.187933E+01
1.38353125000E+06	3.568408E-01	9.204642E+01
1.38540000000E+06	3.568044E-01	9.201879E+01
1.38726875000E+06	3.573270E-01	9.225526E+01
1.38913750000E+06	3.567902E-01	9.207951E+01
1.39100625000E+06	3.604079E-01	9.151830E+01
1.39287500000E+06	3.594297E-01	9.196230E+01
1.39474375000E+06	3.628279E-01	9.221483E+01
1.39661250000E+06	3.585030E-01	9.135503E+01
1.39848125000E+06	3.597789E-01	9.149918E+01
1.40035000000E+06	3.601156E-01	9.203214E+01
1.40221875000E+06	3.602860E-01	9.198465E+01
1.40408750000E+06	3.624840E-01	9.178342E+01
1.40595625000E+06	3.636828E-01	9.158199E+01
1.40782500000E+06	3.611161E-01	9.253024E+01
1.40969375000E+06	3.634053E-01	9.230381E+01
1.41156250000E+06	3.672574E-01	9.185524E+01
1.41343125000E+06	3.654645E-01	9.226571E+01
1.41530000000E+06	3.639394E-01	9.209345E+01
1.41716875000E+06	3.644469E-01	9.210317E+01
1.41903750000E+06	3.660917E-01	9.246241E+01
1.42090625000E+06	3.635246E-01	9.230209E+01
1.42277500000E+06	3.639147E-01	9.213583E+01
1.42464375000E+06	3.687589E-01	9.204764E+01
1.42651250000E+06	3.677515E-01	9.196957E+01
1.42838125000E+06	3.677006E-01	9.214953E+01
1.43025000000E+06	3.681014E-01	9.226487E+01
1.43211875000E+06	3.690386E-01	9.196056E+01
1.43398750000E+06	3.720443E-01	9.177574E+01
1.43585625000E+06	3.733374E-01	9.234863E+01
1.43772500000E+06	3.675326E-01	9.197641E+01
1.43959375000E+06	3.740405E-01	9.237508E+01
1.44146250000E+06	3.699042E-01	9.221082E+01
1.44333125000E+06	3.731246E-01	9.207224E+01
1.44520000000E+06	3.712051E-01	9.199014E+01
1.44706875000E+06	3.734478E-01	9.219060E+01
1.44893750000E+06	3.744631E-01	9.232751E+01
1.45080625000E+06	3.743944E-01	9.207024E+01
1.45267500000E+06	3.738164E-01	9.195269E+01
1.45454375000E+06	3.739234E-01	9.211217E+01
1.45641250000E+06	3.773191E-01	9.165937E+01
1.45828125000E+06	3.753840E-01	9.187150E+01
1.46015000000E+06	3.765842E-01	9.183800E+01
1.46201875000E+06	3.773110E-01	9.146260E+01
1.46388750000E+06	3.761824E-01	9.256811E+01
1.46575625000E+06	3.768785E-01	9.232140E+01
1.46762500000E+06	3.788075E-01	9.255598E+01
1.46949375000E+06	3.742639E-01	9.197361E+01
1.47136250000E+06	3.764859E-01	9.218912E+01
1.47323125000E+06	3.791250E-01	9.237194E+01
1.47510000000E+06	3.773009E-01	9.185142E+01
1.47696875000E+06	3.800918E-01	9.235762E+01
1.47883750000E+06	3.816623E-01	9.185644E+01
1.48070625000E+06	3.782084E-01	9.228535E+01
1.48257500000E+06	3.813156E-01	9.219986E+01
1.48444375000E+06	3.843336E-01	9.190972E+01
1.48631250000E+06	3.816831E-01	9.178838E+01
1.48818125000E+06	3.836319E-01	9.181904E+01
1.49005000000E+06	3.843012E-01	9.242144E+01
1.49191875000E+06	3.823770E-01	9.222276E+01
1.49378750000E+06	3.828674E-01	9.212775E+01
1.49565625000E+06	3.846084E-01	9.177832E+01
1.49752500000E+06	3.858839E-01	9.220433E+01
1.49939375000E+06	3.853662E-01	9.240321E+01
1.50126250000E+06	3.881825E-01	9.225922E+01
1.50313125000E+06	3.859349E-01	9.213126E+01
1.50500000000E+06	3.880783E-01	9.201178E+01
1.50686875000E+06	3.908633E-01	9.203477E+01
1.50873750000E+06	3.880152E-01	9.218081E+01
1.51060625000E+06	3.886664E-01	9.220277E+01
1.51247500000E+06	3.883826E-01	9.182736E+01
1.51434375000E+06	3.902331E-01	9.198144E+01
1.51621250000E+06	3.898442E-01	9.216057E+01
1.51808125000E+06	3.916186E-01	9.195879E+01
1.51995000000E+06	3.921522E-01	9.265730E+01
1.52181875000E+06	3.922247E-01	9.243111E+01
1.52368750000E+06	3.899471E-01	9.223332E+01
1.52555625000E+06	3.927068E-01	9.245059E+01
1.52742500000E+06	3.920807E-01	9.199265E+01
1.52929375000E+06	3.927912E-01	9.229671E+01
1.53116250000E+06	3.935264E-01	9.203875E+01
1.53303125000E+06	3.958555E-01	9.254509E+01
1.53490000000E+06	3.940393E-01	9.214122E+01
1.53676875000E+06	3.940166E-01	9.233874E+01
1.53863750000E+06	3.965798E-01	9.234787E+01
1.54050625000E+06	3.969569E-01	9.214883E+01
1.54237500000E+06	3.973489E-01	9.212036E+01
1.54424375000E+06	3.969843E-01	9.221641E+01
1.54611250000E+06	3.966472E-01	9.205713E+01
1.54798125000E+06	3.979204E-01	9.193037E+01
1.54985000000E+06	3.964990E-01	9.233415E+01
1.55171875000E+06	3.963292E-01	9.236623E+01
1.55358750000E+06	3.951430E-01	9.191938E+01
1.55545625000E+06	3.994096E-01	9.248407E+01
1.55732500000E+06	3.997749E-01	9.212064E+01
1.55919375000E+06	4.021482E-01	9.229807E+01
1.56106250000E+06	4.007669E-01	9.227708E+01
1.56293125000E+06	4.023086E-01	9.227499E+01
1.56480000000E+06	4.033826E-01	9.242807E+01
1.56666875000E+06	4.021036E-01	9.228093E+01
1.56853750000E+06	4.007835E-01	9.229576E+01
1.57040625000E+06	4.010116E-01	9.207610E+01
1.57227500000E+06	4.060085E-01	9.243427E+01
1.57414375000E+06	4.027814E-01	9.276746E+01
1.57601250000E+06	4.046458E-01	9.216443E+01
1.57788125000E+06	4.036858E-01	9.222775E+01
1.57975000000E+06	4.048119E-01	9.241531E+01
1.58161875000E+06	4.050918E-01	9.214362E+01
1.58348750000E+06	4.054293E-01	9.211536E+01
1.58535625000E+06	4.087033E-01	9.227482E+01
1.58722500000E+06	4.088418E-01	9.191887E+01
1.58909375000E+06	4.082549E-01	9.261860E+01
1.59096250000E+06	4.074349E-01	9.247083E+01
1.59283125000E+06	4.106067E-01	9.214031E+01
1.59470000000E+06	4.113053E-01	9.226155E+01
1.59656875000E+06	4.075689E-01	9.229213E+01
1.59843750000E+06	4.116656E-01	9.242609E+01
1.60030625000E+06	4.095133E-01	9.224899E+01
1.60217500000E+06	4.102703E-01	9.241533E+01
1.60404375000E+06	4.114725E-01	9.230236E+01
1.60591250000E+06	4.106908E-01	9.223470E+01
1.60778125000E+06	4.136482E-01	9.249316E+01
1.60965000000E+06	4.104247E-01	9.246667E+01
1.61151875000E+06	4.128059E-01	9.198620E+01
1.61338750000E+06	4.131558E-01	9.259935E+01
1.61525625000E+06	4.134567E-01	9.196159E+01
1.61712500000E+06	4.174785E-01	9.219605E+01
1.61899375000E+06	4.154867E-01	9.219881E+01
1.62086250000E+06	4.150485E-01	9.204135E+01
1.62273125000E+06	4.134792E-01	9.238174E+01
1.62460000000E+06	4.167110E-01	9.208165E+01
1.62646875000E+06	4.161726E-01	9.255668E+01
1.62833750000E+06	4.190673E-01	9.205457E+01
1.63020625000E+06	4.190479E-01	9.254533E+01
1.63207500000E+06	4.159880E-01	9.199466E+01
1.63394375000E+06	4.178370E-01	9.256073E+01
1.63581250000E+06	4.185270E-01	9.243092E+01
1.63768125000E+06	4.182366E-01	9.216519E+01
1.63955000000E+06	4.191343E-01	9.253349E+01
1.64141875000E+06	4.196462E-01	9.184943E+01
1.64328750000E+06	4.223524E-01	9.196207E+01
1.64515625000E+06	4.200977E-01	9.242672E+01
1.64702500000E+06	4.209449E-01	9.246450E+01
1.64889375000E+06	4.206217E-01	9.245392E+01
1.65076250000E+06	4.235602E-01	9.241636E+01
1.65263125000E+06	4.220113E-01	9.245251E+01
1.65450000000E+06	4.229775E-01	9.236180E+01
1.65636875000E+06	4.263164E-01	9.220762E+01
1.65823750000E+06	4.271967E-01	9.249186E+01
1.66010625000E+06	4.230642E-01	9.212321E+01
1.66197500000E+06	4.247930E-01	9.256755E+01
1.66384375000E+06	4.259854E-01	9.232697E+01
1.66571250000E+06	4.251717E-01	9.227462E+01
1.66758125000E+06	4.250382E-01	9.267990E+01
1.66945000000E+06	4.268156E-01	9.254468E+01
1.67131875000E+06	4.282326E-01	9.186886E+01
1.67318750000E+06	4.277723E-01	9.229244E+01
1.67505625000E+06	4.308648E-01	9.241833E+01
1.67692500000E+06	4.291579E-01	9.238623E+01
1.67879375000E+06	4.272170E-01	9.223013E+01
1.68066250000E+06	4.301928E-01	9.229198E+01
1.68253125000E+06	4.308580E-01	9.237160E+01
1.68440000000E+06	4.316403E-01	9.223331E+01
1.68626875000E+06	4.329109E-01	9.235213E+01
1.68813750000E+06	4.284026E-01	9.225990E+01
1.69000625000E+06	4.321446E-01	9.234042E+01
1.69187500000E+06	4.326545E-01	9.239506E+01
1.69374375000E+06	4.304380E-01	9.231209E+01
1.69561250000E+06	4.325562E-01	9.261703E+01
1.69748125000E+06	4.317627E-01	9.187880E+01
1.69935000000E+06	4.352441E-01	9.228315E+01
1.70121875000E+06	4.364503E-01	9.232861E+01
1.70308750000E+06	4.334029E-01	9.235742E+01
1.70495625000E+06	4.330408E-01	9.289610E+01
1.70682500000E+06	4.332263E-01	9.255567E+01
1.70869375000E+06	4.375935E-01	9.221157E+01
1.71056250000E+06	4.348375E-01	9.278564E+01
1.71243125000E+06	4.368509E-01	9.242963E+01
1.71430000000E+06	4.369949E-01	9.245523E+01
1.71616875000E+06	4.385645E-01	9.236713E+01
1.71803750000E+06	4.369591E-01	9.255450E+01
1.71990625000E+06	4.390319E-01	9.218881E+01
1.72177500000E+06	4.400070E-01	9.214163E+01
1.72364375000E+06	4.393407E-01	9.252063E+01
1.72551250000E+06	4.389147E-01	9.256880E+01
1.72738125000E+06	4.385477E-01	9.236562E+01
1.72925000000E+06	4.390236E-01	9.248083E+01
1.73111875000E+06	4.409085E-01	9.245200E+01
1.73298750000E+06	4.391512E-01	9.237260E+01
1.73485625000E+06	4.410142E-01	9.219460E+01
1.73672500000E+06	4.402456E-01	9.257282E+01
1.73859375000E+06	4.411209E-01	9.248540E+01
1.74046250000E+06	4.427212E-01	9.211495E+01
1.74233125000E+06	4.405331E-01	9.231533E+01
1.74420000000E+06	4.423353E-01	9.227620E+01
1.74606875000E+06	4.431568E-01	9.269518E+01
1.74793750000E+06	4.416299E-01	9.245593E+01
1.74980625000E+06	4.470275E-01	9.274757E+01
1.75167500000E+06	4.421648E-01	9.247908E+01
1.75354375000E+06	4.409626E-01	9.241030E+01
1.75541250000E+06	4.454057E-01	9.255967E+01
1.75728125000E+06	4.432462E-01	9.257409E+01
1.75915000000E+06	4.465543E-01	9.241869E+01
1.76101875000E+06	4.450052E-01	9.239169E+01
1.76288750000E+06	4.453529E-01	9.217495E+01
1.76475625000E+06	4.490388E-01	9.260473E+01
1.76662500000E+06	4.451698E-01	9.244155E+01
1.76849375000E+06	4.468191E-01	9.290897E+01
1.77036250000E+06	4.469060E-01	9.241077E+01
1.77223125000E+06	4.472671E-01	9.276526E+01
1.77410000000E+06	4.481392E-01	9.274324E+01
1.77596875000E+06	4.477953E-01	9.283620E+01
1.77783750000E+06	4.502578E-01	9.276871E+01
1.77970625000E+06	4.481203E-01	9.296503E+01
1.78157500000E+06	4.481637E-01	9.293276E+01
1.78344375000E+06	4.503377E-01	9.298054E+01
1.78531250000E+06	4.512868E-01	9.270162E+01
1.78718125000E+06	4.518712E-01	9.293365E+01
1.78905000000E+06	4.525839E-01	9.296782E+01
1.79091875000E+06	4.517732E-01	9.287649E+01
1.79278750000E+06	4.542746E-01	9.255426E+01
1.79465625000E+06	4.519372E-01	9.287916E+01
1.79652500000E+06	4.497181E-01	9.292159E+01
1.79839375000E+06	4.561142E-01	9.338426E+01
1.80026250000E+06	4.560716E-01	9.310514E+01
1.80213125000E+06	4.536047E-01	9.293287E+01
1.80400000000E+06	4.563266E-01	9.290325E+01
1.80586875000E+06	4.557065E-01	9.294158E+01
1.80773750000E+06	4.581128E-01	9.339433E+01
1.80960625000E+06	4.600648E-01	9.320575E+01
1.81147500000E+06	4.589790E-01	9.303294E+01
1.81334375000E+06	4.565693E-01	9.336842E+01
1.81521250000E+06	4.622294E-01	9.329756E+01
1.81708125000E+06	4.605114E-01	9.309209E+01
1.81895000000E+06	4.615211E-01	9.303170E+01
1.82081875000E+06	4.638091E-01	9.313228E+01
1.82268750000E+06	4.605740E-01	9.328941E+01
1.82455625000E+06	4.606206E-01	9.321574E+01
1.82642500000E+06	4.622296E-01	9.317205E+01
1.82829375000E+06	4.628944E-01	9.324604E+01
1.83016250000E+06	4.645026E-01	9.299709E+01
1.83203125000E+06	4.635006E-01	9.321427E+01
1.83390000000E+06	4.641326E-01	9.320121E+01
1.83576875000E+06	4.637583E-01	9.350988E+01
1.83763750000E+06	4.664491E-01	9.339898E+01
1.83950625000E+06	4.640937E-01	9.363837E+01
1.84137500000E+06	4.652202E-01	9.337768E+01
1.84324375000E+06	4.684371E-01	9.310268E+01
1.84511250000E+06	4.678698E-01	9.332510E+01
1.84698125000E+06	4.674468E-01	9.325880E+01
1.84885000000E+06	4.688524E-01	9.321310E+01
1.85071875000E+06	4.703473E-01	9.341387E+01
1.85258750000E+06	4.700559E-01	9.357133E+01
1.85445625000E+06	4.692070E-01	9.324677E+01
1.85632500000E+06	4.708146E-01	9.335654E+01
1.85819375000E+06	4.723340E-01	9.327893E+01
1.86006250000E+06	4.739062E-01	9.331554E+01
1.86193125000E+06	4.743933E-01	9.309776E+01
1.86380000000E+06	4.727258E-01	9.322869E+01
1.86566875000E+06	4.743328E-01	9.320303E+01
1.86753750000E+06	4.754723E-01	9.319811E+01
1.86940625000E+06	4.744472E-01	9.305962E+01
1.87127500000E+06	4.739112E-01	9.298319E+01
1.87314375000E+06	4.738997E-01	9.340110E+01
1.87501250000E+06	4.762263E-01	9.350784E+01
1.87688125000E+06	4.761801E-01	9.343468E+01
1.87875000000E+06	4.769486E-01	9.323307E+01
1.88061875000E+06	4.744716E-01	9.316374E+01
1.88248750000E+06	4.780999E-01	9.319070E+01
1.88435625000E+06	4.796018E-01	9.329427E+01
1.88622500000E+06	4.781950E-01	9.349564E+01
1.88809375000E+06	4.778041E-01	9.348347E+01
1.88996250000E+06	4.823981E-01	9.316745E+01
1.89183125000E+06	4.820475E-01	9.331129E+01
1.89370000000E+06	4.849679E-01	9.311253E+01
1.89556875000E+06	4.802677E-01	9.349757E+01
1.89743750000E+06	4.801497E-01	9.336295E+01
1.89930625000E+06	4.859021E-01	9.323883E+01
1.90117500000E+06	4.820566E-01	9.351773E+01
1.90304375000E+06	4.834181E-01	9.312944E+01
1.90491250000E+06	4.816105E-01	9.321870E+01
1.90678125000E+06	4.852183E-01	9.317835E+01
1.90865000000E+06	4.843135E-01	9.279256E+01
1.91051875000E+06	4.847934E-01	9.329463E+01
1.91238750000E+06	4.847406E-01	9.326249E+01
1.91425625000E+06	4.852092E-01	9.302455E+01
1.91612500000E+06	4.902185E-01	9.318995E+01
1.91799375000E+06	4.905962E-01	9.341302E+01
1.91986250000E+06	4.862567E-01	9.320216E+01
1.92173125000E+06	4.899956E-01	9.374097E+01
1.92360000000E+06	4.911010E-01	9.375425E+01
1.92546875000E+06	4.891768E-01	9.329288E+01
1.92733750000E+06	4.889211E-01	9.330100E+01
1.92920625000E+06	4.860220E-01	9.325092E+01
1.93107500000E+06	4.906597E-01	9.303409E+01
1.93294375000E+06	4.903955E-01	9.339259E+01
1.93481250000E+06	4.913967E-01	9.293214E+01
1.93668125000E+06	4.902372E-01	9.355933E+01
1.93855000000E+06	4.938726E-01	9.327451E+01
1.94041875000E+06	4.934208E-01	9.330326E+01
1.94228750000E+06	4.933945E-01	9.344442E+01
1.94415625000E+06	4.929600E-01	9.328442E+01
1.94602500000E+06	4.915688E-01	9.357309E+01
1.94789375000E+06	4.924733E-01	9.321041E+01
1.94976250000E+06	4.971602E-01	9.318590E+01
1.95163125000E+06	4.963614E-01	9.329738E+01
1.95350000000E+06	4.950059E-01	9.317014E+01
1.95536875000E+06	4.974524E-01	9.315368E+01
1.95723750000E+06	4.968820E-01	9.379067E+01
1.95910625000E+06	4.958937E-01	9.355001E+01
1.96097500000E+06	4.953176E-01	9.324078E+01
1.96284375000E+06	4.992393E-01	9.364866E+01
1.96471250000E+06	4.978346E-01	9.329150E+01
1.96658125000E+06	4.996742E-01	9.331870E+01
1.96845000000E+06	5.033026E-01	9.350150E+01
1.97031875000E+06	5.012026E-01	9.368204E+01
1.97218750000E+06	5.004123E-01	9.352242E+01
1.97405625000E+06	4.990635E-01	9.330455E+01
1.97592500000E+06	5.042160E-01	9.324800E+01
1.97779375000E+06	5.025883E-01	9.326783E+01
1.97966250000E+06	5.004271E-01	9.327525E+01
1.98153125000E+06	5.033625E-01	9.346771E+01
1.98340000000E+06	5.036793E-01	9.353691E+01
1.98526875000E+06	5.036615E-01	9.322084E+01
1.98713750000E+06	5.056177E-01	9.335772E+01
1.98900625000E+06	5.063502E-01	9.354008E+01
1.99087500000E+06	5.072799E-01	9.313148E+01
1.99274375000E+06	5.064973E-01	9.370937E+01
1.99461250000E+06	5.093921E-01	9.323637E+01
1.99648125000E+06	5.090560E-01	9.357436E+01
1.99835000000E+06	5.077060E-01	9.317541E+01
2.00021875000E+06	5.090705E-01	9.307750E+01
2.00208750000E+06	5.076194E-01	9.359264E+01
2.00395625000E+06	5.092800E-01	9.324934E+01
2.00582500000E+06	5.053555E-01	9.367927E+01
2.00769375000E+06	5.102282E-01	9.317235E+01
2.00956250000E+06	5.103082E-01	9.362054E+01
2.01143125000E+06	5.107167E-01	9.330869E+01
2.01330000000E+06	5.101719E-01	9.349530E+01
2.01516875000E+06	5.114874E-01	9.335419E+01
2.01703750000E+06	5.122363E-01	9.350960E+01
2.01890625000E+06	5.116947E-01	9.345348E+01
2.02077500000E+06	5.099176E-01	9.367920E+01
2.02264375000E+06	5.124420E-01	9.330648E+01
2.02451250000E+06	5.106154E-01	9.299104E+01
2.02638125000E+06	5.129805E-01	9.341695E+01
2.02825000000E+06	5.118631E-01	9.335792E+01
2.03011875000E+06	5.139622E-01	9.357058E+01
2.03198750000E+06	5.167708E-01	9.363914E+01
2.03385625000E+06	5.165317E-01	9.331152E+01
2.03572500000E+06	5.156952E-01	9.330541E+01
2.03759375000E+06	5.173765E-01	9.356023E+01
2.03946250000E+06	5.178412E-01	9.372408E+01
2.04133125000E+06	5.151752E-01	9.333849E+01
2.04320000000E+06	5.202570E-01	9.346970E+01
2.04506875000E+06	5.187963E-01	9.336516E+01
2.04693750000E+06	5.184462E-01	9.333237E+01
2.04880625000E+06	5.212253E-01	9.350653E+01
2.05067500000E+06	5.193329E-01	9.355271E+01
2.05254375000E+06	5.189465E-01	9.354258E+01
2.05441250000E+06	5.204923E-01	9.354140E+01
2.05628125000E+06	5.218475E-01	9.333151E+01
2.05815000000E+06	5.232549E-01	9.352279E+01
2.06001875000E+06	5.219169E-01	9.367050E+01
2.06188750000E+06	5.234225E-01	9.337011E+01
2.06375625000E+06	5.231872E-01	9.374918E+01
2.06562500000E+06	5.233401E-01	9.351017E+01
2.06749375000E+06	5.233017E-01	9.335455E+01
2.06936250000E+06	5.220489E-01	9.354528E+01
2.07123125000E+06	5.254985E-01	9.367522E+01
2.07310000000E+06	5.271287E-01	9.371823E+01
2.07496875000E+06	5.234841E-01	9.377939E+01
2.07683750000E+06	5.278950E-01	9.350356E+01
2.07870625000E+06	5.255997E-01	9.341018E+01
2.08057500000E+06	5.257996E-01	9.376023E+01
2.08244375000E+06	5.262637E-01	9.321851E+01
2.08431250000E+06	5.277386E-01	9.383530E+01
2.08618125000E+06	5.301075E-01	9.331915E+01
2.08805000000E+06	5.299295E-01	9.340933E+01
2.08991875000E+06	5.308802E-01	9.349866E+01
2.09178750000E+06	5.289890E-01	9.350942E+01
2.09365625000E+06	5.299100E-01	9.371993E+01
2.09552500000E+06	5.322572E-01	9.353648E+01
2.09739375000E+06	5.302668E-01	9.334695E+01
2.09926250000E+06	5.295916E-01	9.360995E+01
2.10113125000E+06	5.333928E-01	9.330955E+01
2.10300000000E+06	5.328385E-01	9.344358E+01
2.10486875000E+06	5.300234E-01	9.386118E+01
2.10673750000E+06	5.337832E-01	9.359939E+01
2.10860625000E+06	5.311198E-01	9.348028E+01
2.11047500000E+06	5.334219E-01	9.351713E+01
2.11234375000E+06	5.357872E-01	9.362024E+01
2.11421250000E+06	5.354352E-01	9.378157E+01
2.11608125000E+06	5.336625E-01	9.372785E+01
2.11795000000E+06	5.375000E-01	9.352853E+01
2.11981875000E+06	5.366338E-01	9.351244E+01
2.12168750000E+06	5.351990E-01	9.360386E+01
2.12355625000E+06	5.383750E-01	9.373727E+01
2.12542500000E+06	5.368783E-01	9.352254E+01
2.12729375000E+06	5.375479E-01	9.362838E+01
2.12916250000E+06	5.397038E-01	9.331955E+01
2.13103125000E+06	5.393786E-01	9.358490E+01
2.13290000000E+06	5.419205E-01	9.342832E+01
2.13476875000E+06	5.415236E-01	9.358706E+01
2.13663750000E+06	5.422548E-01	9.384058E+01
2.13850625000E+06	5.389639E-01	9.340965E+01
2.14037500000E+06	5.409201E-01	9.353324E+01
2.14224375000E+06	5.414089E-01	9.366247E+01
2.14411250000E+06	5.426911E-01	9.366235E+01
2.14598125000E+06	5.421785E-01	9.370721E+01
2.14785000000E+06	5.431259E-01	9.364567E+01
2.14971875000E+06	5.444397E-01	9.376315E+01
2.15158750000E+06	5.444174E-01	9.352259E+01
2.15345625000E+06	5.435365E-01	9.384580E+01
2.15532500000E+06	5.460945E-01	9.373902E+01
2.15719375000E+06	5.461507E-01	9.370164E+01
2.15906250000E+06	5.459539E-01	9.370219E+01
2.16093125000E+06	5.484701E-01	9.355202E+01
2.16280000000E+06	5.466638E-01	9.356098E+01
2.16466875000E+06	5.452809E-01	9.364219E+01
2.16653750000E+06	5.482387E-01	9.352858E+01
2.16840625000E+06	5.492740E-01	9.366179E+01
2.17027500000E+06	5.501394E-01	9.392805E+01
2.17214375000E+06	5.520502E-01	9.353561E+01
2.17401250000E+06	5.464142E-01	9.333716E+01
2.17588125000E+06	5.512880E-01	9.390661E+01
2.17775000000E+06	5.499930E-01	9.352448E+01
2.17961875000E+06	5.486285E-01	9.357331E+01
2.18148750000E+06	5.511829E-01	9.357767E+01
2.18335625000E+06	5.534044E-01	9.357663E+01
2.18522500000E+06	5.512216E-01	9.375748E+01
2.18709375000E+06	5.521914E-01	9.379762E+01
2.18896250000E+06	5.543154E-01	9.362362E+01
2.19083125000E+06	5.517700E-01	9.379000E+01
2.19270000000E+06	5.520331E-01	9.352470E+01
2.19456875000E+06	5.564392E-01	9.354803E+01
2.19643750000E+06	5.534557E-01	9.366818E+01
2.19830625000E+06	5.574210E-01	9.361963E+01
2.20017500000E+06	5.549005E-01	9.335806E+01
2.20204375000E+06	5.574773E-01	9.375562E+01
2.20391250000E+06	5.551298E-01	9.340538E+01
2.20578125000E+06	5.557023E-01	9.384556E+01
2.20765000000E+06	5.528185E-01	9.357865E+01
2.20951875000E+06	5.588421E-01	9.360712E+01
2.21138750000E+06	5.582128E-01	9.362025E+01
2.21325625000E+06	5.563264E-01	9.365210E+01
2.21512500000E+06	5.552723E-01	9.371075E+01
2.21699375000E+06	5.592824E-01	9.384444E+01
2.21886250000E+06	5.582409E-01	9.356624E+01
2.22073125000E+06	5.611774E-01	9.382726E+01
2.22260000000E+06	5.612944E-01	9.357919E+01
2.22446875000E+06	5.596953E-01	9.379385E+01
2.22633750000E+06	5.626690E-01	9.391680E+01
2.22820625000E+06	5.610768E-01	9.362084E+01
2.23007500000E+06	5.619973E-01	9.368935E+01
2.23194375000E+06	5.629013E-01	9.371520E+01
2.23381250000E+06	5.626359E-01	9.386240E+01
2.23568125000E+06	5.659500E-01	9.371021E+01
2.23755000000E+06	5.649562E-01	9.370430E+01
2.23941875000E+06	5.637198E-01	9.375931E+01
2.24128750000E+06	5.675201E-01	9.405394E+01
2.24315625000E+06	5.692372E-01	9.377312E+01
2.24502500000E+06	5.658408E-01	9.390680E+01
2.24689375000E+06	5.663775E-01	9.372131E+01
2.24876250000E+06	5.681821E-01	9.361763E+01
2.25063125000E+06	5.653305E-01	9.376130E+01
2.25250000000E+06	5.665871E-01	9.379347E+01
2.25436875000E+06	5.684419E-01	9.376059E+01
2.25623750000E+06	5.717920E-01	9.351973E+01
2.25810625000E+06	5.699881E-01	9.392125E+01
2.25997500000E+06	5.711468E-01	9.392248E+01
2.26184375000E+06	5.681114E-01	9.410953E+01
2.26371250000E+06	5.708427E-01	9.354635E+01
2.26558125000E+06	5.729818E-01	9.356802E+01
2.26745000000E+06	5.719237E-01	9.393200E+01
2.26931875000E+06	5.747164E-01	9.376176E+01
2.27118750000E+06	5.739963E-01	9.370358E+01
2.27305625000E+06	5.717138E-01	9.393147E+01
2.27492500000E+06	5.723896E-01	9.392504E+01
2.27679375000E+06	5.732340E-01	9.407030E+01
2.27866250000E+06	5.736799E-01	9.368935E+01
2.28053125000E+06	5.757139E-01	9.375925E+01
2.28240000000E+06	5.745555E-01	9.399982E+01
2.28426875000E+06	5.746704E-01	9.391765E+01
2.28613750000E+06	5.734618E-01	9.387181E+01
2.28800625000E+06	5.774686E-01	9.357298E+01
2.28987500000E+06	5.788880E-01	9.399221E+01
2.29174375000E+06	5.781693E-01	9.373559E+01
2.29361250000E+06	5.787319E-01	9.370428E+01
2.29548125000E+06	5.771508E-01	9.372805E+01
2.29735000000E+06	5.774637E-01	9.399783E+01
2.29921875000E+06	5.795249E-01	9.399321E+01
2.30108750000E+06	5.789697E-01	9.412100E+01
2.30295625000E+06	5.810300E-01	9.378524E+01
2.30482500000E+06	5.790012E-01	9.382848E+01
2.30669375000E+06	5.811841E-01	9.401515E+01
2.30856250000E+06	5.818561E-01	9.376281E+01
2.31043125000E+06	5.834754E-01	9.382525E+01
2.31230000000E+06	5.820457E-01	9.393070E+01
2.31416875000E+06	5.818864E-01	9.393666E+01
2.31603750000E+06	5.846593E-01	9.380925E+01
2.31790625000E+06	5.841020E-01	9.383975E+01
2.31977500000E+06	5.853093E-01	9.388190E+01
2.32164375000E+06	5.875933E-01	9.404255E+01
2.32351250000E+06	5.852060E-01	9.386880E+01
2.32538125000E+06	5.865889E-01	9.393171E+01
2.32725000000E+06	5.829753E-01	9.397828E+01
2.32911875000E+06	5.851806E-01	9.394778E+01
2.33098750000E+06	5.862690E-01	9.398627E+01
2.33285625000E+06	5.874048E-01	9.401655E+01
2.33472500000E+06	5.888464E-01	9.362322E+01
2.33659375000E+06	5.885500E-01	9.394653E+01
2.33846250000E+06	5.877233E-01	9.385749E+01
2.34033125000E+06	5.881313E-01	9.395715E+01
2.34220000000E+06	5.855051E-01	9.396121E+01
2.34406875000E+06	5.892614E-01	9.398884E+01
2.34593750000E+06	5.891603E-01	9.412122E+01
2.34780625000E+06	5.892235E-01	9.384296E+01
2.34967500000E+06	5.936857E-01	9.390043E+01
2.35154375000E+06	5.909226E-01	9.383091E+01
2.35341250000E+06	5.928012E-01	9.376751E+01
2.35528125000E+06	5.952042E-01	9.394827E+01
2.35715000000E+06	5.935555E-01	9.397545E+01
2.35901875000E+06	5.936477E-01	9.393796E+01
2.36088750000E+06	5.954301E-01	9.409334E+01
2.36275625000E+06	5.938672E-01	9.379226E+01
2.36462500000E+06	5.944347E-01	9.406413E+01
2.36649375000E+06	5.950876E-01	9.406412E+01
2.36836250000E+06	5.939010E-01	9.394748E+01
2.37023125000E+06	5.940944E-01	9.423669E+01
2.37210000000E+06	5.972246E-01	9.405766E+01
2.37396875000E+06	5.945368E-01	9.406332E+01
2.37583750000E+06	5.983979E-01	9.389590E+01
2.37770625000E+06	5.976248E-01	9.409695E+01
2.37957500000E+06	5.977840E-01	9.400720E+01
2.38144375000E+06	6.000574E-01	9.425365E+01
2.38331250000E+06	5.978870E-01	9.412476E+01
2.38518125000E+06	5.997961E-01	9.406551E+01
2.38705000000E+06	5.990503E-01	9.417134E+01
2.38891875000E+06	6.002505E-01	9.414828E+01
2.39078750000E+06	6.015354E-01	9.433893E+01
2.39265625000E+06	6.031283E-01	9.426595E+01
2.39452500000E+06	5.999446E-01	9.402950E+01
2.39639375000E+06	6.028158E-01	9.394986E+01
2.39826250000E+06	6.009238E-01	9.414159E+01
2.40013125000E+06	6.039014E-01	9.403168E+01
2.40200000000E+06	6.009963E-01	9.407698E+01
2.40386875000E+06	6.048093E-01	9.417563E+01
2.40573750000E+06	6.049006E-01	9.427356E+01
2.40760625000E+06	6.037400E-01	9.417191E+01
2.40947500000E+06	6.071783E-01	9.421325E+01
2.41134375000E+06	6.060775E-01	9.423839E+01
2.41321250000E+06	6.063978E-01	9.416767E+01
2.41508125000E+06	6.067020E-01	9.403915E+01
2.41695000000E+06	6.072569E-01	9.397145E+01
2.41881875000E+06	6.077271E-01	9.413305E+01
2.42068750000E+06	6.087819E-01	9.422337E+01
2.42255625000E+06	6.089455E-01	9.412431E+01
2.42442500000E+06	6.067500E-01	9.410537E+01
2.42629375000E+06	6.095998E-01	9.419005E+01
2.42816250000E+06	6.079575E-01	9.402312E+01
2.43003125000E+06	6.131770E-01	9.410139E+01
2.43190000000E+06	6.088865E-01	9.435282E+01
2.43376875000E+06	6.087731E-01	9.400772E+01
2.43563750000E+06	6.097762E-01	9.428226E+01
2.43750625000E+06	6.108930E-01	9.418785E+01
2.43937500000E+06	6.110027E-01	9.409029E+01
2.44124375000E+06	6.132478E-01	9.432578E+01
2.44311250000E+06	6.099218E-01	9.411138E+01
2.44498125000E+06	6.131504E-01	9.407372E+01
2.44685000000E+06	6.136344E-01	9.412881E+01
2.44871875000E+06	6.126122E-01	9.427284E+01
2.45058750000E+06	6.132737E-01	9.405697E+01
2.45245625000E+06	6.151146E-01	9.424267E+01
2.45432500000E+06	6.151958E-01	9.420621E+01
2.45619375000E+06	6.161078E-01	9.415858E+01
2.45806250000E+06	6.185883E-01	9.442577E+01
2.45993125000E+06	6.165420E-01	9.407311E+01
2.46180000000E+06	6.168175E-01	9.427912E+01
2.46366875000E+06	6.180192E-01	9.421632E+01
2.46553750000E+06	6.149085E-01	9.415312E+01
2.46740625000E+06	6.157253E-01	9.423606E+01
2.46927500000E+06	6.184098E-01	9.437401E+01
2.47114375000E+06	6.212149E-01	9.405953E+01
2.47301250000E+06	6.184672E-01	9.411453E+01
2.47488125000E+06	6.222340E-01	9.429542E+01
2.47675000000E+06	6.193437E-01	9.419257E+01
2.47861875000E+06	6.232231E-01	9.423170E+01
2.48048750000E+06	6.189945E-01	9.420598E+01
2.48235625000E+06	6.223077E-01	9.412376E+01
2.48422500000E+06	6.228153E-01	9.451795E+01
2.48609375000E+06	6.217081E-01	9.437552E+01
2.48796250000E+06	6.234627E-01	9.445672E+01
2.48983125000E+06	6.228673E-01	9.428354E+01
2.49170000000E+06	6.236095E-01	9.411868E+01
2.49356875000E+06	6.257707E-01	9.417220E+01
2.49543750000E+06	6.266407E-01	9.409263E+01
2.49730625000E+06	6.249132E-01	9.437491E+01
2.49917500000E+06	6.234277E-01	9.427578E+01
2.50104375000E+06	6.261754E-01	9.463966E+01
2.50291250000E+06	6.254666E-01	9.423110E+01
2.50478125000E+06	6.263860E-01	9.435571E+01
2.50665000000E+06	6.274368E-01	9.405610E+01
2.50851875000E+06	6.277289E-01	9.443398E+01
2.51038750000E+06	6.287070E-01	9.416704E+01
2.51225625000E+06	6.293018E-01	9.433620E+01
2.51412500000E+06	6.272531E-01	9.417263E+01
2.51599375000E+06	6.295761E-01	9.420063E+01
2.51786250000E+06	6.300077E-01	9.417494E+01
2.51973125000E+06	6.307085E-01	9.444355E+01
2.52160000000E+06	6.310425E-01	9.440559E+01
2.52346875000E+06	6.324502E-01	9.434295E+01
2.52533750000E+06	6.335516E-01	9.430182E+01
2.52720625000E+06	6.308002E-01	9.437631E+01
2.52907500000E+06	6.330534E-01	9.430698E+01
2.53094375000E+06	6.330079E-01	9.426365E+01
2.53281250000E+06	6.331291E-01	9.433427E+01
2.53468125000E+06	6.322614E-01	9.435980E+01
2.53655000000E+06	6.329165E-01	9.442558E+01
2.53841875000E+06	6.371224E-01	9.426493E+01
2.54028750000E+06	6.384423E-01	9.437631E+01
2.54215625000E+06	6.360742E-01	9.442860E+01
2.54402500000E+06	6.377385E-01	9.434322E+01
2.54589375000E+06	6.362218E-01	9.458629E+01
2.54776250000E+06	6.394026E-01	9.438808E+01
2.54963125000E+06	6.354886E-01	9.445384E+01
2.55150000000E+06	6.385485E-01	9.428555E+01
2.55336875000E+06	6.388248E-01	9.446436E+01
2.55523750000E+06	6.374309E-01	9.429267E+01
2.55710625000E+06	6.381050E-01	9.457494E+01
2.55897500000E+06	6.407282E-01	9.435203E+01
2.56084375000E+06	6.386057E-01	9.425035E+01
2.56271250000E+06	6.390082E-01	9.439799E+01
2.56458125000E+06	6.392980E-01	9.456340E+01
2.56645000000E+06	6.444864E-01	9.430583E+01
2.56831875000E+06	6.408453E-01	9.454234E+01
2.57018750000E+06	6.405539E-01	9.436699E+01
2.57205625000E+06	6.425397E-01	9.418490E+01
2.57392500000E+06	6.445698E-01	9.464210E+01
2.57579375000E+06	6.440001E-01	9.433802E+01
2.57766250000E+06	6.427157E-01	9.445814E+01
2.57953125000E+06	6.463525E-01	9.431094E+01
2.58140000000E+06	6.422077E-01	9.413866E+01
2.58326875000E+06	6.445131E-01	9.461972E+01
2.58513750000E+06	6.458732E-01	9.447507E+01
2.58700625000E+06	6.432105E-01	9.442881E+01
2.58887500000E+06	6.468216E-01	9.418392E+01
2.59074375000E+06	6.458765E-01	9.417570E+01
2.59261250000E+06	6.500953E-01	9.454349E+01
2.59448125000E+06	6.478407E-01	9.459382E+01
2.59635000000E+06	6.457970E-01	9.451856E+01
2.59821875000E+06	6.468093E-01	9.432384E+01
2.60008750000E+06	6.494049E-01	9.434619E+01
2.60195625000E+06	6.473592E-01	9.441918E+01
2.60382500000E+06	6.490342E-01	9.444872E+01
2.60569375000E+06	6.477973E-01	9.441914E+01
2.60756250000E+06	6.494860E-01	9.442163E+01
2.60943125000E+06	6.509783E-01	9.461609E+01
2.61130000000E+06	6.512042E-01	9.449787E+01
2.61316875000E+06	6.523781E-01	9.422741E+01
2.61503750000E+06	6.495711E-01	9.459670E+01
2.61690625000E+06	6.543403E-01	9.449273E+01
2.61877500000E+06	6.523950E-01	9.447810E+01
2.62064375000E+06	6.545156E-01	9.465874E+01
2.62251250000E+06	6.537908E-01	9.446376E+01
2.62438125000E+06	6.551614E-01	9.438800E+01
2.62625000000E+06	6.558922E-01	9.449563E+01
2.62811875000E+06	6.561682E-01	9.462879E+01
2.62998750000E+06	6.542407E-01	9.449866E+01
2.63185625000E+06	6.560161E-01	9.468764E+01
2.63372500000E+06	6.564518E-01	9.455374E+01
2.63559375000E+06	6.559514E-01	9.430546E+01
2.63746250000E+06	6.588225E-01	9.471233E+01
2.63933125000E+06	6.624083E-01	9.434434E+01
2.64120000000E+06	6.592458E-01	9.444672E+01
2.64306875000E+06	6.590844E-01	9.439100E+01
2.64493750000E+06	6.590428E-01	9.461725E+01
2.64680625000E+06	6.575231E-01	9.454310E+01
2.64867500000E+06	6.603810E-01	9.462651E+01
2.65054375000E+06	6.607578E-01	9.457655E+01
2.65241250000E+06	6.582675E-01	9.465853E+01
2.65428125000E+06	6.595792E-01	9.491358E+01
2.65615000000E+06	6.638884E-01	9.458343E+01
2.65801875000E+06	6.635356E-01	9.481485E+01
2.65988750000E+06	6.602022E-01	9.460232E+01
2.66175625000E+06	6.616174E-01	9.444922E+01
2.66362500000E+06	6.634921E-01	9.465503E+01
2.66549375000E+06	6.633933E-01	9.466045E+01
2.66736250000E+06	6.634575E-01	9.451073E+01
2.66923125000E+06	6.636310E-01	9.459764E+01
2.67110000000E+06	6.659386E-01	9.467609E+01
2.67296875000E+06	6.645368E-01	9.466790E+01
2.67483750000E+06	6.660101E-01	9.458808E+01
2.67670625000E+06	6.681538E-01	9.466210E+01
2.67857500000E+06	6.673516E-01	9.469262E+01
2.68044375000E+06	6.663569E-01	9.463659E+01
2.68231250000E+06	6.667868E-01	9.450041E+01
2.68418125000E+06	6.686552E-01	9.457671E+01
2.68605000000E+06	6.684561E-01	9.465969E+01
2.68791875000E+06	6.658663E-01	9.469940E+01
2.68978750000E+06	6.694052E-01	9.473587E+01
2.69165625000E+06	6.710913E-01	9.453799E+01
2.69352500000E+06	6.701941E-01	9.464267E+01
2.69539375000E+06	6.715449E-01	9.459766E+01
2.69726250000E+06	6.715158E-01	9.455555E+01
2.69913125000E+06	6.749913E-01	9.467233E+01
2.70100000000E+06	6.741542E-01	9.453797E+01
2.70286875000E+06	6.706079E-01	9.442911E+01
2.70473750000E+06	6.714711E-01	9.477219E+01
2.70660625000E+06	6.710396E-01	9.462032E+01
2.70847500000E+06	6.762162E-01	9.478613E+01
2.71034375000E+06	6.739973E-01	9.476584E+01
2.71221250000E+06	6.736784E-01	9.474597E+01
2.71408125000E+06	6.751028E-01	9.469176E+01
2.71595000000E+06	6.744881E-01	9.473554E+01
2.71781875000E+06	6.735157E-01	9.472365E+01
2.71968750000E+06	6.756293E-01	9.479445E+01
2.72155625000E+06	6.741122E-01	9.473297E+01
2.72342500000E+06	6.759700E-01	9.485464E+01
2.72529375000E+06	6.787322E-01	9.452131E+01
2.72716250000E+06	6.780563E-01	9.469518E+01
2.72903125000E+06	6.808820E-01	9.463857E+01
2.73090000000E+06	6.769817E-01	9.478940E+01
2.73276875000E+06	6.791508E-01	9.461735E+01
2.73463750000E+06	6.783556E-01	9.484342E+01
2.73650625000E+06	6.801571E-01	9.487645E+01
2.73837500000E+06	6.784761E-01	9.477501E+01
2.74024375000E+06	6.794774E-01	9.474428E+01
2.74211250000E+06	6.820291E-01	9.483846E+01
2.74398125000E+06	6.800902E-01	9.462358E+01
2.74585000000E+06	6.810631E-01	9.469947E+01
2.74771875000E+06	6.841142E-01	9.473159E+01
2.74958750000E+06	6.804283E-01	9.497102E+01
2.75145625000E+06	6.828632E-01	9.491761E+01
2.75332500000E+06	6.838566E-01	9.478781E+01
2.75519375000E+06	6.824531E-01	9.481236E+01
2.75706250000E+06	6.850652E-01	9.490896E+01
2.75893125000E+06	6.855481E-01	9.483786E+01
2.76080000000E+06	6.836079E-01	9.487177E+01
2.76266875000E+06	6.857495E-01	9.489660E+01
2.76453750000E+06	6.850947E-01	9.477388E+01
2.76640625000E+06	6.878240E-01	9.485976E+01
2.76827500000E+06	6.848977E-01	9.492872E+01
2.77014375000E+06	6.860912E-01	9.482619E+01
2.77201250000E+06	6.901366E-01	9.494827E+01
2.77388125000E+06	6.885709E-01	9.489787E+01
2.77575000000E+06	6.886858E-01	9.469196E+01
2.77761875000E+06	6.890124E-01	9.482983E+01
2.77948750000E+06	6.894789E-01	9.481330E+01
2.78135625000E+06	6.911857E-01	9.496265E+01
2.78322500000E+06	6.925697E-01	9.487457E+01
2.78509375000E+06	6.918528E-01	9.474119E+01
2.78696250000E+06	6.906886E-01	9.470181E+01
2.78883125000E+06	6.915567E-01	9.493771E+01
2.79070000000E+06	6.908720E-01	9.480581E+01
2.79256875000E+06	6.924350E-01	9.480788E+01
2.79443750000E+06	6.908262E-01	9.468859E+01
2.79630625000E+06	6.922030E-01	9.473171E+01
2.79817500000E+06	6.927362E-01	9.488176E+01
2.80004375000E+06	6.931705E-01	9.500590E+01
2.80191250000E+06	6.927678E-01	9.504176E+01
2.80378125000E+06	6.941265E-01	9.478629E+01
2.80565000000E+06	6.952431E-01	9.505471E+01
2.80751875000E+06	6.974922E-01	9.480846E+01
2.80938750000E+06	6.971660E-01	9.467016E+01
2.81125625000E+06	6.967019E-01	9.498286E+01
2.81312500000E+06	6.953918E-01	9.479472E+01
2.81499375000E+06	6.962297E-01	9.489785E+01
2.81686250000E+06	6.961315E-01	9.485054E+01
2.81873125000E+06	6.976117E-01	9.490533E+01
2.82060000000E+06	6.987759E-01	9.490965E+01
2.82246875000E+06	6.979656E-01	9.479402E+01
2.82433750000E+06	6.956903E-01	9.480364E+01
2.82620625000E+06	6.998591E-01	9.511728E+01
2.82807500000E+06	7.001068E-01	9.504691E+01
2.82994375000E+06	6.998705E-01	9.517661E+01
2.83181250000E+06	7.003481E-01	9.497715E+01
2.83368125000E+06	7.007409E-01	9.500417E+01
2.83555000000E+06	6.998737E-01	9.497900E+01
2.83741875000E+06	7.032489E-01	9.490759E+01
2.83928750000E+06	7.039259E-01	9.484248E+01
2.84115625000E+06	6.993098E-01	9.518663E+01
2.84302500000E+06	7.036461E-01	9.499534E+01
2.84489375000E+06	7.044799E-01	9.516039E+01
2.84676250000E+06	7.035587E-01	9.511797E+01
2.84863125000E+06	7.034116E-01	9.512098E+01
2.85050000000E+06	7.056133E-01	9.501452E+01
2.85236875000E+06	7.054103E-01	9.503188E+01
2.85423750000E+06	7.048576E-01	9.511989E+01
2.85610625000E+06	7.032192E-01	9.488416E+01
2.85797500000E+06	7.049947E-01	9.497073E+01
2.85984375000E+06	7.054067E-01	9.500406E+01
2.86171250000E+06	7.088971E-01	9.510580E+01
2.86358125000E+06	7.108486E-01	9.495799E+01
2.86545000000E+06	7.082905E-01	9.506151E+01
2.86731875000E+06	7.102504E-01	9.493981E+01
2.86918750000E+06	7.089518E-01	9.511815E+01
2.87105625000E+06	7.076718E-01	9.515649E+01
2.87292500000E+06	7.116637E-01	9.495523E+01
2.87479375000E+06	7.113222E-01	9.496266E+01
2.87666250000E+06	7.105765E-01	9.502243E+01
2.87853125000E+06	7.091834E-01	9.496027E+01
2.88040000000E+06	7.117348E-01	9.483134E+01
2.88226875000E+06	7.103150E-01	9.515430E+01
2.88413750000E+06	7.109190E-01	9.501044E+01
2.88600625000E+06	7.136849E-01	9.508206E+01
2.88787500000E+06	7.137663E-01	9.515990E+01
2.88974375000E+06	7.143466E-01	9.507741E+01
2.89161250000E+06	7.104411E-01	9.521149E+01
2.89348125000E+06	7.146603E-01	9.520966E+01
2.89535000000E+06	7.138617E-01	9.488737E+01
2.89721875000E+06	7.184686E-01	9.521633E+01
2.89908750000E+06	7.164112E-01	9.502245E+01
2.90095625000E+06	7.156953E-01	9.516988E+01
2.90282500000E+06	7.142073E-01	9.504347E+01
2.90469375000E+06	7.184532E-01	9.480704E+01
2.90656250000E+06	7.165312E-01	9.530315E+01
2.90843125000E+06	7.163755E-01	9.528712E+01
2.91030000000E+06	7.167773E-01	9.511847E+01
2.91216875000E+06	7.170526E-01	9.516749E+01
2.91403750000E+06	7.194084E-01	9.489906E+01
2.91590625000E+06	7.201712E-01	9.509786E+01
2.91777500000E+06	7.189782E-01	9.520631E+01
2.91964375000E+06	7.213939E-01	9.519212E+01
2.92151250000E+06	7.214376E-01	9.508456E+01
2.92338125000E+06	7.210378E-01	9.514319E+01
2.92525000000E+06	7.215841E-01	9.526393E+01
2.92711875000E+06	7.244027E-01	9.527280E+01
2.92898750000E+06	7.230610E-01	9.533430E+01
2.93085625000E+06	7.221652E-01	9.488971E+01
2.93272500000E+06	7.216297E-01	9.531786E+01
2.93459375000E+06	7.231875E-01	9.498498E+01
2.93646250000E+06	7.236651E-01	9.525716E+01
2.93833125000E+06	7.249685E-01	9.507321E+01
2.94020000000E+06	7.250735E-01	9.530164E+01
2.94206875000E+06	7.273899E-01	9.533785E+01
2.94393750000E+06	7.252997E-01	9.536109E+01
2.94580625000E+06	7.259430E-01	9.504491E+01
2.94767500000E+06	7.247850E-01	9.522626E+01
2.94954375000E+06	7.252988E-01	9.518101E+01
2.95141250000E+06	7.268652E-01	9.502118E+01
2.95328125000E+06	7.272827E-01	9.519200E+01
2.95515000000E+06	7.273651E-01	9.527595E+01
2.95701875000E+06	7.260669E-01	9.527807E+01
2.95888750000E+06	7.294268E-01	9.526122E+01
2.96075625000E+06	7.321070E-01	9.520921E+01
2.96262500000E+06	7.313336E-01	9.521082E+01
2.96449375000E+06	7.288384E-01	9.515337E+01
2.96636250000E+06	7.279631E-01	9.519435E+01
2.96823125000E+06	7.309017E-01	9.539906E+01
2.97010000000E+06	7.320441E-01	9.515729E+01
2.97196875000E+06	7.325017E-01	9.538441E+01
2.97383750000E+06	7.333285E-01	9.522612E+01
2.97570625000E+06	7.321556E-01	9.527103E+01
2.97757500000E+06	7.328843E-01	9.519212E+01
2.97944375000E+06	7.372627E-01	9.528922E+01
2.98131250000E+06	7.321058E-01	9.532491E+01
2.98318125000E+06	7.353509E-01	9.536346E+01
2.98505000000E+06	7.339521E-01	9.532996E+01
2.98691875000E+06	7.306649E-01	9.512299E+01
2.98878750000E+06	7.384406E-01	9.523545E+01
2.99065625000E+06	7.348439E-01	9.539277E+01
2.99252500000E+06	7.361826E-01	9.516938E+01
2.99439375000E+06	7.365993E-01	9.529382E+01
2.99626250000E+06	7.372357E-01	9.520671E+01
2.99813125000E+06	7.396101E-01	9.533982E+01
3.00000000000E+06	7.391160E-01	9.542976E+01
