"E5100A REV3.14"
"DATE: Jun 26 2004"



"CHANNEL: 2"
"MEASURE TYPE: AR"
"FORMAT TYPE: LINMP"
"NUMBER of POINTS: 1601"
"SWEEP TIME:  3.458 s"
"SWEEP TYPE: LINF"
"SOURCE POWER: 0 dBm"
"IF BANDWIDTH: 500 Hz"

"Frequency"	"Main Array"	"Sub Array"
1.00000000000E+04	1.316517E-01	9.550993E+00
1.18687500000E+04	1.444553E-01	1.266469E+02
1.37375000000E+04	1.305747E-01	-1.649779E+02
1.56062500000E+04	2.064053E-01	-1.234122E+02
1.74750000000E+04	9.716390E-02	-1.601293E+02
1.93437500000E+04	2.560020E-02	-8.009295E+01
2.12125000000E+04	4.305336E-02	-1.125477E+02
2.30812500000E+04	2.321658E-02	-1.194583E+02
2.49500000000E+04	4.216556E-02	1.444882E+02
2.68187500000E+04	2.517015E-02	1.080657E+02
2.86875000000E+04	7.463349E-03	6.248311E+00
3.05562500000E+04	4.141851E-02	-7.800306E+01
3.24250000000E+04	1.908544E-02	-5.092331E+01
3.42937500000E+04	1.207913E-02	-1.720997E+02
3.61625000000E+04	3.830534E-02	1.035118E+02
3.80312500000E+04	9.347901E-03	-6.018059E+01
3.99000000000E+04	1.765173E-02	-3.946490E+01
4.17687500000E+04	1.964165E-02	-5.780220E+01
4.36375000000E+04	1.215379E-02	1.419354E+02
4.55062500000E+04	1.656186E-02	3.810566E+01
4.73750000000E+04	1.466088E-02	4.277763E+01
4.92437500000E+04	4.185116E-02	-2.968192E+01
5.11125000000E+04	7.863051E-03	1.380425E+01
5.29812500000E+04	8.096939E-03	4.671373E+01
5.48500000000E+04	2.209622E-02	-9.557520E-01
5.67187500000E+04	1.291706E-02	1.400780E+01
5.85875000000E+04	3.933839E-03	2.483154E+01
6.04562500000E+04	1.444254E-03	-1.328475E+02
6.23250000000E+04	1.006583E-02	4.110997E+01
6.41937500000E+04	1.710914E-02	1.014253E+01
6.60625000000E+04	6.922767E-03	-4.215493E+01
6.79312500000E+04	2.229231E-02	2.114580E+01
6.98000000000E+04	1.297229E-02	-8.973587E-01
7.16687500000E+04	1.931625E-02	-5.685604E+01
7.35375000000E+04	1.403476E-02	-1.271782E+01
7.54062500000E+04	6.806137E-03	1.826986E+01
7.72750000000E+04	2.157230E-02	3.110084E+01
7.91437500000E+04	1.569161E-02	-2.142928E+01
8.10125000000E+04	5.806112E-03	-6.451180E+01
8.28812500000E+04	8.504540E-03	-7.009235E+01
8.47500000000E+04	3.638835E-03	-6.408862E+01
8.66187500000E+04	3.264450E-03	-1.624062E+02
8.84875000000E+04	9.465444E-03	3.414985E+01
9.03562500000E+04	1.368690E-02	-7.123686E+01
9.22250000000E+04	1.521316E-02	4.745229E+01
9.40937500000E+04	1.201982E-02	-3.436099E+01
9.59625000000E+04	9.533416E-03	6.361060E+01
9.78312500000E+04	1.842047E-02	-3.283589E+01
9.97000000000E+04	8.951087E-03	-1.405723E+02
1.01568750000E+05	6.718515E-03	6.347314E+01
1.03437500000E+05	8.890230E-03	8.199753E+01
1.05306250000E+05	1.058636E-02	-2.307432E+01
1.07175000000E+05	1.753751E-02	-2.892802E+01
1.09043750000E+05	4.871748E-03	-4.003856E+01
1.10912500000E+05	1.133941E-02	-7.995729E+01
1.12781250000E+05	1.268664E-02	5.302524E+00
1.14650000000E+05	6.280724E-03	-6.175122E+01
1.16518750000E+05	1.118749E-02	-3.918325E+01
1.18387500000E+05	1.185691E-02	2.771585E+01
1.20256250000E+05	4.614104E-03	5.059571E+01
1.22125000000E+05	1.159805E-02	5.807773E+01
1.23993750000E+05	6.431783E-03	-5.551928E+01
1.25862500000E+05	4.110500E-03	-1.608326E+01
1.27731250000E+05	8.317659E-03	-9.027931E+01
1.29600000000E+05	7.039660E-03	-3.327383E+01
1.31468750000E+05	5.439094E-03	-2.913308E+01
1.33337500000E+05	3.931507E-03	3.742592E+01
1.35206250000E+05	1.001486E-02	6.638268E+00
1.37075000000E+05	8.123646E-03	-4.692899E+01
1.38943750000E+05	7.175566E-03	-6.509712E+01
1.40812500000E+05	5.753443E-03	-8.754134E+01
1.42681250000E+05	6.003495E-03	-7.127598E+01
1.44550000000E+05	9.540896E-03	4.166744E+01
1.46418750000E+05	1.070394E-03	-1.366586E+02
1.48287500000E+05	3.887751E-03	3.756406E+01
1.50156250000E+05	6.190611E-03	-4.851149E+01
1.52025000000E+05	1.015164E-02	-3.148305E+00
1.53893750000E+05	3.416681E-03	-1.030465E+02
1.55762500000E+05	7.016855E-03	1.404505E+02
1.57631250000E+05	3.093036E-03	-3.627958E+01
1.59500000000E+05	5.237614E-03	4.054219E+01
1.61368750000E+05	9.775781E-03	-3.199885E+01
1.63237500000E+05	5.473747E-03	-1.585809E+01
1.65106250000E+05	1.019534E-02	-5.427289E+00
1.66975000000E+05	1.141963E-02	-2.112399E+01
1.68843750000E+05	6.328140E-04	-1.044796E+02
1.70712500000E+05	5.481682E-03	-6.596452E+01
1.72581250000E+05	6.783204E-03	-3.270771E+01
1.74450000000E+05	2.158825E-03	2.973584E+01
1.76318750000E+05	5.753065E-03	-5.212599E+01
1.78187500000E+05	5.857483E-03	-5.638725E+01
1.80056250000E+05	8.158292E-03	-7.178077E+01
1.81925000000E+05	3.327998E-03	-3.931336E+01
1.83793750000E+05	8.366687E-03	-8.064333E+01
1.85662500000E+05	1.500493E-02	-1.375364E+01
1.87531250000E+05	8.086498E-03	-7.196250E+01
1.89400000000E+05	9.831232E-03	1.183200E+01
1.91268750000E+05	6.353066E-03	-9.121098E+01
1.93137500000E+05	5.700181E-03	-1.429631E+01
1.95006250000E+05	6.610862E-03	-2.446960E+01
1.96875000000E+05	9.377746E-03	-9.419579E+01
1.98743750000E+05	4.375382E-03	-8.391186E+01
2.00612500000E+05	8.053787E-03	4.632580E+00
2.02481250000E+05	9.977988E-03	-6.271924E+01
2.04350000000E+05	4.699946E-03	-2.568438E+01
2.06218750000E+05	6.562349E-03	-1.142910E+02
2.08087500000E+05	3.749106E-03	-3.882793E+00
2.09956250000E+05	7.994479E-03	-1.408988E+02
2.11825000000E+05	7.169454E-03	-8.567117E+01
2.13693750000E+05	6.224708E-03	-4.228078E+01
2.15562500000E+05	1.317218E-02	-5.979213E+01
2.17431250000E+05	8.413199E-03	-2.459625E+01
2.19300000000E+05	7.389049E-03	-6.026809E+01
2.21168750000E+05	7.501915E-03	-2.830294E+01
2.23037500000E+05	3.282193E-03	-1.274458E+02
2.24906250000E+05	5.992992E-03	-7.943684E+01
2.26775000000E+05	5.683474E-03	2.424309E+01
2.28643750000E+05	8.151427E-03	-5.026428E+01
2.30512500000E+05	5.991468E-03	-8.404515E+01
2.32381250000E+05	4.189742E-03	-1.278335E+02
2.34250000000E+05	1.129424E-02	-8.441015E+01
2.36118750000E+05	4.501313E-03	2.975959E+00
2.37987500000E+05	1.222975E-02	-6.057284E+01
2.39856250000E+05	7.650560E-03	-1.145661E+02
2.41725000000E+05	4.074840E-03	-5.567348E+01
2.43593750000E+05	1.210896E-02	-7.457995E+01
2.45462500000E+05	1.234233E-02	-8.896288E+01
2.47331250000E+05	9.616042E-03	-1.901212E+01
2.49200000000E+05	1.068635E-02	-4.248958E+01
2.51068750000E+05	8.220018E-03	-2.190336E+01
2.52937500000E+05	8.436605E-03	-8.500917E+01
2.54806250000E+05	4.185957E-03	-7.065051E+01
2.56675000000E+05	1.058709E-02	-5.757581E+01
2.58543750000E+05	1.448351E-02	-7.788912E+01
2.60412500000E+05	1.047228E-02	-8.327160E+01
2.62281250000E+05	3.908087E-03	-2.113482E+01
2.64150000000E+05	7.392832E-03	-3.591998E+01
2.66018750000E+05	1.679670E-02	-9.098279E+01
2.67887500000E+05	7.936067E-04	5.691743E+01
2.69756250000E+05	8.816847E-03	-9.700280E+01
2.71625000000E+05	5.122994E-03	-7.570758E+01
2.73493750000E+05	1.482219E-02	-5.424049E+01
2.75362500000E+05	7.263672E-03	-3.592278E+01
2.77231250000E+05	1.091934E-02	-7.458416E+01
2.79100000000E+05	7.062725E-03	-7.706522E+01
2.80968750000E+05	4.210526E-03	-7.908088E+01
2.82837500000E+05	2.941198E-03	-8.913557E+01
2.84706250000E+05	5.143190E-03	-6.217027E+01
2.86575000000E+05	1.077200E-02	-7.989957E+01
2.88443750000E+05	6.588803E-03	-5.673505E+01
2.90312500000E+05	9.832186E-03	-7.610069E+01
2.92181250000E+05	1.085287E-02	-6.583253E+01
2.94050000000E+05	1.042655E-02	-1.001417E+02
2.95918750000E+05	8.505846E-03	-1.202223E+02
2.97787500000E+05	7.530226E-03	-6.623184E+01
2.99656250000E+05	1.506253E-02	-6.262212E+01
3.01525000000E+05	3.541949E-03	-6.685368E+01
3.03393750000E+05	7.502797E-03	-2.886164E+01
3.05262500000E+05	9.758924E-03	-5.779878E+01
3.07131250000E+05	6.648534E-03	-8.357150E+01
3.09000000000E+05	1.089485E-02	-8.771456E+01
3.10868750000E+05	5.354255E-03	-1.395710E+02
3.12737500000E+05	1.624778E-02	-9.215390E+01
3.14606250000E+05	6.917097E-03	-6.220796E+01
3.16475000000E+05	5.896267E-03	-5.703644E+01
3.18343750000E+05	9.550551E-03	-7.269565E+01
3.20212500000E+05	1.124826E-02	-1.034838E+02
3.22081250000E+05	9.966203E-03	-8.901608E+01
3.23950000000E+05	5.838855E-03	-5.364683E+01
3.25818750000E+05	1.124569E-02	-9.619981E+01
3.27687500000E+05	9.256038E-03	-6.882796E+01
3.29556250000E+05	1.308336E-02	-1.136176E+02
3.31425000000E+05	1.027439E-02	-5.168264E+01
3.33293750000E+05	8.682523E-03	-8.210742E+01
3.35162500000E+05	6.117912E-03	-1.110462E+02
3.37031250000E+05	1.360137E-02	-7.374972E+01
3.38900000000E+05	1.326415E-02	-6.048385E+01
3.40768750000E+05	8.898349E-03	-7.759721E+01
3.42637500000E+05	9.153048E-03	-5.003691E+01
3.44506250000E+05	1.051808E-02	-1.412572E+02
3.46375000000E+05	4.371489E-03	-9.191031E+01
3.48243750000E+05	7.796346E-03	-8.949957E+01
3.50112500000E+05	6.630637E-03	-8.737061E+01
3.51981250000E+05	1.359186E-02	-9.229109E+01
3.53850000000E+05	9.159886E-03	-7.355973E+01
3.55718750000E+05	9.517813E-03	-5.659496E+01
3.57587500000E+05	8.555903E-03	-7.375275E+00
3.59456250000E+05	1.042724E-02	-5.343751E+01
3.61325000000E+05	9.588661E-03	-8.112838E+01
3.63193750000E+05	4.395310E-03	-9.816581E+01
3.65062500000E+05	2.674332E-03	-7.430853E+01
3.66931250000E+05	8.318988E-03	-8.103698E+01
3.68800000000E+05	1.458293E-02	-6.217138E+01
3.70668750000E+05	1.070129E-02	-9.625839E+01
3.72537500000E+05	9.280567E-03	-5.066946E+01
3.74406250000E+05	8.352492E-03	-6.010173E+01
3.76275000000E+05	1.178790E-02	-8.146470E+01
3.78143750000E+05	5.473829E-03	-1.177123E+02
3.80012500000E+05	1.259933E-02	-5.339895E+01
3.81881250000E+05	1.496791E-02	-8.558183E+01
3.83750000000E+05	7.976209E-03	-9.269624E+01
3.85618750000E+05	4.892892E-03	-3.021799E+01
3.87487500000E+05	9.217865E-03	-4.684899E+01
3.89356250000E+05	1.719325E-02	-5.441742E+01
3.91225000000E+05	1.192814E-02	-7.456203E+01
3.93093750000E+05	1.575764E-02	-7.241914E+01
3.94962500000E+05	8.263929E-03	-1.077166E+02
3.96831250000E+05	7.881229E-03	-5.333669E+01
3.98700000000E+05	9.578718E-03	-1.054071E+02
4.00568750000E+05	1.376216E-02	-1.015204E+02
4.02437500000E+05	1.603723E-02	-9.126923E+01
4.04306250000E+05	1.850229E-02	-7.943884E+01
4.06175000000E+05	1.060611E-02	-6.901788E+01
4.08043750000E+05	9.899166E-03	-6.069490E+01
4.09912500000E+05	1.145621E-02	-8.801368E+01
4.11781250000E+05	1.238544E-02	-6.224842E+01
4.13650000000E+05	1.200529E-02	-8.110548E+01
4.15518750000E+05	1.239402E-02	-8.342341E+01
4.17387500000E+05	1.437196E-02	-5.087553E+01
4.19256250000E+05	1.452056E-02	-1.036988E+02
4.21125000000E+05	1.147604E-02	-1.067911E+02
4.22993750000E+05	1.404985E-02	-8.965755E+01
4.24862500000E+05	8.937379E-03	-8.164520E+01
4.26731250000E+05	9.701977E-03	-1.120564E+02
4.28600000000E+05	1.666817E-02	-8.211731E+01
4.30468750000E+05	1.278986E-02	-8.979948E+01
4.32337500000E+05	1.648628E-02	-6.236004E+01
4.34206250000E+05	1.448601E-02	-7.000366E+01
4.36075000000E+05	1.076519E-02	-6.695522E+01
4.37943750000E+05	9.945533E-03	-8.076370E+01
4.39812500000E+05	1.122251E-02	-6.614577E+01
4.41681250000E+05	1.451233E-02	-7.545712E+01
4.43550000000E+05	9.875265E-03	-6.226939E+01
4.45418750000E+05	1.064295E-02	-7.610512E+01
4.47287500000E+05	9.285796E-03	-9.556843E+01
4.49156250000E+05	1.016045E-02	-6.420979E+01
4.51025000000E+05	1.383185E-02	-6.374422E+01
4.52893750000E+05	1.356087E-02	-8.211584E+01
4.54762500000E+05	1.221624E-02	-7.469720E+01
4.56631250000E+05	1.519913E-02	-8.616882E+01
4.58500000000E+05	8.384940E-03	-6.856564E+01
4.60368750000E+05	1.158306E-02	-9.741376E+01
4.62237500000E+05	1.501649E-02	-8.728210E+01
4.64106250000E+05	1.996090E-02	-6.406316E+01
4.65975000000E+05	1.079395E-02	-6.254382E+01
4.67843750000E+05	1.011979E-02	-7.138885E+01
4.69712500000E+05	1.259748E-02	-6.063515E+01
4.71581250000E+05	1.807441E-02	-7.951276E+01
4.73450000000E+05	1.369505E-02	-7.354366E+01
4.75318750000E+05	1.125441E-02	-6.395829E+01
4.77187500000E+05	1.470181E-02	-8.176138E+01
4.79056250000E+05	1.372024E-02	-8.526732E+01
4.80925000000E+05	1.186640E-02	-8.467469E+01
4.82793750000E+05	1.043111E-02	-7.390483E+01
4.84662500000E+05	1.712086E-02	-6.626601E+01
4.86531250000E+05	1.188722E-02	-7.845245E+01
4.88400000000E+05	1.414069E-02	-8.317112E+01
4.90268750000E+05	1.168778E-02	-6.984932E+01
4.92137500000E+05	1.603494E-02	-7.194827E+01
4.94006250000E+05	1.518435E-02	-7.533685E+01
4.95875000000E+05	1.098389E-02	-7.026292E+01
4.97743750000E+05	1.436291E-02	-7.880365E+01
4.99612500000E+05	1.547293E-02	-8.466603E+01
5.01481250000E+05	1.132256E-02	-6.955308E+01
5.03350000000E+05	1.056932E-02	-7.584372E+01
5.05218750000E+05	1.166992E-02	-6.500778E+01
5.07087500000E+05	1.010669E-02	-7.852700E+01
5.08956250000E+05	1.511558E-02	-8.781260E+01
5.10825000000E+05	1.564229E-02	-8.035632E+01
5.12693750000E+05	1.102990E-02	-7.922829E+01
5.14562500000E+05	1.930332E-02	-6.563116E+01
5.16431250000E+05	1.716123E-02	-7.307348E+01
5.18300000000E+05	1.659044E-02	-8.298756E+01
5.20168750000E+05	1.474907E-02	-8.706059E+01
5.22037500000E+05	1.639941E-02	-8.847421E+01
5.23906250000E+05	1.074779E-02	-7.560605E+01
5.25775000000E+05	1.684448E-02	-8.116306E+01
5.27643750000E+05	1.859946E-02	-9.011790E+01
5.29512500000E+05	1.465171E-02	-7.331590E+01
5.31381250000E+05	2.232306E-02	-7.228425E+01
5.33250000000E+05	1.560088E-02	-7.965066E+01
5.35118750000E+05	1.574295E-02	-8.929543E+01
5.36987500000E+05	1.437113E-02	-9.126614E+01
5.38856250000E+05	2.012072E-02	-7.739365E+01
5.40725000000E+05	1.465630E-02	-7.696942E+01
5.42593750000E+05	1.131937E-02	-7.893561E+01
5.44462500000E+05	1.828784E-02	-7.224606E+01
5.46331250000E+05	1.605492E-02	-7.355747E+01
5.48200000000E+05	1.686152E-02	-8.131181E+01
5.50068750000E+05	1.515443E-02	-8.886183E+01
5.51937500000E+05	1.440191E-02	-7.659093E+01
5.53806250000E+05	1.411695E-02	-7.837441E+01
5.55675000000E+05	1.359065E-02	-9.691506E+01
5.57543750000E+05	1.522466E-02	-7.631541E+01
5.59412500000E+05	1.316816E-02	-8.196886E+01
5.61281250000E+05	1.635331E-02	-7.373291E+01
5.63150000000E+05	1.442742E-02	-8.371422E+01
5.65018750000E+05	1.464519E-02	-6.114180E+01
5.66887500000E+05	1.626680E-02	-7.164355E+01
5.68756250000E+05	1.613425E-02	-7.547517E+01
5.70625000000E+05	1.658530E-02	-8.131214E+01
5.72493750000E+05	1.460276E-02	-9.367746E+01
5.74362500000E+05	1.483899E-02	-7.870663E+01
5.76231250000E+05	1.488103E-02	-9.401221E+01
5.78100000000E+05	1.511360E-02	-7.316513E+01
5.79968750000E+05	1.542650E-02	-8.724409E+01
5.81837500000E+05	1.690285E-02	-8.444125E+01
5.83706250000E+05	1.366404E-02	-8.712051E+01
5.85575000000E+05	1.307478E-02	-7.200567E+01
5.87443750000E+05	1.547545E-02	-8.458669E+01
5.89312500000E+05	1.676439E-02	-8.358150E+01
5.91181250000E+05	1.758385E-02	-8.413900E+01
5.93050000000E+05	1.466214E-02	-6.962914E+01
5.94918750000E+05	1.722006E-02	-8.458221E+01
5.96787500000E+05	1.398024E-02	-7.200918E+01
5.98656250000E+05	1.513001E-02	-8.635251E+01
6.00525000000E+05	1.645448E-02	-7.367048E+01
6.02393750000E+05	1.815833E-02	-7.949514E+01
6.04262500000E+05	1.384859E-02	-9.237049E+01
6.06131250000E+05	1.513142E-02	-6.845999E+01
6.08000000000E+05	1.401703E-02	-8.327324E+01
6.09868750000E+05	1.582754E-02	-8.899174E+01
6.11737500000E+05	1.542018E-02	-8.225551E+01
6.13606250000E+05	1.743536E-02	-7.858041E+01
6.15475000000E+05	2.070914E-02	-8.658253E+01
6.17343750000E+05	1.352845E-02	-8.561850E+01
6.19212500000E+05	1.797094E-02	-8.395441E+01
6.21081250000E+05	2.122580E-02	-7.746898E+01
6.22950000000E+05	1.588323E-02	-7.418871E+01
6.24818750000E+05	1.484818E-02	-8.636182E+01
6.26687500000E+05	1.609908E-02	-9.070206E+01
6.28556250000E+05	1.675521E-02	-7.936916E+01
6.30425000000E+05	1.599244E-02	-8.575030E+01
6.32293750000E+05	2.084229E-02	-8.611386E+01
6.34162500000E+05	1.836765E-02	-8.247305E+01
6.36031250000E+05	1.824447E-02	-9.186613E+01
6.37900000000E+05	1.973931E-02	-8.741418E+01
6.39768750000E+05	2.060429E-02	-9.479965E+01
6.41637500000E+05	2.078264E-02	-7.311681E+01
6.43506250000E+05	2.236663E-02	-8.227864E+01
6.45375000000E+05	1.672926E-02	-8.480499E+01
6.47243750000E+05	1.528580E-02	-8.603410E+01
6.49112500000E+05	2.268663E-02	-9.777005E+01
6.50981250000E+05	1.891220E-02	-7.889913E+01
6.52850000000E+05	1.656622E-02	-9.121533E+01
6.54718750000E+05	1.749337E-02	-9.291689E+01
6.56587500000E+05	1.964380E-02	-8.665863E+01
6.58456250000E+05	2.008468E-02	-8.089014E+01
6.60325000000E+05	1.896878E-02	-7.952419E+01
6.62193750000E+05	1.284011E-02	-9.384395E+01
6.64062500000E+05	2.138098E-02	-8.626833E+01
6.65931250000E+05	2.209702E-02	-9.513605E+01
6.67800000000E+05	1.625278E-02	-1.009249E+02
6.69668750000E+05	1.879748E-02	-7.851617E+01
6.71537500000E+05	1.642303E-02	-7.176501E+01
6.73406250000E+05	2.112473E-02	-7.450928E+01
6.75275000000E+05	2.006796E-02	-7.676875E+01
6.77143750000E+05	1.939647E-02	-8.501534E+01
6.79012500000E+05	1.928470E-02	-9.126053E+01
6.80881250000E+05	1.946950E-02	-8.071359E+01
6.82750000000E+05	2.190034E-02	-8.830989E+01
6.84618750000E+05	2.309456E-02	-7.960738E+01
6.86487500000E+05	1.930765E-02	-9.037451E+01
6.88356250000E+05	1.772943E-02	-9.007196E+01
6.90225000000E+05	1.986771E-02	-8.462698E+01
6.92093750000E+05	2.121971E-02	-8.262363E+01
6.93962500000E+05	1.853367E-02	-8.515567E+01
6.95831250000E+05	1.786394E-02	-9.780480E+01
6.97700000000E+05	1.923680E-02	-8.468417E+01
6.99568750000E+05	1.852649E-02	-7.728876E+01
7.01437500000E+05	1.963642E-02	-8.526458E+01
7.03306250000E+05	2.231933E-02	-8.282347E+01
7.05175000000E+05	1.999013E-02	-7.240219E+01
7.07043750000E+05	2.272025E-02	-8.359257E+01
7.08912500000E+05	1.922295E-02	-8.345242E+01
7.10781250000E+05	2.214151E-02	-8.179176E+01
7.12650000000E+05	1.778223E-02	-8.426173E+01
7.14518750000E+05	1.718552E-02	-6.966780E+01
7.16387500000E+05	2.023274E-02	-8.393680E+01
7.18256250000E+05	2.181844E-02	-8.295383E+01
7.20125000000E+05	2.230330E-02	-9.398193E+01
7.21993750000E+05	2.046706E-02	-9.094661E+01
7.23862500000E+05	2.025161E-02	-8.898423E+01
7.25731250000E+05	2.203295E-02	-7.853295E+01
7.27600000000E+05	2.026704E-02	-9.069572E+01
7.29468750000E+05	1.867731E-02	-8.207626E+01
7.31337500000E+05	1.784563E-02	-9.327685E+01
7.33206250000E+05	2.426782E-02	-8.614823E+01
7.35075000000E+05	2.075780E-02	-8.147522E+01
7.36943750000E+05	2.244244E-02	-8.851764E+01
7.38812500000E+05	1.976299E-02	-9.031435E+01
7.40681250000E+05	2.391029E-02	-8.723433E+01
7.42550000000E+05	2.104535E-02	-8.324905E+01
7.44418750000E+05	2.129098E-02	-9.139146E+01
7.46287500000E+05	2.341568E-02	-7.283125E+01
7.48156250000E+05	2.290463E-02	-7.802325E+01
7.50025000000E+05	1.974485E-02	-9.073834E+01
7.51893750000E+05	2.559511E-02	-8.229833E+01
7.53762500000E+05	2.317449E-02	-8.383875E+01
7.55631250000E+05	2.222402E-02	-8.449071E+01
7.57500000000E+05	2.219386E-02	-8.765739E+01
7.59368750000E+05	2.248515E-02	-8.845807E+01
7.61237500000E+05	1.876815E-02	-8.596730E+01
7.63106250000E+05	2.042205E-02	-9.242319E+01
7.64975000000E+05	1.895121E-02	-8.774379E+01
7.66843750000E+05	2.215703E-02	-8.228428E+01
7.68712500000E+05	2.144598E-02	-7.708091E+01
7.70581250000E+05	1.912202E-02	-8.585366E+01
7.72450000000E+05	1.923086E-02	-8.976339E+01
7.74318750000E+05	2.083297E-02	-7.867640E+01
7.76187500000E+05	2.095523E-02	-8.896252E+01
7.78056250000E+05	2.259112E-02	-7.952982E+01
7.79925000000E+05	2.222287E-02	-8.026093E+01
7.81793750000E+05	2.290212E-02	-8.071652E+01
7.83662500000E+05	2.495895E-02	-8.312889E+01
7.85531250000E+05	2.319270E-02	-7.898370E+01
7.87400000000E+05	2.044820E-02	-7.928129E+01
7.89268750000E+05	2.297772E-02	-8.357470E+01
7.91137500000E+05	2.094744E-02	-8.646862E+01
7.93006250000E+05	2.141506E-02	-8.730584E+01
7.94875000000E+05	1.918241E-02	-8.385461E+01
7.96743750000E+05	2.061931E-02	-8.836510E+01
7.98612500000E+05	2.106105E-02	-8.547240E+01
8.00481250000E+05	2.226588E-02	-9.945410E+01
8.02350000000E+05	2.221390E-02	-7.761548E+01
8.04218750000E+05	2.098539E-02	-7.473238E+01
8.06087500000E+05	2.261124E-02	-8.179435E+01
8.07956250000E+05	2.284499E-02	-9.132848E+01
8.09825000000E+05	2.259467E-02	-7.941278E+01
8.11693750000E+05	2.403294E-02	-8.998956E+01
8.13562500000E+05	2.253273E-02	-8.917136E+01
8.15431250000E+05	1.932338E-02	-8.449236E+01
8.17300000000E+05	2.429039E-02	-8.559204E+01
8.19168750000E+05	2.716642E-02	-8.953508E+01
8.21037500000E+05	2.376176E-02	-8.235171E+01
8.22906250000E+05	2.022275E-02	-8.825087E+01
8.24775000000E+05	2.191291E-02	-7.812988E+01
8.26643750000E+05	2.475105E-02	-8.718012E+01
8.28512500000E+05	2.201535E-02	-8.687828E+01
8.30381250000E+05	2.091469E-02	-9.166774E+01
8.32250000000E+05	2.122730E-02	-8.375539E+01
8.34118750000E+05	2.155580E-02	-8.538755E+01
8.35987500000E+05	2.406441E-02	-8.709363E+01
8.37856250000E+05	2.544480E-02	-8.755575E+01
8.39725000000E+05	2.304098E-02	-9.048283E+01
8.41593750000E+05	2.194650E-02	-9.207225E+01
8.43462500000E+05	2.242636E-02	-9.080205E+01
8.45331250000E+05	2.470553E-02	-8.843088E+01
8.47200000000E+05	2.447649E-02	-9.278896E+01
8.49068750000E+05	2.579806E-02	-7.890492E+01
8.50937500000E+05	2.312231E-02	-8.466349E+01
8.52806250000E+05	2.454548E-02	-7.923068E+01
8.54675000000E+05	2.562078E-02	-9.348644E+01
8.56543750000E+05	2.462259E-02	-9.165078E+01
8.58412500000E+05	2.412907E-02	-8.363634E+01
8.60281250000E+05	2.685566E-02	-8.903168E+01
8.62150000000E+05	2.320342E-02	-9.215800E+01
8.64018750000E+05	2.644062E-02	-8.221379E+01
8.65887500000E+05	2.447805E-02	-8.630524E+01
8.67756250000E+05	2.420541E-02	-9.027895E+01
8.69625000000E+05	2.339284E-02	-8.372819E+01
8.71493750000E+05	2.709606E-02	-8.519067E+01
8.73362500000E+05	2.776979E-02	-8.622673E+01
8.75231250000E+05	2.632083E-02	-8.834377E+01
8.77100000000E+05	2.347494E-02	-8.930046E+01
8.78968750000E+05	2.675409E-02	-8.495282E+01
8.80837500000E+05	2.623788E-02	-7.836147E+01
8.82706250000E+05	2.825570E-02	-8.625215E+01
8.84575000000E+05	2.596081E-02	-8.689258E+01
8.86443750000E+05	2.533217E-02	-9.696999E+01
8.88312500000E+05	2.608613E-02	-9.012472E+01
8.90181250000E+05	2.524055E-02	-8.921262E+01
8.92050000000E+05	2.602691E-02	-8.952851E+01
8.93918750000E+05	2.499352E-02	-8.377419E+01
8.95787500000E+05	2.282037E-02	-9.337315E+01
8.97656250000E+05	2.461182E-02	-8.891422E+01
8.99525000000E+05	2.731093E-02	-8.162696E+01
9.01393750000E+05	2.878394E-02	-8.930631E+01
9.03262500000E+05	2.645106E-02	-8.607674E+01
9.05131250000E+05	2.647667E-02	-8.415250E+01
9.07000000000E+05	2.735954E-02	-8.562425E+01
9.08868750000E+05	2.675550E-02	-8.225065E+01
9.10737500000E+05	2.619829E-02	-8.488689E+01
9.12606250000E+05	2.660069E-02	-8.983395E+01
9.14475000000E+05	2.598621E-02	-8.372444E+01
9.16343750000E+05	2.521134E-02	-8.161927E+01
9.18212500000E+05	2.620749E-02	-8.849638E+01
9.20081250000E+05	2.379665E-02	-8.802382E+01
9.21950000000E+05	2.440522E-02	-8.678545E+01
9.23818750000E+05	3.308480E-02	-8.716767E+01
9.25687500000E+05	2.669322E-02	-8.721795E+01
9.27556250000E+05	2.663005E-02	-8.046631E+01
9.29425000000E+05	2.816440E-02	-8.183164E+01
9.31293750000E+05	2.655375E-02	-8.420119E+01
9.33162500000E+05	2.332461E-02	-8.633849E+01
9.35031250000E+05	2.767972E-02	-8.568665E+01
9.36900000000E+05	2.964881E-02	-9.140816E+01
9.38768750000E+05	2.748118E-02	-8.506638E+01
9.40637500000E+05	2.642289E-02	-8.618317E+01
9.42506250000E+05	2.766163E-02	-7.984760E+01
9.44375000000E+05	2.781536E-02	-9.388937E+01
9.46243750000E+05	2.893285E-02	-8.507286E+01
9.48112500000E+05	3.058782E-02	-9.138802E+01
9.49981250000E+05	2.798406E-02	-8.987016E+01
9.51850000000E+05	2.592694E-02	-8.261296E+01
9.53718750000E+05	2.816762E-02	-8.964667E+01
9.55587500000E+05	3.100229E-02	-8.819668E+01
9.57456250000E+05	2.787222E-02	-8.660392E+01
9.59325000000E+05	3.020441E-02	-8.694232E+01
9.61193750000E+05	2.854791E-02	-8.972399E+01
9.63062500000E+05	2.639294E-02	-8.642060E+01
9.64931250000E+05	2.695545E-02	-9.167166E+01
9.66800000000E+05	2.890420E-02	-9.036750E+01
9.68668750000E+05	3.054178E-02	-8.222713E+01
9.70537500000E+05	2.680751E-02	-8.666266E+01
9.72406250000E+05	2.646915E-02	-8.123132E+01
9.74275000000E+05	2.795022E-02	-9.065289E+01
9.76143750000E+05	2.874102E-02	-8.615814E+01
9.78012500000E+05	2.869781E-02	-8.995361E+01
9.79881250000E+05	2.840492E-02	-8.940815E+01
9.81750000000E+05	3.132314E-02	-9.198064E+01
9.83618750000E+05	2.944029E-02	-8.786937E+01
9.85487500000E+05	2.577498E-02	-8.645004E+01
9.87356250000E+05	3.147611E-02	-8.682968E+01
9.89225000000E+05	3.234496E-02	-8.853228E+01
9.91093750000E+05	2.795951E-02	-8.914597E+01
9.92962500000E+05	2.650255E-02	-9.066141E+01
9.94831250000E+05	2.824296E-02	-8.908281E+01
9.96700000000E+05	2.736161E-02	-8.710882E+01
9.98568750000E+05	3.328689E-02	-8.677462E+01
1.00043750000E+06	2.550434E-02	-8.727251E+01
1.00230625000E+06	2.758995E-02	-8.564629E+01
1.00417500000E+06	2.777092E-02	-8.485226E+01
1.00604375000E+06	2.752713E-02	-8.954922E+01
1.00791250000E+06	2.875266E-02	-8.903561E+01
1.00978125000E+06	2.696103E-02	-8.731181E+01
1.01165000000E+06	3.129810E-02	-9.110197E+01
1.01351875000E+06	3.018522E-02	-8.693647E+01
1.01538750000E+06	2.893724E-02	-8.787641E+01
1.01725625000E+06	2.728506E-02	-8.351306E+01
1.01912500000E+06	2.966815E-02	-9.165050E+01
1.02099375000E+06	2.839454E-02	-8.561370E+01
1.02286250000E+06	3.093626E-02	-8.474902E+01
1.02473125000E+06	2.868316E-02	-8.891971E+01
1.02660000000E+06	3.171761E-02	-8.144459E+01
1.02846875000E+06	2.976256E-02	-8.525475E+01
1.03033750000E+06	3.061200E-02	-9.209888E+01
1.03220625000E+06	2.966883E-02	-8.589340E+01
1.03407500000E+06	3.018386E-02	-8.304321E+01
1.03594375000E+06	3.060528E-02	-8.717053E+01
1.03781250000E+06	2.902225E-02	-8.858434E+01
1.03968125000E+06	3.353763E-02	-9.065419E+01
1.04155000000E+06	3.155449E-02	-8.812270E+01
1.04341875000E+06	2.877493E-02	-8.385322E+01
1.04528750000E+06	3.253015E-02	-8.770315E+01
1.04715625000E+06	3.139668E-02	-8.924568E+01
1.04902500000E+06	3.175297E-02	-8.919830E+01
1.05089375000E+06	3.045544E-02	-9.318056E+01
1.05276250000E+06	3.231648E-02	-8.518869E+01
1.05463125000E+06	3.150026E-02	-8.744408E+01
1.05650000000E+06	2.988657E-02	-8.937685E+01
1.05836875000E+06	3.076437E-02	-8.630814E+01
1.06023750000E+06	3.353759E-02	-8.082825E+01
1.06210625000E+06	2.846481E-02	-8.820035E+01
1.06397500000E+06	3.035478E-02	-8.506052E+01
1.06584375000E+06	3.512577E-02	-8.550933E+01
1.06771250000E+06	3.111258E-02	-8.387361E+01
1.06958125000E+06	3.448227E-02	-9.116434E+01
1.07145000000E+06	3.212657E-02	-8.210352E+01
1.07331875000E+06	3.117697E-02	-8.593656E+01
1.07518750000E+06	3.067675E-02	-8.609435E+01
1.07705625000E+06	3.309722E-02	-8.891730E+01
1.07892500000E+06	3.237304E-02	-8.777205E+01
1.08079375000E+06	3.228728E-02	-8.987753E+01
1.08266250000E+06	2.900393E-02	-8.928065E+01
1.08453125000E+06	3.121901E-02	-8.505593E+01
1.08640000000E+06	3.305911E-02	-8.911143E+01
1.08826875000E+06	3.049255E-02	-9.025813E+01
1.09013750000E+06	3.344454E-02	-8.265903E+01
1.09200625000E+06	3.679331E-02	-9.164872E+01
1.09387500000E+06	2.844833E-02	-9.350981E+01
1.09574375000E+06	3.193570E-02	-9.149206E+01
1.09761250000E+06	3.123836E-02	-8.732577E+01
1.09948125000E+06	2.986116E-02	-8.715912E+01
1.10135000000E+06	3.466909E-02	-8.977991E+01
1.10321875000E+06	3.249930E-02	-8.107692E+01
1.10508750000E+06	3.228949E-02	-8.331849E+01
1.10695625000E+06	3.231633E-02	-8.501257E+01
1.10882500000E+06	3.042149E-02	-9.224629E+01
1.11069375000E+06	3.144451E-02	-8.935921E+01
1.11256250000E+06	3.291757E-02	-8.641549E+01
1.11443125000E+06	3.232402E-02	-8.443940E+01
1.11630000000E+06	3.026931E-02	-8.589262E+01
1.11816875000E+06	3.554697E-02	-9.167199E+01
1.12003750000E+06	3.079907E-02	-8.921545E+01
1.12190625000E+06	3.562901E-02	-8.956036E+01
1.12377500000E+06	3.267449E-02	-8.860400E+01
1.12564375000E+06	3.220664E-02	-8.560184E+01
1.12751250000E+06	3.076403E-02	-9.058838E+01
1.12938125000E+06	3.176985E-02	-9.345757E+01
1.13125000000E+06	3.303577E-02	-8.357262E+01
1.13311875000E+06	3.393180E-02	-8.911786E+01
1.13498750000E+06	3.335036E-02	-8.738402E+01
1.13685625000E+06	3.727103E-02	-8.269056E+01
1.13872500000E+06	3.225871E-02	-9.066229E+01
1.14059375000E+06	2.929118E-02	-8.516113E+01
1.14246250000E+06	3.058618E-02	-9.409161E+01
1.14433125000E+06	3.188078E-02	-8.428294E+01
1.14620000000E+06	3.151445E-02	-8.527778E+01
1.14806875000E+06	3.377781E-02	-9.030507E+01
1.14993750000E+06	3.238533E-02	-8.940288E+01
1.15180625000E+06	3.600405E-02	-8.454247E+01
1.15367500000E+06	3.263299E-02	-8.454471E+01
1.15554375000E+06	3.418387E-02	-8.332614E+01
1.15741250000E+06	3.392864E-02	-8.693181E+01
1.15928125000E+06	3.407195E-02	-9.085133E+01
1.16115000000E+06	3.571003E-02	-9.114505E+01
1.16301875000E+06	3.314403E-02	-8.981204E+01
1.16488750000E+06	3.424994E-02	-8.845939E+01
1.16675625000E+06	3.305508E-02	-9.090707E+01
1.16862500000E+06	3.717968E-02	-8.893468E+01
1.17049375000E+06	3.490720E-02	-8.749829E+01
1.17236250000E+06	3.259952E-02	-8.265064E+01
1.17423125000E+06	3.515322E-02	-8.858875E+01
1.17610000000E+06	3.649129E-02	-8.772063E+01
1.17796875000E+06	3.386339E-02	-8.757196E+01
1.17983750000E+06	3.227628E-02	-8.428381E+01
1.18170625000E+06	3.530317E-02	-8.879281E+01
1.18357500000E+06	3.800157E-02	-9.175812E+01
1.18544375000E+06	3.620484E-02	-8.737130E+01
1.18731250000E+06	3.550414E-02	-9.160883E+01
1.18918125000E+06	3.441991E-02	-8.556756E+01
1.19105000000E+06	3.171952E-02	-8.666869E+01
1.19291875000E+06	3.442200E-02	-8.369524E+01
1.19478750000E+06	3.600361E-02	-9.089022E+01
1.19665625000E+06	3.420502E-02	-8.651166E+01
1.19852500000E+06	3.528320E-02	-8.634453E+01
1.20039375000E+06	3.372779E-02	-8.493289E+01
1.20226250000E+06	3.699005E-02	-9.091908E+01
1.20413125000E+06	3.410569E-02	-8.628405E+01
1.20600000000E+06	3.715764E-02	-9.233219E+01
1.20786875000E+06	3.566374E-02	-8.602329E+01
1.20973750000E+06	3.223998E-02	-8.827841E+01
1.21160625000E+06	3.759919E-02	-8.563657E+01
1.21347500000E+06	3.422354E-02	-8.683079E+01
1.21534375000E+06	3.512404E-02	-8.936238E+01
1.21721250000E+06	3.799454E-02	-8.921828E+01
1.21908125000E+06	3.884677E-02	-8.615190E+01
1.22095000000E+06	3.399013E-02	-8.881952E+01
1.22281875000E+06	3.566616E-02	-9.253101E+01
1.22468750000E+06	3.666720E-02	-8.922290E+01
1.22655625000E+06	3.682888E-02	-9.287253E+01
1.22842500000E+06	3.926847E-02	-9.113883E+01
1.23029375000E+06	3.619231E-02	-8.843010E+01
1.23216250000E+06	3.872208E-02	-8.727640E+01
1.23403125000E+06	3.693155E-02	-8.783522E+01
1.23590000000E+06	3.872654E-02	-8.773885E+01
1.23776875000E+06	3.534340E-02	-8.988676E+01
1.23963750000E+06	3.404863E-02	-8.977148E+01
1.24150625000E+06	4.032272E-02	-8.718107E+01
1.24337500000E+06	3.817013E-02	-8.681644E+01
1.24524375000E+06	3.641937E-02	-8.470242E+01
1.24711250000E+06	3.631872E-02	-9.277918E+01
1.24898125000E+06	3.681147E-02	-8.779885E+01
1.25085000000E+06	3.852756E-02	-8.735794E+01
1.25271875000E+06	3.626582E-02	-9.064758E+01
1.25458750000E+06	3.840404E-02	-8.624792E+01
1.25645625000E+06	4.163879E-02	-9.011731E+01
1.25832500000E+06	3.817266E-02	-8.451296E+01
1.26019375000E+06	3.865228E-02	-8.734045E+01
1.26206250000E+06	3.589333E-02	-8.497683E+01
1.26393125000E+06	3.814138E-02	-8.785825E+01
1.26580000000E+06	3.921853E-02	-8.730307E+01
1.26766875000E+06	4.077705E-02	-9.244093E+01
1.26953750000E+06	3.875349E-02	-8.353318E+01
1.27140625000E+06	3.617350E-02	-8.651134E+01
1.27327500000E+06	3.620864E-02	-8.872574E+01
1.27514375000E+06	3.661906E-02	-8.620660E+01
1.27701250000E+06	3.936016E-02	-8.859662E+01
1.27888125000E+06	3.817809E-02	-8.958560E+01
1.28075000000E+06	3.724227E-02	-8.816596E+01
1.28261875000E+06	3.911851E-02	-8.873686E+01
1.28448750000E+06	4.027281E-02	-8.838629E+01
1.28635625000E+06	3.711352E-02	-8.914890E+01
1.28822500000E+06	3.737055E-02	-8.473528E+01
1.29009375000E+06	3.595303E-02	-8.645111E+01
1.29196250000E+06	4.012533E-02	-9.013288E+01
1.29383125000E+06	3.917656E-02	-8.412103E+01
1.29570000000E+06	4.052240E-02	-8.449994E+01
1.29756875000E+06	3.552422E-02	-8.988985E+01
1.29943750000E+06	3.845010E-02	-8.749413E+01
1.30130625000E+06	3.885895E-02	-9.107420E+01
1.30317500000E+06	3.790035E-02	-9.084662E+01
1.30504375000E+06	3.722087E-02	-8.643024E+01
1.30691250000E+06	3.981885E-02	-8.474971E+01
1.30878125000E+06	3.884383E-02	-8.821591E+01
1.31065000000E+06	3.998443E-02	-8.835807E+01
1.31251875000E+06	3.962890E-02	-8.674860E+01
1.31438750000E+06	3.793535E-02	-8.667614E+01
1.31625625000E+06	3.956304E-02	-8.965339E+01
1.31812500000E+06	3.951925E-02	-8.828008E+01
1.31999375000E+06	3.926108E-02	-9.143764E+01
1.32186250000E+06	4.023710E-02	-8.994933E+01
1.32373125000E+06	4.314083E-02	-8.803731E+01
1.32560000000E+06	4.132224E-02	-8.962093E+01
1.32746875000E+06	3.983175E-02	-8.524463E+01
1.32933750000E+06	4.148599E-02	-8.418256E+01
1.33120625000E+06	3.988510E-02	-8.924272E+01
1.33307500000E+06	4.140677E-02	-8.861987E+01
1.33494375000E+06	3.824272E-02	-8.743311E+01
1.33681250000E+06	4.139819E-02	-8.821442E+01
1.33868125000E+06	4.082890E-02	-8.598757E+01
1.34055000000E+06	3.926378E-02	-8.984837E+01
1.34241875000E+06	4.096946E-02	-8.714210E+01
1.34428750000E+06	4.078613E-02	-9.521967E+01
1.34615625000E+06	3.858795E-02	-8.607336E+01
1.34802500000E+06	4.263457E-02	-9.006444E+01
1.34989375000E+06	4.099989E-02	-8.936633E+01
1.35176250000E+06	4.386548E-02	-8.824953E+01
1.35363125000E+06	4.123405E-02	-8.801001E+01
1.35550000000E+06	4.102191E-02	-9.355577E+01
1.35736875000E+06	4.017641E-02	-8.453529E+01
1.35923750000E+06	4.165478E-02	-9.131705E+01
1.36110625000E+06	4.013415E-02	-8.584901E+01
1.36297500000E+06	3.807050E-02	-9.277524E+01
1.36484375000E+06	4.387698E-02	-9.005405E+01
1.36671250000E+06	4.166240E-02	-9.028478E+01
1.36858125000E+06	3.938238E-02	-8.949968E+01
1.37045000000E+06	4.171829E-02	-8.527496E+01
1.37231875000E+06	4.287291E-02	-8.889730E+01
1.37418750000E+06	4.200897E-02	-8.281499E+01
1.37605625000E+06	3.890818E-02	-8.951519E+01
1.37792500000E+06	3.885386E-02	-8.757016E+01
1.37979375000E+06	4.381552E-02	-8.821331E+01
1.38166250000E+06	4.006574E-02	-9.158331E+01
1.38353125000E+06	4.147901E-02	-8.580331E+01
1.38540000000E+06	4.120260E-02	-8.841593E+01
1.38726875000E+06	4.341761E-02	-8.780524E+01
1.38913750000E+06	4.311008E-02	-8.578553E+01
1.39100625000E+06	4.194211E-02	-8.824342E+01
1.39287500000E+06	4.193966E-02	-8.856351E+01
1.39474375000E+06	4.161680E-02	-8.798991E+01
1.39661250000E+06	4.168708E-02	-9.182674E+01
1.39848125000E+06	4.010332E-02	-9.123088E+01
1.40035000000E+06	4.243726E-02	-8.732313E+01
1.40221875000E+06	4.142474E-02	-9.161283E+01
1.40408750000E+06	3.984306E-02	-8.516698E+01
1.40595625000E+06	4.081115E-02	-8.531034E+01
1.40782500000E+06	4.160628E-02	-8.591956E+01
1.40969375000E+06	3.857841E-02	-9.008277E+01
1.41156250000E+06	4.102737E-02	-8.686508E+01
1.41343125000E+06	4.108398E-02	-9.153928E+01
1.41530000000E+06	4.086675E-02	-8.982661E+01
1.41716875000E+06	4.234356E-02	-8.787792E+01
1.41903750000E+06	4.439973E-02	-8.799534E+01
1.42090625000E+06	4.200759E-02	-9.362203E+01
1.42277500000E+06	4.261401E-02	-8.737466E+01
1.42464375000E+06	4.387915E-02	-8.746119E+01
1.42651250000E+06	4.402936E-02	-9.009315E+01
1.42838125000E+06	4.050639E-02	-8.622619E+01
1.43025000000E+06	4.415293E-02	-9.190319E+01
1.43211875000E+06	4.559534E-02	-8.472157E+01
1.43398750000E+06	4.263936E-02	-8.659857E+01
1.43585625000E+06	4.506662E-02	-8.928234E+01
1.43772500000E+06	4.410516E-02	-8.627073E+01
1.43959375000E+06	4.360262E-02	-8.619572E+01
1.44146250000E+06	4.440940E-02	-8.820174E+01
1.44333125000E+06	4.345453E-02	-8.623415E+01
1.44520000000E+06	4.575070E-02	-9.005401E+01
1.44706875000E+06	4.421687E-02	-9.231386E+01
1.44893750000E+06	4.138792E-02	-9.154539E+01
1.45080625000E+06	4.542367E-02	-8.635230E+01
1.45267500000E+06	4.199875E-02	-9.089896E+01
1.45454375000E+06	4.312649E-02	-9.069114E+01
1.45641250000E+06	4.459783E-02	-9.005975E+01
1.45828125000E+06	4.634457E-02	-8.580090E+01
1.46015000000E+06	4.390476E-02	-9.223307E+01
1.46201875000E+06	4.556646E-02	-9.107695E+01
1.46388750000E+06	4.678223E-02	-9.059935E+01
1.46575625000E+06	4.465873E-02	-8.997266E+01
1.46762500000E+06	4.202303E-02	-8.970535E+01
1.46949375000E+06	4.392833E-02	-9.069356E+01
1.47136250000E+06	4.430464E-02	-9.168707E+01
1.47323125000E+06	4.593518E-02	-8.962527E+01
1.47510000000E+06	4.231296E-02	-9.049307E+01
1.47696875000E+06	4.323685E-02	-9.262441E+01
1.47883750000E+06	4.564603E-02	-8.700330E+01
1.48070625000E+06	4.687894E-02	-8.713661E+01
1.48257500000E+06	4.246592E-02	-8.648238E+01
1.48444375000E+06	4.542350E-02	-9.069402E+01
1.48631250000E+06	4.756928E-02	-8.729805E+01
1.48818125000E+06	4.507127E-02	-9.305959E+01
1.49005000000E+06	4.635470E-02	-9.192566E+01
1.49191875000E+06	4.276270E-02	-9.219485E+01
1.49378750000E+06	4.664592E-02	-9.000957E+01
1.49565625000E+06	4.448562E-02	-8.693185E+01
1.49752500000E+06	4.686674E-02	-8.741438E+01
1.49939375000E+06	4.524085E-02	-9.046555E+01
1.50126250000E+06	4.844321E-02	-8.985107E+01
1.50313125000E+06	4.288355E-02	-9.050126E+01
1.50500000000E+06	4.849502E-02	-8.959408E+01
1.50686875000E+06	4.684428E-02	-9.021760E+01
1.50873750000E+06	4.662980E-02	-8.831908E+01
1.51060625000E+06	4.811112E-02	-8.859773E+01
1.51247500000E+06	4.701461E-02	-8.586125E+01
1.51434375000E+06	4.538755E-02	-8.777452E+01
1.51621250000E+06	4.959114E-02	-9.038403E+01
1.51808125000E+06	4.609880E-02	-9.214616E+01
1.51995000000E+06	4.477337E-02	-8.765089E+01
1.52181875000E+06	4.973659E-02	-8.889933E+01
1.52368750000E+06	4.681792E-02	-8.602036E+01
1.52555625000E+06	4.703430E-02	-9.170901E+01
1.52742500000E+06	4.371008E-02	-8.895497E+01
1.52929375000E+06	4.821507E-02	-8.921367E+01
1.53116250000E+06	4.557153E-02	-8.926138E+01
1.53303125000E+06	4.859329E-02	-8.877941E+01
1.53490000000E+06	5.066876E-02	-9.050960E+01
1.53676875000E+06	4.722531E-02	-8.641357E+01
1.53863750000E+06	4.597326E-02	-8.890335E+01
1.54050625000E+06	4.728258E-02	-8.724435E+01
1.54237500000E+06	4.531452E-02	-8.810178E+01
1.54424375000E+06	4.738142E-02	-8.916928E+01
1.54611250000E+06	4.727796E-02	-8.707122E+01
1.54798125000E+06	4.611457E-02	-9.003281E+01
1.54985000000E+06	4.825573E-02	-9.152184E+01
1.55171875000E+06	4.948894E-02	-9.256032E+01
1.55358750000E+06	4.893388E-02	-8.626956E+01
1.55545625000E+06	4.839354E-02	-8.852084E+01
1.55732500000E+06	5.025854E-02	-8.767498E+01
1.55919375000E+06	4.674225E-02	-8.694265E+01
1.56106250000E+06	4.848161E-02	-8.723754E+01
1.56293125000E+06	5.119811E-02	-8.710873E+01
1.56480000000E+06	4.910074E-02	-9.114429E+01
1.56666875000E+06	4.854336E-02	-9.100840E+01
1.56853750000E+06	4.754015E-02	-8.353558E+01
1.57040625000E+06	4.638948E-02	-8.749739E+01
1.57227500000E+06	4.749583E-02	-8.806441E+01
1.57414375000E+06	4.817606E-02	-9.056627E+01
1.57601250000E+06	4.758335E-02	-9.182698E+01
1.57788125000E+06	5.067095E-02	-8.696838E+01
1.57975000000E+06	4.762004E-02	-9.236845E+01
1.58161875000E+06	4.792261E-02	-9.076451E+01
1.58348750000E+06	4.836554E-02	-8.763754E+01
1.58535625000E+06	4.782605E-02	-8.840279E+01
1.58722500000E+06	5.120771E-02	-8.860764E+01
1.58909375000E+06	4.803734E-02	-8.751532E+01
1.59096250000E+06	4.958683E-02	-9.177403E+01
1.59283125000E+06	4.916625E-02	-8.888017E+01
1.59470000000E+06	4.946851E-02	-8.575739E+01
1.59656875000E+06	4.907614E-02	-8.650818E+01
1.59843750000E+06	4.806170E-02	-8.807316E+01
1.60030625000E+06	4.874903E-02	-8.550122E+01
1.60217500000E+06	4.854191E-02	-8.977517E+01
1.60404375000E+06	5.029896E-02	-8.926958E+01
1.60591250000E+06	4.825281E-02	-8.719750E+01
1.60778125000E+06	5.196689E-02	-8.555748E+01
1.60965000000E+06	4.927073E-02	-8.906338E+01
1.61151875000E+06	4.698274E-02	-8.689882E+01
1.61338750000E+06	5.229635E-02	-8.838911E+01
1.61525625000E+06	4.798233E-02	-9.025293E+01
1.61712500000E+06	4.971942E-02	-8.709595E+01
1.61899375000E+06	4.859772E-02	-8.592285E+01
1.62086250000E+06	5.092111E-02	-8.976678E+01
1.62273125000E+06	5.305616E-02	-8.711941E+01
1.62460000000E+06	4.966079E-02	-9.086261E+01
1.62646875000E+06	5.150152E-02	-8.719604E+01
1.62833750000E+06	5.124445E-02	-8.758047E+01
1.63020625000E+06	5.135017E-02	-8.882606E+01
1.63207500000E+06	4.656900E-02	-8.373721E+01
1.63394375000E+06	5.128123E-02	-8.999185E+01
1.63581250000E+06	5.141081E-02	-8.825546E+01
1.63768125000E+06	4.739397E-02	-8.759727E+01
1.63955000000E+06	4.961736E-02	-8.566201E+01
1.64141875000E+06	5.449330E-02	-9.138513E+01
1.64328750000E+06	5.122729E-02	-9.128085E+01
1.64515625000E+06	4.980814E-02	-8.936150E+01
1.64702500000E+06	5.204850E-02	-8.767934E+01
1.64889375000E+06	5.185721E-02	-9.063715E+01
1.65076250000E+06	5.466005E-02	-8.793826E+01
1.65263125000E+06	5.091352E-02	-9.064039E+01
1.65450000000E+06	5.316652E-02	-9.000060E+01
1.65636875000E+06	5.403737E-02	-9.181702E+01
1.65823750000E+06	5.017880E-02	-8.676756E+01
1.66010625000E+06	5.376804E-02	-8.684710E+01
1.66197500000E+06	5.143460E-02	-8.883824E+01
1.66384375000E+06	5.195745E-02	-8.957956E+01
1.66571250000E+06	4.964610E-02	-9.131866E+01
1.66758125000E+06	5.292800E-02	-8.799651E+01
1.66945000000E+06	5.215603E-02	-9.033905E+01
1.67131875000E+06	5.077611E-02	-9.072439E+01
1.67318750000E+06	4.919722E-02	-8.975245E+01
1.67505625000E+06	5.132508E-02	-8.777261E+01
1.67692500000E+06	5.281799E-02	-9.059624E+01
1.67879375000E+06	5.493804E-02	-8.881940E+01
1.68066250000E+06	5.101834E-02	-8.934914E+01
1.68253125000E+06	5.012150E-02	-8.817728E+01
1.68440000000E+06	5.606000E-02	-8.602920E+01
1.68626875000E+06	5.292659E-02	-8.799649E+01
1.68813750000E+06	5.130259E-02	-8.992511E+01
1.69000625000E+06	5.068550E-02	-8.740995E+01
1.69187500000E+06	5.582821E-02	-8.758029E+01
1.69374375000E+06	5.375155E-02	-8.781297E+01
1.69561250000E+06	5.470425E-02	-8.790346E+01
1.69748125000E+06	5.301686E-02	-8.877135E+01
1.69935000000E+06	5.528252E-02	-9.011406E+01
1.70121875000E+06	5.676433E-02	-8.928250E+01
1.70308750000E+06	5.517531E-02	-8.917457E+01
1.70495625000E+06	5.487034E-02	-9.041365E+01
1.70682500000E+06	5.217298E-02	-8.877731E+01
1.70869375000E+06	5.331708E-02	-8.730921E+01
1.71056250000E+06	5.018084E-02	-9.012649E+01
1.71243125000E+06	5.246053E-02	-8.715590E+01
1.71430000000E+06	5.557417E-02	-8.920653E+01
1.71616875000E+06	5.599454E-02	-8.862371E+01
1.71803750000E+06	5.265530E-02	-8.805792E+01
1.71990625000E+06	5.660738E-02	-9.016541E+01
1.72177500000E+06	5.194188E-02	-9.017620E+01
1.72364375000E+06	5.724979E-02	-8.878944E+01
1.72551250000E+06	5.719178E-02	-8.857929E+01
1.72738125000E+06	5.504369E-02	-8.791999E+01
1.72925000000E+06	5.537211E-02	-8.837127E+01
1.73111875000E+06	5.852047E-02	-8.811385E+01
1.73298750000E+06	5.608472E-02	-9.152872E+01
1.73485625000E+06	5.626791E-02	-8.488295E+01
1.73672500000E+06	5.388454E-02	-8.890634E+01
1.73859375000E+06	5.401226E-02	-8.681541E+01
1.74046250000E+06	5.968327E-02	-8.838274E+01
1.74233125000E+06	5.584738E-02	-9.200091E+01
1.74420000000E+06	5.512012E-02	-8.873013E+01
1.74606875000E+06	5.757777E-02	-9.046788E+01
1.74793750000E+06	5.947708E-02	-8.870383E+01
1.74980625000E+06	5.742148E-02	-8.961560E+01
1.75167500000E+06	5.711394E-02	-8.950803E+01
1.75354375000E+06	5.925382E-02	-8.812304E+01
1.75541250000E+06	5.923205E-02	-9.120728E+01
1.75728125000E+06	5.544104E-02	-8.916177E+01
1.75915000000E+06	5.901550E-02	-8.836405E+01
1.76101875000E+06	5.730022E-02	-9.327382E+01
1.76288750000E+06	5.848644E-02	-9.145181E+01
1.76475625000E+06	5.875552E-02	-8.755642E+01
1.76662500000E+06	5.705886E-02	-9.145585E+01
1.76849375000E+06	5.800628E-02	-8.843942E+01
1.77036250000E+06	5.692898E-02	-8.875971E+01
1.77223125000E+06	5.626627E-02	-9.105085E+01
1.77410000000E+06	5.719592E-02	-8.971770E+01
1.77596875000E+06	5.998612E-02	-9.137562E+01
1.77783750000E+06	5.960327E-02	-9.012763E+01
1.77970625000E+06	5.842197E-02	-9.144904E+01
1.78157500000E+06	5.602303E-02	-8.871746E+01
1.78344375000E+06	5.693233E-02	-9.080731E+01
1.78531250000E+06	5.804323E-02	-8.761507E+01
1.78718125000E+06	5.958126E-02	-9.031519E+01
1.78905000000E+06	5.904778E-02	-9.025291E+01
1.79091875000E+06	5.676771E-02	-8.861575E+01
1.79278750000E+06	6.213172E-02	-9.061146E+01
1.79465625000E+06	5.749712E-02	-8.937440E+01
1.79652500000E+06	5.953248E-02	-8.858939E+01
1.79839375000E+06	5.826312E-02	-9.195520E+01
1.80026250000E+06	5.865589E-02	-8.983419E+01
1.80213125000E+06	5.861181E-02	-9.080436E+01
1.80400000000E+06	5.591565E-02	-9.186785E+01
1.80586875000E+06	5.941664E-02	-9.169411E+01
1.80773750000E+06	5.810963E-02	-9.121910E+01
1.80960625000E+06	5.967265E-02	-9.146765E+01
1.81147500000E+06	6.006450E-02	-9.136162E+01
1.81334375000E+06	6.092944E-02	-9.380528E+01
1.81521250000E+06	6.168408E-02	-9.227633E+01
1.81708125000E+06	6.016459E-02	-9.282827E+01
1.81895000000E+06	6.072777E-02	-9.195789E+01
1.82081875000E+06	5.904873E-02	-9.218958E+01
1.82268750000E+06	5.855173E-02	-9.229981E+01
1.82455625000E+06	5.919190E-02	-9.245452E+01
1.82642500000E+06	6.126796E-02	-8.958819E+01
1.82829375000E+06	5.882433E-02	-8.884688E+01
1.83016250000E+06	5.802979E-02	-9.039962E+01
1.83203125000E+06	5.926029E-02	-9.106841E+01
1.83390000000E+06	5.558632E-02	-9.127512E+01
1.83576875000E+06	5.979202E-02	-9.091145E+01
1.83763750000E+06	6.032440E-02	-9.210519E+01
1.83950625000E+06	5.860179E-02	-9.220565E+01
1.84137500000E+06	5.689481E-02	-9.154271E+01
1.84324375000E+06	6.269486E-02	-9.194175E+01
1.84511250000E+06	6.254590E-02	-8.940084E+01
1.84698125000E+06	6.048883E-02	-8.861595E+01
1.84885000000E+06	5.690820E-02	-8.964838E+01
1.85071875000E+06	5.900399E-02	-9.307629E+01
1.85258750000E+06	5.828374E-02	-8.974142E+01
1.85445625000E+06	6.136490E-02	-9.124192E+01
1.85632500000E+06	5.959591E-02	-8.971342E+01
1.85819375000E+06	5.882570E-02	-9.058294E+01
1.86006250000E+06	5.802375E-02	-8.976873E+01
1.86193125000E+06	5.927891E-02	-9.264105E+01
1.86380000000E+06	6.111217E-02	-9.088850E+01
1.86566875000E+06	5.958650E-02	-9.288509E+01
1.86753750000E+06	5.995321E-02	-9.146733E+01
1.86940625000E+06	5.643860E-02	-9.082883E+01
1.87127500000E+06	6.004525E-02	-8.975702E+01
1.87314375000E+06	5.876479E-02	-9.079132E+01
1.87501250000E+06	6.041325E-02	-9.205708E+01
1.87688125000E+06	5.993384E-02	-9.045597E+01
1.87875000000E+06	5.944628E-02	-8.919370E+01
1.88061875000E+06	6.086119E-02	-8.930532E+01
1.88248750000E+06	6.093922E-02	-8.837944E+01
1.88435625000E+06	5.895125E-02	-8.865691E+01
1.88622500000E+06	6.082955E-02	-9.043214E+01
1.88809375000E+06	6.173883E-02	-9.193488E+01
1.88996250000E+06	5.994954E-02	-9.472069E+01
1.89183125000E+06	6.053080E-02	-9.108725E+01
1.89370000000E+06	6.165240E-02	-9.227431E+01
1.89556875000E+06	6.429186E-02	-9.113271E+01
1.89743750000E+06	6.500831E-02	-9.267897E+01
1.89930625000E+06	6.212521E-02	-8.957989E+01
1.90117500000E+06	6.167481E-02	-8.895895E+01
1.90304375000E+06	6.324922E-02	-8.851287E+01
1.90491250000E+06	6.198002E-02	-9.252747E+01
1.90678125000E+06	6.613735E-02	-9.043607E+01
1.90865000000E+06	6.087001E-02	-9.336127E+01
1.91051875000E+06	6.135235E-02	-9.261609E+01
1.91238750000E+06	6.200030E-02	-9.265726E+01
1.91425625000E+06	6.287206E-02	-9.040891E+01
1.91612500000E+06	6.246038E-02	-8.970612E+01
1.91799375000E+06	6.066599E-02	-8.930585E+01
1.91986250000E+06	6.414878E-02	-9.329238E+01
1.92173125000E+06	6.378387E-02	-9.002073E+01
1.92360000000E+06	6.119524E-02	-9.125174E+01
1.92546875000E+06	6.373702E-02	-9.227876E+01
1.92733750000E+06	6.243082E-02	-8.983287E+01
1.92920625000E+06	6.300253E-02	-9.167878E+01
1.93107500000E+06	6.208020E-02	-9.179423E+01
1.93294375000E+06	6.356958E-02	-9.102556E+01
1.93481250000E+06	6.516434E-02	-9.276475E+01
1.93668125000E+06	6.141558E-02	-9.061649E+01
1.93855000000E+06	6.020059E-02	-9.090363E+01
1.94041875000E+06	6.484126E-02	-9.060658E+01
1.94228750000E+06	6.194479E-02	-9.204635E+01
1.94415625000E+06	6.261142E-02	-8.956750E+01
1.94602500000E+06	6.185294E-02	-8.828848E+01
1.94789375000E+06	6.278446E-02	-9.310340E+01
1.94976250000E+06	6.324545E-02	-9.166534E+01
1.95163125000E+06	6.286210E-02	-8.911410E+01
1.95350000000E+06	6.226695E-02	-9.189577E+01
1.95536875000E+06	6.179512E-02	-9.119373E+01
1.95723750000E+06	6.536599E-02	-9.162401E+01
1.95910625000E+06	6.430561E-02	-9.201653E+01
1.96097500000E+06	6.486206E-02	-9.044081E+01
1.96284375000E+06	6.400943E-02	-9.034631E+01
1.96471250000E+06	6.260799E-02	-9.134541E+01
1.96658125000E+06	6.392331E-02	-8.952979E+01
1.96845000000E+06	6.156528E-02	-8.875832E+01
1.97031875000E+06	6.337709E-02	-9.036256E+01
1.97218750000E+06	6.423319E-02	-8.763836E+01
1.97405625000E+06	6.406069E-02	-9.427914E+01
1.97592500000E+06	6.280460E-02	-9.081867E+01
1.97779375000E+06	6.227421E-02	-9.202221E+01
1.97966250000E+06	6.461301E-02	-9.307651E+01
1.98153125000E+06	6.359543E-02	-9.297881E+01
1.98340000000E+06	6.653306E-02	-9.000286E+01
1.98526875000E+06	6.355479E-02	-9.205013E+01
1.98713750000E+06	6.328329E-02	-8.982571E+01
1.98900625000E+06	6.586140E-02	-9.051041E+01
1.99087500000E+06	6.434184E-02	-9.124479E+01
1.99274375000E+06	6.468394E-02	-9.161874E+01
1.99461250000E+06	6.379412E-02	-8.862933E+01
1.99648125000E+06	6.504129E-02	-9.361002E+01
1.99835000000E+06	6.511682E-02	-9.096944E+01
2.00021875000E+06	6.559326E-02	-8.820068E+01
2.00208750000E+06	6.433339E-02	-9.072780E+01
2.00395625000E+06	6.696007E-02	-8.945753E+01
2.00582500000E+06	6.843272E-02	-9.190672E+01
2.00769375000E+06	6.522895E-02	-9.041750E+01
2.00956250000E+06	6.795417E-02	-9.241878E+01
2.01143125000E+06	6.613754E-02	-9.105584E+01
2.01330000000E+06	6.706947E-02	-9.073738E+01
2.01516875000E+06	6.546464E-02	-9.206272E+01
2.01703750000E+06	6.683850E-02	-9.090575E+01
2.01890625000E+06	6.445172E-02	-8.981344E+01
2.02077500000E+06	6.653780E-02	-9.100715E+01
2.02264375000E+06	6.762054E-02	-9.112167E+01
2.02451250000E+06	6.318414E-02	-9.138306E+01
2.02638125000E+06	6.750836E-02	-8.983414E+01
2.02825000000E+06	6.707652E-02	-9.052789E+01
2.03011875000E+06	6.582270E-02	-9.002159E+01
2.03198750000E+06	6.716470E-02	-9.308214E+01
2.03385625000E+06	6.648057E-02	-9.059646E+01
2.03572500000E+06	6.757437E-02	-9.222826E+01
2.03759375000E+06	6.582967E-02	-8.989377E+01
2.03946250000E+06	6.577689E-02	-9.014377E+01
2.04133125000E+06	6.748890E-02	-9.235851E+01
2.04320000000E+06	6.820415E-02	-9.016741E+01
2.04506875000E+06	6.708380E-02	-9.002971E+01
2.04693750000E+06	6.866203E-02	-9.298969E+01
2.04880625000E+06	6.665020E-02	-8.971743E+01
2.05067500000E+06	6.425885E-02	-9.169669E+01
2.05254375000E+06	6.837829E-02	-9.155416E+01
2.05441250000E+06	6.728560E-02	-9.110804E+01
2.05628125000E+06	7.047359E-02	-9.004142E+01
2.05815000000E+06	6.865104E-02	-9.221012E+01
2.06001875000E+06	6.720550E-02	-9.143491E+01
2.06188750000E+06	6.804672E-02	-9.330809E+01
2.06375625000E+06	6.877249E-02	-9.129271E+01
2.06562500000E+06	6.582059E-02	-8.957532E+01
2.06749375000E+06	6.748513E-02	-9.377962E+01
2.06936250000E+06	6.623352E-02	-9.117151E+01
2.07123125000E+06	6.895134E-02	-9.190684E+01
2.07310000000E+06	6.832355E-02	-9.156865E+01
2.07496875000E+06	6.855590E-02	-9.220882E+01
2.07683750000E+06	6.827909E-02	-8.921627E+01
2.07870625000E+06	6.826282E-02	-9.276396E+01
2.08057500000E+06	6.864307E-02	-9.218447E+01
2.08244375000E+06	6.988619E-02	-9.093018E+01
2.08431250000E+06	6.730945E-02	-9.059570E+01
2.08618125000E+06	6.861482E-02	-9.163698E+01
2.08805000000E+06	6.936424E-02	-9.374406E+01
2.08991875000E+06	6.672232E-02	-9.178391E+01
2.09178750000E+06	6.898288E-02	-9.312920E+01
2.09365625000E+06	7.196333E-02	-9.060287E+01
2.09552500000E+06	6.809955E-02	-9.142603E+01
2.09739375000E+06	6.772267E-02	-9.047710E+01
2.09926250000E+06	6.918976E-02	-9.146333E+01
2.10113125000E+06	6.876145E-02	-9.024802E+01
2.10300000000E+06	6.790454E-02	-9.257164E+01
2.10486875000E+06	7.165225E-02	-9.183094E+01
2.10673750000E+06	6.880016E-02	-9.163062E+01
2.10860625000E+06	7.053458E-02	-9.198720E+01
2.11047500000E+06	6.963328E-02	-8.958344E+01
2.11234375000E+06	6.785481E-02	-9.047707E+01
2.11421250000E+06	6.987081E-02	-8.901768E+01
2.11608125000E+06	7.283465E-02	-9.262145E+01
2.11795000000E+06	6.916027E-02	-9.321992E+01
2.11981875000E+06	6.897194E-02	-8.980663E+01
2.12168750000E+06	7.043026E-02	-8.976560E+01
2.12355625000E+06	7.269280E-02	-9.154183E+01
2.12542500000E+06	6.920797E-02	-8.832388E+01
2.12729375000E+06	6.942126E-02	-8.920369E+01
2.12916250000E+06	6.930359E-02	-8.999305E+01
2.13103125000E+06	7.239401E-02	-9.100179E+01
2.13290000000E+06	7.039238E-02	-8.998109E+01
2.13476875000E+06	7.261701E-02	-9.094732E+01
2.13663750000E+06	7.163231E-02	-9.046254E+01
2.13850625000E+06	6.704460E-02	-9.176254E+01
2.14037500000E+06	7.032979E-02	-9.028381E+01
2.14224375000E+06	7.159390E-02	-9.187891E+01
2.14411250000E+06	6.901048E-02	-8.722717E+01
2.14598125000E+06	6.786121E-02	-9.127104E+01
2.14785000000E+06	6.941247E-02	-9.022643E+01
2.14971875000E+06	7.207388E-02	-9.123477E+01
2.15158750000E+06	7.206355E-02	-9.031025E+01
2.15345625000E+06	7.363603E-02	-8.884857E+01
2.15532500000E+06	7.260528E-02	-8.929742E+01
2.15719375000E+06	7.214059E-02	-9.141743E+01
2.15906250000E+06	6.930338E-02	-9.225111E+01
2.16093125000E+06	6.933887E-02	-9.169764E+01
2.16280000000E+06	7.148486E-02	-9.233585E+01
2.16466875000E+06	7.124949E-02	-8.998665E+01
2.16653750000E+06	7.069840E-02	-9.194200E+01
2.16840625000E+06	7.220996E-02	-9.100900E+01
2.17027500000E+06	7.247646E-02	-9.296341E+01
2.17214375000E+06	7.143080E-02	-9.081602E+01
2.17401250000E+06	7.370265E-02	-9.025470E+01
2.17588125000E+06	6.973072E-02	-9.188991E+01
2.17775000000E+06	7.278959E-02	-9.261972E+01
2.17961875000E+06	7.542137E-02	-9.135549E+01
2.18148750000E+06	7.381655E-02	-9.131635E+01
2.18335625000E+06	7.445883E-02	-9.164155E+01
2.18522500000E+06	7.316684E-02	-9.148199E+01
2.18709375000E+06	7.273538E-02	-9.028302E+01
2.18896250000E+06	7.384668E-02	-9.188617E+01
2.19083125000E+06	7.179266E-02	-9.374683E+01
2.19270000000E+06	7.089183E-02	-8.971886E+01
2.19456875000E+06	6.927960E-02	-9.041602E+01
2.19643750000E+06	7.391305E-02	-9.261653E+01
2.19830625000E+06	7.151924E-02	-9.180413E+01
2.20017500000E+06	7.180486E-02	-9.264799E+01
2.20204375000E+06	7.504895E-02	-9.188909E+01
2.20391250000E+06	7.559466E-02	-9.053487E+01
2.20578125000E+06	7.532847E-02	-9.101833E+01
2.20765000000E+06	7.549670E-02	-9.115961E+01
2.20951875000E+06	7.371216E-02	-9.092428E+01
2.21138750000E+06	7.232413E-02	-9.345722E+01
2.21325625000E+06	7.626574E-02	-9.046083E+01
2.21512500000E+06	7.350345E-02	-9.136557E+01
2.21699375000E+06	7.150663E-02	-9.019392E+01
2.21886250000E+06	7.433588E-02	-8.949866E+01
2.22073125000E+06	7.239043E-02	-8.950224E+01
2.22260000000E+06	7.537486E-02	-8.872033E+01
2.22446875000E+06	7.215935E-02	-9.106666E+01
2.22633750000E+06	7.168657E-02	-9.330854E+01
2.22820625000E+06	7.276663E-02	-9.077692E+01
2.23007500000E+06	7.401630E-02	-9.191310E+01
2.23194375000E+06	7.780913E-02	-8.979028E+01
2.23381250000E+06	7.350913E-02	-9.144106E+01
2.23568125000E+06	7.568427E-02	-9.343913E+01
2.23755000000E+06	7.709045E-02	-9.240036E+01
2.23941875000E+06	7.628572E-02	-9.199489E+01
2.24128750000E+06	7.737325E-02	-9.009309E+01
2.24315625000E+06	7.634065E-02	-9.128722E+01
2.24502500000E+06	7.284480E-02	-8.846716E+01
2.24689375000E+06	7.685722E-02	-8.968258E+01
2.24876250000E+06	7.646456E-02	-8.959689E+01
2.25063125000E+06	7.581693E-02	-9.210978E+01
2.25250000000E+06	7.593513E-02	-8.978638E+01
2.25436875000E+06	7.567016E-02	-9.079099E+01
2.25623750000E+06	7.492422E-02	-9.373687E+01
2.25810625000E+06	7.798263E-02	-8.933041E+01
2.25997500000E+06	7.633011E-02	-8.952452E+01
2.26184375000E+06	7.585436E-02	-9.155370E+01
2.26371250000E+06	7.813326E-02	-9.126639E+01
2.26558125000E+06	7.539562E-02	-9.000117E+01
2.26745000000E+06	7.818161E-02	-9.038030E+01
2.26931875000E+06	7.716087E-02	-9.075148E+01
2.27118750000E+06	7.773811E-02	-9.297626E+01
2.27305625000E+06	7.977949E-02	-9.029901E+01
2.27492500000E+06	7.658852E-02	-9.014182E+01
2.27679375000E+06	7.839751E-02	-9.031014E+01
2.27866250000E+06	7.705388E-02	-8.874032E+01
2.28053125000E+06	7.625868E-02	-9.128706E+01
2.28240000000E+06	7.881262E-02	-8.953653E+01
2.28426875000E+06	7.753573E-02	-9.151859E+01
2.28613750000E+06	7.980750E-02	-9.147137E+01
2.28800625000E+06	7.503752E-02	-9.095195E+01
2.28987500000E+06	7.714453E-02	-9.324507E+01
2.29174375000E+06	7.899531E-02	-8.992581E+01
2.29361250000E+06	7.930267E-02	-8.801161E+01
2.29548125000E+06	7.882013E-02	-9.046369E+01
2.29735000000E+06	7.657222E-02	-9.185362E+01
2.29921875000E+06	7.837179E-02	-8.929421E+01
2.30108750000E+06	8.018534E-02	-9.116199E+01
2.30295625000E+06	7.865337E-02	-9.289761E+01
2.30482500000E+06	7.525772E-02	-9.155857E+01
2.30669375000E+06	7.867236E-02	-8.984091E+01
2.30856250000E+06	7.794739E-02	-9.208320E+01
2.31043125000E+06	7.953072E-02	-8.883965E+01
2.31230000000E+06	7.928890E-02	-9.311501E+01
2.31416875000E+06	8.090144E-02	-9.012671E+01
2.31603750000E+06	7.811567E-02	-8.923890E+01
2.31790625000E+06	8.035599E-02	-9.218800E+01
2.31977500000E+06	7.567874E-02	-9.018633E+01
2.32164375000E+06	7.923343E-02	-9.154786E+01
2.32351250000E+06	7.913994E-02	-9.090069E+01
2.32538125000E+06	8.072829E-02	-9.195503E+01
2.32725000000E+06	8.060135E-02	-8.982301E+01
2.32911875000E+06	8.041669E-02	-9.156928E+01
2.33098750000E+06	7.978892E-02	-9.090131E+01
2.33285625000E+06	8.155638E-02	-9.026559E+01
2.33472500000E+06	7.975280E-02	-8.923467E+01
2.33659375000E+06	7.819315E-02	-9.026753E+01
2.33846250000E+06	8.118936E-02	-9.130856E+01
2.34033125000E+06	7.861868E-02	-9.204147E+01
2.34220000000E+06	7.926909E-02	-9.026948E+01
2.34406875000E+06	7.898694E-02	-9.096645E+01
2.34593750000E+06	8.151610E-02	-9.087359E+01
2.34780625000E+06	8.055985E-02	-8.946602E+01
2.34967500000E+06	7.893234E-02	-9.139886E+01
2.35154375000E+06	7.982532E-02	-9.308368E+01
2.35341250000E+06	7.988252E-02	-9.060820E+01
2.35528125000E+06	7.936516E-02	-9.146983E+01
2.35715000000E+06	7.923648E-02	-9.095345E+01
2.35901875000E+06	8.085314E-02	-8.926461E+01
2.36088750000E+06	8.167905E-02	-9.117715E+01
2.36275625000E+06	8.031712E-02	-8.972177E+01
2.36462500000E+06	8.528733E-02	-9.064139E+01
2.36649375000E+06	8.073572E-02	-9.017496E+01
2.36836250000E+06	8.149488E-02	-8.936899E+01
2.37023125000E+06	8.093876E-02	-8.891750E+01
2.37210000000E+06	8.169712E-02	-9.177616E+01
2.37396875000E+06	8.043617E-02	-9.217165E+01
2.37583750000E+06	8.346375E-02	-9.243426E+01
2.37770625000E+06	8.240933E-02	-9.038560E+01
2.37957500000E+06	8.031479E-02	-9.164548E+01
2.38144375000E+06	8.281082E-02	-9.085010E+01
2.38331250000E+06	8.260562E-02	-9.057754E+01
2.38518125000E+06	8.406994E-02	-9.367085E+01
2.38705000000E+06	8.154741E-02	-9.017303E+01
2.38891875000E+06	8.093393E-02	-8.740730E+01
2.39078750000E+06	8.342803E-02	-9.007158E+01
2.39265625000E+06	8.150061E-02	-9.021334E+01
2.39452500000E+06	8.162866E-02	-8.984823E+01
2.39639375000E+06	8.311679E-02	-9.007082E+01
2.39826250000E+06	8.447296E-02	-9.047707E+01
2.40013125000E+06	8.250004E-02	-9.232706E+01
2.40200000000E+06	8.323648E-02	-9.132621E+01
2.40386875000E+06	8.246745E-02	-9.110546E+01
2.40573750000E+06	8.443163E-02	-9.133219E+01
2.40760625000E+06	8.305921E-02	-8.913525E+01
2.40947500000E+06	8.081423E-02	-8.975101E+01
2.41134375000E+06	8.375368E-02	-9.043877E+01
2.41321250000E+06	8.412243E-02	-9.045039E+01
2.41508125000E+06	8.250836E-02	-9.100778E+01
2.41695000000E+06	8.539297E-02	-9.113375E+01
2.41881875000E+06	8.467336E-02	-9.008945E+01
2.42068750000E+06	8.311534E-02	-9.000375E+01
2.42255625000E+06	8.288083E-02	-9.219536E+01
2.42442500000E+06	8.494776E-02	-9.146320E+01
2.42629375000E+06	8.482163E-02	-9.266464E+01
2.42816250000E+06	8.189486E-02	-8.990676E+01
2.43003125000E+06	8.405902E-02	-9.243903E+01
2.43190000000E+06	8.443519E-02	-9.093257E+01
2.43376875000E+06	8.436397E-02	-8.972869E+01
2.43563750000E+06	8.312038E-02	-9.215005E+01
2.43750625000E+06	8.464303E-02	-9.136576E+01
2.43937500000E+06	8.792717E-02	-9.107192E+01
2.44124375000E+06	8.441276E-02	-9.071668E+01
2.44311250000E+06	8.557160E-02	-9.040511E+01
2.44498125000E+06	8.278001E-02	-9.307611E+01
2.44685000000E+06	8.540167E-02	-9.087334E+01
2.44871875000E+06	8.238905E-02	-9.244544E+01
2.45058750000E+06	8.688018E-02	-9.203910E+01
2.45245625000E+06	8.471820E-02	-9.323458E+01
2.45432500000E+06	8.345519E-02	-9.098389E+01
2.45619375000E+06	8.506823E-02	-9.315118E+01
2.45806250000E+06	8.599064E-02	-9.030409E+01
2.45993125000E+06	8.503024E-02	-9.037048E+01
2.46180000000E+06	8.813578E-02	-9.014680E+01
2.46366875000E+06	8.605360E-02	-9.091838E+01
2.46553750000E+06	8.838522E-02	-9.046648E+01
2.46740625000E+06	8.889182E-02	-9.040797E+01
2.46927500000E+06	8.359077E-02	-9.018195E+01
2.47114375000E+06	8.503325E-02	-9.087964E+01
2.47301250000E+06	8.663014E-02	-9.009491E+01
2.47488125000E+06	8.501747E-02	-8.994507E+01
2.47675000000E+06	8.689786E-02	-9.081020E+01
2.47861875000E+06	8.749204E-02	-9.147289E+01
2.48048750000E+06	8.554111E-02	-9.127496E+01
2.48235625000E+06	8.721764E-02	-9.113338E+01
2.48422500000E+06	8.530461E-02	-8.905941E+01
2.48609375000E+06	8.777525E-02	-9.077200E+01
2.48796250000E+06	8.907395E-02	-9.122781E+01
2.48983125000E+06	8.426400E-02	-9.120309E+01
2.49170000000E+06	9.238213E-02	-9.053066E+01
2.49356875000E+06	8.954578E-02	-9.124154E+01
2.49543750000E+06	8.729944E-02	-9.027586E+01
2.49730625000E+06	8.870416E-02	-9.047627E+01
2.49917500000E+06	8.893491E-02	-9.158616E+01
2.50104375000E+06	8.718278E-02	-8.880927E+01
2.50291250000E+06	8.913296E-02	-8.993784E+01
2.50478125000E+06	8.650790E-02	-9.126580E+01
2.50665000000E+06	8.908489E-02	-9.202027E+01
2.50851875000E+06	8.655007E-02	-9.038723E+01
2.51038750000E+06	8.908407E-02	-9.058816E+01
2.51225625000E+06	8.794242E-02	-9.312006E+01
2.51412500000E+06	8.911407E-02	-9.142927E+01
2.51599375000E+06	8.666211E-02	-9.188610E+01
2.51786250000E+06	8.795721E-02	-9.032841E+01
2.51973125000E+06	8.830246E-02	-9.153833E+01
2.52160000000E+06	8.834889E-02	-9.066595E+01
2.52346875000E+06	9.066954E-02	-9.118170E+01
2.52533750000E+06	8.676230E-02	-9.150713E+01
2.52720625000E+06	8.751167E-02	-9.201465E+01
2.52907500000E+06	9.009834E-02	-9.148575E+01
2.53094375000E+06	8.858645E-02	-9.107790E+01
2.53281250000E+06	8.722060E-02	-9.064879E+01
2.53468125000E+06	9.010497E-02	-8.918871E+01
2.53655000000E+06	8.945484E-02	-9.101346E+01
2.53841875000E+06	9.145194E-02	-9.081966E+01
2.54028750000E+06	9.157167E-02	-9.184889E+01
2.54215625000E+06	9.223933E-02	-9.050052E+01
2.54402500000E+06	8.821942E-02	-9.050991E+01
2.54589375000E+06	9.207672E-02	-9.195393E+01
2.54776250000E+06	9.206721E-02	-9.176697E+01
2.54963125000E+06	9.254189E-02	-9.252089E+01
2.55150000000E+06	8.955082E-02	-9.189752E+01
2.55336875000E+06	9.067529E-02	-9.023655E+01
2.55523750000E+06	9.185075E-02	-9.122556E+01
2.55710625000E+06	9.154495E-02	-9.163512E+01
2.55897500000E+06	8.934025E-02	-9.119241E+01
2.56084375000E+06	9.116063E-02	-9.028418E+01
2.56271250000E+06	9.043723E-02	-8.967083E+01
2.56458125000E+06	9.288239E-02	-8.990174E+01
2.56645000000E+06	8.849619E-02	-9.063313E+01
2.56831875000E+06	9.150323E-02	-9.030540E+01
2.57018750000E+06	9.368017E-02	-9.016698E+01
2.57205625000E+06	8.851834E-02	-9.243581E+01
2.57392500000E+06	9.086294E-02	-8.944389E+01
2.57579375000E+06	9.212474E-02	-9.173715E+01
2.57766250000E+06	9.416008E-02	-8.987787E+01
2.57953125000E+06	9.222993E-02	-8.926865E+01
2.58140000000E+06	9.176698E-02	-8.925713E+01
2.58326875000E+06	9.047042E-02	-9.152984E+01
2.58513750000E+06	9.118903E-02	-9.148420E+01
2.58700625000E+06	9.160554E-02	-9.024372E+01
2.58887500000E+06	8.987346E-02	-9.153860E+01
2.59074375000E+06	8.981750E-02	-9.250387E+01
2.59261250000E+06	9.398835E-02	-9.214608E+01
2.59448125000E+06	9.158067E-02	-9.124895E+01
2.59635000000E+06	9.286506E-02	-9.209875E+01
2.59821875000E+06	9.105000E-02	-9.132400E+01
2.60008750000E+06	9.345586E-02	-9.242796E+01
2.60195625000E+06	9.266102E-02	-9.155072E+01
2.60382500000E+06	9.348602E-02	-9.032140E+01
2.60569375000E+06	9.094913E-02	-9.061245E+01
2.60756250000E+06	9.496836E-02	-8.998409E+01
2.60943125000E+06	9.082513E-02	-9.062241E+01
2.61130000000E+06	9.330803E-02	-9.270532E+01
2.61316875000E+06	9.392525E-02	-8.886916E+01
2.61503750000E+06	9.435067E-02	-9.070340E+01
2.61690625000E+06	9.086989E-02	-9.125658E+01
2.61877500000E+06	9.407382E-02	-9.132155E+01
2.62064375000E+06	9.549209E-02	-9.158444E+01
2.62251250000E+06	9.330181E-02	-9.170271E+01
2.62438125000E+06	9.366877E-02	-9.121810E+01
2.62625000000E+06	9.351429E-02	-9.112436E+01
2.62811875000E+06	9.483650E-02	-9.161555E+01
2.62998750000E+06	9.496847E-02	-9.162698E+01
2.63185625000E+06	9.280845E-02	-9.081856E+01
2.63372500000E+06	9.598979E-02	-9.098587E+01
2.63559375000E+06	9.501719E-02	-9.155190E+01
2.63746250000E+06	9.694695E-02	-9.281765E+01
2.63933125000E+06	9.521262E-02	-9.209430E+01
2.64120000000E+06	9.578348E-02	-9.097190E+01
2.64306875000E+06	9.436905E-02	-8.971164E+01
2.64493750000E+06	9.493889E-02	-9.033639E+01
2.64680625000E+06	9.570713E-02	-9.095629E+01
2.64867500000E+06	9.433411E-02	-9.250095E+01
2.65054375000E+06	9.402754E-02	-9.052605E+01
2.65241250000E+06	9.334141E-02	-9.119831E+01
2.65428125000E+06	9.515335E-02	-9.163898E+01
2.65615000000E+06	9.538861E-02	-9.050833E+01
2.65801875000E+06	9.782512E-02	-9.051820E+01
2.65988750000E+06	9.782844E-02	-9.033324E+01
2.66175625000E+06	9.682817E-02	-9.119357E+01
2.66362500000E+06	9.586595E-02	-9.129125E+01
2.66549375000E+06	9.672810E-02	-9.070014E+01
2.66736250000E+06	9.495513E-02	-9.212971E+01
2.66923125000E+06	9.645453E-02	-8.976966E+01
2.67110000000E+06	9.651687E-02	-8.912180E+01
2.67296875000E+06	9.539186E-02	-9.109500E+01
2.67483750000E+06	9.784760E-02	-9.155577E+01
2.67670625000E+06	9.507263E-02	-9.075310E+01
2.67857500000E+06	9.717633E-02	-9.137572E+01
2.68044375000E+06	9.393802E-02	-9.017590E+01
2.68231250000E+06	9.659696E-02	-9.166540E+01
2.68418125000E+06	9.579253E-02	-9.109843E+01
2.68605000000E+06	1.014220E-01	-8.962163E+01
2.68791875000E+06	9.622109E-02	-9.083727E+01
2.68978750000E+06	1.003273E-01	-9.248355E+01
2.69165625000E+06	9.754925E-02	-8.977383E+01
2.69352500000E+06	9.793783E-02	-9.096003E+01
2.69539375000E+06	9.808017E-02	-9.208849E+01
2.69726250000E+06	9.874739E-02	-8.971388E+01
2.69913125000E+06	9.716219E-02	-9.000529E+01
2.70100000000E+06	9.829836E-02	-9.145856E+01
2.70286875000E+06	9.730896E-02	-9.133984E+01
2.70473750000E+06	1.005044E-01	-9.050391E+01
2.70660625000E+06	9.765336E-02	-9.303143E+01
2.70847500000E+06	9.704211E-02	-9.244379E+01
2.71034375000E+06	9.888917E-02	-9.170110E+01
2.71221250000E+06	1.019981E-01	-8.983836E+01
2.71408125000E+06	9.828600E-02	-9.150540E+01
2.71595000000E+06	9.575947E-02	-9.117534E+01
2.71781875000E+06	9.966905E-02	-9.236912E+01
2.71968750000E+06	1.006623E-01	-9.168559E+01
2.72155625000E+06	9.850775E-02	-9.157368E+01
2.72342500000E+06	9.934700E-02	-9.007312E+01
2.72529375000E+06	9.689786E-02	-9.073384E+01
2.72716250000E+06	9.934369E-02	-9.212128E+01
2.72903125000E+06	1.016155E-01	-9.138574E+01
2.73090000000E+06	9.858216E-02	-9.194061E+01
2.73276875000E+06	9.929252E-02	-8.998741E+01
2.73463750000E+06	9.918676E-02	-9.033931E+01
2.73650625000E+06	1.012289E-01	-9.093225E+01
2.73837500000E+06	1.003732E-01	-8.909454E+01
2.74024375000E+06	9.836030E-02	-8.981734E+01
2.74211250000E+06	9.720256E-02	-8.825230E+01
2.74398125000E+06	1.013026E-01	-9.082362E+01
2.74585000000E+06	9.911884E-02	-9.117265E+01
2.74771875000E+06	9.869777E-02	-9.105650E+01
2.74958750000E+06	9.996268E-02	-9.174195E+01
2.75145625000E+06	1.029292E-01	-9.130804E+01
2.75332500000E+06	1.010557E-01	-9.197780E+01
2.75519375000E+06	1.012857E-01	-9.147279E+01
2.75706250000E+06	1.029161E-01	-9.102557E+01
2.75893125000E+06	1.010535E-01	-9.052122E+01
2.76080000000E+06	9.874497E-02	-9.087901E+01
2.76266875000E+06	1.027766E-01	-9.123104E+01
2.76453750000E+06	9.863434E-02	-9.146912E+01
2.76640625000E+06	1.032171E-01	-9.018975E+01
2.76827500000E+06	1.013486E-01	-9.143575E+01
2.77014375000E+06	1.031142E-01	-9.117252E+01
2.77201250000E+06	1.025095E-01	-9.064420E+01
2.77388125000E+06	9.867573E-02	-9.080830E+01
2.77575000000E+06	1.016598E-01	-9.086063E+01
2.77761875000E+06	1.059697E-01	-9.135788E+01
2.77948750000E+06	1.008500E-01	-9.135744E+01
2.78135625000E+06	1.011091E-01	-9.093761E+01
2.78322500000E+06	1.010580E-01	-9.137157E+01
2.78509375000E+06	1.029932E-01	-9.097708E+01
2.78696250000E+06	1.033245E-01	-9.050681E+01
2.78883125000E+06	1.037935E-01	-9.040746E+01
2.79070000000E+06	1.016917E-01	-9.175145E+01
2.79256875000E+06	1.025246E-01	-9.207039E+01
2.79443750000E+06	1.015256E-01	-9.007925E+01
2.79630625000E+06	1.042652E-01	-9.099352E+01
2.79817500000E+06	1.039513E-01	-9.061514E+01
2.80004375000E+06	1.001639E-01	-9.009415E+01
2.80191250000E+06	1.050563E-01	-9.040816E+01
2.80378125000E+06	9.953377E-02	-9.054015E+01
2.80565000000E+06	1.034859E-01	-9.168383E+01
2.80751875000E+06	1.032397E-01	-9.062103E+01
2.80938750000E+06	1.048766E-01	-9.134855E+01
2.81125625000E+06	1.085548E-01	-9.052608E+01
2.81312500000E+06	1.062824E-01	-9.043468E+01
2.81499375000E+06	1.060093E-01	-9.040903E+01
2.81686250000E+06	1.029676E-01	-9.019775E+01
2.81873125000E+06	1.047694E-01	-9.115811E+01
2.82060000000E+06	1.066967E-01	-9.061378E+01
2.82246875000E+06	1.047224E-01	-9.262172E+01
2.82433750000E+06	1.061531E-01	-9.074985E+01
2.82620625000E+06	1.073931E-01	-9.038312E+01
2.82807500000E+06	1.071642E-01	-9.069668E+01
2.82994375000E+06	1.040417E-01	-9.026733E+01
2.83181250000E+06	1.059489E-01	-9.299725E+01
2.83368125000E+06	1.047552E-01	-9.059671E+01
2.83555000000E+06	1.047254E-01	-9.266748E+01
2.83741875000E+06	1.046274E-01	-9.145901E+01
2.83928750000E+06	1.085827E-01	-9.099354E+01
2.84115625000E+06	1.053285E-01	-8.830363E+01
2.84302500000E+06	1.043445E-01	-9.092758E+01
2.84489375000E+06	1.046172E-01	-9.026391E+01
2.84676250000E+06	1.061784E-01	-9.168936E+01
2.84863125000E+06	1.054687E-01	-9.240558E+01
2.85050000000E+06	1.084375E-01	-9.255373E+01
2.85236875000E+06	1.061424E-01	-9.168915E+01
2.85423750000E+06	1.072126E-01	-9.033607E+01
2.85610625000E+06	1.054582E-01	-9.057833E+01
2.85797500000E+06	1.057529E-01	-9.065619E+01
2.85984375000E+06	1.069474E-01	-9.073264E+01
2.86171250000E+06	1.062762E-01	-9.132301E+01
2.86358125000E+06	1.054564E-01	-9.085605E+01
2.86545000000E+06	1.066591E-01	-9.109671E+01
2.86731875000E+06	1.075963E-01	-9.112327E+01
2.86918750000E+06	1.062424E-01	-9.160583E+01
2.87105625000E+06	1.072932E-01	-9.142066E+01
2.87292500000E+06	1.073872E-01	-9.184378E+01
2.87479375000E+06	1.080269E-01	-8.954710E+01
2.87666250000E+06	1.082854E-01	-9.159833E+01
2.87853125000E+06	1.066119E-01	-9.171195E+01
2.88040000000E+06	1.059273E-01	-9.171869E+01
2.88226875000E+06	1.061191E-01	-9.123477E+01
2.88413750000E+06	1.070783E-01	-9.316979E+01
2.88600625000E+06	1.087362E-01	-8.990595E+01
2.88787500000E+06	1.087866E-01	-9.150880E+01
2.88974375000E+06	1.088755E-01	-9.051154E+01
2.89161250000E+06	1.115047E-01	-9.089697E+01
2.89348125000E+06	1.084948E-01	-9.191734E+01
2.89535000000E+06	1.081140E-01	-9.158167E+01
2.89721875000E+06	1.088057E-01	-9.186382E+01
2.89908750000E+06	1.107489E-01	-9.039675E+01
2.90095625000E+06	1.064270E-01	-9.147240E+01
2.90282500000E+06	1.088787E-01	-9.061343E+01
2.90469375000E+06	1.090022E-01	-9.127177E+01
2.90656250000E+06	1.096618E-01	-9.063818E+01
2.90843125000E+06	1.097175E-01	-9.039978E+01
2.91030000000E+06	1.091938E-01	-9.114456E+01
2.91216875000E+06	1.112084E-01	-9.204597E+01
2.91403750000E+06	1.083827E-01	-9.097107E+01
2.91590625000E+06	1.104492E-01	-9.131042E+01
2.91777500000E+06	1.113491E-01	-9.174638E+01
2.91964375000E+06	1.106606E-01	-9.056896E+01
2.92151250000E+06	1.102584E-01	-8.899731E+01
2.92338125000E+06	1.110320E-01	-9.119585E+01
2.92525000000E+06	1.067037E-01	-9.029105E+01
2.92711875000E+06	1.103864E-01	-9.244970E+01
2.92898750000E+06	1.098797E-01	-9.132486E+01
2.93085625000E+06	1.069303E-01	-9.140612E+01
2.93272500000E+06	1.069638E-01	-9.120593E+01
2.93459375000E+06	1.094304E-01	-9.090409E+01
2.93646250000E+06	1.104732E-01	-9.076566E+01
2.93833125000E+06	1.081222E-01	-8.984301E+01
2.94020000000E+06	1.122193E-01	-9.205583E+01
2.94206875000E+06	1.107370E-01	-9.174070E+01
2.94393750000E+06	1.073865E-01	-8.977400E+01
2.94580625000E+06	1.110520E-01	-9.149565E+01
2.94767500000E+06	1.121169E-01	-9.050004E+01
2.94954375000E+06	1.115925E-01	-9.259792E+01
2.95141250000E+06	1.107370E-01	-9.032853E+01
2.95328125000E+06	1.120214E-01	-9.051387E+01
2.95515000000E+06	1.128147E-01	-9.138300E+01
2.95701875000E+06	1.122137E-01	-9.170486E+01
2.95888750000E+06	1.136813E-01	-8.982075E+01
2.96075625000E+06	1.133217E-01	-9.134624E+01
2.96262500000E+06	1.124088E-01	-9.080331E+01
2.96449375000E+06	1.125752E-01	-9.098350E+01
2.96636250000E+06	1.102731E-01	-9.164613E+01
2.96823125000E+06	1.112779E-01	-9.075797E+01
2.97010000000E+06	1.128426E-01	-9.107538E+01
2.97196875000E+06	1.129441E-01	-9.194749E+01
2.97383750000E+06	1.112229E-01	-9.029366E+01
2.97570625000E+06	1.122181E-01	-9.293780E+01
2.97757500000E+06	1.126193E-01	-9.164857E+01
2.97944375000E+06	1.169761E-01	-8.989135E+01
2.98131250000E+06	1.141155E-01	-9.167650E+01
2.98318125000E+06	1.145628E-01	-9.118073E+01
2.98505000000E+06	1.131827E-01	-9.109650E+01
2.98691875000E+06	1.154253E-01	-9.097368E+01
2.98878750000E+06	1.131561E-01	-9.067115E+01
2.99065625000E+06	1.133795E-01	-9.105556E+01
2.99252500000E+06	1.143398E-01	-9.181047E+01
2.99439375000E+06	1.148852E-01	-9.058279E+01
2.99626250000E+06	1.163049E-01	-9.125391E+01
2.99813125000E+06	1.147808E-01	-9.136289E+01
3.00000000000E+06	1.131446E-01	-9.171133E+01
