"E5100A REV3.14"
"DATE: Jun 26 2004"



"CHANNEL: 2"
"MEASURE TYPE: AR"
"FORMAT TYPE: LINMP"
"NUMBER of POINTS: 1601"
"SWEEP TIME:  3.458 s"
"SWEEP TYPE: LINF"
"SOURCE POWER: 0 dBm"
"IF BANDWIDTH: 500 Hz"

"Frequency"	"Main Array"	"Sub Array"
1.00000000000E+04	3.214105E-01	-1.773579E+02
1.18687500000E+04	1.120842E-01	-9.899034E+01
1.37375000000E+04	1.167448E-01	-1.677909E+02
1.56062500000E+04	1.073553E-01	-1.649717E+02
1.74750000000E+04	1.260696E-01	-1.762828E+02
1.93437500000E+04	6.832082E-02	-9.264231E+01
2.12125000000E+04	1.738149E-02	-6.538078E+01
2.30812500000E+04	5.739436E-03	-1.019818E+02
2.49500000000E+04	3.141432E-02	-3.925761E+01
2.68187500000E+04	7.848396E-02	-1.646574E+02
2.86875000000E+04	5.245768E-02	-8.850680E+01
3.05562500000E+04	2.834220E-02	-7.454555E+01
3.24250000000E+04	2.954341E-02	5.522228E+01
3.42937500000E+04	3.600657E-03	5.775742E+00
3.61625000000E+04	1.345253E-02	1.331111E+02
3.80312500000E+04	3.381949E-02	-1.921399E+00
3.99000000000E+04	2.852103E-02	-5.740473E+01
4.17687500000E+04	3.661636E-02	-1.166011E+01
4.36375000000E+04	5.498550E-03	-7.846044E+01
4.55062500000E+04	7.329290E-03	6.832603E+01
4.73750000000E+04	2.161474E-02	-4.854797E+01
4.92437500000E+04	2.636202E-02	-8.365400E+01
5.11125000000E+04	1.649820E-02	7.075475E+01
5.29812500000E+04	1.312913E-02	-8.815485E+01
5.48500000000E+04	2.173802E-02	-2.614722E+01
5.67187500000E+04	1.793535E-02	-7.715861E+00
5.85875000000E+04	4.064615E-03	1.088326E+02
6.04562500000E+04	5.174386E-03	-1.068770E+02
6.23250000000E+04	1.685292E-02	3.907169E+01
6.41937500000E+04	9.597067E-03	1.202371E+01
6.60625000000E+04	8.367011E-03	1.040859E+01
6.79312500000E+04	1.717880E-02	-6.651707E+01
6.98000000000E+04	1.706576E-02	3.537780E+01
7.16687500000E+04	1.490106E-02	9.654522E+00
7.35375000000E+04	7.871629E-03	-3.319353E+01
7.54062500000E+04	1.704287E-02	-2.507643E+01
7.72750000000E+04	1.282200E-02	3.772364E+01
7.91437500000E+04	1.497067E-03	5.462855E+01
8.10125000000E+04	1.372093E-02	9.079292E+01
8.28812500000E+04	1.943679E-02	-1.004159E+01
8.47500000000E+04	1.981458E-03	3.767893E+01
8.66187500000E+04	4.712195E-03	2.703290E+01
8.84875000000E+04	1.514404E-02	-1.831588E+01
9.03562500000E+04	1.452821E-02	1.393880E+02
9.22250000000E+04	1.289132E-02	-8.014581E+01
9.40937500000E+04	1.354205E-02	2.613364E+01
9.59625000000E+04	1.989073E-03	1.616498E+02
9.78312500000E+04	1.088440E-02	-6.739869E+01
9.97000000000E+04	1.064143E-02	7.947154E+01
1.01568750000E+05	8.225323E-03	-5.649874E+01
1.03437500000E+05	4.478011E-03	4.698157E+01
1.05306250000E+05	5.525811E-03	1.071466E+02
1.07175000000E+05	9.704885E-03	-1.374526E+02
1.09043750000E+05	1.481226E-02	-7.711111E+01
1.10912500000E+05	1.147685E-02	1.619041E+02
1.12781250000E+05	2.963951E-03	1.300944E+02
1.14650000000E+05	1.036954E-02	-6.673689E+01
1.16518750000E+05	9.401281E-03	-1.247334E+01
1.18387500000E+05	1.773407E-03	-1.491640E+02
1.20256250000E+05	8.727639E-03	-3.988254E+01
1.22125000000E+05	1.489068E-02	-4.876706E+01
1.23993750000E+05	7.856118E-03	-5.236765E+01
1.25862500000E+05	4.686480E-03	4.520261E+01
1.27731250000E+05	5.517700E-03	9.056213E+01
1.29600000000E+05	8.940348E-03	-2.103589E+01
1.31468750000E+05	1.091804E-02	8.050092E+00
1.33337500000E+05	4.153840E-03	1.004134E+02
1.35206250000E+05	6.337911E-03	-3.439686E+01
1.37075000000E+05	6.899855E-03	-1.382006E+02
1.38943750000E+05	1.859133E-03	-2.271653E+01
1.40812500000E+05	4.258620E-03	-1.262527E+02
1.42681250000E+05	6.135849E-03	-1.245590E+02
1.44550000000E+05	1.163167E-02	4.873676E+01
1.46418750000E+05	1.364660E-02	2.488637E-01
1.48287500000E+05	8.013928E-03	1.114952E+02
1.50156250000E+05	8.683043E-03	-8.516816E+01
1.52025000000E+05	3.232215E-03	1.516982E+02
1.53893750000E+05	1.997733E-03	-4.767412E-01
1.55762500000E+05	5.959977E-04	9.389131E+01
1.57631250000E+05	1.269992E-02	-4.045867E+00
1.59500000000E+05	1.056516E-02	-1.589422E+01
1.61368750000E+05	7.208703E-03	1.009473E+01
1.63237500000E+05	9.140731E-03	1.227423E+01
1.65106250000E+05	6.808337E-03	6.269315E+01
1.66975000000E+05	6.734290E-03	5.901098E+00
1.68843750000E+05	9.893273E-03	-4.844427E+01
1.70712500000E+05	8.997229E-03	-1.594956E+01
1.72581250000E+05	3.654816E-03	6.848633E+01
1.74450000000E+05	2.406309E-03	4.986557E+01
1.76318750000E+05	1.065606E-02	-1.795281E+01
1.78187500000E+05	5.341218E-03	7.900945E+01
1.80056250000E+05	7.182556E-03	1.400853E+01
1.81925000000E+05	9.476486E-03	7.580233E+00
1.83793750000E+05	3.555869E-03	-6.412050E+01
1.85662500000E+05	9.384168E-03	-2.177081E+01
1.87531250000E+05	7.585122E-03	1.795515E+02
1.89400000000E+05	8.040995E-03	-3.525388E+01
1.91268750000E+05	8.028591E-03	6.349578E+00
1.93137500000E+05	6.525242E-03	-9.903474E+01
1.95006250000E+05	5.437633E-03	7.434970E+01
1.96875000000E+05	6.983977E-03	2.754283E+01
1.98743750000E+05	5.866868E-03	3.296859E+01
2.00612500000E+05	8.403076E-03	2.039266E+01
2.02481250000E+05	2.743528E-03	5.341216E+01
2.04350000000E+05	4.031592E-03	-1.783281E+01
2.06218750000E+05	3.944662E-03	-2.264732E+01
2.08087500000E+05	1.423829E-02	1.116576E+01
2.09956250000E+05	6.709150E-03	-1.192777E+00
2.11825000000E+05	8.594294E-03	3.762838E+01
2.13693750000E+05	6.031889E-03	-9.658498E-01
2.15562500000E+05	3.645048E-03	2.949211E+00
2.17431250000E+05	5.024578E-03	-2.688195E+01
2.19300000000E+05	7.998721E-03	5.501719E+01
2.21168750000E+05	2.712160E-03	-1.290757E+00
2.23037500000E+05	6.623681E-03	6.787519E+00
2.24906250000E+05	3.086582E-03	-1.194719E+02
2.26775000000E+05	3.758670E-03	-9.587855E+01
2.28643750000E+05	1.309095E-02	2.685573E+01
2.30512500000E+05	5.479396E-03	-8.257414E+00
2.32381250000E+05	4.383640E-03	2.551057E+01
2.34250000000E+05	4.421553E-03	4.360456E+01
2.36118750000E+05	4.904402E-03	-4.825253E+01
2.37987500000E+05	5.604656E-03	-4.517135E+01
2.39856250000E+05	1.078207E-02	-4.339144E+00
2.41725000000E+05	3.036197E-03	4.193554E+01
2.43593750000E+05	9.242222E-03	3.969679E+01
2.45462500000E+05	1.889810E-03	8.029778E+01
2.47331250000E+05	3.254091E-03	-1.368820E-01
2.49200000000E+05	3.701613E-03	6.050763E+01
2.51068750000E+05	1.574106E-03	2.894518E+01
2.52937500000E+05	5.812303E-03	-4.647039E+01
2.54806250000E+05	2.234528E-03	4.443772E+01
2.56675000000E+05	5.235835E-03	6.441457E+01
2.58543750000E+05	4.206301E-03	4.024143E+01
2.60412500000E+05	7.454443E-03	-2.517221E-01
2.62281250000E+05	4.503839E-03	-3.842890E+01
2.64150000000E+05	3.853880E-03	-1.890844E+01
2.66018750000E+05	5.782008E-03	2.262958E+00
2.67887500000E+05	6.498754E-03	-2.255799E+01
2.69756250000E+05	5.295231E-03	2.767553E+01
2.71625000000E+05	2.273527E-03	-2.775911E+01
2.73493750000E+05	7.620412E-03	-2.028021E+01
2.75362500000E+05	3.125289E-03	7.797321E+01
2.77231250000E+05	1.065173E-03	5.099889E+01
2.79100000000E+05	6.078627E-03	3.484988E+01
2.80968750000E+05	6.919848E-03	-7.169415E+01
2.82837500000E+05	4.856816E-03	7.138543E+01
2.84706250000E+05	5.933825E-03	-3.029959E+01
2.86575000000E+05	4.427013E-03	1.150509E+02
2.88443750000E+05	9.721094E-03	-2.719148E+01
2.90312500000E+05	8.728129E-03	-9.753831E+01
2.92181250000E+05	2.420147E-03	9.028896E+00
2.94050000000E+05	5.055985E-03	1.001193E+01
2.95918750000E+05	2.678593E-03	3.799276E+01
2.97787500000E+05	7.930099E-03	-5.379012E+01
2.99656250000E+05	2.814811E-03	3.818361E+01
3.01525000000E+05	5.473839E-03	-2.019107E+01
3.03393750000E+05	9.656451E-03	3.520542E+01
3.05262500000E+05	3.240030E-03	-2.800312E+00
3.07131250000E+05	3.920853E-03	-2.066045E+01
3.09000000000E+05	1.147021E-02	1.876777E+00
3.10868750000E+05	2.609191E-03	4.897860E+01
3.12737500000E+05	6.797641E-03	-1.333406E+00
3.14606250000E+05	7.219546E-03	6.068663E+01
3.16475000000E+05	6.566112E-03	5.600834E+01
3.18343750000E+05	6.341135E-03	-3.215200E+01
3.20212500000E+05	3.808771E-03	-3.743337E+01
3.22081250000E+05	9.515167E-03	-1.351675E+01
3.23950000000E+05	5.558618E-03	-2.700577E+01
3.25818750000E+05	3.228050E-03	9.713693E+01
3.27687500000E+05	4.069819E-03	-1.464052E+02
3.29556250000E+05	4.618672E-03	-5.417496E+01
3.31425000000E+05	7.328428E-03	-8.358942E+00
3.33293750000E+05	7.603343E-03	-5.362824E+00
3.35162500000E+05	6.138286E-03	1.185279E+01
3.37031250000E+05	1.118501E-03	8.033802E+01
3.38900000000E+05	3.745307E-03	-3.910278E+01
3.40768750000E+05	4.832652E-03	1.369767E+01
3.42637500000E+05	4.825331E-03	-4.015379E+01
3.44506250000E+05	4.712197E-03	-6.773071E+01
3.46375000000E+05	4.026490E-03	-4.557115E+01
3.48243750000E+05	4.957255E-03	-1.731524E+01
3.50112500000E+05	8.883170E-03	1.802554E+01
3.51981250000E+05	5.302277E-03	-4.518155E+01
3.53850000000E+05	4.093680E-03	-9.360495E+00
3.55718750000E+05	4.920526E-03	1.537374E+01
3.57587500000E+05	5.888665E-03	5.955933E+00
3.59456250000E+05	5.164355E-03	-1.295421E+02
3.61325000000E+05	4.896380E-03	3.124991E+01
3.63193750000E+05	1.177959E-03	-1.471113E+02
3.65062500000E+05	6.490487E-03	-3.358894E+01
3.66931250000E+05	6.674149E-03	-3.081534E+01
3.68800000000E+05	3.195428E-03	1.547155E+01
3.70668750000E+05	1.466578E-03	-5.369604E+01
3.72537500000E+05	5.249954E-03	-3.941004E+01
3.74406250000E+05	2.148777E-03	-4.530336E+01
3.76275000000E+05	4.360480E-03	1.575177E+01
3.78143750000E+05	6.992360E-03	-2.155779E+01
3.80012500000E+05	3.192407E-03	-4.015314E+01
3.81881250000E+05	1.810719E-03	1.425397E+02
3.83750000000E+05	4.423546E-03	-9.713795E+01
3.85618750000E+05	6.716308E-03	-6.656709E+01
3.87487500000E+05	8.911121E-03	3.476819E+01
3.89356250000E+05	5.794691E-03	-6.436679E+01
3.91225000000E+05	5.858785E-03	-2.403813E+01
3.93093750000E+05	5.379799E-03	1.382873E+00
3.94962500000E+05	5.975441E-03	-1.087594E+02
3.96831250000E+05	9.664817E-03	-2.646704E+01
3.98700000000E+05	2.679195E-03	1.111541E+02
4.00568750000E+05	6.534700E-03	-3.229014E+01
4.02437500000E+05	2.959502E-03	3.519069E+01
4.04306250000E+05	5.705213E-03	-2.558976E+01
4.06175000000E+05	4.816249E-03	1.111733E+01
4.08043750000E+05	5.077865E-03	-3.207358E+01
4.09912500000E+05	2.113591E-03	6.381673E+01
4.11781250000E+05	8.788825E-03	2.428612E+00
4.13650000000E+05	1.182186E-03	-9.752762E+00
4.15518750000E+05	6.509868E-03	-3.184063E+01
4.17387500000E+05	5.941923E-03	-6.048217E+01
4.19256250000E+05	4.125705E-03	-2.772024E+01
4.21125000000E+05	6.399672E-04	-1.559525E+02
4.22993750000E+05	3.278051E-03	-4.807961E+01
4.24862500000E+05	9.273540E-04	2.732873E+00
4.26731250000E+05	3.378852E-03	-1.035274E+02
4.28600000000E+05	4.653648E-03	-5.415861E+00
4.30468750000E+05	5.525758E-03	-1.800005E+01
4.32337500000E+05	4.473182E-03	5.017477E+01
4.34206250000E+05	9.680872E-04	9.892871E+00
4.36075000000E+05	6.668917E-03	-5.938503E+00
4.37943750000E+05	2.831300E-03	-6.442370E+01
4.39812500000E+05	4.731418E-03	2.382388E-01
4.41681250000E+05	6.600463E-03	-6.795750E+01
4.43550000000E+05	2.439950E-03	6.431085E+01
4.45418750000E+05	1.028484E-03	1.234251E+02
4.47287500000E+05	5.357224E-03	1.662328E+00
4.49156250000E+05	3.766287E-03	-1.194453E+01
4.51025000000E+05	5.141999E-03	1.476498E+01
4.52893750000E+05	3.967229E-03	7.996476E+00
4.54762500000E+05	3.587543E-03	-5.026922E+01
4.56631250000E+05	4.864448E-03	-7.816068E+01
4.58500000000E+05	4.727477E-03	7.964118E+00
4.60368750000E+05	3.106677E-03	-1.644638E+02
4.62237500000E+05	3.028161E-03	-3.108442E+01
4.64106250000E+05	4.628480E-03	-5.214561E+01
4.65975000000E+05	6.534982E-04	-2.362923E+01
4.67843750000E+05	5.584662E-03	-4.621056E+01
4.69712500000E+05	6.485662E-03	-7.400346E+01
4.71581250000E+05	2.856363E-03	-3.317575E+00
4.73450000000E+05	3.074190E-03	-4.842586E+01
4.75318750000E+05	2.752910E-03	-1.444133E+02
4.77187500000E+05	4.004068E-03	-3.499373E+01
4.79056250000E+05	4.228913E-03	2.451641E+00
4.80925000000E+05	2.105947E-03	-5.636587E+00
4.82793750000E+05	4.596109E-03	2.868639E+01
4.84662500000E+05	2.581356E-03	3.307765E+01
4.86531250000E+05	7.814529E-03	-7.493882E+01
4.88400000000E+05	6.183019E-03	-9.021784E+01
4.90268750000E+05	1.756648E-03	5.203356E+01
4.92137500000E+05	2.413697E-03	-8.486751E+01
4.94006250000E+05	8.689757E-04	-7.846349E+01
4.95875000000E+05	3.481888E-03	-5.407251E+01
4.97743750000E+05	4.382942E-03	-3.498750E+01
4.99612500000E+05	3.143118E-03	-4.256881E+01
5.01481250000E+05	6.379477E-03	-1.977892E+01
5.03350000000E+05	7.032344E-03	-4.833815E+01
5.05218750000E+05	4.066099E-03	-3.258566E+01
5.07087500000E+05	8.097491E-04	-4.421067E+01
5.08956250000E+05	3.298044E-03	-8.883880E+01
5.10825000000E+05	3.442058E-03	1.760812E+01
5.12693750000E+05	1.583891E-03	-3.577107E+01
5.14562500000E+05	6.451857E-03	-5.806176E+01
5.16431250000E+05	3.918376E-03	2.740339E+01
5.18300000000E+05	1.703460E-03	-3.901229E+01
5.20168750000E+05	5.652988E-03	-6.161335E+01
5.22037500000E+05	3.647379E-03	-6.683095E+01
5.23906250000E+05	9.794238E-04	-1.435083E+02
5.25775000000E+05	1.195556E-03	-7.488029E+01
5.27643750000E+05	3.795574E-03	-6.135625E+00
5.29512500000E+05	9.660704E-03	-4.864055E+01
5.31381250000E+05	1.384728E-03	-8.763333E+01
5.33250000000E+05	7.053940E-03	-5.164029E+01
5.35118750000E+05	5.654487E-03	-5.910010E+01
5.36987500000E+05	2.665296E-03	-8.147111E+01
5.38856250000E+05	5.889938E-03	-1.686686E+01
5.40725000000E+05	3.921027E-03	-4.355213E+01
5.42593750000E+05	4.891140E-03	-3.447888E+01
5.44462500000E+05	2.190755E-03	1.828092E+01
5.46331250000E+05	2.715350E-03	-4.520995E+01
5.48200000000E+05	3.464950E-03	-8.701689E+01
5.50068750000E+05	4.434395E-03	-5.204972E+01
5.51937500000E+05	5.344478E-03	-5.265370E+00
5.53806250000E+05	1.279550E-03	1.732122E+02
5.55675000000E+05	5.470740E-03	-1.978132E+01
5.57543750000E+05	3.902774E-03	8.140844E+00
5.59412500000E+05	4.072252E-03	-7.665009E+01
5.61281250000E+05	7.195252E-03	-5.963836E+01
5.63150000000E+05	5.540478E-03	-2.296260E+01
5.65018750000E+05	5.817199E-03	-1.055137E+02
5.66887500000E+05	1.260063E-03	-1.381402E+01
5.68756250000E+05	1.481582E-03	-5.058179E+01
5.70625000000E+05	7.120852E-03	-4.481321E+01
5.72493750000E+05	2.495901E-03	-5.600840E+01
5.74362500000E+05	8.436330E-04	-1.102263E+02
5.76231250000E+05	3.429595E-03	-5.637768E+01
5.78100000000E+05	6.022976E-03	-5.862256E+01
5.79968750000E+05	7.274017E-03	-4.591958E+01
5.81837500000E+05	2.391831E-03	-9.411325E+01
5.83706250000E+05	3.684826E-03	-8.917050E+01
5.85575000000E+05	9.120104E-04	-4.430653E+01
5.87443750000E+05	8.842709E-04	-3.819678E+00
5.89312500000E+05	5.647431E-03	-2.305700E+01
5.91181250000E+05	3.027637E-03	-5.612656E+01
5.93050000000E+05	3.311938E-03	2.080503E+01
5.94918750000E+05	4.851321E-03	-6.695837E+01
5.96787500000E+05	6.525660E-03	-7.516061E+01
5.98656250000E+05	4.903798E-03	-7.667907E+01
6.00525000000E+05	4.621460E-03	-5.849274E+01
6.02393750000E+05	5.804753E-03	-3.435227E+01
6.04262500000E+05	5.780511E-03	-7.813763E+01
6.06131250000E+05	3.659239E-03	7.147013E+00
6.08000000000E+05	3.302026E-03	-1.196402E+02
6.09868750000E+05	2.101641E-03	-9.372116E+01
6.11737500000E+05	3.315819E-03	8.877211E+00
6.13606250000E+05	6.514253E-03	-4.633146E+01
6.15475000000E+05	3.799262E-03	-6.688737E+01
6.17343750000E+05	6.050188E-03	1.406309E+01
6.19212500000E+05	9.896326E-04	-1.326173E+02
6.21081250000E+05	4.626446E-03	-1.026966E+02
6.22950000000E+05	6.587884E-03	-5.394852E+01
6.24818750000E+05	4.035383E-03	-7.127146E+01
6.26687500000E+05	3.034000E-03	-2.716747E+01
6.28556250000E+05	2.436306E-03	-1.024436E+00
6.30425000000E+05	1.977067E-03	2.674566E+01
6.32293750000E+05	7.066548E-03	-5.148378E+01
6.34162500000E+05	4.117771E-03	-3.049159E+01
6.36031250000E+05	6.642956E-03	-4.149591E+01
6.37900000000E+05	7.273415E-03	-9.809648E+00
6.39768750000E+05	2.040022E-03	-1.072854E+00
6.41637500000E+05	6.351122E-03	-4.163803E+01
6.43506250000E+05	4.431111E-03	-6.084387E+01
6.45375000000E+05	5.151581E-03	-6.833086E+01
6.47243750000E+05	4.820128E-03	-6.775483E+01
6.49112500000E+05	3.177546E-03	-5.272897E+01
6.50981250000E+05	5.227566E-03	-2.182247E+01
6.52850000000E+05	6.951487E-03	-8.971381E+01
6.54718750000E+05	8.929349E-04	-7.781735E+01
6.56587500000E+05	2.457293E-03	8.581464E+00
6.58456250000E+05	2.900583E-03	-1.020990E+02
6.60325000000E+05	3.741026E-03	-4.252960E+01
6.62193750000E+05	2.920261E-03	-2.047530E+01
6.64062500000E+05	3.388062E-03	-4.088226E+00
6.65931250000E+05	3.471481E-03	-8.899284E+01
6.67800000000E+05	2.883967E-03	-1.057354E+02
6.69668750000E+05	1.319226E-05	-5.735947E+01
6.71537500000E+05	4.166094E-03	-3.059571E+01
6.73406250000E+05	5.129532E-03	-9.821761E+01
6.75275000000E+05	1.582463E-03	-1.821826E+01
6.77143750000E+05	4.805638E-03	-2.378437E+01
6.79012500000E+05	2.876232E-03	-8.600500E-01
6.80881250000E+05	3.566413E-03	-1.165880E+02
6.82750000000E+05	2.678992E-03	-1.152218E+02
6.84618750000E+05	5.211568E-03	-8.853532E+01
6.86487500000E+05	1.878837E-03	-3.551544E+01
6.88356250000E+05	6.595863E-03	-7.881198E+01
6.90225000000E+05	6.473421E-03	-6.813679E+01
6.92093750000E+05	2.307233E-03	-7.051322E+01
6.93962500000E+05	3.288136E-03	-1.000263E+02
6.95831250000E+05	3.170311E-03	-7.189869E+01
6.97700000000E+05	3.923268E-03	-1.292294E+02
6.99568750000E+05	7.468021E-03	-8.768227E+01
7.01437500000E+05	7.395953E-03	-4.790053E+01
7.03306250000E+05	4.351424E-03	-5.170775E+01
7.05175000000E+05	4.274924E-03	-3.016348E+01
7.07043750000E+05	2.000475E-03	-9.076737E+01
7.08912500000E+05	2.351882E-03	-1.186988E+02
7.10781250000E+05	5.297208E-03	-9.814947E+01
7.12650000000E+05	3.357790E-03	-1.240938E+02
7.14518750000E+05	4.715849E-03	-5.840047E+01
7.16387500000E+05	3.168311E-03	-5.380837E+01
7.18256250000E+05	4.879352E-03	-3.323683E+01
7.20125000000E+05	4.789337E-03	-7.446751E+01
7.21993750000E+05	5.336347E-03	-6.498657E+01
7.23862500000E+05	2.972879E-03	-1.205517E+02
7.25731250000E+05	4.212708E-03	-1.112801E+02
7.27600000000E+05	1.890568E-03	1.023629E+01
7.29468750000E+05	4.596020E-03	-4.405523E+01
7.31337500000E+05	4.801723E-03	-6.191045E+01
7.33206250000E+05	5.427199E-03	-8.974876E+01
7.35075000000E+05	3.964558E-03	-7.120303E+01
7.36943750000E+05	5.731773E-03	-7.972079E+01
7.38812500000E+05	2.306689E-03	-5.215565E+01
7.40681250000E+05	8.857108E-03	-6.832416E+01
7.42550000000E+05	4.581614E-03	-9.967879E+01
7.44418750000E+05	6.189234E-03	-7.792502E+01
7.46287500000E+05	2.795860E-03	-4.002217E+01
7.48156250000E+05	5.885890E-03	-6.975650E+01
7.50025000000E+05	2.605200E-03	-8.654418E+01
7.51893750000E+05	5.688277E-03	-6.435641E+01
7.53762500000E+05	5.990453E-03	-4.175716E+01
7.55631250000E+05	6.601971E-03	-8.195912E+01
7.57500000000E+05	3.065491E-03	-7.410931E+01
7.59368750000E+05	2.442026E-03	-9.932776E+01
7.61237500000E+05	4.879194E-03	-2.088100E+01
7.63106250000E+05	6.970726E-03	-4.334207E+01
7.64975000000E+05	5.194136E-03	-7.742519E+01
7.66843750000E+05	7.599021E-03	-9.726550E+01
7.68712500000E+05	5.206527E-03	-8.520773E+01
7.70581250000E+05	3.874362E-03	-6.285254E+01
7.72450000000E+05	5.096269E-03	-8.396020E+01
7.74318750000E+05	5.057165E-03	-9.141567E+01
7.76187500000E+05	3.733671E-03	-3.304969E+01
7.78056250000E+05	5.235006E-03	-7.968313E+01
7.79925000000E+05	4.627367E-03	-9.238973E+01
7.81793750000E+05	4.994849E-03	-7.151499E+01
7.83662500000E+05	3.570551E-03	-3.752488E+01
7.85531250000E+05	4.747050E-03	-4.973458E+01
7.87400000000E+05	6.480473E-03	-6.309934E+01
7.89268750000E+05	3.039453E-03	-6.586471E+01
7.91137500000E+05	3.971020E-03	-7.681035E+01
7.93006250000E+05	3.364407E-03	-3.953149E+01
7.94875000000E+05	3.876539E-03	-8.833182E+01
7.96743750000E+05	5.014199E-03	-1.015691E+02
7.98612500000E+05	4.687257E-03	-1.214463E+02
8.00481250000E+05	5.749622E-03	-7.376012E+01
8.02350000000E+05	3.435024E-03	-5.441632E+01
8.04218750000E+05	6.981481E-03	-7.401797E+01
8.06087500000E+05	3.972968E-03	-5.301392E+01
8.07956250000E+05	6.190330E-03	-5.200155E+01
8.09825000000E+05	4.659777E-03	-6.660421E+01
8.11693750000E+05	3.740573E-03	-7.235493E+01
8.13562500000E+05	2.575880E-03	-5.458780E+01
8.15431250000E+05	7.256323E-03	-7.469353E+01
8.17300000000E+05	5.567376E-03	7.713483E+00
8.19168750000E+05	7.432196E-03	-5.067150E+01
8.21037500000E+05	4.221449E-03	-7.974464E+01
8.22906250000E+05	7.089156E-03	-6.651440E+01
8.24775000000E+05	7.537643E-03	-7.051019E+01
8.26643750000E+05	3.739366E-03	-7.992831E+01
8.28512500000E+05	6.513324E-03	-5.767908E+01
8.30381250000E+05	3.789428E-03	-5.877868E+01
8.32250000000E+05	3.837512E-03	-6.777525E+01
8.34118750000E+05	5.064538E-03	-4.244325E+01
8.35987500000E+05	2.501972E-03	-8.595546E+01
8.37856250000E+05	5.527693E-03	-5.147014E+01
8.39725000000E+05	3.836759E-03	-7.304147E+01
8.41593750000E+05	5.798168E-03	-5.329904E+01
8.43462500000E+05	2.858139E-03	-5.205445E+01
8.45331250000E+05	7.564180E-03	-8.133607E+01
8.47200000000E+05	5.516152E-03	-6.839960E+01
8.49068750000E+05	6.002880E-03	-9.715479E+01
8.50937500000E+05	5.777561E-03	-6.118981E+01
8.52806250000E+05	4.465425E-03	-7.212727E+01
8.54675000000E+05	6.860558E-03	-9.519519E+01
8.56543750000E+05	7.205984E-03	-5.704520E+01
8.58412500000E+05	6.252025E-03	-6.766537E+01
8.60281250000E+05	4.504377E-03	-5.833744E+01
8.62150000000E+05	4.133245E-03	-7.901572E+01
8.64018750000E+05	5.757367E-03	-5.643256E+01
8.65887500000E+05	3.852022E-03	-6.056488E+01
8.67756250000E+05	7.583777E-03	-8.259043E+01
8.69625000000E+05	6.262283E-03	-7.492311E+01
8.71493750000E+05	5.553305E-03	-7.703201E+01
8.73362500000E+05	2.244108E-03	-8.370590E+01
8.75231250000E+05	4.497727E-03	-6.925117E+01
8.77100000000E+05	7.519645E-03	-6.943970E+01
8.78968750000E+05	9.177750E-03	-7.060194E+01
8.80837500000E+05	6.642550E-03	-8.242401E+01
8.82706250000E+05	6.089485E-03	-9.359504E+01
8.84575000000E+05	7.932984E-03	-8.644987E+01
8.86443750000E+05	5.884822E-03	-8.724380E+01
8.88312500000E+05	3.486504E-03	-9.455882E+01
8.90181250000E+05	7.201954E-03	-7.308881E+01
8.92050000000E+05	3.709663E-03	-1.078123E+02
8.93918750000E+05	4.804834E-03	-8.694395E+01
8.95787500000E+05	5.825277E-03	-7.298927E+01
8.97656250000E+05	5.295801E-03	-6.081483E+01
8.99525000000E+05	5.439821E-03	-9.886251E+01
9.01393750000E+05	2.971622E-03	-9.130806E+01
9.03262500000E+05	4.680645E-03	-7.457623E+01
9.05131250000E+05	6.254495E-03	-9.976151E+01
9.07000000000E+05	4.873189E-03	-9.913435E+01
9.08868750000E+05	4.568766E-03	-8.472831E+01
9.10737500000E+05	7.709236E-03	-8.785343E+01
9.12606250000E+05	6.673672E-03	-8.584743E+01
9.14475000000E+05	7.755151E-03	-8.309165E+01
9.16343750000E+05	7.683184E-03	-7.615688E+01
9.18212500000E+05	8.396781E-03	-9.159679E+01
9.20081250000E+05	5.286500E-03	-8.058438E+01
9.21950000000E+05	5.576217E-03	-1.140023E+02
9.23818750000E+05	6.943504E-03	-8.719732E+01
9.25687500000E+05	7.882902E-03	-5.704557E+01
9.27556250000E+05	6.848738E-03	-9.747214E+01
9.29425000000E+05	5.349461E-03	-8.858191E+01
9.31293750000E+05	4.647943E-03	-7.387464E+01
9.33162500000E+05	7.532754E-03	-6.416339E+01
9.35031250000E+05	7.944328E-03	-1.168970E+02
9.36900000000E+05	6.018788E-03	-7.693517E+01
9.38768750000E+05	4.631540E-03	-6.568964E+01
9.40637500000E+05	5.541710E-03	-1.065212E+02
9.42506250000E+05	5.930873E-03	-8.786562E+01
9.44375000000E+05	3.885637E-03	-6.177070E+01
9.46243750000E+05	7.078563E-03	-7.683847E+01
9.48112500000E+05	6.789987E-03	-9.830521E+01
9.49981250000E+05	4.749184E-03	-1.296536E+02
9.51850000000E+05	4.690777E-03	-7.190959E+01
9.53718750000E+05	5.151379E-03	-9.079667E+01
9.55587500000E+05	8.014686E-03	-8.740970E+01
9.57456250000E+05	2.711371E-03	-9.899046E+01
9.59325000000E+05	3.910539E-03	-9.434564E+01
9.61193750000E+05	6.966551E-03	-5.887040E+01
9.63062500000E+05	8.058540E-03	-6.884695E+01
9.64931250000E+05	7.607829E-03	-7.985081E+01
9.66800000000E+05	7.535303E-03	-6.631641E+01
9.68668750000E+05	7.853319E-03	-8.159212E+01
9.70537500000E+05	4.375339E-03	-3.401169E+01
9.72406250000E+05	6.069257E-03	-8.829038E+01
9.74275000000E+05	2.449951E-03	-1.270784E+02
9.76143750000E+05	6.313295E-03	-1.006072E+02
9.78012500000E+05	6.510846E-03	-6.413398E+01
9.79881250000E+05	6.680056E-03	-7.502746E+01
9.81750000000E+05	6.044180E-03	-8.477942E+01
9.83618750000E+05	9.715226E-03	-9.327433E+01
9.85487500000E+05	3.982503E-03	-1.101753E+02
9.87356250000E+05	5.525360E-03	-1.042371E+02
9.89225000000E+05	5.783194E-03	-6.646303E+01
9.91093750000E+05	6.405462E-03	-6.098759E+01
9.92962500000E+05	4.682095E-03	-1.205257E+02
9.94831250000E+05	5.923163E-03	-9.257491E+01
9.96700000000E+05	5.740415E-03	-9.704160E+01
9.98568750000E+05	5.416445E-03	-1.011590E+02
1.00043750000E+06	2.492613E-03	-5.903339E+01
1.00230625000E+06	7.016803E-03	-6.563499E+01
1.00417500000E+06	6.987086E-03	-9.966771E+01
1.00604375000E+06	7.258667E-03	-9.311980E+01
1.00791250000E+06	6.713005E-03	-9.465451E+01
1.00978125000E+06	7.555251E-03	-6.549479E+01
1.01165000000E+06	8.295783E-03	-8.268456E+01
1.01351875000E+06	4.156800E-03	-3.613757E+01
1.01538750000E+06	3.055217E-03	-7.928322E+01
1.01725625000E+06	4.859712E-03	-8.037223E+01
1.01912500000E+06	6.857587E-03	-8.055025E+01
1.02099375000E+06	7.044433E-03	-6.720428E+01
1.02286250000E+06	7.940196E-03	-7.926979E+01
1.02473125000E+06	5.834263E-03	-1.048724E+02
1.02660000000E+06	9.180182E-03	-9.679916E+01
1.02846875000E+06	7.884515E-03	-8.075367E+01
1.03033750000E+06	9.878931E-03	-1.070349E+02
1.03220625000E+06	6.161622E-03	-8.974779E+01
1.03407500000E+06	3.915672E-03	-1.041559E+02
1.03594375000E+06	9.030269E-03	-1.069245E+02
1.03781250000E+06	8.084550E-03	-8.376787E+01
1.03968125000E+06	6.567481E-03	-7.346583E+01
1.04155000000E+06	7.441946E-03	-7.885375E+01
1.04341875000E+06	7.120398E-03	-5.184429E+01
1.04528750000E+06	7.623137E-03	-8.581480E+01
1.04715625000E+06	5.369072E-03	-9.652564E+01
1.04902500000E+06	7.956287E-03	-8.299900E+01
1.05089375000E+06	5.471718E-03	-8.113235E+01
1.05276250000E+06	6.934842E-03	-6.764258E+01
1.05463125000E+06	8.289455E-03	-6.765565E+01
1.05650000000E+06	8.430164E-03	-1.144311E+02
1.05836875000E+06	8.479619E-03	-6.745599E+01
1.06023750000E+06	5.665197E-03	-1.019443E+02
1.06210625000E+06	6.616206E-03	-1.206755E+02
1.06397500000E+06	7.717721E-03	-7.925015E+01
1.06584375000E+06	4.921495E-03	-5.977192E+01
1.06771250000E+06	6.408839E-03	-7.280804E+01
1.06958125000E+06	9.237324E-03	-8.398003E+01
1.07145000000E+06	7.457265E-03	-1.158705E+02
1.07331875000E+06	6.075670E-03	-7.132053E+01
1.07518750000E+06	8.544911E-03	-8.189006E+01
1.07705625000E+06	9.728016E-03	-8.847418E+01
1.07892500000E+06	7.594848E-03	-9.527800E+01
1.08079375000E+06	5.300174E-03	-1.109908E+02
1.08266250000E+06	1.015462E-02	-7.065411E+01
1.08453125000E+06	8.085047E-03	-7.450941E+01
1.08640000000E+06	5.808965E-03	-7.285783E+01
1.08826875000E+06	8.134432E-03	-6.428888E+01
1.09013750000E+06	7.551221E-03	-7.997740E+01
1.09200625000E+06	7.409971E-03	-8.530267E+01
1.09387500000E+06	4.833754E-03	-7.669630E+01
1.09574375000E+06	8.388324E-03	-9.909163E+01
1.09761250000E+06	8.245053E-03	-8.902920E+01
1.09948125000E+06	4.319948E-03	-7.853164E+01
1.10135000000E+06	5.219635E-03	-1.037639E+02
1.10321875000E+06	1.016893E-02	-9.450192E+01
1.10508750000E+06	7.042942E-03	-7.988969E+01
1.10695625000E+06	4.834034E-03	-1.012945E+02
1.10882500000E+06	8.841246E-03	-9.963131E+01
1.11069375000E+06	5.998506E-03	-8.213916E+01
1.11256250000E+06	6.437902E-03	-1.054500E+02
1.11443125000E+06	1.086646E-02	-8.253477E+01
1.11630000000E+06	4.121090E-03	-8.784224E+01
1.11816875000E+06	8.029873E-03	-9.102428E+01
1.12003750000E+06	6.467280E-03	-8.551260E+01
1.12190625000E+06	8.127093E-03	-9.405502E+01
1.12377500000E+06	8.816437E-03	-9.701508E+01
1.12564375000E+06	1.070482E-02	-8.318488E+01
1.12751250000E+06	5.808019E-03	-1.103807E+02
1.12938125000E+06	9.380011E-03	-8.843278E+01
1.13125000000E+06	4.713512E-03	-1.020953E+02
1.13311875000E+06	7.503865E-03	-9.127086E+01
1.13498750000E+06	1.007299E-02	-9.685789E+01
1.13685625000E+06	5.731400E-03	-9.683972E+01
1.13872500000E+06	8.554062E-03	-7.296583E+01
1.14059375000E+06	5.980830E-03	-7.558971E+01
1.14246250000E+06	8.874682E-03	-8.329349E+01
1.14433125000E+06	5.796257E-03	-1.194726E+02
1.14620000000E+06	9.698745E-03	-7.848070E+01
1.14806875000E+06	7.102104E-03	-8.872807E+01
1.14993750000E+06	7.979230E-03	-7.135724E+01
1.15180625000E+06	8.929177E-03	-8.115545E+01
1.15367500000E+06	9.072913E-03	-7.646140E+01
1.15554375000E+06	5.677041E-03	-1.026724E+02
1.15741250000E+06	3.838558E-03	-1.022048E+02
1.15928125000E+06	9.270638E-03	-9.584834E+01
1.16115000000E+06	8.645548E-03	-8.007136E+01
1.16301875000E+06	8.130438E-03	-8.751665E+01
1.16488750000E+06	8.783195E-03	-9.340994E+01
1.16675625000E+06	7.296637E-03	-8.039083E+01
1.16862500000E+06	9.531088E-03	-1.025091E+02
1.17049375000E+06	7.582018E-03	-7.689780E+01
1.17236250000E+06	9.529799E-03	-9.450381E+01
1.17423125000E+06	9.070225E-03	-1.056020E+02
1.17610000000E+06	7.734908E-03	-7.922039E+01
1.17796875000E+06	1.091228E-02	-7.708159E+01
1.17983750000E+06	5.466423E-03	-8.857049E+01
1.18170625000E+06	7.549666E-03	-1.124729E+02
1.18357500000E+06	1.048878E-02	-9.228434E+01
1.18544375000E+06	7.316297E-03	-8.351350E+01
1.18731250000E+06	5.079237E-03	-1.040733E+02
1.18918125000E+06	7.771800E-03	-8.525262E+01
1.19105000000E+06	6.243047E-03	-8.660267E+01
1.19291875000E+06	6.821076E-03	-1.187201E+02
1.19478750000E+06	9.716357E-03	-8.103151E+01
1.19665625000E+06	8.101694E-03	-8.848473E+01
1.19852500000E+06	1.051239E-02	-9.789800E+01
1.20039375000E+06	9.619005E-03	-1.109459E+02
1.20226250000E+06	8.922815E-03	-8.262576E+01
1.20413125000E+06	8.451306E-03	-8.782265E+01
1.20600000000E+06	8.064394E-03	-9.035397E+01
1.20786875000E+06	9.428195E-03	-6.666678E+01
1.20973750000E+06	4.433617E-03	-8.273612E+01
1.21160625000E+06	9.968420E-03	-8.222451E+01
1.21347500000E+06	8.099983E-03	-8.476369E+01
1.21534375000E+06	8.672943E-03	-1.169221E+02
1.21721250000E+06	6.880695E-03	-7.503603E+01
1.21908125000E+06	8.648227E-03	-8.804028E+01
1.22095000000E+06	4.168849E-03	-1.041221E+02
1.22281875000E+06	5.353532E-03	-8.825191E+01
1.22468750000E+06	1.003794E-02	-7.140990E+01
1.22655625000E+06	8.807990E-03	-1.003569E+02
1.22842500000E+06	5.631032E-03	-9.360549E+01
1.23029375000E+06	7.835479E-03	-8.256610E+01
1.23216250000E+06	9.202278E-03	-9.037241E+01
1.23403125000E+06	8.376054E-03	-7.775423E+01
1.23590000000E+06	9.865149E-03	-9.030571E+01
1.23776875000E+06	1.040880E-02	-9.697803E+01
1.23963750000E+06	1.157955E-02	-8.568835E+01
1.24150625000E+06	9.572101E-03	-8.198172E+01
1.24337500000E+06	1.064270E-02	-7.261248E+01
1.24524375000E+06	8.939410E-03	-9.698676E+01
1.24711250000E+06	1.111289E-02	-8.569266E+01
1.24898125000E+06	8.733328E-03	-7.410383E+01
1.25085000000E+06	9.333809E-03	-8.711334E+01
1.25271875000E+06	7.468772E-03	-8.820286E+01
1.25458750000E+06	1.027421E-02	-1.011031E+02
1.25645625000E+06	9.437164E-03	-8.922746E+01
1.25832500000E+06	9.203835E-03	-1.023638E+02
1.26019375000E+06	8.176000E-03	-7.979591E+01
1.26206250000E+06	9.745010E-03	-7.298634E+01
1.26393125000E+06	1.110041E-02	-8.694705E+01
1.26580000000E+06	8.095067E-03	-1.123837E+02
1.26766875000E+06	1.202658E-02	-8.885881E+01
1.26953750000E+06	9.154827E-03	-1.170232E+02
1.27140625000E+06	1.406820E-02	-9.045648E+01
1.27327500000E+06	9.118133E-03	-9.204679E+01
1.27514375000E+06	9.558851E-03	-9.419000E+01
1.27701250000E+06	9.012359E-03	-8.494675E+01
1.27888125000E+06	9.553213E-03	-9.801132E+01
1.28075000000E+06	1.046089E-02	-8.921782E+01
1.28261875000E+06	8.900188E-03	-8.310114E+01
1.28448750000E+06	9.712541E-03	-8.716502E+01
1.28635625000E+06	8.755905E-03	-9.080603E+01
1.28822500000E+06	8.978441E-03	-8.546728E+01
1.29009375000E+06	5.739339E-03	-7.724274E+01
1.29196250000E+06	8.859806E-03	-9.221399E+01
1.29383125000E+06	9.394163E-03	-9.778448E+01
1.29570000000E+06	9.061508E-03	-1.077267E+02
1.29756875000E+06	1.059248E-02	-9.000317E+01
1.29943750000E+06	8.956118E-03	-9.835310E+01
1.30130625000E+06	1.088122E-02	-9.506772E+01
1.30317500000E+06	1.005851E-02	-8.658308E+01
1.30504375000E+06	1.028504E-02	-9.073397E+01
1.30691250000E+06	8.065589E-03	-1.022148E+02
1.30878125000E+06	8.641729E-03	-8.378783E+01
1.31065000000E+06	1.103153E-02	-9.834981E+01
1.31251875000E+06	9.511366E-03	-9.350567E+01
1.31438750000E+06	8.742961E-03	-9.414974E+01
1.31625625000E+06	8.372179E-03	-1.039414E+02
1.31812500000E+06	1.136770E-02	-9.462446E+01
1.31999375000E+06	1.017396E-02	-8.986392E+01
1.32186250000E+06	9.589274E-03	-8.797138E+01
1.32373125000E+06	1.107619E-02	-9.568459E+01
1.32560000000E+06	1.082499E-02	-9.083921E+01
1.32746875000E+06	1.131354E-02	-9.280062E+01
1.32933750000E+06	6.785636E-03	-9.996858E+01
1.33120625000E+06	1.140951E-02	-1.031286E+02
1.33307500000E+06	9.666655E-03	-9.711543E+01
1.33494375000E+06	1.257046E-02	-1.064987E+02
1.33681250000E+06	1.039329E-02	-8.879213E+01
1.33868125000E+06	1.057310E-02	-8.600261E+01
1.34055000000E+06	9.899041E-03	-7.717331E+01
1.34241875000E+06	8.774829E-03	-1.168863E+02
1.34428750000E+06	1.138085E-02	-8.845448E+01
1.34615625000E+06	1.213845E-02	-1.015168E+02
1.34802500000E+06	1.039980E-02	-8.372962E+01
1.34989375000E+06	1.172119E-02	-8.252414E+01
1.35176250000E+06	1.034272E-02	-1.020193E+02
1.35363125000E+06	1.074691E-02	-9.670438E+01
1.35550000000E+06	8.334709E-03	-1.030421E+02
1.35736875000E+06	1.176909E-02	-1.003693E+02
1.35923750000E+06	1.077218E-02	-9.133786E+01
1.36110625000E+06	8.647562E-03	-1.094353E+02
1.36297500000E+06	9.902827E-03	-9.927382E+01
1.36484375000E+06	1.081080E-02	-1.056814E+02
1.36671250000E+06	8.108520E-03	-9.642086E+01
1.36858125000E+06	1.258210E-02	-8.389355E+01
1.37045000000E+06	8.704547E-03	-1.139298E+02
1.37231875000E+06	1.136015E-02	-9.182507E+01
1.37418750000E+06	9.308007E-03	-1.126225E+02
1.37605625000E+06	8.738495E-03	-1.159209E+02
1.37792500000E+06	1.047033E-02	-9.255681E+01
1.37979375000E+06	9.101437E-03	-8.264510E+01
1.38166250000E+06	6.478546E-03	-8.290335E+01
1.38353125000E+06	1.159809E-02	-9.508469E+01
1.38540000000E+06	1.247462E-02	-1.000585E+02
1.38726875000E+06	1.229340E-02	-8.811843E+01
1.38913750000E+06	8.252730E-03	-9.508348E+01
1.39100625000E+06	1.127492E-02	-9.781882E+01
1.39287500000E+06	9.265475E-03	-8.570496E+01
1.39474375000E+06	1.136538E-02	-9.577203E+01
1.39661250000E+06	1.346884E-02	-8.316503E+01
1.39848125000E+06	1.045179E-02	-1.113024E+02
1.40035000000E+06	1.183952E-02	-8.561861E+01
1.40221875000E+06	1.047611E-02	-9.007993E+01
1.40408750000E+06	1.175605E-02	-9.136020E+01
1.40595625000E+06	1.032044E-02	-8.639343E+01
1.40782500000E+06	1.531145E-02	-8.568834E+01
1.40969375000E+06	1.086790E-02	-9.083351E+01
1.41156250000E+06	9.998732E-03	-8.617561E+01
1.41343125000E+06	1.087367E-02	-9.664756E+01
1.41530000000E+06	1.106261E-02	-1.000117E+02
1.41716875000E+06	9.538849E-03	-9.482932E+01
1.41903750000E+06	1.211460E-02	-8.128522E+01
1.42090625000E+06	9.576723E-03	-8.681416E+01
1.42277500000E+06	1.304541E-02	-1.129406E+02
1.42464375000E+06	1.206650E-02	-1.004988E+02
1.42651250000E+06	1.100349E-02	-1.095019E+02
1.42838125000E+06	1.098568E-02	-9.468578E+01
1.43025000000E+06	1.021953E-02	-9.818579E+01
1.43211875000E+06	9.814954E-03	-1.060452E+02
1.43398750000E+06	1.142304E-02	-9.693050E+01
1.43585625000E+06	1.061767E-02	-9.522344E+01
1.43772500000E+06	1.023602E-02	-8.522717E+01
1.43959375000E+06	1.282493E-02	-8.999497E+01
1.44146250000E+06	9.588326E-03	-9.742869E+01
1.44333125000E+06	1.319401E-02	-9.161192E+01
1.44520000000E+06	1.192128E-02	-8.354305E+01
1.44706875000E+06	1.473489E-02	-9.805207E+01
1.44893750000E+06	1.191412E-02	-1.023052E+02
1.45080625000E+06	1.213027E-02	-1.180014E+02
1.45267500000E+06	9.412010E-03	-9.493406E+01
1.45454375000E+06	1.217159E-02	-9.808805E+01
1.45641250000E+06	1.227371E-02	-9.521172E+01
1.45828125000E+06	1.246194E-02	-9.346628E+01
1.46015000000E+06	1.181037E-02	-1.065464E+02
1.46201875000E+06	9.930451E-03	-8.682540E+01
1.46388750000E+06	1.193838E-02	-1.166116E+02
1.46575625000E+06	1.199028E-02	-1.073303E+02
1.46762500000E+06	1.590184E-02	-9.604153E+01
1.46949375000E+06	1.148219E-02	-8.557355E+01
1.47136250000E+06	1.219222E-02	-9.479858E+01
1.47323125000E+06	1.183554E-02	-9.608018E+01
1.47510000000E+06	1.318088E-02	-8.423224E+01
1.47696875000E+06	1.285566E-02	-8.734932E+01
1.47883750000E+06	1.293249E-02	-9.636046E+01
1.48070625000E+06	1.274907E-02	-9.860994E+01
1.48257500000E+06	1.044148E-02	-8.207182E+01
1.48444375000E+06	1.280353E-02	-9.622821E+01
1.48631250000E+06	1.288379E-02	-9.975967E+01
1.48818125000E+06	1.222365E-02	-9.790042E+01
1.49005000000E+06	1.009118E-02	-9.490457E+01
1.49191875000E+06	1.197204E-02	-8.396589E+01
1.49378750000E+06	1.025656E-02	-9.253799E+01
1.49565625000E+06	1.254633E-02	-9.925376E+01
1.49752500000E+06	1.202966E-02	-9.531802E+01
1.49939375000E+06	1.376960E-02	-8.574639E+01
1.50126250000E+06	1.337527E-02	-1.084546E+02
1.50313125000E+06	1.365411E-02	-9.140299E+01
1.50500000000E+06	1.470797E-02	-9.857693E+01
1.50686875000E+06	1.159887E-02	-9.656931E+01
1.50873750000E+06	1.000868E-02	-1.013508E+02
1.51060625000E+06	1.027668E-02	-1.015745E+02
1.51247500000E+06	1.141091E-02	-1.004735E+02
1.51434375000E+06	1.188192E-02	-9.545640E+01
1.51621250000E+06	1.236287E-02	-9.086625E+01
1.51808125000E+06	1.214066E-02	-1.069811E+02
1.51995000000E+06	1.059986E-02	-9.196171E+01
1.52181875000E+06	1.138837E-02	-8.759232E+01
1.52368750000E+06	1.210820E-02	-1.097319E+02
1.52555625000E+06	1.044817E-02	-9.074013E+01
1.52742500000E+06	1.339468E-02	-9.701245E+01
1.52929375000E+06	1.171365E-02	-1.033610E+02
1.53116250000E+06	1.150143E-02	-9.330563E+01
1.53303125000E+06	1.173461E-02	-8.568596E+01
1.53490000000E+06	1.082453E-02	-8.893317E+01
1.53676875000E+06	1.206173E-02	-9.818999E+01
1.53863750000E+06	1.203786E-02	-9.212998E+01
1.54050625000E+06	1.273669E-02	-1.077406E+02
1.54237500000E+06	1.461045E-02	-1.082152E+02
1.54424375000E+06	1.282440E-02	-1.018187E+02
1.54611250000E+06	1.190138E-02	-9.206081E+01
1.54798125000E+06	1.416173E-02	-1.112764E+02
1.54985000000E+06	1.436431E-02	-1.022588E+02
1.55171875000E+06	1.364490E-02	-9.333659E+01
1.55358750000E+06	1.349458E-02	-9.874021E+01
1.55545625000E+06	1.087636E-02	-9.336006E+01
1.55732500000E+06	1.291359E-02	-1.040250E+02
1.55919375000E+06	1.218507E-02	-1.011404E+02
1.56106250000E+06	1.501140E-02	-9.571960E+01
1.56293125000E+06	1.690651E-02	-1.078212E+02
1.56480000000E+06	1.333175E-02	-9.511037E+01
1.56666875000E+06	1.162573E-02	-1.044168E+02
1.56853750000E+06	1.333742E-02	-9.088667E+01
1.57040625000E+06	1.336663E-02	-1.020521E+02
1.57227500000E+06	1.563468E-02	-9.284011E+01
1.57414375000E+06	1.297555E-02	-9.735715E+01
1.57601250000E+06	1.409663E-02	-1.025822E+02
1.57788125000E+06	1.271563E-02	-9.479187E+01
1.57975000000E+06	1.113822E-02	-1.074107E+02
1.58161875000E+06	1.397293E-02	-1.005224E+02
1.58348750000E+06	1.241957E-02	-1.038645E+02
1.58535625000E+06	1.164355E-02	-9.424253E+01
1.58722500000E+06	1.487299E-02	-1.104102E+02
1.58909375000E+06	1.390811E-02	-9.400840E+01
1.59096250000E+06	1.550412E-02	-9.573959E+01
1.59283125000E+06	1.502678E-02	-9.387016E+01
1.59470000000E+06	1.497018E-02	-9.801109E+01
1.59656875000E+06	1.476042E-02	-1.048742E+02
1.59843750000E+06	1.440885E-02	-1.137791E+02
1.60030625000E+06	1.389415E-02	-9.802941E+01
1.60217500000E+06	1.527179E-02	-9.223980E+01
1.60404375000E+06	1.048357E-02	-9.573089E+01
1.60591250000E+06	1.340771E-02	-9.165093E+01
1.60778125000E+06	1.742362E-02	-1.031908E+02
1.60965000000E+06	1.417002E-02	-1.024811E+02
1.61151875000E+06	1.428961E-02	-1.006269E+02
1.61338750000E+06	1.601127E-02	-9.847701E+01
1.61525625000E+06	1.644876E-02	-1.051573E+02
1.61712500000E+06	1.374622E-02	-1.001529E+02
1.61899375000E+06	1.098897E-02	-9.963371E+01
1.62086250000E+06	1.497193E-02	-9.330282E+01
1.62273125000E+06	1.510288E-02	-9.832544E+01
1.62460000000E+06	1.406763E-02	-9.630098E+01
1.62646875000E+06	1.444836E-02	-1.078208E+02
1.62833750000E+06	1.393866E-02	-9.211848E+01
1.63020625000E+06	1.550265E-02	-1.080652E+02
1.63207500000E+06	1.753979E-02	-8.727869E+01
1.63394375000E+06	1.653139E-02	-9.909936E+01
1.63581250000E+06	1.393222E-02	-9.597808E+01
1.63768125000E+06	1.351752E-02	-9.820178E+01
1.63955000000E+06	1.378085E-02	-1.076596E+02
1.64141875000E+06	1.488374E-02	-8.839060E+01
1.64328750000E+06	1.607169E-02	-1.043627E+02
1.64515625000E+06	1.457505E-02	-1.008510E+02
1.64702500000E+06	1.246276E-02	-9.967743E+01
1.64889375000E+06	1.591170E-02	-9.606585E+01
1.65076250000E+06	1.195179E-02	-1.065608E+02
1.65263125000E+06	1.442717E-02	-9.624091E+01
1.65450000000E+06	1.592414E-02	-1.022888E+02
1.65636875000E+06	1.507907E-02	-9.946407E+01
1.65823750000E+06	1.406043E-02	-9.840552E+01
1.66010625000E+06	1.531242E-02	-8.812585E+01
1.66197500000E+06	1.472740E-02	-8.724003E+01
1.66384375000E+06	1.593658E-02	-9.703209E+01
1.66571250000E+06	1.501590E-02	-1.056630E+02
1.66758125000E+06	1.417926E-02	-9.295113E+01
1.66945000000E+06	1.523016E-02	-9.635596E+01
1.67131875000E+06	1.319114E-02	-1.038786E+02
1.67318750000E+06	1.280335E-02	-9.463046E+01
1.67505625000E+06	1.670658E-02	-1.134548E+02
1.67692500000E+06	1.386177E-02	-1.084044E+02
1.67879375000E+06	1.423768E-02	-9.734772E+01
1.68066250000E+06	1.607106E-02	-1.170425E+02
1.68253125000E+06	1.449636E-02	-1.054203E+02
1.68440000000E+06	1.331463E-02	-1.023083E+02
1.68626875000E+06	1.474733E-02	-1.011381E+02
1.68813750000E+06	1.578761E-02	-1.045229E+02
1.69000625000E+06	1.273597E-02	-9.967108E+01
1.69187500000E+06	1.730200E-02	-1.023645E+02
1.69374375000E+06	1.560873E-02	-1.035303E+02
1.69561250000E+06	1.424465E-02	-9.832925E+01
1.69748125000E+06	1.943546E-02	-9.629784E+01
1.69935000000E+06	1.568236E-02	-1.054239E+02
1.70121875000E+06	1.705530E-02	-9.908497E+01
1.70308750000E+06	1.415021E-02	-1.131852E+02
1.70495625000E+06	1.495061E-02	-1.097109E+02
1.70682500000E+06	1.487162E-02	-1.038990E+02
1.70869375000E+06	1.783094E-02	-9.960779E+01
1.71056250000E+06	1.496925E-02	-1.023146E+02
1.71243125000E+06	1.596598E-02	-1.050012E+02
1.71430000000E+06	1.395568E-02	-1.108751E+02
1.71616875000E+06	1.630906E-02	-9.177230E+01
1.71803750000E+06	1.558325E-02	-1.068790E+02
1.71990625000E+06	1.547924E-02	-1.093432E+02
1.72177500000E+06	1.877876E-02	-1.065591E+02
1.72364375000E+06	1.233658E-02	-1.003615E+02
1.72551250000E+06	1.856227E-02	-9.968496E+01
1.72738125000E+06	1.394630E-02	-1.112795E+02
1.72925000000E+06	1.571309E-02	-1.026040E+02
1.73111875000E+06	1.670231E-02	-1.068067E+02
1.73298750000E+06	1.813771E-02	-1.011013E+02
1.73485625000E+06	1.300857E-02	-1.040931E+02
1.73672500000E+06	1.892611E-02	-9.758633E+01
1.73859375000E+06	1.519326E-02	-9.249319E+01
1.74046250000E+06	1.492296E-02	-1.022701E+02
1.74233125000E+06	1.648599E-02	-9.837658E+01
1.74420000000E+06	1.654561E-02	-9.975620E+01
1.74606875000E+06	1.488599E-02	-9.370157E+01
1.74793750000E+06	1.624276E-02	-1.054161E+02
1.74980625000E+06	1.415358E-02	-1.001955E+02
1.75167500000E+06	1.783890E-02	-1.001579E+02
1.75354375000E+06	1.570275E-02	-9.719195E+01
1.75541250000E+06	1.924535E-02	-9.929417E+01
1.75728125000E+06	1.350260E-02	-9.902300E+01
1.75915000000E+06	1.642914E-02	-9.613269E+01
1.76101875000E+06	1.210585E-02	-1.175724E+02
1.76288750000E+06	1.502753E-02	-9.195641E+01
1.76475625000E+06	1.550087E-02	-1.041816E+02
1.76662500000E+06	1.880402E-02	-9.706100E+01
1.76849375000E+06	1.608067E-02	-1.060697E+02
1.77036250000E+06	1.509287E-02	-9.594094E+01
1.77223125000E+06	1.513986E-02	-1.009112E+02
1.77410000000E+06	1.542581E-02	-9.468344E+01
1.77596875000E+06	1.590458E-02	-9.203117E+01
1.77783750000E+06	1.625280E-02	-9.671588E+01
1.77970625000E+06	1.667711E-02	-9.434558E+01
1.78157500000E+06	1.312303E-02	-1.077162E+02
1.78344375000E+06	1.789287E-02	-1.030666E+02
1.78531250000E+06	1.620108E-02	-1.001263E+02
1.78718125000E+06	1.593085E-02	-1.034548E+02
1.78905000000E+06	1.782613E-02	-1.030105E+02
1.79091875000E+06	1.650586E-02	-1.014631E+02
1.79278750000E+06	1.644241E-02	-1.041254E+02
1.79465625000E+06	1.304786E-02	-9.105573E+01
1.79652500000E+06	2.037251E-02	-9.511869E+01
1.79839375000E+06	1.772354E-02	-1.042179E+02
1.80026250000E+06	1.577379E-02	-9.498886E+01
1.80213125000E+06	1.423774E-02	-9.532755E+01
1.80400000000E+06	1.488634E-02	-9.444971E+01
1.80586875000E+06	1.555147E-02	-1.006510E+02
1.80773750000E+06	1.719753E-02	-1.016271E+02
1.80960625000E+06	1.932521E-02	-9.773537E+01
1.81147500000E+06	1.772454E-02	-9.760955E+01
1.81334375000E+06	1.323135E-02	-9.343890E+01
1.81521250000E+06	1.844301E-02	-9.282101E+01
1.81708125000E+06	1.912676E-02	-8.743674E+01
1.81895000000E+06	1.648245E-02	-9.668222E+01
1.82081875000E+06	1.886930E-02	-9.773634E+01
1.82268750000E+06	1.519500E-02	-1.001016E+02
1.82455625000E+06	1.531680E-02	-9.240479E+01
1.82642500000E+06	1.609449E-02	-9.935073E+01
1.82829375000E+06	1.597037E-02	-9.888843E+01
1.83016250000E+06	1.823349E-02	-1.048198E+02
1.83203125000E+06	1.447637E-02	-9.447749E+01
1.83390000000E+06	1.552366E-02	-8.816441E+01
1.83576875000E+06	1.692561E-02	-1.018455E+02
1.83763750000E+06	1.721895E-02	-1.028727E+02
1.83950625000E+06	1.702046E-02	-9.530612E+01
1.84137500000E+06	1.737642E-02	-1.073030E+02
1.84324375000E+06	1.745083E-02	-9.884808E+01
1.84511250000E+06	1.963843E-02	-1.055481E+02
1.84698125000E+06	1.870722E-02	-9.638000E+01
1.84885000000E+06	2.013062E-02	-8.785905E+01
1.85071875000E+06	1.959241E-02	-1.042075E+02
1.85258750000E+06	1.896798E-02	-9.904945E+01
1.85445625000E+06	1.667512E-02	-9.733167E+01
1.85632500000E+06	2.210174E-02	-9.985599E+01
1.85819375000E+06	1.767220E-02	-1.028071E+02
1.86006250000E+06	1.725002E-02	-1.012302E+02
1.86193125000E+06	1.529981E-02	-9.139642E+01
1.86380000000E+06	1.959392E-02	-9.485732E+01
1.86566875000E+06	2.027701E-02	-1.060826E+02
1.86753750000E+06	1.959956E-02	-9.509281E+01
1.86940625000E+06	1.385169E-02	-9.865915E+01
1.87127500000E+06	1.990294E-02	-1.004834E+02
1.87314375000E+06	2.095279E-02	-9.840557E+01
1.87501250000E+06	1.902642E-02	-9.782990E+01
1.87688125000E+06	1.974546E-02	-1.015602E+02
1.87875000000E+06	1.850706E-02	-1.053951E+02
1.88061875000E+06	2.005870E-02	-1.019086E+02
1.88248750000E+06	1.759618E-02	-9.958733E+01
1.88435625000E+06	1.702460E-02	-1.068775E+02
1.88622500000E+06	1.718741E-02	-9.673083E+01
1.88809375000E+06	1.985520E-02	-1.003507E+02
1.88996250000E+06	2.094581E-02	-9.344803E+01
1.89183125000E+06	1.422144E-02	-1.073226E+02
1.89370000000E+06	1.878431E-02	-1.073962E+02
1.89556875000E+06	2.101173E-02	-1.052183E+02
1.89743750000E+06	1.884595E-02	-8.998824E+01
1.89930625000E+06	1.837412E-02	-8.423380E+01
1.90117500000E+06	1.965855E-02	-9.801858E+01
1.90304375000E+06	1.781511E-02	-9.356647E+01
1.90491250000E+06	1.953510E-02	-9.888094E+01
1.90678125000E+06	1.863765E-02	-9.058746E+01
1.90865000000E+06	2.062662E-02	-1.014246E+02
1.91051875000E+06	2.011477E-02	-9.344398E+01
1.91238750000E+06	2.226888E-02	-9.737903E+01
1.91425625000E+06	1.767451E-02	-1.044028E+02
1.91612500000E+06	1.931170E-02	-9.236147E+01
1.91799375000E+06	1.573720E-02	-1.002293E+02
1.91986250000E+06	1.830446E-02	-9.541302E+01
1.92173125000E+06	2.098734E-02	-1.030090E+02
1.92360000000E+06	1.983027E-02	-1.037453E+02
1.92546875000E+06	2.254669E-02	-9.351283E+01
1.92733750000E+06	2.243451E-02	-9.883315E+01
1.92920625000E+06	2.009180E-02	-8.774616E+01
1.93107500000E+06	1.970911E-02	-1.075520E+02
1.93294375000E+06	2.047559E-02	-1.008687E+02
1.93481250000E+06	2.023942E-02	-1.072199E+02
1.93668125000E+06	1.934286E-02	-9.700441E+01
1.93855000000E+06	2.433180E-02	-9.035110E+01
1.94041875000E+06	1.965467E-02	-9.317302E+01
1.94228750000E+06	2.154039E-02	-9.965649E+01
1.94415625000E+06	2.064918E-02	-9.164374E+01
1.94602500000E+06	2.377245E-02	-1.010813E+02
1.94789375000E+06	1.811530E-02	-9.923936E+01
1.94976250000E+06	2.138382E-02	-9.927404E+01
1.95163125000E+06	2.155630E-02	-1.086319E+02
1.95350000000E+06	2.172915E-02	-9.968102E+01
1.95536875000E+06	2.204396E-02	-1.000644E+02
1.95723750000E+06	2.246271E-02	-1.029069E+02
1.95910625000E+06	2.143358E-02	-1.017828E+02
1.96097500000E+06	1.947046E-02	-1.030363E+02
1.96284375000E+06	1.864965E-02	-1.098089E+02
1.96471250000E+06	1.986043E-02	-9.979330E+01
1.96658125000E+06	2.240587E-02	-9.560352E+01
1.96845000000E+06	2.210876E-02	-1.012877E+02
1.97031875000E+06	2.116737E-02	-1.036846E+02
1.97218750000E+06	2.305666E-02	-9.769689E+01
1.97405625000E+06	2.009008E-02	-9.715091E+01
1.97592500000E+06	2.023345E-02	-9.594732E+01
1.97779375000E+06	2.127744E-02	-1.032686E+02
1.97966250000E+06	1.995302E-02	-1.006848E+02
1.98153125000E+06	1.874514E-02	-8.999181E+01
1.98340000000E+06	2.176832E-02	-1.003680E+02
1.98526875000E+06	2.149598E-02	-1.019561E+02
1.98713750000E+06	2.283918E-02	-9.661604E+01
1.98900625000E+06	2.610116E-02	-9.358060E+01
1.99087500000E+06	1.985168E-02	-1.010271E+02
1.99274375000E+06	2.406628E-02	-1.055735E+02
1.99461250000E+06	2.032424E-02	-1.022547E+02
1.99648125000E+06	2.134301E-02	-9.287898E+01
1.99835000000E+06	2.023202E-02	-9.968080E+01
2.00021875000E+06	2.145844E-02	-9.008826E+01
2.00208750000E+06	2.147338E-02	-9.926083E+01
2.00395625000E+06	1.841200E-02	-9.819406E+01
2.00582500000E+06	2.330822E-02	-9.878398E+01
2.00769375000E+06	2.534832E-02	-9.326469E+01
2.00956250000E+06	2.359503E-02	-9.723805E+01
2.01143125000E+06	2.404623E-02	-9.599212E+01
2.01330000000E+06	2.202674E-02	-1.009451E+02
2.01516875000E+06	2.192732E-02	-1.027067E+02
2.01703750000E+06	2.116493E-02	-9.528283E+01
2.01890625000E+06	2.271463E-02	-9.906575E+01
2.02077500000E+06	2.226525E-02	-1.064274E+02
2.02264375000E+06	2.195264E-02	-9.810657E+01
2.02451250000E+06	2.136239E-02	-1.034065E+02
2.02638125000E+06	2.499180E-02	-1.061858E+02
2.02825000000E+06	2.145197E-02	-9.913223E+01
2.03011875000E+06	2.341233E-02	-9.916666E+01
2.03198750000E+06	2.565367E-02	-9.306852E+01
2.03385625000E+06	2.408871E-02	-1.070525E+02
2.03572500000E+06	2.056355E-02	-1.033757E+02
2.03759375000E+06	2.237308E-02	-1.035657E+02
2.03946250000E+06	2.107251E-02	-1.018611E+02
2.04133125000E+06	2.524466E-02	-9.542659E+01
2.04320000000E+06	1.980220E-02	-9.537344E+01
2.04506875000E+06	2.547979E-02	-9.597737E+01
2.04693750000E+06	2.367439E-02	-1.038676E+02
2.04880625000E+06	2.355226E-02	-1.051692E+02
2.05067500000E+06	2.367206E-02	-1.008262E+02
2.05254375000E+06	2.257751E-02	-9.899408E+01
2.05441250000E+06	2.471080E-02	-1.025437E+02
2.05628125000E+06	2.266249E-02	-9.805834E+01
2.05815000000E+06	2.242885E-02	-1.001506E+02
2.06001875000E+06	2.384755E-02	-9.471162E+01
2.06188750000E+06	2.327895E-02	-9.338506E+01
2.06375625000E+06	2.710630E-02	-1.031367E+02
2.06562500000E+06	2.579515E-02	-1.017264E+02
2.06749375000E+06	2.269424E-02	-9.770804E+01
2.06936250000E+06	2.033001E-02	-1.070546E+02
2.07123125000E+06	2.356285E-02	-1.016414E+02
2.07310000000E+06	2.172165E-02	-9.848674E+01
2.07496875000E+06	2.319845E-02	-9.993739E+01
2.07683750000E+06	2.303644E-02	-9.412730E+01
2.07870625000E+06	2.360172E-02	-9.949004E+01
2.08057500000E+06	2.334946E-02	-1.056908E+02
2.08244375000E+06	2.698037E-02	-9.846456E+01
2.08431250000E+06	2.342402E-02	-1.039110E+02
2.08618125000E+06	2.324107E-02	-1.000049E+02
2.08805000000E+06	2.506119E-02	-9.449186E+01
2.08991875000E+06	2.483214E-02	-9.952260E+01
2.09178750000E+06	2.349260E-02	-9.932787E+01
2.09365625000E+06	2.349141E-02	-1.013652E+02
2.09552500000E+06	2.504570E-02	-1.003446E+02
2.09739375000E+06	2.623996E-02	-9.954042E+01
2.09926250000E+06	2.449335E-02	-9.672517E+01
2.10113125000E+06	2.308677E-02	-1.053030E+02
2.10300000000E+06	2.319602E-02	-9.340311E+01
2.10486875000E+06	2.296500E-02	-1.071266E+02
2.10673750000E+06	2.306577E-02	-9.880219E+01
2.10860625000E+06	2.513504E-02	-1.050330E+02
2.11047500000E+06	2.379161E-02	-1.022242E+02
2.11234375000E+06	2.615313E-02	-9.818638E+01
2.11421250000E+06	2.609317E-02	-9.413260E+01
2.11608125000E+06	2.423346E-02	-1.026521E+02
2.11795000000E+06	2.519768E-02	-1.063064E+02
2.11981875000E+06	2.446693E-02	-9.472583E+01
2.12168750000E+06	2.299789E-02	-9.684880E+01
2.12355625000E+06	2.029000E-02	-1.005286E+02
2.12542500000E+06	2.727099E-02	-1.064082E+02
2.12729375000E+06	2.610323E-02	-1.034619E+02
2.12916250000E+06	2.604959E-02	-1.064272E+02
2.13103125000E+06	2.355442E-02	-9.766862E+01
2.13290000000E+06	2.224068E-02	-9.726443E+01
2.13476875000E+06	2.624283E-02	-9.875800E+01
2.13663750000E+06	2.627815E-02	-9.660772E+01
2.13850625000E+06	2.555717E-02	-1.010733E+02
2.14037500000E+06	2.648073E-02	-9.638551E+01
2.14224375000E+06	2.520356E-02	-1.034286E+02
2.14411250000E+06	2.605361E-02	-9.233905E+01
2.14598125000E+06	2.624331E-02	-9.944170E+01
2.14785000000E+06	2.482041E-02	-9.269337E+01
2.14971875000E+06	2.893575E-02	-1.016617E+02
2.15158750000E+06	2.612313E-02	-9.722202E+01
2.15345625000E+06	2.536880E-02	-1.070107E+02
2.15532500000E+06	2.787898E-02	-9.245302E+01
2.15719375000E+06	2.619556E-02	-9.999339E+01
2.15906250000E+06	2.488884E-02	-1.115159E+02
2.16093125000E+06	2.799369E-02	-9.230357E+01
2.16280000000E+06	2.702456E-02	-9.566644E+01
2.16466875000E+06	2.759758E-02	-9.706506E+01
2.16653750000E+06	2.731764E-02	-1.005469E+02
2.16840625000E+06	2.794112E-02	-9.389843E+01
2.17027500000E+06	2.835952E-02	-9.683679E+01
2.17214375000E+06	2.537190E-02	-1.061256E+02
2.17401250000E+06	2.596042E-02	-9.840231E+01
2.17588125000E+06	2.442741E-02	-9.636656E+01
2.17775000000E+06	2.866206E-02	-1.008487E+02
2.17961875000E+06	2.515975E-02	-9.765844E+01
2.18148750000E+06	2.599965E-02	-1.012720E+02
2.18335625000E+06	2.940859E-02	-9.964624E+01
2.18522500000E+06	2.771098E-02	-9.707638E+01
2.18709375000E+06	2.414285E-02	-1.010374E+02
2.18896250000E+06	2.792078E-02	-9.932499E+01
2.19083125000E+06	2.829800E-02	-9.763410E+01
2.19270000000E+06	2.530766E-02	-1.017723E+02
2.19456875000E+06	2.634560E-02	-9.964684E+01
2.19643750000E+06	2.516346E-02	-9.968857E+01
2.19830625000E+06	2.677133E-02	-9.463463E+01
2.20017500000E+06	2.762439E-02	-9.079829E+01
2.20204375000E+06	2.689319E-02	-9.919482E+01
2.20391250000E+06	2.614996E-02	-9.890783E+01
2.20578125000E+06	2.842487E-02	-9.949265E+01
2.20765000000E+06	3.037595E-02	-1.001576E+02
2.20951875000E+06	2.744112E-02	-1.036526E+02
2.21138750000E+06	2.874053E-02	-1.008550E+02
2.21325625000E+06	2.488240E-02	-9.785598E+01
2.21512500000E+06	2.904915E-02	-9.809014E+01
2.21699375000E+06	2.789606E-02	-9.524711E+01
2.21886250000E+06	2.472476E-02	-9.511794E+01
2.22073125000E+06	2.924887E-02	-1.031468E+02
2.22260000000E+06	2.857911E-02	-1.033940E+02
2.22446875000E+06	2.852986E-02	-1.017304E+02
2.22633750000E+06	2.900159E-02	-1.032723E+02
2.22820625000E+06	2.971846E-02	-9.715513E+01
2.23007500000E+06	2.968402E-02	-1.009554E+02
2.23194375000E+06	2.703361E-02	-9.758353E+01
2.23381250000E+06	2.717670E-02	-1.039123E+02
2.23568125000E+06	2.781253E-02	-9.397827E+01
2.23755000000E+06	2.509848E-02	-1.003117E+02
2.23941875000E+06	2.781378E-02	-9.596432E+01
2.24128750000E+06	2.775840E-02	-9.949268E+01
2.24315625000E+06	2.395480E-02	-9.955624E+01
2.24502500000E+06	2.813525E-02	-9.578791E+01
2.24689375000E+06	2.964835E-02	-1.036413E+02
2.24876250000E+06	3.265667E-02	-9.975822E+01
2.25063125000E+06	2.883035E-02	-1.022367E+02
2.25250000000E+06	2.782462E-02	-9.566535E+01
2.25436875000E+06	3.036196E-02	-9.765588E+01
2.25623750000E+06	3.061007E-02	-9.645183E+01
2.25810625000E+06	3.018481E-02	-1.041836E+02
2.25997500000E+06	2.886264E-02	-9.902612E+01
2.26184375000E+06	2.963852E-02	-9.872089E+01
2.26371250000E+06	2.803730E-02	-1.011665E+02
2.26558125000E+06	3.192861E-02	-1.000502E+02
2.26745000000E+06	3.064315E-02	-9.583195E+01
2.26931875000E+06	2.880168E-02	-9.961850E+01
2.27118750000E+06	2.997008E-02	-9.772220E+01
2.27305625000E+06	3.077757E-02	-9.278878E+01
2.27492500000E+06	3.060103E-02	-1.002985E+02
2.27679375000E+06	2.627727E-02	-9.669124E+01
2.27866250000E+06	3.143533E-02	-1.011851E+02
2.28053125000E+06	3.228754E-02	-1.003023E+02
2.28240000000E+06	3.043152E-02	-9.837480E+01
2.28426875000E+06	3.091898E-02	-9.793320E+01
2.28613750000E+06	3.226393E-02	-9.713069E+01
2.28800625000E+06	3.039346E-02	-9.896077E+01
2.28987500000E+06	3.390303E-02	-1.030221E+02
2.29174375000E+06	3.209952E-02	-9.553655E+01
2.29361250000E+06	2.851432E-02	-9.786478E+01
2.29548125000E+06	3.150559E-02	-9.975313E+01
2.29735000000E+06	2.955499E-02	-1.004942E+02
2.29921875000E+06	2.980146E-02	-9.823904E+01
2.30108750000E+06	2.812940E-02	-1.034618E+02
2.30295625000E+06	3.088638E-02	-9.962393E+01
2.30482500000E+06	2.998145E-02	-9.839417E+01
2.30669375000E+06	2.992820E-02	-9.972424E+01
2.30856250000E+06	2.913961E-02	-1.002607E+02
2.31043125000E+06	3.348794E-02	-9.873504E+01
2.31230000000E+06	3.434721E-02	-9.790551E+01
2.31416875000E+06	2.972875E-02	-9.899941E+01
2.31603750000E+06	3.206855E-02	-9.791242E+01
2.31790625000E+06	3.100001E-02	-9.387299E+01
2.31977500000E+06	3.242548E-02	-9.851641E+01
2.32164375000E+06	3.097290E-02	-1.001038E+02
2.32351250000E+06	3.399071E-02	-9.815135E+01
2.32538125000E+06	2.848505E-02	-9.767128E+01
2.32725000000E+06	3.011181E-02	-9.592481E+01
2.32911875000E+06	2.924016E-02	-1.003587E+02
2.33098750000E+06	3.401853E-02	-1.004589E+02
2.33285625000E+06	3.217894E-02	-1.006280E+02
2.33472500000E+06	3.142911E-02	-1.013053E+02
2.33659375000E+06	2.821081E-02	-9.792052E+01
2.33846250000E+06	3.210832E-02	-9.984711E+01
2.34033125000E+06	3.490118E-02	-9.544876E+01
2.34220000000E+06	2.878007E-02	-9.506131E+01
2.34406875000E+06	3.114266E-02	-9.588563E+01
2.34593750000E+06	3.263512E-02	-1.006319E+02
2.34780625000E+06	3.279075E-02	-1.024328E+02
2.34967500000E+06	3.326057E-02	-9.759206E+01
2.35154375000E+06	3.353561E-02	-9.352261E+01
2.35341250000E+06	3.394226E-02	-1.026748E+02
2.35528125000E+06	3.423299E-02	-1.004941E+02
2.35715000000E+06	3.323427E-02	-9.812595E+01
2.35901875000E+06	3.145870E-02	-1.002504E+02
2.36088750000E+06	3.167136E-02	-1.008271E+02
2.36275625000E+06	3.238343E-02	-9.884724E+01
2.36462500000E+06	3.149746E-02	-9.549152E+01
2.36649375000E+06	3.314148E-02	-9.973586E+01
2.36836250000E+06	3.238931E-02	-9.942540E+01
2.37023125000E+06	3.336553E-02	-9.872121E+01
2.37210000000E+06	3.157832E-02	-9.456065E+01
2.37396875000E+06	3.345729E-02	-1.015979E+02
2.37583750000E+06	3.207457E-02	-9.815433E+01
2.37770625000E+06	3.312578E-02	-1.061965E+02
2.37957500000E+06	3.111473E-02	-1.026529E+02
2.38144375000E+06	3.263991E-02	-9.965610E+01
2.38331250000E+06	3.494956E-02	-9.436147E+01
2.38518125000E+06	3.095202E-02	-1.017036E+02
2.38705000000E+06	3.282368E-02	-9.932115E+01
2.38891875000E+06	3.369666E-02	-9.926693E+01
2.39078750000E+06	3.006614E-02	-9.853850E+01
2.39265625000E+06	3.450983E-02	-1.014968E+02
2.39452500000E+06	3.406404E-02	-1.010997E+02
2.39639375000E+06	3.354509E-02	-1.020393E+02
2.39826250000E+06	3.352483E-02	-9.459569E+01
2.40013125000E+06	3.577537E-02	-9.771148E+01
2.40200000000E+06	3.404823E-02	-9.540106E+01
2.40386875000E+06	3.620123E-02	-9.594871E+01
2.40573750000E+06	3.280955E-02	-1.009970E+02
2.40760625000E+06	3.625860E-02	-9.714799E+01
2.40947500000E+06	3.284784E-02	-9.644745E+01
2.41134375000E+06	3.045891E-02	-9.915541E+01
2.41321250000E+06	3.159685E-02	-1.006901E+02
2.41508125000E+06	3.395976E-02	-1.011200E+02
2.41695000000E+06	3.253413E-02	-1.017340E+02
2.41881875000E+06	3.585180E-02	-1.009856E+02
2.42068750000E+06	3.327443E-02	-9.966154E+01
2.42255625000E+06	3.566806E-02	-1.006460E+02
2.42442500000E+06	3.651518E-02	-1.018688E+02
2.42629375000E+06	3.316792E-02	-1.024720E+02
2.42816250000E+06	3.193796E-02	-9.986742E+01
2.43003125000E+06	3.288594E-02	-1.028055E+02
2.43190000000E+06	3.984835E-02	-1.004098E+02
2.43376875000E+06	3.277002E-02	-9.784136E+01
2.43563750000E+06	3.680221E-02	-9.850407E+01
2.43750625000E+06	3.568941E-02	-1.001241E+02
2.43937500000E+06	3.392287E-02	-9.914815E+01
2.44124375000E+06	3.570374E-02	-1.018737E+02
2.44311250000E+06	3.565926E-02	-9.914139E+01
2.44498125000E+06	3.543107E-02	-1.024396E+02
2.44685000000E+06	3.181465E-02	-1.068942E+02
2.44871875000E+06	3.374356E-02	-9.999744E+01
2.45058750000E+06	3.450443E-02	-9.590617E+01
2.45245625000E+06	3.498465E-02	-9.910323E+01
2.45432500000E+06	3.504491E-02	-1.007110E+02
2.45619375000E+06	3.500056E-02	-1.031558E+02
2.45806250000E+06	3.777982E-02	-1.015335E+02
2.45993125000E+06	3.370912E-02	-9.648582E+01
2.46180000000E+06	3.585995E-02	-9.930211E+01
2.46366875000E+06	3.232852E-02	-1.003616E+02
2.46553750000E+06	3.163460E-02	-1.010024E+02
2.46740625000E+06	3.539251E-02	-9.708117E+01
2.46927500000E+06	3.620278E-02	-9.970010E+01
2.47114375000E+06	3.471455E-02	-9.998012E+01
2.47301250000E+06	3.533883E-02	-9.892049E+01
2.47488125000E+06	3.677440E-02	-9.876472E+01
2.47675000000E+06	3.834290E-02	-9.596700E+01
2.47861875000E+06	3.847787E-02	-9.568938E+01
2.48048750000E+06	3.500396E-02	-1.021420E+02
2.48235625000E+06	3.661337E-02	-9.843771E+01
2.48422500000E+06	3.638490E-02	-9.851379E+01
2.48609375000E+06	3.611977E-02	-9.620332E+01
2.48796250000E+06	3.624357E-02	-9.964983E+01
2.48983125000E+06	3.681223E-02	-9.916908E+01
2.49170000000E+06	3.720820E-02	-1.023420E+02
2.49356875000E+06	3.564133E-02	-9.818575E+01
2.49543750000E+06	3.591252E-02	-9.658031E+01
2.49730625000E+06	3.810630E-02	-9.864700E+01
2.49917500000E+06	3.695465E-02	-9.979045E+01
2.50104375000E+06	3.917650E-02	-1.027352E+02
2.50291250000E+06	3.608596E-02	-1.022618E+02
2.50478125000E+06	3.938832E-02	-1.045902E+02
2.50665000000E+06	3.562204E-02	-9.968606E+01
2.50851875000E+06	4.005342E-02	-9.774788E+01
2.51038750000E+06	3.468774E-02	-9.964450E+01
2.51225625000E+06	3.712410E-02	-1.003445E+02
2.51412500000E+06	3.673507E-02	-1.053353E+02
2.51599375000E+06	3.563383E-02	-9.763848E+01
2.51786250000E+06	3.590691E-02	-9.944189E+01
2.51973125000E+06	4.057091E-02	-1.007184E+02
2.52160000000E+06	3.950192E-02	-1.004468E+02
2.52346875000E+06	3.499383E-02	-1.006337E+02
2.52533750000E+06	3.799093E-02	-9.962554E+01
2.52720625000E+06	3.821756E-02	-1.017235E+02
2.52907500000E+06	3.763429E-02	-9.770599E+01
2.53094375000E+06	3.731275E-02	-9.973309E+01
2.53281250000E+06	4.023574E-02	-1.026776E+02
2.53468125000E+06	3.994793E-02	-9.845097E+01
2.53655000000E+06	3.977560E-02	-1.015023E+02
2.53841875000E+06	3.974536E-02	-9.810990E+01
2.54028750000E+06	3.861418E-02	-1.029405E+02
2.54215625000E+06	3.987191E-02	-9.905324E+01
2.54402500000E+06	3.762775E-02	-1.022609E+02
2.54589375000E+06	3.927150E-02	-9.800136E+01
2.54776250000E+06	3.831778E-02	-1.002975E+02
2.54963125000E+06	3.780317E-02	-1.002071E+02
2.55150000000E+06	3.646886E-02	-1.001648E+02
2.55336875000E+06	3.845672E-02	-9.684371E+01
2.55523750000E+06	4.190305E-02	-1.006627E+02
2.55710625000E+06	3.838026E-02	-1.013687E+02
2.55897500000E+06	3.750972E-02	-1.003488E+02
2.56084375000E+06	3.941049E-02	-9.836221E+01
2.56271250000E+06	3.839453E-02	-9.561535E+01
2.56458125000E+06	3.773824E-02	-9.760583E+01
2.56645000000E+06	3.929956E-02	-9.999278E+01
2.56831875000E+06	4.007719E-02	-9.523309E+01
2.57018750000E+06	4.231219E-02	-1.008929E+02
2.57205625000E+06	4.359379E-02	-1.008742E+02
2.57392500000E+06	4.006708E-02	-9.891641E+01
2.57579375000E+06	4.008992E-02	-9.905544E+01
2.57766250000E+06	4.018646E-02	-1.006084E+02
2.57953125000E+06	3.853244E-02	-1.021537E+02
2.58140000000E+06	4.108620E-02	-9.918986E+01
2.58326875000E+06	4.008926E-02	-1.018029E+02
2.58513750000E+06	4.015854E-02	-1.015313E+02
2.58700625000E+06	3.581856E-02	-9.957820E+01
2.58887500000E+06	4.124462E-02	-9.214191E+01
2.59074375000E+06	4.041050E-02	-9.892940E+01
2.59261250000E+06	4.211362E-02	-9.736973E+01
2.59448125000E+06	4.137463E-02	-9.597462E+01
2.59635000000E+06	4.284460E-02	-9.850091E+01
2.59821875000E+06	3.913397E-02	-9.960387E+01
2.60008750000E+06	4.127450E-02	-1.000209E+02
2.60195625000E+06	4.014920E-02	-9.939304E+01
2.60382500000E+06	4.111185E-02	-9.935317E+01
2.60569375000E+06	4.186451E-02	-1.014947E+02
2.60756250000E+06	4.270830E-02	-9.406503E+01
2.60943125000E+06	4.403311E-02	-1.013012E+02
2.61130000000E+06	4.117163E-02	-9.966393E+01
2.61316875000E+06	4.393596E-02	-1.004388E+02
2.61503750000E+06	3.981869E-02	-9.763485E+01
2.61690625000E+06	4.133992E-02	-1.009625E+02
2.61877500000E+06	4.002910E-02	-1.018531E+02
2.62064375000E+06	4.241547E-02	-1.012037E+02
2.62251250000E+06	4.163411E-02	-9.959763E+01
2.62438125000E+06	3.931778E-02	-9.916785E+01
2.62625000000E+06	4.108317E-02	-9.704356E+01
2.62811875000E+06	3.980195E-02	-1.003747E+02
2.62998750000E+06	4.375372E-02	-9.988319E+01
2.63185625000E+06	4.464745E-02	-9.919859E+01
2.63372500000E+06	4.121620E-02	-1.014095E+02
2.63559375000E+06	4.105661E-02	-9.843054E+01
2.63746250000E+06	4.126725E-02	-1.025989E+02
2.63933125000E+06	4.143372E-02	-1.020282E+02
2.64120000000E+06	4.067761E-02	-9.833538E+01
2.64306875000E+06	4.028304E-02	-9.800481E+01
2.64493750000E+06	4.227019E-02	-1.017029E+02
2.64680625000E+06	4.019976E-02	-9.542555E+01
2.64867500000E+06	4.308993E-02	-9.784353E+01
2.65054375000E+06	4.544280E-02	-9.942750E+01
2.65241250000E+06	4.512366E-02	-1.025660E+02
2.65428125000E+06	4.403003E-02	-1.011316E+02
2.65615000000E+06	4.046599E-02	-9.425452E+01
2.65801875000E+06	4.184322E-02	-9.749355E+01
2.65988750000E+06	4.601568E-02	-1.007116E+02
2.66175625000E+06	4.164669E-02	-9.887283E+01
2.66362500000E+06	4.249621E-02	-9.895232E+01
2.66549375000E+06	4.562277E-02	-9.831428E+01
2.66736250000E+06	4.038399E-02	-9.988489E+01
2.66923125000E+06	4.253912E-02	-1.023132E+02
2.67110000000E+06	4.597286E-02	-1.019937E+02
2.67296875000E+06	4.526545E-02	-9.756837E+01
2.67483750000E+06	4.322431E-02	-9.766903E+01
2.67670625000E+06	4.248187E-02	-9.891907E+01
2.67857500000E+06	4.821730E-02	-9.771376E+01
2.68044375000E+06	4.497482E-02	-9.809553E+01
2.68231250000E+06	4.608964E-02	-9.851457E+01
2.68418125000E+06	4.614490E-02	-1.007588E+02
2.68605000000E+06	4.490266E-02	-9.899118E+01
2.68791875000E+06	4.603102E-02	-1.020604E+02
2.68978750000E+06	4.157291E-02	-9.959645E+01
2.69165625000E+06	4.394367E-02	-9.669638E+01
2.69352500000E+06	4.603464E-02	-1.002311E+02
2.69539375000E+06	4.279846E-02	-1.009305E+02
2.69726250000E+06	4.611268E-02	-9.962447E+01
2.69913125000E+06	4.317691E-02	-9.926234E+01
2.70100000000E+06	4.535186E-02	-9.956903E+01
2.70286875000E+06	4.264872E-02	-1.004981E+02
2.70473750000E+06	4.471206E-02	-1.001778E+02
2.70660625000E+06	4.566120E-02	-9.822945E+01
2.70847500000E+06	4.591332E-02	-1.013370E+02
2.71034375000E+06	4.632254E-02	-9.937598E+01
2.71221250000E+06	4.396223E-02	-9.851485E+01
2.71408125000E+06	4.469542E-02	-1.024722E+02
2.71595000000E+06	4.913928E-02	-9.786334E+01
2.71781875000E+06	4.340627E-02	-1.002488E+02
2.71968750000E+06	4.502098E-02	-9.890983E+01
2.72155625000E+06	4.554358E-02	-9.993426E+01
2.72342500000E+06	4.660622E-02	-9.763257E+01
2.72529375000E+06	4.709424E-02	-1.021998E+02
2.72716250000E+06	4.397190E-02	-9.610749E+01
2.72903125000E+06	4.420645E-02	-9.913578E+01
2.73090000000E+06	4.638812E-02	-1.013254E+02
2.73276875000E+06	4.509354E-02	-1.044105E+02
2.73463750000E+06	4.408685E-02	-9.697869E+01
2.73650625000E+06	4.733787E-02	-9.603681E+01
2.73837500000E+06	4.553856E-02	-9.872753E+01
2.74024375000E+06	4.595570E-02	-9.797658E+01
2.74211250000E+06	4.670915E-02	-9.942369E+01
2.74398125000E+06	4.514237E-02	-9.935172E+01
2.74585000000E+06	4.541877E-02	-9.732076E+01
2.74771875000E+06	4.477390E-02	-1.026585E+02
2.74958750000E+06	4.897582E-02	-9.675288E+01
2.75145625000E+06	4.498722E-02	-9.654274E+01
2.75332500000E+06	4.631667E-02	-1.029325E+02
2.75519375000E+06	4.724047E-02	-1.009402E+02
2.75706250000E+06	4.621084E-02	-1.006536E+02
2.75893125000E+06	4.388757E-02	-9.796070E+01
2.76080000000E+06	4.635848E-02	-9.723789E+01
2.76266875000E+06	4.984615E-02	-9.995509E+01
2.76453750000E+06	4.876948E-02	-9.839560E+01
2.76640625000E+06	4.902599E-02	-9.902556E+01
2.76827500000E+06	4.655492E-02	-9.861544E+01
2.77014375000E+06	4.580568E-02	-1.003873E+02
2.77201250000E+06	4.690236E-02	-1.018914E+02
2.77388125000E+06	4.623431E-02	-1.017000E+02
2.77575000000E+06	4.755302E-02	-1.017206E+02
2.77761875000E+06	4.842310E-02	-9.768620E+01
2.77948750000E+06	5.202448E-02	-9.768111E+01
2.78135625000E+06	4.617829E-02	-9.945233E+01
2.78322500000E+06	4.697936E-02	-9.836397E+01
2.78509375000E+06	4.890329E-02	-9.678324E+01
2.78696250000E+06	4.702476E-02	-1.012528E+02
2.78883125000E+06	4.682454E-02	-9.987700E+01
2.79070000000E+06	4.731642E-02	-1.003877E+02
2.79256875000E+06	4.955900E-02	-9.894131E+01
2.79443750000E+06	4.864772E-02	-1.001614E+02
2.79630625000E+06	4.834677E-02	-1.007127E+02
2.79817500000E+06	4.724520E-02	-1.007303E+02
2.80004375000E+06	4.728343E-02	-9.964628E+01
2.80191250000E+06	4.958520E-02	-9.878181E+01
2.80378125000E+06	4.919419E-02	-9.731049E+01
2.80565000000E+06	4.925147E-02	-9.994620E+01
2.80751875000E+06	4.851507E-02	-1.002980E+02
2.80938750000E+06	4.852258E-02	-9.784033E+01
2.81125625000E+06	4.581293E-02	-9.810585E+01
2.81312500000E+06	4.802815E-02	-9.845654E+01
2.81499375000E+06	5.173146E-02	-9.986630E+01
2.81686250000E+06	4.671659E-02	-1.021305E+02
2.81873125000E+06	4.859473E-02	-9.841619E+01
2.82060000000E+06	4.881076E-02	-9.639161E+01
2.82246875000E+06	4.819612E-02	-9.752499E+01
2.82433750000E+06	5.089411E-02	-9.836572E+01
2.82620625000E+06	4.874342E-02	-9.719684E+01
2.82807500000E+06	4.865108E-02	-1.001635E+02
2.82994375000E+06	4.833490E-02	-9.996209E+01
2.83181250000E+06	5.149119E-02	-9.686674E+01
2.83368125000E+06	5.120114E-02	-1.016849E+02
2.83555000000E+06	5.016225E-02	-1.029518E+02
2.83741875000E+06	5.514267E-02	-1.000609E+02
2.83928750000E+06	5.159079E-02	-9.844214E+01
2.84115625000E+06	5.229805E-02	-9.834652E+01
2.84302500000E+06	4.966821E-02	-1.006920E+02
2.84489375000E+06	5.028424E-02	-9.967413E+01
2.84676250000E+06	5.203092E-02	-9.763309E+01
2.84863125000E+06	5.206390E-02	-9.891879E+01
2.85050000000E+06	5.037291E-02	-9.717280E+01
2.85236875000E+06	4.878666E-02	-9.838363E+01
2.85423750000E+06	5.012101E-02	-9.955008E+01
2.85610625000E+06	5.139948E-02	-9.858892E+01
2.85797500000E+06	4.845074E-02	-9.861090E+01
2.85984375000E+06	5.012081E-02	-9.749520E+01
2.86171250000E+06	5.263916E-02	-9.732400E+01
2.86358125000E+06	4.930278E-02	-9.583103E+01
2.86545000000E+06	5.091718E-02	-1.009413E+02
2.86731875000E+06	5.171732E-02	-9.853937E+01
2.86918750000E+06	5.284834E-02	-9.906604E+01
2.87105625000E+06	4.980955E-02	-9.780244E+01
2.87292500000E+06	5.113728E-02	-9.948813E+01
2.87479375000E+06	4.974848E-02	-9.740404E+01
2.87666250000E+06	5.138028E-02	-9.828580E+01
2.87853125000E+06	5.549022E-02	-9.828798E+01
2.88040000000E+06	5.293940E-02	-1.023549E+02
2.88226875000E+06	5.188924E-02	-9.959193E+01
2.88413750000E+06	5.105980E-02	-1.045990E+02
2.88600625000E+06	5.444074E-02	-9.833430E+01
2.88787500000E+06	5.226943E-02	-1.001514E+02
2.88974375000E+06	5.226245E-02	-9.803250E+01
2.89161250000E+06	5.379542E-02	-1.005128E+02
2.89348125000E+06	5.283611E-02	-9.960210E+01
2.89535000000E+06	5.539406E-02	-1.000976E+02
2.89721875000E+06	5.180344E-02	-9.873578E+01
2.89908750000E+06	5.314381E-02	-9.738146E+01
2.90095625000E+06	5.423907E-02	-9.670789E+01
2.90282500000E+06	5.357882E-02	-9.849891E+01
2.90469375000E+06	5.413804E-02	-1.014793E+02
2.90656250000E+06	5.497221E-02	-1.001611E+02
2.90843125000E+06	5.313340E-02	-9.746861E+01
2.91030000000E+06	5.661918E-02	-9.592275E+01
2.91216875000E+06	5.427297E-02	-9.735831E+01
2.91403750000E+06	5.031097E-02	-9.957360E+01
2.91590625000E+06	5.154137E-02	-9.881054E+01
2.91777500000E+06	5.115813E-02	-1.004628E+02
2.91964375000E+06	5.161789E-02	-9.736594E+01
2.92151250000E+06	5.416071E-02	-9.751131E+01
2.92338125000E+06	5.592941E-02	-9.561964E+01
2.92525000000E+06	5.466050E-02	-1.002384E+02
2.92711875000E+06	5.363023E-02	-9.971156E+01
2.92898750000E+06	5.546552E-02	-1.000838E+02
2.93085625000E+06	5.646270E-02	-9.715258E+01
2.93272500000E+06	5.213339E-02	-1.023173E+02
2.93459375000E+06	5.316345E-02	-9.997252E+01
2.93646250000E+06	5.543464E-02	-9.827224E+01
2.93833125000E+06	5.414865E-02	-1.007588E+02
2.94020000000E+06	5.338327E-02	-9.898027E+01
2.94206875000E+06	5.517776E-02	-9.667564E+01
2.94393750000E+06	5.608406E-02	-9.778048E+01
2.94580625000E+06	5.448323E-02	-9.960801E+01
2.94767500000E+06	5.605214E-02	-1.003944E+02
2.94954375000E+06	5.585922E-02	-9.877945E+01
2.95141250000E+06	5.600675E-02	-9.801340E+01
2.95328125000E+06	5.650534E-02	-9.737737E+01
2.95515000000E+06	5.595767E-02	-9.917423E+01
2.95701875000E+06	5.451791E-02	-9.725625E+01
2.95888750000E+06	5.728973E-02	-9.782743E+01
2.96075625000E+06	5.573129E-02	-9.747880E+01
2.96262500000E+06	5.607405E-02	-9.593824E+01
2.96449375000E+06	5.679492E-02	-9.967347E+01
2.96636250000E+06	5.880904E-02	-9.726625E+01
2.96823125000E+06	5.535229E-02	-1.001578E+02
2.97010000000E+06	5.623642E-02	-9.785220E+01
2.97196875000E+06	5.593972E-02	-1.007743E+02
2.97383750000E+06	5.433202E-02	-1.007425E+02
2.97570625000E+06	5.601585E-02	-9.896085E+01
2.97757500000E+06	5.776080E-02	-9.928902E+01
2.97944375000E+06	5.407611E-02	-9.761443E+01
2.98131250000E+06	5.705605E-02	-9.955160E+01
2.98318125000E+06	5.648438E-02	-9.715914E+01
2.98505000000E+06	5.644126E-02	-1.009032E+02
2.98691875000E+06	5.849539E-02	-9.612727E+01
2.98878750000E+06	5.849812E-02	-9.970602E+01
2.99065625000E+06	5.749067E-02	-9.938570E+01
2.99252500000E+06	5.613030E-02	-9.952932E+01
2.99439375000E+06	5.814142E-02	-9.806133E+01
2.99626250000E+06	5.952807E-02	-9.800238E+01
2.99813125000E+06	5.952712E-02	-1.000557E+02
3.00000000000E+06	5.868862E-02	-1.019876E+02
