"E5100A REV3.14"
"DATE: Jun 26 2004"



"CHANNEL: 2"
"MEASURE TYPE: AR"
"FORMAT TYPE: LINMP"
"NUMBER of POINTS: 1601"
"SWEEP TIME:  3.458 s"
"SWEEP TYPE: LINF"
"SOURCE POWER: 0 dBm"
"IF BANDWIDTH: 500 Hz"

"Frequency"	"Main Array"	"Sub Array"
1.00000000000E+04	7.549507E-02	3.594606E+01
1.18687500000E+04	4.137438E-02	1.286743E+02
1.37375000000E+04	1.302191E-01	-1.634471E+02
1.56062500000E+04	3.891803E-02	-5.000830E+01
1.74750000000E+04	1.936731E-02	-1.634532E+02
1.93437500000E+04	5.569728E-02	-1.865579E+01
2.12125000000E+04	1.744733E-02	-9.711524E+00
2.30812500000E+04	6.213380E-02	-1.388034E+02
2.49500000000E+04	2.572697E-02	-1.093151E+02
2.68187500000E+04	1.206551E-02	1.006826E+02
2.86875000000E+04	1.846614E-02	1.148841E+02
3.05562500000E+04	6.380639E-03	-1.485107E+02
3.24250000000E+04	7.480555E-03	1.665506E+02
3.42937500000E+04	1.803347E-02	-1.383030E+02
3.61625000000E+04	1.400971E-02	8.439254E+01
3.80312500000E+04	1.917727E-02	3.359864E+01
3.99000000000E+04	1.269198E-02	4.588845E+01
4.17687500000E+04	3.762865E-03	7.518931E+01
4.36375000000E+04	8.544918E-03	-3.219055E+00
4.55062500000E+04	1.584730E-02	5.179892E+01
4.73750000000E+04	1.282027E-02	1.151804E+02
4.92437500000E+04	5.667356E-03	1.724254E+02
5.11125000000E+04	2.376112E-02	9.095950E+01
5.29812500000E+04	1.234995E-02	-3.861834E+01
5.48500000000E+04	2.085396E-02	1.113272E+02
5.67187500000E+04	6.300866E-03	-1.152034E+02
5.85875000000E+04	1.956128E-02	7.428941E+01
6.04562500000E+04	1.194444E-02	1.072014E+01
6.23250000000E+04	1.022389E-02	-6.553012E+01
6.41937500000E+04	7.102434E-03	1.119569E+02
6.60625000000E+04	1.930684E-02	1.202152E+02
6.79312500000E+04	2.387686E-02	5.371936E+01
6.98000000000E+04	2.156451E-02	9.751556E+01
7.16687500000E+04	3.088857E-02	6.683009E+01
7.35375000000E+04	2.111152E-02	7.032752E+01
7.54062500000E+04	1.714165E-02	8.305521E+01
7.72750000000E+04	2.259238E-02	1.025690E+02
7.91437500000E+04	1.869571E-02	7.643304E+01
8.10125000000E+04	2.824006E-03	8.716348E+01
8.28812500000E+04	2.650834E-02	1.010600E+02
8.47500000000E+04	1.020057E-02	1.163445E+02
8.66187500000E+04	2.506116E-02	8.568204E+01
8.84875000000E+04	1.344604E-02	5.405975E+01
9.03562500000E+04	2.898098E-02	8.092791E+01
9.22250000000E+04	2.176593E-02	7.634222E+01
9.40937500000E+04	1.090756E-02	7.011969E+01
9.59625000000E+04	1.679419E-02	7.541541E+01
9.78312500000E+04	2.783820E-02	6.234695E+01
9.97000000000E+04	2.644590E-02	6.885109E+01
1.01568750000E+05	2.825871E-02	8.760602E+01
1.03437500000E+05	2.926179E-02	7.624296E+01
1.05306250000E+05	2.325695E-02	1.102584E+02
1.07175000000E+05	2.758390E-02	1.103616E+02
1.09043750000E+05	3.475969E-02	8.542089E+01
1.10912500000E+05	1.607420E-02	7.342604E+01
1.12781250000E+05	1.414135E-02	1.062434E+02
1.14650000000E+05	2.413241E-02	8.307047E+01
1.16518750000E+05	2.255225E-02	1.184253E+02
1.18387500000E+05	2.503791E-02	8.755979E+01
1.20256250000E+05	3.136475E-02	7.814712E+01
1.22125000000E+05	2.730126E-02	6.282194E+01
1.23993750000E+05	3.813263E-02	7.540936E+01
1.25862500000E+05	3.422769E-02	9.228891E+01
1.27731250000E+05	2.723377E-02	9.872807E+01
1.29600000000E+05	2.795395E-02	7.757389E+01
1.31468750000E+05	3.574566E-02	8.161647E+01
1.33337500000E+05	2.549824E-02	7.715807E+01
1.35206250000E+05	4.230792E-02	8.931518E+01
1.37075000000E+05	2.930895E-02	7.757598E+01
1.38943750000E+05	3.986776E-02	7.217011E+01
1.40812500000E+05	4.454480E-02	8.352467E+01
1.42681250000E+05	3.120494E-02	7.426874E+01
1.44550000000E+05	3.468690E-02	9.767757E+01
1.46418750000E+05	2.872573E-02	8.123758E+01
1.48287500000E+05	3.398356E-02	8.936217E+01
1.50156250000E+05	3.174991E-02	6.749339E+01
1.52025000000E+05	3.225969E-02	8.020990E+01
1.53893750000E+05	3.560322E-02	8.621536E+01
1.55762500000E+05	4.287709E-02	8.160446E+01
1.57631250000E+05	3.529124E-02	8.532161E+01
1.59500000000E+05	3.554013E-02	7.542039E+01
1.61368750000E+05	3.539382E-02	8.097825E+01
1.63237500000E+05	3.713319E-02	8.142380E+01
1.65106250000E+05	4.350191E-02	7.971972E+01
1.66975000000E+05	4.043329E-02	8.462808E+01
1.68843750000E+05	3.351782E-02	8.065969E+01
1.70712500000E+05	4.345827E-02	7.727724E+01
1.72581250000E+05	3.638118E-02	8.594916E+01
1.74450000000E+05	3.622073E-02	9.289671E+01
1.76318750000E+05	4.060856E-02	9.019123E+01
1.78187500000E+05	4.107397E-02	8.179388E+01
1.80056250000E+05	4.627198E-02	8.381660E+01
1.81925000000E+05	4.414230E-02	8.916796E+01
1.83793750000E+05	4.840455E-02	8.681436E+01
1.85662500000E+05	4.614352E-02	8.353445E+01
1.87531250000E+05	4.659757E-02	8.822653E+01
1.89400000000E+05	4.796028E-02	8.655392E+01
1.91268750000E+05	4.561292E-02	7.735645E+01
1.93137500000E+05	4.804965E-02	8.748197E+01
1.95006250000E+05	4.067020E-02	8.418110E+01
1.96875000000E+05	4.538069E-02	9.010976E+01
1.98743750000E+05	3.718349E-02	8.444137E+01
2.00612500000E+05	4.169140E-02	8.399596E+01
2.02481250000E+05	5.083570E-02	9.103973E+01
2.04350000000E+05	4.442289E-02	9.321701E+01
2.06218750000E+05	4.830315E-02	7.777929E+01
2.08087500000E+05	4.350698E-02	9.635155E+01
2.09956250000E+05	4.602176E-02	8.760992E+01
2.11825000000E+05	4.421720E-02	9.008683E+01
2.13693750000E+05	5.523793E-02	1.000520E+02
2.15562500000E+05	4.573770E-02	8.307343E+01
2.17431250000E+05	4.778545E-02	8.311377E+01
2.19300000000E+05	4.886092E-02	8.800587E+01
2.21168750000E+05	5.258319E-02	8.959927E+01
2.23037500000E+05	4.797444E-02	9.042323E+01
2.24906250000E+05	5.436495E-02	8.665569E+01
2.26775000000E+05	4.867146E-02	9.530135E+01
2.28643750000E+05	4.953858E-02	9.452981E+01
2.30512500000E+05	4.995554E-02	8.445399E+01
2.32381250000E+05	5.053952E-02	9.031876E+01
2.34250000000E+05	5.665688E-02	8.452698E+01
2.36118750000E+05	5.704707E-02	9.495381E+01
2.37987500000E+05	5.502352E-02	9.134187E+01
2.39856250000E+05	5.887016E-02	8.847330E+01
2.41725000000E+05	5.700263E-02	8.380771E+01
2.43593750000E+05	5.158163E-02	8.684021E+01
2.45462500000E+05	5.592426E-02	8.482922E+01
2.47331250000E+05	6.144971E-02	8.856950E+01
2.49200000000E+05	5.518659E-02	8.391589E+01
2.51068750000E+05	5.955994E-02	9.393252E+01
2.52937500000E+05	5.541582E-02	8.514127E+01
2.54806250000E+05	6.045957E-02	9.396314E+01
2.56675000000E+05	5.163089E-02	8.656488E+01
2.58543750000E+05	5.932062E-02	8.980358E+01
2.60412500000E+05	6.098834E-02	9.104634E+01
2.62281250000E+05	5.570770E-02	8.532583E+01
2.64150000000E+05	6.118741E-02	8.818533E+01
2.66018750000E+05	6.533240E-02	8.807314E+01
2.67887500000E+05	6.257351E-02	8.770073E+01
2.69756250000E+05	5.529884E-02	9.081754E+01
2.71625000000E+05	6.135141E-02	8.677135E+01
2.73493750000E+05	6.715084E-02	8.711146E+01
2.75362500000E+05	6.505229E-02	8.991882E+01
2.77231250000E+05	6.281087E-02	9.234013E+01
2.79100000000E+05	6.733909E-02	8.778132E+01
2.80968750000E+05	6.801103E-02	9.025060E+01
2.82837500000E+05	6.289730E-02	8.461038E+01
2.84706250000E+05	6.230769E-02	9.231889E+01
2.86575000000E+05	6.960630E-02	9.163646E+01
2.88443750000E+05	6.362195E-02	8.003581E+01
2.90312500000E+05	6.370088E-02	8.476581E+01
2.92181250000E+05	6.638607E-02	8.740751E+01
2.94050000000E+05	6.935169E-02	9.327370E+01
2.95918750000E+05	7.296580E-02	8.987764E+01
2.97787500000E+05	6.163974E-02	8.547565E+01
2.99656250000E+05	6.274560E-02	9.310189E+01
3.01525000000E+05	6.872018E-02	8.512115E+01
3.03393750000E+05	6.692627E-02	9.192130E+01
3.05262500000E+05	6.796830E-02	9.080288E+01
3.07131250000E+05	7.791871E-02	8.654242E+01
3.09000000000E+05	6.715628E-02	8.884558E+01
3.10868750000E+05	6.737795E-02	8.295084E+01
3.12737500000E+05	6.924170E-02	9.049228E+01
3.14606250000E+05	7.154240E-02	8.724009E+01
3.16475000000E+05	7.648627E-02	9.120588E+01
3.18343750000E+05	7.505282E-02	9.230357E+01
3.20212500000E+05	7.609660E-02	8.789516E+01
3.22081250000E+05	6.715635E-02	9.063525E+01
3.23950000000E+05	6.727697E-02	8.333074E+01
3.25818750000E+05	6.985086E-02	8.764442E+01
3.27687500000E+05	6.690609E-02	8.515018E+01
3.29556250000E+05	7.808229E-02	8.732778E+01
3.31425000000E+05	7.767330E-02	8.628723E+01
3.33293750000E+05	7.636622E-02	8.799746E+01
3.35162500000E+05	7.687271E-02	9.109411E+01
3.37031250000E+05	8.074172E-02	9.127885E+01
3.38900000000E+05	7.434689E-02	8.893748E+01
3.40768750000E+05	7.828168E-02	8.655454E+01
3.42637500000E+05	8.065660E-02	8.899190E+01
3.44506250000E+05	7.479603E-02	8.821057E+01
3.46375000000E+05	8.178493E-02	9.141931E+01
3.48243750000E+05	7.590263E-02	8.856628E+01
3.50112500000E+05	7.947157E-02	8.949469E+01
3.51981250000E+05	8.332438E-02	8.965235E+01
3.53850000000E+05	7.786788E-02	9.296489E+01
3.55718750000E+05	8.099020E-02	8.867093E+01
3.57587500000E+05	8.264261E-02	8.885706E+01
3.59456250000E+05	8.006854E-02	8.968093E+01
3.61325000000E+05	8.210579E-02	8.809460E+01
3.63193750000E+05	8.551574E-02	9.012090E+01
3.65062500000E+05	8.259925E-02	8.949976E+01
3.66931250000E+05	8.584711E-02	8.886091E+01
3.68800000000E+05	8.127416E-02	8.853309E+01
3.70668750000E+05	8.337939E-02	8.939795E+01
3.72537500000E+05	8.475658E-02	8.982244E+01
3.74406250000E+05	8.055767E-02	9.066795E+01
3.76275000000E+05	8.396135E-02	9.246521E+01
3.78143750000E+05	8.602475E-02	8.775628E+01
3.80012500000E+05	8.588564E-02	9.226795E+01
3.81881250000E+05	8.501709E-02	8.797280E+01
3.83750000000E+05	8.932211E-02	8.936008E+01
3.85618750000E+05	8.708944E-02	8.860571E+01
3.87487500000E+05	8.515914E-02	8.906023E+01
3.89356250000E+05	8.830573E-02	9.138079E+01
3.91225000000E+05	8.591124E-02	8.941326E+01
3.93093750000E+05	9.120703E-02	9.235012E+01
3.94962500000E+05	9.003762E-02	8.863618E+01
3.96831250000E+05	9.186747E-02	9.183653E+01
3.98700000000E+05	9.533576E-02	8.911025E+01
4.00568750000E+05	8.723004E-02	9.023473E+01
4.02437500000E+05	8.801550E-02	8.805949E+01
4.04306250000E+05	8.806615E-02	9.026647E+01
4.06175000000E+05	9.361877E-02	8.856923E+01
4.08043750000E+05	9.436333E-02	9.118001E+01
4.09912500000E+05	8.800238E-02	9.182374E+01
4.11781250000E+05	9.444959E-02	9.090496E+01
4.13650000000E+05	9.230177E-02	9.010459E+01
4.15518750000E+05	8.960596E-02	8.804339E+01
4.17387500000E+05	9.239272E-02	9.292350E+01
4.19256250000E+05	9.664469E-02	8.824023E+01
4.21125000000E+05	9.766255E-02	9.021175E+01
4.22993750000E+05	9.493770E-02	8.951266E+01
4.24862500000E+05	9.848513E-02	9.187156E+01
4.26731250000E+05	9.634952E-02	9.069529E+01
4.28600000000E+05	9.645527E-02	9.000882E+01
4.30468750000E+05	9.951179E-02	8.817735E+01
4.32337500000E+05	9.891391E-02	9.191085E+01
4.34206250000E+05	9.811662E-02	8.994261E+01
4.36075000000E+05	9.434370E-02	8.905579E+01
4.37943750000E+05	8.885180E-02	9.071172E+01
4.39812500000E+05	9.879392E-02	8.955592E+01
4.41681250000E+05	9.644684E-02	8.925803E+01
4.43550000000E+05	1.020066E-01	8.952531E+01
4.45418750000E+05	9.903898E-02	8.920784E+01
4.47287500000E+05	1.013265E-01	8.939798E+01
4.49156250000E+05	1.026944E-01	8.964195E+01
4.51025000000E+05	1.018164E-01	8.785405E+01
4.52893750000E+05	1.010946E-01	8.910357E+01
4.54762500000E+05	1.041350E-01	9.205927E+01
4.56631250000E+05	1.030382E-01	9.062601E+01
4.58500000000E+05	1.003664E-01	9.010228E+01
4.60368750000E+05	1.001515E-01	9.065205E+01
4.62237500000E+05	1.038829E-01	9.065240E+01
4.64106250000E+05	1.025563E-01	8.996637E+01
4.65975000000E+05	1.059800E-01	8.885706E+01
4.67843750000E+05	1.059886E-01	9.017162E+01
4.69712500000E+05	1.042307E-01	8.964257E+01
4.71581250000E+05	1.101088E-01	9.016867E+01
4.73450000000E+05	1.075940E-01	9.231591E+01
4.75318750000E+05	1.067681E-01	8.826412E+01
4.77187500000E+05	1.082108E-01	9.094031E+01
4.79056250000E+05	1.051917E-01	9.066869E+01
4.80925000000E+05	1.080037E-01	9.015941E+01
4.82793750000E+05	1.044822E-01	9.033373E+01
4.84662500000E+05	1.071263E-01	9.066843E+01
4.86531250000E+05	1.081634E-01	9.056435E+01
4.88400000000E+05	1.112742E-01	9.055133E+01
4.90268750000E+05	1.087871E-01	8.862669E+01
4.92137500000E+05	1.120705E-01	8.850855E+01
4.94006250000E+05	1.121103E-01	9.081558E+01
4.95875000000E+05	1.143647E-01	8.814503E+01
4.97743750000E+05	1.094372E-01	8.863319E+01
4.99612500000E+05	1.085493E-01	8.987229E+01
5.01481250000E+05	1.165301E-01	8.960183E+01
5.03350000000E+05	1.140546E-01	9.006794E+01
5.05218750000E+05	1.164971E-01	8.912009E+01
5.07087500000E+05	1.086462E-01	9.055039E+01
5.08956250000E+05	1.163196E-01	8.693244E+01
5.10825000000E+05	1.136489E-01	8.967419E+01
5.12693750000E+05	1.165435E-01	9.105712E+01
5.14562500000E+05	1.168548E-01	9.020695E+01
5.16431250000E+05	1.149504E-01	9.149220E+01
5.18300000000E+05	1.172805E-01	8.991862E+01
5.20168750000E+05	1.126052E-01	8.969328E+01
5.22037500000E+05	1.181904E-01	8.989170E+01
5.23906250000E+05	1.156309E-01	9.014082E+01
5.25775000000E+05	1.211754E-01	8.893414E+01
5.27643750000E+05	1.170802E-01	8.884363E+01
5.29512500000E+05	1.197424E-01	9.037348E+01
5.31381250000E+05	1.134989E-01	8.957531E+01
5.33250000000E+05	1.249752E-01	9.144441E+01
5.35118750000E+05	1.224897E-01	9.035110E+01
5.36987500000E+05	1.155190E-01	9.121104E+01
5.38856250000E+05	1.197761E-01	8.940462E+01
5.40725000000E+05	1.181950E-01	9.005531E+01
5.42593750000E+05	1.209963E-01	9.063184E+01
5.44462500000E+05	1.225242E-01	9.105708E+01
5.46331250000E+05	1.240703E-01	9.252719E+01
5.48200000000E+05	1.216231E-01	9.069831E+01
5.50068750000E+05	1.208579E-01	9.084824E+01
5.51937500000E+05	1.250231E-01	9.105481E+01
5.53806250000E+05	1.274403E-01	9.047485E+01
5.55675000000E+05	1.250449E-01	9.172695E+01
5.57543750000E+05	1.271608E-01	9.125452E+01
5.59412500000E+05	1.271962E-01	8.772186E+01
5.61281250000E+05	1.265372E-01	8.969911E+01
5.63150000000E+05	1.225893E-01	9.023145E+01
5.65018750000E+05	1.263976E-01	9.073394E+01
5.66887500000E+05	1.289449E-01	9.031696E+01
5.68756250000E+05	1.273866E-01	9.086718E+01
5.70625000000E+05	1.267445E-01	9.009838E+01
5.72493750000E+05	1.267337E-01	8.919328E+01
5.74362500000E+05	1.287864E-01	9.090386E+01
5.76231250000E+05	1.302903E-01	9.064535E+01
5.78100000000E+05	1.321229E-01	8.983134E+01
5.79968750000E+05	1.335120E-01	9.007264E+01
5.81837500000E+05	1.306183E-01	9.010535E+01
5.83706250000E+05	1.301043E-01	8.895325E+01
5.85575000000E+05	1.335781E-01	9.094576E+01
5.87443750000E+05	1.340827E-01	8.991869E+01
5.89312500000E+05	1.305177E-01	8.910349E+01
5.91181250000E+05	1.285336E-01	9.172000E+01
5.93050000000E+05	1.322474E-01	9.238049E+01
5.94918750000E+05	1.312536E-01	9.063281E+01
5.96787500000E+05	1.334607E-01	9.067165E+01
5.98656250000E+05	1.323128E-01	9.054321E+01
6.00525000000E+05	1.350593E-01	9.126722E+01
6.02393750000E+05	1.357350E-01	9.011794E+01
6.04262500000E+05	1.370472E-01	9.045774E+01
6.06131250000E+05	1.356594E-01	9.038109E+01
6.08000000000E+05	1.385401E-01	9.151146E+01
6.09868750000E+05	1.358519E-01	8.918259E+01
6.11737500000E+05	1.424035E-01	8.990997E+01
6.13606250000E+05	1.363860E-01	8.915620E+01
6.15475000000E+05	1.397610E-01	9.184709E+01
6.17343750000E+05	1.397421E-01	8.951358E+01
6.19212500000E+05	1.358642E-01	9.104941E+01
6.21081250000E+05	1.400977E-01	9.080541E+01
6.22950000000E+05	1.402261E-01	9.127438E+01
6.24818750000E+05	1.399398E-01	9.041100E+01
6.26687500000E+05	1.413939E-01	8.924839E+01
6.28556250000E+05	1.409308E-01	9.080923E+01
6.30425000000E+05	1.399978E-01	9.145069E+01
6.32293750000E+05	1.411811E-01	8.936065E+01
6.34162500000E+05	1.453005E-01	9.037685E+01
6.36031250000E+05	1.434324E-01	8.996499E+01
6.37900000000E+05	1.412124E-01	9.069541E+01
6.39768750000E+05	1.450657E-01	9.192269E+01
6.41637500000E+05	1.435572E-01	8.979711E+01
6.43506250000E+05	1.439311E-01	8.953406E+01
6.45375000000E+05	1.451149E-01	9.064169E+01
6.47243750000E+05	1.455694E-01	8.992770E+01
6.49112500000E+05	1.464009E-01	9.115375E+01
6.50981250000E+05	1.464524E-01	9.081362E+01
6.52850000000E+05	1.446324E-01	9.039369E+01
6.54718750000E+05	1.468805E-01	9.134574E+01
6.56587500000E+05	1.484079E-01	9.011495E+01
6.58456250000E+05	1.454652E-01	8.998953E+01
6.60325000000E+05	1.507344E-01	9.014369E+01
6.62193750000E+05	1.448528E-01	9.039516E+01
6.64062500000E+05	1.481882E-01	9.001160E+01
6.65931250000E+05	1.512403E-01	9.040023E+01
6.67800000000E+05	1.491298E-01	9.129084E+01
6.69668750000E+05	1.495726E-01	8.904491E+01
6.71537500000E+05	1.462335E-01	9.011643E+01
6.73406250000E+05	1.512239E-01	9.110065E+01
6.75275000000E+05	1.533468E-01	9.142160E+01
6.77143750000E+05	1.489003E-01	9.035268E+01
6.79012500000E+05	1.519542E-01	9.058616E+01
6.80881250000E+05	1.489415E-01	9.041962E+01
6.82750000000E+05	1.532310E-01	8.907113E+01
6.84618750000E+05	1.546389E-01	9.106809E+01
6.86487500000E+05	1.529441E-01	8.994175E+01
6.88356250000E+05	1.517880E-01	9.067530E+01
6.90225000000E+05	1.549818E-01	8.956480E+01
6.92093750000E+05	1.525776E-01	8.996288E+01
6.93962500000E+05	1.518123E-01	9.079682E+01
6.95831250000E+05	1.556300E-01	9.032907E+01
6.97700000000E+05	1.551099E-01	9.045003E+01
6.99568750000E+05	1.560296E-01	9.094244E+01
7.01437500000E+05	1.543379E-01	9.144158E+01
7.03306250000E+05	1.591319E-01	9.054922E+01
7.05175000000E+05	1.558247E-01	9.096108E+01
7.07043750000E+05	1.591396E-01	9.106182E+01
7.08912500000E+05	1.583966E-01	9.105161E+01
7.10781250000E+05	1.555385E-01	9.147240E+01
7.12650000000E+05	1.611855E-01	9.022129E+01
7.14518750000E+05	1.585411E-01	9.088337E+01
7.16387500000E+05	1.585500E-01	9.079357E+01
7.18256250000E+05	1.618669E-01	8.952389E+01
7.20125000000E+05	1.605639E-01	9.016737E+01
7.21993750000E+05	1.585862E-01	9.103586E+01
7.23862500000E+05	1.603631E-01	9.163775E+01
7.25731250000E+05	1.601866E-01	9.144772E+01
7.27600000000E+05	1.617561E-01	9.106190E+01
7.29468750000E+05	1.620733E-01	9.058234E+01
7.31337500000E+05	1.640540E-01	9.078732E+01
7.33206250000E+05	1.615783E-01	9.027881E+01
7.35075000000E+05	1.655792E-01	9.020171E+01
7.36943750000E+05	1.625174E-01	9.059753E+01
7.38812500000E+05	1.625878E-01	9.110587E+01
7.40681250000E+05	1.622556E-01	9.095238E+01
7.42550000000E+05	1.658081E-01	9.143698E+01
7.44418750000E+05	1.664540E-01	9.049415E+01
7.46287500000E+05	1.669115E-01	9.211112E+01
7.48156250000E+05	1.678772E-01	9.104464E+01
7.50025000000E+05	1.707562E-01	9.174741E+01
7.51893750000E+05	1.664272E-01	8.977995E+01
7.53762500000E+05	1.675841E-01	9.226486E+01
7.55631250000E+05	1.679431E-01	9.156490E+01
7.57500000000E+05	1.674141E-01	9.017995E+01
7.59368750000E+05	1.726802E-01	9.149158E+01
7.61237500000E+05	1.682602E-01	9.017446E+01
7.63106250000E+05	1.694770E-01	9.079877E+01
7.64975000000E+05	1.674391E-01	9.113358E+01
7.66843750000E+05	1.706401E-01	9.128541E+01
7.68712500000E+05	1.729669E-01	9.151171E+01
7.70581250000E+05	1.703210E-01	9.049253E+01
7.72450000000E+05	1.742591E-01	9.158021E+01
7.74318750000E+05	1.717111E-01	9.098332E+01
7.76187500000E+05	1.721274E-01	9.059928E+01
7.78056250000E+05	1.751286E-01	9.159065E+01
7.79925000000E+05	1.749099E-01	8.979044E+01
7.81793750000E+05	1.767634E-01	9.056779E+01
7.83662500000E+05	1.728427E-01	9.059302E+01
7.85531250000E+05	1.733199E-01	9.128156E+01
7.87400000000E+05	1.770438E-01	9.109242E+01
7.89268750000E+05	1.776676E-01	8.930349E+01
7.91137500000E+05	1.781965E-01	9.095466E+01
7.93006250000E+05	1.788313E-01	9.117619E+01
7.94875000000E+05	1.764729E-01	9.127686E+01
7.96743750000E+05	1.758827E-01	9.072643E+01
7.98612500000E+05	1.773851E-01	9.193853E+01
8.00481250000E+05	1.794515E-01	9.084126E+01
8.02350000000E+05	1.783261E-01	9.061829E+01
8.04218750000E+05	1.809583E-01	9.160567E+01
8.06087500000E+05	1.759959E-01	9.114251E+01
8.07956250000E+05	1.779929E-01	9.085444E+01
8.09825000000E+05	1.819143E-01	9.080602E+01
8.11693750000E+05	1.792922E-01	9.058183E+01
8.13562500000E+05	1.833522E-01	9.127158E+01
8.15431250000E+05	1.782122E-01	9.203765E+01
8.17300000000E+05	1.815670E-01	9.155756E+01
8.19168750000E+05	1.853127E-01	9.072604E+01
8.21037500000E+05	1.839680E-01	9.042784E+01
8.22906250000E+05	1.862936E-01	9.031844E+01
8.24775000000E+05	1.812922E-01	9.137283E+01
8.26643750000E+05	1.851369E-01	8.988005E+01
8.28512500000E+05	1.822739E-01	9.138985E+01
8.30381250000E+05	1.837225E-01	9.065934E+01
8.32250000000E+05	1.877434E-01	9.052396E+01
8.34118750000E+05	1.885517E-01	9.078842E+01
8.35987500000E+05	1.849821E-01	9.210711E+01
8.37856250000E+05	1.863132E-01	9.063277E+01
8.39725000000E+05	1.878325E-01	9.010654E+01
8.41593750000E+05	1.876990E-01	9.164143E+01
8.43462500000E+05	1.866742E-01	9.047366E+01
8.45331250000E+05	1.854216E-01	9.119911E+01
8.47200000000E+05	1.872716E-01	9.111636E+01
8.49068750000E+05	1.875895E-01	9.141936E+01
8.50937500000E+05	1.884015E-01	9.092389E+01
8.52806250000E+05	1.914008E-01	9.159951E+01
8.54675000000E+05	1.901665E-01	9.184024E+01
8.56543750000E+05	1.893646E-01	9.075526E+01
8.58412500000E+05	1.908828E-01	9.116651E+01
8.60281250000E+05	1.950701E-01	9.125916E+01
8.62150000000E+05	1.894026E-01	9.151921E+01
8.64018750000E+05	1.917320E-01	9.118541E+01
8.65887500000E+05	1.933964E-01	9.074079E+01
8.67756250000E+05	1.914914E-01	9.047215E+01
8.69625000000E+05	1.947710E-01	9.124214E+01
8.71493750000E+05	1.901639E-01	9.124280E+01
8.73362500000E+05	1.949427E-01	9.154913E+01
8.75231250000E+05	1.959163E-01	9.127615E+01
8.77100000000E+05	1.950357E-01	9.061323E+01
8.78968750000E+05	1.967784E-01	9.091906E+01
8.80837500000E+05	1.976112E-01	9.053680E+01
8.82706250000E+05	1.960946E-01	9.090968E+01
8.84575000000E+05	1.958450E-01	9.138380E+01
8.86443750000E+05	1.961673E-01	9.095212E+01
8.88312500000E+05	1.956461E-01	9.023416E+01
8.90181250000E+05	1.962513E-01	9.107942E+01
8.92050000000E+05	1.991113E-01	9.161618E+01
8.93918750000E+05	1.993876E-01	9.106439E+01
8.95787500000E+05	1.979086E-01	9.072620E+01
8.97656250000E+05	1.970281E-01	9.206633E+01
8.99525000000E+05	1.983449E-01	9.034432E+01
9.01393750000E+05	1.979261E-01	9.151093E+01
9.03262500000E+05	2.012150E-01	9.023245E+01
9.05131250000E+05	2.020841E-01	9.224306E+01
9.07000000000E+05	2.013710E-01	9.212519E+01
9.08868750000E+05	2.018552E-01	9.117198E+01
9.10737500000E+05	2.012439E-01	9.106381E+01
9.12606250000E+05	1.995873E-01	9.139052E+01
9.14475000000E+05	2.032687E-01	9.136122E+01
9.16343750000E+05	2.059111E-01	9.080509E+01
9.18212500000E+05	2.022673E-01	9.139826E+01
9.20081250000E+05	2.026060E-01	9.050019E+01
9.21950000000E+05	2.062836E-01	9.231893E+01
9.23818750000E+05	2.032185E-01	9.176077E+01
9.25687500000E+05	2.059873E-01	9.081963E+01
9.27556250000E+05	2.071944E-01	9.032754E+01
9.29425000000E+05	2.091146E-01	9.066971E+01
9.31293750000E+05	2.077001E-01	9.111856E+01
9.33162500000E+05	2.057508E-01	9.135912E+01
9.35031250000E+05	2.087487E-01	9.130314E+01
9.36900000000E+05	2.096143E-01	9.151859E+01
9.38768750000E+05	2.078845E-01	9.207272E+01
9.40637500000E+05	2.106977E-01	9.151569E+01
9.42506250000E+05	2.123624E-01	9.054323E+01
9.44375000000E+05	2.092000E-01	9.193935E+01
9.46243750000E+05	2.090969E-01	9.164911E+01
9.48112500000E+05	2.087862E-01	9.163056E+01
9.49981250000E+05	2.107170E-01	9.083155E+01
9.51850000000E+05	2.107212E-01	9.128856E+01
9.53718750000E+05	2.096681E-01	9.085418E+01
9.55587500000E+05	2.141771E-01	9.146169E+01
9.57456250000E+05	2.113872E-01	9.111906E+01
9.59325000000E+05	2.111030E-01	9.048242E+01
9.61193750000E+05	2.107656E-01	9.083658E+01
9.63062500000E+05	2.120666E-01	9.093384E+01
9.64931250000E+05	2.143415E-01	9.225327E+01
9.66800000000E+05	2.142375E-01	9.113094E+01
9.68668750000E+05	2.131037E-01	9.186157E+01
9.70537500000E+05	2.132432E-01	9.130829E+01
9.72406250000E+05	2.165970E-01	9.132324E+01
9.74275000000E+05	2.167740E-01	9.111332E+01
9.76143750000E+05	2.148606E-01	9.121372E+01
9.78012500000E+05	2.176600E-01	9.125031E+01
9.79881250000E+05	2.181981E-01	9.116375E+01
9.81750000000E+05	2.160988E-01	9.173853E+01
9.83618750000E+05	2.201921E-01	9.162916E+01
9.85487500000E+05	2.167959E-01	9.116541E+01
9.87356250000E+05	2.180259E-01	9.146774E+01
9.89225000000E+05	2.161584E-01	9.125608E+01
9.91093750000E+05	2.181319E-01	9.118523E+01
9.92962500000E+05	2.198926E-01	9.124362E+01
9.94831250000E+05	2.193461E-01	9.122312E+01
9.96700000000E+05	2.203096E-01	9.122122E+01
9.98568750000E+05	2.206656E-01	9.162875E+01
1.00043750000E+06	2.176179E-01	9.195042E+01
1.00230625000E+06	2.216059E-01	9.095944E+01
1.00417500000E+06	2.227878E-01	9.171557E+01
1.00604375000E+06	2.236168E-01	9.072527E+01
1.00791250000E+06	2.223646E-01	9.178706E+01
1.00978125000E+06	2.226403E-01	9.139172E+01
1.01165000000E+06	2.235801E-01	9.122517E+01
1.01351875000E+06	2.227774E-01	9.145694E+01
1.01538750000E+06	2.235892E-01	9.143259E+01
1.01725625000E+06	2.256989E-01	9.260411E+01
1.01912500000E+06	2.243572E-01	9.067040E+01
1.02099375000E+06	2.266669E-01	9.187971E+01
1.02286250000E+06	2.275427E-01	9.114528E+01
1.02473125000E+06	2.274894E-01	9.197380E+01
1.02660000000E+06	2.255390E-01	9.128887E+01
1.02846875000E+06	2.268024E-01	9.125642E+01
1.03033750000E+06	2.268623E-01	9.169514E+01
1.03220625000E+06	2.277760E-01	9.162797E+01
1.03407500000E+06	2.274279E-01	9.163747E+01
1.03594375000E+06	2.293963E-01	9.117986E+01
1.03781250000E+06	2.277144E-01	9.123119E+01
1.03968125000E+06	2.291870E-01	9.145620E+01
1.04155000000E+06	2.323341E-01	9.133899E+01
1.04341875000E+06	2.302298E-01	9.149632E+01
1.04528750000E+06	2.300772E-01	9.157279E+01
1.04715625000E+06	2.307328E-01	9.122447E+01
1.04902500000E+06	2.313310E-01	9.111577E+01
1.05089375000E+06	2.306766E-01	9.194341E+01
1.05276250000E+06	2.337326E-01	9.160092E+01
1.05463125000E+06	2.330220E-01	9.220042E+01
1.05650000000E+06	2.336186E-01	9.139319E+01
1.05836875000E+06	2.331720E-01	9.190148E+01
1.06023750000E+06	2.352600E-01	9.094962E+01
1.06210625000E+06	2.361435E-01	9.130562E+01
1.06397500000E+06	2.330284E-01	9.138465E+01
1.06584375000E+06	2.341219E-01	9.119170E+01
1.06771250000E+06	2.375869E-01	9.080994E+01
1.06958125000E+06	2.349762E-01	9.167367E+01
1.07145000000E+06	2.365976E-01	9.258029E+01
1.07331875000E+06	2.372808E-01	9.187086E+01
1.07518750000E+06	2.356827E-01	9.155411E+01
1.07705625000E+06	2.371157E-01	9.168170E+01
1.07892500000E+06	2.395203E-01	9.130416E+01
1.08079375000E+06	2.389472E-01	9.124165E+01
1.08266250000E+06	2.381843E-01	9.186491E+01
1.08453125000E+06	2.402659E-01	9.160405E+01
1.08640000000E+06	2.416903E-01	9.182481E+01
1.08826875000E+06	2.381234E-01	9.129375E+01
1.09013750000E+06	2.377381E-01	9.167172E+01
1.09200625000E+06	2.427034E-01	9.161280E+01
1.09387500000E+06	2.408161E-01	9.216529E+01
1.09574375000E+06	2.408556E-01	9.162484E+01
1.09761250000E+06	2.395440E-01	9.189405E+01
1.09948125000E+06	2.429061E-01	9.215891E+01
1.10135000000E+06	2.406029E-01	9.216621E+01
1.10321875000E+06	2.418073E-01	9.190393E+01
1.10508750000E+06	2.458641E-01	9.164251E+01
1.10695625000E+06	2.452293E-01	9.183478E+01
1.10882500000E+06	2.447493E-01	9.202728E+01
1.11069375000E+06	2.455977E-01	9.155011E+01
1.11256250000E+06	2.428425E-01	9.153512E+01
1.11443125000E+06	2.440034E-01	9.067957E+01
1.11630000000E+06	2.474894E-01	9.198316E+01
1.11816875000E+06	2.460108E-01	9.195296E+01
1.12003750000E+06	2.470170E-01	9.195923E+01
1.12190625000E+06	2.479774E-01	9.147380E+01
1.12377500000E+06	2.471105E-01	9.144951E+01
1.12564375000E+06	2.482052E-01	9.151006E+01
1.12751250000E+06	2.487042E-01	9.159736E+01
1.12938125000E+06	2.485062E-01	9.181469E+01
1.13125000000E+06	2.493341E-01	9.133774E+01
1.13311875000E+06	2.504424E-01	9.178770E+01
1.13498750000E+06	2.518417E-01	9.185475E+01
1.13685625000E+06	2.502678E-01	9.162843E+01
1.13872500000E+06	2.528163E-01	9.180177E+01
1.14059375000E+06	2.532833E-01	9.215043E+01
1.14246250000E+06	2.517331E-01	9.198150E+01
1.14433125000E+06	2.521883E-01	9.205643E+01
1.14620000000E+06	2.541961E-01	9.198246E+01
1.14806875000E+06	2.525747E-01	9.162615E+01
1.14993750000E+06	2.528102E-01	9.159174E+01
1.15180625000E+06	2.530080E-01	9.212036E+01
1.15367500000E+06	2.535740E-01	9.178400E+01
1.15554375000E+06	2.554600E-01	9.208643E+01
1.15741250000E+06	2.566837E-01	9.233972E+01
1.15928125000E+06	2.539316E-01	9.210844E+01
1.16115000000E+06	2.548465E-01	9.159959E+01
1.16301875000E+06	2.525906E-01	9.185468E+01
1.16488750000E+06	2.553464E-01	9.237730E+01
1.16675625000E+06	2.575103E-01	9.144190E+01
1.16862500000E+06	2.566670E-01	9.161275E+01
1.17049375000E+06	2.550645E-01	9.204085E+01
1.17236250000E+06	2.598059E-01	9.162972E+01
1.17423125000E+06	2.559846E-01	9.170103E+01
1.17610000000E+06	2.584117E-01	9.235430E+01
1.17796875000E+06	2.559007E-01	9.225864E+01
1.17983750000E+06	2.596675E-01	9.207228E+01
1.18170625000E+06	2.596185E-01	9.177628E+01
1.18357500000E+06	2.607678E-01	9.150713E+01
1.18544375000E+06	2.607006E-01	9.158750E+01
1.18731250000E+06	2.633321E-01	9.172313E+01
1.18918125000E+06	2.624428E-01	9.212029E+01
1.19105000000E+06	2.625361E-01	9.153754E+01
1.19291875000E+06	2.614770E-01	9.238609E+01
1.19478750000E+06	2.609908E-01	9.184679E+01
1.19665625000E+06	2.649148E-01	9.223206E+01
1.19852500000E+06	2.648077E-01	9.180008E+01
1.20039375000E+06	2.653592E-01	9.179951E+01
1.20226250000E+06	2.644978E-01	9.159360E+01
1.20413125000E+06	2.658956E-01	9.182194E+01
1.20600000000E+06	2.665352E-01	9.189070E+01
1.20786875000E+06	2.689483E-01	9.191253E+01
1.20973750000E+06	2.657641E-01	9.138911E+01
1.21160625000E+06	2.662380E-01	9.138922E+01
1.21347500000E+06	2.687619E-01	9.194644E+01
1.21534375000E+06	2.666351E-01	9.277107E+01
1.21721250000E+06	2.700340E-01	9.179723E+01
1.21908125000E+06	2.693029E-01	9.133272E+01
1.22095000000E+06	2.688905E-01	9.209045E+01
1.22281875000E+06	2.705706E-01	9.228092E+01
1.22468750000E+06	2.674306E-01	9.189371E+01
1.22655625000E+06	2.710610E-01	9.252729E+01
1.22842500000E+06	2.707864E-01	9.187883E+01
1.23029375000E+06	2.710956E-01	9.182057E+01
1.23216250000E+06	2.685755E-01	9.184498E+01
1.23403125000E+06	2.703721E-01	9.185556E+01
1.23590000000E+06	2.688557E-01	9.174294E+01
1.23776875000E+06	2.719173E-01	9.167348E+01
1.23963750000E+06	2.741556E-01	9.169946E+01
1.24150625000E+06	2.733587E-01	9.233931E+01
1.24337500000E+06	2.748007E-01	9.209364E+01
1.24524375000E+06	2.757655E-01	9.206922E+01
1.24711250000E+06	2.741227E-01	9.200056E+01
1.24898125000E+06	2.731515E-01	9.152710E+01
1.25085000000E+06	2.741292E-01	9.247662E+01
1.25271875000E+06	2.766101E-01	9.182071E+01
1.25458750000E+06	2.716976E-01	9.203307E+01
1.25645625000E+06	2.735457E-01	9.206318E+01
1.25832500000E+06	2.775674E-01	9.172317E+01
1.26019375000E+06	2.772124E-01	9.171883E+01
1.26206250000E+06	2.778980E-01	9.205840E+01
1.26393125000E+06	2.797132E-01	9.207584E+01
1.26580000000E+06	2.780871E-01	9.181368E+01
1.26766875000E+06	2.774879E-01	9.187978E+01
1.26953750000E+06	2.784947E-01	9.183865E+01
1.27140625000E+06	2.787998E-01	9.170915E+01
1.27327500000E+06	2.802180E-01	9.183355E+01
1.27514375000E+06	2.784397E-01	9.199147E+01
1.27701250000E+06	2.792636E-01	9.225866E+01
1.27888125000E+06	2.823853E-01	9.203060E+01
1.28075000000E+06	2.812386E-01	9.233188E+01
1.28261875000E+06	2.795447E-01	9.161604E+01
1.28448750000E+06	2.824711E-01	9.204700E+01
1.28635625000E+06	2.830687E-01	9.164843E+01
1.28822500000E+06	2.812448E-01	9.239565E+01
1.29009375000E+06	2.808398E-01	9.235530E+01
1.29196250000E+06	2.815486E-01	9.247226E+01
1.29383125000E+06	2.830326E-01	9.184771E+01
1.29570000000E+06	2.819916E-01	9.180354E+01
1.29756875000E+06	2.859142E-01	9.152271E+01
1.29943750000E+06	2.871507E-01	9.191287E+01
1.30130625000E+06	2.850763E-01	9.224185E+01
1.30317500000E+06	2.868316E-01	9.235309E+01
1.30504375000E+06	2.846413E-01	9.192167E+01
1.30691250000E+06	2.853324E-01	9.171734E+01
1.30878125000E+06	2.866805E-01	9.249191E+01
1.31065000000E+06	2.877430E-01	9.187656E+01
1.31251875000E+06	2.887324E-01	9.225924E+01
1.31438750000E+06	2.862987E-01	9.234894E+01
1.31625625000E+06	2.880544E-01	9.213055E+01
1.31812500000E+06	2.913246E-01	9.215161E+01
1.31999375000E+06	2.928103E-01	9.246761E+01
1.32186250000E+06	2.882088E-01	9.197225E+01
1.32373125000E+06	2.888883E-01	9.129485E+01
1.32560000000E+06	2.929472E-01	9.219588E+01
1.32746875000E+06	2.903846E-01	9.180803E+01
1.32933750000E+06	2.926086E-01	9.282079E+01
1.33120625000E+06	2.936228E-01	9.166724E+01
1.33307500000E+06	2.902620E-01	9.194222E+01
1.33494375000E+06	2.898321E-01	9.159503E+01
1.33681250000E+06	2.931967E-01	9.203783E+01
1.33868125000E+06	2.937039E-01	9.216990E+01
1.34055000000E+06	2.915066E-01	9.220051E+01
1.34241875000E+06	2.931606E-01	9.216171E+01
1.34428750000E+06	2.951905E-01	9.209885E+01
1.34615625000E+06	2.945586E-01	9.242100E+01
1.34802500000E+06	2.927412E-01	9.200907E+01
1.34989375000E+06	2.926292E-01	9.203020E+01
1.35176250000E+06	2.958509E-01	9.185280E+01
1.35363125000E+06	2.980791E-01	9.284667E+01
1.35550000000E+06	2.944025E-01	9.223455E+01
1.35736875000E+06	2.982046E-01	9.245966E+01
1.35923750000E+06	2.984322E-01	9.253280E+01
1.36110625000E+06	2.996292E-01	9.225433E+01
1.36297500000E+06	2.995547E-01	9.223836E+01
1.36484375000E+06	2.953013E-01	9.241970E+01
1.36671250000E+06	2.978660E-01	9.173267E+01
1.36858125000E+06	2.985784E-01	9.228233E+01
1.37045000000E+06	3.012174E-01	9.193253E+01
1.37231875000E+06	3.015157E-01	9.227139E+01
1.37418750000E+06	3.011124E-01	9.259937E+01
1.37605625000E+06	2.996255E-01	9.237001E+01
1.37792500000E+06	3.034145E-01	9.227122E+01
1.37979375000E+06	3.064292E-01	9.209798E+01
1.38166250000E+06	2.998852E-01	9.253349E+01
1.38353125000E+06	3.019504E-01	9.241543E+01
1.38540000000E+06	3.027539E-01	9.258347E+01
1.38726875000E+06	3.013000E-01	9.209174E+01
1.38913750000E+06	3.043862E-01	9.230000E+01
1.39100625000E+06	3.033638E-01	9.273966E+01
1.39287500000E+06	3.039330E-01	9.185530E+01
1.39474375000E+06	3.067926E-01	9.219196E+01
1.39661250000E+06	3.050733E-01	9.240790E+01
1.39848125000E+06	3.058795E-01	9.207800E+01
1.40035000000E+06	3.037103E-01	9.249623E+01
1.40221875000E+06	3.079673E-01	9.172218E+01
1.40408750000E+06	3.079309E-01	9.229263E+01
1.40595625000E+06	3.064460E-01	9.225750E+01
1.40782500000E+06	3.042563E-01	9.263804E+01
1.40969375000E+06	3.094144E-01	9.239268E+01
1.41156250000E+06	3.084473E-01	9.220847E+01
1.41343125000E+06	3.085575E-01	9.249002E+01
1.41530000000E+06	3.089671E-01	9.227065E+01
1.41716875000E+06	3.115348E-01	9.213295E+01
1.41903750000E+06	3.099510E-01	9.227652E+01
1.42090625000E+06	3.089397E-01	9.234193E+01
1.42277500000E+06	3.104155E-01	9.219173E+01
1.42464375000E+06	3.118161E-01	9.197243E+01
1.42651250000E+06	3.071573E-01	9.246927E+01
1.42838125000E+06	3.133195E-01	9.295745E+01
1.43025000000E+06	3.131562E-01	9.288087E+01
1.43211875000E+06	3.103231E-01	9.237350E+01
1.43398750000E+06	3.143683E-01	9.252213E+01
1.43585625000E+06	3.145896E-01	9.233134E+01
1.43772500000E+06	3.125637E-01	9.248516E+01
1.43959375000E+06	3.125287E-01	9.234570E+01
1.44146250000E+06	3.140711E-01	9.211754E+01
1.44333125000E+06	3.159789E-01	9.241531E+01
1.44520000000E+06	3.147754E-01	9.242287E+01
1.44706875000E+06	3.144019E-01	9.215128E+01
1.44893750000E+06	3.153006E-01	9.219479E+01
1.45080625000E+06	3.171153E-01	9.259631E+01
1.45267500000E+06	3.194273E-01	9.285310E+01
1.45454375000E+06	3.168017E-01	9.238026E+01
1.45641250000E+06	3.187318E-01	9.224072E+01
1.45828125000E+06	3.189794E-01	9.265524E+01
1.46015000000E+06	3.192257E-01	9.234525E+01
1.46201875000E+06	3.185633E-01	9.277014E+01
1.46388750000E+06	3.178253E-01	9.175022E+01
1.46575625000E+06	3.226624E-01	9.210538E+01
1.46762500000E+06	3.193080E-01	9.217693E+01
1.46949375000E+06	3.211198E-01	9.248875E+01
1.47136250000E+06	3.215527E-01	9.253201E+01
1.47323125000E+06	3.241208E-01	9.208537E+01
1.47510000000E+06	3.193201E-01	9.256491E+01
1.47696875000E+06	3.243018E-01	9.239525E+01
1.47883750000E+06	3.216097E-01	9.247285E+01
1.48070625000E+06	3.241567E-01	9.264388E+01
1.48257500000E+06	3.245031E-01	9.279698E+01
1.48444375000E+06	3.243553E-01	9.226076E+01
1.48631250000E+06	3.249778E-01	9.262419E+01
1.48818125000E+06	3.245967E-01	9.236277E+01
1.49005000000E+06	3.273053E-01	9.266124E+01
1.49191875000E+06	3.255320E-01	9.260122E+01
1.49378750000E+06	3.251550E-01	9.235043E+01
1.49565625000E+06	3.244903E-01	9.262231E+01
1.49752500000E+06	3.247293E-01	9.266446E+01
1.49939375000E+06	3.265229E-01	9.245849E+01
1.50126250000E+06	3.280242E-01	9.259900E+01
1.50313125000E+06	3.270208E-01	9.273975E+01
1.50500000000E+06	3.257020E-01	9.230521E+01
1.50686875000E+06	3.268633E-01	9.256203E+01
1.50873750000E+06	3.272560E-01	9.217434E+01
1.51060625000E+06	3.283600E-01	9.287505E+01
1.51247500000E+06	3.287255E-01	9.271508E+01
1.51434375000E+06	3.291031E-01	9.283652E+01
1.51621250000E+06	3.320451E-01	9.256880E+01
1.51808125000E+06	3.327841E-01	9.256036E+01
1.51995000000E+06	3.280723E-01	9.260040E+01
1.52181875000E+06	3.318535E-01	9.260970E+01
1.52368750000E+06	3.309070E-01	9.231911E+01
1.52555625000E+06	3.347818E-01	9.225390E+01
1.52742500000E+06	3.332196E-01	9.285510E+01
1.52929375000E+06	3.339162E-01	9.287607E+01
1.53116250000E+06	3.321137E-01	9.294214E+01
1.53303125000E+06	3.342320E-01	9.256550E+01
1.53490000000E+06	3.345283E-01	9.234068E+01
1.53676875000E+06	3.324026E-01	9.282920E+01
1.53863750000E+06	3.357213E-01	9.254609E+01
1.54050625000E+06	3.338514E-01	9.287604E+01
1.54237500000E+06	3.359119E-01	9.295722E+01
1.54424375000E+06	3.361330E-01	9.262175E+01
1.54611250000E+06	3.349564E-01	9.265967E+01
1.54798125000E+06	3.405721E-01	9.265239E+01
1.54985000000E+06	3.368663E-01	9.261456E+01
1.55171875000E+06	3.403009E-01	9.278123E+01
1.55358750000E+06	3.381523E-01	9.247358E+01
1.55545625000E+06	3.405536E-01	9.229060E+01
1.55732500000E+06	3.393063E-01	9.267072E+01
1.55919375000E+06	3.386405E-01	9.302703E+01
1.56106250000E+06	3.394529E-01	9.256898E+01
1.56293125000E+06	3.404515E-01	9.265051E+01
1.56480000000E+06	3.401248E-01	9.254559E+01
1.56666875000E+06	3.411801E-01	9.300426E+01
1.56853750000E+06	3.414712E-01	9.265566E+01
1.57040625000E+06	3.403755E-01	9.291854E+01
1.57227500000E+06	3.431767E-01	9.243516E+01
1.57414375000E+06	3.416332E-01	9.239119E+01
1.57601250000E+06	3.420511E-01	9.273835E+01
1.57788125000E+06	3.434862E-01	9.283755E+01
1.57975000000E+06	3.484117E-01	9.271275E+01
1.58161875000E+06	3.459774E-01	9.262263E+01
1.58348750000E+06	3.429927E-01	9.236597E+01
1.58535625000E+06	3.445129E-01	9.292888E+01
1.58722500000E+06	3.446271E-01	9.301843E+01
1.58909375000E+06	3.460672E-01	9.237982E+01
1.59096250000E+06	3.457730E-01	9.268914E+01
1.59283125000E+06	3.485407E-01	9.270235E+01
1.59470000000E+06	3.461485E-01	9.265971E+01
1.59656875000E+06	3.473532E-01	9.246121E+01
1.59843750000E+06	3.446217E-01	9.329213E+01
1.60030625000E+06	3.470433E-01	9.283311E+01
1.60217500000E+06	3.478473E-01	9.274059E+01
1.60404375000E+06	3.491400E-01	9.241294E+01
1.60591250000E+06	3.496656E-01	9.284866E+01
1.60778125000E+06	3.508744E-01	9.279824E+01
1.60965000000E+06	3.509796E-01	9.276613E+01
1.61151875000E+06	3.497309E-01	9.290193E+01
1.61338750000E+06	3.508047E-01	9.272305E+01
1.61525625000E+06	3.497576E-01	9.270065E+01
1.61712500000E+06	3.492868E-01	9.215263E+01
1.61899375000E+06	3.539131E-01	9.267245E+01
1.62086250000E+06	3.495266E-01	9.294383E+01
1.62273125000E+06	3.546228E-01	9.227579E+01
1.62460000000E+06	3.525926E-01	9.306641E+01
1.62646875000E+06	3.540456E-01	9.264728E+01
1.62833750000E+06	3.524948E-01	9.268938E+01
1.63020625000E+06	3.556411E-01	9.311268E+01
1.63207500000E+06	3.539699E-01	9.268418E+01
1.63394375000E+06	3.569183E-01	9.272802E+01
1.63581250000E+06	3.552384E-01	9.276710E+01
1.63768125000E+06	3.566703E-01	9.263808E+01
1.63955000000E+06	3.564098E-01	9.274094E+01
1.64141875000E+06	3.548873E-01	9.323474E+01
1.64328750000E+06	3.553928E-01	9.263445E+01
1.64515625000E+06	3.570251E-01	9.259007E+01
1.64702500000E+06	3.592398E-01	9.284229E+01
1.64889375000E+06	3.588048E-01	9.288748E+01
1.65076250000E+06	3.566137E-01	9.299223E+01
1.65263125000E+06	3.573083E-01	9.288029E+01
1.65450000000E+06	3.588435E-01	9.284863E+01
1.65636875000E+06	3.618301E-01	9.242075E+01
1.65823750000E+06	3.607644E-01	9.285844E+01
1.66010625000E+06	3.597573E-01	9.267836E+01
1.66197500000E+06	3.616992E-01	9.261057E+01
1.66384375000E+06	3.606031E-01	9.272414E+01
1.66571250000E+06	3.594683E-01	9.302036E+01
1.66758125000E+06	3.586188E-01	9.292777E+01
1.66945000000E+06	3.608214E-01	9.274020E+01
1.67131875000E+06	3.631833E-01	9.296331E+01
1.67318750000E+06	3.615923E-01	9.322283E+01
1.67505625000E+06	3.624724E-01	9.269762E+01
1.67692500000E+06	3.646339E-01	9.325099E+01
1.67879375000E+06	3.644159E-01	9.308295E+01
1.68066250000E+06	3.630509E-01	9.307305E+01
1.68253125000E+06	3.633702E-01	9.294848E+01
1.68440000000E+06	3.635578E-01	9.262210E+01
1.68626875000E+06	3.679264E-01	9.298541E+01
1.68813750000E+06	3.655283E-01	9.267637E+01
1.69000625000E+06	3.658882E-01	9.275187E+01
1.69187500000E+06	3.631693E-01	9.304365E+01
1.69374375000E+06	3.649170E-01	9.290383E+01
1.69561250000E+06	3.676555E-01	9.300007E+01
1.69748125000E+06	3.675039E-01	9.245383E+01
1.69935000000E+06	3.633156E-01	9.291969E+01
1.70121875000E+06	3.707319E-01	9.275232E+01
1.70308750000E+06	3.674334E-01	9.265783E+01
1.70495625000E+06	3.684505E-01	9.290839E+01
1.70682500000E+06	3.684248E-01	9.259708E+01
1.70869375000E+06	3.680530E-01	9.285608E+01
1.71056250000E+06	3.698763E-01	9.298860E+01
1.71243125000E+06	3.700655E-01	9.301291E+01
1.71430000000E+06	3.736489E-01	9.270953E+01
1.71616875000E+06	3.675206E-01	9.293262E+01
1.71803750000E+06	3.681629E-01	9.292037E+01
1.71990625000E+06	3.713977E-01	9.278130E+01
1.72177500000E+06	3.723378E-01	9.328352E+01
1.72364375000E+06	3.728088E-01	9.289023E+01
1.72551250000E+06	3.725502E-01	9.291000E+01
1.72738125000E+06	3.740759E-01	9.300346E+01
1.72925000000E+06	3.738083E-01	9.306791E+01
1.73111875000E+06	3.737071E-01	9.279810E+01
1.73298750000E+06	3.754261E-01	9.277622E+01
1.73485625000E+06	3.735146E-01	9.267603E+01
1.73672500000E+06	3.729008E-01	9.303950E+01
1.73859375000E+06	3.766028E-01	9.285843E+01
1.74046250000E+06	3.739558E-01	9.320791E+01
1.74233125000E+06	3.754383E-01	9.280455E+01
1.74420000000E+06	3.748300E-01	9.317665E+01
1.74606875000E+06	3.768242E-01	9.289921E+01
1.74793750000E+06	3.765394E-01	9.345505E+01
1.74980625000E+06	3.769956E-01	9.320402E+01
1.75167500000E+06	3.764981E-01	9.318675E+01
1.75354375000E+06	3.789065E-01	9.268474E+01
1.75541250000E+06	3.788950E-01	9.279135E+01
1.75728125000E+06	3.784736E-01	9.332141E+01
1.75915000000E+06	3.793298E-01	9.287846E+01
1.76101875000E+06	3.807997E-01	9.276382E+01
1.76288750000E+06	3.818491E-01	9.298837E+01
1.76475625000E+06	3.793529E-01	9.329791E+01
1.76662500000E+06	3.793427E-01	9.313257E+01
1.76849375000E+06	3.801965E-01	9.282593E+01
1.77036250000E+06	3.836875E-01	9.346252E+01
1.77223125000E+06	3.838795E-01	9.336470E+01
1.77410000000E+06	3.799834E-01	9.341737E+01
1.77596875000E+06	3.815316E-01	9.319259E+01
1.77783750000E+06	3.810726E-01	9.315013E+01
1.77970625000E+06	3.840181E-01	9.312173E+01
1.78157500000E+06	3.799693E-01	9.310559E+01
1.78344375000E+06	3.843133E-01	9.357397E+01
1.78531250000E+06	3.835773E-01	9.340891E+01
1.78718125000E+06	3.831179E-01	9.311975E+01
1.78905000000E+06	3.854497E-01	9.348872E+01
1.79091875000E+06	3.844102E-01	9.325211E+01
1.79278750000E+06	3.840424E-01	9.301048E+01
1.79465625000E+06	3.855407E-01	9.342700E+01
1.79652500000E+06	3.881985E-01	9.360513E+01
1.79839375000E+06	3.864787E-01	9.329755E+01
1.80026250000E+06	3.859561E-01	9.311153E+01
1.80213125000E+06	3.853373E-01	9.365144E+01
1.80400000000E+06	3.874488E-01	9.334757E+01
1.80586875000E+06	3.867970E-01	9.359337E+01
1.80773750000E+06	3.890423E-01	9.355173E+01
1.80960625000E+06	3.903687E-01	9.344510E+01
1.81147500000E+06	3.865570E-01	9.336037E+01
1.81334375000E+06	3.873958E-01	9.334749E+01
1.81521250000E+06	3.890825E-01	9.324459E+01
1.81708125000E+06	3.890520E-01	9.329583E+01
1.81895000000E+06	3.925901E-01	9.375432E+01
1.82081875000E+06	3.925844E-01	9.366587E+01
1.82268750000E+06	3.946226E-01	9.340874E+01
1.82455625000E+06	3.923998E-01	9.360200E+01
1.82642500000E+06	3.925762E-01	9.342345E+01
1.82829375000E+06	3.902818E-01	9.390957E+01
1.83016250000E+06	3.943049E-01	9.320578E+01
1.83203125000E+06	3.945682E-01	9.325383E+01
1.83390000000E+06	3.939912E-01	9.374771E+01
1.83576875000E+06	3.951834E-01	9.368341E+01
1.83763750000E+06	3.965579E-01	9.382710E+01
1.83950625000E+06	3.970150E-01	9.384100E+01
1.84137500000E+06	3.958384E-01	9.369826E+01
1.84324375000E+06	3.971480E-01	9.392352E+01
1.84511250000E+06	3.986993E-01	9.378378E+01
1.84698125000E+06	3.972231E-01	9.398634E+01
1.84885000000E+06	3.969841E-01	9.354784E+01
1.85071875000E+06	3.997743E-01	9.358285E+01
1.85258750000E+06	3.978926E-01	9.336397E+01
1.85445625000E+06	3.989047E-01	9.364822E+01
1.85632500000E+06	3.982366E-01	9.367090E+01
1.85819375000E+06	3.995844E-01	9.404140E+01
1.86006250000E+06	3.998956E-01	9.369778E+01
1.86193125000E+06	4.011682E-01	9.344785E+01
1.86380000000E+06	4.010774E-01	9.321219E+01
1.86566875000E+06	4.006246E-01	9.334740E+01
1.86753750000E+06	4.010707E-01	9.342996E+01
1.86940625000E+06	4.027681E-01	9.344115E+01
1.87127500000E+06	3.992172E-01	9.331857E+01
1.87314375000E+06	4.017984E-01	9.338916E+01
1.87501250000E+06	4.027734E-01	9.363164E+01
1.87688125000E+06	4.044632E-01	9.333797E+01
1.87875000000E+06	4.036627E-01	9.374529E+01
1.88061875000E+06	4.054554E-01	9.334890E+01
1.88248750000E+06	4.038063E-01	9.376283E+01
1.88435625000E+06	4.056169E-01	9.331467E+01
1.88622500000E+06	4.059353E-01	9.382799E+01
1.88809375000E+06	4.051315E-01	9.377525E+01
1.88996250000E+06	4.062443E-01	9.369685E+01
1.89183125000E+06	4.057828E-01	9.358615E+01
1.89370000000E+06	4.084162E-01	9.337585E+01
1.89556875000E+06	4.067383E-01	9.380173E+01
1.89743750000E+06	4.062731E-01	9.400430E+01
1.89930625000E+06	4.101731E-01	9.326964E+01
1.90117500000E+06	4.088625E-01	9.374627E+01
1.90304375000E+06	4.102674E-01	9.355457E+01
1.90491250000E+06	4.103580E-01	9.388322E+01
1.90678125000E+06	4.083147E-01	9.355755E+01
1.90865000000E+06	4.122428E-01	9.391943E+01
1.91051875000E+06	4.119994E-01	9.350069E+01
1.91238750000E+06	4.121308E-01	9.372897E+01
1.91425625000E+06	4.087365E-01	9.384306E+01
1.91612500000E+06	4.106400E-01	9.356472E+01
1.91799375000E+06	4.113730E-01	9.400729E+01
1.91986250000E+06	4.116415E-01	9.353210E+01
1.92173125000E+06	4.128152E-01	9.382751E+01
1.92360000000E+06	4.165561E-01	9.377189E+01
1.92546875000E+06	4.158010E-01	9.329950E+01
1.92733750000E+06	4.143791E-01	9.368635E+01
1.92920625000E+06	4.156155E-01	9.353579E+01
1.93107500000E+06	4.135331E-01	9.350138E+01
1.93294375000E+06	4.142202E-01	9.367631E+01
1.93481250000E+06	4.154562E-01	9.395233E+01
1.93668125000E+06	4.163030E-01	9.354062E+01
1.93855000000E+06	4.161041E-01	9.367850E+01
1.94041875000E+06	4.152787E-01	9.383694E+01
1.94228750000E+06	4.156997E-01	9.367608E+01
1.94415625000E+06	4.189823E-01	9.389114E+01
1.94602500000E+06	4.173150E-01	9.363138E+01
1.94789375000E+06	4.180863E-01	9.350274E+01
1.94976250000E+06	4.206899E-01	9.411972E+01
1.95163125000E+06	4.195014E-01	9.358322E+01
1.95350000000E+06	4.190763E-01	9.368168E+01
1.95536875000E+06	4.219619E-01	9.323696E+01
1.95723750000E+06	4.193242E-01	9.397201E+01
1.95910625000E+06	4.197134E-01	9.365446E+01
1.96097500000E+06	4.217180E-01	9.410751E+01
1.96284375000E+06	4.242579E-01	9.344552E+01
1.96471250000E+06	4.218603E-01	9.383855E+01
1.96658125000E+06	4.197412E-01	9.359982E+01
1.96845000000E+06	4.220141E-01	9.350275E+01
1.97031875000E+06	4.233255E-01	9.361476E+01
1.97218750000E+06	4.238366E-01	9.381445E+01
1.97405625000E+06	4.250721E-01	9.393277E+01
1.97592500000E+06	4.244315E-01	9.396936E+01
1.97779375000E+06	4.249166E-01	9.411916E+01
1.97966250000E+06	4.248183E-01	9.383028E+01
1.98153125000E+06	4.249991E-01	9.345827E+01
1.98340000000E+06	4.248787E-01	9.370141E+01
1.98526875000E+06	4.277210E-01	9.405339E+01
1.98713750000E+06	4.273002E-01	9.403896E+01
1.98900625000E+06	4.268286E-01	9.393229E+01
1.99087500000E+06	4.297509E-01	9.383396E+01
1.99274375000E+06	4.304220E-01	9.365625E+01
1.99461250000E+06	4.285675E-01	9.399727E+01
1.99648125000E+06	4.277234E-01	9.362133E+01
1.99835000000E+06	4.299109E-01	9.381618E+01
2.00021875000E+06	4.280644E-01	9.386820E+01
2.00208750000E+06	4.278171E-01	9.364599E+01
2.00395625000E+06	4.293276E-01	9.363406E+01
2.00582500000E+06	4.307024E-01	9.383768E+01
2.00769375000E+06	4.280306E-01	9.349899E+01
2.00956250000E+06	4.304416E-01	9.403851E+01
2.01143125000E+06	4.329694E-01	9.374775E+01
2.01330000000E+06	4.323160E-01	9.427805E+01
2.01516875000E+06	4.306958E-01	9.355988E+01
2.01703750000E+06	4.326916E-01	9.367896E+01
2.01890625000E+06	4.316335E-01	9.387749E+01
2.02077500000E+06	4.347211E-01	9.388969E+01
2.02264375000E+06	4.327831E-01	9.384375E+01
2.02451250000E+06	4.357501E-01	9.420750E+01
2.02638125000E+06	4.340380E-01	9.386432E+01
2.02825000000E+06	4.338290E-01	9.406680E+01
2.03011875000E+06	4.385690E-01	9.381783E+01
2.03198750000E+06	4.321803E-01	9.379082E+01
2.03385625000E+06	4.351021E-01	9.368922E+01
2.03572500000E+06	4.368502E-01	9.411826E+01
2.03759375000E+06	4.374466E-01	9.385122E+01
2.03946250000E+06	4.364009E-01	9.385804E+01
2.04133125000E+06	4.354757E-01	9.376845E+01
2.04320000000E+06	4.384834E-01	9.433994E+01
2.04506875000E+06	4.362177E-01	9.392602E+01
2.04693750000E+06	4.388491E-01	9.422709E+01
2.04880625000E+06	4.382134E-01	9.387998E+01
2.05067500000E+06	4.382943E-01	9.375853E+01
2.05254375000E+06	4.415161E-01	9.399911E+01
2.05441250000E+06	4.384690E-01	9.358050E+01
2.05628125000E+06	4.391356E-01	9.390307E+01
2.05815000000E+06	4.421183E-01	9.396408E+01
2.06001875000E+06	4.414746E-01	9.415228E+01
2.06188750000E+06	4.409209E-01	9.437582E+01
2.06375625000E+06	4.420730E-01	9.412237E+01
2.06562500000E+06	4.432934E-01	9.377819E+01
2.06749375000E+06	4.430231E-01	9.391509E+01
2.06936250000E+06	4.401847E-01	9.382015E+01
2.07123125000E+06	4.425235E-01	9.374650E+01
2.07310000000E+06	4.441619E-01	9.378505E+01
2.07496875000E+06	4.440894E-01	9.385431E+01
2.07683750000E+06	4.431928E-01	9.415333E+01
2.07870625000E+06	4.460002E-01	9.386891E+01
2.08057500000E+06	4.431230E-01	9.395042E+01
2.08244375000E+06	4.461017E-01	9.415600E+01
2.08431250000E+06	4.454240E-01	9.416309E+01
2.08618125000E+06	4.466146E-01	9.403984E+01
2.08805000000E+06	4.468077E-01	9.364204E+01
2.08991875000E+06	4.493124E-01	9.413622E+01
2.09178750000E+06	4.469980E-01	9.389452E+01
2.09365625000E+06	4.436052E-01	9.396281E+01
2.09552500000E+06	4.499307E-01	9.375465E+01
2.09739375000E+06	4.471265E-01	9.421748E+01
2.09926250000E+06	4.482974E-01	9.395127E+01
2.10113125000E+06	4.514089E-01	9.406978E+01
2.10300000000E+06	4.496024E-01	9.394676E+01
2.10486875000E+06	4.503222E-01	9.445142E+01
2.10673750000E+06	4.514116E-01	9.430984E+01
2.10860625000E+06	4.491477E-01	9.390566E+01
2.11047500000E+06	4.505683E-01	9.408630E+01
2.11234375000E+06	4.504660E-01	9.402479E+01
2.11421250000E+06	4.498245E-01	9.384796E+01
2.11608125000E+06	4.524049E-01	9.383844E+01
2.11795000000E+06	4.547199E-01	9.376712E+01
2.11981875000E+06	4.535098E-01	9.446416E+01
2.12168750000E+06	4.537158E-01	9.396140E+01
2.12355625000E+06	4.527341E-01	9.396825E+01
2.12542500000E+06	4.539198E-01	9.418160E+01
2.12729375000E+06	4.541971E-01	9.414181E+01
2.12916250000E+06	4.539700E-01	9.407830E+01
2.13103125000E+06	4.556653E-01	9.428254E+01
2.13290000000E+06	4.549757E-01	9.432046E+01
2.13476875000E+06	4.555200E-01	9.414038E+01
2.13663750000E+06	4.568510E-01	9.388761E+01
2.13850625000E+06	4.547059E-01	9.408188E+01
2.14037500000E+06	4.552606E-01	9.378912E+01
2.14224375000E+06	4.564018E-01	9.397213E+01
2.14411250000E+06	4.587906E-01	9.416756E+01
2.14598125000E+06	4.571576E-01	9.378277E+01
2.14785000000E+06	4.587851E-01	9.406330E+01
2.14971875000E+06	4.624880E-01	9.423351E+01
2.15158750000E+06	4.586349E-01	9.413273E+01
2.15345625000E+06	4.600220E-01	9.420738E+01
2.15532500000E+06	4.601890E-01	9.424084E+01
2.15719375000E+06	4.606370E-01	9.391935E+01
2.15906250000E+06	4.611611E-01	9.409193E+01
2.16093125000E+06	4.626721E-01	9.437396E+01
2.16280000000E+06	4.617238E-01	9.441338E+01
2.16466875000E+06	4.638046E-01	9.403231E+01
2.16653750000E+06	4.631713E-01	9.454863E+01
2.16840625000E+06	4.625716E-01	9.426390E+01
2.17027500000E+06	4.621567E-01	9.421024E+01
2.17214375000E+06	4.644821E-01	9.425484E+01
2.17401250000E+06	4.662917E-01	9.441619E+01
2.17588125000E+06	4.639415E-01	9.418435E+01
2.17775000000E+06	4.626535E-01	9.428615E+01
2.17961875000E+06	4.639050E-01	9.420331E+01
2.18148750000E+06	4.655621E-01	9.436487E+01
2.18335625000E+06	4.644756E-01	9.458366E+01
2.18522500000E+06	4.661597E-01	9.415344E+01
2.18709375000E+06	4.667911E-01	9.436640E+01
2.18896250000E+06	4.655304E-01	9.437083E+01
2.19083125000E+06	4.660181E-01	9.400436E+01
2.19270000000E+06	4.678814E-01	9.411196E+01
2.19456875000E+06	4.678499E-01	9.432404E+01
2.19643750000E+06	4.696020E-01	9.398859E+01
2.19830625000E+06	4.675028E-01	9.435324E+01
2.20017500000E+06	4.694947E-01	9.441428E+01
2.20204375000E+06	4.680090E-01	9.426652E+01
2.20391250000E+06	4.706135E-01	9.448737E+01
2.20578125000E+06	4.711307E-01	9.420808E+01
2.20765000000E+06	4.700511E-01	9.442762E+01
2.20951875000E+06	4.697457E-01	9.461063E+01
2.21138750000E+06	4.702501E-01	9.419147E+01
2.21325625000E+06	4.723040E-01	9.420941E+01
2.21512500000E+06	4.717421E-01	9.411255E+01
2.21699375000E+06	4.706062E-01	9.448447E+01
2.21886250000E+06	4.732196E-01	9.435847E+01
2.22073125000E+06	4.756566E-01	9.409578E+01
2.22260000000E+06	4.732684E-01	9.460542E+01
2.22446875000E+06	4.717879E-01	9.415216E+01
2.22633750000E+06	4.724635E-01	9.450613E+01
2.22820625000E+06	4.728892E-01	9.415111E+01
2.23007500000E+06	4.765386E-01	9.401913E+01
2.23194375000E+06	4.784333E-01	9.411916E+01
2.23381250000E+06	4.755622E-01	9.439465E+01
2.23568125000E+06	4.755147E-01	9.414990E+01
2.23755000000E+06	4.774850E-01	9.440071E+01
2.23941875000E+06	4.759309E-01	9.446744E+01
2.24128750000E+06	4.787666E-01	9.446825E+01
2.24315625000E+06	4.789955E-01	9.440074E+01
2.24502500000E+06	4.797698E-01	9.421243E+01
2.24689375000E+06	4.782284E-01	9.425362E+01
2.24876250000E+06	4.761937E-01	9.440257E+01
2.25063125000E+06	4.794208E-01	9.412898E+01
2.25250000000E+06	4.796306E-01	9.414764E+01
2.25436875000E+06	4.781342E-01	9.451273E+01
2.25623750000E+06	4.778503E-01	9.451427E+01
2.25810625000E+06	4.786548E-01	9.453265E+01
2.25997500000E+06	4.804628E-01	9.440466E+01
2.26184375000E+06	4.794920E-01	9.458260E+01
2.26371250000E+06	4.797737E-01	9.426965E+01
2.26558125000E+06	4.813157E-01	9.396446E+01
2.26745000000E+06	4.793469E-01	9.441894E+01
2.26931875000E+06	4.838498E-01	9.459288E+01
2.27118750000E+06	4.812454E-01	9.471583E+01
2.27305625000E+06	4.835340E-01	9.406054E+01
2.27492500000E+06	4.838915E-01	9.455244E+01
2.27679375000E+06	4.852628E-01	9.433121E+01
2.27866250000E+06	4.843057E-01	9.413396E+01
2.28053125000E+06	4.869673E-01	9.435916E+01
2.28240000000E+06	4.840859E-01	9.445972E+01
2.28426875000E+06	4.824874E-01	9.429882E+01
2.28613750000E+06	4.839796E-01	9.485744E+01
2.28800625000E+06	4.850638E-01	9.441349E+01
2.28987500000E+06	4.850954E-01	9.456638E+01
2.29174375000E+06	4.856285E-01	9.452759E+01
2.29361250000E+06	4.869646E-01	9.445551E+01
2.29548125000E+06	4.863766E-01	9.429611E+01
2.29735000000E+06	4.864307E-01	9.486736E+01
2.29921875000E+06	4.899970E-01	9.421741E+01
2.30108750000E+06	4.866925E-01	9.458688E+01
2.30295625000E+06	4.871016E-01	9.442226E+01
2.30482500000E+06	4.900609E-01	9.417273E+01
2.30669375000E+06	4.898207E-01	9.427833E+01
2.30856250000E+06	4.918909E-01	9.427388E+01
2.31043125000E+06	4.926628E-01	9.450443E+01
2.31230000000E+06	4.904297E-01	9.472617E+01
2.31416875000E+06	4.921879E-01	9.440520E+01
2.31603750000E+06	4.930400E-01	9.464262E+01
2.31790625000E+06	4.932950E-01	9.441925E+01
2.31977500000E+06	4.936965E-01	9.444969E+01
2.32164375000E+06	4.927714E-01	9.463218E+01
2.32351250000E+06	4.930301E-01	9.467162E+01
2.32538125000E+06	4.927874E-01	9.433124E+01
2.32725000000E+06	4.930726E-01	9.454156E+01
2.32911875000E+06	4.957197E-01	9.441500E+01
2.33098750000E+06	4.953225E-01	9.445919E+01
2.33285625000E+06	4.924541E-01	9.455713E+01
2.33472500000E+06	4.936392E-01	9.459168E+01
2.33659375000E+06	4.950636E-01	9.449192E+01
2.33846250000E+06	4.965610E-01	9.450981E+01
2.34033125000E+06	4.967463E-01	9.452779E+01
2.34220000000E+06	4.965832E-01	9.432270E+01
2.34406875000E+06	4.957156E-01	9.468993E+01
2.34593750000E+06	4.991714E-01	9.460231E+01
2.34780625000E+06	4.969459E-01	9.463731E+01
2.34967500000E+06	4.977055E-01	9.450812E+01
2.35154375000E+06	4.987183E-01	9.441968E+01
2.35341250000E+06	4.961580E-01	9.458636E+01
2.35528125000E+06	4.991354E-01	9.475221E+01
2.35715000000E+06	4.994058E-01	9.448418E+01
2.35901875000E+06	4.958471E-01	9.444160E+01
2.36088750000E+06	4.990679E-01	9.458265E+01
2.36275625000E+06	4.992290E-01	9.444666E+01
2.36462500000E+06	5.018626E-01	9.460384E+01
2.36649375000E+06	5.015244E-01	9.475032E+01
2.36836250000E+06	5.021433E-01	9.460303E+01
2.37023125000E+06	5.019438E-01	9.477035E+01
2.37210000000E+06	5.012097E-01	9.474194E+01
2.37396875000E+06	5.018098E-01	9.456569E+01
2.37583750000E+06	5.028699E-01	9.434225E+01
2.37770625000E+06	5.057265E-01	9.464043E+01
2.37957500000E+06	5.043601E-01	9.470296E+01
2.38144375000E+06	5.043519E-01	9.479804E+01
2.38331250000E+06	5.029595E-01	9.439803E+01
2.38518125000E+06	5.062581E-01	9.451201E+01
2.38705000000E+06	5.034705E-01	9.446973E+01
2.38891875000E+06	5.043789E-01	9.474407E+01
2.39078750000E+06	5.060242E-01	9.466783E+01
2.39265625000E+06	5.064518E-01	9.451629E+01
2.39452500000E+06	5.061873E-01	9.459994E+01
2.39639375000E+06	5.061533E-01	9.454617E+01
2.39826250000E+06	5.060490E-01	9.468102E+01
2.40013125000E+06	5.069802E-01	9.449102E+01
2.40200000000E+06	5.063606E-01	9.494397E+01
2.40386875000E+06	5.079777E-01	9.475854E+01
2.40573750000E+06	5.077155E-01	9.473378E+01
2.40760625000E+06	5.081763E-01	9.447442E+01
2.40947500000E+06	5.096282E-01	9.452863E+01
2.41134375000E+06	5.109382E-01	9.466190E+01
2.41321250000E+06	5.096083E-01	9.463974E+01
2.41508125000E+06	5.115917E-01	9.484357E+01
2.41695000000E+06	5.114562E-01	9.461129E+01
2.41881875000E+06	5.112849E-01	9.489111E+01
2.42068750000E+06	5.136846E-01	9.494699E+01
2.42255625000E+06	5.132412E-01	9.462818E+01
2.42442500000E+06	5.122030E-01	9.485157E+01
2.42629375000E+06	5.140758E-01	9.484585E+01
2.42816250000E+06	5.113640E-01	9.473930E+01
2.43003125000E+06	5.129894E-01	9.468925E+01
2.43190000000E+06	5.125375E-01	9.503031E+01
2.43376875000E+06	5.125733E-01	9.485516E+01
2.43563750000E+06	5.165487E-01	9.467703E+01
2.43750625000E+06	5.148951E-01	9.490721E+01
2.43937500000E+06	5.161360E-01	9.482804E+01
2.44124375000E+06	5.152934E-01	9.464561E+01
2.44311250000E+06	5.155824E-01	9.489158E+01
2.44498125000E+06	5.154381E-01	9.483806E+01
2.44685000000E+06	5.177540E-01	9.424771E+01
2.44871875000E+06	5.137951E-01	9.488400E+01
2.45058750000E+06	5.168339E-01	9.497555E+01
2.45245625000E+06	5.171413E-01	9.485819E+01
2.45432500000E+06	5.168602E-01	9.481283E+01
2.45619375000E+06	5.196686E-01	9.467569E+01
2.45806250000E+06	5.181485E-01	9.492409E+01
2.45993125000E+06	5.188502E-01	9.462739E+01
2.46180000000E+06	5.174238E-01	9.493412E+01
2.46366875000E+06	5.200932E-01	9.467390E+01
2.46553750000E+06	5.204649E-01	9.495013E+01
2.46740625000E+06	5.199946E-01	9.467722E+01
2.46927500000E+06	5.181412E-01	9.466290E+01
2.47114375000E+06	5.201069E-01	9.489315E+01
2.47301250000E+06	5.185109E-01	9.470866E+01
2.47488125000E+06	5.218309E-01	9.479173E+01
2.47675000000E+06	5.217944E-01	9.477892E+01
2.47861875000E+06	5.241993E-01	9.496917E+01
2.48048750000E+06	5.230263E-01	9.512706E+01
2.48235625000E+06	5.225081E-01	9.497172E+01
2.48422500000E+06	5.218745E-01	9.492168E+01
2.48609375000E+06	5.244213E-01	9.484193E+01
2.48796250000E+06	5.244151E-01	9.465289E+01
2.48983125000E+06	5.240835E-01	9.495537E+01
2.49170000000E+06	5.249887E-01	9.490033E+01
2.49356875000E+06	5.260245E-01	9.494711E+01
2.49543750000E+06	5.263209E-01	9.452948E+01
2.49730625000E+06	5.281927E-01	9.457513E+01
2.49917500000E+06	5.244879E-01	9.471635E+01
2.50104375000E+06	5.248939E-01	9.480555E+01
2.50291250000E+06	5.281134E-01	9.505902E+01
2.50478125000E+06	5.282739E-01	9.493676E+01
2.50665000000E+06	5.278307E-01	9.501192E+01
2.50851875000E+06	5.278125E-01	9.503640E+01
2.51038750000E+06	5.276209E-01	9.491735E+01
2.51225625000E+06	5.292503E-01	9.503310E+01
2.51412500000E+06	5.307924E-01	9.488024E+01
2.51599375000E+06	5.323473E-01	9.502542E+01
2.51786250000E+06	5.323280E-01	9.505462E+01
2.51973125000E+06	5.290731E-01	9.480676E+01
2.52160000000E+06	5.304130E-01	9.487032E+01
2.52346875000E+06	5.308495E-01	9.512505E+01
2.52533750000E+06	5.282801E-01	9.488773E+01
2.52720625000E+06	5.323724E-01	9.512994E+01
2.52907500000E+06	5.318030E-01	9.507227E+01
2.53094375000E+06	5.314237E-01	9.503630E+01
2.53281250000E+06	5.295669E-01	9.497617E+01
2.53468125000E+06	5.323304E-01	9.501035E+01
2.53655000000E+06	5.333292E-01	9.522769E+01
2.53841875000E+06	5.342557E-01	9.519835E+01
2.54028750000E+06	5.345578E-01	9.507402E+01
2.54215625000E+06	5.343748E-01	9.496632E+01
2.54402500000E+06	5.354825E-01	9.487769E+01
2.54589375000E+06	5.326403E-01	9.528399E+01
2.54776250000E+06	5.351803E-01	9.508826E+01
2.54963125000E+06	5.364971E-01	9.504742E+01
2.55150000000E+06	5.371320E-01	9.492106E+01
2.55336875000E+06	5.367511E-01	9.498901E+01
2.55523750000E+06	5.375545E-01	9.484395E+01
2.55710625000E+06	5.380891E-01	9.519680E+01
2.55897500000E+06	5.374819E-01	9.506985E+01
2.56084375000E+06	5.363744E-01	9.499809E+01
2.56271250000E+06	5.380034E-01	9.529316E+01
2.56458125000E+06	5.412554E-01	9.525269E+01
2.56645000000E+06	5.383819E-01	9.510659E+01
2.56831875000E+06	5.376016E-01	9.523561E+01
2.57018750000E+06	5.389238E-01	9.514838E+01
2.57205625000E+06	5.417910E-01	9.512796E+01
2.57392500000E+06	5.415869E-01	9.501529E+01
2.57579375000E+06	5.425256E-01	9.514811E+01
2.57766250000E+06	5.401423E-01	9.505276E+01
2.57953125000E+06	5.413638E-01	9.500616E+01
2.58140000000E+06	5.419348E-01	9.521252E+01
2.58326875000E+06	5.404062E-01	9.492363E+01
2.58513750000E+06	5.429240E-01	9.510729E+01
2.58700625000E+06	5.453689E-01	9.530379E+01
2.58887500000E+06	5.423741E-01	9.507216E+01
2.59074375000E+06	5.453069E-01	9.536036E+01
2.59261250000E+06	5.474139E-01	9.515392E+01
2.59448125000E+06	5.433581E-01	9.504317E+01
2.59635000000E+06	5.445608E-01	9.509835E+01
2.59821875000E+06	5.405707E-01	9.541392E+01
2.60008750000E+06	5.448030E-01	9.523201E+01
2.60195625000E+06	5.457542E-01	9.498768E+01
2.60382500000E+06	5.432092E-01	9.503579E+01
2.60569375000E+06	5.457452E-01	9.534121E+01
2.60756250000E+06	5.445336E-01	9.521530E+01
2.60943125000E+06	5.476300E-01	9.525654E+01
2.61130000000E+06	5.473412E-01	9.502055E+01
2.61316875000E+06	5.478716E-01	9.542541E+01
2.61503750000E+06	5.486466E-01	9.521166E+01
2.61690625000E+06	5.468318E-01	9.517218E+01
2.61877500000E+06	5.511094E-01	9.516651E+01
2.62064375000E+06	5.459523E-01	9.510986E+01
2.62251250000E+06	5.499884E-01	9.543508E+01
2.62438125000E+06	5.506081E-01	9.532855E+01
2.62625000000E+06	5.475347E-01	9.509094E+01
2.62811875000E+06	5.491311E-01	9.523395E+01
2.62998750000E+06	5.505203E-01	9.536980E+01
2.63185625000E+06	5.522176E-01	9.505994E+01
2.63372500000E+06	5.516858E-01	9.526916E+01
2.63559375000E+06	5.521069E-01	9.527824E+01
2.63746250000E+06	5.518957E-01	9.516879E+01
2.63933125000E+06	5.491543E-01	9.515603E+01
2.64120000000E+06	5.517958E-01	9.527943E+01
2.64306875000E+06	5.558323E-01	9.557922E+01
2.64493750000E+06	5.507212E-01	9.507558E+01
2.64680625000E+06	5.549859E-01	9.524873E+01
2.64867500000E+06	5.531653E-01	9.526116E+01
2.65054375000E+06	5.557001E-01	9.530061E+01
2.65241250000E+06	5.560548E-01	9.528864E+01
2.65428125000E+06	5.556027E-01	9.538394E+01
2.65615000000E+06	5.540268E-01	9.538929E+01
2.65801875000E+06	5.529996E-01	9.535135E+01
2.65988750000E+06	5.577149E-01	9.510635E+01
2.66175625000E+06	5.580459E-01	9.550539E+01
2.66362500000E+06	5.547885E-01	9.527728E+01
2.66549375000E+06	5.569852E-01	9.530106E+01
2.66736250000E+06	5.566317E-01	9.546042E+01
2.66923125000E+06	5.581341E-01	9.543879E+01
2.67110000000E+06	5.589956E-01	9.521906E+01
2.67296875000E+06	5.580806E-01	9.523841E+01
2.67483750000E+06	5.577050E-01	9.526182E+01
2.67670625000E+06	5.603399E-01	9.528275E+01
2.67857500000E+06	5.575207E-01	9.527995E+01
2.68044375000E+06	5.619724E-01	9.535693E+01
2.68231250000E+06	5.614495E-01	9.519074E+01
2.68418125000E+06	5.585871E-01	9.536671E+01
2.68605000000E+06	5.593378E-01	9.533853E+01
2.68791875000E+06	5.603288E-01	9.527750E+01
2.68978750000E+06	5.611771E-01	9.517753E+01
2.69165625000E+06	5.618235E-01	9.560760E+01
2.69352500000E+06	5.592819E-01	9.540513E+01
2.69539375000E+06	5.605952E-01	9.546841E+01
2.69726250000E+06	5.616348E-01	9.544585E+01
2.69913125000E+06	5.635550E-01	9.540160E+01
2.70100000000E+06	5.624501E-01	9.557243E+01
2.70286875000E+06	5.647216E-01	9.513195E+01
2.70473750000E+06	5.655878E-01	9.537199E+01
2.70660625000E+06	5.625963E-01	9.546207E+01
2.70847500000E+06	5.650132E-01	9.547636E+01
2.71034375000E+06	5.654221E-01	9.539550E+01
2.71221250000E+06	5.661058E-01	9.528907E+01
2.71408125000E+06	5.648142E-01	9.522532E+01
2.71595000000E+06	5.658101E-01	9.563044E+01
2.71781875000E+06	5.666040E-01	9.537366E+01
2.71968750000E+06	5.713321E-01	9.538629E+01
2.72155625000E+06	5.680619E-01	9.572012E+01
2.72342500000E+06	5.691422E-01	9.532596E+01
2.72529375000E+06	5.660717E-01	9.555252E+01
2.72716250000E+06	5.684878E-01	9.544826E+01
2.72903125000E+06	5.681463E-01	9.541878E+01
2.73090000000E+06	5.675901E-01	9.568732E+01
2.73276875000E+06	5.704999E-01	9.511301E+01
2.73463750000E+06	5.692554E-01	9.539368E+01
2.73650625000E+06	5.698444E-01	9.546009E+01
2.73837500000E+06	5.688183E-01	9.547687E+01
2.74024375000E+06	5.706829E-01	9.552767E+01
2.74211250000E+06	5.718708E-01	9.523750E+01
2.74398125000E+06	5.710824E-01	9.555560E+01
2.74585000000E+06	5.717372E-01	9.546405E+01
2.74771875000E+06	5.687457E-01	9.544167E+01
2.74958750000E+06	5.726764E-01	9.550909E+01
2.75145625000E+06	5.737954E-01	9.570862E+01
2.75332500000E+06	5.748269E-01	9.553738E+01
2.75519375000E+06	5.718930E-01	9.561160E+01
2.75706250000E+06	5.757747E-01	9.553420E+01
2.75893125000E+06	5.749846E-01	9.554139E+01
2.76080000000E+06	5.726643E-01	9.555367E+01
2.76266875000E+06	5.741853E-01	9.558118E+01
2.76453750000E+06	5.764604E-01	9.569572E+01
2.76640625000E+06	5.759256E-01	9.548914E+01
2.76827500000E+06	5.753490E-01	9.532846E+01
2.77014375000E+06	5.775873E-01	9.573301E+01
2.77201250000E+06	5.770249E-01	9.559254E+01
2.77388125000E+06	5.781670E-01	9.561817E+01
2.77575000000E+06	5.762411E-01	9.565868E+01
2.77761875000E+06	5.764830E-01	9.581657E+01
2.77948750000E+06	5.772290E-01	9.560276E+01
2.78135625000E+06	5.763667E-01	9.560372E+01
2.78322500000E+06	5.783613E-01	9.548923E+01
2.78509375000E+06	5.799434E-01	9.563474E+01
2.78696250000E+06	5.782275E-01	9.556457E+01
2.78883125000E+06	5.781906E-01	9.547209E+01
2.79070000000E+06	5.797748E-01	9.582907E+01
2.79256875000E+06	5.796934E-01	9.574454E+01
2.79443750000E+06	5.821462E-01	9.575520E+01
2.79630625000E+06	5.803133E-01	9.556118E+01
2.79817500000E+06	5.840514E-01	9.558409E+01
2.80004375000E+06	5.828732E-01	9.580328E+01
2.80191250000E+06	5.819851E-01	9.565807E+01
2.80378125000E+06	5.823333E-01	9.558942E+01
2.80565000000E+06	5.812567E-01	9.568227E+01
2.80751875000E+06	5.831325E-01	9.552646E+01
2.80938750000E+06	5.804804E-01	9.552130E+01
2.81125625000E+06	5.825039E-01	9.566216E+01
2.81312500000E+06	5.833208E-01	9.533894E+01
2.81499375000E+06	5.842379E-01	9.565687E+01
2.81686250000E+06	5.826285E-01	9.584726E+01
2.81873125000E+06	5.847249E-01	9.576933E+01
2.82060000000E+06	5.832936E-01	9.574100E+01
2.82246875000E+06	5.874474E-01	9.579765E+01
2.82433750000E+06	5.838765E-01	9.549660E+01
2.82620625000E+06	5.883578E-01	9.569939E+01
2.82807500000E+06	5.851681E-01	9.539948E+01
2.82994375000E+06	5.879197E-01	9.577684E+01
2.83181250000E+06	5.878257E-01	9.589581E+01
2.83368125000E+06	5.879172E-01	9.580010E+01
2.83555000000E+06	5.886174E-01	9.578341E+01
2.83741875000E+06	5.879096E-01	9.572900E+01
2.83928750000E+06	5.872581E-01	9.579693E+01
2.84115625000E+06	5.885124E-01	9.567530E+01
2.84302500000E+06	5.894316E-01	9.582954E+01
2.84489375000E+06	5.886799E-01	9.610819E+01
2.84676250000E+06	5.908444E-01	9.592084E+01
2.84863125000E+06	5.918269E-01	9.569361E+01
2.85050000000E+06	5.905119E-01	9.583992E+01
2.85236875000E+06	5.902952E-01	9.575418E+01
2.85423750000E+06	5.915827E-01	9.584669E+01
2.85610625000E+06	5.907763E-01	9.588641E+01
2.85797500000E+06	5.923317E-01	9.569331E+01
2.85984375000E+06	5.921047E-01	9.600609E+01
2.86171250000E+06	5.901319E-01	9.578841E+01
2.86358125000E+06	5.927588E-01	9.591913E+01
2.86545000000E+06	5.921389E-01	9.570012E+01
2.86731875000E+06	5.943598E-01	9.577438E+01
2.86918750000E+06	5.939000E-01	9.586556E+01
2.87105625000E+06	5.943992E-01	9.573071E+01
2.87292500000E+06	5.974583E-01	9.571287E+01
2.87479375000E+06	5.962769E-01	9.580039E+01
2.87666250000E+06	5.953491E-01	9.589619E+01
2.87853125000E+06	5.945328E-01	9.580009E+01
2.88040000000E+06	5.970191E-01	9.605471E+01
2.88226875000E+06	5.978753E-01	9.587094E+01
2.88413750000E+06	5.964628E-01	9.592397E+01
2.88600625000E+06	5.966623E-01	9.597052E+01
2.88787500000E+06	5.989981E-01	9.595834E+01
2.88974375000E+06	5.974036E-01	9.577695E+01
2.89161250000E+06	5.997628E-01	9.577985E+01
2.89348125000E+06	5.972413E-01	9.598057E+01
2.89535000000E+06	5.986990E-01	9.590816E+01
2.89721875000E+06	5.998514E-01	9.589587E+01
2.89908750000E+06	5.992167E-01	9.598995E+01
2.90095625000E+06	6.001337E-01	9.589202E+01
2.90282500000E+06	5.979956E-01	9.591860E+01
2.90469375000E+06	6.010262E-01	9.565932E+01
2.90656250000E+06	6.017246E-01	9.600671E+01
2.90843125000E+06	6.004770E-01	9.576960E+01
2.91030000000E+06	5.982916E-01	9.602956E+01
2.91216875000E+06	6.026744E-01	9.595494E+01
2.91403750000E+06	6.020025E-01	9.582417E+01
2.91590625000E+06	6.015912E-01	9.589301E+01
2.91777500000E+06	6.006471E-01	9.603572E+01
2.91964375000E+06	6.010197E-01	9.619236E+01
2.92151250000E+06	6.010796E-01	9.584639E+01
2.92338125000E+06	6.039836E-01	9.598915E+01
2.92525000000E+06	6.052055E-01	9.572932E+01
2.92711875000E+06	6.039153E-01	9.588630E+01
2.92898750000E+06	6.039641E-01	9.604987E+01
2.93085625000E+06	6.038187E-01	9.574925E+01
2.93272500000E+06	6.059820E-01	9.599844E+01
2.93459375000E+06	6.056692E-01	9.598503E+01
2.93646250000E+06	6.050749E-01	9.593823E+01
2.93833125000E+06	6.061836E-01	9.619751E+01
2.94020000000E+06	6.071814E-01	9.618197E+01
2.94206875000E+06	6.060908E-01	9.618707E+01
2.94393750000E+06	6.061224E-01	9.603314E+01
2.94580625000E+06	6.065304E-01	9.599001E+01
2.94767500000E+06	6.084736E-01	9.612868E+01
2.94954375000E+06	6.081226E-01	9.629408E+01
2.95141250000E+06	6.079335E-01	9.592582E+01
2.95328125000E+06	6.095743E-01	9.632157E+01
2.95515000000E+06	6.088123E-01	9.612180E+01
2.95701875000E+06	6.074612E-01	9.604482E+01
2.95888750000E+06	6.105539E-01	9.615385E+01
2.96075625000E+06	6.062809E-01	9.578860E+01
2.96262500000E+06	6.098886E-01	9.598150E+01
2.96449375000E+06	6.097043E-01	9.595736E+01
2.96636250000E+06	6.124394E-01	9.591284E+01
2.96823125000E+06	6.122783E-01	9.603542E+01
2.97010000000E+06	6.115934E-01	9.628662E+01
2.97196875000E+06	6.113373E-01	9.592985E+01
2.97383750000E+06	6.089319E-01	9.626684E+01
2.97570625000E+06	6.132488E-01	9.605351E+01
2.97757500000E+06	6.120049E-01	9.599854E+01
2.97944375000E+06	6.128980E-01	9.621791E+01
2.98131250000E+06	6.148551E-01	9.631097E+01
2.98318125000E+06	6.133833E-01	9.622427E+01
2.98505000000E+06	6.149460E-01	9.622626E+01
2.98691875000E+06	6.125911E-01	9.617532E+01
2.98878750000E+06	6.178647E-01	9.617749E+01
2.99065625000E+06	6.165984E-01	9.601917E+01
2.99252500000E+06	6.143517E-01	9.621381E+01
2.99439375000E+06	6.172795E-01	9.629555E+01
2.99626250000E+06	6.159028E-01	9.600707E+01
2.99813125000E+06	6.176753E-01	9.622834E+01
3.00000000000E+06	6.162508E-01	9.607807E+01
