"E5100A REV3.14"
"DATE: Jun 28 2004"



"CHANNEL: 2"
"MEASURE TYPE: AR"
"FORMAT TYPE: LINMP"
"NUMBER of POINTS: 1601"
"SWEEP TIME:  3.458 s"
"SWEEP TYPE: LINF"
"SOURCE POWER: 0 dBm"
"IF BANDWIDTH: 500 Hz"

"Frequency"	"Main Array"	"Sub Array"
1.00000000000E+04	3.981702E-02	-6.693195E+01
1.18687500000E+04	6.046425E-02	-5.054092E+01
1.37375000000E+04	5.161566E-02	-6.075393E+01
1.56062500000E+04	5.447388E-02	-3.770622E+01
1.74750000000E+04	4.887984E-02	-3.917397E+01
1.93437500000E+04	4.998338E-02	-4.817952E+01
2.12125000000E+04	4.272548E-02	-4.794265E+01
2.30812500000E+04	4.694631E-02	-4.860101E+01
2.49500000000E+04	4.225703E-02	-4.988842E+01
2.68187500000E+04	4.061109E-02	-4.967395E+01
2.86875000000E+04	4.006835E-02	-5.422451E+01
3.05562500000E+04	3.942293E-02	-5.555727E+01
3.24250000000E+04	3.556298E-02	-5.564216E+01
3.42937500000E+04	3.534026E-02	-5.633914E+01
3.61625000000E+04	3.296309E-02	-5.988504E+01
3.80312500000E+04	3.332836E-02	-5.858968E+01
3.99000000000E+04	3.188627E-02	-6.099433E+01
4.17687500000E+04	2.915254E-02	-6.223943E+01
4.36375000000E+04	2.894105E-02	-5.864750E+01
4.55062500000E+04	2.738195E-02	-6.182718E+01
4.73750000000E+04	2.847526E-02	-6.157435E+01
4.92437500000E+04	2.518620E-02	-6.730302E+01
5.11125000000E+04	2.367042E-02	-6.891983E+01
5.29812500000E+04	2.234484E-02	-6.580046E+01
5.48500000000E+04	2.157745E-02	-6.145053E+01
5.67187500000E+04	2.189500E-02	-6.511056E+01
5.85875000000E+04	1.844995E-02	-6.458202E+01
6.04562500000E+04	1.848025E-02	-6.394207E+01
6.23250000000E+04	1.761359E-02	-6.309124E+01
6.41937500000E+04	1.574996E-02	-5.852950E+01
6.60625000000E+04	1.531354E-02	-5.902248E+01
6.79312500000E+04	1.549384E-02	-5.583091E+01
6.98000000000E+04	1.600027E-02	-5.152533E+01
7.16687500000E+04	1.636399E-02	-4.752386E+01
7.35375000000E+04	1.653228E-02	-4.569331E+01
7.54062500000E+04	1.706995E-02	-4.382943E+01
7.72750000000E+04	1.722195E-02	-4.196425E+01
7.91437500000E+04	1.840443E-02	-4.197610E+01
8.10125000000E+04	1.953949E-02	-4.163443E+01
8.28812500000E+04	1.943215E-02	-4.416300E+01
8.47500000000E+04	2.004901E-02	-4.312074E+01
8.66187500000E+04	1.975947E-02	-4.769371E+01
8.84875000000E+04	2.040946E-02	-4.712368E+01
9.03562500000E+04	2.187659E-02	-5.209977E+01
9.22250000000E+04	2.017173E-02	-5.036851E+01
9.40937500000E+04	2.104586E-02	-5.237114E+01
9.59625000000E+04	2.065778E-02	-5.520866E+01
9.78312500000E+04	2.011753E-02	-5.552446E+01
9.97000000000E+04	2.055524E-02	-5.637841E+01
1.01568750000E+05	1.945197E-02	-5.612806E+01
1.03437500000E+05	1.908781E-02	-5.840589E+01
1.05306250000E+05	2.109023E-02	-5.201802E+01
1.07175000000E+05	1.900046E-02	-6.016475E+01
1.09043750000E+05	1.862724E-02	-6.115342E+01
1.10912500000E+05	1.473737E-02	-7.017126E+01
1.12781250000E+05	1.806913E-02	-6.168686E+01
1.14650000000E+05	1.785252E-02	-6.398352E+01
1.16518750000E+05	1.761927E-02	-6.360696E+01
1.18387500000E+05	1.773078E-02	-6.511712E+01
1.20256250000E+05	1.712819E-02	-6.451489E+01
1.22125000000E+05	1.696861E-02	-6.402955E+01
1.23993750000E+05	1.679216E-02	-6.424919E+01
1.25862500000E+05	1.611987E-02	-6.737508E+01
1.27731250000E+05	1.584375E-02	-6.715914E+01
1.29600000000E+05	1.602701E-02	-6.655753E+01
1.31468750000E+05	1.579889E-02	-6.831870E+01
1.33337500000E+05	1.579729E-02	-6.149662E+01
1.35206250000E+05	1.497840E-02	-6.641638E+01
1.37075000000E+05	1.463812E-02	-6.753404E+01
1.38943750000E+05	1.481851E-02	-6.457101E+01
1.40812500000E+05	1.720237E-02	-6.773843E+01
1.42681250000E+05	1.545417E-02	-7.201719E+01
1.44550000000E+05	1.522243E-02	-7.103590E+01
1.46418750000E+05	1.506875E-02	-6.979813E+01
1.48287500000E+05	1.430473E-02	-7.106544E+01
1.50156250000E+05	1.404339E-02	-7.292173E+01
1.52025000000E+05	1.387157E-02	-6.958195E+01
1.53893750000E+05	1.391146E-02	-7.150816E+01
1.55762500000E+05	1.396113E-02	-7.111114E+01
1.57631250000E+05	1.366829E-02	-6.927746E+01
1.59500000000E+05	1.433013E-02	-6.872955E+01
1.61368750000E+05	1.354847E-02	-7.326293E+01
1.63237500000E+05	1.343223E-02	-7.176788E+01
1.65106250000E+05	1.324503E-02	-7.145514E+01
1.66975000000E+05	1.370226E-02	-8.169027E+01
1.68843750000E+05	1.284144E-02	-7.399060E+01
1.70712500000E+05	1.255282E-02	-7.128203E+01
1.72581250000E+05	1.244030E-02	-7.705012E+01
1.74450000000E+05	1.242570E-02	-7.249828E+01
1.76318750000E+05	1.245264E-02	-7.313961E+01
1.78187500000E+05	1.259379E-02	-7.244084E+01
1.80056250000E+05	1.200696E-02	-7.400714E+01
1.81925000000E+05	1.220228E-02	-7.395171E+01
1.83793750000E+05	1.265041E-02	-7.421773E+01
1.85662500000E+05	1.165616E-02	-7.066355E+01
1.87531250000E+05	1.198022E-02	-7.436228E+01
1.89400000000E+05	1.175239E-02	-7.200623E+01
1.91268750000E+05	1.186065E-02	-7.533980E+01
1.93137500000E+05	1.148212E-02	-7.335928E+01
1.95006250000E+05	1.139317E-02	-7.612564E+01
1.96875000000E+05	1.107594E-02	-7.605580E+01
1.98743750000E+05	1.140282E-02	-7.135748E+01
2.00612500000E+05	1.150846E-02	-7.333118E+01
2.02481250000E+05	1.114908E-02	-7.248142E+01
2.04350000000E+05	1.108962E-02	-7.308141E+01
2.06218750000E+05	1.120373E-02	-7.543180E+01
2.08087500000E+05	1.106027E-02	-7.469474E+01
2.09956250000E+05	1.082187E-02	-7.596994E+01
2.11825000000E+05	1.111401E-02	-7.619089E+01
2.13693750000E+05	1.036989E-02	-7.341203E+01
2.15562500000E+05	1.004438E-02	-7.397998E+01
2.17431250000E+05	1.143540E-02	-7.459568E+01
2.19300000000E+05	1.040698E-02	-7.576067E+01
2.21168750000E+05	1.077800E-02	-7.504858E+01
2.23037500000E+05	1.084081E-02	-7.262057E+01
2.24906250000E+05	1.051097E-02	-7.475822E+01
2.26775000000E+05	1.064808E-02	-7.593315E+01
2.28643750000E+05	1.024347E-02	-7.308963E+01
2.30512500000E+05	1.018833E-02	-7.559235E+01
2.32381250000E+05	1.030943E-02	-7.592107E+01
2.34250000000E+05	1.071696E-02	-7.355121E+01
2.36118750000E+05	1.039305E-02	-7.394983E+01
2.37987500000E+05	1.088913E-02	-7.410579E+01
2.39856250000E+05	1.064949E-02	-7.488057E+01
2.41725000000E+05	1.032581E-02	-7.643927E+01
2.43593750000E+05	1.059439E-02	-7.650424E+01
2.45462500000E+05	1.056917E-02	-7.671925E+01
2.47331250000E+05	1.056643E-02	-7.847826E+01
2.49200000000E+05	1.050619E-02	-7.898958E+01
2.51068750000E+05	1.053223E-02	-8.046888E+01
2.52937500000E+05	1.063273E-02	-8.016120E+01
2.54806250000E+05	1.039710E-02	-8.173192E+01
2.56675000000E+05	1.026526E-02	-8.224728E+01
2.58543750000E+05	1.028750E-02	-8.295347E+01
2.60412500000E+05	1.002148E-02	-8.357495E+01
2.62281250000E+05	9.612620E-03	-8.537330E+01
2.64150000000E+05	9.607153E-03	-8.249414E+01
2.66018750000E+05	9.748156E-03	-8.219280E+01
2.67887500000E+05	9.130326E-03	-8.538218E+01
2.69756250000E+05	9.576955E-03	-8.513136E+01
2.71625000000E+05	9.393963E-03	-8.404633E+01
2.73493750000E+05	9.267346E-03	-8.540806E+01
2.75362500000E+05	8.962401E-03	-8.700973E+01
2.77231250000E+05	8.792164E-03	-8.716655E+01
2.79100000000E+05	8.853651E-03	-8.422392E+01
2.80968750000E+05	8.579476E-03	-8.403082E+01
2.82837500000E+05	8.888438E-03	-8.278745E+01
2.84706250000E+05	8.449705E-03	-8.600751E+01
2.86575000000E+05	8.437182E-03	-8.528426E+01
2.88443750000E+05	8.538299E-03	-8.141436E+01
2.90312500000E+05	8.654759E-03	-8.387640E+01
2.92181250000E+05	7.910229E-03	-8.577273E+01
2.94050000000E+05	8.230245E-03	-8.561388E+01
2.95918750000E+05	8.447953E-03	-8.382619E+01
2.97787500000E+05	8.315023E-03	-8.579822E+01
2.99656250000E+05	8.487280E-03	-8.200083E+01
3.01525000000E+05	7.837584E-03	-8.444672E+01
3.03393750000E+05	8.277140E-03	-8.251108E+01
3.05262500000E+05	8.117069E-03	-8.453400E+01
3.07131250000E+05	7.955411E-03	-8.277281E+01
3.09000000000E+05	8.019739E-03	-8.358116E+01
3.10868750000E+05	8.186105E-03	-8.027983E+01
3.12737500000E+05	7.846899E-03	-8.328044E+01
3.14606250000E+05	7.853328E-03	-8.147122E+01
3.16475000000E+05	7.727745E-03	-8.241717E+01
3.18343750000E+05	8.028356E-03	-8.356757E+01
3.20212500000E+05	7.878535E-03	-8.097655E+01
3.22081250000E+05	7.757002E-03	-8.407483E+01
3.23950000000E+05	7.800444E-03	-8.080566E+01
3.25818750000E+05	7.744158E-03	-8.303349E+01
3.27687500000E+05	7.766255E-03	-8.177605E+01
3.29556250000E+05	7.639199E-03	-8.222297E+01
3.31425000000E+05	7.401614E-03	-8.297462E+01
3.33293750000E+05	7.543866E-03	-8.117612E+01
3.35162500000E+05	7.271984E-03	-8.273051E+01
3.37031250000E+05	7.727128E-03	-8.166543E+01
3.38900000000E+05	7.513419E-03	-8.343169E+01
3.40768750000E+05	7.296156E-03	-8.618612E+01
3.42637500000E+05	7.476436E-03	-8.339182E+01
3.44506250000E+05	7.754175E-03	-8.468701E+01
3.46375000000E+05	7.743024E-03	-8.258168E+01
3.48243750000E+05	7.716661E-03	-8.323006E+01
3.50112500000E+05	7.506799E-03	-8.329885E+01
3.51981250000E+05	7.547642E-03	-8.252289E+01
3.53850000000E+05	7.452742E-03	-8.341328E+01
3.55718750000E+05	7.717384E-03	-8.207497E+01
3.57587500000E+05	7.215697E-03	-8.480087E+01
3.59456250000E+05	7.320866E-03	-8.563329E+01
3.61325000000E+05	7.234187E-03	-8.227434E+01
3.63193750000E+05	7.202755E-03	-8.313780E+01
3.65062500000E+05	7.236661E-03	-8.036302E+01
3.66931250000E+05	7.188110E-03	-8.379877E+01
3.68800000000E+05	7.118755E-03	-8.211494E+01
3.70668750000E+05	7.221861E-03	-7.774595E+01
3.72537500000E+05	7.419340E-03	-8.279779E+01
3.74406250000E+05	7.095654E-03	-8.149162E+01
3.76275000000E+05	6.985615E-03	-8.199834E+01
3.78143750000E+05	7.060995E-03	-8.038995E+01
3.80012500000E+05	7.206055E-03	-8.625642E+01
3.81881250000E+05	7.273115E-03	-8.094147E+01
3.83750000000E+05	7.020051E-03	-8.306116E+01
3.85618750000E+05	7.013313E-03	-8.483788E+01
3.87487500000E+05	7.176139E-03	-8.241645E+01
3.89356250000E+05	6.903550E-03	-8.159939E+01
3.91225000000E+05	7.234809E-03	-8.360282E+01
3.93093750000E+05	7.196865E-03	-8.279695E+01
3.94962500000E+05	6.944716E-03	-8.199746E+01
3.96831250000E+05	6.780261E-03	-8.124513E+01
3.98700000000E+05	7.069559E-03	-7.948840E+01
4.00568750000E+05	7.133876E-03	-8.156718E+01
4.02437500000E+05	6.832249E-03	-8.342953E+01
4.04306250000E+05	6.968050E-03	-8.370000E+01
4.06175000000E+05	7.087784E-03	-8.112407E+01
4.08043750000E+05	6.813526E-03	-8.353063E+01
4.09912500000E+05	6.624799E-03	-8.350336E+01
4.11781250000E+05	6.671679E-03	-8.350726E+01
4.13650000000E+05	7.215134E-03	-8.466561E+01
4.15518750000E+05	6.852614E-03	-8.295023E+01
4.17387500000E+05	6.870347E-03	-8.180214E+01
4.19256250000E+05	6.851197E-03	-8.373324E+01
4.21125000000E+05	6.655795E-03	-8.318279E+01
4.22993750000E+05	6.840471E-03	-8.468902E+01
4.24862500000E+05	6.665898E-03	-8.570522E+01
4.26731250000E+05	6.987873E-03	-8.151579E+01
4.28600000000E+05	6.801668E-03	-8.375385E+01
4.30468750000E+05	6.686167E-03	-8.264117E+01
4.32337500000E+05	6.792351E-03	-8.069708E+01
4.34206250000E+05	6.856553E-03	-8.436504E+01
4.36075000000E+05	6.801087E-03	-8.249978E+01
4.37943750000E+05	6.717799E-03	-8.353149E+01
4.39812500000E+05	6.687878E-03	-8.394357E+01
4.41681250000E+05	6.712136E-03	-8.274232E+01
4.43550000000E+05	6.759381E-03	-8.251818E+01
4.45418750000E+05	6.753792E-03	-8.173268E+01
4.47287500000E+05	6.746558E-03	-8.161002E+01
4.49156250000E+05	6.892507E-03	-8.307307E+01
4.51025000000E+05	6.785103E-03	-8.157314E+01
4.52893750000E+05	6.778316E-03	-8.355300E+01
4.54762500000E+05	6.766922E-03	-8.267908E+01
4.56631250000E+05	6.868794E-03	-8.306837E+01
4.58500000000E+05	6.942946E-03	-8.304787E+01
4.60368750000E+05	6.783764E-03	-8.341022E+01
4.62237500000E+05	6.783469E-03	-8.148252E+01
4.64106250000E+05	6.752494E-03	-8.266827E+01
4.65975000000E+05	6.704946E-03	-8.613546E+01
4.67843750000E+05	6.861271E-03	-8.037897E+01
4.69712500000E+05	6.776860E-03	-8.316333E+01
4.71581250000E+05	6.539805E-03	-8.304722E+01
4.73450000000E+05	6.926208E-03	-8.286719E+01
4.75318750000E+05	6.878868E-03	-8.362003E+01
4.77187500000E+05	6.813367E-03	-8.297984E+01
4.79056250000E+05	6.814761E-03	-8.430700E+01
4.80925000000E+05	6.919766E-03	-8.192791E+01
4.82793750000E+05	6.612087E-03	-8.471920E+01
4.84662500000E+05	6.875820E-03	-8.357295E+01
4.86531250000E+05	6.739785E-03	-8.273749E+01
4.88400000000E+05	6.484010E-03	-8.293783E+01
4.90268750000E+05	6.896179E-03	-8.352635E+01
4.92137500000E+05	6.740666E-03	-8.623513E+01
4.94006250000E+05	6.643926E-03	-8.385609E+01
4.95875000000E+05	6.646245E-03	-8.285795E+01
4.97743750000E+05	6.889090E-03	-8.520167E+01
4.99612500000E+05	6.820803E-03	-8.424792E+01
5.01481250000E+05	6.876970E-03	-8.530316E+01
5.03350000000E+05	6.801210E-03	-8.567542E+01
5.05218750000E+05	6.818099E-03	-8.240942E+01
5.07087500000E+05	6.738047E-03	-8.576035E+01
5.08956250000E+05	6.848691E-03	-8.449879E+01
5.10825000000E+05	6.859081E-03	-8.354743E+01
5.12693750000E+05	6.667146E-03	-8.702515E+01
5.14562500000E+05	6.848873E-03	-8.684449E+01
5.16431250000E+05	6.793657E-03	-8.655075E+01
5.18300000000E+05	6.841333E-03	-8.642495E+01
5.20168750000E+05	6.672408E-03	-8.638866E+01
5.22037500000E+05	6.467426E-03	-9.011402E+01
5.23906250000E+05	6.615463E-03	-8.726637E+01
5.25775000000E+05	6.499961E-03	-8.811877E+01
5.27643750000E+05	6.527607E-03	-8.535352E+01
5.29512500000E+05	6.505948E-03	-8.615883E+01
5.31381250000E+05	6.608930E-03	-8.690849E+01
5.33250000000E+05	6.768569E-03	-8.601584E+01
5.35118750000E+05	6.372226E-03	-8.697154E+01
5.36987500000E+05	6.638151E-03	-8.872350E+01
5.38856250000E+05	6.278493E-03	-8.575799E+01
5.40725000000E+05	6.589190E-03	-8.453697E+01
5.42593750000E+05	6.342490E-03	-8.713023E+01
5.44462500000E+05	6.674921E-03	-8.841648E+01
5.46331250000E+05	6.389085E-03	-8.768993E+01
5.48200000000E+05	6.319667E-03	-8.489205E+01
5.50068750000E+05	6.495537E-03	-8.599976E+01
5.51937500000E+05	6.319853E-03	-8.791494E+01
5.53806250000E+05	6.319406E-03	-8.616132E+01
5.55675000000E+05	6.396244E-03	-8.833609E+01
5.57543750000E+05	6.334549E-03	-8.733523E+01
5.59412500000E+05	6.425367E-03	-8.613428E+01
5.61281250000E+05	6.267797E-03	-8.835250E+01
5.63150000000E+05	6.208846E-03	-8.849939E+01
5.65018750000E+05	6.462998E-03	-8.377941E+01
5.66887500000E+05	6.246886E-03	-8.692286E+01
5.68756250000E+05	6.133680E-03	-8.514032E+01
5.70625000000E+05	6.153272E-03	-8.676570E+01
5.72493750000E+05	6.340132E-03	-8.548289E+01
5.74362500000E+05	6.421076E-03	-8.690856E+01
5.76231250000E+05	6.350859E-03	-8.748037E+01
5.78100000000E+05	6.141218E-03	-8.529133E+01
5.79968750000E+05	6.375867E-03	-8.565434E+01
5.81837500000E+05	6.064195E-03	-8.602007E+01
5.83706250000E+05	6.181207E-03	-8.728258E+01
5.85575000000E+05	6.452132E-03	-8.540215E+01
5.87443750000E+05	6.288306E-03	-8.790119E+01
5.89312500000E+05	6.476889E-03	-8.632412E+01
5.91181250000E+05	6.516378E-03	-8.716273E+01
5.93050000000E+05	6.241091E-03	-8.405836E+01
5.94918750000E+05	6.387327E-03	-8.660732E+01
5.96787500000E+05	6.127370E-03	-8.632697E+01
5.98656250000E+05	6.146428E-03	-8.701738E+01
6.00525000000E+05	6.235368E-03	-8.659535E+01
6.02393750000E+05	6.351818E-03	-8.583715E+01
6.04262500000E+05	5.976855E-03	-8.961790E+01
6.06131250000E+05	6.351196E-03	-8.765421E+01
6.08000000000E+05	6.347893E-03	-8.615474E+01
6.09868750000E+05	6.210329E-03	-8.617467E+01
6.11737500000E+05	6.277966E-03	-8.503256E+01
6.13606250000E+05	5.933768E-03	-8.361118E+01
6.15475000000E+05	6.087900E-03	-8.562028E+01
6.17343750000E+05	6.110999E-03	-8.767659E+01
6.19212500000E+05	6.228671E-03	-8.626950E+01
6.21081250000E+05	6.256890E-03	-8.720234E+01
6.22950000000E+05	6.317003E-03	-8.823358E+01
6.24818750000E+05	6.093832E-03	-8.606378E+01
6.26687500000E+05	6.341824E-03	-8.668424E+01
6.28556250000E+05	6.258375E-03	-8.571967E+01
6.30425000000E+05	6.193802E-03	-8.760007E+01
6.32293750000E+05	6.281479E-03	-8.483069E+01
6.34162500000E+05	6.138667E-03	-8.413364E+01
6.36031250000E+05	6.081723E-03	-8.585384E+01
6.37900000000E+05	6.167759E-03	-8.696113E+01
6.39768750000E+05	6.153188E-03	-8.585372E+01
6.41637500000E+05	6.298149E-03	-8.572649E+01
6.43506250000E+05	6.292633E-03	-8.673296E+01
6.45375000000E+05	6.372970E-03	-8.682775E+01
6.47243750000E+05	6.256155E-03	-8.428611E+01
6.49112500000E+05	6.225650E-03	-8.590397E+01
6.50981250000E+05	6.368845E-03	-8.683530E+01
6.52850000000E+05	6.400219E-03	-8.604683E+01
6.54718750000E+05	6.314625E-03	-8.671136E+01
6.56587500000E+05	6.281669E-03	-8.571347E+01
6.58456250000E+05	6.247008E-03	-8.648760E+01
6.60325000000E+05	6.213278E-03	-8.846050E+01
6.62193750000E+05	6.030631E-03	-8.616071E+01
6.64062500000E+05	6.086284E-03	-8.689156E+01
6.65931250000E+05	6.206547E-03	-8.538999E+01
6.67800000000E+05	6.331020E-03	-8.608192E+01
6.69668750000E+05	6.126639E-03	-8.695145E+01
6.71537500000E+05	6.061722E-03	-8.616384E+01
6.73406250000E+05	6.178429E-03	-8.746011E+01
6.75275000000E+05	6.471569E-03	-8.493660E+01
6.77143750000E+05	6.259482E-03	-8.637205E+01
6.79012500000E+05	6.351898E-03	-8.695531E+01
6.80881250000E+05	6.215980E-03	-8.765076E+01
6.82750000000E+05	6.202233E-03	-8.552175E+01
6.84618750000E+05	6.119030E-03	-8.855998E+01
6.86487500000E+05	6.298210E-03	-8.594154E+01
6.88356250000E+05	6.170405E-03	-8.637192E+01
6.90225000000E+05	6.131149E-03	-8.560123E+01
6.92093750000E+05	5.976504E-03	-8.669150E+01
6.93962500000E+05	6.238431E-03	-8.775026E+01
6.95831250000E+05	6.329486E-03	-8.616258E+01
6.97700000000E+05	6.130160E-03	-8.526460E+01
6.99568750000E+05	6.162517E-03	-8.812814E+01
7.01437500000E+05	6.249455E-03	-8.824155E+01
7.03306250000E+05	6.149312E-03	-8.529327E+01
7.05175000000E+05	6.162758E-03	-8.478368E+01
7.07043750000E+05	6.418678E-03	-8.634920E+01
7.08912500000E+05	6.286020E-03	-8.522164E+01
7.10781250000E+05	6.356530E-03	-8.719233E+01
7.12650000000E+05	6.264280E-03	-8.767889E+01
7.14518750000E+05	6.296169E-03	-8.653214E+01
7.16387500000E+05	6.435235E-03	-8.442385E+01
7.18256250000E+05	6.338920E-03	-8.692957E+01
7.20125000000E+05	6.206607E-03	-8.555365E+01
7.21993750000E+05	6.054635E-03	-8.757010E+01
7.23862500000E+05	6.355883E-03	-8.614905E+01
7.25731250000E+05	6.431979E-03	-8.497568E+01
7.27600000000E+05	6.325077E-03	-8.659991E+01
7.29468750000E+05	6.459049E-03	-8.854046E+01
7.31337500000E+05	6.186037E-03	-8.790012E+01
7.33206250000E+05	6.299639E-03	-8.593603E+01
7.35075000000E+05	6.322173E-03	-8.782189E+01
7.36943750000E+05	6.344391E-03	-8.651617E+01
7.38812500000E+05	6.134300E-03	-8.531521E+01
7.40681250000E+05	6.309364E-03	-8.647555E+01
7.42550000000E+05	6.301433E-03	-8.666541E+01
7.44418750000E+05	6.034463E-03	-8.684639E+01
7.46287500000E+05	6.388105E-03	-8.792303E+01
7.48156250000E+05	6.200737E-03	-8.780031E+01
7.50025000000E+05	6.290799E-03	-8.493492E+01
7.51893750000E+05	6.194368E-03	-8.788579E+01
7.53762500000E+05	6.174809E-03	-8.636090E+01
7.55631250000E+05	6.448809E-03	-8.640186E+01
7.57500000000E+05	6.137114E-03	-8.664440E+01
7.59368750000E+05	6.259123E-03	-8.664499E+01
7.61237500000E+05	6.243221E-03	-8.689104E+01
7.63106250000E+05	6.294122E-03	-8.810233E+01
7.64975000000E+05	6.182446E-03	-8.629613E+01
7.66843750000E+05	6.394354E-03	-8.629164E+01
7.68712500000E+05	6.269715E-03	-8.801214E+01
7.70581250000E+05	6.408958E-03	-8.832206E+01
7.72450000000E+05	6.395889E-03	-8.689821E+01
7.74318750000E+05	6.296670E-03	-8.549819E+01
7.76187500000E+05	6.290175E-03	-8.613742E+01
7.78056250000E+05	6.420455E-03	-8.628104E+01
7.79925000000E+05	6.628272E-03	-8.585683E+01
7.81793750000E+05	6.188723E-03	-8.489840E+01
7.83662500000E+05	6.373466E-03	-8.687916E+01
7.85531250000E+05	6.386450E-03	-8.666270E+01
7.87400000000E+05	6.218265E-03	-8.708553E+01
7.89268750000E+05	6.175433E-03	-8.771379E+01
7.91137500000E+05	6.417114E-03	-8.884132E+01
7.93006250000E+05	6.170218E-03	-8.635031E+01
7.94875000000E+05	6.254202E-03	-8.552593E+01
7.96743750000E+05	6.248847E-03	-8.849773E+01
7.98612500000E+05	6.558799E-03	-8.844357E+01
8.00481250000E+05	6.530012E-03	-8.770670E+01
8.02350000000E+05	6.279858E-03	-8.743960E+01
8.04218750000E+05	6.294873E-03	-8.812125E+01
8.06087500000E+05	6.371429E-03	-8.633203E+01
8.07956250000E+05	6.283765E-03	-8.696595E+01
8.09825000000E+05	6.661081E-03	-8.662695E+01
8.11693750000E+05	6.448034E-03	-8.747926E+01
8.13562500000E+05	6.376548E-03	-8.741035E+01
8.15431250000E+05	6.377215E-03	-8.691631E+01
8.17300000000E+05	6.382222E-03	-8.809128E+01
8.19168750000E+05	6.560779E-03	-8.753108E+01
8.21037500000E+05	6.451173E-03	-8.836119E+01
8.22906250000E+05	6.351456E-03	-8.603288E+01
8.24775000000E+05	6.572976E-03	-8.609188E+01
8.26643750000E+05	6.408220E-03	-8.557613E+01
8.28512500000E+05	6.600296E-03	-8.517065E+01
8.30381250000E+05	6.520495E-03	-8.618634E+01
8.32250000000E+05	6.329010E-03	-8.897826E+01
8.34118750000E+05	6.393978E-03	-8.735527E+01
8.35987500000E+05	6.111384E-03	-8.601900E+01
8.37856250000E+05	6.541203E-03	-8.868693E+01
8.39725000000E+05	6.499953E-03	-8.804011E+01
8.41593750000E+05	6.457163E-03	-8.913143E+01
8.43462500000E+05	6.473670E-03	-8.958623E+01
8.45331250000E+05	6.495432E-03	-8.812828E+01
8.47200000000E+05	6.726771E-03	-8.610388E+01
8.49068750000E+05	6.523525E-03	-8.956342E+01
8.50937500000E+05	6.314754E-03	-8.823244E+01
8.52806250000E+05	6.507397E-03	-8.984641E+01
8.54675000000E+05	6.624865E-03	-8.567126E+01
8.56543750000E+05	6.544650E-03	-8.669392E+01
8.58412500000E+05	6.449970E-03	-8.636919E+01
8.60281250000E+05	6.388197E-03	-8.683332E+01
8.62150000000E+05	6.585062E-03	-8.882061E+01
8.64018750000E+05	6.871332E-03	-8.777699E+01
8.65887500000E+05	6.507869E-03	-8.797964E+01
8.67756250000E+05	6.615711E-03	-8.820576E+01
8.69625000000E+05	6.450974E-03	-8.769886E+01
8.71493750000E+05	6.513861E-03	-8.755502E+01
8.73362500000E+05	6.611471E-03	-8.788071E+01
8.75231250000E+05	6.428093E-03	-8.818516E+01
8.77100000000E+05	6.536360E-03	-8.978226E+01
8.78968750000E+05	6.707516E-03	-8.737273E+01
8.80837500000E+05	6.750116E-03	-8.986363E+01
8.82706250000E+05	6.638282E-03	-8.674984E+01
8.84575000000E+05	6.533894E-03	-8.889228E+01
8.86443750000E+05	6.718503E-03	-8.725526E+01
8.88312500000E+05	6.620287E-03	-9.074039E+01
8.90181250000E+05	6.642566E-03	-8.800640E+01
8.92050000000E+05	6.861491E-03	-8.824992E+01
8.93918750000E+05	6.459853E-03	-8.823466E+01
8.95787500000E+05	6.724167E-03	-8.819200E+01
8.97656250000E+05	6.572388E-03	-8.727209E+01
8.99525000000E+05	6.672562E-03	-8.815353E+01
9.01393750000E+05	6.520873E-03	-8.662245E+01
9.03262500000E+05	6.492420E-03	-8.923653E+01
9.05131250000E+05	6.678897E-03	-8.801776E+01
9.07000000000E+05	6.531983E-03	-8.626616E+01
9.08868750000E+05	6.572256E-03	-8.858946E+01
9.10737500000E+05	6.543162E-03	-8.778310E+01
9.12606250000E+05	6.455397E-03	-8.881052E+01
9.14475000000E+05	6.576150E-03	-8.795511E+01
9.16343750000E+05	6.689319E-03	-8.708144E+01
9.18212500000E+05	6.567896E-03	-8.919845E+01
9.20081250000E+05	6.828669E-03	-8.899419E+01
9.21950000000E+05	6.541399E-03	-8.947858E+01
9.23818750000E+05	6.668147E-03	-8.943441E+01
9.25687500000E+05	6.717016E-03	-8.841605E+01
9.27556250000E+05	6.784575E-03	-8.838926E+01
9.29425000000E+05	6.667749E-03	-8.656639E+01
9.31293750000E+05	6.666997E-03	-8.763007E+01
9.33162500000E+05	6.708322E-03	-9.025425E+01
9.35031250000E+05	6.887264E-03	-8.891550E+01
9.36900000000E+05	6.436320E-03	-8.829209E+01
9.38768750000E+05	6.794689E-03	-8.898774E+01
9.40637500000E+05	6.698263E-03	-8.782324E+01
9.42506250000E+05	6.548359E-03	-8.910360E+01
9.44375000000E+05	6.850836E-03	-8.928040E+01
9.46243750000E+05	6.590221E-03	-9.089464E+01
9.48112500000E+05	6.822863E-03	-8.994940E+01
9.49981250000E+05	6.827863E-03	-8.801716E+01
9.51850000000E+05	6.750689E-03	-9.200303E+01
9.53718750000E+05	6.859132E-03	-8.899789E+01
9.55587500000E+05	6.815613E-03	-8.936576E+01
9.57456250000E+05	6.776579E-03	-8.963885E+01
9.59325000000E+05	6.776994E-03	-8.798454E+01
9.61193750000E+05	6.735800E-03	-8.933173E+01
9.63062500000E+05	6.614638E-03	-8.819023E+01
9.64931250000E+05	6.873310E-03	-8.801284E+01
9.66800000000E+05	6.962838E-03	-8.900148E+01
9.68668750000E+05	6.857799E-03	-8.990815E+01
9.70537500000E+05	6.892430E-03	-8.664144E+01
9.72406250000E+05	6.659268E-03	-8.757237E+01
9.74275000000E+05	6.754441E-03	-8.962377E+01
9.76143750000E+05	6.773911E-03	-8.925192E+01
9.78012500000E+05	7.066754E-03	-8.810439E+01
9.79881250000E+05	6.775571E-03	-8.904302E+01
9.81750000000E+05	7.024572E-03	-8.987734E+01
9.83618750000E+05	6.595585E-03	-8.856211E+01
9.85487500000E+05	6.946831E-03	-8.938592E+01
9.87356250000E+05	6.959622E-03	-8.893384E+01
9.89225000000E+05	6.855213E-03	-8.847386E+01
9.91093750000E+05	6.799751E-03	-8.944550E+01
9.92962500000E+05	6.847347E-03	-8.905180E+01
9.94831250000E+05	6.931367E-03	-8.884243E+01
9.96700000000E+05	6.937700E-03	-8.848103E+01
9.98568750000E+05	6.552475E-03	-8.744106E+01
1.00043750000E+06	6.774159E-03	-8.888000E+01
1.00230625000E+06	6.949062E-03	-9.012508E+01
1.00417500000E+06	6.939509E-03	-9.010682E+01
1.00604375000E+06	6.882798E-03	-9.066753E+01
1.00791250000E+06	6.990440E-03	-8.769473E+01
1.00978125000E+06	6.641338E-03	-8.733688E+01
1.01165000000E+06	7.004843E-03	-8.857024E+01
1.01351875000E+06	6.778587E-03	-8.912009E+01
1.01538750000E+06	6.947449E-03	-9.059985E+01
1.01725625000E+06	6.767447E-03	-8.879082E+01
1.01912500000E+06	6.892432E-03	-8.756592E+01
1.02099375000E+06	7.018212E-03	-9.047660E+01
1.02286250000E+06	6.687708E-03	-8.996532E+01
1.02473125000E+06	6.976214E-03	-8.873273E+01
1.02660000000E+06	6.914954E-03	-8.984985E+01
1.02846875000E+06	6.932920E-03	-8.913200E+01
1.03033750000E+06	6.727109E-03	-8.988203E+01
1.03220625000E+06	7.040351E-03	-8.927626E+01
1.03407500000E+06	6.986446E-03	-8.809592E+01
1.03594375000E+06	7.068784E-03	-8.914265E+01
1.03781250000E+06	6.943610E-03	-8.822765E+01
1.03968125000E+06	6.822332E-03	-8.877052E+01
1.04155000000E+06	7.156270E-03	-8.990595E+01
1.04341875000E+06	6.894616E-03	-8.725082E+01
1.04528750000E+06	6.912900E-03	-8.828240E+01
1.04715625000E+06	6.953023E-03	-8.980428E+01
1.04902500000E+06	6.976271E-03	-8.897605E+01
1.05089375000E+06	7.089563E-03	-9.112791E+01
1.05276250000E+06	7.179896E-03	-9.099670E+01
1.05463125000E+06	7.183463E-03	-9.010545E+01
1.05650000000E+06	6.833385E-03	-8.821559E+01
1.05836875000E+06	7.327719E-03	-9.047466E+01
1.06023750000E+06	6.663280E-03	-8.928883E+01
1.06210625000E+06	7.099304E-03	-8.844086E+01
1.06397500000E+06	6.887647E-03	-8.934599E+01
1.06584375000E+06	6.912115E-03	-9.015907E+01
1.06771250000E+06	7.064989E-03	-9.134882E+01
1.06958125000E+06	7.046406E-03	-8.977739E+01
1.07145000000E+06	6.940579E-03	-8.772475E+01
1.07331875000E+06	7.102514E-03	-8.883468E+01
1.07518750000E+06	7.151893E-03	-9.058018E+01
1.07705625000E+06	7.032237E-03	-8.995991E+01
1.07892500000E+06	6.985445E-03	-8.944136E+01
1.08079375000E+06	7.047497E-03	-8.946000E+01
1.08266250000E+06	7.115909E-03	-8.982219E+01
1.08453125000E+06	6.885563E-03	-8.736260E+01
1.08640000000E+06	7.017366E-03	-8.879622E+01
1.08826875000E+06	7.124629E-03	-9.010103E+01
1.09013750000E+06	7.151321E-03	-8.954748E+01
1.09200625000E+06	7.000797E-03	-8.897580E+01
1.09387500000E+06	7.031492E-03	-8.907053E+01
1.09574375000E+06	7.084526E-03	-8.964133E+01
1.09761250000E+06	6.821287E-03	-8.917313E+01
1.09948125000E+06	7.053157E-03	-8.904117E+01
1.10135000000E+06	7.153668E-03	-8.988458E+01
1.10321875000E+06	7.108026E-03	-8.864155E+01
1.10508750000E+06	7.223791E-03	-8.854945E+01
1.10695625000E+06	6.996488E-03	-9.101478E+01
1.10882500000E+06	7.226269E-03	-9.012606E+01
1.11069375000E+06	7.180208E-03	-8.977841E+01
1.11256250000E+06	7.220079E-03	-9.125847E+01
1.11443125000E+06	7.267577E-03	-8.980138E+01
1.11630000000E+06	7.437930E-03	-8.790916E+01
1.11816875000E+06	7.182546E-03	-8.827985E+01
1.12003750000E+06	7.374146E-03	-8.941180E+01
1.12190625000E+06	7.106552E-03	-9.114279E+01
1.12377500000E+06	7.141407E-03	-9.071049E+01
1.12564375000E+06	7.419717E-03	-8.918378E+01
1.12751250000E+06	7.336680E-03	-9.133401E+01
1.12938125000E+06	6.985266E-03	-9.005540E+01
1.13125000000E+06	7.227854E-03	-8.702119E+01
1.13311875000E+06	7.404434E-03	-8.942929E+01
1.13498750000E+06	7.144698E-03	-8.965595E+01
1.13685625000E+06	7.112965E-03	-8.843494E+01
1.13872500000E+06	7.217614E-03	-8.990891E+01
1.14059375000E+06	7.276695E-03	-9.040643E+01
1.14246250000E+06	7.415396E-03	-9.037766E+01
1.14433125000E+06	7.343394E-03	-8.836266E+01
1.14620000000E+06	7.100238E-03	-8.851360E+01
1.14806875000E+06	6.968633E-03	-9.155933E+01
1.14993750000E+06	7.177531E-03	-9.028019E+01
1.15180625000E+06	7.528979E-03	-9.313354E+01
1.15367500000E+06	7.377024E-03	-8.903894E+01
1.15554375000E+06	7.476490E-03	-9.011866E+01
1.15741250000E+06	7.459342E-03	-8.952450E+01
1.15928125000E+06	7.633473E-03	-8.868867E+01
1.16115000000E+06	7.130605E-03	-9.152426E+01
1.16301875000E+06	7.290397E-03	-9.001482E+01
1.16488750000E+06	7.129462E-03	-8.975749E+01
1.16675625000E+06	7.285978E-03	-8.960062E+01
1.16862500000E+06	7.445646E-03	-9.066181E+01
1.17049375000E+06	7.422063E-03	-8.918261E+01
1.17236250000E+06	7.599615E-03	-8.986145E+01
1.17423125000E+06	7.597853E-03	-9.209090E+01
1.17610000000E+06	7.400368E-03	-9.088293E+01
1.17796875000E+06	7.444775E-03	-9.015286E+01
1.17983750000E+06	7.526484E-03	-8.739545E+01
1.18170625000E+06	7.422712E-03	-9.138857E+01
1.18357500000E+06	7.494153E-03	-8.898066E+01
1.18544375000E+06	7.349605E-03	-8.944198E+01
1.18731250000E+06	7.239795E-03	-8.989750E+01
1.18918125000E+06	7.449796E-03	-9.056236E+01
1.19105000000E+06	7.523106E-03	-9.076752E+01
1.19291875000E+06	7.438008E-03	-9.016772E+01
1.19478750000E+06	7.513404E-03	-9.151472E+01
1.19665625000E+06	7.528932E-03	-8.999982E+01
1.19852500000E+06	7.107430E-03	-9.062798E+01
1.20039375000E+06	7.510537E-03	-8.927897E+01
1.20226250000E+06	7.545828E-03	-9.229020E+01
1.20413125000E+06	7.359329E-03	-8.760457E+01
1.20600000000E+06	7.710137E-03	-9.115798E+01
1.20786875000E+06	7.171901E-03	-9.188398E+01
1.20973750000E+06	7.493033E-03	-9.065002E+01
1.21160625000E+06	7.480511E-03	-8.851314E+01
1.21347500000E+06	7.629500E-03	-9.179797E+01
1.21534375000E+06	7.468041E-03	-8.914311E+01
1.21721250000E+06	7.596581E-03	-9.226206E+01
1.21908125000E+06	7.753601E-03	-9.126733E+01
1.22095000000E+06	7.512107E-03	-8.942294E+01
1.22281875000E+06	7.484795E-03	-9.101402E+01
1.22468750000E+06	7.551169E-03	-9.142474E+01
1.22655625000E+06	7.689147E-03	-9.113976E+01
1.22842500000E+06	7.331619E-03	-9.290640E+01
1.23029375000E+06	7.519498E-03	-8.963204E+01
1.23216250000E+06	7.475854E-03	-9.208843E+01
1.23403125000E+06	7.534154E-03	-8.987891E+01
1.23590000000E+06	7.562299E-03	-9.030913E+01
1.23776875000E+06	7.566571E-03	-8.817548E+01
1.23963750000E+06	7.782254E-03	-8.932651E+01
1.24150625000E+06	7.658147E-03	-9.124422E+01
1.24337500000E+06	7.763921E-03	-8.974724E+01
1.24524375000E+06	7.394556E-03	-9.101051E+01
1.24711250000E+06	7.506116E-03	-9.194086E+01
1.24898125000E+06	7.731332E-03	-9.171606E+01
1.25085000000E+06	7.738557E-03	-9.015756E+01
1.25271875000E+06	7.725555E-03	-9.217889E+01
1.25458750000E+06	7.895890E-03	-9.018138E+01
1.25645625000E+06	7.398832E-03	-8.895807E+01
1.25832500000E+06	7.674217E-03	-9.182272E+01
1.26019375000E+06	7.589036E-03	-9.051790E+01
1.26206250000E+06	7.767496E-03	-9.078896E+01
1.26393125000E+06	7.633206E-03	-9.108094E+01
1.26580000000E+06	7.572520E-03	-8.949454E+01
1.26766875000E+06	7.519391E-03	-9.100672E+01
1.26953750000E+06	7.933367E-03	-9.044469E+01
1.27140625000E+06	7.681420E-03	-9.049545E+01
1.27327500000E+06	7.649617E-03	-9.074671E+01
1.27514375000E+06	7.858138E-03	-8.945942E+01
1.27701250000E+06	7.759398E-03	-9.207427E+01
1.27888125000E+06	7.700440E-03	-9.124922E+01
1.28075000000E+06	7.927508E-03	-9.133921E+01
1.28261875000E+06	7.724458E-03	-9.077238E+01
1.28448750000E+06	7.913393E-03	-9.202260E+01
1.28635625000E+06	7.807252E-03	-9.052563E+01
1.28822500000E+06	7.888896E-03	-9.177873E+01
1.29009375000E+06	7.784108E-03	-9.126257E+01
1.29196250000E+06	8.075321E-03	-9.154986E+01
1.29383125000E+06	7.873910E-03	-8.990868E+01
1.29570000000E+06	7.936707E-03	-9.244932E+01
1.29756875000E+06	7.598661E-03	-9.128604E+01
1.29943750000E+06	7.686604E-03	-9.185755E+01
1.30130625000E+06	7.807745E-03	-9.131407E+01
1.30317500000E+06	7.889980E-03	-9.175279E+01
1.30504375000E+06	7.862821E-03	-9.154807E+01
1.30691250000E+06	7.788646E-03	-8.860247E+01
1.30878125000E+06	7.867096E-03	-8.991897E+01
1.31065000000E+06	8.198650E-03	-9.090104E+01
1.31251875000E+06	7.921135E-03	-9.009380E+01
1.31438750000E+06	7.878275E-03	-8.978541E+01
1.31625625000E+06	7.920155E-03	-9.186591E+01
1.31812500000E+06	7.875370E-03	-8.929406E+01
1.31999375000E+06	7.911709E-03	-9.234367E+01
1.32186250000E+06	8.326043E-03	-8.981552E+01
1.32373125000E+06	7.835195E-03	-9.231867E+01
1.32560000000E+06	7.908119E-03	-8.970310E+01
1.32746875000E+06	8.198648E-03	-9.102255E+01
1.32933750000E+06	7.956811E-03	-9.005594E+01
1.33120625000E+06	7.812823E-03	-8.722521E+01
1.33307500000E+06	8.091435E-03	-8.996278E+01
1.33494375000E+06	8.152854E-03	-9.102952E+01
1.33681250000E+06	8.006270E-03	-8.868533E+01
1.33868125000E+06	8.195492E-03	-9.257395E+01
1.34055000000E+06	7.833961E-03	-8.971343E+01
1.34241875000E+06	7.964844E-03	-8.894927E+01
1.34428750000E+06	8.091704E-03	-9.135182E+01
1.34615625000E+06	7.991851E-03	-8.909414E+01
1.34802500000E+06	8.002238E-03	-9.351958E+01
1.34989375000E+06	7.877200E-03	-9.126146E+01
1.35176250000E+06	8.187335E-03	-9.265816E+01
1.35363125000E+06	7.910614E-03	-9.144671E+01
1.35550000000E+06	7.989880E-03	-9.147199E+01
1.35736875000E+06	7.992721E-03	-9.150589E+01
1.35923750000E+06	8.111962E-03	-9.034502E+01
1.36110625000E+06	8.001841E-03	-9.032030E+01
1.36297500000E+06	8.189348E-03	-9.188906E+01
1.36484375000E+06	8.292387E-03	-9.213219E+01
1.36671250000E+06	8.004634E-03	-9.170238E+01
1.36858125000E+06	8.055565E-03	-8.997846E+01
1.37045000000E+06	8.098212E-03	-9.300033E+01
1.37231875000E+06	8.047951E-03	-9.047432E+01
1.37418750000E+06	8.155404E-03	-9.305167E+01
1.37605625000E+06	8.231191E-03	-8.972576E+01
1.37792500000E+06	7.990438E-03	-9.217620E+01
1.37979375000E+06	8.298482E-03	-9.016178E+01
1.38166250000E+06	8.016841E-03	-9.179353E+01
1.38353125000E+06	8.009170E-03	-9.160795E+01
1.38540000000E+06	8.263612E-03	-9.197426E+01
1.38726875000E+06	8.022350E-03	-9.182619E+01
1.38913750000E+06	8.252583E-03	-8.966395E+01
1.39100625000E+06	8.313542E-03	-8.939023E+01
1.39287500000E+06	8.269087E-03	-9.143095E+01
1.39474375000E+06	8.209650E-03	-9.137570E+01
1.39661250000E+06	7.944707E-03	-9.291833E+01
1.39848125000E+06	8.284281E-03	-9.237955E+01
1.40035000000E+06	8.268024E-03	-8.844485E+01
1.40221875000E+06	8.301255E-03	-9.001565E+01
1.40408750000E+06	8.413246E-03	-9.075186E+01
1.40595625000E+06	8.290441E-03	-9.163524E+01
1.40782500000E+06	8.235326E-03	-9.315318E+01
1.40969375000E+06	8.640996E-03	-9.201592E+01
1.41156250000E+06	8.152091E-03	-9.265302E+01
1.41343125000E+06	8.115029E-03	-9.049592E+01
1.41530000000E+06	8.210468E-03	-9.343150E+01
1.41716875000E+06	8.095217E-03	-9.174062E+01
1.41903750000E+06	8.339483E-03	-9.142854E+01
1.42090625000E+06	8.554823E-03	-9.107565E+01
1.42277500000E+06	8.131053E-03	-9.173367E+01
1.42464375000E+06	8.405209E-03	-9.022668E+01
1.42651250000E+06	8.292366E-03	-9.051043E+01
1.42838125000E+06	8.443456E-03	-9.091698E+01
1.43025000000E+06	8.230279E-03	-8.987820E+01
1.43211875000E+06	8.525165E-03	-8.941922E+01
1.43398750000E+06	8.448267E-03	-9.234083E+01
1.43585625000E+06	8.375877E-03	-9.287529E+01
1.43772500000E+06	8.344093E-03	-9.265448E+01
1.43959375000E+06	8.600886E-03	-9.123352E+01
1.44146250000E+06	8.331695E-03	-9.140498E+01
1.44333125000E+06	8.260110E-03	-9.007578E+01
1.44520000000E+06	8.386058E-03	-9.299383E+01
1.44706875000E+06	8.360697E-03	-9.125726E+01
1.44893750000E+06	8.730601E-03	-9.155028E+01
1.45080625000E+06	8.543153E-03	-9.244593E+01
1.45267500000E+06	8.591011E-03	-9.193873E+01
1.45454375000E+06	8.465200E-03	-9.038717E+01
1.45641250000E+06	8.394157E-03	-9.169637E+01
1.45828125000E+06	8.467454E-03	-9.155954E+01
1.46015000000E+06	8.654699E-03	-9.100201E+01
1.46201875000E+06	8.828460E-03	-9.153973E+01
1.46388750000E+06	8.895071E-03	-9.298603E+01
1.46575625000E+06	8.518583E-03	-9.274885E+01
1.46762500000E+06	8.639366E-03	-9.016075E+01
1.46949375000E+06	8.409875E-03	-9.085434E+01
1.47136250000E+06	8.509272E-03	-9.150313E+01
1.47323125000E+06	8.322543E-03	-8.894012E+01
1.47510000000E+06	8.593663E-03	-9.065800E+01
1.47696875000E+06	8.522740E-03	-9.154893E+01
1.47883750000E+06	8.651900E-03	-9.121616E+01
1.48070625000E+06	8.576670E-03	-9.124675E+01
1.48257500000E+06	8.410631E-03	-9.214352E+01
1.48444375000E+06	8.565637E-03	-9.021767E+01
1.48631250000E+06	8.613988E-03	-9.146612E+01
1.48818125000E+06	8.786834E-03	-9.183499E+01
1.49005000000E+06	8.580784E-03	-9.273747E+01
1.49191875000E+06	8.833314E-03	-9.104128E+01
1.49378750000E+06	8.398070E-03	-9.094026E+01
1.49565625000E+06	8.523224E-03	-9.035543E+01
1.49752500000E+06	8.921284E-03	-9.216153E+01
1.49939375000E+06	8.732853E-03	-9.158840E+01
1.50126250000E+06	9.250625E-03	-9.126486E+01
1.50313125000E+06	8.822625E-03	-9.255358E+01
1.50500000000E+06	8.607103E-03	-9.152103E+01
1.50686875000E+06	8.358804E-03	-9.055238E+01
1.50873750000E+06	8.647566E-03	-9.149968E+01
1.51060625000E+06	8.815056E-03	-9.247378E+01
1.51247500000E+06	8.502156E-03	-9.091476E+01
1.51434375000E+06	8.629282E-03	-9.365699E+01
1.51621250000E+06	8.754473E-03	-8.992879E+01
1.51808125000E+06	8.895492E-03	-9.162480E+01
1.51995000000E+06	8.666774E-03	-9.166345E+01
1.52181875000E+06	8.861271E-03	-9.335787E+01
1.52368750000E+06	8.669986E-03	-9.284662E+01
1.52555625000E+06	8.688370E-03	-9.148943E+01
1.52742500000E+06	9.146694E-03	-9.314426E+01
1.52929375000E+06	8.414713E-03	-9.267088E+01
1.53116250000E+06	9.133438E-03	-9.149784E+01
1.53303125000E+06	9.019146E-03	-9.235511E+01
1.53490000000E+06	9.181875E-03	-9.360609E+01
1.53676875000E+06	8.807018E-03	-9.380307E+01
1.53863750000E+06	8.978378E-03	-9.272970E+01
1.54050625000E+06	8.862045E-03	-9.078353E+01
1.54237500000E+06	9.094059E-03	-9.207871E+01
1.54424375000E+06	8.746715E-03	-9.212010E+01
1.54611250000E+06	8.800993E-03	-9.137642E+01
1.54798125000E+06	8.987864E-03	-9.167693E+01
1.54985000000E+06	8.844368E-03	-9.177808E+01
1.55171875000E+06	8.791105E-03	-9.170682E+01
1.55358750000E+06	8.945175E-03	-9.113517E+01
1.55545625000E+06	8.708674E-03	-9.212086E+01
1.55732500000E+06	8.864952E-03	-9.255554E+01
1.55919375000E+06	9.157737E-03	-9.071852E+01
1.56106250000E+06	8.842194E-03	-9.213922E+01
1.56293125000E+06	8.871714E-03	-9.350131E+01
1.56480000000E+06	8.930283E-03	-9.014973E+01
1.56666875000E+06	9.139222E-03	-9.257948E+01
1.56853750000E+06	9.079669E-03	-9.202515E+01
1.57040625000E+06	8.696761E-03	-9.054245E+01
1.57227500000E+06	8.688326E-03	-9.097112E+01
1.57414375000E+06	8.986746E-03	-9.140661E+01
1.57601250000E+06	9.047097E-03	-9.209175E+01
1.57788125000E+06	9.202152E-03	-9.155781E+01
1.57975000000E+06	8.983589E-03	-9.102712E+01
1.58161875000E+06	8.818147E-03	-9.209349E+01
1.58348750000E+06	8.983759E-03	-9.244759E+01
1.58535625000E+06	8.910527E-03	-9.064104E+01
1.58722500000E+06	9.135480E-03	-9.231655E+01
1.58909375000E+06	8.850637E-03	-9.235894E+01
1.59096250000E+06	8.857378E-03	-9.378128E+01
1.59283125000E+06	9.047934E-03	-9.174936E+01
1.59470000000E+06	9.199339E-03	-9.026274E+01
1.59656875000E+06	9.242897E-03	-9.121843E+01
1.59843750000E+06	9.437221E-03	-9.334599E+01
1.60030625000E+06	8.979240E-03	-9.268081E+01
1.60217500000E+06	9.399935E-03	-9.279391E+01
1.60404375000E+06	9.122576E-03	-9.204855E+01
1.60591250000E+06	9.184890E-03	-9.145173E+01
1.60778125000E+06	9.187686E-03	-9.142393E+01
1.60965000000E+06	9.228084E-03	-9.124589E+01
1.61151875000E+06	9.565533E-03	-9.199355E+01
1.61338750000E+06	9.545080E-03	-9.154964E+01
1.61525625000E+06	9.364408E-03	-9.172374E+01
1.61712500000E+06	9.149525E-03	-9.201717E+01
1.61899375000E+06	9.212488E-03	-9.257175E+01
1.62086250000E+06	9.254459E-03	-9.097462E+01
1.62273125000E+06	9.357933E-03	-9.106574E+01
1.62460000000E+06	9.097213E-03	-9.245747E+01
1.62646875000E+06	9.291262E-03	-9.110117E+01
1.62833750000E+06	9.453026E-03	-9.307975E+01
1.63020625000E+06	9.191060E-03	-9.220895E+01
1.63207500000E+06	9.424096E-03	-9.163573E+01
1.63394375000E+06	9.376314E-03	-9.261131E+01
1.63581250000E+06	9.273828E-03	-9.290412E+01
1.63768125000E+06	9.198375E-03	-9.167642E+01
1.63955000000E+06	9.538365E-03	-9.177199E+01
1.64141875000E+06	9.243120E-03	-9.175226E+01
1.64328750000E+06	9.295424E-03	-9.273896E+01
1.64515625000E+06	9.414289E-03	-9.331659E+01
1.64702500000E+06	9.727252E-03	-9.363508E+01
1.64889375000E+06	9.582993E-03	-9.181197E+01
1.65076250000E+06	9.438813E-03	-9.245597E+01
1.65263125000E+06	9.534469E-03	-9.227522E+01
1.65450000000E+06	9.489783E-03	-9.295893E+01
1.65636875000E+06	9.650313E-03	-9.082341E+01
1.65823750000E+06	9.559020E-03	-9.288061E+01
1.66010625000E+06	9.190802E-03	-9.260449E+01
1.66197500000E+06	9.593256E-03	-9.147791E+01
1.66384375000E+06	9.441506E-03	-9.304165E+01
1.66571250000E+06	9.503320E-03	-9.258945E+01
1.66758125000E+06	9.550504E-03	-9.048490E+01
1.66945000000E+06	9.711677E-03	-9.039732E+01
1.67131875000E+06	9.768630E-03	-9.176971E+01
1.67318750000E+06	9.668288E-03	-9.382645E+01
1.67505625000E+06	9.674803E-03	-9.301420E+01
1.67692500000E+06	9.506286E-03	-9.148654E+01
1.67879375000E+06	9.860702E-03	-9.270499E+01
1.68066250000E+06	9.721356E-03	-9.199239E+01
1.68253125000E+06	9.470644E-03	-9.378208E+01
1.68440000000E+06	9.577029E-03	-9.192281E+01
1.68626875000E+06	9.520224E-03	-9.273235E+01
1.68813750000E+06	9.681329E-03	-9.177496E+01
1.69000625000E+06	9.622754E-03	-9.220964E+01
1.69187500000E+06	9.576422E-03	-9.164166E+01
1.69374375000E+06	9.867555E-03	-9.170217E+01
1.69561250000E+06	9.632306E-03	-9.198166E+01
1.69748125000E+06	9.528161E-03	-9.508768E+01
1.69935000000E+06	9.796046E-03	-9.333547E+01
1.70121875000E+06	9.608546E-03	-9.398167E+01
1.70308750000E+06	9.696036E-03	-9.407700E+01
1.70495625000E+06	9.544495E-03	-9.332988E+01
1.70682500000E+06	9.748164E-03	-9.241290E+01
1.70869375000E+06	9.867889E-03	-9.283831E+01
1.71056250000E+06	9.825726E-03	-9.430966E+01
1.71243125000E+06	9.644430E-03	-9.341348E+01
1.71430000000E+06	9.898147E-03	-9.271006E+01
1.71616875000E+06	9.500575E-03	-9.239671E+01
1.71803750000E+06	9.722650E-03	-9.229227E+01
1.71990625000E+06	9.478643E-03	-9.266312E+01
1.72177500000E+06	9.748698E-03	-9.350665E+01
1.72364375000E+06	1.013844E-02	-9.269965E+01
1.72551250000E+06	9.877176E-03	-9.205015E+01
1.72738125000E+06	9.757683E-03	-9.440784E+01
1.72925000000E+06	9.538000E-03	-9.435188E+01
1.73111875000E+06	9.981275E-03	-9.144534E+01
1.73298750000E+06	1.008609E-02	-9.107339E+01
1.73485625000E+06	9.889817E-03	-9.209064E+01
1.73672500000E+06	9.732923E-03	-9.424561E+01
1.73859375000E+06	9.948511E-03	-9.437944E+01
1.74046250000E+06	1.006031E-02	-9.424116E+01
1.74233125000E+06	1.010508E-02	-9.284126E+01
1.74420000000E+06	1.013533E-02	-9.389536E+01
1.74606875000E+06	1.006943E-02	-9.282870E+01
1.74793750000E+06	9.875922E-03	-9.330446E+01
1.74980625000E+06	9.746543E-03	-9.332449E+01
1.75167500000E+06	9.869039E-03	-9.391288E+01
1.75354375000E+06	9.883100E-03	-9.374885E+01
1.75541250000E+06	9.837866E-03	-9.463446E+01
1.75728125000E+06	1.001148E-02	-9.453430E+01
1.75915000000E+06	9.985823E-03	-9.350500E+01
1.76101875000E+06	1.000018E-02	-9.541427E+01
1.76288750000E+06	1.025521E-02	-9.336810E+01
1.76475625000E+06	9.809569E-03	-9.372764E+01
1.76662500000E+06	1.004585E-02	-9.319495E+01
1.76849375000E+06	1.012973E-02	-9.232548E+01
1.77036250000E+06	9.951975E-03	-9.417329E+01
1.77223125000E+06	1.006350E-02	-9.257654E+01
1.77410000000E+06	1.027610E-02	-9.448963E+01
1.77596875000E+06	1.007623E-02	-9.414040E+01
1.77783750000E+06	1.010885E-02	-9.395705E+01
1.77970625000E+06	1.043747E-02	-9.462235E+01
1.78157500000E+06	1.001859E-02	-9.315481E+01
1.78344375000E+06	1.010766E-02	-9.555479E+01
1.78531250000E+06	1.023377E-02	-9.262895E+01
1.78718125000E+06	1.046041E-02	-9.473466E+01
1.78905000000E+06	1.021474E-02	-9.359096E+01
1.79091875000E+06	1.014216E-02	-9.202434E+01
1.79278750000E+06	1.006601E-02	-9.368708E+01
1.79465625000E+06	1.033579E-02	-9.383983E+01
1.79652500000E+06	1.002574E-02	-9.523587E+01
1.79839375000E+06	1.028003E-02	-9.347208E+01
1.80026250000E+06	1.018918E-02	-9.474241E+01
1.80213125000E+06	1.043783E-02	-9.447106E+01
1.80400000000E+06	1.024407E-02	-9.391856E+01
1.80586875000E+06	1.045242E-02	-9.383303E+01
1.80773750000E+06	1.053248E-02	-9.514486E+01
1.80960625000E+06	9.896536E-03	-9.401849E+01
1.81147500000E+06	1.037558E-02	-9.294905E+01
1.81334375000E+06	1.047249E-02	-9.319707E+01
1.81521250000E+06	1.061894E-02	-9.557455E+01
1.81708125000E+06	1.068385E-02	-9.430380E+01
1.81895000000E+06	1.016537E-02	-9.624608E+01
1.82081875000E+06	1.060267E-02	-9.394624E+01
1.82268750000E+06	1.023968E-02	-9.513396E+01
1.82455625000E+06	1.042409E-02	-9.229923E+01
1.82642500000E+06	1.056464E-02	-9.465845E+01
1.82829375000E+06	1.029764E-02	-9.587531E+01
1.83016250000E+06	1.033811E-02	-9.597979E+01
1.83203125000E+06	1.038356E-02	-9.540749E+01
1.83390000000E+06	1.042658E-02	-9.228053E+01
1.83576875000E+06	1.028581E-02	-9.356526E+01
1.83763750000E+06	1.037805E-02	-9.555856E+01
1.83950625000E+06	1.033556E-02	-9.321008E+01
1.84137500000E+06	1.046329E-02	-9.329756E+01
1.84324375000E+06	1.039075E-02	-9.276473E+01
1.84511250000E+06	1.070623E-02	-9.464999E+01
1.84698125000E+06	1.033473E-02	-9.591976E+01
1.84885000000E+06	1.020219E-02	-9.412945E+01
1.85071875000E+06	1.033319E-02	-9.529655E+01
1.85258750000E+06	1.042224E-02	-9.536299E+01
1.85445625000E+06	1.038606E-02	-9.597381E+01
1.85632500000E+06	1.054186E-02	-9.523738E+01
1.85819375000E+06	1.042132E-02	-9.568493E+01
1.86006250000E+06	1.066494E-02	-9.635451E+01
1.86193125000E+06	1.029329E-02	-9.467941E+01
1.86380000000E+06	1.037959E-02	-9.378376E+01
1.86566875000E+06	1.047405E-02	-9.580486E+01
1.86753750000E+06	1.057785E-02	-9.520739E+01
1.86940625000E+06	1.046552E-02	-9.588708E+01
1.87127500000E+06	1.053999E-02	-9.498911E+01
1.87314375000E+06	1.059594E-02	-9.565679E+01
1.87501250000E+06	1.081258E-02	-9.433952E+01
1.87688125000E+06	1.051900E-02	-9.706139E+01
1.87875000000E+06	1.048032E-02	-9.568645E+01
1.88061875000E+06	1.064802E-02	-9.627066E+01
1.88248750000E+06	1.033799E-02	-9.560416E+01
1.88435625000E+06	1.074788E-02	-9.693511E+01
1.88622500000E+06	1.043781E-02	-9.613127E+01
1.88809375000E+06	1.042205E-02	-9.533681E+01
1.88996250000E+06	1.063215E-02	-9.378690E+01
1.89183125000E+06	1.056030E-02	-9.604147E+01
1.89370000000E+06	1.013335E-02	-9.520336E+01
1.89556875000E+06	1.049681E-02	-9.547179E+01
1.89743750000E+06	1.041266E-02	-9.471974E+01
1.89930625000E+06	1.064605E-02	-9.480817E+01
1.90117500000E+06	1.067703E-02	-9.841016E+01
1.90304375000E+06	1.069181E-02	-9.385587E+01
1.90491250000E+06	1.064868E-02	-9.561347E+01
1.90678125000E+06	1.071706E-02	-9.463764E+01
1.90865000000E+06	1.086590E-02	-9.520207E+01
1.91051875000E+06	1.045540E-02	-9.618455E+01
1.91238750000E+06	1.054871E-02	-9.588605E+01
1.91425625000E+06	1.052919E-02	-9.569461E+01
1.91612500000E+06	1.033209E-02	-9.553868E+01
1.91799375000E+06	1.069755E-02	-9.558381E+01
1.91986250000E+06	1.058628E-02	-9.550228E+01
1.92173125000E+06	1.068251E-02	-9.600749E+01
1.92360000000E+06	1.045509E-02	-9.508611E+01
1.92546875000E+06	1.095040E-02	-9.590236E+01
1.92733750000E+06	1.071313E-02	-9.559769E+01
1.92920625000E+06	1.083815E-02	-9.560955E+01
1.93107500000E+06	1.071260E-02	-9.494286E+01
1.93294375000E+06	1.063283E-02	-9.642020E+01
1.93481250000E+06	1.057562E-02	-9.440328E+01
1.93668125000E+06	1.044576E-02	-9.614996E+01
1.93855000000E+06	1.070150E-02	-9.554794E+01
1.94041875000E+06	1.050716E-02	-9.710807E+01
1.94228750000E+06	1.057734E-02	-9.695521E+01
1.94415625000E+06	1.079732E-02	-9.696857E+01
1.94602500000E+06	1.062368E-02	-9.634991E+01
1.94789375000E+06	1.069231E-02	-9.536452E+01
1.94976250000E+06	1.050574E-02	-9.847939E+01
1.95163125000E+06	1.064575E-02	-9.693646E+01
1.95350000000E+06	1.080646E-02	-9.603123E+01
1.95536875000E+06	1.059725E-02	-9.520215E+01
1.95723750000E+06	1.109227E-02	-9.623215E+01
1.95910625000E+06	1.116893E-02	-9.593591E+01
1.96097500000E+06	1.088528E-02	-9.772532E+01
1.96284375000E+06	1.071724E-02	-9.744041E+01
1.96471250000E+06	1.069367E-02	-9.685189E+01
1.96658125000E+06	1.070258E-02	-9.638207E+01
1.96845000000E+06	1.078274E-02	-9.525227E+01
1.97031875000E+06	1.087947E-02	-9.547160E+01
1.97218750000E+06	1.047240E-02	-9.788593E+01
1.97405625000E+06	1.100176E-02	-9.650539E+01
1.97592500000E+06	1.094544E-02	-9.820437E+01
1.97779375000E+06	1.087143E-02	-9.618012E+01
1.97966250000E+06	1.073821E-02	-9.471241E+01
1.98153125000E+06	1.099609E-02	-9.684922E+01
1.98340000000E+06	1.081056E-02	-9.676992E+01
1.98526875000E+06	1.074980E-02	-9.752422E+01
1.98713750000E+06	1.091258E-02	-9.757037E+01
1.98900625000E+06	1.100244E-02	-9.794617E+01
1.99087500000E+06	1.079590E-02	-9.644583E+01
1.99274375000E+06	1.104071E-02	-9.569419E+01
1.99461250000E+06	1.086707E-02	-9.684945E+01
1.99648125000E+06	1.099453E-02	-9.792092E+01
1.99835000000E+06	1.055108E-02	-9.532733E+01
2.00021875000E+06	1.084742E-02	-9.638971E+01
2.00208750000E+06	1.072521E-02	-9.606489E+01
2.00395625000E+06	1.055208E-02	-9.740070E+01
2.00582500000E+06	1.100541E-02	-9.618366E+01
2.00769375000E+06	1.114306E-02	-9.536875E+01
2.00956250000E+06	1.105730E-02	-9.771748E+01
2.01143125000E+06	1.100254E-02	-9.466307E+01
2.01330000000E+06	1.087221E-02	-9.622966E+01
2.01516875000E+06	1.083908E-02	-9.561723E+01
2.01703750000E+06	1.098429E-02	-9.573102E+01
2.01890625000E+06	1.074033E-02	-9.477888E+01
2.02077500000E+06	1.092056E-02	-9.382372E+01
2.02264375000E+06	1.076445E-02	-9.599459E+01
2.02451250000E+06	1.110217E-02	-9.605577E+01
2.02638125000E+06	1.104537E-02	-9.747556E+01
2.02825000000E+06	1.095211E-02	-9.596821E+01
2.03011875000E+06	1.084476E-02	-9.607638E+01
2.03198750000E+06	1.081053E-02	-9.529440E+01
2.03385625000E+06	1.098757E-02	-9.739976E+01
2.03572500000E+06	1.092648E-02	-9.584119E+01
2.03759375000E+06	1.115428E-02	-9.702094E+01
2.03946250000E+06	1.123940E-02	-9.732440E+01
2.04133125000E+06	1.134080E-02	-9.614917E+01
2.04320000000E+06	1.083125E-02	-9.601865E+01
2.04506875000E+06	1.102003E-02	-9.694091E+01
2.04693750000E+06	1.090630E-02	-9.454099E+01
2.04880625000E+06	1.093949E-02	-9.614297E+01
2.05067500000E+06	1.111346E-02	-9.771060E+01
2.05254375000E+06	1.114371E-02	-9.584318E+01
2.05441250000E+06	1.096247E-02	-9.572189E+01
2.05628125000E+06	1.115704E-02	-9.663209E+01
2.05815000000E+06	1.097940E-02	-9.722878E+01
2.06001875000E+06	1.144157E-02	-9.637412E+01
2.06188750000E+06	1.132927E-02	-9.636626E+01
2.06375625000E+06	1.103903E-02	-9.585433E+01
2.06562500000E+06	1.090389E-02	-9.647842E+01
2.06749375000E+06	1.125299E-02	-9.603465E+01
2.06936250000E+06	1.129376E-02	-9.595161E+01
2.07123125000E+06	1.096348E-02	-9.565270E+01
2.07310000000E+06	1.108702E-02	-9.568815E+01
2.07496875000E+06	1.104579E-02	-9.622570E+01
2.07683750000E+06	1.102273E-02	-9.532593E+01
2.07870625000E+06	1.100643E-02	-9.587656E+01
2.08057500000E+06	1.121810E-02	-9.713577E+01
2.08244375000E+06	1.124652E-02	-9.656292E+01
2.08431250000E+06	1.117190E-02	-9.728794E+01
2.08618125000E+06	1.128277E-02	-9.542068E+01
2.08805000000E+06	1.108224E-02	-9.574421E+01
2.08991875000E+06	1.124755E-02	-9.618298E+01
2.09178750000E+06	1.117780E-02	-9.717824E+01
2.09365625000E+06	1.114109E-02	-9.522538E+01
2.09552500000E+06	1.101582E-02	-9.779680E+01
2.09739375000E+06	1.125289E-02	-9.878743E+01
2.09926250000E+06	1.099118E-02	-9.519389E+01
2.10113125000E+06	1.114404E-02	-9.697508E+01
2.10300000000E+06	1.134981E-02	-9.512784E+01
2.10486875000E+06	1.135670E-02	-9.587268E+01
2.10673750000E+06	1.112251E-02	-9.664335E+01
2.10860625000E+06	1.099025E-02	-9.603951E+01
2.11047500000E+06	1.148053E-02	-9.649719E+01
2.11234375000E+06	1.112291E-02	-9.666619E+01
2.11421250000E+06	1.128796E-02	-9.728168E+01
2.11608125000E+06	1.119312E-02	-9.719323E+01
2.11795000000E+06	1.135248E-02	-9.624912E+01
2.11981875000E+06	1.120706E-02	-9.675379E+01
2.12168750000E+06	1.146535E-02	-9.639915E+01
2.12355625000E+06	1.111295E-02	-9.572333E+01
2.12542500000E+06	1.096232E-02	-9.617109E+01
2.12729375000E+06	1.133130E-02	-9.771278E+01
2.12916250000E+06	1.125286E-02	-9.612467E+01
2.13103125000E+06	1.126495E-02	-9.669279E+01
2.13290000000E+06	1.159577E-02	-9.950643E+01
2.13476875000E+06	1.159879E-02	-9.619258E+01
2.13663750000E+06	1.150897E-02	-9.787711E+01
2.13850625000E+06	1.139621E-02	-9.685036E+01
2.14037500000E+06	1.144952E-02	-9.685445E+01
2.14224375000E+06	1.105745E-02	-9.649938E+01
2.14411250000E+06	1.107552E-02	-9.599203E+01
2.14598125000E+06	1.150189E-02	-9.609785E+01
2.14785000000E+06	1.109598E-02	-9.626064E+01
2.14971875000E+06	1.134950E-02	-9.677177E+01
2.15158750000E+06	1.144942E-02	-9.720650E+01
2.15345625000E+06	1.143964E-02	-9.669771E+01
2.15532500000E+06	1.113775E-02	-9.540775E+01
2.15719375000E+06	1.169814E-02	-9.670988E+01
2.15906250000E+06	1.152367E-02	-9.609532E+01
2.16093125000E+06	1.151809E-02	-9.622229E+01
2.16280000000E+06	1.134080E-02	-9.644636E+01
2.16466875000E+06	1.160861E-02	-9.595833E+01
2.16653750000E+06	1.159299E-02	-9.591412E+01
2.16840625000E+06	1.166918E-02	-9.777506E+01
2.17027500000E+06	1.124831E-02	-9.667132E+01
2.17214375000E+06	1.145559E-02	-9.645052E+01
2.17401250000E+06	1.150549E-02	-9.499339E+01
2.17588125000E+06	1.158000E-02	-9.482354E+01
2.17775000000E+06	1.163812E-02	-9.551048E+01
2.17961875000E+06	1.158067E-02	-9.632284E+01
2.18148750000E+06	1.135373E-02	-9.600784E+01
2.18335625000E+06	1.138196E-02	-9.714757E+01
2.18522500000E+06	1.178103E-02	-9.598675E+01
2.18709375000E+06	1.151084E-02	-9.698286E+01
2.18896250000E+06	1.158521E-02	-9.707072E+01
2.19083125000E+06	1.147190E-02	-9.557867E+01
2.19270000000E+06	1.168813E-02	-9.585848E+01
2.19456875000E+06	1.172289E-02	-9.813978E+01
2.19643750000E+06	1.138305E-02	-9.573776E+01
2.19830625000E+06	1.150590E-02	-9.702883E+01
2.20017500000E+06	1.152850E-02	-9.575867E+01
2.20204375000E+06	1.154314E-02	-9.701022E+01
2.20391250000E+06	1.137149E-02	-9.630978E+01
2.20578125000E+06	1.132015E-02	-9.839368E+01
2.20765000000E+06	1.192130E-02	-9.608968E+01
2.20951875000E+06	1.129430E-02	-9.600868E+01
2.21138750000E+06	1.170858E-02	-9.557803E+01
2.21325625000E+06	1.164338E-02	-9.501805E+01
2.21512500000E+06	1.181380E-02	-9.642564E+01
2.21699375000E+06	1.134755E-02	-9.668435E+01
2.21886250000E+06	1.167785E-02	-9.642414E+01
2.22073125000E+06	1.157316E-02	-9.768422E+01
2.22260000000E+06	1.148741E-02	-9.553969E+01
2.22446875000E+06	1.173668E-02	-9.720859E+01
2.22633750000E+06	1.148412E-02	-9.551997E+01
2.22820625000E+06	1.157599E-02	-9.636549E+01
2.23007500000E+06	1.146816E-02	-9.586033E+01
2.23194375000E+06	1.182958E-02	-9.552964E+01
2.23381250000E+06	1.174167E-02	-9.549402E+01
2.23568125000E+06	1.167508E-02	-9.547221E+01
2.23755000000E+06	1.159469E-02	-9.669616E+01
2.23941875000E+06	1.166211E-02	-9.553827E+01
2.24128750000E+06	1.160278E-02	-9.532980E+01
2.24315625000E+06	1.206403E-02	-9.598495E+01
2.24502500000E+06	1.150047E-02	-9.509849E+01
2.24689375000E+06	1.156061E-02	-9.417250E+01
2.24876250000E+06	1.157548E-02	-9.750102E+01
2.25063125000E+06	1.172648E-02	-9.522881E+01
2.25250000000E+06	1.177947E-02	-9.760026E+01
2.25436875000E+06	1.173472E-02	-9.604567E+01
2.25623750000E+06	1.177239E-02	-9.717829E+01
2.25810625000E+06	1.199936E-02	-9.738464E+01
2.25997500000E+06	1.186632E-02	-9.698691E+01
2.26184375000E+06	1.166464E-02	-9.666262E+01
2.26371250000E+06	1.178917E-02	-9.577811E+01
2.26558125000E+06	1.191672E-02	-9.521507E+01
2.26745000000E+06	1.191113E-02	-9.593527E+01
2.26931875000E+06	1.189534E-02	-9.867777E+01
2.27118750000E+06	1.203619E-02	-9.487811E+01
2.27305625000E+06	1.198490E-02	-9.679073E+01
2.27492500000E+06	1.185411E-02	-9.532958E+01
2.27679375000E+06	1.203505E-02	-9.608838E+01
2.27866250000E+06	1.160091E-02	-9.641592E+01
2.28053125000E+06	1.219551E-02	-9.579919E+01
2.28240000000E+06	1.211203E-02	-9.583505E+01
2.28426875000E+06	1.203119E-02	-9.636214E+01
2.28613750000E+06	1.207963E-02	-9.648497E+01
2.28800625000E+06	1.175502E-02	-9.727425E+01
2.28987500000E+06	1.154212E-02	-9.639475E+01
2.29174375000E+06	1.185460E-02	-9.585411E+01
2.29361250000E+06	1.190010E-02	-9.701231E+01
2.29548125000E+06	1.207907E-02	-9.635435E+01
2.29735000000E+06	1.183682E-02	-9.503672E+01
2.29921875000E+06	1.189049E-02	-9.567296E+01
2.30108750000E+06	1.193763E-02	-9.769939E+01
2.30295625000E+06	1.196700E-02	-9.678366E+01
2.30482500000E+06	1.193914E-02	-9.551777E+01
2.30669375000E+06	1.206862E-02	-9.670985E+01
2.30856250000E+06	1.193883E-02	-9.675654E+01
2.31043125000E+06	1.214149E-02	-9.533542E+01
2.31230000000E+06	1.214309E-02	-9.578744E+01
2.31416875000E+06	1.221305E-02	-9.600505E+01
2.31603750000E+06	1.227947E-02	-9.726070E+01
2.31790625000E+06	1.197768E-02	-9.615669E+01
2.31977500000E+06	1.217719E-02	-9.663265E+01
2.32164375000E+06	1.182316E-02	-9.592477E+01
2.32351250000E+06	1.233759E-02	-9.583398E+01
2.32538125000E+06	1.214880E-02	-9.516175E+01
2.32725000000E+06	1.211531E-02	-9.603533E+01
2.32911875000E+06	1.210461E-02	-9.645343E+01
2.33098750000E+06	1.229100E-02	-9.612434E+01
2.33285625000E+06	1.221819E-02	-9.554298E+01
2.33472500000E+06	1.210539E-02	-9.484027E+01
2.33659375000E+06	1.217770E-02	-9.553526E+01
2.33846250000E+06	1.244878E-02	-9.688091E+01
2.34033125000E+06	1.227560E-02	-9.599138E+01
2.34220000000E+06	1.237825E-02	-9.575919E+01
2.34406875000E+06	1.212097E-02	-9.595878E+01
2.34593750000E+06	1.211505E-02	-9.617056E+01
2.34780625000E+06	1.209878E-02	-9.596207E+01
2.34967500000E+06	1.224595E-02	-9.594411E+01
2.35154375000E+06	1.215500E-02	-9.697704E+01
2.35341250000E+06	1.234595E-02	-9.590760E+01
2.35528125000E+06	1.245150E-02	-9.526795E+01
2.35715000000E+06	1.241516E-02	-9.574535E+01
2.35901875000E+06	1.210507E-02	-9.662643E+01
2.36088750000E+06	1.222112E-02	-9.635638E+01
2.36275625000E+06	1.244152E-02	-9.521995E+01
2.36462500000E+06	1.239627E-02	-9.738902E+01
2.36649375000E+06	1.243512E-02	-9.576860E+01
2.36836250000E+06	1.234133E-02	-9.589563E+01
2.37023125000E+06	1.262595E-02	-9.630975E+01
2.37210000000E+06	1.227007E-02	-9.511988E+01
2.37396875000E+06	1.217479E-02	-9.688074E+01
2.37583750000E+06	1.248496E-02	-9.757917E+01
2.37770625000E+06	1.236914E-02	-9.769638E+01
2.37957500000E+06	1.222586E-02	-9.694807E+01
2.38144375000E+06	1.250827E-02	-9.585064E+01
2.38331250000E+06	1.234881E-02	-9.663854E+01
2.38518125000E+06	1.257178E-02	-9.647382E+01
2.38705000000E+06	1.236002E-02	-9.581709E+01
2.38891875000E+06	1.234593E-02	-9.606818E+01
2.39078750000E+06	1.235534E-02	-9.644989E+01
2.39265625000E+06	1.263952E-02	-9.597610E+01
2.39452500000E+06	1.236075E-02	-9.606296E+01
2.39639375000E+06	1.234228E-02	-9.695213E+01
2.39826250000E+06	1.245826E-02	-9.544967E+01
2.40013125000E+06	1.259183E-02	-9.652105E+01
2.40200000000E+06	1.254046E-02	-9.693529E+01
2.40386875000E+06	1.260334E-02	-9.590571E+01
2.40573750000E+06	1.269012E-02	-9.664281E+01
2.40760625000E+06	1.262367E-02	-9.578551E+01
2.40947500000E+06	1.249321E-02	-9.513756E+01
2.41134375000E+06	1.261692E-02	-9.503574E+01
2.41321250000E+06	1.262457E-02	-9.612195E+01
2.41508125000E+06	1.254536E-02	-9.481016E+01
2.41695000000E+06	1.210003E-02	-9.675098E+01
2.41881875000E+06	1.275734E-02	-9.562058E+01
2.42068750000E+06	1.275133E-02	-9.626577E+01
2.42255625000E+06	1.263231E-02	-9.499551E+01
2.42442500000E+06	1.271724E-02	-9.678898E+01
2.42629375000E+06	1.249167E-02	-9.762486E+01
2.42816250000E+06	1.267983E-02	-9.517078E+01
2.43003125000E+06	1.261471E-02	-9.538127E+01
2.43190000000E+06	1.279477E-02	-9.511317E+01
2.43376875000E+06	1.282408E-02	-9.644515E+01
2.43563750000E+06	1.275952E-02	-9.610732E+01
2.43750625000E+06	1.246365E-02	-9.608710E+01
2.43937500000E+06	1.276987E-02	-9.523493E+01
2.44124375000E+06	1.296866E-02	-9.645467E+01
2.44311250000E+06	1.247470E-02	-9.555928E+01
2.44498125000E+06	1.268837E-02	-9.558487E+01
2.44685000000E+06	1.284047E-02	-9.537830E+01
2.44871875000E+06	1.289218E-02	-9.652370E+01
2.45058750000E+06	1.290990E-02	-9.590656E+01
2.45245625000E+06	1.227110E-02	-9.528825E+01
2.45432500000E+06	1.321912E-02	-9.626739E+01
2.45619375000E+06	1.287240E-02	-9.578941E+01
2.45806250000E+06	1.247326E-02	-9.641207E+01
2.45993125000E+06	1.257017E-02	-9.637640E+01
2.46180000000E+06	1.276515E-02	-9.547981E+01
2.46366875000E+06	1.325039E-02	-9.569524E+01
2.46553750000E+06	1.286644E-02	-9.509879E+01
2.46740625000E+06	1.323352E-02	-9.590203E+01
2.46927500000E+06	1.243181E-02	-9.441360E+01
2.47114375000E+06	1.301575E-02	-9.628254E+01
2.47301250000E+06	1.289127E-02	-9.584103E+01
2.47488125000E+06	1.281201E-02	-9.710151E+01
2.47675000000E+06	1.314517E-02	-9.514207E+01
2.47861875000E+06	1.303078E-02	-9.671493E+01
2.48048750000E+06	1.300272E-02	-9.588917E+01
2.48235625000E+06	1.280468E-02	-9.622730E+01
2.48422500000E+06	1.284683E-02	-9.565367E+01
2.48609375000E+06	1.290764E-02	-9.478130E+01
2.48796250000E+06	1.309957E-02	-9.549584E+01
2.48983125000E+06	1.287758E-02	-9.657113E+01
2.49170000000E+06	1.288899E-02	-9.632451E+01
2.49356875000E+06	1.281831E-02	-9.672934E+01
2.49543750000E+06	1.277872E-02	-9.705589E+01
2.49730625000E+06	1.302912E-02	-9.671558E+01
2.49917500000E+06	1.312773E-02	-9.687609E+01
2.50104375000E+06	1.277082E-02	-9.492726E+01
2.50291250000E+06	1.317171E-02	-9.740918E+01
2.50478125000E+06	1.301843E-02	-9.527758E+01
2.50665000000E+06	1.303086E-02	-9.584425E+01
2.50851875000E+06	1.317310E-02	-9.549409E+01
2.51038750000E+06	1.296467E-02	-9.495233E+01
2.51225625000E+06	1.307681E-02	-9.719073E+01
2.51412500000E+06	1.325469E-02	-9.659088E+01
2.51599375000E+06	1.295756E-02	-9.573254E+01
2.51786250000E+06	1.312748E-02	-9.430420E+01
2.51973125000E+06	1.316056E-02	-9.661834E+01
2.52160000000E+06	1.330200E-02	-9.661295E+01
2.52346875000E+06	1.309937E-02	-9.653017E+01
2.52533750000E+06	1.309730E-02	-9.735262E+01
2.52720625000E+06	1.301064E-02	-9.612653E+01
2.52907500000E+06	1.327704E-02	-9.527191E+01
2.53094375000E+06	1.298513E-02	-9.533134E+01
2.53281250000E+06	1.325041E-02	-9.593767E+01
2.53468125000E+06	1.303808E-02	-9.565317E+01
2.53655000000E+06	1.287055E-02	-9.472017E+01
2.53841875000E+06	1.330527E-02	-9.660870E+01
2.54028750000E+06	1.324021E-02	-9.531400E+01
2.54215625000E+06	1.297585E-02	-9.622056E+01
2.54402500000E+06	1.323764E-02	-9.672197E+01
2.54589375000E+06	1.324538E-02	-9.615800E+01
2.54776250000E+06	1.282436E-02	-9.495511E+01
2.54963125000E+06	1.332552E-02	-9.546820E+01
2.55150000000E+06	1.338389E-02	-9.620516E+01
2.55336875000E+06	1.306286E-02	-9.591669E+01
2.55523750000E+06	1.349808E-02	-9.509148E+01
2.55710625000E+06	1.336046E-02	-9.556977E+01
2.55897500000E+06	1.335042E-02	-9.651054E+01
2.56084375000E+06	1.332617E-02	-9.599440E+01
2.56271250000E+06	1.343317E-02	-9.567339E+01
2.56458125000E+06	1.338731E-02	-9.633367E+01
2.56645000000E+06	1.348429E-02	-9.586648E+01
2.56831875000E+06	1.336619E-02	-9.541555E+01
2.57018750000E+06	1.318748E-02	-9.627803E+01
2.57205625000E+06	1.320122E-02	-9.474392E+01
2.57392500000E+06	1.326485E-02	-9.607974E+01
2.57579375000E+06	1.357801E-02	-9.575682E+01
2.57766250000E+06	1.339555E-02	-9.661875E+01
2.57953125000E+06	1.315510E-02	-9.627245E+01
2.58140000000E+06	1.336445E-02	-9.553251E+01
2.58326875000E+06	1.360768E-02	-9.585284E+01
2.58513750000E+06	1.321773E-02	-9.569680E+01
2.58700625000E+06	1.344069E-02	-9.669716E+01
2.58887500000E+06	1.326655E-02	-9.556500E+01
2.59074375000E+06	1.356326E-02	-9.603683E+01
2.59261250000E+06	1.352182E-02	-9.670557E+01
2.59448125000E+06	1.342679E-02	-9.554115E+01
2.59635000000E+06	1.367920E-02	-9.511695E+01
2.59821875000E+06	1.341608E-02	-9.610291E+01
2.60008750000E+06	1.373590E-02	-9.570441E+01
2.60195625000E+06	1.369553E-02	-9.547653E+01
2.60382500000E+06	1.348955E-02	-9.535004E+01
2.60569375000E+06	1.374500E-02	-9.645172E+01
2.60756250000E+06	1.359892E-02	-9.633870E+01
2.60943125000E+06	1.355126E-02	-9.542483E+01
2.61130000000E+06	1.340029E-02	-9.649916E+01
2.61316875000E+06	1.331931E-02	-9.590302E+01
2.61503750000E+06	1.354664E-02	-9.604053E+01
2.61690625000E+06	1.350776E-02	-9.703060E+01
2.61877500000E+06	1.365043E-02	-9.610139E+01
2.62064375000E+06	1.383070E-02	-9.485695E+01
2.62251250000E+06	1.370388E-02	-9.676398E+01
2.62438125000E+06	1.347360E-02	-9.592058E+01
2.62625000000E+06	1.381284E-02	-9.612393E+01
2.62811875000E+06	1.343867E-02	-9.580724E+01
2.62998750000E+06	1.382199E-02	-9.764712E+01
2.63185625000E+06	1.382309E-02	-9.640112E+01
2.63372500000E+06	1.370188E-02	-9.508229E+01
2.63559375000E+06	1.383246E-02	-9.541999E+01
2.63746250000E+06	1.385097E-02	-9.509303E+01
2.63933125000E+06	1.389168E-02	-9.575877E+01
2.64120000000E+06	1.352417E-02	-9.655161E+01
2.64306875000E+06	1.399814E-02	-9.565473E+01
2.64493750000E+06	1.350120E-02	-9.681646E+01
2.64680625000E+06	1.376933E-02	-9.571222E+01
2.64867500000E+06	1.368027E-02	-9.645881E+01
2.65054375000E+06	1.369696E-02	-9.758031E+01
2.65241250000E+06	1.383401E-02	-9.748671E+01
2.65428125000E+06	1.379819E-02	-9.584658E+01
2.65615000000E+06	1.362935E-02	-9.589825E+01
2.65801875000E+06	1.387100E-02	-9.516280E+01
2.65988750000E+06	1.389111E-02	-9.624117E+01
2.66175625000E+06	1.349868E-02	-9.734924E+01
2.66362500000E+06	1.393441E-02	-9.627538E+01
2.66549375000E+06	1.388463E-02	-9.587985E+01
2.66736250000E+06	1.398105E-02	-9.559166E+01
2.66923125000E+06	1.379197E-02	-9.603663E+01
2.67110000000E+06	1.395701E-02	-9.633836E+01
2.67296875000E+06	1.394228E-02	-9.540416E+01
2.67483750000E+06	1.406454E-02	-9.479906E+01
2.67670625000E+06	1.376717E-02	-9.534617E+01
2.67857500000E+06	1.397946E-02	-9.620140E+01
2.68044375000E+06	1.379663E-02	-9.650061E+01
2.68231250000E+06	1.388400E-02	-9.598528E+01
2.68418125000E+06	1.387940E-02	-9.586880E+01
2.68605000000E+06	1.393354E-02	-9.573924E+01
2.68791875000E+06	1.410552E-02	-9.551451E+01
2.68978750000E+06	1.359042E-02	-9.554015E+01
2.69165625000E+06	1.396307E-02	-9.631761E+01
2.69352500000E+06	1.430512E-02	-9.429847E+01
2.69539375000E+06	1.389950E-02	-9.565535E+01
2.69726250000E+06	1.426899E-02	-9.705039E+01
2.69913125000E+06	1.401887E-02	-9.667008E+01
2.70100000000E+06	1.390147E-02	-9.609850E+01
2.70286875000E+06	1.417805E-02	-9.526398E+01
2.70473750000E+06	1.435196E-02	-9.527950E+01
2.70660625000E+06	1.427321E-02	-9.653788E+01
2.70847500000E+06	1.406213E-02	-9.582626E+01
2.71034375000E+06	1.428270E-02	-9.608392E+01
2.71221250000E+06	1.394554E-02	-9.550980E+01
2.71408125000E+06	1.401646E-02	-9.578879E+01
2.71595000000E+06	1.423196E-02	-9.465839E+01
2.71781875000E+06	1.413853E-02	-9.446955E+01
2.71968750000E+06	1.411578E-02	-9.531876E+01
2.72155625000E+06	1.408996E-02	-9.553841E+01
2.72342500000E+06	1.424459E-02	-9.625865E+01
2.72529375000E+06	1.424679E-02	-9.598225E+01
2.72716250000E+06	1.413737E-02	-9.525905E+01
2.72903125000E+06	1.428702E-02	-9.676231E+01
2.73090000000E+06	1.408536E-02	-9.685474E+01
2.73276875000E+06	1.407583E-02	-9.548497E+01
2.73463750000E+06	1.418027E-02	-9.557663E+01
2.73650625000E+06	1.471257E-02	-9.695825E+01
2.73837500000E+06	1.407468E-02	-9.496164E+01
2.74024375000E+06	1.424107E-02	-9.685557E+01
2.74211250000E+06	1.423550E-02	-9.636234E+01
2.74398125000E+06	1.441064E-02	-9.629268E+01
2.74585000000E+06	1.447054E-02	-9.683572E+01
2.74771875000E+06	1.444594E-02	-9.602274E+01
2.74958750000E+06	1.440816E-02	-9.554110E+01
2.75145625000E+06	1.432917E-02	-9.682753E+01
2.75332500000E+06	1.398404E-02	-9.690716E+01
2.75519375000E+06	1.454082E-02	-9.676096E+01
2.75706250000E+06	1.451380E-02	-9.582028E+01
2.75893125000E+06	1.446921E-02	-9.511230E+01
2.76080000000E+06	1.440644E-02	-9.540468E+01
2.76266875000E+06	1.446524E-02	-9.576081E+01
2.76453750000E+06	1.448799E-02	-9.502880E+01
2.76640625000E+06	1.442849E-02	-9.598558E+01
2.76827500000E+06	1.458591E-02	-9.545860E+01
2.77014375000E+06	1.449980E-02	-9.656335E+01
2.77201250000E+06	1.440238E-02	-9.512810E+01
2.77388125000E+06	1.461323E-02	-9.520090E+01
2.77575000000E+06	1.452499E-02	-9.557758E+01
2.77761875000E+06	1.456178E-02	-9.575571E+01
2.77948750000E+06	1.452920E-02	-9.570911E+01
2.78135625000E+06	1.439167E-02	-9.628996E+01
2.78322500000E+06	1.439097E-02	-9.647381E+01
2.78509375000E+06	1.455233E-02	-9.560056E+01
2.78696250000E+06	1.448619E-02	-9.595229E+01
2.78883125000E+06	1.471191E-02	-9.551976E+01
2.79070000000E+06	1.449076E-02	-9.547186E+01
2.79256875000E+06	1.450601E-02	-9.562080E+01
2.79443750000E+06	1.479111E-02	-9.650456E+01
2.79630625000E+06	1.464164E-02	-9.564823E+01
2.79817500000E+06	1.462265E-02	-9.565657E+01
2.80004375000E+06	1.471900E-02	-9.521020E+01
2.80191250000E+06	1.446860E-02	-9.602379E+01
2.80378125000E+06	1.429853E-02	-9.669188E+01
2.80565000000E+06	1.460696E-02	-9.568984E+01
2.80751875000E+06	1.470945E-02	-9.557050E+01
2.80938750000E+06	1.507359E-02	-9.579911E+01
2.81125625000E+06	1.469393E-02	-9.544070E+01
2.81312500000E+06	1.496210E-02	-9.528483E+01
2.81499375000E+06	1.479928E-02	-9.521706E+01
2.81686250000E+06	1.467458E-02	-9.604644E+01
2.81873125000E+06	1.478433E-02	-9.579333E+01
2.82060000000E+06	1.471263E-02	-9.604375E+01
2.82246875000E+06	1.486317E-02	-9.544701E+01
2.82433750000E+06	1.470814E-02	-9.576878E+01
2.82620625000E+06	1.514849E-02	-9.424218E+01
2.82807500000E+06	1.457631E-02	-9.573977E+01
2.82994375000E+06	1.481410E-02	-9.623707E+01
2.83181250000E+06	1.478948E-02	-9.602771E+01
2.83368125000E+06	1.471448E-02	-9.631052E+01
2.83555000000E+06	1.452510E-02	-9.700281E+01
2.83741875000E+06	1.467027E-02	-9.702959E+01
2.83928750000E+06	1.516282E-02	-9.521541E+01
2.84115625000E+06	1.510125E-02	-9.688610E+01
2.84302500000E+06	1.490442E-02	-9.575016E+01
2.84489375000E+06	1.496461E-02	-9.609772E+01
2.84676250000E+06	1.517963E-02	-9.679168E+01
2.84863125000E+06	1.485731E-02	-9.588379E+01
2.85050000000E+06	1.509956E-02	-9.538818E+01
2.85236875000E+06	1.505044E-02	-9.687405E+01
2.85423750000E+06	1.494641E-02	-9.599352E+01
2.85610625000E+06	1.509716E-02	-9.572059E+01
2.85797500000E+06	1.480018E-02	-9.480713E+01
2.85984375000E+06	1.504396E-02	-9.618181E+01
2.86171250000E+06	1.527474E-02	-9.556950E+01
2.86358125000E+06	1.521575E-02	-9.491599E+01
2.86545000000E+06	1.490428E-02	-9.566179E+01
2.86731875000E+06	1.508506E-02	-9.626387E+01
2.86918750000E+06	1.525321E-02	-9.647265E+01
2.87105625000E+06	1.512636E-02	-9.595739E+01
2.87292500000E+06	1.534219E-02	-9.609620E+01
2.87479375000E+06	1.493291E-02	-9.600626E+01
2.87666250000E+06	1.516774E-02	-9.501530E+01
2.87853125000E+06	1.508835E-02	-9.545509E+01
2.88040000000E+06	1.482135E-02	-9.545331E+01
2.88226875000E+06	1.517654E-02	-9.658998E+01
2.88413750000E+06	1.497226E-02	-9.565649E+01
2.88600625000E+06	1.531784E-02	-9.598186E+01
2.88787500000E+06	1.527252E-02	-9.654496E+01
2.88974375000E+06	1.482086E-02	-9.581036E+01
2.89161250000E+06	1.512406E-02	-9.529452E+01
2.89348125000E+06	1.517024E-02	-9.420968E+01
2.89535000000E+06	1.531276E-02	-9.670307E+01
2.89721875000E+06	1.503462E-02	-9.664894E+01
2.89908750000E+06	1.530691E-02	-9.663839E+01
2.90095625000E+06	1.518402E-02	-9.526982E+01
2.90282500000E+06	1.528012E-02	-9.592625E+01
2.90469375000E+06	1.518931E-02	-9.517799E+01
2.90656250000E+06	1.537422E-02	-9.619070E+01
2.90843125000E+06	1.524061E-02	-9.476724E+01
2.91030000000E+06	1.530333E-02	-9.556764E+01
2.91216875000E+06	1.505153E-02	-9.568485E+01
2.91403750000E+06	1.563940E-02	-9.598321E+01
2.91590625000E+06	1.531114E-02	-9.565344E+01
2.91777500000E+06	1.521788E-02	-9.588389E+01
2.91964375000E+06	1.526374E-02	-9.555355E+01
2.92151250000E+06	1.561272E-02	-9.616917E+01
2.92338125000E+06	1.518820E-02	-9.701180E+01
2.92525000000E+06	1.520280E-02	-9.548725E+01
2.92711875000E+06	1.568844E-02	-9.443883E+01
2.92898750000E+06	1.545694E-02	-9.553786E+01
2.93085625000E+06	1.525166E-02	-9.707751E+01
2.93272500000E+06	1.508023E-02	-9.637998E+01
2.93459375000E+06	1.535107E-02	-9.633465E+01
2.93646250000E+06	1.568074E-02	-9.533768E+01
2.93833125000E+06	1.558096E-02	-9.747157E+01
2.94020000000E+06	1.567757E-02	-9.587500E+01
2.94206875000E+06	1.571483E-02	-9.543836E+01
2.94393750000E+06	1.586011E-02	-9.638000E+01
2.94580625000E+06	1.535961E-02	-9.562397E+01
2.94767500000E+06	1.574111E-02	-9.589851E+01
2.94954375000E+06	1.544491E-02	-9.683561E+01
2.95141250000E+06	1.534750E-02	-9.475817E+01
2.95328125000E+06	1.569149E-02	-9.619098E+01
2.95515000000E+06	1.576444E-02	-9.576402E+01
2.95701875000E+06	1.547521E-02	-9.571425E+01
2.95888750000E+06	1.573982E-02	-9.581290E+01
2.96075625000E+06	1.539395E-02	-9.618882E+01
2.96262500000E+06	1.566747E-02	-9.516258E+01
2.96449375000E+06	1.580306E-02	-9.621888E+01
2.96636250000E+06	1.559204E-02	-9.606014E+01
2.96823125000E+06	1.557601E-02	-9.581651E+01
2.97010000000E+06	1.572271E-02	-9.545098E+01
2.97196875000E+06	1.558914E-02	-9.669420E+01
2.97383750000E+06	1.578030E-02	-9.581995E+01
2.97570625000E+06	1.555909E-02	-9.655908E+01
2.97757500000E+06	1.569235E-02	-9.519722E+01
2.97944375000E+06	1.569598E-02	-9.658596E+01
2.98131250000E+06	1.569855E-02	-9.605433E+01
2.98318125000E+06	1.570400E-02	-9.572707E+01
2.98505000000E+06	1.583430E-02	-9.536070E+01
2.98691875000E+06	1.574490E-02	-9.550443E+01
2.98878750000E+06	1.581122E-02	-9.564212E+01
2.99065625000E+06	1.582201E-02	-9.551865E+01
2.99252500000E+06	1.567577E-02	-9.665823E+01
2.99439375000E+06	1.578662E-02	-9.526311E+01
2.99626250000E+06	1.575099E-02	-9.648842E+01
2.99813125000E+06	1.599286E-02	-9.664447E+01
3.00000000000E+06	1.591944E-02	-9.596656E+01
