"E5100A REV3.14"
"DATE: Jun 28 2004"



"CHANNEL: 2"
"MEASURE TYPE: AR"
"FORMAT TYPE: LINMP"
"NUMBER of POINTS: 1601"
"SWEEP TIME:  3.458 s"
"SWEEP TYPE: LINF"
"SOURCE POWER: 0 dBm"
"IF BANDWIDTH: 500 Hz"

"Frequency"	"Main Array"	"Sub Array"
1.00000000000E+04	1.080367E-01	-2.511238E+01
1.18687500000E+04	4.107708E-02	-3.106867E+01
1.37375000000E+04	4.729250E-02	-5.294160E+01
1.56062500000E+04	4.836794E-02	-2.758106E+01
1.74750000000E+04	4.603990E-02	-4.179408E+01
1.93437500000E+04	4.573788E-02	-4.512041E+01
2.12125000000E+04	3.933610E-02	-4.410860E+01
2.30812500000E+04	4.078067E-02	-4.947775E+01
2.49500000000E+04	3.980397E-02	-4.734956E+01
2.68187500000E+04	3.941415E-02	-5.499112E+01
2.86875000000E+04	3.908098E-02	-5.494211E+01
3.05562500000E+04	3.675908E-02	-5.364936E+01
3.24250000000E+04	3.636699E-02	-5.819320E+01
3.42937500000E+04	3.347810E-02	-5.732727E+01
3.61625000000E+04	3.295364E-02	-5.990592E+01
3.80312500000E+04	3.308051E-02	-6.056699E+01
3.99000000000E+04	3.135363E-02	-5.900591E+01
4.17687500000E+04	2.988143E-02	-6.517780E+01
4.36375000000E+04	2.887275E-02	-6.394141E+01
4.55062500000E+04	2.532079E-02	-6.675627E+01
4.73750000000E+04	2.617132E-02	-6.189319E+01
4.92437500000E+04	2.401795E-02	-6.938858E+01
5.11125000000E+04	2.321603E-02	-6.247133E+01
5.29812500000E+04	2.241439E-02	-6.485292E+01
5.48500000000E+04	2.135881E-02	-7.104493E+01
5.67187500000E+04	2.117417E-02	-6.650185E+01
5.85875000000E+04	2.011118E-02	-6.410774E+01
6.04562500000E+04	1.854684E-02	-6.413752E+01
6.23250000000E+04	1.807377E-02	-6.179952E+01
6.41937500000E+04	1.680570E-02	-6.144716E+01
6.60625000000E+04	1.783321E-02	-5.833852E+01
6.79312500000E+04	1.635994E-02	-6.118339E+01
6.98000000000E+04	1.629023E-02	-5.368373E+01
7.16687500000E+04	1.494861E-02	-5.131838E+01
7.35375000000E+04	1.610039E-02	-4.835746E+01
7.54062500000E+04	1.689184E-02	-4.882259E+01
7.72750000000E+04	1.684465E-02	-4.245808E+01
7.91437500000E+04	1.783849E-02	-4.518856E+01
8.10125000000E+04	1.923266E-02	-4.549364E+01
8.28812500000E+04	1.936633E-02	-4.593575E+01
8.47500000000E+04	2.036273E-02	-4.683016E+01
8.66187500000E+04	2.067281E-02	-4.977637E+01
8.84875000000E+04	1.997710E-02	-4.834904E+01
9.03562500000E+04	2.367344E-02	-5.321638E+01
9.22250000000E+04	2.081930E-02	-5.467831E+01
9.40937500000E+04	1.974864E-02	-5.519790E+01
9.59625000000E+04	2.051261E-02	-5.652673E+01
9.78312500000E+04	2.061330E-02	-5.718313E+01
9.97000000000E+04	1.997932E-02	-5.898441E+01
1.01568750000E+05	2.059452E-02	-5.936197E+01
1.03437500000E+05	2.053767E-02	-6.341929E+01
1.05306250000E+05	1.863222E-02	-6.975974E+01
1.07175000000E+05	1.926306E-02	-6.215448E+01
1.09043750000E+05	1.936617E-02	-6.252311E+01
1.10912500000E+05	1.466331E-02	-6.101504E+01
1.12781250000E+05	1.903065E-02	-6.458383E+01
1.14650000000E+05	1.811005E-02	-6.598265E+01
1.16518750000E+05	1.830426E-02	-6.749514E+01
1.18387500000E+05	1.795515E-02	-6.597110E+01
1.20256250000E+05	1.776302E-02	-6.794839E+01
1.22125000000E+05	1.745568E-02	-6.773457E+01
1.23993750000E+05	1.768375E-02	-7.004243E+01
1.25862500000E+05	1.710632E-02	-6.895547E+01
1.27731250000E+05	1.761377E-02	-6.838328E+01
1.29600000000E+05	1.710282E-02	-6.953839E+01
1.31468750000E+05	1.674967E-02	-6.997017E+01
1.33337500000E+05	1.673127E-02	-6.514834E+01
1.35206250000E+05	1.616296E-02	-7.002255E+01
1.37075000000E+05	1.593679E-02	-6.888754E+01
1.38943750000E+05	1.539205E-02	-6.985383E+01
1.40812500000E+05	1.782315E-02	-7.190275E+01
1.42681250000E+05	1.605592E-02	-7.349284E+01
1.44550000000E+05	1.589593E-02	-7.307191E+01
1.46418750000E+05	1.605534E-02	-7.288795E+01
1.48287500000E+05	1.562010E-02	-7.262241E+01
1.50156250000E+05	1.531057E-02	-7.355944E+01
1.52025000000E+05	1.576305E-02	-7.480098E+01
1.53893750000E+05	1.487074E-02	-7.336572E+01
1.55762500000E+05	1.488858E-02	-7.444263E+01
1.57631250000E+05	1.525975E-02	-7.279676E+01
1.59500000000E+05	1.518509E-02	-7.027831E+01
1.61368750000E+05	1.515115E-02	-7.708837E+01
1.63237500000E+05	1.481813E-02	-7.659259E+01
1.65106250000E+05	1.509501E-02	-7.603483E+01
1.66975000000E+05	1.664423E-02	-7.265626E+01
1.68843750000E+05	1.387895E-02	-7.430456E+01
1.70712500000E+05	1.432481E-02	-7.324010E+01
1.72581250000E+05	1.417545E-02	-7.648136E+01
1.74450000000E+05	1.436916E-02	-7.675187E+01
1.76318750000E+05	1.385311E-02	-7.645645E+01
1.78187500000E+05	1.409269E-02	-7.571197E+01
1.80056250000E+05	1.424276E-02	-7.468591E+01
1.81925000000E+05	1.358830E-02	-7.736114E+01
1.83793750000E+05	1.376636E-02	-7.733875E+01
1.85662500000E+05	1.321813E-02	-7.436707E+01
1.87531250000E+05	1.369239E-02	-7.751033E+01
1.89400000000E+05	1.390815E-02	-7.928804E+01
1.91268750000E+05	1.365134E-02	-7.673492E+01
1.93137500000E+05	1.321299E-02	-7.496236E+01
1.95006250000E+05	1.393114E-02	-7.908527E+01
1.96875000000E+05	1.338344E-02	-7.839807E+01
1.98743750000E+05	1.287285E-02	-7.668584E+01
2.00612500000E+05	1.291666E-02	-8.035995E+01
2.02481250000E+05	1.291631E-02	-7.789830E+01
2.04350000000E+05	1.262774E-02	-7.608485E+01
2.06218750000E+05	1.308764E-02	-7.772815E+01
2.08087500000E+05	1.286432E-02	-7.702505E+01
2.09956250000E+05	1.348762E-02	-7.797678E+01
2.11825000000E+05	1.331868E-02	-7.778038E+01
2.13693750000E+05	1.263804E-02	-7.676072E+01
2.15562500000E+05	1.306091E-02	-7.574621E+01
2.17431250000E+05	1.320781E-02	-7.654488E+01
2.19300000000E+05	1.339159E-02	-7.707280E+01
2.21168750000E+05	1.252372E-02	-7.754037E+01
2.23037500000E+05	1.334435E-02	-7.762201E+01
2.24906250000E+05	1.299900E-02	-7.799548E+01
2.26775000000E+05	1.313997E-02	-7.726767E+01
2.28643750000E+05	1.318788E-02	-7.947507E+01
2.30512500000E+05	1.317301E-02	-7.761995E+01
2.32381250000E+05	1.292026E-02	-7.723301E+01
2.34250000000E+05	1.303852E-02	-7.940502E+01
2.36118750000E+05	1.340227E-02	-7.784203E+01
2.37987500000E+05	1.318297E-02	-7.905561E+01
2.39856250000E+05	1.323052E-02	-7.640048E+01
2.41725000000E+05	1.350409E-02	-7.929015E+01
2.43593750000E+05	1.300507E-02	-8.003071E+01
2.45462500000E+05	1.370801E-02	-7.907703E+01
2.47331250000E+05	1.358471E-02	-8.110806E+01
2.49200000000E+05	1.373265E-02	-8.079670E+01
2.51068750000E+05	1.322531E-02	-8.290276E+01
2.52937500000E+05	1.329630E-02	-8.426095E+01
2.54806250000E+05	1.332224E-02	-8.478855E+01
2.56675000000E+05	1.309516E-02	-8.521183E+01
2.58543750000E+05	1.325017E-02	-8.590015E+01
2.60412500000E+05	1.311615E-02	-8.487498E+01
2.62281250000E+05	1.240834E-02	-8.288571E+01
2.64150000000E+05	1.251952E-02	-8.598959E+01
2.66018750000E+05	1.273641E-02	-8.448016E+01
2.67887500000E+05	1.250445E-02	-8.607858E+01
2.69756250000E+05	1.247076E-02	-8.774995E+01
2.71625000000E+05	1.210762E-02	-8.561431E+01
2.73493750000E+05	1.233628E-02	-8.628516E+01
2.75362500000E+05	1.235212E-02	-8.538000E+01
2.77231250000E+05	1.248913E-02	-8.527924E+01
2.79100000000E+05	1.213576E-02	-8.637366E+01
2.80968750000E+05	1.204866E-02	-8.530868E+01
2.82837500000E+05	1.156572E-02	-8.509032E+01
2.84706250000E+05	1.174088E-02	-8.555748E+01
2.86575000000E+05	1.201142E-02	-8.574345E+01
2.88443750000E+05	1.192534E-02	-8.703739E+01
2.90312500000E+05	1.201910E-02	-8.741741E+01
2.92181250000E+05	1.166236E-02	-8.655093E+01
2.94050000000E+05	1.152679E-02	-8.650592E+01
2.95918750000E+05	1.178983E-02	-8.650060E+01
2.97787500000E+05	1.184668E-02	-8.584632E+01
2.99656250000E+05	1.182261E-02	-8.388096E+01
3.01525000000E+05	1.170108E-02	-8.600956E+01
3.03393750000E+05	1.139229E-02	-8.434531E+01
3.05262500000E+05	1.184069E-02	-8.700706E+01
3.07131250000E+05	1.215347E-02	-8.657996E+01
3.09000000000E+05	1.165453E-02	-8.478590E+01
3.10868750000E+05	1.156428E-02	-8.462241E+01
3.12737500000E+05	1.158533E-02	-8.639395E+01
3.14606250000E+05	1.118986E-02	-8.406870E+01
3.16475000000E+05	1.137966E-02	-8.551475E+01
3.18343750000E+05	1.173735E-02	-8.544513E+01
3.20212500000E+05	1.167017E-02	-8.784152E+01
3.22081250000E+05	1.161993E-02	-8.565160E+01
3.23950000000E+05	1.179248E-02	-8.515483E+01
3.25818750000E+05	1.180808E-02	-8.428563E+01
3.27687500000E+05	1.136857E-02	-8.490518E+01
3.29556250000E+05	1.176536E-02	-8.611498E+01
3.31425000000E+05	1.181613E-02	-8.581567E+01
3.33293750000E+05	1.188539E-02	-8.616925E+01
3.35162500000E+05	1.203150E-02	-8.635659E+01
3.37031250000E+05	1.145271E-02	-8.535441E+01
3.38900000000E+05	1.155420E-02	-8.497685E+01
3.40768750000E+05	1.204036E-02	-8.484280E+01
3.42637500000E+05	1.164402E-02	-8.533301E+01
3.44506250000E+05	1.157437E-02	-8.553938E+01
3.46375000000E+05	1.142378E-02	-8.353284E+01
3.48243750000E+05	1.133114E-02	-8.687281E+01
3.50112500000E+05	1.184473E-02	-8.778284E+01
3.51981250000E+05	1.157426E-02	-8.550257E+01
3.53850000000E+05	1.202184E-02	-8.765974E+01
3.55718750000E+05	1.147299E-02	-8.511671E+01
3.57587500000E+05	1.161630E-02	-8.781950E+01
3.59456250000E+05	1.201096E-02	-8.771095E+01
3.61325000000E+05	1.166011E-02	-8.729927E+01
3.63193750000E+05	1.160181E-02	-8.542959E+01
3.65062500000E+05	1.147733E-02	-8.648164E+01
3.66931250000E+05	1.172143E-02	-8.632316E+01
3.68800000000E+05	1.176734E-02	-8.651833E+01
3.70668750000E+05	1.155372E-02	-8.544775E+01
3.72537500000E+05	1.147912E-02	-8.635555E+01
3.74406250000E+05	1.161374E-02	-8.472218E+01
3.76275000000E+05	1.171426E-02	-8.542683E+01
3.78143750000E+05	1.197125E-02	-8.535123E+01
3.80012500000E+05	1.163073E-02	-8.666058E+01
3.81881250000E+05	1.182393E-02	-8.692867E+01
3.83750000000E+05	1.177827E-02	-8.520557E+01
3.85618750000E+05	1.179291E-02	-8.473598E+01
3.87487500000E+05	1.162211E-02	-8.579459E+01
3.89356250000E+05	1.193280E-02	-8.625555E+01
3.91225000000E+05	1.180302E-02	-8.601416E+01
3.93093750000E+05	1.178212E-02	-8.545216E+01
3.94962500000E+05	1.217150E-02	-8.651041E+01
3.96831250000E+05	1.190402E-02	-8.593171E+01
3.98700000000E+05	1.200283E-02	-8.599058E+01
4.00568750000E+05	1.184933E-02	-8.578908E+01
4.02437500000E+05	1.188837E-02	-8.575230E+01
4.04306250000E+05	1.208817E-02	-8.499621E+01
4.06175000000E+05	1.214935E-02	-8.631714E+01
4.08043750000E+05	1.202091E-02	-8.685533E+01
4.09912500000E+05	1.199494E-02	-8.756559E+01
4.11781250000E+05	1.204400E-02	-8.566051E+01
4.13650000000E+05	1.226291E-02	-8.579893E+01
4.15518750000E+05	1.211501E-02	-8.673306E+01
4.17387500000E+05	1.203187E-02	-8.552443E+01
4.19256250000E+05	1.206308E-02	-8.694671E+01
4.21125000000E+05	1.226982E-02	-8.658284E+01
4.22993750000E+05	1.210204E-02	-8.616224E+01
4.24862500000E+05	1.201043E-02	-8.565214E+01
4.26731250000E+05	1.221161E-02	-8.560090E+01
4.28600000000E+05	1.214198E-02	-8.573249E+01
4.30468750000E+05	1.193511E-02	-8.684693E+01
4.32337500000E+05	1.239467E-02	-8.572720E+01
4.34206250000E+05	1.217063E-02	-8.553290E+01
4.36075000000E+05	1.228224E-02	-8.561087E+01
4.37943750000E+05	1.221506E-02	-8.525690E+01
4.39812500000E+05	1.241881E-02	-8.556886E+01
4.41681250000E+05	1.205934E-02	-8.640611E+01
4.43550000000E+05	1.241946E-02	-8.624701E+01
4.45418750000E+05	1.241637E-02	-8.633965E+01
4.47287500000E+05	1.246085E-02	-8.622594E+01
4.49156250000E+05	1.251451E-02	-8.627121E+01
4.51025000000E+05	1.253914E-02	-8.543451E+01
4.52893750000E+05	1.240049E-02	-8.552996E+01
4.54762500000E+05	1.236865E-02	-8.627953E+01
4.56631250000E+05	1.267045E-02	-8.692040E+01
4.58500000000E+05	1.241278E-02	-8.649585E+01
4.60368750000E+05	1.249092E-02	-8.636901E+01
4.62237500000E+05	1.243183E-02	-8.566374E+01
4.64106250000E+05	1.250242E-02	-8.631293E+01
4.65975000000E+05	1.276029E-02	-8.556703E+01
4.67843750000E+05	1.287458E-02	-8.707292E+01
4.69712500000E+05	1.277431E-02	-8.697283E+01
4.71581250000E+05	1.249790E-02	-8.784216E+01
4.73450000000E+05	1.280055E-02	-8.712410E+01
4.75318750000E+05	1.291541E-02	-8.565764E+01
4.77187500000E+05	1.276597E-02	-8.678988E+01
4.79056250000E+05	1.296010E-02	-8.596742E+01
4.80925000000E+05	1.263829E-02	-8.668430E+01
4.82793750000E+05	1.306190E-02	-8.650197E+01
4.84662500000E+05	1.311531E-02	-8.710284E+01
4.86531250000E+05	1.284487E-02	-8.837136E+01
4.88400000000E+05	1.282676E-02	-8.640506E+01
4.90268750000E+05	1.297025E-02	-8.760194E+01
4.92137500000E+05	1.282966E-02	-8.754947E+01
4.94006250000E+05	1.297693E-02	-8.763634E+01
4.95875000000E+05	1.273521E-02	-8.712581E+01
4.97743750000E+05	1.295361E-02	-8.657384E+01
4.99612500000E+05	1.318604E-02	-8.738351E+01
5.01481250000E+05	1.310294E-02	-8.741732E+01
5.03350000000E+05	1.302872E-02	-8.793492E+01
5.05218750000E+05	1.329183E-02	-8.746952E+01
5.07087500000E+05	1.317419E-02	-8.747887E+01
5.08956250000E+05	1.335995E-02	-8.734919E+01
5.10825000000E+05	1.319514E-02	-8.740239E+01
5.12693750000E+05	1.339277E-02	-8.780182E+01
5.14562500000E+05	1.337816E-02	-8.873803E+01
5.16431250000E+05	1.304973E-02	-8.762222E+01
5.18300000000E+05	1.324049E-02	-8.803805E+01
5.20168750000E+05	1.322150E-02	-8.885515E+01
5.22037500000E+05	1.329195E-02	-8.799964E+01
5.23906250000E+05	1.325760E-02	-8.730475E+01
5.25775000000E+05	1.316495E-02	-8.820582E+01
5.27643750000E+05	1.319435E-02	-8.837212E+01
5.29512500000E+05	1.339503E-02	-8.796040E+01
5.31381250000E+05	1.339067E-02	-8.840652E+01
5.33250000000E+05	1.329901E-02	-8.852975E+01
5.35118750000E+05	1.371058E-02	-8.754163E+01
5.36987500000E+05	1.331028E-02	-8.874212E+01
5.38856250000E+05	1.323782E-02	-8.873123E+01
5.40725000000E+05	1.354075E-02	-8.870325E+01
5.42593750000E+05	1.324666E-02	-8.833643E+01
5.44462500000E+05	1.319539E-02	-8.897823E+01
5.46331250000E+05	1.334176E-02	-8.828955E+01
5.48200000000E+05	1.314027E-02	-8.878539E+01
5.50068750000E+05	1.323155E-02	-8.943403E+01
5.51937500000E+05	1.336360E-02	-8.879790E+01
5.53806250000E+05	1.349888E-02	-8.895741E+01
5.55675000000E+05	1.326713E-02	-8.801595E+01
5.57543750000E+05	1.340295E-02	-8.812091E+01
5.59412500000E+05	1.357881E-02	-8.958159E+01
5.61281250000E+05	1.339418E-02	-8.820683E+01
5.63150000000E+05	1.343395E-02	-8.804096E+01
5.65018750000E+05	1.369620E-02	-8.839756E+01
5.66887500000E+05	1.364206E-02	-8.857763E+01
5.68756250000E+05	1.366191E-02	-8.810847E+01
5.70625000000E+05	1.356528E-02	-8.935593E+01
5.72493750000E+05	1.336905E-02	-8.692297E+01
5.74362500000E+05	1.338368E-02	-8.876591E+01
5.76231250000E+05	1.369119E-02	-8.789735E+01
5.78100000000E+05	1.366950E-02	-8.887045E+01
5.79968750000E+05	1.367260E-02	-8.811896E+01
5.81837500000E+05	1.370630E-02	-8.830409E+01
5.83706250000E+05	1.365959E-02	-8.833336E+01
5.85575000000E+05	1.359376E-02	-8.841276E+01
5.87443750000E+05	1.371532E-02	-8.840768E+01
5.89312500000E+05	1.380639E-02	-8.915742E+01
5.91181250000E+05	1.372234E-02	-8.859497E+01
5.93050000000E+05	1.389197E-02	-8.804073E+01
5.94918750000E+05	1.373115E-02	-8.861180E+01
5.96787500000E+05	1.384793E-02	-8.850090E+01
5.98656250000E+05	1.387295E-02	-8.777637E+01
6.00525000000E+05	1.405361E-02	-8.780799E+01
6.02393750000E+05	1.381438E-02	-8.868385E+01
6.04262500000E+05	1.372772E-02	-8.831292E+01
6.06131250000E+05	1.393202E-02	-8.950888E+01
6.08000000000E+05	1.401842E-02	-8.845434E+01
6.09868750000E+05	1.404188E-02	-8.906424E+01
6.11737500000E+05	1.424859E-02	-8.888354E+01
6.13606250000E+05	1.406375E-02	-8.819992E+01
6.15475000000E+05	1.392185E-02	-8.744087E+01
6.17343750000E+05	1.402697E-02	-8.955182E+01
6.19212500000E+05	1.410762E-02	-8.820342E+01
6.21081250000E+05	1.414225E-02	-8.855831E+01
6.22950000000E+05	1.407789E-02	-8.856739E+01
6.24818750000E+05	1.406075E-02	-8.863798E+01
6.26687500000E+05	1.406993E-02	-8.852729E+01
6.28556250000E+05	1.432887E-02	-8.832437E+01
6.30425000000E+05	1.411569E-02	-8.993127E+01
6.32293750000E+05	1.413513E-02	-8.769418E+01
6.34162500000E+05	1.429849E-02	-8.889035E+01
6.36031250000E+05	1.433816E-02	-8.777274E+01
6.37900000000E+05	1.433808E-02	-8.888702E+01
6.39768750000E+05	1.420296E-02	-8.854086E+01
6.41637500000E+05	1.443894E-02	-8.804493E+01
6.43506250000E+05	1.451942E-02	-8.809336E+01
6.45375000000E+05	1.446508E-02	-8.799949E+01
6.47243750000E+05	1.435491E-02	-8.804688E+01
6.49112500000E+05	1.458746E-02	-8.842431E+01
6.50981250000E+05	1.444803E-02	-8.825710E+01
6.52850000000E+05	1.440592E-02	-8.834430E+01
6.54718750000E+05	1.446047E-02	-8.862274E+01
6.56587500000E+05	1.446350E-02	-8.788499E+01
6.58456250000E+05	1.481633E-02	-8.863046E+01
6.60325000000E+05	1.453294E-02	-8.892396E+01
6.62193750000E+05	1.476209E-02	-8.803192E+01
6.64062500000E+05	1.465446E-02	-8.826347E+01
6.65931250000E+05	1.469189E-02	-8.821747E+01
6.67800000000E+05	1.484139E-02	-8.870677E+01
6.69668750000E+05	1.486397E-02	-8.842313E+01
6.71537500000E+05	1.473614E-02	-8.835041E+01
6.73406250000E+05	1.464660E-02	-8.854675E+01
6.75275000000E+05	1.487627E-02	-8.772208E+01
6.77143750000E+05	1.510162E-02	-8.802377E+01
6.79012500000E+05	1.495688E-02	-8.823217E+01
6.80881250000E+05	1.513348E-02	-8.905576E+01
6.82750000000E+05	1.489835E-02	-8.837723E+01
6.84618750000E+05	1.498598E-02	-8.881448E+01
6.86487500000E+05	1.522659E-02	-8.828179E+01
6.88356250000E+05	1.492997E-02	-8.808251E+01
6.90225000000E+05	1.494334E-02	-8.863308E+01
6.92093750000E+05	1.514672E-02	-8.847926E+01
6.93962500000E+05	1.509135E-02	-8.863744E+01
6.95831250000E+05	1.514558E-02	-8.840694E+01
6.97700000000E+05	1.531901E-02	-8.852675E+01
6.99568750000E+05	1.515258E-02	-8.927003E+01
7.01437500000E+05	1.517133E-02	-8.883382E+01
7.03306250000E+05	1.549746E-02	-8.861591E+01
7.05175000000E+05	1.533259E-02	-8.878407E+01
7.07043750000E+05	1.529662E-02	-8.872027E+01
7.08912500000E+05	1.519627E-02	-8.872266E+01
7.10781250000E+05	1.537003E-02	-8.879143E+01
7.12650000000E+05	1.545744E-02	-8.829572E+01
7.14518750000E+05	1.538583E-02	-8.880286E+01
7.16387500000E+05	1.563910E-02	-8.984677E+01
7.18256250000E+05	1.567021E-02	-8.838460E+01
7.20125000000E+05	1.549416E-02	-8.823501E+01
7.21993750000E+05	1.552429E-02	-8.825069E+01
7.23862500000E+05	1.544663E-02	-8.884343E+01
7.25731250000E+05	1.574829E-02	-8.887511E+01
7.27600000000E+05	1.545793E-02	-8.824520E+01
7.29468750000E+05	1.548975E-02	-8.936056E+01
7.31337500000E+05	1.551902E-02	-8.877177E+01
7.33206250000E+05	1.569747E-02	-8.918035E+01
7.35075000000E+05	1.576344E-02	-8.783761E+01
7.36943750000E+05	1.574873E-02	-8.922217E+01
7.38812500000E+05	1.595508E-02	-8.848186E+01
7.40681250000E+05	1.608834E-02	-8.851315E+01
7.42550000000E+05	1.581443E-02	-8.839829E+01
7.44418750000E+05	1.585324E-02	-8.894385E+01
7.46287500000E+05	1.583505E-02	-8.932976E+01
7.48156250000E+05	1.605634E-02	-8.843877E+01
7.50025000000E+05	1.624376E-02	-8.800020E+01
7.51893750000E+05	1.604057E-02	-8.830344E+01
7.53762500000E+05	1.594514E-02	-8.898457E+01
7.55631250000E+05	1.608013E-02	-8.868140E+01
7.57500000000E+05	1.597283E-02	-8.872267E+01
7.59368750000E+05	1.596843E-02	-8.842883E+01
7.61237500000E+05	1.612838E-02	-8.844552E+01
7.63106250000E+05	1.595315E-02	-8.881641E+01
7.64975000000E+05	1.617101E-02	-8.919986E+01
7.66843750000E+05	1.614045E-02	-8.852441E+01
7.68712500000E+05	1.626649E-02	-8.873540E+01
7.70581250000E+05	1.633870E-02	-8.840394E+01
7.72450000000E+05	1.634470E-02	-8.827108E+01
7.74318750000E+05	1.640061E-02	-8.851172E+01
7.76187500000E+05	1.632602E-02	-8.901716E+01
7.78056250000E+05	1.643557E-02	-8.815526E+01
7.79925000000E+05	1.642215E-02	-8.832140E+01
7.81793750000E+05	1.660674E-02	-8.826795E+01
7.83662500000E+05	1.667225E-02	-8.831866E+01
7.85531250000E+05	1.659317E-02	-8.856625E+01
7.87400000000E+05	1.643081E-02	-8.743597E+01
7.89268750000E+05	1.635320E-02	-8.885283E+01
7.91137500000E+05	1.643539E-02	-8.894479E+01
7.93006250000E+05	1.651639E-02	-8.858911E+01
7.94875000000E+05	1.684372E-02	-8.915852E+01
7.96743750000E+05	1.670632E-02	-8.840089E+01
7.98612500000E+05	1.668647E-02	-8.817908E+01
8.00481250000E+05	1.686650E-02	-8.940204E+01
8.02350000000E+05	1.683151E-02	-8.915237E+01
8.04218750000E+05	1.659933E-02	-8.890325E+01
8.06087500000E+05	1.694391E-02	-8.894285E+01
8.07956250000E+05	1.675324E-02	-8.848489E+01
8.09825000000E+05	1.692214E-02	-8.838160E+01
8.11693750000E+05	1.687203E-02	-8.908063E+01
8.13562500000E+05	1.681689E-02	-8.855553E+01
8.15431250000E+05	1.701367E-02	-8.908386E+01
8.17300000000E+05	1.676996E-02	-8.882962E+01
8.19168750000E+05	1.692166E-02	-8.883636E+01
8.21037500000E+05	1.707479E-02	-8.847353E+01
8.22906250000E+05	1.710577E-02	-8.929815E+01
8.24775000000E+05	1.695924E-02	-8.858437E+01
8.26643750000E+05	1.689640E-02	-8.837666E+01
8.28512500000E+05	1.727811E-02	-8.866666E+01
8.30381250000E+05	1.704565E-02	-8.916534E+01
8.32250000000E+05	1.724550E-02	-8.885929E+01
8.34118750000E+05	1.716053E-02	-8.895904E+01
8.35987500000E+05	1.738891E-02	-8.856394E+01
8.37856250000E+05	1.729271E-02	-8.879299E+01
8.39725000000E+05	1.724358E-02	-8.902854E+01
8.41593750000E+05	1.721326E-02	-8.853801E+01
8.43462500000E+05	1.746446E-02	-8.897919E+01
8.45331250000E+05	1.755726E-02	-8.775637E+01
8.47200000000E+05	1.754128E-02	-8.845110E+01
8.49068750000E+05	1.731656E-02	-8.945593E+01
8.50937500000E+05	1.758323E-02	-8.892595E+01
8.52806250000E+05	1.744083E-02	-8.824092E+01
8.54675000000E+05	1.727590E-02	-8.814147E+01
8.56543750000E+05	1.743094E-02	-8.887708E+01
8.58412500000E+05	1.757135E-02	-8.868890E+01
8.60281250000E+05	1.773890E-02	-8.864056E+01
8.62150000000E+05	1.779709E-02	-8.888607E+01
8.64018750000E+05	1.760670E-02	-8.860351E+01
8.65887500000E+05	1.788072E-02	-8.847540E+01
8.67756250000E+05	1.771841E-02	-8.850008E+01
8.69625000000E+05	1.767327E-02	-8.926311E+01
8.71493750000E+05	1.782770E-02	-8.973258E+01
8.73362500000E+05	1.799855E-02	-8.886261E+01
8.75231250000E+05	1.786692E-02	-8.912745E+01
8.77100000000E+05	1.802082E-02	-8.960272E+01
8.78968750000E+05	1.809396E-02	-8.871088E+01
8.80837500000E+05	1.810048E-02	-8.997900E+01
8.82706250000E+05	1.796661E-02	-8.893536E+01
8.84575000000E+05	1.806028E-02	-8.870470E+01
8.86443750000E+05	1.832721E-02	-8.916968E+01
8.88312500000E+05	1.816684E-02	-8.946915E+01
8.90181250000E+05	1.822299E-02	-8.879673E+01
8.92050000000E+05	1.790718E-02	-8.927242E+01
8.93918750000E+05	1.826983E-02	-8.943586E+01
8.95787500000E+05	1.812001E-02	-8.929881E+01
8.97656250000E+05	1.818238E-02	-8.937412E+01
8.99525000000E+05	1.838363E-02	-8.858060E+01
9.01393750000E+05	1.816697E-02	-8.913369E+01
9.03262500000E+05	1.821744E-02	-8.854055E+01
9.05131250000E+05	1.841073E-02	-8.827559E+01
9.07000000000E+05	1.844629E-02	-8.930135E+01
9.08868750000E+05	1.849193E-02	-8.984220E+01
9.10737500000E+05	1.850422E-02	-8.920863E+01
9.12606250000E+05	1.836299E-02	-8.931282E+01
9.14475000000E+05	1.855612E-02	-8.889124E+01
9.16343750000E+05	1.839105E-02	-8.856816E+01
9.18212500000E+05	1.864314E-02	-8.864397E+01
9.20081250000E+05	1.838329E-02	-8.899751E+01
9.21950000000E+05	1.862521E-02	-8.842439E+01
9.23818750000E+05	1.860419E-02	-8.883136E+01
9.25687500000E+05	1.866581E-02	-8.860421E+01
9.27556250000E+05	1.882587E-02	-8.905029E+01
9.29425000000E+05	1.855094E-02	-8.885717E+01
9.31293750000E+05	1.848422E-02	-8.914610E+01
9.33162500000E+05	1.872355E-02	-8.922472E+01
9.35031250000E+05	1.869970E-02	-8.962621E+01
9.36900000000E+05	1.868938E-02	-8.920328E+01
9.38768750000E+05	1.887124E-02	-8.827673E+01
9.40637500000E+05	1.890595E-02	-8.877743E+01
9.42506250000E+05	1.876358E-02	-8.935081E+01
9.44375000000E+05	1.881204E-02	-8.966726E+01
9.46243750000E+05	1.872375E-02	-8.960767E+01
9.48112500000E+05	1.902467E-02	-8.805565E+01
9.49981250000E+05	1.896713E-02	-8.869824E+01
9.51850000000E+05	1.898438E-02	-8.881412E+01
9.53718750000E+05	1.896895E-02	-8.893019E+01
9.55587500000E+05	1.887037E-02	-8.909312E+01
9.57456250000E+05	1.905279E-02	-8.864433E+01
9.59325000000E+05	1.912402E-02	-8.877723E+01
9.61193750000E+05	1.922816E-02	-8.882147E+01
9.63062500000E+05	1.933629E-02	-8.856332E+01
9.64931250000E+05	1.928776E-02	-8.829034E+01
9.66800000000E+05	1.912971E-02	-8.949551E+01
9.68668750000E+05	1.930425E-02	-8.910383E+01
9.70537500000E+05	1.921661E-02	-8.958661E+01
9.72406250000E+05	1.953660E-02	-8.870892E+01
9.74275000000E+05	1.931706E-02	-8.908865E+01
9.76143750000E+05	1.953628E-02	-8.874526E+01
9.78012500000E+05	1.941144E-02	-8.949735E+01
9.79881250000E+05	1.960428E-02	-8.927171E+01
9.81750000000E+05	1.953086E-02	-8.913480E+01
9.83618750000E+05	1.961206E-02	-8.950999E+01
9.85487500000E+05	1.953324E-02	-8.882601E+01
9.87356250000E+05	1.962128E-02	-8.879691E+01
9.89225000000E+05	1.953239E-02	-8.914307E+01
9.91093750000E+05	1.955199E-02	-8.899969E+01
9.92962500000E+05	1.988889E-02	-8.950634E+01
9.94831250000E+05	1.967126E-02	-8.930448E+01
9.96700000000E+05	1.985581E-02	-8.915501E+01
9.98568750000E+05	1.964182E-02	-8.909968E+01
1.00043750000E+06	1.954539E-02	-8.995733E+01
1.00230625000E+06	1.985853E-02	-8.990381E+01
1.00417500000E+06	1.980505E-02	-8.953416E+01
1.00604375000E+06	2.015584E-02	-8.917168E+01
1.00791250000E+06	2.014967E-02	-8.921629E+01
1.00978125000E+06	1.980225E-02	-8.951109E+01
1.01165000000E+06	2.004442E-02	-8.932736E+01
1.01351875000E+06	2.003275E-02	-8.966471E+01
1.01538750000E+06	1.991560E-02	-8.943252E+01
1.01725625000E+06	2.021088E-02	-8.871783E+01
1.01912500000E+06	2.005111E-02	-8.929845E+01
1.02099375000E+06	2.011063E-02	-8.950731E+01
1.02286250000E+06	2.002616E-02	-8.882154E+01
1.02473125000E+06	2.032625E-02	-8.949907E+01
1.02660000000E+06	2.023374E-02	-8.953046E+01
1.02846875000E+06	2.030533E-02	-8.944525E+01
1.03033750000E+06	2.047518E-02	-8.925420E+01
1.03220625000E+06	2.033795E-02	-8.891882E+01
1.03407500000E+06	2.028064E-02	-8.891975E+01
1.03594375000E+06	2.035244E-02	-8.942659E+01
1.03781250000E+06	2.036258E-02	-8.912920E+01
1.03968125000E+06	2.055397E-02	-8.970011E+01
1.04155000000E+06	2.061738E-02	-8.920321E+01
1.04341875000E+06	2.061861E-02	-8.879786E+01
1.04528750000E+06	2.050225E-02	-8.982410E+01
1.04715625000E+06	2.057041E-02	-8.908353E+01
1.04902500000E+06	2.062067E-02	-9.031142E+01
1.05089375000E+06	2.056394E-02	-8.905013E+01
1.05276250000E+06	2.028211E-02	-8.967648E+01
1.05463125000E+06	2.104550E-02	-8.932115E+01
1.05650000000E+06	2.092387E-02	-8.846690E+01
1.05836875000E+06	2.058204E-02	-8.968523E+01
1.06023750000E+06	2.065208E-02	-8.932301E+01
1.06210625000E+06	2.088460E-02	-8.948427E+01
1.06397500000E+06	2.087119E-02	-8.939384E+01
1.06584375000E+06	2.106422E-02	-8.995753E+01
1.06771250000E+06	2.092807E-02	-8.918147E+01
1.06958125000E+06	2.098798E-02	-8.861109E+01
1.07145000000E+06	2.094258E-02	-8.927448E+01
1.07331875000E+06	2.064248E-02	-8.961507E+01
1.07518750000E+06	2.110379E-02	-8.947524E+01
1.07705625000E+06	2.105231E-02	-8.931967E+01
1.07892500000E+06	2.106046E-02	-8.948140E+01
1.08079375000E+06	2.107134E-02	-8.961842E+01
1.08266250000E+06	2.114429E-02	-8.966961E+01
1.08453125000E+06	2.117519E-02	-8.947989E+01
1.08640000000E+06	2.102122E-02	-8.929875E+01
1.08826875000E+06	2.117628E-02	-8.963795E+01
1.09013750000E+06	2.124281E-02	-8.938206E+01
1.09200625000E+06	2.140556E-02	-8.885752E+01
1.09387500000E+06	2.146845E-02	-8.935895E+01
1.09574375000E+06	2.128498E-02	-8.928407E+01
1.09761250000E+06	2.125520E-02	-8.969212E+01
1.09948125000E+06	2.140758E-02	-8.953868E+01
1.10135000000E+06	2.157635E-02	-8.980291E+01
1.10321875000E+06	2.143832E-02	-8.923724E+01
1.10508750000E+06	2.161430E-02	-8.885696E+01
1.10695625000E+06	2.154862E-02	-8.915064E+01
1.10882500000E+06	2.170140E-02	-8.988186E+01
1.11069375000E+06	2.151723E-02	-8.940058E+01
1.11256250000E+06	2.156569E-02	-8.998227E+01
1.11443125000E+06	2.169563E-02	-8.910305E+01
1.11630000000E+06	2.168490E-02	-8.909440E+01
1.11816875000E+06	2.180360E-02	-8.984489E+01
1.12003750000E+06	2.186259E-02	-8.953934E+01
1.12190625000E+06	2.173638E-02	-8.925756E+01
1.12377500000E+06	2.189281E-02	-8.946145E+01
1.12564375000E+06	2.199842E-02	-8.988751E+01
1.12751250000E+06	2.189119E-02	-8.923021E+01
1.12938125000E+06	2.201302E-02	-8.915517E+01
1.13125000000E+06	2.215023E-02	-8.935235E+01
1.13311875000E+06	2.196362E-02	-8.993719E+01
1.13498750000E+06	2.189205E-02	-8.938080E+01
1.13685625000E+06	2.182395E-02	-8.940285E+01
1.13872500000E+06	2.219293E-02	-8.898259E+01
1.14059375000E+06	2.205408E-02	-9.001575E+01
1.14246250000E+06	2.242010E-02	-8.971373E+01
1.14433125000E+06	2.181843E-02	-8.967155E+01
1.14620000000E+06	2.226072E-02	-8.973215E+01
1.14806875000E+06	2.244502E-02	-8.960105E+01
1.14993750000E+06	2.222067E-02	-8.929266E+01
1.15180625000E+06	2.194016E-02	-8.943263E+01
1.15367500000E+06	2.222941E-02	-8.941665E+01
1.15554375000E+06	2.222599E-02	-8.951041E+01
1.15741250000E+06	2.210398E-02	-8.929168E+01
1.15928125000E+06	2.230624E-02	-8.964611E+01
1.16115000000E+06	2.244225E-02	-8.955770E+01
1.16301875000E+06	2.249911E-02	-8.914910E+01
1.16488750000E+06	2.259350E-02	-8.961985E+01
1.16675625000E+06	2.266387E-02	-8.983955E+01
1.16862500000E+06	2.259280E-02	-8.903994E+01
1.17049375000E+06	2.245843E-02	-8.964236E+01
1.17236250000E+06	2.256482E-02	-8.926711E+01
1.17423125000E+06	2.260707E-02	-8.985534E+01
1.17610000000E+06	2.303175E-02	-8.919749E+01
1.17796875000E+06	2.242829E-02	-8.953801E+01
1.17983750000E+06	2.246424E-02	-8.978906E+01
1.18170625000E+06	2.283139E-02	-8.958165E+01
1.18357500000E+06	2.268082E-02	-8.906942E+01
1.18544375000E+06	2.294238E-02	-8.930734E+01
1.18731250000E+06	2.309485E-02	-8.980923E+01
1.18918125000E+06	2.292413E-02	-8.906281E+01
1.19105000000E+06	2.267003E-02	-8.954807E+01
1.19291875000E+06	2.278142E-02	-8.911380E+01
1.19478750000E+06	2.295915E-02	-8.975040E+01
1.19665625000E+06	2.313814E-02	-8.909824E+01
1.19852500000E+06	2.333174E-02	-8.974455E+01
1.20039375000E+06	2.312290E-02	-8.962582E+01
1.20226250000E+06	2.287319E-02	-9.015706E+01
1.20413125000E+06	2.296781E-02	-8.925224E+01
1.20600000000E+06	2.340016E-02	-8.956763E+01
1.20786875000E+06	2.353322E-02	-9.003024E+01
1.20973750000E+06	2.341237E-02	-8.959322E+01
1.21160625000E+06	2.335294E-02	-8.897660E+01
1.21347500000E+06	2.357998E-02	-8.924026E+01
1.21534375000E+06	2.318553E-02	-8.878989E+01
1.21721250000E+06	2.347935E-02	-8.979209E+01
1.21908125000E+06	2.343260E-02	-8.952079E+01
1.22095000000E+06	2.358465E-02	-8.944523E+01
1.22281875000E+06	2.349884E-02	-8.962938E+01
1.22468750000E+06	2.351261E-02	-8.954633E+01
1.22655625000E+06	2.338143E-02	-8.940768E+01
1.22842500000E+06	2.353484E-02	-8.987314E+01
1.23029375000E+06	2.397606E-02	-8.901331E+01
1.23216250000E+06	2.369258E-02	-8.929237E+01
1.23403125000E+06	2.394086E-02	-8.989314E+01
1.23590000000E+06	2.349850E-02	-9.001147E+01
1.23776875000E+06	2.380318E-02	-8.921700E+01
1.23963750000E+06	2.359225E-02	-8.956063E+01
1.24150625000E+06	2.368598E-02	-8.955405E+01
1.24337500000E+06	2.401454E-02	-8.927225E+01
1.24524375000E+06	2.392572E-02	-9.011785E+01
1.24711250000E+06	2.364425E-02	-8.871837E+01
1.24898125000E+06	2.391524E-02	-8.945570E+01
1.25085000000E+06	2.385017E-02	-8.948853E+01
1.25271875000E+06	2.386995E-02	-8.926939E+01
1.25458750000E+06	2.400438E-02	-8.929893E+01
1.25645625000E+06	2.373286E-02	-8.919356E+01
1.25832500000E+06	2.394033E-02	-8.950890E+01
1.26019375000E+06	2.411798E-02	-8.967672E+01
1.26206250000E+06	2.399955E-02	-8.978426E+01
1.26393125000E+06	2.391896E-02	-8.997706E+01
1.26580000000E+06	2.430897E-02	-9.002622E+01
1.26766875000E+06	2.408604E-02	-8.903394E+01
1.26953750000E+06	2.424565E-02	-8.935501E+01
1.27140625000E+06	2.435366E-02	-8.889590E+01
1.27327500000E+06	2.412660E-02	-8.955615E+01
1.27514375000E+06	2.440162E-02	-8.907027E+01
1.27701250000E+06	2.442263E-02	-8.921904E+01
1.27888125000E+06	2.459242E-02	-8.952913E+01
1.28075000000E+06	2.443382E-02	-8.942615E+01
1.28261875000E+06	2.445452E-02	-8.944838E+01
1.28448750000E+06	2.442749E-02	-8.949722E+01
1.28635625000E+06	2.460586E-02	-8.961573E+01
1.28822500000E+06	2.461893E-02	-8.982088E+01
1.29009375000E+06	2.455860E-02	-9.021136E+01
1.29196250000E+06	2.467796E-02	-8.931454E+01
1.29383125000E+06	2.462359E-02	-8.943599E+01
1.29570000000E+06	2.477005E-02	-8.957581E+01
1.29756875000E+06	2.475516E-02	-8.990034E+01
1.29943750000E+06	2.475856E-02	-8.983557E+01
1.30130625000E+06	2.477488E-02	-8.940821E+01
1.30317500000E+06	2.490751E-02	-8.960474E+01
1.30504375000E+06	2.478511E-02	-8.997026E+01
1.30691250000E+06	2.497558E-02	-9.034423E+01
1.30878125000E+06	2.502038E-02	-9.019879E+01
1.31065000000E+06	2.495528E-02	-8.939909E+01
1.31251875000E+06	2.488929E-02	-8.990298E+01
1.31438750000E+06	2.500533E-02	-8.930672E+01
1.31625625000E+06	2.492380E-02	-9.010960E+01
1.31812500000E+06	2.500014E-02	-8.951736E+01
1.31999375000E+06	2.509103E-02	-8.949393E+01
1.32186250000E+06	2.530439E-02	-8.953948E+01
1.32373125000E+06	2.524973E-02	-9.002591E+01
1.32560000000E+06	2.482139E-02	-8.991357E+01
1.32746875000E+06	2.495940E-02	-8.968286E+01
1.32933750000E+06	2.539665E-02	-9.035997E+01
1.33120625000E+06	2.533863E-02	-8.980477E+01
1.33307500000E+06	2.550173E-02	-8.941931E+01
1.33494375000E+06	2.541165E-02	-8.975185E+01
1.33681250000E+06	2.541753E-02	-8.992886E+01
1.33868125000E+06	2.521692E-02	-8.965380E+01
1.34055000000E+06	2.538764E-02	-8.986648E+01
1.34241875000E+06	2.545663E-02	-9.005389E+01
1.34428750000E+06	2.556943E-02	-8.937674E+01
1.34615625000E+06	2.541023E-02	-8.954211E+01
1.34802500000E+06	2.571241E-02	-8.951417E+01
1.34989375000E+06	2.546212E-02	-8.950095E+01
1.35176250000E+06	2.561399E-02	-8.960837E+01
1.35363125000E+06	2.582476E-02	-8.948378E+01
1.35550000000E+06	2.562921E-02	-9.032898E+01
1.35736875000E+06	2.571889E-02	-8.959689E+01
1.35923750000E+06	2.583152E-02	-8.969132E+01
1.36110625000E+06	2.576200E-02	-9.035782E+01
1.36297500000E+06	2.597157E-02	-8.947816E+01
1.36484375000E+06	2.555369E-02	-8.968759E+01
1.36671250000E+06	2.594683E-02	-8.953689E+01
1.36858125000E+06	2.588464E-02	-8.995989E+01
1.37045000000E+06	2.574141E-02	-9.003845E+01
1.37231875000E+06	2.596793E-02	-8.994166E+01
1.37418750000E+06	2.599129E-02	-8.975964E+01
1.37605625000E+06	2.615865E-02	-8.985994E+01
1.37792500000E+06	2.603616E-02	-8.946906E+01
1.37979375000E+06	2.615422E-02	-8.956948E+01
1.38166250000E+06	2.620375E-02	-8.961388E+01
1.38353125000E+06	2.633400E-02	-8.949604E+01
1.38540000000E+06	2.649369E-02	-8.971261E+01
1.38726875000E+06	2.614975E-02	-8.968167E+01
1.38913750000E+06	2.644228E-02	-8.958015E+01
1.39100625000E+06	2.636548E-02	-8.978647E+01
1.39287500000E+06	2.631685E-02	-9.040675E+01
1.39474375000E+06	2.612194E-02	-9.063707E+01
1.39661250000E+06	2.658553E-02	-8.977895E+01
1.39848125000E+06	2.613176E-02	-8.917310E+01
1.40035000000E+06	2.649183E-02	-8.959477E+01
1.40221875000E+06	2.658698E-02	-8.971727E+01
1.40408750000E+06	2.658228E-02	-8.904080E+01
1.40595625000E+06	2.639609E-02	-9.028971E+01
1.40782500000E+06	2.635323E-02	-8.965298E+01
1.40969375000E+06	2.635861E-02	-8.944748E+01
1.41156250000E+06	2.676176E-02	-8.965601E+01
1.41343125000E+06	2.671847E-02	-8.976403E+01
1.41530000000E+06	2.689370E-02	-8.986881E+01
1.41716875000E+06	2.700356E-02	-8.910987E+01
1.41903750000E+06	2.712222E-02	-8.993327E+01
1.42090625000E+06	2.684184E-02	-9.007053E+01
1.42277500000E+06	2.691343E-02	-8.921768E+01
1.42464375000E+06	2.705024E-02	-8.930849E+01
1.42651250000E+06	2.702054E-02	-8.975117E+01
1.42838125000E+06	2.711143E-02	-8.971623E+01
1.43025000000E+06	2.703393E-02	-9.007905E+01
1.43211875000E+06	2.690879E-02	-8.908230E+01
1.43398750000E+06	2.696015E-02	-8.992829E+01
1.43585625000E+06	2.695534E-02	-8.989799E+01
1.43772500000E+06	2.693320E-02	-9.012166E+01
1.43959375000E+06	2.696410E-02	-9.070837E+01
1.44146250000E+06	2.703859E-02	-8.960110E+01
1.44333125000E+06	2.707417E-02	-8.886903E+01
1.44520000000E+06	2.736018E-02	-8.935112E+01
1.44706875000E+06	2.716669E-02	-8.996847E+01
1.44893750000E+06	2.748891E-02	-8.989938E+01
1.45080625000E+06	2.734249E-02	-8.955997E+01
1.45267500000E+06	2.726194E-02	-8.928987E+01
1.45454375000E+06	2.755976E-02	-8.982610E+01
1.45641250000E+06	2.741618E-02	-8.936173E+01
1.45828125000E+06	2.787903E-02	-8.955880E+01
1.46015000000E+06	2.753349E-02	-8.976998E+01
1.46201875000E+06	2.751227E-02	-8.922628E+01
1.46388750000E+06	2.747541E-02	-8.948522E+01
1.46575625000E+06	2.767860E-02	-8.943276E+01
1.46762500000E+06	2.740405E-02	-8.941338E+01
1.46949375000E+06	2.796368E-02	-8.961210E+01
1.47136250000E+06	2.762021E-02	-8.933064E+01
1.47323125000E+06	2.777831E-02	-8.990955E+01
1.47510000000E+06	2.773426E-02	-8.940717E+01
1.47696875000E+06	2.808040E-02	-8.979346E+01
1.47883750000E+06	2.802677E-02	-8.969109E+01
1.48070625000E+06	2.787795E-02	-8.923703E+01
1.48257500000E+06	2.790174E-02	-8.965585E+01
1.48444375000E+06	2.780697E-02	-9.049715E+01
1.48631250000E+06	2.798576E-02	-8.974986E+01
1.48818125000E+06	2.779321E-02	-8.962930E+01
1.49005000000E+06	2.767917E-02	-8.949137E+01
1.49191875000E+06	2.801848E-02	-8.987610E+01
1.49378750000E+06	2.804775E-02	-8.989100E+01
1.49565625000E+06	2.807301E-02	-8.981114E+01
1.49752500000E+06	2.821789E-02	-8.978521E+01
1.49939375000E+06	2.846528E-02	-9.005421E+01
1.50126250000E+06	2.821043E-02	-8.981062E+01
1.50313125000E+06	2.833928E-02	-8.977082E+01
1.50500000000E+06	2.836436E-02	-8.921477E+01
1.50686875000E+06	2.843590E-02	-8.962836E+01
1.50873750000E+06	2.862017E-02	-8.951177E+01
1.51060625000E+06	2.855033E-02	-8.973620E+01
1.51247500000E+06	2.847764E-02	-8.982770E+01
1.51434375000E+06	2.837335E-02	-8.967141E+01
1.51621250000E+06	2.857943E-02	-8.977256E+01
1.51808125000E+06	2.834766E-02	-8.965226E+01
1.51995000000E+06	2.861192E-02	-8.926720E+01
1.52181875000E+06	2.860013E-02	-8.936208E+01
1.52368750000E+06	2.868007E-02	-8.997649E+01
1.52555625000E+06	2.862260E-02	-8.960945E+01
1.52742500000E+06	2.874347E-02	-9.011178E+01
1.52929375000E+06	2.846739E-02	-8.961751E+01
1.53116250000E+06	2.897616E-02	-8.969672E+01
1.53303125000E+06	2.867720E-02	-8.945694E+01
1.53490000000E+06	2.912438E-02	-8.980825E+01
1.53676875000E+06	2.888515E-02	-8.984853E+01
1.53863750000E+06	2.856705E-02	-8.970344E+01
1.54050625000E+06	2.888607E-02	-8.975743E+01
1.54237500000E+06	2.905368E-02	-8.971057E+01
1.54424375000E+06	2.871828E-02	-8.919189E+01
1.54611250000E+06	2.936272E-02	-8.988489E+01
1.54798125000E+06	2.917964E-02	-8.899919E+01
1.54985000000E+06	2.912599E-02	-8.942648E+01
1.55171875000E+06	2.917320E-02	-8.985052E+01
1.55358750000E+06	2.925105E-02	-8.978375E+01
1.55545625000E+06	2.937169E-02	-8.949243E+01
1.55732500000E+06	2.937146E-02	-8.989292E+01
1.55919375000E+06	2.927600E-02	-9.013819E+01
1.56106250000E+06	2.951093E-02	-8.978958E+01
1.56293125000E+06	2.927256E-02	-8.991193E+01
1.56480000000E+06	2.949413E-02	-8.976523E+01
1.56666875000E+06	2.947431E-02	-8.950263E+01
1.56853750000E+06	2.952032E-02	-8.970062E+01
1.57040625000E+06	2.926662E-02	-8.980984E+01
1.57227500000E+06	2.943633E-02	-8.896175E+01
1.57414375000E+06	2.978704E-02	-8.974615E+01
1.57601250000E+06	2.960341E-02	-8.985654E+01
1.57788125000E+06	2.961302E-02	-8.956485E+01
1.57975000000E+06	2.939860E-02	-9.010436E+01
1.58161875000E+06	2.970154E-02	-8.942485E+01
1.58348750000E+06	2.961162E-02	-8.969393E+01
1.58535625000E+06	2.975025E-02	-8.964177E+01
1.58722500000E+06	2.964584E-02	-8.947440E+01
1.58909375000E+06	2.987860E-02	-8.975823E+01
1.59096250000E+06	2.969544E-02	-9.027379E+01
1.59283125000E+06	2.990839E-02	-9.000536E+01
1.59470000000E+06	2.987080E-02	-8.986813E+01
1.59656875000E+06	2.999262E-02	-9.000680E+01
1.59843750000E+06	3.012089E-02	-9.015533E+01
1.60030625000E+06	2.999225E-02	-8.932361E+01
1.60217500000E+06	2.998433E-02	-8.921414E+01
1.60404375000E+06	3.018436E-02	-8.998917E+01
1.60591250000E+06	3.032068E-02	-8.912295E+01
1.60778125000E+06	3.028289E-02	-8.963229E+01
1.60965000000E+06	3.024370E-02	-8.972691E+01
1.61151875000E+06	3.016407E-02	-8.978793E+01
1.61338750000E+06	3.011670E-02	-8.987272E+01
1.61525625000E+06	3.029286E-02	-8.915616E+01
1.61712500000E+06	3.036690E-02	-8.977254E+01
1.61899375000E+06	3.005394E-02	-8.949881E+01
1.62086250000E+06	3.021212E-02	-8.985678E+01
1.62273125000E+06	3.037714E-02	-8.938951E+01
1.62460000000E+06	3.057749E-02	-8.956822E+01
1.62646875000E+06	3.058905E-02	-8.981806E+01
1.62833750000E+06	3.040570E-02	-8.991766E+01
1.63020625000E+06	3.052478E-02	-8.987292E+01
1.63207500000E+06	3.050283E-02	-8.946066E+01
1.63394375000E+06	3.057786E-02	-8.952305E+01
1.63581250000E+06	3.068815E-02	-8.954481E+01
1.63768125000E+06	3.081416E-02	-8.981650E+01
1.63955000000E+06	3.070085E-02	-8.988627E+01
1.64141875000E+06	3.052566E-02	-9.008224E+01
1.64328750000E+06	3.067963E-02	-8.948955E+01
1.64515625000E+06	3.063312E-02	-8.964647E+01
1.64702500000E+06	3.065109E-02	-8.935860E+01
1.64889375000E+06	3.089593E-02	-8.980543E+01
1.65076250000E+06	3.056111E-02	-8.997899E+01
1.65263125000E+06	3.098276E-02	-9.005939E+01
1.65450000000E+06	3.090524E-02	-9.041551E+01
1.65636875000E+06	3.125510E-02	-8.952882E+01
1.65823750000E+06	3.115780E-02	-8.984441E+01
1.66010625000E+06	3.104928E-02	-8.999857E+01
1.66197500000E+06	3.106631E-02	-9.026376E+01
1.66384375000E+06	3.096877E-02	-9.000590E+01
1.66571250000E+06	3.063928E-02	-9.011132E+01
1.66758125000E+06	3.125550E-02	-9.021625E+01
1.66945000000E+06	3.137859E-02	-8.969193E+01
1.67131875000E+06	3.111596E-02	-8.978304E+01
1.67318750000E+06	3.124733E-02	-9.000227E+01
1.67505625000E+06	3.117851E-02	-8.977168E+01
1.67692500000E+06	3.134679E-02	-8.982248E+01
1.67879375000E+06	3.107524E-02	-9.014545E+01
1.68066250000E+06	3.127471E-02	-8.978585E+01
1.68253125000E+06	3.164593E-02	-9.001531E+01
1.68440000000E+06	3.190312E-02	-9.029511E+01
1.68626875000E+06	3.153424E-02	-8.959160E+01
1.68813750000E+06	3.141318E-02	-8.984898E+01
1.69000625000E+06	3.178447E-02	-8.967877E+01
1.69187500000E+06	3.167717E-02	-8.976803E+01
1.69374375000E+06	3.170970E-02	-8.979058E+01
1.69561250000E+06	3.176937E-02	-9.020288E+01
1.69748125000E+06	3.151641E-02	-8.973611E+01
1.69935000000E+06	3.172961E-02	-8.977726E+01
1.70121875000E+06	3.179340E-02	-8.990973E+01
1.70308750000E+06	3.187926E-02	-8.967719E+01
1.70495625000E+06	3.206158E-02	-9.010477E+01
1.70682500000E+06	3.184510E-02	-8.935031E+01
1.70869375000E+06	3.209422E-02	-8.962618E+01
1.71056250000E+06	3.192412E-02	-8.968482E+01
1.71243125000E+06	3.202126E-02	-9.022385E+01
1.71430000000E+06	3.179502E-02	-8.984785E+01
1.71616875000E+06	3.185578E-02	-9.013486E+01
1.71803750000E+06	3.211898E-02	-8.975623E+01
1.71990625000E+06	3.193645E-02	-8.956806E+01
1.72177500000E+06	3.213819E-02	-8.993966E+01
1.72364375000E+06	3.243231E-02	-8.987128E+01
1.72551250000E+06	3.267151E-02	-8.967137E+01
1.72738125000E+06	3.231922E-02	-8.947333E+01
1.72925000000E+06	3.239625E-02	-8.998624E+01
1.73111875000E+06	3.264203E-02	-9.026293E+01
1.73298750000E+06	3.242277E-02	-9.017911E+01
1.73485625000E+06	3.233452E-02	-8.994105E+01
1.73672500000E+06	3.269702E-02	-8.975784E+01
1.73859375000E+06	3.249544E-02	-9.004517E+01
1.74046250000E+06	3.262299E-02	-8.989481E+01
1.74233125000E+06	3.238583E-02	-8.968977E+01
1.74420000000E+06	3.287203E-02	-8.989385E+01
1.74606875000E+06	3.285650E-02	-9.032633E+01
1.74793750000E+06	3.267513E-02	-9.023213E+01
1.74980625000E+06	3.258861E-02	-9.028916E+01
1.75167500000E+06	3.279428E-02	-8.999479E+01
1.75354375000E+06	3.267798E-02	-8.958606E+01
1.75541250000E+06	3.252672E-02	-9.000906E+01
1.75728125000E+06	3.269942E-02	-8.985292E+01
1.75915000000E+06	3.299676E-02	-8.987312E+01
1.76101875000E+06	3.284674E-02	-9.018001E+01
1.76288750000E+06	3.308216E-02	-8.997482E+01
1.76475625000E+06	3.294505E-02	-8.968059E+01
1.76662500000E+06	3.309263E-02	-8.953516E+01
1.76849375000E+06	3.318901E-02	-9.003132E+01
1.77036250000E+06	3.326373E-02	-8.984974E+01
1.77223125000E+06	3.331069E-02	-8.995461E+01
1.77410000000E+06	3.304582E-02	-8.997518E+01
1.77596875000E+06	3.314997E-02	-9.034695E+01
1.77783750000E+06	3.324083E-02	-8.995411E+01
1.77970625000E+06	3.333759E-02	-9.002518E+01
1.78157500000E+06	3.335738E-02	-8.976205E+01
1.78344375000E+06	3.324734E-02	-8.972240E+01
1.78531250000E+06	3.333498E-02	-8.985838E+01
1.78718125000E+06	3.327912E-02	-9.006394E+01
1.78905000000E+06	3.351847E-02	-9.018845E+01
1.79091875000E+06	3.348123E-02	-9.000423E+01
1.79278750000E+06	3.350832E-02	-8.949090E+01
1.79465625000E+06	3.363489E-02	-9.055245E+01
1.79652500000E+06	3.347020E-02	-8.992642E+01
1.79839375000E+06	3.358433E-02	-9.051822E+01
1.80026250000E+06	3.381323E-02	-9.008727E+01
1.80213125000E+06	3.351412E-02	-8.985835E+01
1.80400000000E+06	3.372624E-02	-9.016760E+01
1.80586875000E+06	3.410768E-02	-9.016782E+01
1.80773750000E+06	3.382068E-02	-8.971930E+01
1.80960625000E+06	3.386474E-02	-8.978904E+01
1.81147500000E+06	3.413873E-02	-9.010139E+01
1.81334375000E+06	3.378600E-02	-8.995995E+01
1.81521250000E+06	3.388296E-02	-9.051792E+01
1.81708125000E+06	3.408748E-02	-9.032576E+01
1.81895000000E+06	3.409751E-02	-8.998153E+01
1.82081875000E+06	3.404545E-02	-9.009757E+01
1.82268750000E+06	3.388461E-02	-9.029327E+01
1.82455625000E+06	3.411924E-02	-9.039604E+01
1.82642500000E+06	3.407162E-02	-8.993551E+01
1.82829375000E+06	3.446803E-02	-9.001582E+01
1.83016250000E+06	3.404700E-02	-9.005769E+01
1.83203125000E+06	3.406569E-02	-8.992960E+01
1.83390000000E+06	3.420498E-02	-9.017161E+01
1.83576875000E+06	3.441181E-02	-8.978274E+01
1.83763750000E+06	3.449535E-02	-9.018165E+01
1.83950625000E+06	3.443120E-02	-8.978580E+01
1.84137500000E+06	3.446938E-02	-8.998064E+01
1.84324375000E+06	3.449864E-02	-9.037661E+01
1.84511250000E+06	3.437654E-02	-9.017996E+01
1.84698125000E+06	3.445783E-02	-9.035792E+01
1.84885000000E+06	3.445957E-02	-8.979043E+01
1.85071875000E+06	3.477568E-02	-8.985048E+01
1.85258750000E+06	3.441467E-02	-9.029095E+01
1.85445625000E+06	3.412971E-02	-9.010660E+01
1.85632500000E+06	3.468788E-02	-9.027838E+01
1.85819375000E+06	3.467171E-02	-9.006371E+01
1.86006250000E+06	3.479245E-02	-9.042953E+01
1.86193125000E+06	3.462652E-02	-9.023728E+01
1.86380000000E+06	3.468901E-02	-8.982847E+01
1.86566875000E+06	3.484613E-02	-8.988367E+01
1.86753750000E+06	3.465435E-02	-9.076430E+01
1.86940625000E+06	3.479001E-02	-9.072758E+01
1.87127500000E+06	3.497030E-02	-9.003385E+01
1.87314375000E+06	3.512191E-02	-9.025682E+01
1.87501250000E+06	3.496997E-02	-9.000479E+01
1.87688125000E+06	3.504188E-02	-8.984677E+01
1.87875000000E+06	3.493067E-02	-9.020956E+01
1.88061875000E+06	3.505348E-02	-9.013925E+01
1.88248750000E+06	3.519277E-02	-9.049828E+01
1.88435625000E+06	3.527896E-02	-8.983648E+01
1.88622500000E+06	3.494538E-02	-9.027226E+01
1.88809375000E+06	3.525644E-02	-9.014559E+01
1.88996250000E+06	3.525350E-02	-9.013982E+01
1.89183125000E+06	3.507483E-02	-9.014571E+01
1.89370000000E+06	3.537881E-02	-9.012332E+01
1.89556875000E+06	3.558033E-02	-9.040813E+01
1.89743750000E+06	3.507949E-02	-9.063080E+01
1.89930625000E+06	3.554310E-02	-9.014510E+01
1.90117500000E+06	3.547637E-02	-9.009737E+01
1.90304375000E+06	3.566405E-02	-9.039961E+01
1.90491250000E+06	3.559039E-02	-9.021241E+01
1.90678125000E+06	3.551338E-02	-9.036154E+01
1.90865000000E+06	3.507594E-02	-9.063278E+01
1.91051875000E+06	3.562262E-02	-9.005513E+01
1.91238750000E+06	3.558053E-02	-9.029601E+01
1.91425625000E+06	3.598072E-02	-9.015439E+01
1.91612500000E+06	3.555878E-02	-8.988696E+01
1.91799375000E+06	3.552952E-02	-9.026630E+01
1.91986250000E+06	3.587066E-02	-9.041010E+01
1.92173125000E+06	3.612111E-02	-9.031961E+01
1.92360000000E+06	3.602067E-02	-9.002099E+01
1.92546875000E+06	3.605802E-02	-9.048383E+01
1.92733750000E+06	3.599689E-02	-9.030865E+01
1.92920625000E+06	3.612232E-02	-9.034869E+01
1.93107500000E+06	3.587072E-02	-9.051027E+01
1.93294375000E+06	3.571046E-02	-9.012721E+01
1.93481250000E+06	3.600111E-02	-9.028458E+01
1.93668125000E+06	3.602133E-02	-9.046153E+01
1.93855000000E+06	3.625842E-02	-8.993655E+01
1.94041875000E+06	3.629625E-02	-8.999000E+01
1.94228750000E+06	3.644493E-02	-9.040810E+01
1.94415625000E+06	3.620306E-02	-9.022221E+01
1.94602500000E+06	3.642137E-02	-9.048656E+01
1.94789375000E+06	3.655644E-02	-9.035339E+01
1.94976250000E+06	3.643995E-02	-9.055676E+01
1.95163125000E+06	3.614284E-02	-9.040633E+01
1.95350000000E+06	3.642677E-02	-9.052959E+01
1.95536875000E+06	3.671030E-02	-9.046227E+01
1.95723750000E+06	3.645878E-02	-9.045595E+01
1.95910625000E+06	3.639679E-02	-9.046978E+01
1.96097500000E+06	3.659639E-02	-9.026186E+01
1.96284375000E+06	3.666702E-02	-9.092039E+01
1.96471250000E+06	3.669661E-02	-9.018842E+01
1.96658125000E+06	3.675638E-02	-9.058577E+01
1.96845000000E+06	3.696020E-02	-9.048102E+01
1.97031875000E+06	3.705632E-02	-9.048206E+01
1.97218750000E+06	3.703426E-02	-9.043365E+01
1.97405625000E+06	3.694602E-02	-9.086667E+01
1.97592500000E+06	3.650510E-02	-9.043345E+01
1.97779375000E+06	3.694986E-02	-9.049915E+01
1.97966250000E+06	3.693566E-02	-8.978224E+01
1.98153125000E+06	3.693924E-02	-9.039225E+01
1.98340000000E+06	3.735145E-02	-9.000494E+01
1.98526875000E+06	3.703265E-02	-9.035892E+01
1.98713750000E+06	3.720941E-02	-9.049580E+01
1.98900625000E+06	3.731618E-02	-9.037643E+01
1.99087500000E+06	3.710393E-02	-9.040141E+01
1.99274375000E+06	3.706860E-02	-9.011920E+01
1.99461250000E+06	3.679138E-02	-9.023067E+01
1.99648125000E+06	3.720933E-02	-9.037595E+01
1.99835000000E+06	3.708681E-02	-9.022713E+01
2.00021875000E+06	3.731378E-02	-9.053329E+01
2.00208750000E+06	3.722525E-02	-9.040639E+01
2.00395625000E+06	3.726861E-02	-9.078036E+01
2.00582500000E+06	3.758032E-02	-9.038474E+01
2.00769375000E+06	3.752251E-02	-9.089791E+01
2.00956250000E+06	3.745621E-02	-9.031222E+01
2.01143125000E+06	3.733621E-02	-9.052151E+01
2.01330000000E+06	3.782226E-02	-9.071479E+01
2.01516875000E+06	3.734678E-02	-9.033215E+01
2.01703750000E+06	3.759298E-02	-9.070107E+01
2.01890625000E+06	3.750537E-02	-9.036015E+01
2.02077500000E+06	3.791896E-02	-9.055741E+01
2.02264375000E+06	3.776298E-02	-9.069667E+01
2.02451250000E+06	3.783835E-02	-9.046750E+01
2.02638125000E+06	3.789510E-02	-8.989095E+01
2.02825000000E+06	3.762115E-02	-9.069609E+01
2.03011875000E+06	3.750286E-02	-9.051455E+01
2.03198750000E+06	3.796734E-02	-9.003638E+01
2.03385625000E+06	3.779058E-02	-9.061511E+01
2.03572500000E+06	3.772926E-02	-9.063473E+01
2.03759375000E+06	3.778168E-02	-9.017300E+01
2.03946250000E+06	3.793186E-02	-9.060583E+01
2.04133125000E+06	3.810284E-02	-9.090788E+01
2.04320000000E+06	3.809042E-02	-9.044726E+01
2.04506875000E+06	3.795891E-02	-9.050484E+01
2.04693750000E+06	3.803489E-02	-9.097551E+01
2.04880625000E+06	3.820089E-02	-9.046052E+01
2.05067500000E+06	3.804394E-02	-9.028515E+01
2.05254375000E+06	3.837528E-02	-9.057111E+01
2.05441250000E+06	3.807258E-02	-9.089692E+01
2.05628125000E+06	3.825902E-02	-9.046867E+01
2.05815000000E+06	3.804325E-02	-9.098912E+01
2.06001875000E+06	3.831526E-02	-9.040105E+01
2.06188750000E+06	3.811719E-02	-9.091231E+01
2.06375625000E+06	3.809691E-02	-9.091879E+01
2.06562500000E+06	3.843026E-02	-9.038274E+01
2.06749375000E+06	3.845787E-02	-9.036765E+01
2.06936250000E+06	3.821281E-02	-9.066204E+01
2.07123125000E+06	3.841511E-02	-9.094534E+01
2.07310000000E+06	3.846065E-02	-9.055773E+01
2.07496875000E+06	3.873295E-02	-9.085613E+01
2.07683750000E+06	3.856888E-02	-9.067344E+01
2.07870625000E+06	3.858315E-02	-9.047985E+01
2.08057500000E+06	3.858469E-02	-9.065412E+01
2.08244375000E+06	3.853921E-02	-9.075541E+01
2.08431250000E+06	3.892418E-02	-9.059348E+01
2.08618125000E+06	3.861818E-02	-9.065132E+01
2.08805000000E+06	3.916670E-02	-9.062334E+01
2.08991875000E+06	3.885976E-02	-9.054923E+01
2.09178750000E+06	3.876784E-02	-9.060610E+01
2.09365625000E+06	3.856866E-02	-9.063038E+01
2.09552500000E+06	3.887887E-02	-9.066402E+01
2.09739375000E+06	3.873015E-02	-9.096660E+01
2.09926250000E+06	3.883937E-02	-9.029182E+01
2.10113125000E+06	3.901448E-02	-9.057593E+01
2.10300000000E+06	3.899848E-02	-9.067227E+01
2.10486875000E+06	3.901993E-02	-9.041789E+01
2.10673750000E+06	3.882157E-02	-9.067530E+01
2.10860625000E+06	3.900918E-02	-9.068157E+01
2.11047500000E+06	3.906547E-02	-9.083439E+01
2.11234375000E+06	3.924880E-02	-9.073283E+01
2.11421250000E+06	3.956442E-02	-9.104491E+01
2.11608125000E+06	3.950331E-02	-9.087608E+01
2.11795000000E+06	3.930290E-02	-9.073685E+01
2.11981875000E+06	3.917174E-02	-9.077494E+01
2.12168750000E+06	3.935125E-02	-9.072077E+01
2.12355625000E+06	3.949390E-02	-9.053371E+01
2.12542500000E+06	3.933743E-02	-9.080418E+01
2.12729375000E+06	3.946054E-02	-9.079357E+01
2.12916250000E+06	3.944346E-02	-9.109007E+01
2.13103125000E+06	3.913297E-02	-9.064699E+01
2.13290000000E+06	3.929586E-02	-9.091928E+01
2.13476875000E+06	3.956174E-02	-9.031532E+01
2.13663750000E+06	3.979586E-02	-9.053182E+01
2.13850625000E+06	3.942025E-02	-9.099168E+01
2.14037500000E+06	3.954075E-02	-9.067858E+01
2.14224375000E+06	3.975367E-02	-9.022110E+01
2.14411250000E+06	3.974823E-02	-9.051640E+01
2.14598125000E+06	3.962723E-02	-9.008423E+01
2.14785000000E+06	3.983433E-02	-9.092107E+01
2.14971875000E+06	4.007730E-02	-9.068686E+01
2.15158750000E+06	3.970789E-02	-9.036193E+01
2.15345625000E+06	3.998762E-02	-9.078235E+01
2.15532500000E+06	4.013406E-02	-9.072272E+01
2.15719375000E+06	3.994779E-02	-9.062168E+01
2.15906250000E+06	3.995863E-02	-9.045955E+01
2.16093125000E+06	4.006984E-02	-9.079630E+01
2.16280000000E+06	4.008312E-02	-9.105997E+01
2.16466875000E+06	3.980983E-02	-9.085887E+01
2.16653750000E+06	3.990742E-02	-9.064998E+01
2.16840625000E+06	4.023446E-02	-9.045258E+01
2.17027500000E+06	3.989745E-02	-9.052198E+01
2.17214375000E+06	4.015493E-02	-9.080304E+01
2.17401250000E+06	4.029058E-02	-9.066235E+01
2.17588125000E+06	4.031691E-02	-9.076322E+01
2.17775000000E+06	4.026954E-02	-9.090924E+01
2.17961875000E+06	4.062350E-02	-9.069739E+01
2.18148750000E+06	4.026271E-02	-9.042460E+01
2.18335625000E+06	4.010954E-02	-9.071245E+01
2.18522500000E+06	4.027494E-02	-9.052563E+01
2.18709375000E+06	4.045884E-02	-9.056709E+01
2.18896250000E+06	4.042569E-02	-9.058716E+01
2.19083125000E+06	4.063154E-02	-9.060586E+01
2.19270000000E+06	4.057335E-02	-9.103614E+01
2.19456875000E+06	4.069788E-02	-9.065558E+01
2.19643750000E+06	4.057599E-02	-9.065774E+01
2.19830625000E+06	4.083892E-02	-9.098212E+01
2.20017500000E+06	4.067338E-02	-9.044227E+01
2.20204375000E+06	4.065166E-02	-9.054339E+01
2.20391250000E+06	4.045577E-02	-9.052705E+01
2.20578125000E+06	4.063917E-02	-9.063083E+01
2.20765000000E+06	4.072946E-02	-9.078085E+01
2.20951875000E+06	4.073114E-02	-9.055293E+01
2.21138750000E+06	4.092041E-02	-9.096302E+01
2.21325625000E+06	4.104549E-02	-9.083672E+01
2.21512500000E+06	4.091928E-02	-9.048464E+01
2.21699375000E+06	4.074174E-02	-9.067432E+01
2.21886250000E+06	4.112746E-02	-9.056802E+01
2.22073125000E+06	4.087475E-02	-9.076543E+01
2.22260000000E+06	4.099735E-02	-9.077727E+01
2.22446875000E+06	4.131597E-02	-9.053258E+01
2.22633750000E+06	4.108936E-02	-9.031189E+01
2.22820625000E+06	4.104755E-02	-9.078716E+01
2.23007500000E+06	4.146381E-02	-9.086942E+01
2.23194375000E+06	4.114708E-02	-9.055432E+01
2.23381250000E+06	4.143474E-02	-9.055118E+01
2.23568125000E+06	4.146912E-02	-9.083145E+01
2.23755000000E+06	4.138048E-02	-9.099654E+01
2.23941875000E+06	4.125785E-02	-9.054708E+01
2.24128750000E+06	4.155882E-02	-9.084888E+01
2.24315625000E+06	4.134930E-02	-9.038213E+01
2.24502500000E+06	4.153140E-02	-9.099394E+01
2.24689375000E+06	4.170277E-02	-9.054068E+01
2.24876250000E+06	4.153084E-02	-9.092156E+01
2.25063125000E+06	4.145137E-02	-9.095757E+01
2.25250000000E+06	4.158385E-02	-9.058693E+01
2.25436875000E+06	4.162678E-02	-9.047769E+01
2.25623750000E+06	4.174086E-02	-9.070943E+01
2.25810625000E+06	4.172226E-02	-9.064351E+01
2.25997500000E+06	4.179839E-02	-9.087108E+01
2.26184375000E+06	4.174223E-02	-9.072559E+01
2.26371250000E+06	4.170948E-02	-9.054196E+01
2.26558125000E+06	4.183197E-02	-9.032542E+01
2.26745000000E+06	4.189392E-02	-8.997841E+01
2.26931875000E+06	4.170651E-02	-9.076254E+01
2.27118750000E+06	4.182725E-02	-9.062849E+01
2.27305625000E+06	4.197884E-02	-9.074409E+01
2.27492500000E+06	4.188787E-02	-9.074944E+01
2.27679375000E+06	4.175867E-02	-9.057420E+01
2.27866250000E+06	4.220121E-02	-9.046259E+01
2.28053125000E+06	4.206429E-02	-9.063698E+01
2.28240000000E+06	4.215211E-02	-9.020686E+01
2.28426875000E+06	4.197204E-02	-9.028948E+01
2.28613750000E+06	4.245042E-02	-9.045176E+01
2.28800625000E+06	4.207192E-02	-9.054559E+01
2.28987500000E+06	4.250523E-02	-9.047442E+01
2.29174375000E+06	4.225391E-02	-9.023466E+01
2.29361250000E+06	4.226988E-02	-9.057486E+01
2.29548125000E+06	4.214218E-02	-9.063461E+01
2.29735000000E+06	4.241798E-02	-9.083864E+01
2.29921875000E+06	4.220219E-02	-9.051272E+01
2.30108750000E+06	4.240881E-02	-9.048055E+01
2.30295625000E+06	4.253327E-02	-9.048891E+01
2.30482500000E+06	4.270991E-02	-9.052439E+01
2.30669375000E+06	4.250634E-02	-9.067868E+01
2.30856250000E+06	4.264477E-02	-9.076727E+01
2.31043125000E+06	4.253454E-02	-9.068169E+01
2.31230000000E+06	4.255763E-02	-9.016586E+01
2.31416875000E+06	4.260289E-02	-9.049841E+01
2.31603750000E+06	4.269041E-02	-9.043012E+01
2.31790625000E+06	4.271948E-02	-9.074481E+01
2.31977500000E+06	4.280864E-02	-9.057961E+01
2.32164375000E+06	4.294221E-02	-9.042726E+01
2.32351250000E+06	4.292404E-02	-9.036626E+01
2.32538125000E+06	4.314948E-02	-8.998009E+01
2.32725000000E+06	4.310628E-02	-9.062911E+01
2.32911875000E+06	4.276458E-02	-9.056262E+01
2.33098750000E+06	4.297151E-02	-9.058495E+01
2.33285625000E+06	4.314504E-02	-9.043118E+01
2.33472500000E+06	4.284973E-02	-9.064499E+01
2.33659375000E+06	4.295000E-02	-9.078382E+01
2.33846250000E+06	4.296913E-02	-9.073423E+01
2.34033125000E+06	4.293908E-02	-9.060460E+01
2.34220000000E+06	4.298345E-02	-9.073487E+01
2.34406875000E+06	4.314650E-02	-9.068482E+01
2.34593750000E+06	4.330153E-02	-9.009924E+01
2.34780625000E+06	4.312580E-02	-9.049899E+01
2.34967500000E+06	4.323606E-02	-9.079445E+01
2.35154375000E+06	4.326585E-02	-9.033846E+01
2.35341250000E+06	4.320688E-02	-9.058186E+01
2.35528125000E+06	4.353189E-02	-9.041195E+01
2.35715000000E+06	4.335647E-02	-9.063638E+01
2.35901875000E+06	4.356033E-02	-9.040603E+01
2.36088750000E+06	4.374193E-02	-9.065254E+01
2.36275625000E+06	4.326881E-02	-9.035162E+01
2.36462500000E+06	4.315954E-02	-9.041476E+01
2.36649375000E+06	4.369740E-02	-9.053526E+01
2.36836250000E+06	4.342186E-02	-9.052917E+01
2.37023125000E+06	4.348981E-02	-9.050299E+01
2.37210000000E+06	4.403991E-02	-9.035995E+01
2.37396875000E+06	4.383895E-02	-9.051524E+01
2.37583750000E+06	4.360319E-02	-9.045204E+01
2.37770625000E+06	4.357979E-02	-9.091747E+01
2.37957500000E+06	4.368327E-02	-9.056425E+01
2.38144375000E+06	4.383304E-02	-9.064143E+01
2.38331250000E+06	4.391412E-02	-9.041364E+01
2.38518125000E+06	4.400283E-02	-9.064166E+01
2.38705000000E+06	4.390801E-02	-9.074252E+01
2.38891875000E+06	4.400555E-02	-9.050483E+01
2.39078750000E+06	4.397134E-02	-9.056902E+01
2.39265625000E+06	4.396710E-02	-9.090911E+01
2.39452500000E+06	4.398780E-02	-9.075697E+01
2.39639375000E+06	4.391102E-02	-9.045673E+01
2.39826250000E+06	4.421854E-02	-9.059592E+01
2.40013125000E+06	4.437265E-02	-9.061571E+01
2.40200000000E+06	4.431696E-02	-9.044230E+01
2.40386875000E+06	4.413484E-02	-9.042231E+01
2.40573750000E+06	4.438723E-02	-9.026263E+01
2.40760625000E+06	4.470324E-02	-9.065909E+01
2.40947500000E+06	4.475066E-02	-9.053434E+01
2.41134375000E+06	4.445351E-02	-9.001263E+01
2.41321250000E+06	4.433703E-02	-9.030109E+01
2.41508125000E+06	4.426644E-02	-9.078565E+01
2.41695000000E+06	4.445702E-02	-9.032403E+01
2.41881875000E+06	4.457587E-02	-9.033676E+01
2.42068750000E+06	4.484219E-02	-9.034722E+01
2.42255625000E+06	4.459203E-02	-9.060535E+01
2.42442500000E+06	4.454654E-02	-8.990116E+01
2.42629375000E+06	4.452714E-02	-9.087754E+01
2.42816250000E+06	4.505657E-02	-9.039227E+01
2.43003125000E+06	4.465223E-02	-9.034915E+01
2.43190000000E+06	4.501620E-02	-9.071534E+01
2.43376875000E+06	4.474350E-02	-9.064780E+01
2.43563750000E+06	4.488681E-02	-9.057165E+01
2.43750625000E+06	4.510545E-02	-9.065646E+01
2.43937500000E+06	4.511039E-02	-9.053835E+01
2.44124375000E+06	4.516714E-02	-9.057296E+01
2.44311250000E+06	4.535802E-02	-9.037933E+01
2.44498125000E+06	4.501665E-02	-9.048324E+01
2.44685000000E+06	4.507071E-02	-9.065405E+01
2.44871875000E+06	4.496840E-02	-9.052079E+01
2.45058750000E+06	4.491485E-02	-9.027571E+01
2.45245625000E+06	4.531063E-02	-9.057442E+01
2.45432500000E+06	4.533475E-02	-9.023271E+01
2.45619375000E+06	4.562802E-02	-9.038956E+01
2.45806250000E+06	4.542707E-02	-9.019417E+01
2.45993125000E+06	4.540987E-02	-9.049910E+01
2.46180000000E+06	4.550803E-02	-9.037770E+01
2.46366875000E+06	4.536504E-02	-9.011370E+01
2.46553750000E+06	4.551840E-02	-9.031309E+01
2.46740625000E+06	4.557395E-02	-9.011945E+01
2.46927500000E+06	4.548681E-02	-9.026736E+01
2.47114375000E+06	4.530457E-02	-9.024245E+01
2.47301250000E+06	4.552488E-02	-9.032719E+01
2.47488125000E+06	4.539433E-02	-9.026822E+01
2.47675000000E+06	4.599730E-02	-9.067865E+01
2.47861875000E+06	4.575547E-02	-9.035443E+01
2.48048750000E+06	4.567179E-02	-9.087008E+01
2.48235625000E+06	4.558750E-02	-9.025394E+01
2.48422500000E+06	4.580824E-02	-9.057960E+01
2.48609375000E+06	4.592858E-02	-9.046808E+01
2.48796250000E+06	4.584428E-02	-9.033517E+01
2.48983125000E+06	4.583432E-02	-9.047273E+01
2.49170000000E+06	4.573515E-02	-9.049426E+01
2.49356875000E+06	4.596645E-02	-9.057840E+01
2.49543750000E+06	4.583519E-02	-9.085383E+01
2.49730625000E+06	4.593738E-02	-9.053400E+01
2.49917500000E+06	4.613656E-02	-9.046375E+01
2.50104375000E+06	4.600634E-02	-9.028884E+01
2.50291250000E+06	4.583316E-02	-9.032056E+01
2.50478125000E+06	4.616039E-02	-9.061543E+01
2.50665000000E+06	4.618280E-02	-9.017259E+01
2.50851875000E+06	4.609914E-02	-9.041972E+01
2.51038750000E+06	4.627486E-02	-9.038186E+01
2.51225625000E+06	4.608774E-02	-9.070081E+01
2.51412500000E+06	4.616978E-02	-9.041248E+01
2.51599375000E+06	4.626456E-02	-9.051211E+01
2.51786250000E+06	4.634424E-02	-9.032236E+01
2.51973125000E+06	4.639894E-02	-9.021690E+01
2.52160000000E+06	4.673641E-02	-9.051856E+01
2.52346875000E+06	4.634087E-02	-9.007126E+01
2.52533750000E+06	4.650732E-02	-9.033683E+01
2.52720625000E+06	4.672075E-02	-9.010278E+01
2.52907500000E+06	4.668811E-02	-9.057204E+01
2.53094375000E+06	4.692334E-02	-9.043319E+01
2.53281250000E+06	4.655060E-02	-9.024114E+01
2.53468125000E+06	4.661241E-02	-9.045281E+01
2.53655000000E+06	4.665421E-02	-9.026891E+01
2.53841875000E+06	4.672782E-02	-9.028024E+01
2.54028750000E+06	4.705864E-02	-9.029195E+01
2.54215625000E+06	4.681543E-02	-9.024676E+01
2.54402500000E+06	4.686678E-02	-9.067659E+01
2.54589375000E+06	4.690510E-02	-9.057493E+01
2.54776250000E+06	4.692325E-02	-9.032887E+01
2.54963125000E+06	4.713613E-02	-9.008987E+01
2.55150000000E+06	4.683967E-02	-9.042944E+01
2.55336875000E+06	4.708985E-02	-9.059660E+01
2.55523750000E+06	4.718067E-02	-9.032378E+01
2.55710625000E+06	4.700025E-02	-9.048238E+01
2.55897500000E+06	4.696092E-02	-9.033917E+01
2.56084375000E+06	4.715685E-02	-9.018488E+01
2.56271250000E+06	4.753521E-02	-9.028173E+01
2.56458125000E+06	4.702760E-02	-9.036669E+01
2.56645000000E+06	4.742305E-02	-9.040037E+01
2.56831875000E+06	4.745936E-02	-9.024513E+01
2.57018750000E+06	4.720009E-02	-9.064295E+01
2.57205625000E+06	4.720123E-02	-9.043513E+01
2.57392500000E+06	4.748794E-02	-9.049164E+01
2.57579375000E+06	4.741505E-02	-9.051130E+01
2.57766250000E+06	4.745605E-02	-9.014848E+01
2.57953125000E+06	4.759429E-02	-9.032775E+01
2.58140000000E+06	4.771353E-02	-9.040921E+01
2.58326875000E+06	4.756853E-02	-9.046894E+01
2.58513750000E+06	4.759385E-02	-9.046694E+01
2.58700625000E+06	4.773241E-02	-9.044434E+01
2.58887500000E+06	4.780412E-02	-9.046866E+01
2.59074375000E+06	4.780848E-02	-9.011180E+01
2.59261250000E+06	4.779279E-02	-9.043356E+01
2.59448125000E+06	4.782131E-02	-9.009622E+01
2.59635000000E+06	4.810121E-02	-9.011594E+01
2.59821875000E+06	4.785130E-02	-9.017548E+01
2.60008750000E+06	4.812402E-02	-9.050593E+01
2.60195625000E+06	4.774287E-02	-9.042802E+01
2.60382500000E+06	4.787135E-02	-9.017043E+01
2.60569375000E+06	4.783945E-02	-9.018901E+01
2.60756250000E+06	4.807765E-02	-9.045250E+01
2.60943125000E+06	4.800086E-02	-9.047127E+01
2.61130000000E+06	4.835399E-02	-9.053265E+01
2.61316875000E+06	4.783562E-02	-9.045422E+01
2.61503750000E+06	4.838823E-02	-9.016953E+01
2.61690625000E+06	4.832164E-02	-9.016992E+01
2.61877500000E+06	4.824129E-02	-9.045063E+01
2.62064375000E+06	4.837226E-02	-9.033458E+01
2.62251250000E+06	4.834950E-02	-9.055866E+01
2.62438125000E+06	4.833646E-02	-9.043858E+01
2.62625000000E+06	4.833746E-02	-9.029189E+01
2.62811875000E+06	4.832271E-02	-9.023232E+01
2.62998750000E+06	4.839845E-02	-9.029308E+01
2.63185625000E+06	4.831059E-02	-9.067791E+01
2.63372500000E+06	4.880559E-02	-9.019699E+01
2.63559375000E+06	4.860364E-02	-9.035555E+01
2.63746250000E+06	4.852243E-02	-8.999725E+01
2.63933125000E+06	4.875302E-02	-9.006689E+01
2.64120000000E+06	4.890056E-02	-9.015597E+01
2.64306875000E+06	4.855371E-02	-9.049160E+01
2.64493750000E+06	4.896537E-02	-9.022604E+01
2.64680625000E+06	4.866321E-02	-9.050070E+01
2.64867500000E+06	4.882403E-02	-9.026233E+01
2.65054375000E+06	4.883879E-02	-9.028989E+01
2.65241250000E+06	4.876212E-02	-9.052055E+01
2.65428125000E+06	4.899529E-02	-9.065782E+01
2.65615000000E+06	4.872913E-02	-9.052314E+01
2.65801875000E+06	4.917909E-02	-9.006729E+01
2.65988750000E+06	4.920791E-02	-9.052799E+01
2.66175625000E+06	4.921582E-02	-9.036755E+01
2.66362500000E+06	4.895597E-02	-9.024518E+01
2.66549375000E+06	4.910258E-02	-9.058775E+01
2.66736250000E+06	4.942080E-02	-9.010723E+01
2.66923125000E+06	4.948877E-02	-9.019334E+01
2.67110000000E+06	4.920996E-02	-9.050143E+01
2.67296875000E+06	4.932299E-02	-9.027893E+01
2.67483750000E+06	4.911238E-02	-9.045413E+01
2.67670625000E+06	4.955606E-02	-9.012076E+01
2.67857500000E+06	4.912158E-02	-9.021032E+01
2.68044375000E+06	4.940801E-02	-9.055918E+01
2.68231250000E+06	4.956800E-02	-9.024352E+01
2.68418125000E+06	4.942753E-02	-9.012309E+01
2.68605000000E+06	4.958105E-02	-9.054350E+01
2.68791875000E+06	4.942460E-02	-9.003886E+01
2.68978750000E+06	4.949232E-02	-9.041468E+01
2.69165625000E+06	4.955115E-02	-9.058492E+01
2.69352500000E+06	4.956293E-02	-9.046039E+01
2.69539375000E+06	4.998444E-02	-9.055389E+01
2.69726250000E+06	5.000124E-02	-9.043291E+01
2.69913125000E+06	4.994107E-02	-9.009344E+01
2.70100000000E+06	4.996692E-02	-9.041812E+01
2.70286875000E+06	5.025909E-02	-9.048750E+01
2.70473750000E+06	4.976904E-02	-9.039085E+01
2.70660625000E+06	4.992751E-02	-9.010346E+01
2.70847500000E+06	4.989683E-02	-9.041737E+01
2.71034375000E+06	5.001251E-02	-9.037836E+01
2.71221250000E+06	5.006745E-02	-9.021896E+01
2.71408125000E+06	4.999810E-02	-9.020246E+01
2.71595000000E+06	5.004526E-02	-9.022115E+01
2.71781875000E+06	4.997694E-02	-9.031577E+01
2.71968750000E+06	5.037737E-02	-9.031523E+01
2.72155625000E+06	5.015789E-02	-9.064203E+01
2.72342500000E+06	5.008600E-02	-9.015702E+01
2.72529375000E+06	5.025926E-02	-9.033957E+01
2.72716250000E+06	5.005293E-02	-9.038485E+01
2.72903125000E+06	5.061956E-02	-9.032981E+01
2.73090000000E+06	5.039911E-02	-9.015132E+01
2.73276875000E+06	5.015236E-02	-8.999947E+01
2.73463750000E+06	5.044127E-02	-9.028473E+01
2.73650625000E+06	5.039631E-02	-9.020068E+01
2.73837500000E+06	5.099920E-02	-9.043422E+01
2.74024375000E+06	5.070656E-02	-9.017876E+01
2.74211250000E+06	5.040357E-02	-9.016843E+01
2.74398125000E+06	5.070746E-02	-9.017877E+01
2.74585000000E+06	5.064511E-02	-9.004149E+01
2.74771875000E+06	5.092213E-02	-9.043059E+01
2.74958750000E+06	5.102175E-02	-9.049149E+01
2.75145625000E+06	5.080269E-02	-9.009129E+01
2.75332500000E+06	5.107301E-02	-9.033784E+01
2.75519375000E+06	5.093905E-02	-9.032056E+01
2.75706250000E+06	5.083350E-02	-9.029163E+01
2.75893125000E+06	5.090141E-02	-9.018965E+01
2.76080000000E+06	5.090990E-02	-9.052475E+01
2.76266875000E+06	5.072478E-02	-9.031013E+01
2.76453750000E+06	5.073720E-02	-9.043039E+01
2.76640625000E+06	5.129744E-02	-9.023589E+01
2.76827500000E+06	5.094329E-02	-9.029089E+01
2.77014375000E+06	5.105941E-02	-9.012113E+01
2.77201250000E+06	5.114252E-02	-9.023157E+01
2.77388125000E+06	5.142829E-02	-9.032240E+01
2.77575000000E+06	5.148771E-02	-9.029699E+01
2.77761875000E+06	5.144945E-02	-9.016621E+01
2.77948750000E+06	5.137830E-02	-9.024346E+01
2.78135625000E+06	5.132640E-02	-9.030925E+01
2.78322500000E+06	5.162366E-02	-9.063545E+01
2.78509375000E+06	5.168190E-02	-9.002997E+01
2.78696250000E+06	5.170157E-02	-9.066205E+01
2.78883125000E+06	5.148523E-02	-9.012688E+01
2.79070000000E+06	5.164594E-02	-9.024921E+01
2.79256875000E+06	5.185547E-02	-9.042664E+01
2.79443750000E+06	5.161798E-02	-9.022194E+01
2.79630625000E+06	5.188813E-02	-9.016746E+01
2.79817500000E+06	5.182778E-02	-9.018015E+01
2.80004375000E+06	5.164720E-02	-9.041205E+01
2.80191250000E+06	5.203388E-02	-9.037652E+01
2.80378125000E+06	5.180334E-02	-9.008240E+01
2.80565000000E+06	5.184161E-02	-9.023038E+01
2.80751875000E+06	5.192807E-02	-9.019994E+01
2.80938750000E+06	5.180055E-02	-9.000745E+01
2.81125625000E+06	5.207029E-02	-9.021503E+01
2.81312500000E+06	5.202312E-02	-9.020731E+01
2.81499375000E+06	5.200680E-02	-9.026373E+01
2.81686250000E+06	5.214964E-02	-9.019382E+01
2.81873125000E+06	5.224273E-02	-9.037151E+01
2.82060000000E+06	5.220437E-02	-9.036725E+01
2.82246875000E+06	5.239056E-02	-9.021131E+01
2.82433750000E+06	5.254807E-02	-9.009943E+01
2.82620625000E+06	5.232617E-02	-9.017421E+01
2.82807500000E+06	5.257772E-02	-9.047243E+01
2.82994375000E+06	5.243121E-02	-9.021272E+01
2.83181250000E+06	5.235699E-02	-9.021850E+01
2.83368125000E+06	5.214837E-02	-9.024297E+01
2.83555000000E+06	5.246335E-02	-9.026101E+01
2.83741875000E+06	5.269187E-02	-9.031412E+01
2.83928750000E+06	5.227986E-02	-9.046786E+01
2.84115625000E+06	5.252112E-02	-9.032528E+01
2.84302500000E+06	5.274808E-02	-9.015977E+01
2.84489375000E+06	5.267144E-02	-9.017748E+01
2.84676250000E+06	5.279354E-02	-9.039054E+01
2.84863125000E+06	5.270892E-02	-9.035402E+01
2.85050000000E+06	5.284006E-02	-9.010170E+01
2.85236875000E+06	5.311983E-02	-9.064169E+01
2.85423750000E+06	5.276526E-02	-9.017748E+01
2.85610625000E+06	5.306848E-02	-8.996227E+01
2.85797500000E+06	5.307825E-02	-9.017104E+01
2.85984375000E+06	5.299540E-02	-9.011060E+01
2.86171250000E+06	5.309685E-02	-9.011612E+01
2.86358125000E+06	5.310360E-02	-9.032451E+01
2.86545000000E+06	5.314229E-02	-9.015221E+01
2.86731875000E+06	5.306192E-02	-9.006734E+01
2.86918750000E+06	5.348047E-02	-8.983281E+01
2.87105625000E+06	5.301667E-02	-9.039273E+01
2.87292500000E+06	5.344271E-02	-9.009906E+01
2.87479375000E+06	5.307529E-02	-9.021528E+01
2.87666250000E+06	5.351111E-02	-9.001003E+01
2.87853125000E+06	5.327805E-02	-9.013103E+01
2.88040000000E+06	5.343949E-02	-9.015735E+01
2.88226875000E+06	5.364497E-02	-9.019704E+01
2.88413750000E+06	5.331816E-02	-8.977600E+01
2.88600625000E+06	5.328441E-02	-8.995184E+01
2.88787500000E+06	5.333510E-02	-9.020607E+01
2.88974375000E+06	5.380917E-02	-9.018197E+01
2.89161250000E+06	5.356633E-02	-9.009850E+01
2.89348125000E+06	5.366187E-02	-9.051617E+01
2.89535000000E+06	5.378540E-02	-9.005172E+01
2.89721875000E+06	5.371811E-02	-9.008429E+01
2.89908750000E+06	5.380978E-02	-9.039646E+01
2.90095625000E+06	5.370155E-02	-9.024931E+01
2.90282500000E+06	5.356782E-02	-9.017915E+01
2.90469375000E+06	5.386145E-02	-9.033781E+01
2.90656250000E+06	5.393139E-02	-9.002784E+01
2.90843125000E+06	5.391037E-02	-9.015759E+01
2.91030000000E+06	5.404402E-02	-9.003368E+01
2.91216875000E+06	5.395409E-02	-9.023594E+01
2.91403750000E+06	5.393342E-02	-9.041695E+01
2.91590625000E+06	5.402224E-02	-9.016167E+01
2.91777500000E+06	5.430628E-02	-9.023200E+01
2.91964375000E+06	5.425262E-02	-9.022647E+01
2.92151250000E+06	5.430207E-02	-9.052589E+01
2.92338125000E+06	5.439416E-02	-9.019347E+01
2.92525000000E+06	5.442701E-02	-9.000853E+01
2.92711875000E+06	5.434763E-02	-9.025978E+01
2.92898750000E+06	5.416576E-02	-9.033397E+01
2.93085625000E+06	5.456014E-02	-8.999677E+01
2.93272500000E+06	5.454672E-02	-9.029343E+01
2.93459375000E+06	5.453872E-02	-9.013461E+01
2.93646250000E+06	5.440799E-02	-9.008050E+01
2.93833125000E+06	5.462610E-02	-9.038563E+01
2.94020000000E+06	5.453109E-02	-9.014867E+01
2.94206875000E+06	5.462836E-02	-9.002785E+01
2.94393750000E+06	5.469138E-02	-9.024242E+01
2.94580625000E+06	5.471781E-02	-9.014854E+01
2.94767500000E+06	5.491701E-02	-9.000402E+01
2.94954375000E+06	5.478432E-02	-9.023952E+01
2.95141250000E+06	5.485158E-02	-9.024145E+01
2.95328125000E+06	5.440585E-02	-9.037571E+01
2.95515000000E+06	5.486578E-02	-9.035577E+01
2.95701875000E+06	5.519390E-02	-9.024330E+01
2.95888750000E+06	5.486536E-02	-9.017274E+01
2.96075625000E+06	5.515462E-02	-9.015366E+01
2.96262500000E+06	5.502702E-02	-9.033138E+01
2.96449375000E+06	5.500348E-02	-9.004061E+01
2.96636250000E+06	5.509108E-02	-9.012176E+01
2.96823125000E+06	5.481175E-02	-9.026305E+01
2.97010000000E+06	5.523832E-02	-8.995830E+01
2.97196875000E+06	5.530790E-02	-9.001737E+01
2.97383750000E+06	5.525511E-02	-9.013287E+01
2.97570625000E+06	5.485396E-02	-8.984005E+01
2.97757500000E+06	5.542477E-02	-9.040373E+01
2.97944375000E+06	5.531126E-02	-9.007407E+01
2.98131250000E+06	5.546139E-02	-9.043298E+01
2.98318125000E+06	5.541297E-02	-9.008198E+01
2.98505000000E+06	5.550441E-02	-9.025053E+01
2.98691875000E+06	5.545402E-02	-8.992242E+01
2.98878750000E+06	5.563604E-02	-9.022190E+01
2.99065625000E+06	5.561114E-02	-9.040128E+01
2.99252500000E+06	5.569895E-02	-9.042178E+01
2.99439375000E+06	5.554111E-02	-9.026732E+01
2.99626250000E+06	5.592099E-02	-9.026595E+01
2.99813125000E+06	5.581153E-02	-9.006741E+01
3.00000000000E+06	5.577366E-02	-9.023551E+01
