"E5100A REV3.14"
"DATE: Jun 28 2004"



"CHANNEL: 2"
"MEASURE TYPE: AR"
"FORMAT TYPE: LINMP"
"NUMBER of POINTS: 1601"
"SWEEP TIME:  3.458 s"
"SWEEP TYPE: LINF"
"SOURCE POWER: 0 dBm"
"IF BANDWIDTH: 500 Hz"

"Frequency"	"Main Array"	"Sub Array"
1.00000000000E+04	1.031248E-01	-9.797826E+01
1.18687500000E+04	1.982374E-02	-4.731059E+01
1.37375000000E+04	4.559110E-02	-5.232286E+01
1.56062500000E+04	4.037140E-02	-2.497574E+01
1.74750000000E+04	5.257333E-02	-3.789806E+01
1.93437500000E+04	4.592651E-02	-4.436600E+01
2.12125000000E+04	4.065774E-02	-4.138692E+01
2.30812500000E+04	4.191921E-02	-5.136576E+01
2.49500000000E+04	4.124105E-02	-4.895218E+01
2.68187500000E+04	3.572129E-02	-4.711053E+01
2.86875000000E+04	3.653662E-02	-5.160592E+01
3.05562500000E+04	3.536521E-02	-5.141898E+01
3.24250000000E+04	3.276810E-02	-5.630403E+01
3.42937500000E+04	3.363989E-02	-5.407336E+01
3.61625000000E+04	3.287034E-02	-5.628537E+01
3.80312500000E+04	3.006338E-02	-5.810203E+01
3.99000000000E+04	2.802974E-02	-5.781983E+01
4.17687500000E+04	2.670053E-02	-6.134305E+01
4.36375000000E+04	2.795869E-02	-6.646014E+01
4.55062500000E+04	2.573591E-02	-6.118394E+01
4.73750000000E+04	2.520181E-02	-5.961610E+01
4.92437500000E+04	2.257967E-02	-6.355267E+01
5.11125000000E+04	2.177649E-02	-6.412354E+01
5.29812500000E+04	1.983913E-02	-6.263794E+01
5.48500000000E+04	1.684951E-02	-6.380336E+01
5.67187500000E+04	1.895163E-02	-5.738334E+01
5.85875000000E+04	1.816269E-02	-6.185791E+01
6.04562500000E+04	1.700679E-02	-5.849254E+01
6.23250000000E+04	1.593452E-02	-6.002257E+01
6.41937500000E+04	1.502602E-02	-5.222386E+01
6.60625000000E+04	1.536749E-02	-5.897347E+01
6.79312500000E+04	1.402245E-02	-4.900476E+01
6.98000000000E+04	1.374140E-02	-4.653943E+01
7.16687500000E+04	1.476386E-02	-4.245201E+01
7.35375000000E+04	1.549219E-02	-3.996757E+01
7.54062500000E+04	1.585376E-02	-3.675779E+01
7.72750000000E+04	1.642067E-02	-3.746615E+01
7.91437500000E+04	1.748566E-02	-3.712643E+01
8.10125000000E+04	1.884958E-02	-3.718451E+01
8.28812500000E+04	1.923594E-02	-3.815726E+01
8.47500000000E+04	1.964751E-02	-4.135878E+01
8.66187500000E+04	1.956981E-02	-4.152995E+01
8.84875000000E+04	2.024277E-02	-4.536860E+01
9.03562500000E+04	1.922259E-02	-4.116697E+01
9.22250000000E+04	1.921275E-02	-4.870150E+01
9.40937500000E+04	2.009017E-02	-4.983537E+01
9.59625000000E+04	2.000505E-02	-5.126442E+01
9.78312500000E+04	1.940130E-02	-5.176700E+01
9.97000000000E+04	1.972016E-02	-5.601315E+01
1.01568750000E+05	1.867452E-02	-5.681306E+01
1.03437500000E+05	1.862303E-02	-5.668062E+01
1.05306250000E+05	1.527958E-02	-6.134161E+01
1.07175000000E+05	1.827094E-02	-5.676345E+01
1.09043750000E+05	1.788793E-02	-5.917964E+01
1.10912500000E+05	2.213687E-02	-5.863907E+01
1.12781250000E+05	1.760482E-02	-5.958636E+01
1.14650000000E+05	1.696413E-02	-5.883893E+01
1.16518750000E+05	1.708349E-02	-6.017643E+01
1.18387500000E+05	1.619860E-02	-6.163852E+01
1.20256250000E+05	1.626184E-02	-6.242525E+01
1.22125000000E+05	1.652063E-02	-6.189410E+01
1.23993750000E+05	1.551756E-02	-6.369423E+01
1.25862500000E+05	1.546539E-02	-6.214310E+01
1.27731250000E+05	1.493875E-02	-6.275348E+01
1.29600000000E+05	1.560130E-02	-6.357947E+01
1.31468750000E+05	1.564069E-02	-6.733768E+01
1.33337500000E+05	1.434628E-02	-7.096883E+01
1.35206250000E+05	1.442751E-02	-6.776743E+01
1.37075000000E+05	1.367378E-02	-6.416277E+01
1.38943750000E+05	1.383023E-02	-6.224580E+01
1.40812500000E+05	1.688775E-02	-6.472966E+01
1.42681250000E+05	1.446797E-02	-6.508134E+01
1.44550000000E+05	1.430782E-02	-6.736517E+01
1.46418750000E+05	1.416210E-02	-6.851142E+01
1.48287500000E+05	1.361996E-02	-6.887639E+01
1.50156250000E+05	1.349008E-02	-6.926749E+01
1.52025000000E+05	1.266071E-02	-6.763605E+01
1.53893750000E+05	1.302448E-02	-6.919456E+01
1.55762500000E+05	1.324293E-02	-6.895942E+01
1.57631250000E+05	1.314025E-02	-6.870740E+01
1.59500000000E+05	1.317342E-02	-6.660603E+01
1.61368750000E+05	1.250807E-02	-6.881052E+01
1.63237500000E+05	1.286504E-02	-6.753592E+01
1.65106250000E+05	1.255818E-02	-6.980006E+01
1.66975000000E+05	1.140203E-02	-5.967439E+01
1.68843750000E+05	1.265208E-02	-6.843060E+01
1.70712500000E+05	1.180489E-02	-6.934840E+01
1.72581250000E+05	1.182112E-02	-7.224075E+01
1.74450000000E+05	1.207804E-02	-7.001315E+01
1.76318750000E+05	1.144395E-02	-7.018871E+01
1.78187500000E+05	1.134022E-02	-7.261227E+01
1.80056250000E+05	1.167389E-02	-7.027754E+01
1.81925000000E+05	1.182889E-02	-7.434280E+01
1.83793750000E+05	1.148558E-02	-7.123056E+01
1.85662500000E+05	1.166884E-02	-7.203345E+01
1.87531250000E+05	1.164278E-02	-7.112287E+01
1.89400000000E+05	1.095867E-02	-7.223669E+01
1.91268750000E+05	1.103768E-02	-7.053860E+01
1.93137500000E+05	1.114203E-02	-7.034906E+01
1.95006250000E+05	1.099263E-02	-7.113090E+01
1.96875000000E+05	1.123097E-02	-7.073030E+01
1.98743750000E+05	1.076897E-02	-7.114780E+01
2.00612500000E+05	9.976300E-03	-7.293414E+01
2.02481250000E+05	1.057306E-02	-7.191818E+01
2.04350000000E+05	1.037536E-02	-6.861841E+01
2.06218750000E+05	9.921958E-03	-7.304644E+01
2.08087500000E+05	1.027270E-02	-7.127814E+01
2.09956250000E+05	1.060495E-02	-7.444926E+01
2.11825000000E+05	9.825943E-03	-7.285921E+01
2.13693750000E+05	9.697061E-03	-7.228027E+01
2.15562500000E+05	9.625844E-03	-7.005402E+01
2.17431250000E+05	1.001223E-02	-7.257963E+01
2.19300000000E+05	9.848556E-03	-7.355741E+01
2.21168750000E+05	9.913720E-03	-7.051363E+01
2.23037500000E+05	9.630846E-03	-7.354077E+01
2.24906250000E+05	9.824911E-03	-7.201812E+01
2.26775000000E+05	1.026965E-02	-7.328027E+01
2.28643750000E+05	9.690982E-03	-7.197346E+01
2.30512500000E+05	9.817098E-03	-7.186098E+01
2.32381250000E+05	9.448811E-03	-7.256731E+01
2.34250000000E+05	9.738309E-03	-7.173582E+01
2.36118750000E+05	9.741371E-03	-7.458944E+01
2.37987500000E+05	9.948597E-03	-7.523129E+01
2.39856250000E+05	9.702342E-03	-7.331908E+01
2.41725000000E+05	1.029342E-02	-7.184875E+01
2.43593750000E+05	1.008096E-02	-7.484991E+01
2.45462500000E+05	1.027380E-02	-7.274437E+01
2.47331250000E+05	1.036325E-02	-7.675364E+01
2.49200000000E+05	1.030083E-02	-7.715489E+01
2.51068750000E+05	9.450949E-03	-7.807343E+01
2.52937500000E+05	9.585927E-03	-8.221190E+01
2.54806250000E+05	9.772272E-03	-8.046014E+01
2.56675000000E+05	9.967519E-03	-8.207278E+01
2.58543750000E+05	9.084363E-03	-8.027943E+01
2.60412500000E+05	9.432963E-03	-8.222065E+01
2.62281250000E+05	8.823700E-03	-8.212199E+01
2.64150000000E+05	8.588007E-03	-8.073914E+01
2.66018750000E+05	8.611829E-03	-8.398252E+01
2.67887500000E+05	8.379236E-03	-8.556799E+01
2.69756250000E+05	8.535830E-03	-8.285695E+01
2.71625000000E+05	8.527195E-03	-8.139929E+01
2.73493750000E+05	8.186527E-03	-8.118435E+01
2.75362500000E+05	8.173493E-03	-8.372314E+01
2.77231250000E+05	8.206489E-03	-8.347908E+01
2.79100000000E+05	8.435066E-03	-8.567531E+01
2.80968750000E+05	7.629151E-03	-8.445342E+01
2.82837500000E+05	7.972221E-03	-8.192786E+01
2.84706250000E+05	7.895651E-03	-8.621711E+01
2.86575000000E+05	7.865014E-03	-8.220297E+01
2.88443750000E+05	7.350302E-03	-8.368478E+01
2.90312500000E+05	7.546935E-03	-8.101187E+01
2.92181250000E+05	7.941645E-03	-8.203120E+01
2.94050000000E+05	7.246003E-03	-8.194324E+01
2.95918750000E+05	7.471188E-03	-7.924514E+01
2.97787500000E+05	7.776801E-03	-8.052367E+01
2.99656250000E+05	7.417243E-03	-8.167746E+01
3.01525000000E+05	7.231591E-03	-8.321368E+01
3.03393750000E+05	7.553810E-03	-8.222903E+01
3.05262500000E+05	7.095384E-03	-7.785989E+01
3.07131250000E+05	7.095603E-03	-8.085821E+01
3.09000000000E+05	7.172654E-03	-8.233940E+01
3.10868750000E+05	7.104399E-03	-8.289591E+01
3.12737500000E+05	7.341879E-03	-8.266388E+01
3.14606250000E+05	6.611165E-03	-8.164996E+01
3.16475000000E+05	6.801347E-03	-8.134799E+01
3.18343750000E+05	6.910648E-03	-8.085509E+01
3.20212500000E+05	7.071702E-03	-8.170259E+01
3.22081250000E+05	6.892992E-03	-8.347628E+01
3.23950000000E+05	6.887450E-03	-8.040034E+01
3.25818750000E+05	6.798091E-03	-8.231458E+01
3.27687500000E+05	6.801366E-03	-7.981380E+01
3.29556250000E+05	6.575783E-03	-8.025798E+01
3.31425000000E+05	6.833257E-03	-8.177623E+01
3.33293750000E+05	6.638742E-03	-7.871461E+01
3.35162500000E+05	7.030360E-03	-7.806252E+01
3.37031250000E+05	6.775578E-03	-8.126072E+01
3.38900000000E+05	6.656221E-03	-8.101615E+01
3.40768750000E+05	6.600813E-03	-7.869327E+01
3.42637500000E+05	6.762523E-03	-7.974916E+01
3.44506250000E+05	6.597287E-03	-7.790675E+01
3.46375000000E+05	6.636417E-03	-8.228320E+01
3.48243750000E+05	6.138925E-03	-8.138875E+01
3.50112500000E+05	6.544269E-03	-7.491822E+01
3.51981250000E+05	6.333563E-03	-8.038235E+01
3.53850000000E+05	6.569554E-03	-7.844456E+01
3.55718750000E+05	6.208204E-03	-8.136141E+01
3.57587500000E+05	6.114452E-03	-7.857547E+01
3.59456250000E+05	6.347715E-03	-8.225911E+01
3.61325000000E+05	6.173004E-03	-8.143278E+01
3.63193750000E+05	6.274282E-03	-8.322224E+01
3.65062500000E+05	6.331393E-03	-8.243128E+01
3.66931250000E+05	6.401210E-03	-7.855446E+01
3.68800000000E+05	6.194858E-03	-7.912144E+01
3.70668750000E+05	6.294665E-03	-8.222716E+01
3.72537500000E+05	6.374337E-03	-8.127149E+01
3.74406250000E+05	6.192806E-03	-8.284922E+01
3.76275000000E+05	6.326946E-03	-8.035529E+01
3.78143750000E+05	6.016293E-03	-7.893733E+01
3.80012500000E+05	6.004482E-03	-7.956823E+01
3.81881250000E+05	6.053829E-03	-7.914405E+01
3.83750000000E+05	5.835186E-03	-8.044475E+01
3.85618750000E+05	6.022207E-03	-7.865771E+01
3.87487500000E+05	6.009249E-03	-7.879102E+01
3.89356250000E+05	6.093084E-03	-8.421176E+01
3.91225000000E+05	5.995550E-03	-8.134816E+01
3.93093750000E+05	6.030805E-03	-8.087085E+01
3.94962500000E+05	6.041302E-03	-8.109028E+01
3.96831250000E+05	5.996231E-03	-7.909375E+01
3.98700000000E+05	5.700803E-03	-8.037360E+01
4.00568750000E+05	5.805690E-03	-8.006281E+01
4.02437500000E+05	5.953012E-03	-7.960077E+01
4.04306250000E+05	5.707039E-03	-7.866019E+01
4.06175000000E+05	5.898026E-03	-8.047580E+01
4.08043750000E+05	5.864736E-03	-8.041486E+01
4.09912500000E+05	5.961603E-03	-8.067667E+01
4.11781250000E+05	5.601437E-03	-8.039395E+01
4.13650000000E+05	5.660115E-03	-7.999508E+01
4.15518750000E+05	5.885637E-03	-7.958006E+01
4.17387500000E+05	5.754163E-03	-8.305741E+01
4.19256250000E+05	5.835216E-03	-7.879227E+01
4.21125000000E+05	5.992816E-03	-8.098730E+01
4.22993750000E+05	5.581048E-03	-7.903169E+01
4.24862500000E+05	5.745915E-03	-8.111140E+01
4.26731250000E+05	5.848868E-03	-8.123305E+01
4.28600000000E+05	5.736426E-03	-8.062712E+01
4.30468750000E+05	5.412113E-03	-8.055097E+01
4.32337500000E+05	5.711314E-03	-7.939004E+01
4.34206250000E+05	5.585834E-03	-8.316115E+01
4.36075000000E+05	5.696022E-03	-7.716416E+01
4.37943750000E+05	5.751954E-03	-8.242801E+01
4.39812500000E+05	5.871037E-03	-7.988182E+01
4.41681250000E+05	5.784426E-03	-7.916470E+01
4.43550000000E+05	5.683611E-03	-7.974680E+01
4.45418750000E+05	5.496100E-03	-7.940756E+01
4.47287500000E+05	5.471930E-03	-7.847160E+01
4.49156250000E+05	5.545394E-03	-7.979898E+01
4.51025000000E+05	5.608345E-03	-8.172528E+01
4.52893750000E+05	5.427579E-03	-7.943832E+01
4.54762500000E+05	5.415096E-03	-7.729633E+01
4.56631250000E+05	5.759379E-03	-8.123167E+01
4.58500000000E+05	5.570489E-03	-7.956641E+01
4.60368750000E+05	5.580204E-03	-7.915623E+01
4.62237500000E+05	5.375191E-03	-8.180656E+01
4.64106250000E+05	5.483935E-03	-8.060130E+01
4.65975000000E+05	5.691312E-03	-8.245464E+01
4.67843750000E+05	5.615500E-03	-8.079978E+01
4.69712500000E+05	5.663177E-03	-7.988766E+01
4.71581250000E+05	5.731324E-03	-8.164513E+01
4.73450000000E+05	5.251934E-03	-8.043321E+01
4.75318750000E+05	5.371764E-03	-8.000072E+01
4.77187500000E+05	5.463138E-03	-7.934209E+01
4.79056250000E+05	5.630043E-03	-8.248931E+01
4.80925000000E+05	5.672105E-03	-8.067474E+01
4.82793750000E+05	5.317816E-03	-7.947292E+01
4.84662500000E+05	5.622349E-03	-8.071687E+01
4.86531250000E+05	5.792592E-03	-7.845942E+01
4.88400000000E+05	5.649631E-03	-8.077878E+01
4.90268750000E+05	5.666070E-03	-8.046312E+01
4.92137500000E+05	5.728639E-03	-8.202353E+01
4.94006250000E+05	5.396410E-03	-8.197491E+01
4.95875000000E+05	5.718679E-03	-8.213060E+01
4.97743750000E+05	5.512649E-03	-8.324488E+01
4.99612500000E+05	5.049612E-03	-8.018443E+01
5.01481250000E+05	5.580704E-03	-8.300197E+01
5.03350000000E+05	5.242655E-03	-8.099242E+01
5.05218750000E+05	5.669700E-03	-8.424426E+01
5.07087500000E+05	5.681484E-03	-8.268627E+01
5.08956250000E+05	5.603586E-03	-8.507607E+01
5.10825000000E+05	5.440322E-03	-8.204047E+01
5.12693750000E+05	5.278358E-03	-8.228651E+01
5.14562500000E+05	5.175313E-03	-8.470679E+01
5.16431250000E+05	5.462319E-03	-8.127851E+01
5.18300000000E+05	5.273968E-03	-8.401033E+01
5.20168750000E+05	5.286272E-03	-8.768054E+01
5.22037500000E+05	5.358995E-03	-8.588672E+01
5.23906250000E+05	5.419970E-03	-8.548177E+01
5.25775000000E+05	5.254396E-03	-8.741267E+01
5.27643750000E+05	5.248121E-03	-8.696677E+01
5.29512500000E+05	5.334562E-03	-8.874463E+01
5.31381250000E+05	5.302130E-03	-8.545898E+01
5.33250000000E+05	5.163306E-03	-8.470315E+01
5.35118750000E+05	4.997428E-03	-8.524799E+01
5.36987500000E+05	5.170877E-03	-8.676395E+01
5.38856250000E+05	5.064773E-03	-8.316911E+01
5.40725000000E+05	5.225927E-03	-8.542617E+01
5.42593750000E+05	4.952362E-03	-8.375591E+01
5.44462500000E+05	5.116329E-03	-8.540638E+01
5.46331250000E+05	4.927686E-03	-8.513065E+01
5.48200000000E+05	4.852055E-03	-8.609796E+01
5.50068750000E+05	5.019424E-03	-8.573520E+01
5.51937500000E+05	4.832114E-03	-8.409930E+01
5.53806250000E+05	5.002236E-03	-8.590907E+01
5.55675000000E+05	4.759269E-03	-8.645602E+01
5.57543750000E+05	4.755937E-03	-8.343307E+01
5.59412500000E+05	4.960543E-03	-8.578683E+01
5.61281250000E+05	4.802058E-03	-8.178467E+01
5.63150000000E+05	4.854378E-03	-8.309909E+01
5.65018750000E+05	4.834672E-03	-8.420804E+01
5.66887500000E+05	4.791415E-03	-8.438686E+01
5.68756250000E+05	4.732918E-03	-8.264572E+01
5.70625000000E+05	4.962421E-03	-8.505641E+01
5.72493750000E+05	4.726609E-03	-8.431283E+01
5.74362500000E+05	4.885676E-03	-8.330133E+01
5.76231250000E+05	4.627728E-03	-8.482487E+01
5.78100000000E+05	4.914008E-03	-8.630106E+01
5.79968750000E+05	4.755212E-03	-8.427165E+01
5.81837500000E+05	4.666591E-03	-8.545815E+01
5.83706250000E+05	4.675170E-03	-8.456960E+01
5.85575000000E+05	4.608878E-03	-8.589956E+01
5.87443750000E+05	4.703897E-03	-8.420432E+01
5.89312500000E+05	4.879220E-03	-8.597126E+01
5.91181250000E+05	4.686450E-03	-8.389047E+01
5.93050000000E+05	4.519712E-03	-8.346956E+01
5.94918750000E+05	4.724822E-03	-8.470592E+01
5.96787500000E+05	4.603513E-03	-8.550227E+01
5.98656250000E+05	4.790518E-03	-8.342731E+01
6.00525000000E+05	4.726642E-03	-8.341884E+01
6.02393750000E+05	4.603403E-03	-8.290362E+01
6.04262500000E+05	4.805879E-03	-8.308446E+01
6.06131250000E+05	4.740467E-03	-8.404520E+01
6.08000000000E+05	4.470988E-03	-8.301535E+01
6.09868750000E+05	4.747669E-03	-8.106686E+01
6.11737500000E+05	4.629077E-03	-8.533764E+01
6.13606250000E+05	4.815838E-03	-8.253239E+01
6.15475000000E+05	4.450978E-03	-8.469166E+01
6.17343750000E+05	4.403602E-03	-8.417693E+01
6.19212500000E+05	4.760620E-03	-8.314590E+01
6.21081250000E+05	4.617090E-03	-8.411644E+01
6.22950000000E+05	4.663652E-03	-8.570993E+01
6.24818750000E+05	4.692378E-03	-8.456843E+01
6.26687500000E+05	4.685307E-03	-8.180095E+01
6.28556250000E+05	4.578161E-03	-8.247489E+01
6.30425000000E+05	4.576974E-03	-8.420416E+01
6.32293750000E+05	4.842552E-03	-8.497382E+01
6.34162500000E+05	4.579937E-03	-8.366837E+01
6.36031250000E+05	4.567183E-03	-8.340820E+01
6.37900000000E+05	4.598242E-03	-8.574128E+01
6.39768750000E+05	4.698885E-03	-8.355606E+01
6.41637500000E+05	4.417685E-03	-8.278886E+01
6.43506250000E+05	4.584798E-03	-8.412933E+01
6.45375000000E+05	4.440021E-03	-8.685558E+01
6.47243750000E+05	4.568079E-03	-8.251047E+01
6.49112500000E+05	4.627014E-03	-8.507709E+01
6.50981250000E+05	4.525084E-03	-8.356037E+01
6.52850000000E+05	4.618668E-03	-8.224473E+01
6.54718750000E+05	4.537245E-03	-8.339761E+01
6.56587500000E+05	4.667012E-03	-8.660823E+01
6.58456250000E+05	4.374722E-03	-8.265257E+01
6.60325000000E+05	4.433552E-03	-8.290404E+01
6.62193750000E+05	4.672762E-03	-8.233147E+01
6.64062500000E+05	4.463537E-03	-8.295225E+01
6.65931250000E+05	4.588481E-03	-8.549918E+01
6.67800000000E+05	4.623261E-03	-8.358422E+01
6.69668750000E+05	4.387218E-03	-8.137656E+01
6.71537500000E+05	4.504747E-03	-8.225247E+01
6.73406250000E+05	4.505464E-03	-8.364310E+01
6.75275000000E+05	4.482788E-03	-8.435443E+01
6.77143750000E+05	4.641924E-03	-8.263341E+01
6.79012500000E+05	4.510615E-03	-8.532843E+01
6.80881250000E+05	4.674932E-03	-8.459184E+01
6.82750000000E+05	4.456236E-03	-8.378482E+01
6.84618750000E+05	4.634449E-03	-8.573490E+01
6.86487500000E+05	4.365324E-03	-8.524097E+01
6.88356250000E+05	4.279435E-03	-8.516454E+01
6.90225000000E+05	4.358581E-03	-8.567259E+01
6.92093750000E+05	4.447820E-03	-8.309517E+01
6.93962500000E+05	4.396718E-03	-8.504992E+01
6.95831250000E+05	4.617012E-03	-8.557676E+01
6.97700000000E+05	4.508534E-03	-8.495612E+01
6.99568750000E+05	4.331772E-03	-8.393251E+01
7.01437500000E+05	4.643727E-03	-8.381404E+01
7.03306250000E+05	4.444801E-03	-8.232539E+01
7.05175000000E+05	4.584958E-03	-8.367558E+01
7.07043750000E+05	4.486980E-03	-8.327859E+01
7.08912500000E+05	4.418242E-03	-8.444633E+01
7.10781250000E+05	4.459187E-03	-8.535957E+01
7.12650000000E+05	4.399020E-03	-8.695255E+01
7.14518750000E+05	4.410576E-03	-8.227897E+01
7.16387500000E+05	4.435928E-03	-8.243144E+01
7.18256250000E+05	4.584621E-03	-8.626065E+01
7.20125000000E+05	4.377104E-03	-8.454508E+01
7.21993750000E+05	4.359419E-03	-8.578516E+01
7.23862500000E+05	4.385186E-03	-8.639833E+01
7.25731250000E+05	4.578138E-03	-8.354401E+01
7.27600000000E+05	4.522374E-03	-8.534003E+01
7.29468750000E+05	4.480951E-03	-8.604695E+01
7.31337500000E+05	4.296869E-03	-8.252753E+01
7.33206250000E+05	4.576699E-03	-8.346027E+01
7.35075000000E+05	4.330934E-03	-8.414404E+01
7.36943750000E+05	4.550411E-03	-8.386433E+01
7.38812500000E+05	4.367263E-03	-8.315385E+01
7.40681250000E+05	4.509415E-03	-8.458388E+01
7.42550000000E+05	4.403135E-03	-8.409616E+01
7.44418750000E+05	4.510103E-03	-8.564849E+01
7.46287500000E+05	4.544732E-03	-8.261683E+01
7.48156250000E+05	4.399293E-03	-8.348366E+01
7.50025000000E+05	4.469697E-03	-8.027877E+01
7.51893750000E+05	4.400028E-03	-8.393958E+01
7.53762500000E+05	4.506441E-03	-8.205365E+01
7.55631250000E+05	4.396775E-03	-8.533286E+01
7.57500000000E+05	4.324090E-03	-8.353699E+01
7.59368750000E+05	4.219797E-03	-8.696472E+01
7.61237500000E+05	4.434112E-03	-8.435228E+01
7.63106250000E+05	4.313214E-03	-8.804520E+01
7.64975000000E+05	4.622980E-03	-8.558907E+01
7.66843750000E+05	4.442147E-03	-8.424931E+01
7.68712500000E+05	4.519697E-03	-8.535216E+01
7.70581250000E+05	4.591278E-03	-8.424528E+01
7.72450000000E+05	4.276648E-03	-8.395545E+01
7.74318750000E+05	4.420562E-03	-8.486421E+01
7.76187500000E+05	4.183340E-03	-8.561056E+01
7.78056250000E+05	4.406794E-03	-8.288866E+01
7.79925000000E+05	4.179695E-03	-8.449301E+01
7.81793750000E+05	4.605715E-03	-8.917168E+01
7.83662500000E+05	4.395534E-03	-8.742574E+01
7.85531250000E+05	4.264283E-03	-8.460935E+01
7.87400000000E+05	4.377171E-03	-8.764648E+01
7.89268750000E+05	4.173544E-03	-8.211640E+01
7.91137500000E+05	4.385822E-03	-8.361990E+01
7.93006250000E+05	4.438671E-03	-8.437032E+01
7.94875000000E+05	4.258229E-03	-8.528500E+01
7.96743750000E+05	4.473685E-03	-8.068694E+01
7.98612500000E+05	4.486438E-03	-8.373810E+01
8.00481250000E+05	4.683008E-03	-8.441441E+01
8.02350000000E+05	4.289827E-03	-8.539767E+01
8.04218750000E+05	4.611962E-03	-8.661784E+01
8.06087500000E+05	4.525720E-03	-8.325706E+01
8.07956250000E+05	4.463993E-03	-8.299731E+01
8.09825000000E+05	4.586431E-03	-8.447753E+01
8.11693750000E+05	4.299738E-03	-8.456608E+01
8.13562500000E+05	4.299798E-03	-8.773281E+01
8.15431250000E+05	4.388292E-03	-8.452943E+01
8.17300000000E+05	4.574587E-03	-8.692274E+01
8.19168750000E+05	4.142027E-03	-8.821486E+01
8.21037500000E+05	4.390739E-03	-8.663764E+01
8.22906250000E+05	4.253381E-03	-8.571155E+01
8.24775000000E+05	4.453718E-03	-8.349987E+01
8.26643750000E+05	4.282215E-03	-8.483488E+01
8.28512500000E+05	4.458433E-03	-8.534750E+01
8.30381250000E+05	4.378439E-03	-8.591197E+01
8.32250000000E+05	4.534650E-03	-8.519384E+01
8.34118750000E+05	4.517925E-03	-8.459719E+01
8.35987500000E+05	4.476783E-03	-8.643253E+01
8.37856250000E+05	4.380045E-03	-8.485558E+01
8.39725000000E+05	4.499592E-03	-8.528163E+01
8.41593750000E+05	4.639130E-03	-8.894341E+01
8.43462500000E+05	4.525303E-03	-8.522926E+01
8.45331250000E+05	4.227868E-03	-8.879487E+01
8.47200000000E+05	4.433188E-03	-8.512820E+01
8.49068750000E+05	4.338493E-03	-8.831753E+01
8.50937500000E+05	4.295861E-03	-8.557255E+01
8.52806250000E+05	4.388753E-03	-8.413698E+01
8.54675000000E+05	4.435568E-03	-8.923705E+01
8.56543750000E+05	4.463394E-03	-8.509507E+01
8.58412500000E+05	4.383032E-03	-8.764356E+01
8.60281250000E+05	4.282130E-03	-8.558868E+01
8.62150000000E+05	4.628311E-03	-8.596922E+01
8.64018750000E+05	4.584710E-03	-8.560769E+01
8.65887500000E+05	4.390031E-03	-8.398591E+01
8.67756250000E+05	4.738819E-03	-8.442350E+01
8.69625000000E+05	4.340061E-03	-8.661528E+01
8.71493750000E+05	4.575001E-03	-8.586589E+01
8.73362500000E+05	4.555375E-03	-9.015356E+01
8.75231250000E+05	3.938929E-03	-8.408234E+01
8.77100000000E+05	4.775695E-03	-8.758793E+01
8.78968750000E+05	4.325205E-03	-8.681173E+01
8.80837500000E+05	4.389471E-03	-8.416176E+01
8.82706250000E+05	4.343940E-03	-8.550396E+01
8.84575000000E+05	4.703105E-03	-8.802242E+01
8.86443750000E+05	4.442468E-03	-8.495824E+01
8.88312500000E+05	4.500404E-03	-8.663770E+01
8.90181250000E+05	4.301687E-03	-8.757478E+01
8.92050000000E+05	4.567880E-03	-8.469410E+01
8.93918750000E+05	4.259933E-03	-8.472590E+01
8.95787500000E+05	4.485182E-03	-8.726621E+01
8.97656250000E+05	4.405289E-03	-8.359740E+01
8.99525000000E+05	4.643098E-03	-8.520567E+01
9.01393750000E+05	4.478836E-03	-8.754816E+01
9.03262500000E+05	4.527142E-03	-8.342908E+01
9.05131250000E+05	4.306295E-03	-8.563399E+01
9.07000000000E+05	4.249896E-03	-8.461754E+01
9.08868750000E+05	4.371074E-03	-8.851940E+01
9.10737500000E+05	4.423940E-03	-8.584393E+01
9.12606250000E+05	4.115155E-03	-8.641512E+01
9.14475000000E+05	4.482317E-03	-8.457229E+01
9.16343750000E+05	4.343931E-03	-8.532442E+01
9.18212500000E+05	4.440870E-03	-8.661765E+01
9.20081250000E+05	4.452102E-03	-8.951911E+01
9.21950000000E+05	4.429169E-03	-8.625333E+01
9.23818750000E+05	4.476510E-03	-8.635609E+01
9.25687500000E+05	4.256895E-03	-8.761715E+01
9.27556250000E+05	4.291758E-03	-8.458587E+01
9.29425000000E+05	4.472862E-03	-8.613715E+01
9.31293750000E+05	4.578217E-03	-9.157355E+01
9.33162500000E+05	4.585637E-03	-8.959543E+01
9.35031250000E+05	4.365179E-03	-8.596805E+01
9.36900000000E+05	4.337989E-03	-9.016299E+01
9.38768750000E+05	4.328093E-03	-8.539758E+01
9.40637500000E+05	4.403671E-03	-8.709945E+01
9.42506250000E+05	4.357751E-03	-8.782413E+01
9.44375000000E+05	4.447092E-03	-8.837547E+01
9.46243750000E+05	4.297310E-03	-8.732288E+01
9.48112500000E+05	4.519319E-03	-8.644347E+01
9.49981250000E+05	4.644965E-03	-8.521048E+01
9.51850000000E+05	4.451319E-03	-8.542239E+01
9.53718750000E+05	4.570619E-03	-8.644264E+01
9.55587500000E+05	4.347670E-03	-8.263528E+01
9.57456250000E+05	4.338919E-03	-8.585320E+01
9.59325000000E+05	4.412942E-03	-8.848952E+01
9.61193750000E+05	4.357450E-03	-8.670683E+01
9.63062500000E+05	4.328808E-03	-8.489635E+01
9.64931250000E+05	4.342635E-03	-8.946790E+01
9.66800000000E+05	4.395718E-03	-8.877524E+01
9.68668750000E+05	4.505897E-03	-8.611643E+01
9.70537500000E+05	4.496526E-03	-8.833491E+01
9.72406250000E+05	4.466129E-03	-9.035284E+01
9.74275000000E+05	4.589812E-03	-8.924938E+01
9.76143750000E+05	4.538390E-03	-8.819597E+01
9.78012500000E+05	4.392042E-03	-8.705917E+01
9.79881250000E+05	4.404909E-03	-8.809451E+01
9.81750000000E+05	4.266557E-03	-8.674305E+01
9.83618750000E+05	4.236993E-03	-8.957654E+01
9.85487500000E+05	4.363352E-03	-8.799716E+01
9.87356250000E+05	4.574263E-03	-8.693236E+01
9.89225000000E+05	4.547704E-03	-8.759142E+01
9.91093750000E+05	4.350340E-03	-8.844358E+01
9.92962500000E+05	4.187763E-03	-8.785450E+01
9.94831250000E+05	4.419966E-03	-8.749152E+01
9.96700000000E+05	4.402828E-03	-8.629593E+01
9.98568750000E+05	4.385432E-03	-8.979512E+01
1.00043750000E+06	4.693488E-03	-8.645606E+01
1.00230625000E+06	4.248506E-03	-8.756301E+01
1.00417500000E+06	4.237456E-03	-8.838892E+01
1.00604375000E+06	4.349879E-03	-8.605954E+01
1.00791250000E+06	4.563261E-03	-8.628718E+01
1.00978125000E+06	4.345099E-03	-8.941949E+01
1.01165000000E+06	4.618692E-03	-9.110139E+01
1.01351875000E+06	4.465910E-03	-8.826121E+01
1.01538750000E+06	4.566186E-03	-8.478040E+01
1.01725625000E+06	4.437590E-03	-8.896470E+01
1.01912500000E+06	4.239737E-03	-8.839278E+01
1.02099375000E+06	4.359037E-03	-8.796861E+01
1.02286250000E+06	4.266487E-03	-9.041602E+01
1.02473125000E+06	4.342237E-03	-8.952061E+01
1.02660000000E+06	4.330945E-03	-8.711140E+01
1.02846875000E+06	4.400298E-03	-9.089909E+01
1.03033750000E+06	4.441543E-03	-8.535045E+01
1.03220625000E+06	4.494069E-03	-8.698590E+01
1.03407500000E+06	4.497067E-03	-8.816692E+01
1.03594375000E+06	4.339663E-03	-8.873151E+01
1.03781250000E+06	4.440648E-03	-8.535040E+01
1.03968125000E+06	4.340066E-03	-8.599844E+01
1.04155000000E+06	4.414636E-03	-8.936232E+01
1.04341875000E+06	4.569197E-03	-8.764123E+01
1.04528750000E+06	4.280186E-03	-8.619034E+01
1.04715625000E+06	4.421779E-03	-8.399190E+01
1.04902500000E+06	4.516654E-03	-8.697724E+01
1.05089375000E+06	4.198078E-03	-8.703817E+01
1.05276250000E+06	4.580433E-03	-8.916645E+01
1.05463125000E+06	4.697666E-03	-8.453996E+01
1.05650000000E+06	4.024331E-03	-8.731905E+01
1.05836875000E+06	4.376752E-03	-8.990085E+01
1.06023750000E+06	4.389664E-03	-8.826805E+01
1.06210625000E+06	4.525660E-03	-8.781970E+01
1.06397500000E+06	4.522360E-03	-8.457061E+01
1.06584375000E+06	4.414797E-03	-8.839743E+01
1.06771250000E+06	4.665231E-03	-9.012381E+01
1.06958125000E+06	4.374262E-03	-8.603702E+01
1.07145000000E+06	4.193258E-03	-8.789028E+01
1.07331875000E+06	4.535182E-03	-8.554805E+01
1.07518750000E+06	4.538058E-03	-8.955006E+01
1.07705625000E+06	4.545971E-03	-9.045425E+01
1.07892500000E+06	4.557122E-03	-8.819325E+01
1.08079375000E+06	4.833539E-03	-9.006768E+01
1.08266250000E+06	4.583911E-03	-8.648800E+01
1.08453125000E+06	4.590553E-03	-8.553095E+01
1.08640000000E+06	4.681458E-03	-9.141430E+01
1.08826875000E+06	4.402752E-03	-8.960980E+01
1.09013750000E+06	4.440258E-03	-8.745859E+01
1.09200625000E+06	4.598662E-03	-8.910300E+01
1.09387500000E+06	4.663542E-03	-8.852280E+01
1.09574375000E+06	4.424606E-03	-9.020901E+01
1.09761250000E+06	4.675119E-03	-8.946213E+01
1.09948125000E+06	4.438499E-03	-8.774307E+01
1.10135000000E+06	4.790366E-03	-8.811878E+01
1.10321875000E+06	4.400644E-03	-8.985135E+01
1.10508750000E+06	4.382122E-03	-8.879943E+01
1.10695625000E+06	4.674740E-03	-8.778455E+01
1.10882500000E+06	4.811298E-03	-8.761337E+01
1.11069375000E+06	4.765078E-03	-8.915247E+01
1.11256250000E+06	4.649621E-03	-9.092514E+01
1.11443125000E+06	4.855700E-03	-8.793944E+01
1.11630000000E+06	4.353011E-03	-8.919685E+01
1.11816875000E+06	4.510306E-03	-8.870441E+01
1.12003750000E+06	4.702211E-03	-8.740786E+01
1.12190625000E+06	4.835927E-03	-9.106924E+01
1.12377500000E+06	4.288417E-03	-8.503507E+01
1.12564375000E+06	4.339224E-03	-8.918954E+01
1.12751250000E+06	4.517375E-03	-9.247842E+01
1.12938125000E+06	4.582983E-03	-8.687197E+01
1.13125000000E+06	4.236511E-03	-9.380285E+01
1.13311875000E+06	4.460679E-03	-8.766634E+01
1.13498750000E+06	4.613938E-03	-8.793253E+01
1.13685625000E+06	4.585736E-03	-8.835960E+01
1.13872500000E+06	4.595972E-03	-8.884954E+01
1.14059375000E+06	4.585488E-03	-8.981095E+01
1.14246250000E+06	4.534662E-03	-9.060868E+01
1.14433125000E+06	4.428286E-03	-8.886529E+01
1.14620000000E+06	4.464845E-03	-9.076183E+01
1.14806875000E+06	4.679629E-03	-9.013428E+01
1.14993750000E+06	4.652201E-03	-9.256910E+01
1.15180625000E+06	4.605496E-03	-9.069531E+01
1.15367500000E+06	4.576449E-03	-8.885448E+01
1.15554375000E+06	4.424025E-03	-8.932957E+01
1.15741250000E+06	4.471125E-03	-9.149932E+01
1.15928125000E+06	4.747034E-03	-8.769369E+01
1.16115000000E+06	4.476557E-03	-8.639225E+01
1.16301875000E+06	4.632581E-03	-8.818590E+01
1.16488750000E+06	4.634134E-03	-9.086760E+01
1.16675625000E+06	4.787713E-03	-8.796764E+01
1.16862500000E+06	4.422735E-03	-8.993101E+01
1.17049375000E+06	4.414163E-03	-8.843849E+01
1.17236250000E+06	4.442994E-03	-8.873968E+01
1.17423125000E+06	4.617527E-03	-8.905624E+01
1.17610000000E+06	4.664264E-03	-9.165914E+01
1.17796875000E+06	4.741430E-03	-8.990910E+01
1.17983750000E+06	4.424090E-03	-8.924545E+01
1.18170625000E+06	4.328561E-03	-9.086353E+01
1.18357500000E+06	4.797034E-03	-8.749802E+01
1.18544375000E+06	4.500328E-03	-9.066561E+01
1.18731250000E+06	4.795586E-03	-9.018411E+01
1.18918125000E+06	4.483148E-03	-8.859677E+01
1.19105000000E+06	4.744896E-03	-8.953747E+01
1.19291875000E+06	4.576231E-03	-9.011710E+01
1.19478750000E+06	4.594209E-03	-9.188415E+01
1.19665625000E+06	4.399273E-03	-8.467925E+01
1.19852500000E+06	4.729167E-03	-8.738122E+01
1.20039375000E+06	4.754913E-03	-9.074937E+01
1.20226250000E+06	4.315314E-03	-8.875873E+01
1.20413125000E+06	4.359527E-03	-8.982253E+01
1.20600000000E+06	4.599560E-03	-8.843401E+01
1.20786875000E+06	4.649252E-03	-9.173106E+01
1.20973750000E+06	4.598972E-03	-9.107231E+01
1.21160625000E+06	4.695577E-03	-8.814609E+01
1.21347500000E+06	4.798417E-03	-9.074678E+01
1.21534375000E+06	4.697613E-03	-8.716151E+01
1.21721250000E+06	4.729433E-03	-8.828439E+01
1.21908125000E+06	4.728966E-03	-9.040288E+01
1.22095000000E+06	4.745494E-03	-8.884589E+01
1.22281875000E+06	4.760258E-03	-8.993151E+01
1.22468750000E+06	4.495936E-03	-9.287379E+01
1.22655625000E+06	4.680584E-03	-9.014110E+01
1.22842500000E+06	4.581257E-03	-8.894693E+01
1.23029375000E+06	4.324710E-03	-8.975629E+01
1.23216250000E+06	4.709123E-03	-9.300029E+01
1.23403125000E+06	4.505551E-03	-8.981218E+01
1.23590000000E+06	4.706882E-03	-8.987311E+01
1.23776875000E+06	4.759392E-03	-8.597018E+01
1.23963750000E+06	4.965637E-03	-9.300863E+01
1.24150625000E+06	4.151095E-03	-8.820731E+01
1.24337500000E+06	4.712126E-03	-9.249615E+01
1.24524375000E+06	4.749343E-03	-8.951893E+01
1.24711250000E+06	4.675758E-03	-8.988791E+01
1.24898125000E+06	4.578921E-03	-8.875185E+01
1.25085000000E+06	4.552594E-03	-9.073377E+01
1.25271875000E+06	4.407587E-03	-8.892268E+01
1.25458750000E+06	4.766517E-03	-9.240662E+01
1.25645625000E+06	4.456836E-03	-9.295605E+01
1.25832500000E+06	4.650592E-03	-9.327905E+01
1.26019375000E+06	4.872795E-03	-9.231369E+01
1.26206250000E+06	4.955148E-03	-9.062550E+01
1.26393125000E+06	4.766197E-03	-9.065173E+01
1.26580000000E+06	4.557976E-03	-8.819276E+01
1.26766875000E+06	4.749026E-03	-9.113653E+01
1.26953750000E+06	4.562175E-03	-9.206600E+01
1.27140625000E+06	4.723743E-03	-9.284035E+01
1.27327500000E+06	4.720639E-03	-9.282629E+01
1.27514375000E+06	4.701757E-03	-9.245342E+01
1.27701250000E+06	4.601435E-03	-8.869485E+01
1.27888125000E+06	4.583794E-03	-8.805428E+01
1.28075000000E+06	4.947593E-03	-8.859570E+01
1.28261875000E+06	4.929891E-03	-9.207565E+01
1.28448750000E+06	4.416361E-03	-9.024383E+01
1.28635625000E+06	4.568035E-03	-9.236499E+01
1.28822500000E+06	4.680872E-03	-9.286357E+01
1.29009375000E+06	4.897282E-03	-9.083855E+01
1.29196250000E+06	4.653858E-03	-9.103480E+01
1.29383125000E+06	4.524032E-03	-8.726162E+01
1.29570000000E+06	4.806892E-03	-9.230965E+01
1.29756875000E+06	5.024936E-03	-9.178651E+01
1.29943750000E+06	4.847143E-03	-9.083089E+01
1.30130625000E+06	4.830244E-03	-9.273411E+01
1.30317500000E+06	4.578273E-03	-9.362267E+01
1.30504375000E+06	4.999231E-03	-9.045091E+01
1.30691250000E+06	4.755135E-03	-9.261784E+01
1.30878125000E+06	4.657073E-03	-8.949959E+01
1.31065000000E+06	4.598026E-03	-9.052083E+01
1.31251875000E+06	4.862475E-03	-9.445992E+01
1.31438750000E+06	4.877347E-03	-9.130568E+01
1.31625625000E+06	4.894949E-03	-8.888712E+01
1.31812500000E+06	4.724007E-03	-9.031107E+01
1.31999375000E+06	5.079518E-03	-9.311098E+01
1.32186250000E+06	4.677729E-03	-9.018811E+01
1.32373125000E+06	4.900912E-03	-9.114303E+01
1.32560000000E+06	4.700502E-03	-9.358932E+01
1.32746875000E+06	4.749622E-03	-9.015099E+01
1.32933750000E+06	4.683898E-03	-9.076775E+01
1.33120625000E+06	4.765800E-03	-9.189690E+01
1.33307500000E+06	4.930561E-03	-9.470963E+01
1.33494375000E+06	4.586326E-03	-9.241999E+01
1.33681250000E+06	4.916598E-03	-9.289981E+01
1.33868125000E+06	4.763267E-03	-9.411234E+01
1.34055000000E+06	4.638233E-03	-9.256728E+01
1.34241875000E+06	5.174421E-03	-9.513864E+01
1.34428750000E+06	4.857310E-03	-8.942706E+01
1.34615625000E+06	4.983311E-03	-9.379906E+01
1.34802500000E+06	4.747351E-03	-8.755077E+01
1.34989375000E+06	4.878410E-03	-9.063467E+01
1.35176250000E+06	4.733816E-03	-9.186752E+01
1.35363125000E+06	4.982583E-03	-9.128735E+01
1.35550000000E+06	4.597882E-03	-8.943836E+01
1.35736875000E+06	5.151984E-03	-9.188285E+01
1.35923750000E+06	4.910834E-03	-9.020936E+01
1.36110625000E+06	4.905446E-03	-9.046306E+01
1.36297500000E+06	4.700187E-03	-9.246188E+01
1.36484375000E+06	4.816962E-03	-9.220684E+01
1.36671250000E+06	4.801696E-03	-9.232582E+01
1.36858125000E+06	4.778791E-03	-9.344618E+01
1.37045000000E+06	4.545276E-03	-9.229231E+01
1.37231875000E+06	4.772705E-03	-9.163858E+01
1.37418750000E+06	4.762832E-03	-9.221246E+01
1.37605625000E+06	5.188806E-03	-9.132126E+01
1.37792500000E+06	4.822075E-03	-9.453980E+01
1.37979375000E+06	4.589481E-03	-9.245509E+01
1.38166250000E+06	4.852266E-03	-8.604585E+01
1.38353125000E+06	4.943016E-03	-9.421080E+01
1.38540000000E+06	4.818911E-03	-9.317683E+01
1.38726875000E+06	4.837056E-03	-9.071447E+01
1.38913750000E+06	4.890926E-03	-9.227136E+01
1.39100625000E+06	4.766270E-03	-9.251182E+01
1.39287500000E+06	5.003220E-03	-9.291650E+01
1.39474375000E+06	4.740738E-03	-9.276814E+01
1.39661250000E+06	4.947910E-03	-8.737687E+01
1.39848125000E+06	4.776978E-03	-9.182710E+01
1.40035000000E+06	4.860664E-03	-8.996875E+01
1.40221875000E+06	4.793626E-03	-9.391168E+01
1.40408750000E+06	4.869891E-03	-9.359519E+01
1.40595625000E+06	5.014605E-03	-9.000101E+01
1.40782500000E+06	5.079769E-03	-9.278578E+01
1.40969375000E+06	4.896010E-03	-8.933444E+01
1.41156250000E+06	5.023994E-03	-9.197364E+01
1.41343125000E+06	5.287827E-03	-9.165173E+01
1.41530000000E+06	4.839401E-03	-9.424231E+01
1.41716875000E+06	4.977044E-03	-9.004662E+01
1.41903750000E+06	4.967823E-03	-9.077434E+01
1.42090625000E+06	5.094368E-03	-9.136514E+01
1.42277500000E+06	4.980932E-03	-9.188298E+01
1.42464375000E+06	4.943801E-03	-9.220383E+01
1.42651250000E+06	4.624101E-03	-9.082498E+01
1.42838125000E+06	4.850656E-03	-9.207724E+01
1.43025000000E+06	4.788928E-03	-9.378656E+01
1.43211875000E+06	4.962789E-03	-9.261457E+01
1.43398750000E+06	5.102976E-03	-9.121345E+01
1.43585625000E+06	5.016788E-03	-9.288725E+01
1.43772500000E+06	5.054445E-03	-9.314144E+01
1.43959375000E+06	4.838892E-03	-9.495956E+01
1.44146250000E+06	4.894668E-03	-9.401167E+01
1.44333125000E+06	4.789181E-03	-8.909961E+01
1.44520000000E+06	4.952578E-03	-9.173988E+01
1.44706875000E+06	4.842144E-03	-9.260555E+01
1.44893750000E+06	5.010813E-03	-9.246641E+01
1.45080625000E+06	4.794998E-03	-8.986695E+01
1.45267500000E+06	4.944507E-03	-9.141328E+01
1.45454375000E+06	5.084531E-03	-9.362011E+01
1.45641250000E+06	4.997556E-03	-9.392595E+01
1.45828125000E+06	5.186758E-03	-9.279871E+01
1.46015000000E+06	5.045991E-03	-9.380268E+01
1.46201875000E+06	4.899589E-03	-9.091309E+01
1.46388750000E+06	5.248476E-03	-9.135291E+01
1.46575625000E+06	4.868548E-03	-9.084959E+01
1.46762500000E+06	4.999260E-03	-9.135622E+01
1.46949375000E+06	5.100278E-03	-9.166208E+01
1.47136250000E+06	5.140522E-03	-9.543326E+01
1.47323125000E+06	4.851621E-03	-9.173469E+01
1.47510000000E+06	5.048906E-03	-9.061240E+01
1.47696875000E+06	5.063823E-03	-9.339759E+01
1.47883750000E+06	5.274121E-03	-9.259500E+01
1.48070625000E+06	4.965173E-03	-9.415418E+01
1.48257500000E+06	5.167327E-03	-9.473567E+01
1.48444375000E+06	4.968318E-03	-9.204422E+01
1.48631250000E+06	5.157079E-03	-9.335339E+01
1.48818125000E+06	5.190033E-03	-9.233234E+01
1.49005000000E+06	5.033234E-03	-9.628530E+01
1.49191875000E+06	4.873381E-03	-1.001973E+02
1.49378750000E+06	4.847129E-03	-9.236870E+01
1.49565625000E+06	5.208181E-03	-9.048640E+01
1.49752500000E+06	5.044710E-03	-9.259460E+01
1.49939375000E+06	4.734827E-03	-9.006911E+01
1.50126250000E+06	5.131611E-03	-9.361611E+01
1.50313125000E+06	5.452955E-03	-9.184646E+01
1.50500000000E+06	4.919867E-03	-9.283144E+01
1.50686875000E+06	5.161249E-03	-9.383686E+01
1.50873750000E+06	4.869694E-03	-9.372163E+01
1.51060625000E+06	5.065571E-03	-9.553785E+01
1.51247500000E+06	4.953430E-03	-9.257831E+01
1.51434375000E+06	4.942046E-03	-9.263023E+01
1.51621250000E+06	5.010917E-03	-9.467041E+01
1.51808125000E+06	5.046227E-03	-9.392621E+01
1.51995000000E+06	4.838629E-03	-9.635683E+01
1.52181875000E+06	5.359309E-03	-9.330549E+01
1.52368750000E+06	5.229606E-03	-9.310939E+01
1.52555625000E+06	5.336838E-03	-9.397633E+01
1.52742500000E+06	4.922281E-03	-9.246726E+01
1.52929375000E+06	5.225716E-03	-9.358900E+01
1.53116250000E+06	4.855433E-03	-9.177127E+01
1.53303125000E+06	5.190932E-03	-9.402175E+01
1.53490000000E+06	5.260249E-03	-9.233976E+01
1.53676875000E+06	5.204703E-03	-9.198295E+01
1.53863750000E+06	5.293753E-03	-9.565928E+01
1.54050625000E+06	4.938575E-03	-9.304117E+01
1.54237500000E+06	5.032815E-03	-9.263451E+01
1.54424375000E+06	5.448681E-03	-9.509573E+01
1.54611250000E+06	5.035297E-03	-9.039297E+01
1.54798125000E+06	5.212419E-03	-9.246973E+01
1.54985000000E+06	5.073898E-03	-9.778533E+01
1.55171875000E+06	5.142568E-03	-9.489227E+01
1.55358750000E+06	5.276971E-03	-9.656208E+01
1.55545625000E+06	5.121429E-03	-9.072063E+01
1.55732500000E+06	5.138647E-03	-9.176924E+01
1.55919375000E+06	5.200064E-03	-9.319373E+01
1.56106250000E+06	5.227904E-03	-9.394658E+01
1.56293125000E+06	5.545926E-03	-9.422877E+01
1.56480000000E+06	5.186944E-03	-9.341022E+01
1.56666875000E+06	5.116278E-03	-9.432327E+01
1.56853750000E+06	5.245125E-03	-9.332610E+01
1.57040625000E+06	5.164295E-03	-9.592234E+01
1.57227500000E+06	5.022964E-03	-9.200307E+01
1.57414375000E+06	5.040941E-03	-9.610220E+01
1.57601250000E+06	5.025815E-03	-9.233472E+01
1.57788125000E+06	5.234827E-03	-9.207502E+01
1.57975000000E+06	5.134504E-03	-9.110139E+01
1.58161875000E+06	5.392996E-03	-9.165033E+01
1.58348750000E+06	5.269854E-03	-9.306425E+01
1.58535625000E+06	5.002636E-03	-9.397106E+01
1.58722500000E+06	5.403232E-03	-9.654595E+01
1.58909375000E+06	5.269023E-03	-9.581743E+01
1.59096250000E+06	5.139501E-03	-9.295421E+01
1.59283125000E+06	5.382771E-03	-9.782538E+01
1.59470000000E+06	5.189433E-03	-9.359464E+01
1.59656875000E+06	5.325367E-03	-9.402779E+01
1.59843750000E+06	5.301422E-03	-9.394420E+01
1.60030625000E+06	5.050742E-03	-9.242009E+01
1.60217500000E+06	5.217771E-03	-9.079501E+01
1.60404375000E+06	5.489920E-03	-9.300059E+01
1.60591250000E+06	5.019697E-03	-9.261663E+01
1.60778125000E+06	5.077775E-03	-9.262510E+01
1.60965000000E+06	5.219461E-03	-9.498708E+01
1.61151875000E+06	5.246942E-03	-9.252818E+01
1.61338750000E+06	5.264871E-03	-9.151838E+01
1.61525625000E+06	4.998964E-03	-9.451446E+01
1.61712500000E+06	4.932061E-03	-9.437690E+01
1.61899375000E+06	5.600164E-03	-9.433350E+01
1.62086250000E+06	5.167376E-03	-9.219374E+01
1.62273125000E+06	5.233682E-03	-9.181006E+01
1.62460000000E+06	5.523473E-03	-9.481111E+01
1.62646875000E+06	5.173296E-03	-9.358157E+01
1.62833750000E+06	5.213012E-03	-9.106871E+01
1.63020625000E+06	5.298266E-03	-9.630441E+01
1.63207500000E+06	5.411493E-03	-9.365812E+01
1.63394375000E+06	5.206161E-03	-9.334988E+01
1.63581250000E+06	5.387172E-03	-9.265274E+01
1.63768125000E+06	5.479546E-03	-9.600536E+01
1.63955000000E+06	5.192163E-03	-9.406382E+01
1.64141875000E+06	5.255038E-03	-9.591013E+01
1.64328750000E+06	5.194425E-03	-9.396275E+01
1.64515625000E+06	5.405540E-03	-9.587719E+01
1.64702500000E+06	5.079144E-03	-9.337122E+01
1.64889375000E+06	5.475231E-03	-9.612685E+01
1.65076250000E+06	5.522614E-03	-9.290151E+01
1.65263125000E+06	5.631206E-03	-9.324282E+01
1.65450000000E+06	5.292531E-03	-9.375787E+01
1.65636875000E+06	5.380821E-03	-9.284608E+01
1.65823750000E+06	5.253020E-03	-9.842328E+01
1.66010625000E+06	5.333232E-03	-9.364765E+01
1.66197500000E+06	5.433274E-03	-9.120337E+01
1.66384375000E+06	5.469259E-03	-9.159274E+01
1.66571250000E+06	5.206761E-03	-9.481688E+01
1.66758125000E+06	5.398063E-03	-9.440473E+01
1.66945000000E+06	5.290131E-03	-9.525040E+01
1.67131875000E+06	5.068553E-03	-9.279822E+01
1.67318750000E+06	5.372822E-03	-9.287618E+01
1.67505625000E+06	5.369335E-03	-9.791172E+01
1.67692500000E+06	5.512760E-03	-9.789322E+01
1.67879375000E+06	5.232058E-03	-9.593564E+01
1.68066250000E+06	5.000186E-03	-9.450721E+01
1.68253125000E+06	5.536585E-03	-9.324448E+01
1.68440000000E+06	5.567583E-03	-9.609074E+01
1.68626875000E+06	5.437492E-03	-9.568723E+01
1.68813750000E+06	5.573710E-03	-9.412602E+01
1.69000625000E+06	5.503809E-03	-9.136585E+01
1.69187500000E+06	5.329392E-03	-9.233589E+01
1.69374375000E+06	5.263847E-03	-9.297823E+01
1.69561250000E+06	5.254715E-03	-9.601160E+01
1.69748125000E+06	5.202511E-03	-9.581703E+01
1.69935000000E+06	5.114585E-03	-9.781482E+01
1.70121875000E+06	5.248572E-03	-9.364310E+01
1.70308750000E+06	5.371701E-03	-9.354066E+01
1.70495625000E+06	5.542461E-03	-9.421580E+01
1.70682500000E+06	5.565103E-03	-9.360129E+01
1.70869375000E+06	5.533838E-03	-9.382357E+01
1.71056250000E+06	5.628931E-03	-9.582121E+01
1.71243125000E+06	5.403599E-03	-9.079909E+01
1.71430000000E+06	5.496881E-03	-9.138627E+01
1.71616875000E+06	5.272467E-03	-9.487668E+01
1.71803750000E+06	5.210048E-03	-9.406028E+01
1.71990625000E+06	5.764654E-03	-9.186127E+01
1.72177500000E+06	5.460687E-03	-9.285345E+01
1.72364375000E+06	5.550259E-03	-9.211630E+01
1.72551250000E+06	5.542339E-03	-9.298293E+01
1.72738125000E+06	5.607693E-03	-9.533780E+01
1.72925000000E+06	5.492700E-03	-9.420961E+01
1.73111875000E+06	5.292112E-03	-9.288966E+01
1.73298750000E+06	5.625274E-03	-9.698146E+01
1.73485625000E+06	5.535322E-03	-9.348953E+01
1.73672500000E+06	5.538931E-03	-9.569268E+01
1.73859375000E+06	5.645555E-03	-9.222597E+01
1.74046250000E+06	5.456864E-03	-9.473306E+01
1.74233125000E+06	5.467750E-03	-9.422611E+01
1.74420000000E+06	5.546070E-03	-9.353555E+01
1.74606875000E+06	5.289095E-03	-9.566936E+01
1.74793750000E+06	5.400654E-03	-9.468925E+01
1.74980625000E+06	5.440392E-03	-9.377705E+01
1.75167500000E+06	5.468661E-03	-9.472425E+01
1.75354375000E+06	5.577432E-03	-9.393937E+01
1.75541250000E+06	5.575712E-03	-9.572955E+01
1.75728125000E+06	5.565121E-03	-9.643835E+01
1.75915000000E+06	5.715597E-03	-9.473247E+01
1.76101875000E+06	5.573634E-03	-9.457653E+01
1.76288750000E+06	5.559000E-03	-9.550687E+01
1.76475625000E+06	5.386095E-03	-9.445815E+01
1.76662500000E+06	5.970682E-03	-9.459116E+01
1.76849375000E+06	5.600454E-03	-9.633498E+01
1.77036250000E+06	5.694680E-03	-9.770016E+01
1.77223125000E+06	5.515225E-03	-9.471186E+01
1.77410000000E+06	5.702371E-03	-9.634471E+01
1.77596875000E+06	5.700815E-03	-9.750692E+01
1.77783750000E+06	5.386242E-03	-9.711935E+01
1.77970625000E+06	5.263945E-03	-9.502421E+01
1.78157500000E+06	5.591618E-03	-9.696133E+01
1.78344375000E+06	5.738160E-03	-9.483646E+01
1.78531250000E+06	5.613244E-03	-9.302041E+01
1.78718125000E+06	5.661168E-03	-9.469332E+01
1.78905000000E+06	5.660590E-03	-9.531145E+01
1.79091875000E+06	5.280596E-03	-9.400129E+01
1.79278750000E+06	5.538223E-03	-9.953986E+01
1.79465625000E+06	5.858671E-03	-9.303658E+01
1.79652500000E+06	5.889940E-03	-9.456915E+01
1.79839375000E+06	5.850689E-03	-9.884801E+01
1.80026250000E+06	5.867791E-03	-9.496342E+01
1.80213125000E+06	5.715491E-03	-9.411501E+01
1.80400000000E+06	5.392854E-03	-9.787254E+01
1.80586875000E+06	5.739682E-03	-9.496333E+01
1.80773750000E+06	5.642064E-03	-9.423711E+01
1.80960625000E+06	5.892809E-03	-9.820847E+01
1.81147500000E+06	5.101016E-03	-9.454024E+01
1.81334375000E+06	5.555132E-03	-9.455627E+01
1.81521250000E+06	5.533030E-03	-9.369160E+01
1.81708125000E+06	5.732325E-03	-9.681874E+01
1.81895000000E+06	5.787206E-03	-9.559698E+01
1.82081875000E+06	5.558324E-03	-9.387313E+01
1.82268750000E+06	5.670616E-03	-9.561950E+01
1.82455625000E+06	5.947466E-03	-9.454864E+01
1.82642500000E+06	5.990792E-03	-9.608822E+01
1.82829375000E+06	5.625235E-03	-9.633565E+01
1.83016250000E+06	5.885918E-03	-9.690987E+01
1.83203125000E+06	5.590954E-03	-9.409563E+01
1.83390000000E+06	5.631717E-03	-9.755110E+01
1.83576875000E+06	5.757772E-03	-9.416364E+01
1.83763750000E+06	5.653080E-03	-9.580151E+01
1.83950625000E+06	5.430985E-03	-9.842712E+01
1.84137500000E+06	5.667621E-03	-9.486696E+01
1.84324375000E+06	5.576948E-03	-9.687677E+01
1.84511250000E+06	5.721608E-03	-9.514441E+01
1.84698125000E+06	5.851758E-03	-9.506075E+01
1.84885000000E+06	5.681076E-03	-9.787809E+01
1.85071875000E+06	5.744956E-03	-9.649188E+01
1.85258750000E+06	5.564568E-03	-9.695175E+01
1.85445625000E+06	5.522483E-03	-9.487534E+01
1.85632500000E+06	5.582408E-03	-9.619902E+01
1.85819375000E+06	5.867199E-03	-9.311859E+01
1.86006250000E+06	5.914032E-03	-9.321339E+01
1.86193125000E+06	5.795785E-03	-9.731763E+01
1.86380000000E+06	5.787842E-03	-9.399389E+01
1.86566875000E+06	5.687869E-03	-9.574896E+01
1.86753750000E+06	5.713916E-03	-9.624223E+01
1.86940625000E+06	5.749683E-03	-9.683856E+01
1.87127500000E+06	5.880764E-03	-9.554005E+01
1.87314375000E+06	5.971722E-03	-9.655734E+01
1.87501250000E+06	6.262674E-03	-9.776524E+01
1.87688125000E+06	5.812283E-03	-9.611795E+01
1.87875000000E+06	6.016402E-03	-9.665453E+01
1.88061875000E+06	6.040093E-03	-9.621206E+01
1.88248750000E+06	5.790292E-03	-9.795646E+01
1.88435625000E+06	5.695075E-03	-9.423467E+01
1.88622500000E+06	5.900016E-03	-9.584000E+01
1.88809375000E+06	5.721685E-03	-9.828634E+01
1.88996250000E+06	5.709141E-03	-9.454428E+01
1.89183125000E+06	5.836569E-03	-9.646816E+01
1.89370000000E+06	5.978828E-03	-9.456171E+01
1.89556875000E+06	5.615791E-03	-9.342019E+01
1.89743750000E+06	5.672323E-03	-9.369698E+01
1.89930625000E+06	5.628834E-03	-9.771790E+01
1.90117500000E+06	6.134374E-03	-9.526286E+01
1.90304375000E+06	5.880435E-03	-9.174110E+01
1.90491250000E+06	5.612238E-03	-9.542372E+01
1.90678125000E+06	5.796991E-03	-9.495058E+01
1.90865000000E+06	5.809654E-03	-9.609115E+01
1.91051875000E+06	6.066782E-03	-9.800735E+01
1.91238750000E+06	5.614133E-03	-9.627119E+01
1.91425625000E+06	5.818238E-03	-9.678956E+01
1.91612500000E+06	5.947604E-03	-9.713118E+01
1.91799375000E+06	5.808195E-03	-9.512237E+01
1.91986250000E+06	5.786212E-03	-9.197129E+01
1.92173125000E+06	5.987160E-03	-9.560923E+01
1.92360000000E+06	5.891453E-03	-9.276002E+01
1.92546875000E+06	5.895203E-03	-9.522590E+01
1.92733750000E+06	5.874890E-03	-9.546749E+01
1.92920625000E+06	5.678401E-03	-9.354084E+01
1.93107500000E+06	5.635910E-03	-9.745971E+01
1.93294375000E+06	5.913505E-03	-9.431788E+01
1.93481250000E+06	5.788218E-03	-9.559731E+01
1.93668125000E+06	5.775011E-03	-9.423813E+01
1.93855000000E+06	6.181571E-03	-9.673151E+01
1.94041875000E+06	6.071815E-03	-9.652762E+01
1.94228750000E+06	5.772460E-03	-9.630649E+01
1.94415625000E+06	6.094146E-03	-9.886530E+01
1.94602500000E+06	5.852371E-03	-9.598846E+01
1.94789375000E+06	5.702612E-03	-9.318481E+01
1.94976250000E+06	5.799483E-03	-9.683636E+01
1.95163125000E+06	6.071560E-03	-9.535099E+01
1.95350000000E+06	6.064176E-03	-9.618574E+01
1.95536875000E+06	6.168279E-03	-9.619090E+01
1.95723750000E+06	5.993638E-03	-9.888769E+01
1.95910625000E+06	6.334433E-03	-9.493317E+01
1.96097500000E+06	6.320458E-03	-9.515168E+01
1.96284375000E+06	5.887452E-03	-9.465463E+01
1.96471250000E+06	6.090858E-03	-9.607732E+01
1.96658125000E+06	6.077173E-03	-9.650015E+01
1.96845000000E+06	5.868451E-03	-9.595287E+01
1.97031875000E+06	6.077983E-03	-9.642487E+01
1.97218750000E+06	6.145912E-03	-9.567893E+01
1.97405625000E+06	6.038661E-03	-9.648099E+01
1.97592500000E+06	6.057361E-03	-9.403986E+01
1.97779375000E+06	5.874280E-03	-9.476192E+01
1.97966250000E+06	6.121472E-03	-9.738292E+01
1.98153125000E+06	6.223744E-03	-9.545417E+01
1.98340000000E+06	5.891856E-03	-9.687501E+01
1.98526875000E+06	5.917945E-03	-9.712606E+01
1.98713750000E+06	5.998589E-03	-1.000706E+02
1.98900625000E+06	6.240092E-03	-9.428995E+01
1.99087500000E+06	5.988446E-03	-9.586707E+01
1.99274375000E+06	6.124339E-03	-9.561003E+01
1.99461250000E+06	6.003236E-03	-9.606068E+01
1.99648125000E+06	6.067397E-03	-9.635951E+01
1.99835000000E+06	5.877725E-03	-9.741052E+01
2.00021875000E+06	6.144688E-03	-9.581976E+01
2.00208750000E+06	6.184946E-03	-9.470578E+01
2.00395625000E+06	5.922843E-03	-9.509373E+01
2.00582500000E+06	6.140357E-03	-9.376366E+01
2.00769375000E+06	6.048808E-03	-9.658511E+01
2.00956250000E+06	6.513745E-03	-9.456226E+01
2.01143125000E+06	6.209306E-03	-9.559287E+01
2.01330000000E+06	6.157187E-03	-9.387537E+01
2.01516875000E+06	6.124780E-03	-9.505254E+01
2.01703750000E+06	6.453163E-03	-9.401342E+01
2.01890625000E+06	6.256702E-03	-9.334189E+01
2.02077500000E+06	6.174281E-03	-9.294370E+01
2.02264375000E+06	6.131684E-03	-9.499827E+01
2.02451250000E+06	6.132673E-03	-9.373225E+01
2.02638125000E+06	6.182473E-03	-9.660634E+01
2.02825000000E+06	6.043278E-03	-9.921500E+01
2.03011875000E+06	6.034394E-03	-9.555383E+01
2.03198750000E+06	6.172622E-03	-9.675137E+01
2.03385625000E+06	6.037657E-03	-9.572946E+01
2.03572500000E+06	6.416756E-03	-9.513236E+01
2.03759375000E+06	6.100199E-03	-9.380000E+01
2.03946250000E+06	6.219059E-03	-9.650035E+01
2.04133125000E+06	6.125380E-03	-9.477338E+01
2.04320000000E+06	6.255230E-03	-9.657593E+01
2.04506875000E+06	6.060327E-03	-9.639481E+01
2.04693750000E+06	6.054195E-03	-9.323826E+01
2.04880625000E+06	6.127814E-03	-9.421466E+01
2.05067500000E+06	6.331923E-03	-9.612081E+01
2.05254375000E+06	6.168676E-03	-9.601360E+01
2.05441250000E+06	6.186045E-03	-9.719082E+01
2.05628125000E+06	6.170981E-03	-9.732787E+01
2.05815000000E+06	6.248213E-03	-9.553742E+01
2.06001875000E+06	6.065939E-03	-9.693921E+01
2.06188750000E+06	6.038421E-03	-9.639056E+01
2.06375625000E+06	6.281096E-03	-9.731801E+01
2.06562500000E+06	5.858471E-03	-9.707004E+01
2.06749375000E+06	6.159659E-03	-9.535893E+01
2.06936250000E+06	6.150900E-03	-9.588934E+01
2.07123125000E+06	6.088506E-03	-9.784789E+01
2.07310000000E+06	6.344234E-03	-9.492911E+01
2.07496875000E+06	6.211889E-03	-9.471532E+01
2.07683750000E+06	6.140728E-03	-9.581356E+01
2.07870625000E+06	6.360791E-03	-9.652877E+01
2.08057500000E+06	6.222963E-03	-9.499974E+01
2.08244375000E+06	6.288742E-03	-9.326053E+01
2.08431250000E+06	6.156162E-03	-9.606824E+01
2.08618125000E+06	6.338167E-03	-9.457357E+01
2.08805000000E+06	6.355898E-03	-9.597813E+01
2.08991875000E+06	6.299363E-03	-9.680042E+01
2.09178750000E+06	6.276679E-03	-9.659294E+01
2.09365625000E+06	6.184003E-03	-9.396461E+01
2.09552500000E+06	6.571677E-03	-9.508901E+01
2.09739375000E+06	6.311344E-03	-9.415884E+01
2.09926250000E+06	6.343120E-03	-9.662019E+01
2.10113125000E+06	6.257453E-03	-9.653554E+01
2.10300000000E+06	6.301977E-03	-9.625258E+01
2.10486875000E+06	6.528184E-03	-9.624883E+01
2.10673750000E+06	6.383005E-03	-9.487134E+01
2.10860625000E+06	6.516224E-03	-9.499420E+01
2.11047500000E+06	6.320991E-03	-9.424324E+01
2.11234375000E+06	6.682802E-03	-9.533085E+01
2.11421250000E+06	6.304555E-03	-9.533363E+01
2.11608125000E+06	6.261920E-03	-9.751005E+01
2.11795000000E+06	6.532875E-03	-9.523449E+01
2.11981875000E+06	6.462072E-03	-9.373232E+01
2.12168750000E+06	6.418489E-03	-9.584207E+01
2.12355625000E+06	6.758354E-03	-9.625463E+01
2.12542500000E+06	6.566070E-03	-9.844762E+01
2.12729375000E+06	6.348053E-03	-9.525944E+01
2.12916250000E+06	6.464178E-03	-9.516761E+01
2.13103125000E+06	6.396422E-03	-9.588626E+01
2.13290000000E+06	6.322578E-03	-9.904445E+01
2.13476875000E+06	6.512299E-03	-9.746751E+01
2.13663750000E+06	6.429007E-03	-9.647488E+01
2.13850625000E+06	6.321749E-03	-9.443630E+01
2.14037500000E+06	6.326835E-03	-9.587402E+01
2.14224375000E+06	6.357812E-03	-9.600835E+01
2.14411250000E+06	6.606376E-03	-9.713044E+01
2.14598125000E+06	6.573038E-03	-9.775995E+01
2.14785000000E+06	6.297453E-03	-9.826386E+01
2.14971875000E+06	6.557764E-03	-9.794639E+01
2.15158750000E+06	6.466765E-03	-9.560050E+01
2.15345625000E+06	6.377763E-03	-9.517481E+01
2.15532500000E+06	6.639426E-03	-9.780360E+01
2.15719375000E+06	6.471342E-03	-9.353246E+01
2.15906250000E+06	6.737891E-03	-9.447636E+01
2.16093125000E+06	6.736609E-03	-9.754175E+01
2.16280000000E+06	6.379494E-03	-9.522336E+01
2.16466875000E+06	6.505965E-03	-9.655981E+01
2.16653750000E+06	6.497816E-03	-9.311322E+01
2.16840625000E+06	6.545347E-03	-9.578517E+01
2.17027500000E+06	6.498799E-03	-9.606057E+01
2.17214375000E+06	6.697180E-03	-9.738823E+01
2.17401250000E+06	6.223901E-03	-9.850416E+01
2.17588125000E+06	6.514173E-03	-9.351105E+01
2.17775000000E+06	6.446420E-03	-9.667232E+01
2.17961875000E+06	6.267552E-03	-9.662888E+01
2.18148750000E+06	6.500582E-03	-9.710045E+01
2.18335625000E+06	6.432782E-03	-9.663287E+01
2.18522500000E+06	6.290452E-03	-9.406155E+01
2.18709375000E+06	6.541538E-03	-9.717842E+01
2.18896250000E+06	6.348041E-03	-9.386787E+01
2.19083125000E+06	6.659177E-03	-9.683485E+01
2.19270000000E+06	6.230653E-03	-9.462474E+01
2.19456875000E+06	6.506694E-03	-9.556496E+01
2.19643750000E+06	6.489809E-03	-9.616941E+01
2.19830625000E+06	6.544887E-03	-9.363734E+01
2.20017500000E+06	6.634508E-03	-9.673123E+01
2.20204375000E+06	6.547333E-03	-9.529959E+01
2.20391250000E+06	6.244043E-03	-9.721590E+01
2.20578125000E+06	6.560607E-03	-9.747113E+01
2.20765000000E+06	6.584016E-03	-9.556447E+01
2.20951875000E+06	6.948697E-03	-9.758924E+01
2.21138750000E+06	6.683435E-03	-9.623895E+01
2.21325625000E+06	6.457611E-03	-9.535133E+01
2.21512500000E+06	6.730895E-03	-9.588250E+01
2.21699375000E+06	6.564725E-03	-9.479291E+01
2.21886250000E+06	6.370564E-03	-9.560343E+01
2.22073125000E+06	6.551179E-03	-9.414186E+01
2.22260000000E+06	6.591341E-03	-9.868599E+01
2.22446875000E+06	6.212767E-03	-9.779485E+01
2.22633750000E+06	6.631204E-03	-9.653019E+01
2.22820625000E+06	6.549412E-03	-9.305943E+01
2.23007500000E+06	6.829358E-03	-9.783154E+01
2.23194375000E+06	6.435209E-03	-9.730604E+01
2.23381250000E+06	6.389766E-03	-9.482063E+01
2.23568125000E+06	6.715750E-03	-9.491063E+01
2.23755000000E+06	6.754779E-03	-9.641161E+01
2.23941875000E+06	6.658216E-03	-9.556815E+01
2.24128750000E+06	6.864553E-03	-9.362641E+01
2.24315625000E+06	6.763360E-03	-9.683796E+01
2.24502500000E+06	6.773186E-03	-9.418573E+01
2.24689375000E+06	6.732030E-03	-9.711400E+01
2.24876250000E+06	6.795848E-03	-9.398029E+01
2.25063125000E+06	6.476470E-03	-9.823315E+01
2.25250000000E+06	6.661116E-03	-9.727930E+01
2.25436875000E+06	6.698348E-03	-9.770830E+01
2.25623750000E+06	6.949247E-03	-9.980299E+01
2.25810625000E+06	6.689996E-03	-9.425598E+01
2.25997500000E+06	6.955978E-03	-9.618719E+01
2.26184375000E+06	6.700342E-03	-9.646719E+01
2.26371250000E+06	6.678301E-03	-9.501720E+01
2.26558125000E+06	6.550347E-03	-9.608782E+01
2.26745000000E+06	6.556927E-03	-9.611873E+01
2.26931875000E+06	6.721002E-03	-9.800587E+01
2.27118750000E+06	7.035247E-03	-9.595963E+01
2.27305625000E+06	6.836396E-03	-9.662344E+01
2.27492500000E+06	6.996007E-03	-9.579557E+01
2.27679375000E+06	6.710550E-03	-9.307036E+01
2.27866250000E+06	6.545659E-03	-9.738115E+01
2.28053125000E+06	6.787975E-03	-9.488136E+01
2.28240000000E+06	6.564184E-03	-9.411031E+01
2.28426875000E+06	6.573447E-03	-9.722200E+01
2.28613750000E+06	6.763966E-03	-9.521477E+01
2.28800625000E+06	6.807806E-03	-9.537920E+01
2.28987500000E+06	6.511620E-03	-9.496032E+01
2.29174375000E+06	6.872003E-03	-9.515289E+01
2.29361250000E+06	6.861789E-03	-9.552272E+01
2.29548125000E+06	6.935255E-03	-9.470836E+01
2.29735000000E+06	6.840946E-03	-9.536921E+01
2.29921875000E+06	6.932598E-03	-9.550146E+01
2.30108750000E+06	7.021449E-03	-9.745113E+01
2.30295625000E+06	6.800181E-03	-9.496755E+01
2.30482500000E+06	6.917144E-03	-9.702470E+01
2.30669375000E+06	6.812794E-03	-9.597784E+01
2.30856250000E+06	6.764755E-03	-9.615929E+01
2.31043125000E+06	6.822420E-03	-9.577679E+01
2.31230000000E+06	6.740064E-03	-9.606376E+01
2.31416875000E+06	7.126484E-03	-9.835192E+01
2.31603750000E+06	6.864721E-03	-9.501008E+01
2.31790625000E+06	6.947843E-03	-9.405488E+01
2.31977500000E+06	6.982334E-03	-9.468951E+01
2.32164375000E+06	7.129064E-03	-9.540471E+01
2.32351250000E+06	6.952910E-03	-9.584974E+01
2.32538125000E+06	7.081873E-03	-9.646841E+01
2.32725000000E+06	6.938053E-03	-9.645004E+01
2.32911875000E+06	6.977866E-03	-9.517954E+01
2.33098750000E+06	7.009192E-03	-9.411859E+01
2.33285625000E+06	7.314702E-03	-9.717365E+01
2.33472500000E+06	6.966027E-03	-9.684689E+01
2.33659375000E+06	7.006430E-03	-9.548959E+01
2.33846250000E+06	7.066367E-03	-9.512451E+01
2.34033125000E+06	7.281433E-03	-9.579501E+01
2.34220000000E+06	6.828330E-03	-9.565862E+01
2.34406875000E+06	6.925235E-03	-9.717476E+01
2.34593750000E+06	7.450729E-03	-9.502820E+01
2.34780625000E+06	7.152902E-03	-9.505560E+01
2.34967500000E+06	6.997195E-03	-9.591711E+01
2.35154375000E+06	7.203364E-03	-9.604053E+01
2.35341250000E+06	6.833818E-03	-9.557690E+01
2.35528125000E+06	7.191134E-03	-9.648401E+01
2.35715000000E+06	7.295599E-03	-9.547682E+01
2.35901875000E+06	7.168420E-03	-9.441777E+01
2.36088750000E+06	7.436404E-03	-9.508661E+01
2.36275625000E+06	7.410319E-03	-9.558519E+01
2.36462500000E+06	7.133021E-03	-9.759660E+01
2.36649375000E+06	7.257902E-03	-9.489499E+01
2.36836250000E+06	7.117126E-03	-9.625031E+01
2.37023125000E+06	6.981439E-03	-9.613008E+01
2.37210000000E+06	7.448297E-03	-9.600988E+01
2.37396875000E+06	7.263945E-03	-9.391980E+01
2.37583750000E+06	7.296924E-03	-9.413887E+01
2.37770625000E+06	7.205379E-03	-9.284581E+01
2.37957500000E+06	7.170468E-03	-9.758532E+01
2.38144375000E+06	7.092186E-03	-9.582654E+01
2.38331250000E+06	6.909614E-03	-9.568528E+01
2.38518125000E+06	7.218355E-03	-9.477771E+01
2.38705000000E+06	7.246057E-03	-9.519942E+01
2.38891875000E+06	7.226548E-03	-9.677818E+01
2.39078750000E+06	7.285684E-03	-9.373225E+01
2.39265625000E+06	7.059812E-03	-9.533935E+01
2.39452500000E+06	7.297029E-03	-9.677427E+01
2.39639375000E+06	7.237844E-03	-9.506271E+01
2.39826250000E+06	7.031921E-03	-9.353455E+01
2.40013125000E+06	6.940745E-03	-9.133434E+01
2.40200000000E+06	7.495279E-03	-9.757967E+01
2.40386875000E+06	7.188645E-03	-9.522702E+01
2.40573750000E+06	7.211928E-03	-9.681042E+01
2.40760625000E+06	6.986779E-03	-9.212283E+01
2.40947500000E+06	7.362017E-03	-9.579224E+01
2.41134375000E+06	7.268490E-03	-9.588107E+01
2.41321250000E+06	7.255674E-03	-9.497563E+01
2.41508125000E+06	7.458983E-03	-9.802147E+01
2.41695000000E+06	7.364158E-03	-9.551017E+01
2.41881875000E+06	7.403919E-03	-9.641467E+01
2.42068750000E+06	7.570629E-03	-9.475425E+01
2.42255625000E+06	7.424598E-03	-9.545042E+01
2.42442500000E+06	7.405516E-03	-9.483707E+01
2.42629375000E+06	7.367963E-03	-9.468255E+01
2.42816250000E+06	7.496907E-03	-9.742731E+01
2.43003125000E+06	7.086951E-03	-9.405193E+01
2.43190000000E+06	7.370443E-03	-9.423122E+01
2.43376875000E+06	7.266230E-03	-9.631828E+01
2.43563750000E+06	7.343906E-03	-9.753240E+01
2.43750625000E+06	7.301980E-03	-9.435439E+01
2.43937500000E+06	7.184576E-03	-9.459644E+01
2.44124375000E+06	7.468930E-03	-9.583962E+01
2.44311250000E+06	7.785630E-03	-9.669669E+01
2.44498125000E+06	7.567016E-03	-9.340617E+01
2.44685000000E+06	7.622249E-03	-9.474940E+01
2.44871875000E+06	7.259499E-03	-9.548571E+01
2.45058750000E+06	7.667229E-03	-9.419930E+01
2.45245625000E+06	7.299321E-03	-9.640578E+01
2.45432500000E+06	7.629655E-03	-9.254942E+01
2.45619375000E+06	7.275712E-03	-9.625865E+01
2.45806250000E+06	7.369148E-03	-9.609212E+01
2.45993125000E+06	7.567591E-03	-9.719911E+01
2.46180000000E+06	7.664471E-03	-9.671981E+01
2.46366875000E+06	7.530998E-03	-9.742594E+01
2.46553750000E+06	7.643191E-03	-9.622536E+01
2.46740625000E+06	7.535537E-03	-9.670327E+01
2.46927500000E+06	7.751851E-03	-9.457850E+01
2.47114375000E+06	7.631178E-03	-9.568082E+01
2.47301250000E+06	7.623485E-03	-9.309326E+01
2.47488125000E+06	7.756124E-03	-9.698870E+01
2.47675000000E+06	7.394738E-03	-9.479073E+01
2.47861875000E+06	7.475898E-03	-9.570039E+01
2.48048750000E+06	7.584396E-03	-9.707907E+01
2.48235625000E+06	7.464668E-03	-9.712255E+01
2.48422500000E+06	7.637714E-03	-9.535952E+01
2.48609375000E+06	7.879824E-03	-9.499841E+01
2.48796250000E+06	7.238397E-03	-9.431884E+01
2.48983125000E+06	7.292600E-03	-9.724706E+01
2.49170000000E+06	8.062738E-03	-9.738718E+01
2.49356875000E+06	7.505174E-03	-9.586188E+01
2.49543750000E+06	7.373063E-03	-9.532198E+01
2.49730625000E+06	7.536445E-03	-9.419975E+01
2.49917500000E+06	7.802393E-03	-9.787283E+01
2.50104375000E+06	8.011054E-03	-9.607185E+01
2.50291250000E+06	7.768644E-03	-9.529353E+01
2.50478125000E+06	7.580615E-03	-9.657017E+01
2.50665000000E+06	7.815428E-03	-9.724410E+01
2.50851875000E+06	7.759516E-03	-9.431136E+01
2.51038750000E+06	7.348540E-03	-9.753236E+01
2.51225625000E+06	7.667865E-03	-9.477305E+01
2.51412500000E+06	7.868248E-03	-9.481120E+01
2.51599375000E+06	7.603735E-03	-9.719953E+01
2.51786250000E+06	7.695037E-03	-9.658624E+01
2.51973125000E+06	7.984556E-03	-9.567650E+01
2.52160000000E+06	7.790951E-03	-9.444099E+01
2.52346875000E+06	7.733008E-03	-9.714292E+01
2.52533750000E+06	7.753385E-03	-9.953004E+01
2.52720625000E+06	7.698713E-03	-9.817315E+01
2.52907500000E+06	7.702756E-03	-9.442787E+01
2.53094375000E+06	7.937527E-03	-9.433078E+01
2.53281250000E+06	7.832200E-03	-9.403273E+01
2.53468125000E+06	7.691063E-03	-9.677407E+01
2.53655000000E+06	7.851372E-03	-9.795151E+01
2.53841875000E+06	8.046371E-03	-9.488967E+01
2.54028750000E+06	8.034563E-03	-9.795750E+01
2.54215625000E+06	7.689144E-03	-9.670157E+01
2.54402500000E+06	7.493227E-03	-9.678989E+01
2.54589375000E+06	7.709837E-03	-9.545643E+01
2.54776250000E+06	7.962144E-03	-9.496168E+01
2.54963125000E+06	7.987918E-03	-9.486236E+01
2.55150000000E+06	7.608125E-03	-9.332601E+01
2.55336875000E+06	8.020625E-03	-9.477443E+01
2.55523750000E+06	7.894967E-03	-9.717873E+01
2.55710625000E+06	7.996870E-03	-9.731413E+01
2.55897500000E+06	7.489893E-03	-9.610464E+01
2.56084375000E+06	7.780284E-03	-9.481531E+01
2.56271250000E+06	7.932132E-03	-9.533254E+01
2.56458125000E+06	7.933970E-03	-9.415233E+01
2.56645000000E+06	7.847929E-03	-9.458390E+01
2.56831875000E+06	8.137815E-03	-9.551769E+01
2.57018750000E+06	8.038224E-03	-9.467358E+01
2.57205625000E+06	7.828712E-03	-9.581653E+01
2.57392500000E+06	8.001017E-03	-9.398357E+01
2.57579375000E+06	7.938852E-03	-9.502187E+01
2.57766250000E+06	8.184252E-03	-9.402442E+01
2.57953125000E+06	7.722927E-03	-9.480357E+01
2.58140000000E+06	7.961141E-03	-9.511470E+01
2.58326875000E+06	7.815152E-03	-9.621911E+01
2.58513750000E+06	8.035368E-03	-9.637613E+01
2.58700625000E+06	7.977151E-03	-9.477981E+01
2.58887500000E+06	8.105387E-03	-9.637246E+01
2.59074375000E+06	8.099091E-03	-9.769535E+01
2.59261250000E+06	8.316358E-03	-9.524346E+01
2.59448125000E+06	7.890347E-03	-9.709953E+01
2.59635000000E+06	8.038699E-03	-9.710751E+01
2.59821875000E+06	8.052559E-03	-9.607536E+01
2.60008750000E+06	8.078787E-03	-9.770354E+01
2.60195625000E+06	7.893466E-03	-9.459693E+01
2.60382500000E+06	8.265579E-03	-9.331020E+01
2.60569375000E+06	8.197690E-03	-9.617628E+01
2.60756250000E+06	8.052290E-03	-9.526945E+01
2.60943125000E+06	7.858922E-03	-9.853357E+01
2.61130000000E+06	8.003653E-03	-9.487434E+01
2.61316875000E+06	8.093328E-03	-9.665019E+01
2.61503750000E+06	8.104390E-03	-9.388292E+01
2.61690625000E+06	7.867492E-03	-9.893508E+01
2.61877500000E+06	8.101767E-03	-9.699600E+01
2.62064375000E+06	7.985231E-03	-9.639603E+01
2.62251250000E+06	8.409066E-03	-9.661533E+01
2.62438125000E+06	7.940739E-03	-9.510281E+01
2.62625000000E+06	8.308982E-03	-9.454862E+01
2.62811875000E+06	8.339684E-03	-9.717957E+01
2.62998750000E+06	8.126962E-03	-9.661182E+01
2.63185625000E+06	8.086915E-03	-9.672021E+01
2.63372500000E+06	8.256458E-03	-9.609731E+01
2.63559375000E+06	7.783251E-03	-9.684028E+01
2.63746250000E+06	8.574975E-03	-9.432555E+01
2.63933125000E+06	8.320278E-03	-9.537085E+01
2.64120000000E+06	8.240864E-03	-9.526336E+01
2.64306875000E+06	8.068077E-03	-9.575557E+01
2.64493750000E+06	8.256692E-03	-9.600574E+01
2.64680625000E+06	8.243809E-03	-9.391288E+01
2.64867500000E+06	8.294503E-03	-9.565601E+01
2.65054375000E+06	8.433458E-03	-9.602241E+01
2.65241250000E+06	8.072942E-03	-9.363754E+01
2.65428125000E+06	8.142604E-03	-9.565457E+01
2.65615000000E+06	8.527992E-03	-9.347625E+01
2.65801875000E+06	8.306081E-03	-9.515438E+01
2.65988750000E+06	8.462495E-03	-9.842735E+01
2.66175625000E+06	8.356159E-03	-9.375922E+01
2.66362500000E+06	8.511233E-03	-9.689455E+01
2.66549375000E+06	8.415335E-03	-9.558318E+01
2.66736250000E+06	8.368623E-03	-9.546278E+01
2.66923125000E+06	8.589760E-03	-9.483819E+01
2.67110000000E+06	8.603142E-03	-9.695033E+01
2.67296875000E+06	8.423708E-03	-9.554584E+01
2.67483750000E+06	8.644322E-03	-9.780154E+01
2.67670625000E+06	8.288874E-03	-9.664606E+01
2.67857500000E+06	8.287314E-03	-9.644247E+01
2.68044375000E+06	8.223175E-03	-9.605814E+01
2.68231250000E+06	8.138189E-03	-9.762537E+01
2.68418125000E+06	8.469273E-03	-9.566026E+01
2.68605000000E+06	8.451130E-03	-9.660909E+01
2.68791875000E+06	8.345644E-03	-9.457776E+01
2.68978750000E+06	8.486379E-03	-9.568124E+01
2.69165625000E+06	8.232519E-03	-9.617054E+01
2.69352500000E+06	8.182997E-03	-9.751319E+01
2.69539375000E+06	8.249278E-03	-9.586107E+01
2.69726250000E+06	8.247925E-03	-9.532552E+01
2.69913125000E+06	8.631342E-03	-9.567509E+01
2.70100000000E+06	8.637497E-03	-9.517334E+01
2.70286875000E+06	8.421660E-03	-9.742323E+01
2.70473750000E+06	8.553608E-03	-9.572045E+01
2.70660625000E+06	8.369350E-03	-9.532436E+01
2.70847500000E+06	8.556194E-03	-9.824706E+01
2.71034375000E+06	8.898668E-03	-9.733298E+01
2.71221250000E+06	8.380000E-03	-9.898672E+01
2.71408125000E+06	8.621997E-03	-9.479700E+01
2.71595000000E+06	8.543622E-03	-9.547758E+01
2.71781875000E+06	8.850862E-03	-9.592850E+01
2.71968750000E+06	8.390869E-03	-9.431918E+01
2.72155625000E+06	8.628680E-03	-9.449362E+01
2.72342500000E+06	8.610102E-03	-9.793427E+01
2.72529375000E+06	8.703909E-03	-9.777586E+01
2.72716250000E+06	8.442620E-03	-9.705915E+01
2.72903125000E+06	8.464945E-03	-9.514917E+01
2.73090000000E+06	8.713669E-03	-9.751523E+01
2.73276875000E+06	8.728887E-03	-9.547973E+01
2.73463750000E+06	8.400366E-03	-9.516489E+01
2.73650625000E+06	8.590953E-03	-9.403935E+01
2.73837500000E+06	8.477200E-03	-9.457072E+01
2.74024375000E+06	8.910573E-03	-9.611920E+01
2.74211250000E+06	8.748771E-03	-9.443738E+01
2.74398125000E+06	8.949430E-03	-9.499195E+01
2.74585000000E+06	8.795900E-03	-9.691823E+01
2.74771875000E+06	8.767718E-03	-9.649667E+01
2.74958750000E+06	8.661066E-03	-9.665681E+01
2.75145625000E+06	9.121644E-03	-9.561118E+01
2.75332500000E+06	8.620382E-03	-9.674435E+01
2.75519375000E+06	8.672586E-03	-9.639744E+01
2.75706250000E+06	8.635025E-03	-9.627743E+01
2.75893125000E+06	8.501349E-03	-9.603274E+01
2.76080000000E+06	8.664771E-03	-9.616158E+01
2.76266875000E+06	8.756259E-03	-9.486621E+01
2.76453750000E+06	9.021348E-03	-9.524094E+01
2.76640625000E+06	8.897367E-03	-9.721264E+01
2.76827500000E+06	8.781009E-03	-9.786903E+01
2.77014375000E+06	8.708015E-03	-9.573806E+01
2.77201250000E+06	8.806999E-03	-9.611539E+01
2.77388125000E+06	8.714747E-03	-9.681844E+01
2.77575000000E+06	8.778661E-03	-9.401866E+01
2.77761875000E+06	8.726464E-03	-9.692542E+01
2.77948750000E+06	8.808691E-03	-9.401016E+01
2.78135625000E+06	9.075200E-03	-9.641943E+01
2.78322500000E+06	8.856141E-03	-9.464132E+01
2.78509375000E+06	8.879553E-03	-9.613538E+01
2.78696250000E+06	8.810404E-03	-9.442858E+01
2.78883125000E+06	8.687492E-03	-9.597202E+01
2.79070000000E+06	9.021697E-03	-9.509772E+01
2.79256875000E+06	9.005376E-03	-9.611125E+01
2.79443750000E+06	8.937758E-03	-9.494228E+01
2.79630625000E+06	9.008761E-03	-9.467720E+01
2.79817500000E+06	8.909342E-03	-9.557550E+01
2.80004375000E+06	9.452784E-03	-9.519964E+01
2.80191250000E+06	8.932694E-03	-9.636056E+01
2.80378125000E+06	8.613030E-03	-9.595659E+01
2.80565000000E+06	8.915865E-03	-9.640150E+01
2.80751875000E+06	9.154525E-03	-9.692574E+01
2.80938750000E+06	8.968000E-03	-9.644032E+01
2.81125625000E+06	8.937334E-03	-9.457269E+01
2.81312500000E+06	8.984321E-03	-9.626897E+01
2.81499375000E+06	8.999625E-03	-9.722557E+01
2.81686250000E+06	9.079259E-03	-9.453281E+01
2.81873125000E+06	9.289077E-03	-9.605575E+01
2.82060000000E+06	9.234223E-03	-9.649918E+01
2.82246875000E+06	8.868790E-03	-9.566711E+01
2.82433750000E+06	8.997769E-03	-9.559150E+01
2.82620625000E+06	9.007476E-03	-9.516367E+01
2.82807500000E+06	9.180372E-03	-9.559289E+01
2.82994375000E+06	8.903983E-03	-9.686588E+01
2.83181250000E+06	9.221443E-03	-9.631229E+01
2.83368125000E+06	9.292168E-03	-9.644958E+01
2.83555000000E+06	9.059072E-03	-9.617026E+01
2.83741875000E+06	9.055538E-03	-9.705902E+01
2.83928750000E+06	8.934246E-03	-9.503966E+01
2.84115625000E+06	9.197175E-03	-9.531190E+01
2.84302500000E+06	9.232019E-03	-9.868540E+01
2.84489375000E+06	9.259515E-03	-9.702774E+01
2.84676250000E+06	9.312214E-03	-9.697622E+01
2.84863125000E+06	9.226444E-03	-9.783315E+01
2.85050000000E+06	9.615364E-03	-9.455099E+01
2.85236875000E+06	9.148643E-03	-9.687553E+01
2.85423750000E+06	9.123737E-03	-9.617072E+01
2.85610625000E+06	9.240036E-03	-9.496216E+01
2.85797500000E+06	9.308223E-03	-9.674721E+01
2.85984375000E+06	9.514791E-03	-9.649997E+01
2.86171250000E+06	9.379068E-03	-9.671516E+01
2.86358125000E+06	9.074270E-03	-9.536967E+01
2.86545000000E+06	9.239879E-03	-9.648753E+01
2.86731875000E+06	9.309037E-03	-9.590919E+01
2.86918750000E+06	9.208106E-03	-9.510286E+01
2.87105625000E+06	9.199299E-03	-9.455453E+01
2.87292500000E+06	9.287140E-03	-9.611886E+01
2.87479375000E+06	9.388393E-03	-9.841903E+01
2.87666250000E+06	9.544369E-03	-9.699335E+01
2.87853125000E+06	9.314361E-03	-9.703912E+01
2.88040000000E+06	9.277832E-03	-9.802345E+01
2.88226875000E+06	9.459830E-03	-9.503682E+01
2.88413750000E+06	9.005858E-03	-9.717077E+01
2.88600625000E+06	9.437735E-03	-9.731759E+01
2.88787500000E+06	9.458160E-03	-9.879700E+01
2.88974375000E+06	9.405017E-03	-9.671193E+01
2.89161250000E+06	9.070734E-03	-9.711476E+01
2.89348125000E+06	9.463299E-03	-9.899308E+01
2.89535000000E+06	9.276414E-03	-9.913597E+01
2.89721875000E+06	9.422590E-03	-9.577370E+01
2.89908750000E+06	9.386783E-03	-9.538107E+01
2.90095625000E+06	9.533159E-03	-9.680394E+01
2.90282500000E+06	9.415902E-03	-9.611179E+01
2.90469375000E+06	9.262154E-03	-9.638385E+01
2.90656250000E+06	9.459352E-03	-9.567168E+01
2.90843125000E+06	9.404247E-03	-9.519225E+01
2.91030000000E+06	9.392079E-03	-9.850287E+01
2.91216875000E+06	9.784041E-03	-9.621436E+01
2.91403750000E+06	9.588872E-03	-9.571703E+01
2.91590625000E+06	9.384409E-03	-9.790177E+01
2.91777500000E+06	9.780719E-03	-9.704056E+01
2.91964375000E+06	9.403119E-03	-9.703971E+01
2.92151250000E+06	9.693690E-03	-9.489351E+01
2.92338125000E+06	9.529814E-03	-9.443729E+01
2.92525000000E+06	9.531705E-03	-9.616576E+01
2.92711875000E+06	9.324076E-03	-9.753697E+01
2.92898750000E+06	9.604480E-03	-9.770888E+01
2.93085625000E+06	9.477724E-03	-9.610783E+01
2.93272500000E+06	9.421151E-03	-9.484727E+01
2.93459375000E+06	9.539379E-03	-9.673673E+01
2.93646250000E+06	9.525446E-03	-9.510667E+01
2.93833125000E+06	9.735040E-03	-9.670500E+01
2.94020000000E+06	9.456731E-03	-9.701574E+01
2.94206875000E+06	9.745795E-03	-9.563064E+01
2.94393750000E+06	9.995388E-03	-9.577509E+01
2.94580625000E+06	9.989996E-03	-9.675931E+01
2.94767500000E+06	9.624005E-03	-9.787790E+01
2.94954375000E+06	9.570918E-03	-9.609798E+01
2.95141250000E+06	9.699492E-03	-9.700291E+01
2.95328125000E+06	9.694463E-03	-9.641986E+01
2.95515000000E+06	9.486584E-03	-9.487169E+01
2.95701875000E+06	9.635247E-03	-9.684978E+01
2.95888750000E+06	9.388540E-03	-9.514134E+01
2.96075625000E+06	9.739775E-03	-9.608833E+01
2.96262500000E+06	9.742334E-03	-9.718298E+01
2.96449375000E+06	9.740860E-03	-9.631541E+01
2.96636250000E+06	9.604027E-03	-9.515637E+01
2.96823125000E+06	9.662646E-03	-9.763970E+01
2.97010000000E+06	9.479359E-03	-9.644624E+01
2.97196875000E+06	9.811849E-03	-9.529344E+01
2.97383750000E+06	9.780150E-03	-9.667776E+01
2.97570625000E+06	9.586763E-03	-9.712232E+01
2.97757500000E+06	9.570196E-03	-9.507616E+01
2.97944375000E+06	9.562540E-03	-9.469078E+01
2.98131250000E+06	1.003071E-02	-9.597060E+01
2.98318125000E+06	9.714427E-03	-9.568411E+01
2.98505000000E+06	1.000216E-02	-9.563322E+01
2.98691875000E+06	9.994932E-03	-9.608120E+01
2.98878750000E+06	9.896833E-03	-9.497331E+01
2.99065625000E+06	9.525392E-03	-9.496297E+01
2.99252500000E+06	9.653827E-03	-9.765098E+01
2.99439375000E+06	9.809542E-03	-9.455554E+01
2.99626250000E+06	9.718344E-03	-9.723637E+01
2.99813125000E+06	9.792306E-03	-9.736652E+01
3.00000000000E+06	9.939900E-03	-9.659237E+01
