"E5100A REV3.14"
"DATE: Jun 28 2004"



"CHANNEL: 2"
"MEASURE TYPE: AR"
"FORMAT TYPE: LINMP"
"NUMBER of POINTS: 1601"
"SWEEP TIME:  3.458 s"
"SWEEP TYPE: LINF"
"SOURCE POWER: 0 dBm"
"IF BANDWIDTH: 500 Hz"

"Frequency"	"Main Array"	"Sub Array"
1.00000000000E+04	1.391908E-02	-1.208760E+02
1.18687500000E+04	3.444932E-02	-7.070683E+01
1.37375000000E+04	6.028667E-02	-5.161343E+01
1.56062500000E+04	5.052945E-02	-2.600322E+01
1.74750000000E+04	4.896130E-02	-3.649819E+01
1.93437500000E+04	4.409675E-02	-4.896482E+01
2.12125000000E+04	3.930542E-02	-4.544690E+01
2.30812500000E+04	3.869440E-02	-4.955258E+01
2.49500000000E+04	3.765147E-02	-5.185888E+01
2.68187500000E+04	3.680707E-02	-4.938952E+01
2.86875000000E+04	3.632260E-02	-5.141047E+01
3.05562500000E+04	3.269436E-02	-5.328194E+01
3.24250000000E+04	3.307622E-02	-5.208028E+01
3.42937500000E+04	3.215485E-02	-5.177510E+01
3.61625000000E+04	3.189994E-02	-5.532065E+01
3.80312500000E+04	2.962880E-02	-5.579572E+01
3.99000000000E+04	2.835927E-02	-5.551743E+01
4.17687500000E+04	2.827561E-02	-5.776968E+01
4.36375000000E+04	2.509836E-02	-6.064239E+01
4.55062500000E+04	2.409927E-02	-6.039289E+01
4.73750000000E+04	2.298884E-02	-6.305568E+01
4.92437500000E+04	2.282437E-02	-6.107202E+01
5.11125000000E+04	2.204893E-02	-5.727024E+01
5.29812500000E+04	2.026089E-02	-6.155526E+01
5.48500000000E+04	2.114432E-02	-5.604398E+01
5.67187500000E+04	1.971011E-02	-6.331915E+01
5.85875000000E+04	1.901522E-02	-6.180029E+01
6.04562500000E+04	1.632608E-02	-5.933926E+01
6.23250000000E+04	1.723484E-02	-5.913072E+01
6.41937500000E+04	1.441123E-02	-5.894783E+01
6.60625000000E+04	1.326073E-02	-5.760084E+01
6.79312500000E+04	1.482444E-02	-4.933618E+01
6.98000000000E+04	1.454485E-02	-5.201608E+01
7.16687500000E+04	1.535707E-02	-4.455745E+01
7.35375000000E+04	1.510118E-02	-4.143782E+01
7.54062500000E+04	1.591135E-02	-3.859616E+01
7.72750000000E+04	1.623706E-02	-3.737177E+01
7.91437500000E+04	1.706780E-02	-3.592583E+01
8.10125000000E+04	1.776406E-02	-3.811543E+01
8.28812500000E+04	1.837542E-02	-4.090855E+01
8.47500000000E+04	1.911497E-02	-4.201053E+01
8.66187500000E+04	1.910107E-02	-4.385591E+01
8.84875000000E+04	2.032515E-02	-4.545219E+01
9.03562500000E+04	1.864697E-02	-5.436831E+01
9.22250000000E+04	1.948078E-02	-4.899595E+01
9.40937500000E+04	1.952602E-02	-4.967807E+01
9.59625000000E+04	1.953412E-02	-5.278877E+01
9.78312500000E+04	1.855387E-02	-5.331050E+01
9.97000000000E+04	1.883336E-02	-5.396562E+01
1.01568750000E+05	1.866351E-02	-5.336007E+01
1.03437500000E+05	1.807515E-02	-5.410006E+01
1.05306250000E+05	1.954049E-02	-5.914765E+01
1.07175000000E+05	1.768530E-02	-5.902553E+01
1.09043750000E+05	1.741199E-02	-6.077646E+01
1.10912500000E+05	1.347619E-02	-5.494397E+01
1.12781250000E+05	1.682880E-02	-6.052354E+01
1.14650000000E+05	1.614448E-02	-6.058138E+01
1.16518750000E+05	1.641652E-02	-6.271352E+01
1.18387500000E+05	1.634432E-02	-6.426086E+01
1.20256250000E+05	1.601447E-02	-6.239756E+01
1.22125000000E+05	1.582371E-02	-6.391526E+01
1.23993750000E+05	1.505026E-02	-6.545750E+01
1.25862500000E+05	1.525425E-02	-6.135914E+01
1.27731250000E+05	1.536602E-02	-6.373943E+01
1.29600000000E+05	1.499133E-02	-6.273625E+01
1.31468750000E+05	1.473848E-02	-6.644756E+01
1.33337500000E+05	1.311583E-02	-6.606636E+01
1.35206250000E+05	1.393012E-02	-6.599198E+01
1.37075000000E+05	1.400386E-02	-6.362070E+01
1.38943750000E+05	1.406269E-02	-6.452520E+01
1.40812500000E+05	1.620881E-02	-6.482660E+01
1.42681250000E+05	1.455995E-02	-6.733833E+01
1.44550000000E+05	1.404276E-02	-7.057299E+01
1.46418750000E+05	1.361320E-02	-6.751469E+01
1.48287500000E+05	1.325488E-02	-6.641964E+01
1.50156250000E+05	1.310338E-02	-6.879851E+01
1.52025000000E+05	1.305076E-02	-6.971937E+01
1.53893750000E+05	1.269273E-02	-6.766932E+01
1.55762500000E+05	1.246798E-02	-7.056965E+01
1.57631250000E+05	1.206221E-02	-6.854862E+01
1.59500000000E+05	1.281366E-02	-6.610040E+01
1.61368750000E+05	1.248221E-02	-7.122648E+01
1.63237500000E+05	1.214181E-02	-6.906926E+01
1.65106250000E+05	1.194926E-02	-7.004304E+01
1.66975000000E+05	1.177217E-02	-7.974026E+01
1.68843750000E+05	1.181704E-02	-6.885914E+01
1.70712500000E+05	1.189080E-02	-6.837672E+01
1.72581250000E+05	1.145737E-02	-6.948186E+01
1.74450000000E+05	1.097694E-02	-7.010807E+01
1.76318750000E+05	1.122458E-02	-6.911001E+01
1.78187500000E+05	1.090339E-02	-7.082145E+01
1.80056250000E+05	1.074429E-02	-6.948184E+01
1.81925000000E+05	1.092071E-02	-7.099715E+01
1.83793750000E+05	1.051757E-02	-7.206091E+01
1.85662500000E+05	1.070780E-02	-7.088535E+01
1.87531250000E+05	1.042272E-02	-6.911625E+01
1.89400000000E+05	1.061495E-02	-7.290228E+01
1.91268750000E+05	9.992005E-03	-7.223930E+01
1.93137500000E+05	9.882535E-03	-7.266879E+01
1.95006250000E+05	9.550303E-03	-6.909501E+01
1.96875000000E+05	9.833928E-03	-7.257249E+01
1.98743750000E+05	1.006208E-02	-7.186920E+01
2.00612500000E+05	9.992093E-03	-7.525402E+01
2.02481250000E+05	9.683133E-03	-6.857580E+01
2.04350000000E+05	9.378410E-03	-6.891344E+01
2.06218750000E+05	9.794934E-03	-6.972157E+01
2.08087500000E+05	9.674544E-03	-7.084814E+01
2.09956250000E+05	9.050293E-03	-7.074980E+01
2.11825000000E+05	9.227452E-03	-7.130806E+01
2.13693750000E+05	9.496554E-03	-7.159084E+01
2.15562500000E+05	9.199631E-03	-7.318099E+01
2.17431250000E+05	8.926144E-03	-7.247007E+01
2.19300000000E+05	9.540552E-03	-7.092976E+01
2.21168750000E+05	8.942911E-03	-6.806563E+01
2.23037500000E+05	8.924297E-03	-7.091417E+01
2.24906250000E+05	9.189799E-03	-7.022736E+01
2.26775000000E+05	8.907024E-03	-7.135178E+01
2.28643750000E+05	9.325652E-03	-7.254163E+01
2.30512500000E+05	8.804115E-03	-7.161024E+01
2.32381250000E+05	9.016949E-03	-7.104167E+01
2.34250000000E+05	9.174922E-03	-7.048632E+01
2.36118750000E+05	9.035120E-03	-7.106572E+01
2.37987500000E+05	8.983286E-03	-7.099286E+01
2.39856250000E+05	9.058206E-03	-7.255122E+01
2.41725000000E+05	8.970331E-03	-7.269711E+01
2.43593750000E+05	9.706905E-03	-7.493063E+01
2.45462500000E+05	9.101744E-03	-7.841025E+01
2.47331250000E+05	9.118692E-03	-7.613614E+01
2.49200000000E+05	9.449972E-03	-7.670298E+01
2.51068750000E+05	9.038936E-03	-7.588068E+01
2.52937500000E+05	8.754728E-03	-7.829342E+01
2.54806250000E+05	8.398630E-03	-8.020315E+01
2.56675000000E+05	8.653992E-03	-8.165400E+01
2.58543750000E+05	8.855210E-03	-8.025776E+01
2.60412500000E+05	8.288352E-03	-7.981718E+01
2.62281250000E+05	8.161956E-03	-8.277055E+01
2.64150000000E+05	7.825627E-03	-8.341273E+01
2.66018750000E+05	7.804142E-03	-8.313242E+01
2.67887500000E+05	7.801382E-03	-8.282722E+01
2.69756250000E+05	7.931155E-03	-8.355404E+01
2.71625000000E+05	7.661898E-03	-8.315168E+01
2.73493750000E+05	7.613970E-03	-8.289051E+01
2.75362500000E+05	7.418303E-03	-8.260629E+01
2.77231250000E+05	7.565020E-03	-8.382437E+01
2.79100000000E+05	7.079973E-03	-8.483872E+01
2.80968750000E+05	6.894137E-03	-8.248646E+01
2.82837500000E+05	6.975340E-03	-8.247832E+01
2.84706250000E+05	6.746070E-03	-8.207860E+01
2.86575000000E+05	6.719325E-03	-8.170215E+01
2.88443750000E+05	6.400337E-03	-8.018168E+01
2.90312500000E+05	7.044740E-03	-7.956631E+01
2.92181250000E+05	6.602210E-03	-8.135065E+01
2.94050000000E+05	6.563324E-03	-8.267435E+01
2.95918750000E+05	6.459038E-03	-8.336865E+01
2.97787500000E+05	6.616874E-03	-8.501599E+01
2.99656250000E+05	6.421625E-03	-8.162788E+01
3.01525000000E+05	6.476080E-03	-8.212659E+01
3.03393750000E+05	6.122459E-03	-7.724891E+01
3.05262500000E+05	6.038215E-03	-8.175278E+01
3.07131250000E+05	6.318739E-03	-8.286918E+01
3.09000000000E+05	6.223623E-03	-8.394576E+01
3.10868750000E+05	6.166292E-03	-8.184354E+01
3.12737500000E+05	5.998277E-03	-7.798677E+01
3.14606250000E+05	6.002832E-03	-7.638238E+01
3.16475000000E+05	5.882649E-03	-8.048556E+01
3.18343750000E+05	6.015929E-03	-8.033424E+01
3.20212500000E+05	6.162188E-03	-8.304573E+01
3.22081250000E+05	5.844622E-03	-8.421153E+01
3.23950000000E+05	5.897578E-03	-7.829237E+01
3.25818750000E+05	5.789722E-03	-8.086183E+01
3.27687500000E+05	5.961051E-03	-8.345255E+01
3.29556250000E+05	5.773684E-03	-8.038921E+01
3.31425000000E+05	5.578368E-03	-8.204583E+01
3.33293750000E+05	5.790935E-03	-8.010661E+01
3.35162500000E+05	5.498306E-03	-8.106050E+01
3.37031250000E+05	5.586076E-03	-7.936518E+01
3.38900000000E+05	5.445287E-03	-7.821477E+01
3.40768750000E+05	5.573505E-03	-8.120347E+01
3.42637500000E+05	5.326471E-03	-8.039415E+01
3.44506250000E+05	5.590904E-03	-7.915789E+01
3.46375000000E+05	5.507580E-03	-8.052472E+01
3.48243750000E+05	5.226370E-03	-7.989314E+01
3.50112500000E+05	4.970686E-03	-7.779510E+01
3.51981250000E+05	5.438645E-03	-8.483323E+01
3.53850000000E+05	5.592576E-03	-7.859829E+01
3.55718750000E+05	5.389418E-03	-8.119074E+01
3.57587500000E+05	5.325226E-03	-8.034379E+01
3.59456250000E+05	5.107135E-03	-7.742049E+01
3.61325000000E+05	5.220026E-03	-7.983443E+01
3.63193750000E+05	5.040645E-03	-8.045898E+01
3.65062500000E+05	5.164675E-03	-7.842427E+01
3.66931250000E+05	4.979039E-03	-8.191442E+01
3.68800000000E+05	5.209969E-03	-8.133208E+01
3.70668750000E+05	5.016097E-03	-7.890833E+01
3.72537500000E+05	5.255123E-03	-7.981112E+01
3.74406250000E+05	5.012640E-03	-7.830257E+01
3.76275000000E+05	4.947019E-03	-8.190051E+01
3.78143750000E+05	4.979829E-03	-8.110736E+01
3.80012500000E+05	4.729469E-03	-8.055531E+01
3.81881250000E+05	5.060642E-03	-8.256537E+01
3.83750000000E+05	4.755122E-03	-7.799669E+01
3.85618750000E+05	4.871719E-03	-8.175421E+01
3.87487500000E+05	4.814732E-03	-7.946346E+01
3.89356250000E+05	4.853951E-03	-7.984875E+01
3.91225000000E+05	4.860433E-03	-7.674853E+01
3.93093750000E+05	4.655144E-03	-7.536930E+01
3.94962500000E+05	4.905499E-03	-7.999875E+01
3.96831250000E+05	4.719656E-03	-7.912870E+01
3.98700000000E+05	5.052084E-03	-7.823485E+01
4.00568750000E+05	4.575771E-03	-7.745489E+01
4.02437500000E+05	4.656505E-03	-7.872997E+01
4.04306250000E+05	4.883422E-03	-8.035858E+01
4.06175000000E+05	4.172197E-03	-7.507184E+01
4.08043750000E+05	4.553974E-03	-8.422455E+01
4.09912500000E+05	4.778315E-03	-7.826128E+01
4.11781250000E+05	4.471175E-03	-7.690452E+01
4.13650000000E+05	4.391898E-03	-7.779776E+01
4.15518750000E+05	4.792696E-03	-8.122339E+01
4.17387500000E+05	4.659798E-03	-8.093119E+01
4.19256250000E+05	4.560034E-03	-8.404995E+01
4.21125000000E+05	4.235327E-03	-7.947217E+01
4.22993750000E+05	4.365255E-03	-8.039822E+01
4.24862500000E+05	4.657377E-03	-7.778026E+01
4.26731250000E+05	4.305703E-03	-8.372255E+01
4.28600000000E+05	4.393149E-03	-8.140672E+01
4.30468750000E+05	4.512085E-03	-7.603571E+01
4.32337500000E+05	4.247526E-03	-7.995192E+01
4.34206250000E+05	4.467514E-03	-8.044919E+01
4.36075000000E+05	4.581275E-03	-8.059929E+01
4.37943750000E+05	4.223933E-03	-7.681886E+01
4.39812500000E+05	4.376237E-03	-7.879207E+01
4.41681250000E+05	4.321137E-03	-7.875014E+01
4.43550000000E+05	4.407364E-03	-7.488042E+01
4.45418750000E+05	4.111432E-03	-7.636844E+01
4.47287500000E+05	4.419698E-03	-7.785915E+01
4.49156250000E+05	4.302712E-03	-7.743562E+01
4.51025000000E+05	4.000913E-03	-7.755225E+01
4.52893750000E+05	4.556467E-03	-7.807254E+01
4.54762500000E+05	4.148104E-03	-7.976856E+01
4.56631250000E+05	4.471211E-03	-7.609515E+01
4.58500000000E+05	4.209036E-03	-8.051289E+01
4.60368750000E+05	4.317830E-03	-8.053836E+01
4.62237500000E+05	4.243155E-03	-7.871067E+01
4.64106250000E+05	4.109690E-03	-8.015324E+01
4.65975000000E+05	4.008943E-03	-7.666983E+01
4.67843750000E+05	3.925884E-03	-7.853963E+01
4.69712500000E+05	4.428549E-03	-8.053422E+01
4.71581250000E+05	3.999034E-03	-7.827213E+01
4.73450000000E+05	4.028272E-03	-8.107111E+01
4.75318750000E+05	4.158397E-03	-7.981990E+01
4.77187500000E+05	4.169857E-03	-7.812550E+01
4.79056250000E+05	3.843377E-03	-8.211526E+01
4.80925000000E+05	4.149685E-03	-7.902572E+01
4.82793750000E+05	4.117373E-03	-7.857397E+01
4.84662500000E+05	4.373683E-03	-8.152351E+01
4.86531250000E+05	4.405084E-03	-7.730097E+01
4.88400000000E+05	3.953839E-03	-7.879095E+01
4.90268750000E+05	3.839852E-03	-7.900280E+01
4.92137500000E+05	3.692002E-03	-8.262000E+01
4.94006250000E+05	3.751716E-03	-7.794472E+01
4.95875000000E+05	3.862891E-03	-8.019867E+01
4.97743750000E+05	4.080032E-03	-8.277972E+01
4.99612500000E+05	3.757683E-03	-8.113474E+01
5.01481250000E+05	3.764609E-03	-8.035372E+01
5.03350000000E+05	4.094279E-03	-8.103412E+01
5.05218750000E+05	3.982907E-03	-8.441117E+01
5.07087500000E+05	3.781822E-03	-8.332019E+01
5.08956250000E+05	3.891362E-03	-8.263149E+01
5.10825000000E+05	3.899775E-03	-8.613661E+01
5.12693750000E+05	3.654573E-03	-8.259379E+01
5.14562500000E+05	3.896605E-03	-8.292672E+01
5.16431250000E+05	3.762656E-03	-8.338035E+01
5.18300000000E+05	3.659899E-03	-8.668381E+01
5.20168750000E+05	3.611227E-03	-8.393295E+01
5.22037500000E+05	3.695973E-03	-8.803078E+01
5.23906250000E+05	3.881146E-03	-8.508907E+01
5.25775000000E+05	3.494196E-03	-8.050024E+01
5.27643750000E+05	3.622150E-03	-8.231651E+01
5.29512500000E+05	3.616735E-03	-8.619469E+01
5.31381250000E+05	3.646831E-03	-8.426564E+01
5.33250000000E+05	3.598558E-03	-8.658096E+01
5.35118750000E+05	3.581758E-03	-8.466154E+01
5.36987500000E+05	3.685616E-03	-8.541233E+01
5.38856250000E+05	3.450556E-03	-8.330061E+01
5.40725000000E+05	3.627528E-03	-8.224804E+01
5.42593750000E+05	3.315579E-03	-8.779404E+01
5.44462500000E+05	3.435842E-03	-8.336507E+01
5.46331250000E+05	3.311710E-03	-8.385068E+01
5.48200000000E+05	3.415561E-03	-8.856856E+01
5.50068750000E+05	3.319877E-03	-8.440978E+01
5.51937500000E+05	3.224011E-03	-8.203065E+01
5.53806250000E+05	3.210576E-03	-8.436104E+01
5.55675000000E+05	3.344258E-03	-8.088609E+01
5.57543750000E+05	3.331277E-03	-8.405209E+01
5.59412500000E+05	3.295112E-03	-8.860414E+01
5.61281250000E+05	3.261463E-03	-8.214931E+01
5.63150000000E+05	3.138829E-03	-8.723799E+01
5.65018750000E+05	3.006750E-03	-8.478042E+01
5.66887500000E+05	3.106470E-03	-8.459705E+01
5.68756250000E+05	3.079017E-03	-8.304314E+01
5.70625000000E+05	3.204438E-03	-8.325301E+01
5.72493750000E+05	3.024060E-03	-8.827779E+01
5.74362500000E+05	2.938371E-03	-8.057576E+01
5.76231250000E+05	3.069812E-03	-8.440898E+01
5.78100000000E+05	3.105670E-03	-8.209640E+01
5.79968750000E+05	3.262557E-03	-8.013705E+01
5.81837500000E+05	3.206216E-03	-8.657414E+01
5.83706250000E+05	2.691909E-03	-8.578196E+01
5.85575000000E+05	2.949047E-03	-8.294090E+01
5.87443750000E+05	3.136993E-03	-8.398082E+01
5.89312500000E+05	2.748013E-03	-8.358715E+01
5.91181250000E+05	3.132433E-03	-8.187519E+01
5.93050000000E+05	3.031593E-03	-8.216826E+01
5.94918750000E+05	2.982986E-03	-8.295794E+01
5.96787500000E+05	2.715801E-03	-8.237489E+01
5.98656250000E+05	2.850252E-03	-8.514548E+01
6.00525000000E+05	3.011731E-03	-8.590131E+01
6.02393750000E+05	2.861648E-03	-8.715462E+01
6.04262500000E+05	2.714432E-03	-8.293599E+01
6.06131250000E+05	2.794963E-03	-8.469250E+01
6.08000000000E+05	3.037194E-03	-8.385213E+01
6.09868750000E+05	2.915520E-03	-8.783561E+01
6.11737500000E+05	2.812277E-03	-7.986698E+01
6.13606250000E+05	2.804578E-03	-8.653027E+01
6.15475000000E+05	2.733284E-03	-8.101992E+01
6.17343750000E+05	2.922228E-03	-8.377339E+01
6.19212500000E+05	2.667209E-03	-7.858737E+01
6.21081250000E+05	2.498152E-03	-8.340526E+01
6.22950000000E+05	2.750095E-03	-8.277974E+01
6.24818750000E+05	2.765777E-03	-7.818637E+01
6.26687500000E+05	2.916790E-03	-8.139125E+01
6.28556250000E+05	2.876237E-03	-8.121969E+01
6.30425000000E+05	2.931182E-03	-8.407413E+01
6.32293750000E+05	2.824596E-03	-7.902319E+01
6.34162500000E+05	2.693703E-03	-8.889424E+01
6.36031250000E+05	2.833269E-03	-8.487440E+01
6.37900000000E+05	2.833422E-03	-8.099371E+01
6.39768750000E+05	2.737294E-03	-7.803678E+01
6.41637500000E+05	2.567786E-03	-8.403242E+01
6.43506250000E+05	2.670071E-03	-7.327913E+01
6.45375000000E+05	2.740011E-03	-8.044466E+01
6.47243750000E+05	2.675775E-03	-8.374475E+01
6.49112500000E+05	2.848648E-03	-8.052272E+01
6.50981250000E+05	2.786991E-03	-8.447572E+01
6.52850000000E+05	2.755372E-03	-8.278702E+01
6.54718750000E+05	2.509543E-03	-8.376137E+01
6.56587500000E+05	2.625655E-03	-8.393970E+01
6.58456250000E+05	2.600658E-03	-8.145088E+01
6.60325000000E+05	2.683501E-03	-7.700315E+01
6.62193750000E+05	2.597290E-03	-8.185527E+01
6.64062500000E+05	2.467659E-03	-8.046482E+01
6.65931250000E+05	2.629739E-03	-7.835500E+01
6.67800000000E+05	2.626154E-03	-7.993896E+01
6.69668750000E+05	2.556498E-03	-8.089537E+01
6.71537500000E+05	2.614622E-03	-8.227151E+01
6.73406250000E+05	2.326328E-03	-7.821471E+01
6.75275000000E+05	2.629791E-03	-8.299300E+01
6.77143750000E+05	2.704334E-03	-7.979943E+01
6.79012500000E+05	2.497722E-03	-7.828188E+01
6.80881250000E+05	2.575483E-03	-8.320380E+01
6.82750000000E+05	2.383216E-03	-8.160912E+01
6.84618750000E+05	2.339569E-03	-7.949713E+01
6.86487500000E+05	2.418335E-03	-8.075383E+01
6.88356250000E+05	2.545173E-03	-7.807977E+01
6.90225000000E+05	2.407529E-03	-8.148571E+01
6.92093750000E+05	2.231685E-03	-8.512857E+01
6.93962500000E+05	2.434612E-03	-7.786014E+01
6.95831250000E+05	2.283099E-03	-8.212807E+01
6.97700000000E+05	2.391777E-03	-7.938789E+01
6.99568750000E+05	2.528291E-03	-7.939030E+01
7.01437500000E+05	2.570402E-03	-7.920761E+01
7.03306250000E+05	2.412824E-03	-8.008829E+01
7.05175000000E+05	2.371718E-03	-8.125351E+01
7.07043750000E+05	2.486010E-03	-8.015191E+01
7.08912500000E+05	2.151342E-03	-7.866891E+01
7.10781250000E+05	2.259345E-03	-8.530080E+01
7.12650000000E+05	2.607666E-03	-8.269084E+01
7.14518750000E+05	2.311729E-03	-8.312061E+01
7.16387500000E+05	2.229858E-03	-8.339338E+01
7.18256250000E+05	2.472649E-03	-7.866355E+01
7.20125000000E+05	2.434288E-03	-7.866148E+01
7.21993750000E+05	2.128478E-03	-7.976720E+01
7.23862500000E+05	2.243943E-03	-7.763058E+01
7.25731250000E+05	2.354295E-03	-7.885733E+01
7.27600000000E+05	2.136634E-03	-8.401560E+01
7.29468750000E+05	2.532963E-03	-7.701560E+01
7.31337500000E+05	2.389963E-03	-8.357553E+01
7.33206250000E+05	2.454402E-03	-7.827229E+01
7.35075000000E+05	2.170437E-03	-8.017457E+01
7.36943750000E+05	2.195378E-03	-8.228605E+01
7.38812500000E+05	2.305818E-03	-8.139189E+01
7.40681250000E+05	2.295385E-03	-7.968777E+01
7.42550000000E+05	2.105876E-03	-7.713940E+01
7.44418750000E+05	2.275666E-03	-8.079869E+01
7.46287500000E+05	2.171178E-03	-8.106182E+01
7.48156250000E+05	2.028173E-03	-8.261340E+01
7.50025000000E+05	2.279532E-03	-7.918443E+01
7.51893750000E+05	1.959767E-03	-8.093777E+01
7.53762500000E+05	2.151775E-03	-8.012976E+01
7.55631250000E+05	2.051131E-03	-8.334624E+01
7.57500000000E+05	2.229788E-03	-8.310674E+01
7.59368750000E+05	2.438323E-03	-8.336798E+01
7.61237500000E+05	2.174172E-03	-7.788244E+01
7.63106250000E+05	2.245660E-03	-7.995488E+01
7.64975000000E+05	2.300176E-03	-7.902245E+01
7.66843750000E+05	2.035786E-03	-7.861552E+01
7.68712500000E+05	1.897875E-03	-8.192988E+01
7.70581250000E+05	2.218950E-03	-7.897623E+01
7.72450000000E+05	2.137311E-03	-7.952437E+01
7.74318750000E+05	2.042079E-03	-7.907386E+01
7.76187500000E+05	2.129651E-03	-8.133121E+01
7.78056250000E+05	2.173868E-03	-8.327047E+01
7.79925000000E+05	2.331402E-03	-7.693347E+01
7.81793750000E+05	2.089894E-03	-8.423405E+01
7.83662500000E+05	2.092404E-03	-8.005029E+01
7.85531250000E+05	2.118719E-03	-7.941248E+01
7.87400000000E+05	2.119933E-03	-8.315993E+01
7.89268750000E+05	1.939235E-03	-8.295001E+01
7.91137500000E+05	1.941255E-03	-8.044801E+01
7.93006250000E+05	2.132110E-03	-8.131785E+01
7.94875000000E+05	1.867769E-03	-7.395637E+01
7.96743750000E+05	1.998810E-03	-8.304612E+01
7.98612500000E+05	2.114200E-03	-7.525732E+01
8.00481250000E+05	1.881864E-03	-7.626491E+01
8.02350000000E+05	2.234876E-03	-8.688400E+01
8.04218750000E+05	2.106936E-03	-8.225619E+01
8.06087500000E+05	1.971339E-03	-8.381043E+01
8.07956250000E+05	2.005298E-03	-8.667949E+01
8.09825000000E+05	1.920523E-03	-8.720869E+01
8.11693750000E+05	2.139108E-03	-8.334570E+01
8.13562500000E+05	2.062198E-03	-7.801752E+01
8.15431250000E+05	2.138601E-03	-8.551080E+01
8.17300000000E+05	1.869260E-03	-7.760988E+01
8.19168750000E+05	1.936639E-03	-8.154614E+01
8.21037500000E+05	2.177013E-03	-8.443483E+01
8.22906250000E+05	1.932776E-03	-7.829406E+01
8.24775000000E+05	2.033814E-03	-8.147337E+01
8.26643750000E+05	1.989361E-03	-8.057751E+01
8.28512500000E+05	1.877578E-03	-7.757995E+01
8.30381250000E+05	2.041478E-03	-8.428928E+01
8.32250000000E+05	1.857316E-03	-7.992016E+01
8.34118750000E+05	2.140904E-03	-8.037002E+01
8.35987500000E+05	2.041989E-03	-7.780203E+01
8.37856250000E+05	1.707049E-03	-8.102924E+01
8.39725000000E+05	1.969595E-03	-8.112494E+01
8.41593750000E+05	1.872897E-03	-8.285703E+01
8.43462500000E+05	1.895355E-03	-8.705950E+01
8.45331250000E+05	2.041328E-03	-8.668985E+01
8.47200000000E+05	1.821444E-03	-8.425349E+01
8.49068750000E+05	1.871865E-03	-8.218547E+01
8.50937500000E+05	1.863153E-03	-8.800601E+01
8.52806250000E+05	1.895137E-03	-7.811089E+01
8.54675000000E+05	1.917481E-03	-8.007397E+01
8.56543750000E+05	2.011410E-03	-8.071020E+01
8.58412500000E+05	1.885487E-03	-7.851850E+01
8.60281250000E+05	1.807300E-03	-8.365714E+01
8.62150000000E+05	1.828104E-03	-7.669506E+01
8.64018750000E+05	1.960676E-03	-7.929785E+01
8.65887500000E+05	1.888514E-03	-8.461003E+01
8.67756250000E+05	1.738322E-03	-8.389555E+01
8.69625000000E+05	1.927862E-03	-8.496223E+01
8.71493750000E+05	1.887735E-03	-7.658679E+01
8.73362500000E+05	1.850991E-03	-7.207998E+01
8.75231250000E+05	1.834029E-03	-8.102775E+01
8.77100000000E+05	1.733054E-03	-8.640068E+01
8.78968750000E+05	1.990532E-03	-8.637584E+01
8.80837500000E+05	1.543734E-03	-8.073824E+01
8.82706250000E+05	1.755620E-03	-8.074175E+01
8.84575000000E+05	1.931047E-03	-8.456554E+01
8.86443750000E+05	1.899557E-03	-8.485400E+01
8.88312500000E+05	1.784449E-03	-8.384344E+01
8.90181250000E+05	1.754228E-03	-8.037182E+01
8.92050000000E+05	1.968006E-03	-8.044527E+01
8.93918750000E+05	1.670042E-03	-7.928954E+01
8.95787500000E+05	1.539744E-03	-8.471005E+01
8.97656250000E+05	1.791819E-03	-8.320155E+01
8.99525000000E+05	1.871995E-03	-8.087148E+01
9.01393750000E+05	1.924046E-03	-8.617808E+01
9.03262500000E+05	1.637080E-03	-7.866712E+01
9.05131250000E+05	1.787607E-03	-8.771535E+01
9.07000000000E+05	1.782749E-03	-7.847033E+01
9.08868750000E+05	1.825875E-03	-8.178722E+01
9.10737500000E+05	1.536921E-03	-8.158880E+01
9.12606250000E+05	1.762324E-03	-7.732108E+01
9.14475000000E+05	1.844533E-03	-8.003975E+01
9.16343750000E+05	1.709309E-03	-8.534647E+01
9.18212500000E+05	1.637311E-03	-8.917712E+01
9.20081250000E+05	1.488559E-03	-7.449825E+01
9.21950000000E+05	1.640231E-03	-8.735020E+01
9.23818750000E+05	1.724562E-03	-7.850012E+01
9.25687500000E+05	1.701960E-03	-8.164657E+01
9.27556250000E+05	1.428662E-03	-7.890735E+01
9.29425000000E+05	1.834220E-03	-8.353294E+01
9.31293750000E+05	1.710781E-03	-8.031725E+01
9.33162500000E+05	1.674498E-03	-8.791280E+01
9.35031250000E+05	1.583745E-03	-7.620650E+01
9.36900000000E+05	1.557684E-03	-7.970331E+01
9.38768750000E+05	1.529891E-03	-7.939008E+01
9.40637500000E+05	1.725021E-03	-9.006490E+01
9.42506250000E+05	1.559885E-03	-8.517223E+01
9.44375000000E+05	1.681323E-03	-7.899776E+01
9.46243750000E+05	1.569866E-03	-8.746050E+01
9.48112500000E+05	1.784195E-03	-8.651586E+01
9.49981250000E+05	1.339447E-03	-7.687852E+01
9.51850000000E+05	1.531016E-03	-8.359469E+01
9.53718750000E+05	1.499548E-03	-7.916203E+01
9.55587500000E+05	1.314942E-03	-7.736772E+01
9.57456250000E+05	1.502948E-03	-8.758964E+01
9.59325000000E+05	1.511434E-03	-8.530464E+01
9.61193750000E+05	1.610384E-03	-8.972350E+01
9.63062500000E+05	1.631824E-03	-9.353789E+01
9.64931250000E+05	1.501714E-03	-8.787360E+01
9.66800000000E+05	1.563477E-03	-8.870601E+01
9.68668750000E+05	1.552382E-03	-8.957233E+01
9.70537500000E+05	1.568660E-03	-8.643520E+01
9.72406250000E+05	1.606275E-03	-8.279675E+01
9.74275000000E+05	1.580607E-03	-8.538963E+01
9.76143750000E+05	1.701526E-03	-8.698404E+01
9.78012500000E+05	1.405426E-03	-8.890852E+01
9.79881250000E+05	1.485808E-03	-9.347991E+01
9.81750000000E+05	1.519834E-03	-8.546667E+01
9.83618750000E+05	1.547605E-03	-8.695993E+01
9.85487500000E+05	1.473482E-03	-8.747430E+01
9.87356250000E+05	1.351147E-03	-7.959960E+01
9.89225000000E+05	1.570771E-03	-8.477045E+01
9.91093750000E+05	1.631430E-03	-8.932990E+01
9.92962500000E+05	1.482292E-03	-8.537052E+01
9.94831250000E+05	1.614051E-03	-8.208127E+01
9.96700000000E+05	1.539247E-03	-9.576424E+01
9.98568750000E+05	1.430707E-03	-9.110034E+01
1.00043750000E+06	1.187488E-03	-8.111094E+01
1.00230625000E+06	1.479552E-03	-8.669694E+01
1.00417500000E+06	1.512621E-03	-8.240396E+01
1.00604375000E+06	1.338393E-03	-9.005567E+01
1.00791250000E+06	1.356154E-03	-8.547183E+01
1.00978125000E+06	1.643376E-03	-8.668824E+01
1.01165000000E+06	1.351791E-03	-8.679683E+01
1.01351875000E+06	1.401661E-03	-8.035679E+01
1.01538750000E+06	1.632233E-03	-8.699023E+01
1.01725625000E+06	1.502725E-03	-8.890112E+01
1.01912500000E+06	1.315205E-03	-8.576817E+01
1.02099375000E+06	1.432904E-03	-8.551791E+01
1.02286250000E+06	1.551958E-03	-8.263898E+01
1.02473125000E+06	1.343359E-03	-8.185241E+01
1.02660000000E+06	1.265262E-03	-7.163768E+01
1.02846875000E+06	1.379773E-03	-8.683144E+01
1.03033750000E+06	1.472368E-03	-8.872469E+01
1.03220625000E+06	1.168624E-03	-8.948371E+01
1.03407500000E+06	1.607914E-03	-8.744248E+01
1.03594375000E+06	1.340232E-03	-8.752285E+01
1.03781250000E+06	1.371716E-03	-9.162940E+01
1.03968125000E+06	1.430729E-03	-8.866007E+01
1.04155000000E+06	1.426919E-03	-9.319205E+01
1.04341875000E+06	1.474075E-03	-8.633523E+01
1.04528750000E+06	1.277602E-03	-7.825870E+01
1.04715625000E+06	1.456399E-03	-9.390205E+01
1.04902500000E+06	1.203909E-03	-9.157582E+01
1.05089375000E+06	1.246312E-03	-8.549683E+01
1.05276250000E+06	1.514685E-03	-9.228410E+01
1.05463125000E+06	1.233885E-03	-8.163889E+01
1.05650000000E+06	1.284714E-03	-8.935184E+01
1.05836875000E+06	1.548708E-03	-9.210043E+01
1.06023750000E+06	1.166491E-03	-8.597973E+01
1.06210625000E+06	1.234699E-03	-8.678286E+01
1.06397500000E+06	1.235079E-03	-8.360847E+01
1.06584375000E+06	1.129507E-03	-8.341302E+01
1.06771250000E+06	1.360519E-03	-8.917070E+01
1.06958125000E+06	1.209346E-03	-9.354379E+01
1.07145000000E+06	1.419677E-03	-1.018537E+02
1.07331875000E+06	1.213714E-03	-9.564465E+01
1.07518750000E+06	1.383107E-03	-9.029417E+01
1.07705625000E+06	1.272913E-03	-8.808734E+01
1.07892500000E+06	1.266985E-03	-8.740335E+01
1.08079375000E+06	1.441198E-03	-9.291296E+01
1.08266250000E+06	1.279064E-03	-9.091592E+01
1.08453125000E+06	1.316084E-03	-8.244588E+01
1.08640000000E+06	1.292756E-03	-8.948395E+01
1.08826875000E+06	1.117807E-03	-8.735727E+01
1.09013750000E+06	1.031276E-03	-8.279862E+01
1.09200625000E+06	1.479819E-03	-7.334863E+01
1.09387500000E+06	1.212505E-03	-9.773640E+01
1.09574375000E+06	1.558107E-03	-8.078336E+01
1.09761250000E+06	1.307147E-03	-8.122311E+01
1.09948125000E+06	1.157039E-03	-8.321696E+01
1.10135000000E+06	1.264705E-03	-8.215510E+01
1.10321875000E+06	1.008488E-03	-9.264187E+01
1.10508750000E+06	1.083053E-03	-9.492868E+01
1.10695625000E+06	1.350031E-03	-7.968938E+01
1.10882500000E+06	1.056324E-03	-8.416054E+01
1.11069375000E+06	1.309450E-03	-8.328780E+01
1.11256250000E+06	1.074768E-03	-8.642880E+01
1.11443125000E+06	1.307356E-03	-8.396667E+01
1.11630000000E+06	1.198710E-03	-8.273788E+01
1.11816875000E+06	1.184894E-03	-8.441952E+01
1.12003750000E+06	1.066235E-03	-9.067764E+01
1.12190625000E+06	1.115079E-03	-8.204611E+01
1.12377500000E+06	1.172871E-03	-7.422877E+01
1.12564375000E+06	9.248727E-04	-8.955447E+01
1.12751250000E+06	1.036708E-03	-8.773368E+01
1.12938125000E+06	1.241967E-03	-9.292702E+01
1.13125000000E+06	1.181821E-03	-9.349120E+01
1.13311875000E+06	1.118111E-03	-8.936751E+01
1.13498750000E+06	1.254447E-03	-9.804553E+01
1.13685625000E+06	1.314676E-03	-7.667317E+01
1.13872500000E+06	1.032008E-03	-8.056808E+01
1.14059375000E+06	1.190179E-03	-7.705133E+01
1.14246250000E+06	1.145347E-03	-8.642898E+01
1.14433125000E+06	1.268660E-03	-8.820840E+01
1.14620000000E+06	1.161115E-03	-9.133570E+01
1.14806875000E+06	1.094710E-03	-8.373209E+01
1.14993750000E+06	1.009400E-03	-8.971035E+01
1.15180625000E+06	1.375229E-03	-8.798240E+01
1.15367500000E+06	1.226759E-03	-9.569868E+01
1.15554375000E+06	9.400061E-04	-9.647157E+01
1.15741250000E+06	1.142227E-03	-9.179911E+01
1.15928125000E+06	1.111571E-03	-9.534104E+01
1.16115000000E+06	1.353802E-03	-9.514706E+01
1.16301875000E+06	9.590628E-04	-9.482329E+01
1.16488750000E+06	9.135457E-04	-8.705136E+01
1.16675625000E+06	1.090534E-03	-8.505350E+01
1.16862500000E+06	1.210841E-03	-8.387244E+01
1.17049375000E+06	1.206143E-03	-9.148490E+01
1.17236250000E+06	1.102725E-03	-9.458006E+01
1.17423125000E+06	1.416136E-03	-9.000245E+01
1.17610000000E+06	1.131091E-03	-9.881654E+01
1.17796875000E+06	8.848971E-04	-8.163903E+01
1.17983750000E+06	1.001748E-03	-9.390520E+01
1.18170625000E+06	1.243596E-03	-1.025527E+02
1.18357500000E+06	1.136645E-03	-8.886126E+01
1.18544375000E+06	1.109047E-03	-8.804947E+01
1.18731250000E+06	9.822685E-04	-8.162628E+01
1.18918125000E+06	8.374117E-04	-9.129826E+01
1.19105000000E+06	1.084894E-03	-9.221143E+01
1.19291875000E+06	1.308511E-03	-7.793211E+01
1.19478750000E+06	9.005839E-04	-8.823621E+01
1.19665625000E+06	1.019791E-03	-1.034415E+02
1.19852500000E+06	1.134835E-03	-8.438806E+01
1.20039375000E+06	1.079388E-03	-9.024793E+01
1.20226250000E+06	1.232924E-03	-9.017612E+01
1.20413125000E+06	1.070769E-03	-9.099035E+01
1.20600000000E+06	9.785065E-04	-9.886327E+01
1.20786875000E+06	8.792721E-04	-8.348289E+01
1.20973750000E+06	9.370872E-04	-8.951810E+01
1.21160625000E+06	8.551631E-04	-8.946772E+01
1.21347500000E+06	1.170695E-03	-8.911280E+01
1.21534375000E+06	1.105746E-03	-8.127649E+01
1.21721250000E+06	1.152624E-03	-8.278069E+01
1.21908125000E+06	9.105811E-04	-8.653793E+01
1.22095000000E+06	1.005078E-03	-9.165979E+01
1.22281875000E+06	1.077208E-03	-1.023090E+02
1.22468750000E+06	1.072205E-03	-9.789614E+01
1.22655625000E+06	1.077324E-03	-9.907051E+01
1.22842500000E+06	1.163748E-03	-9.190486E+01
1.23029375000E+06	9.422142E-04	-8.366753E+01
1.23216250000E+06	1.147468E-03	-8.819018E+01
1.23403125000E+06	1.049331E-03	-9.919434E+01
1.23590000000E+06	1.131523E-03	-7.782368E+01
1.23776875000E+06	8.259740E-04	-1.048901E+02
1.23963750000E+06	9.308938E-04	-8.916944E+01
1.24150625000E+06	1.153408E-03	-8.642663E+01
1.24337500000E+06	1.138063E-03	-9.115292E+01
1.24524375000E+06	8.517032E-04	-8.784062E+01
1.24711250000E+06	1.037525E-03	-9.663187E+01
1.24898125000E+06	9.006954E-04	-7.862506E+01
1.25085000000E+06	7.662543E-04	-8.748454E+01
1.25271875000E+06	7.598686E-04	-9.345622E+01
1.25458750000E+06	1.081530E-03	-1.076892E+02
1.25645625000E+06	7.528741E-04	-7.792073E+01
1.25832500000E+06	8.891273E-04	-1.105838E+02
1.26019375000E+06	9.569906E-04	-8.677413E+01
1.26206250000E+06	1.131448E-03	-1.009819E+02
1.26393125000E+06	9.046781E-04	-9.415142E+01
1.26580000000E+06	7.971767E-04	-1.078648E+02
1.26766875000E+06	9.567150E-04	-8.162148E+01
1.26953750000E+06	8.516162E-04	-9.503826E+01
1.27140625000E+06	9.475074E-04	-9.437177E+01
1.27327500000E+06	7.848060E-04	-7.325846E+01
1.27514375000E+06	8.846998E-04	-9.457708E+01
1.27701250000E+06	7.943565E-04	-8.148047E+01
1.27888125000E+06	1.122115E-03	-1.042222E+02
1.28075000000E+06	1.035674E-03	-9.684836E+01
1.28261875000E+06	1.078919E-03	-8.720408E+01
1.28448750000E+06	9.194682E-04	-9.146801E+01
1.28635625000E+06	1.083778E-03	-1.150200E+02
1.28822500000E+06	1.066927E-03	-8.397098E+01
1.29009375000E+06	9.167563E-04	-9.280735E+01
1.29196250000E+06	8.653975E-04	-1.020808E+02
1.29383125000E+06	8.650055E-04	-1.018712E+02
1.29570000000E+06	8.939370E-04	-9.377643E+01
1.29756875000E+06	1.062770E-03	-1.041285E+02
1.29943750000E+06	6.971938E-04	-1.000996E+02
1.30130625000E+06	8.199986E-04	-9.267635E+01
1.30317500000E+06	8.733412E-04	-1.069918E+02
1.30504375000E+06	9.478101E-04	-1.061342E+02
1.30691250000E+06	1.030680E-03	-1.085876E+02
1.30878125000E+06	1.212668E-03	-9.202525E+01
1.31065000000E+06	8.780130E-04	-9.167015E+01
1.31251875000E+06	7.862104E-04	-1.087273E+02
1.31438750000E+06	9.147485E-04	-8.956605E+01
1.31625625000E+06	1.124704E-03	-1.015171E+02
1.31812500000E+06	7.289980E-04	-1.121069E+02
1.31999375000E+06	7.372497E-04	-9.928011E+01
1.32186250000E+06	6.253731E-04	-1.077610E+02
1.32373125000E+06	8.160102E-04	-9.444348E+01
1.32560000000E+06	7.518937E-04	-8.525594E+01
1.32746875000E+06	1.071210E-03	-9.472417E+01
1.32933750000E+06	9.241194E-04	-9.061216E+01
1.33120625000E+06	8.216800E-04	-9.215513E+01
1.33307500000E+06	7.921556E-04	-1.100373E+02
1.33494375000E+06	6.541451E-04	-1.212052E+02
1.33681250000E+06	8.456424E-04	-9.543015E+01
1.33868125000E+06	7.117148E-04	-9.608656E+01
1.34055000000E+06	8.269182E-04	-9.187180E+01
1.34241875000E+06	1.035497E-03	-9.498863E+01
1.34428750000E+06	9.868850E-04	-9.806931E+01
1.34615625000E+06	6.877103E-04	-9.320663E+01
1.34802500000E+06	8.026837E-04	-8.576146E+01
1.34989375000E+06	7.895001E-04	-8.770702E+01
1.35176250000E+06	7.280913E-04	-8.747189E+01
1.35363125000E+06	7.350554E-04	-9.756731E+01
1.35550000000E+06	9.111522E-04	-9.800269E+01
1.35736875000E+06	6.666976E-04	-9.112608E+01
1.35923750000E+06	7.021285E-04	-8.705812E+01
1.36110625000E+06	1.028490E-03	-1.015169E+02
1.36297500000E+06	8.640765E-04	-7.274954E+01
1.36484375000E+06	7.904968E-04	-1.008626E+02
1.36671250000E+06	9.158324E-04	-1.121900E+02
1.36858125000E+06	8.079789E-04	-9.559045E+01
1.37045000000E+06	7.827842E-04	-1.110647E+02
1.37231875000E+06	7.709847E-04	-9.034077E+01
1.37418750000E+06	7.426727E-04	-9.971808E+01
1.37605625000E+06	7.735940E-04	-9.622041E+01
1.37792500000E+06	7.900466E-04	-7.835721E+01
1.37979375000E+06	9.273136E-04	-1.200637E+02
1.38166250000E+06	8.498724E-04	-1.052105E+02
1.38353125000E+06	9.275220E-04	-1.035318E+02
1.38540000000E+06	7.961293E-04	-8.764654E+01
1.38726875000E+06	6.139426E-04	-1.066116E+02
1.38913750000E+06	8.897122E-04	-9.718050E+01
1.39100625000E+06	8.018498E-04	-9.925996E+01
1.39287500000E+06	9.304440E-04	-1.123347E+02
1.39474375000E+06	9.911535E-04	-1.148187E+02
1.39661250000E+06	9.102643E-04	-9.510613E+01
1.39848125000E+06	7.817522E-04	-1.013424E+02
1.40035000000E+06	9.831170E-04	-1.030368E+02
1.40221875000E+06	5.812747E-04	-1.017342E+02
1.40408750000E+06	5.978510E-04	-1.169031E+02
1.40595625000E+06	6.953045E-04	-9.866878E+01
1.40782500000E+06	7.329739E-04	-9.812564E+01
1.40969375000E+06	6.724907E-04	-9.179230E+01
1.41156250000E+06	8.266675E-04	-1.226938E+02
1.41343125000E+06	5.879540E-04	-9.066330E+01
1.41530000000E+06	9.239163E-04	-1.066605E+02
1.41716875000E+06	8.341038E-04	-9.954775E+01
1.41903750000E+06	9.573673E-04	-9.219761E+01
1.42090625000E+06	8.417717E-04	-1.090268E+02
1.42277500000E+06	7.281349E-04	-1.076691E+02
1.42464375000E+06	7.493367E-04	-7.848263E+01
1.42651250000E+06	9.547158E-04	-1.093771E+02
1.42838125000E+06	9.500310E-04	-1.054115E+02
1.43025000000E+06	9.212553E-04	-1.084265E+02
1.43211875000E+06	7.888117E-04	-9.707146E+01
1.43398750000E+06	6.458603E-04	-1.013326E+02
1.43585625000E+06	5.462346E-04	-7.757394E+01
1.43772500000E+06	6.448645E-04	-9.923453E+01
1.43959375000E+06	5.494521E-04	-9.298061E+01
1.44146250000E+06	6.239379E-04	-9.863787E+01
1.44333125000E+06	6.915534E-04	-7.519035E+01
1.44520000000E+06	6.921603E-04	-1.059363E+02
1.44706875000E+06	6.594214E-04	-1.102544E+02
1.44893750000E+06	8.301355E-04	-1.008506E+02
1.45080625000E+06	4.066174E-04	-9.824039E+01
1.45267500000E+06	5.195933E-04	-1.172414E+02
1.45454375000E+06	8.120029E-04	-9.289305E+01
1.45641250000E+06	6.434618E-04	-8.547514E+01
1.45828125000E+06	8.273261E-04	-9.681524E+01
1.46015000000E+06	9.503865E-04	-1.016110E+02
1.46201875000E+06	7.852948E-04	-9.063782E+01
1.46388750000E+06	5.280055E-04	-1.100135E+02
1.46575625000E+06	7.928455E-04	-8.473512E+01
1.46762500000E+06	7.206388E-04	-1.169418E+02
1.46949375000E+06	8.699306E-04	-9.840485E+01
1.47136250000E+06	6.536467E-04	-8.320094E+01
1.47323125000E+06	6.660488E-04	-1.079556E+02
1.47510000000E+06	7.975019E-04	-1.225769E+02
1.47696875000E+06	8.005649E-04	-1.052282E+02
1.47883750000E+06	6.797630E-04	-1.131533E+02
1.48070625000E+06	9.735766E-04	-1.049808E+02
1.48257500000E+06	6.215404E-04	-1.045741E+02
1.48444375000E+06	9.259973E-04	-9.961732E+01
1.48631250000E+06	1.074217E-03	-1.000723E+02
1.48818125000E+06	5.711500E-04	-1.039801E+02
1.49005000000E+06	5.730242E-04	-1.051224E+02
1.49191875000E+06	6.703101E-04	-8.031339E+01
1.49378750000E+06	7.125957E-04	-9.117103E+01
1.49565625000E+06	8.078805E-04	-9.751179E+01
1.49752500000E+06	7.734167E-04	-1.043220E+02
1.49939375000E+06	1.008395E-03	-1.092005E+02
1.50126250000E+06	7.274599E-04	-9.954348E+01
1.50313125000E+06	6.204277E-04	-9.852517E+01
1.50500000000E+06	7.762348E-04	-1.065521E+02
1.50686875000E+06	9.468765E-04	-1.093005E+02
1.50873750000E+06	6.738767E-04	-9.519604E+01
1.51060625000E+06	7.422826E-04	-1.129994E+02
1.51247500000E+06	9.246852E-04	-1.013103E+02
1.51434375000E+06	4.911596E-04	-1.008697E+02
1.51621250000E+06	7.279178E-04	-1.230677E+02
1.51808125000E+06	7.983531E-04	-9.715778E+01
1.51995000000E+06	5.988837E-04	-1.017958E+02
1.52181875000E+06	7.291030E-04	-8.944300E+01
1.52368750000E+06	6.836153E-04	-1.019758E+02
1.52555625000E+06	6.688581E-04	-1.078404E+02
1.52742500000E+06	5.203468E-04	-1.236479E+02
1.52929375000E+06	9.166122E-04	-1.187718E+02
1.53116250000E+06	7.799090E-04	-9.434817E+01
1.53303125000E+06	5.958005E-04	-8.456834E+01
1.53490000000E+06	6.065757E-04	-1.268434E+02
1.53676875000E+06	6.528228E-04	-9.146622E+01
1.53863750000E+06	7.240636E-04	-1.093681E+02
1.54050625000E+06	7.431228E-04	-1.148833E+02
1.54237500000E+06	8.242009E-04	-1.136647E+02
1.54424375000E+06	7.544490E-04	-9.813375E+01
1.54611250000E+06	7.979597E-04	-1.289453E+02
1.54798125000E+06	5.917829E-04	-1.315359E+02
1.54985000000E+06	6.757529E-04	-1.154222E+02
1.55171875000E+06	8.086624E-04	-1.362442E+02
1.55358750000E+06	1.019042E-03	-1.197467E+02
1.55545625000E+06	8.001373E-04	-1.048294E+02
1.55732500000E+06	9.303241E-04	-9.555460E+01
1.55919375000E+06	8.374981E-04	-9.600345E+01
1.56106250000E+06	7.651967E-04	-1.057823E+02
1.56293125000E+06	8.125872E-04	-1.351800E+02
1.56480000000E+06	8.184600E-04	-1.088724E+02
1.56666875000E+06	4.003878E-04	-1.207533E+02
1.56853750000E+06	5.847940E-04	-9.675526E+01
1.57040625000E+06	9.623930E-04	-1.102450E+02
1.57227500000E+06	6.791558E-04	-1.170902E+02
1.57414375000E+06	8.743275E-04	-1.022367E+02
1.57601250000E+06	6.458690E-04	-1.063001E+02
1.57788125000E+06	7.551553E-04	-1.168918E+02
1.57975000000E+06	5.018691E-04	-1.039873E+02
1.58161875000E+06	6.692099E-04	-1.093022E+02
1.58348750000E+06	5.834642E-04	-1.070295E+02
1.58535625000E+06	6.477240E-04	-1.138482E+02
1.58722500000E+06	7.154625E-04	-1.265327E+02
1.58909375000E+06	8.476941E-04	-1.291290E+02
1.59096250000E+06	9.673460E-04	-1.044860E+02
1.59283125000E+06	7.889117E-04	-9.040619E+01
1.59470000000E+06	7.729236E-04	-1.182170E+02
1.59656875000E+06	6.693118E-04	-1.157866E+02
1.59843750000E+06	5.535938E-04	-1.140677E+02
1.60030625000E+06	9.315144E-04	-1.051869E+02
1.60217500000E+06	5.751245E-04	-1.172192E+02
1.60404375000E+06	4.738579E-04	-1.174871E+02
1.60591250000E+06	6.343591E-04	-9.948302E+01
1.60778125000E+06	8.893838E-04	-1.104481E+02
1.60965000000E+06	8.281293E-04	-1.301403E+02
1.61151875000E+06	6.077226E-04	-9.890909E+01
1.61338750000E+06	7.136161E-04	-1.150697E+02
1.61525625000E+06	5.670657E-04	-1.264828E+02
1.61712500000E+06	5.704878E-04	-1.019469E+02
1.61899375000E+06	5.162367E-04	-1.180142E+02
1.62086250000E+06	5.883254E-04	-1.268197E+02
1.62273125000E+06	5.693930E-04	-1.216602E+02
1.62460000000E+06	6.972138E-04	-1.046041E+02
1.62646875000E+06	7.030995E-04	-1.159546E+02
1.62833750000E+06	8.262491E-04	-1.358315E+02
1.63020625000E+06	6.472573E-04	-1.289913E+02
1.63207500000E+06	6.055495E-04	-1.163031E+02
1.63394375000E+06	8.146057E-04	-1.021027E+02
1.63581250000E+06	5.870222E-04	-1.009499E+02
1.63768125000E+06	7.089421E-04	-1.009301E+02
1.63955000000E+06	4.793289E-04	-1.142860E+02
1.64141875000E+06	8.906824E-04	-1.068936E+02
1.64328750000E+06	5.182973E-04	-9.954230E+01
1.64515625000E+06	5.473787E-04	-1.265470E+02
1.64702500000E+06	9.035596E-04	-1.269894E+02
1.64889375000E+06	7.285431E-04	-1.202753E+02
1.65076250000E+06	6.784840E-04	-1.200395E+02
1.65263125000E+06	7.585973E-04	-1.318135E+02
1.65450000000E+06	4.590619E-04	-1.178610E+02
1.65636875000E+06	5.896442E-04	-1.259082E+02
1.65823750000E+06	6.873757E-04	-1.176408E+02
1.66010625000E+06	6.409467E-04	-1.182294E+02
1.66197500000E+06	4.218838E-04	-1.467394E+02
1.66384375000E+06	6.473784E-04	-1.248081E+02
1.66571250000E+06	6.199775E-04	-1.442703E+02
1.66758125000E+06	8.010172E-04	-1.350120E+02
1.66945000000E+06	4.441738E-04	-9.879877E+01
1.67131875000E+06	4.967582E-04	-1.344569E+02
1.67318750000E+06	7.539050E-04	-1.225028E+02
1.67505625000E+06	9.568690E-04	-1.274468E+02
1.67692500000E+06	4.029951E-04	-1.202353E+02
1.67879375000E+06	8.164039E-04	-1.179541E+02
1.68066250000E+06	5.525712E-04	-1.211107E+02
1.68253125000E+06	4.372382E-04	-1.357159E+02
1.68440000000E+06	7.087702E-04	-1.263283E+02
1.68626875000E+06	7.835468E-04	-1.311652E+02
1.68813750000E+06	6.118331E-04	-1.298870E+02
1.69000625000E+06	9.240145E-04	-1.150994E+02
1.69187500000E+06	6.405181E-04	-1.241600E+02
1.69374375000E+06	6.924052E-04	-1.577462E+02
1.69561250000E+06	8.371130E-04	-1.197020E+02
1.69748125000E+06	7.054262E-04	-1.391024E+02
1.69935000000E+06	1.141941E-03	-1.229665E+02
1.70121875000E+06	5.790446E-04	-1.244229E+02
1.70308750000E+06	6.813065E-04	-1.122274E+02
1.70495625000E+06	6.601905E-04	-1.289349E+02
1.70682500000E+06	9.184973E-04	-1.167535E+02
1.70869375000E+06	7.662348E-04	-1.139015E+02
1.71056250000E+06	9.692623E-04	-1.248428E+02
1.71243125000E+06	7.368162E-04	-1.249781E+02
1.71430000000E+06	9.326051E-04	-1.212159E+02
1.71616875000E+06	9.021139E-04	-1.350329E+02
1.71803750000E+06	6.162300E-04	-1.292529E+02
1.71990625000E+06	5.950149E-04	-1.308017E+02
1.72177500000E+06	6.890321E-04	-1.205040E+02
1.72364375000E+06	8.341508E-04	-1.379790E+02
1.72551250000E+06	5.643007E-04	-1.487948E+02
1.72738125000E+06	7.197921E-04	-1.400632E+02
1.72925000000E+06	4.565467E-04	-1.398192E+02
1.73111875000E+06	7.439776E-04	-1.149781E+02
1.73298750000E+06	6.033500E-04	-9.832637E+01
1.73485625000E+06	7.546142E-04	-1.310480E+02
1.73672500000E+06	8.297812E-04	-1.084937E+02
1.73859375000E+06	8.888958E-04	-1.284791E+02
1.74046250000E+06	9.467739E-04	-1.260780E+02
1.74233125000E+06	8.977940E-04	-1.223132E+02
1.74420000000E+06	6.986407E-04	-1.253751E+02
1.74606875000E+06	5.033296E-04	-1.366132E+02
1.74793750000E+06	7.337154E-04	-1.418520E+02
1.74980625000E+06	8.694249E-04	-1.319702E+02
1.75167500000E+06	9.012436E-04	-1.373555E+02
1.75354375000E+06	4.932524E-04	-1.090491E+02
1.75541250000E+06	6.822238E-04	-1.133660E+02
1.75728125000E+06	7.130816E-04	-1.111223E+02
1.75915000000E+06	9.531236E-04	-1.236223E+02
1.76101875000E+06	6.921637E-04	-1.306783E+02
1.76288750000E+06	7.949343E-04	-1.432157E+02
1.76475625000E+06	8.693590E-04	-1.432715E+02
1.76662500000E+06	8.146499E-04	-1.235759E+02
1.76849375000E+06	9.817488E-04	-1.505266E+02
1.77036250000E+06	8.085601E-04	-1.287551E+02
1.77223125000E+06	5.801960E-04	-1.266729E+02
1.77410000000E+06	7.752847E-04	-1.487382E+02
1.77596875000E+06	8.291949E-04	-1.288422E+02
1.77783750000E+06	8.364932E-04	-1.324086E+02
1.77970625000E+06	8.391184E-04	-1.171381E+02
1.78157500000E+06	7.013213E-04	-1.237391E+02
1.78344375000E+06	7.291014E-04	-1.530985E+02
1.78531250000E+06	8.830029E-04	-1.412007E+02
1.78718125000E+06	9.330605E-04	-1.412356E+02
1.78905000000E+06	8.796909E-04	-1.446932E+02
1.79091875000E+06	8.084854E-04	-1.319736E+02
1.79278750000E+06	6.701295E-04	-1.527712E+02
1.79465625000E+06	8.625141E-04	-1.339639E+02
1.79652500000E+06	8.338676E-04	-1.435492E+02
1.79839375000E+06	9.208708E-04	-1.307621E+02
1.80026250000E+06	6.927237E-04	-1.261418E+02
1.80213125000E+06	8.355094E-04	-1.264742E+02
1.80400000000E+06	7.555867E-04	-1.319725E+02
1.80586875000E+06	9.294153E-04	-1.538027E+02
1.80773750000E+06	9.961582E-04	-1.374428E+02
1.80960625000E+06	1.242495E-03	-1.318568E+02
1.81147500000E+06	9.330350E-04	-1.345748E+02
1.81334375000E+06	6.984250E-04	-1.343841E+02
1.81521250000E+06	9.270550E-04	-1.271088E+02
1.81708125000E+06	8.248261E-04	-1.437196E+02
1.81895000000E+06	1.190549E-03	-1.321803E+02
1.82081875000E+06	1.058013E-03	-1.331028E+02
1.82268750000E+06	8.570754E-04	-1.473658E+02
1.82455625000E+06	8.512154E-04	-1.274077E+02
1.82642500000E+06	8.432671E-04	-1.610149E+02
1.82829375000E+06	4.878984E-04	-1.334831E+02
1.83016250000E+06	6.945127E-04	-1.431665E+02
1.83203125000E+06	8.162646E-04	-1.331223E+02
1.83390000000E+06	8.859626E-04	-1.372563E+02
1.83576875000E+06	9.737143E-04	-1.343854E+02
1.83763750000E+06	6.720783E-04	-1.384151E+02
1.83950625000E+06	1.100441E-03	-1.516831E+02
1.84137500000E+06	8.259466E-04	-1.401056E+02
1.84324375000E+06	8.936559E-04	-1.589690E+02
1.84511250000E+06	5.714244E-04	-1.477771E+02
1.84698125000E+06	7.907492E-04	-1.338279E+02
1.84885000000E+06	9.572513E-04	-1.252570E+02
1.85071875000E+06	1.018598E-03	-1.527424E+02
1.85258750000E+06	7.699308E-04	-1.391077E+02
1.85445625000E+06	1.024612E-03	-1.534369E+02
1.85632500000E+06	1.085808E-03	-1.493210E+02
1.85819375000E+06	1.021335E-03	-1.359984E+02
1.86006250000E+06	9.397667E-04	-1.438277E+02
1.86193125000E+06	8.862788E-04	-1.339987E+02
1.86380000000E+06	7.572948E-04	-1.380964E+02
1.86566875000E+06	8.509705E-04	-1.488358E+02
1.86753750000E+06	8.838935E-04	-1.354091E+02
1.86940625000E+06	1.185427E-03	-1.443369E+02
1.87127500000E+06	7.993242E-04	-1.458813E+02
1.87314375000E+06	7.415574E-04	-1.433757E+02
1.87501250000E+06	1.122269E-03	-1.399933E+02
1.87688125000E+06	7.671567E-04	-1.443669E+02
1.87875000000E+06	8.622881E-04	-1.463541E+02
1.88061875000E+06	7.310922E-04	-1.387970E+02
1.88248750000E+06	9.966810E-04	-1.416759E+02
1.88435625000E+06	9.605340E-04	-1.643556E+02
1.88622500000E+06	9.418523E-04	-1.502626E+02
1.88809375000E+06	1.066017E-03	-1.667848E+02
1.88996250000E+06	8.670790E-04	-1.601648E+02
1.89183125000E+06	9.305249E-04	-1.518877E+02
1.89370000000E+06	1.333558E-03	-1.457266E+02
1.89556875000E+06	1.037040E-03	-1.555823E+02
1.89743750000E+06	1.153251E-03	-1.538263E+02
1.89930625000E+06	9.708472E-04	-1.506503E+02
1.90117500000E+06	1.173260E-03	-1.488741E+02
1.90304375000E+06	7.651025E-04	-1.535936E+02
1.90491250000E+06	9.113232E-04	-1.401274E+02
1.90678125000E+06	1.439739E-03	-1.449228E+02
1.90865000000E+06	9.078909E-04	-1.450995E+02
1.91051875000E+06	1.121276E-03	-1.496863E+02
1.91238750000E+06	1.097923E-03	-1.569051E+02
1.91425625000E+06	1.098190E-03	-1.587077E+02
1.91612500000E+06	1.159584E-03	-1.543035E+02
1.91799375000E+06	9.540463E-04	-1.410394E+02
1.91986250000E+06	1.027160E-03	-1.515688E+02
1.92173125000E+06	9.330903E-04	-1.515257E+02
1.92360000000E+06	9.378318E-04	-1.530818E+02
1.92546875000E+06	1.036734E-03	-1.574654E+02
1.92733750000E+06	1.050827E-03	-1.598172E+02
1.92920625000E+06	8.812050E-04	-1.585076E+02
1.93107500000E+06	1.150177E-03	-1.625902E+02
1.93294375000E+06	9.721320E-04	-1.490872E+02
1.93481250000E+06	1.211331E-03	-1.526993E+02
1.93668125000E+06	7.862398E-04	-1.478146E+02
1.93855000000E+06	9.962914E-04	-1.578863E+02
1.94041875000E+06	1.099452E-03	-1.492086E+02
1.94228750000E+06	9.878625E-04	-1.421723E+02
1.94415625000E+06	8.592948E-04	-1.428943E+02
1.94602500000E+06	8.843131E-04	-1.413375E+02
1.94789375000E+06	8.493054E-04	-1.637638E+02
1.94976250000E+06	8.968941E-04	-1.729345E+02
1.95163125000E+06	9.928300E-04	-1.627874E+02
1.95350000000E+06	7.584398E-04	-1.636260E+02
1.95536875000E+06	8.455295E-04	-1.699136E+02
1.95723750000E+06	9.581186E-04	-1.599068E+02
1.95910625000E+06	1.073398E-03	-1.498870E+02
1.96097500000E+06	1.147754E-03	-1.621318E+02
1.96284375000E+06	1.224777E-03	-1.521107E+02
1.96471250000E+06	1.060744E-03	-1.537902E+02
1.96658125000E+06	1.002054E-03	1.757380E+02
1.96845000000E+06	1.254069E-03	-1.486012E+02
1.97031875000E+06	9.915554E-04	-1.707257E+02
1.97218750000E+06	9.416614E-04	-1.482659E+02
1.97405625000E+06	8.753983E-04	-1.499441E+02
1.97592500000E+06	1.045156E-03	-1.719941E+02
1.97779375000E+06	9.779695E-04	-1.648846E+02
1.97966250000E+06	8.419845E-04	-1.542430E+02
1.98153125000E+06	1.085877E-03	-1.445380E+02
1.98340000000E+06	9.496821E-04	-1.562087E+02
1.98526875000E+06	1.150420E-03	-1.711332E+02
1.98713750000E+06	1.015587E-03	-1.733997E+02
1.98900625000E+06	1.027988E-03	-1.470876E+02
1.99087500000E+06	9.910414E-04	-1.632422E+02
1.99274375000E+06	9.282013E-04	-1.524216E+02
1.99461250000E+06	1.167299E-03	-1.622132E+02
1.99648125000E+06	9.624321E-04	-1.487691E+02
1.99835000000E+06	1.187584E-03	-1.608207E+02
2.00021875000E+06	1.025722E-03	-1.573667E+02
2.00208750000E+06	1.288094E-03	-1.733052E+02
2.00395625000E+06	1.215437E-03	-1.621685E+02
2.00582500000E+06	1.419641E-03	-1.539915E+02
2.00769375000E+06	9.616273E-04	-1.654632E+02
2.00956250000E+06	1.225091E-03	-1.609021E+02
2.01143125000E+06	1.088170E-03	-1.586825E+02
2.01330000000E+06	1.005647E-03	-1.641504E+02
2.01516875000E+06	9.796645E-04	-1.608877E+02
2.01703750000E+06	1.443491E-03	-1.561605E+02
2.01890625000E+06	1.121279E-03	-1.611709E+02
2.02077500000E+06	1.118265E-03	-1.720631E+02
2.02264375000E+06	9.586223E-04	-1.647840E+02
2.02451250000E+06	1.248531E-03	-1.478696E+02
2.02638125000E+06	1.069042E-03	-1.780857E+02
2.02825000000E+06	8.183587E-04	-1.670420E+02
2.03011875000E+06	1.068946E-03	1.778569E+02
2.03198750000E+06	1.132627E-03	-1.724710E+02
2.03385625000E+06	8.902163E-04	-1.553678E+02
2.03572500000E+06	9.883140E-04	-1.549947E+02
2.03759375000E+06	1.281204E-03	-1.693562E+02
2.03946250000E+06	1.055537E-03	-1.545061E+02
2.04133125000E+06	1.127895E-03	-1.556859E+02
2.04320000000E+06	1.193905E-03	-1.609727E+02
2.04506875000E+06	1.017052E-03	-1.705112E+02
2.04693750000E+06	9.310765E-04	-1.651642E+02
2.04880625000E+06	1.098934E-03	-1.739474E+02
2.05067500000E+06	1.184936E-03	-1.531595E+02
2.05254375000E+06	8.811651E-04	-1.742187E+02
2.05441250000E+06	1.140934E-03	-1.564721E+02
2.05628125000E+06	9.981606E-04	-1.776038E+02
2.05815000000E+06	1.000219E-03	-1.655533E+02
2.06001875000E+06	9.700627E-04	-1.720870E+02
2.06188750000E+06	1.068685E-03	-1.662080E+02
2.06375625000E+06	9.517621E-04	1.775842E+02
2.06562500000E+06	1.081199E-03	-1.676527E+02
2.06749375000E+06	1.180951E-03	-1.688447E+02
2.06936250000E+06	1.124057E-03	-1.657473E+02
2.07123125000E+06	1.203939E-03	-1.743530E+02
2.07310000000E+06	1.053455E-03	-1.628530E+02
2.07496875000E+06	9.541163E-04	1.703773E+02
2.07683750000E+06	1.205761E-03	-1.734998E+02
2.07870625000E+06	9.531750E-04	-1.741937E+02
2.08057500000E+06	1.093109E-03	-1.788576E+02
2.08244375000E+06	1.205820E-03	-1.720754E+02
2.08431250000E+06	1.091110E-03	-1.764752E+02
2.08618125000E+06	1.154392E-03	1.758397E+02
2.08805000000E+06	1.269301E-03	-1.746662E+02
2.08991875000E+06	1.176540E-03	-1.663278E+02
2.09178750000E+06	1.153042E-03	-1.780848E+02
2.09365625000E+06	1.032235E-03	-1.778009E+02
2.09552500000E+06	1.150180E-03	-1.645881E+02
2.09739375000E+06	1.223885E-03	-1.786582E+02
2.09926250000E+06	1.233334E-03	-1.697698E+02
2.10113125000E+06	9.721104E-04	-1.717923E+02
2.10300000000E+06	1.328617E-03	-1.624132E+02
2.10486875000E+06	1.221338E-03	-1.651416E+02
2.10673750000E+06	1.112019E-03	-1.661018E+02
2.10860625000E+06	1.122153E-03	-1.647775E+02
2.11047500000E+06	1.294857E-03	-1.582729E+02
2.11234375000E+06	1.009416E-03	-1.673056E+02
2.11421250000E+06	1.133657E-03	-1.672597E+02
2.11608125000E+06	1.293483E-03	-1.706119E+02
2.11795000000E+06	1.075049E-03	-1.559364E+02
2.11981875000E+06	1.227654E-03	-1.732973E+02
2.12168750000E+06	9.621048E-04	-1.598781E+02
2.12355625000E+06	1.067898E-03	-1.648869E+02
2.12542500000E+06	1.086899E-03	-1.791427E+02
2.12729375000E+06	1.080592E-03	-1.710658E+02
2.12916250000E+06	8.375863E-04	-1.767842E+02
2.13103125000E+06	1.161248E-03	-1.510795E+02
2.13290000000E+06	1.131248E-03	-1.790783E+02
2.13476875000E+06	1.027330E-03	-1.751762E+02
2.13663750000E+06	1.105014E-03	1.791131E+02
2.13850625000E+06	1.005911E-03	1.770646E+02
2.14037500000E+06	1.270464E-03	1.792461E+02
2.14224375000E+06	1.144655E-03	-1.758739E+02
2.14411250000E+06	9.477771E-04	-1.717558E+02
2.14598125000E+06	1.051498E-03	-1.650292E+02
2.14785000000E+06	1.162227E-03	-1.611028E+02
2.14971875000E+06	1.246913E-03	-1.751473E+02
2.15158750000E+06	1.157800E-03	-1.781009E+02
2.15345625000E+06	1.123950E-03	1.788316E+02
2.15532500000E+06	1.249135E-03	-1.668716E+02
2.15719375000E+06	1.045508E-03	-1.742034E+02
2.15906250000E+06	1.152298E-03	-1.685861E+02
2.16093125000E+06	8.963620E-04	-1.633418E+02
2.16280000000E+06	1.109804E-03	1.715318E+02
2.16466875000E+06	1.095775E-03	1.767701E+02
2.16653750000E+06	1.173887E-03	-1.728253E+02
2.16840625000E+06	1.000149E-03	-1.691269E+02
2.17027500000E+06	1.120683E-03	1.784808E+02
2.17214375000E+06	1.012179E-03	-1.695724E+02
2.17401250000E+06	1.355518E-03	-1.766355E+02
2.17588125000E+06	1.117530E-03	-1.785405E+02
2.17775000000E+06	9.864589E-04	-1.762721E+02
2.17961875000E+06	9.351588E-04	1.696146E+02
2.18148750000E+06	1.330294E-03	-1.716361E+02
2.18335625000E+06	9.800637E-04	-1.718747E+02
2.18522500000E+06	1.239020E-03	-1.711540E+02
2.18709375000E+06	1.389364E-03	-1.792530E+02
2.18896250000E+06	1.178713E-03	-1.757358E+02
2.19083125000E+06	1.328554E-03	-1.739564E+02
2.19270000000E+06	1.078038E-03	-1.767941E+02
2.19456875000E+06	9.409601E-04	-1.724039E+02
2.19643750000E+06	1.330331E-03	1.764594E+02
2.19830625000E+06	1.176586E-03	1.747965E+02
2.20017500000E+06	8.084373E-04	-1.776711E+02
2.20204375000E+06	1.127000E-03	-1.797480E+02
2.20391250000E+06	9.841055E-04	-1.666883E+02
2.20578125000E+06	1.084706E-03	-1.753869E+02
2.20765000000E+06	9.992976E-04	1.760205E+02
2.20951875000E+06	1.269862E-03	-1.782584E+02
2.21138750000E+06	1.216161E-03	1.764063E+02
2.21325625000E+06	1.136766E-03	1.773045E+02
2.21512500000E+06	1.114727E-03	1.799960E+02
2.21699375000E+06	1.397429E-03	1.794140E+02
2.21886250000E+06	1.226921E-03	-1.743822E+02
2.22073125000E+06	1.140722E-03	1.735341E+02
2.22260000000E+06	1.223606E-03	-1.685981E+02
2.22446875000E+06	1.339525E-03	-1.707986E+02
2.22633750000E+06	1.196448E-03	1.698093E+02
2.22820625000E+06	1.135257E-03	-1.786176E+02
2.23007500000E+06	1.427476E-03	-1.739097E+02
2.23194375000E+06	1.381426E-03	-1.792780E+02
2.23381250000E+06	1.109438E-03	-1.714483E+02
2.23568125000E+06	1.089469E-03	1.769338E+02
2.23755000000E+06	1.127754E-03	1.735904E+02
2.23941875000E+06	9.390304E-04	-1.628546E+02
2.24128750000E+06	1.147148E-03	1.718080E+02
2.24315625000E+06	1.252590E-03	-1.638010E+02
2.24502500000E+06	1.436626E-03	1.792981E+02
2.24689375000E+06	1.103220E-03	1.783349E+02
2.24876250000E+06	1.030873E-03	-1.703413E+02
2.25063125000E+06	1.327734E-03	1.735078E+02
2.25250000000E+06	1.249308E-03	-1.637671E+02
2.25436875000E+06	1.212537E-03	1.771303E+02
2.25623750000E+06	1.230789E-03	-1.770559E+02
2.25810625000E+06	1.252077E-03	-1.693741E+02
2.25997500000E+06	9.983119E-04	-1.794256E+02
2.26184375000E+06	1.095024E-03	1.791815E+02
2.26371250000E+06	7.993173E-04	-1.730132E+02
2.26558125000E+06	9.835302E-04	-1.703589E+02
2.26745000000E+06	1.239882E-03	1.789433E+02
2.26931875000E+06	9.853899E-04	1.748261E+02
2.27118750000E+06	1.479332E-03	1.771709E+02
2.27305625000E+06	7.828521E-04	-1.761345E+02
2.27492500000E+06	1.122354E-03	-1.774043E+02
2.27679375000E+06	1.096001E-03	-1.702054E+02
2.27866250000E+06	1.124154E-03	-1.689401E+02
2.28053125000E+06	1.129800E-03	1.754452E+02
2.28240000000E+06	1.236049E-03	-1.790710E+02
2.28426875000E+06	9.600735E-04	-1.662038E+02
2.28613750000E+06	1.241179E-03	-1.733166E+02
2.28800625000E+06	1.042991E-03	-1.789679E+02
2.28987500000E+06	1.373706E-03	-1.778997E+02
2.29174375000E+06	1.170065E-03	-1.783987E+02
2.29361250000E+06	1.056702E-03	-1.761176E+02
2.29548125000E+06	1.324615E-03	1.797181E+02
2.29735000000E+06	1.362436E-03	1.724531E+02
2.29921875000E+06	1.248770E-03	-1.792693E+02
2.30108750000E+06	9.154556E-04	-1.622027E+02
2.30295625000E+06	1.145745E-03	-1.732529E+02
2.30482500000E+06	8.199298E-04	-1.693685E+02
2.30669375000E+06	1.172792E-03	-1.755839E+02
2.30856250000E+06	1.185992E-03	1.683054E+02
2.31043125000E+06	1.205521E-03	1.763103E+02
2.31230000000E+06	1.221966E-03	-1.773373E+02
2.31416875000E+06	1.144941E-03	1.679941E+02
2.31603750000E+06	1.280926E-03	1.794540E+02
2.31790625000E+06	1.206704E-03	1.741330E+02
2.31977500000E+06	1.040350E-03	1.756131E+02
2.32164375000E+06	1.247283E-03	-1.736544E+02
2.32351250000E+06	1.164416E-03	-1.716709E+02
2.32538125000E+06	1.156560E-03	-1.721059E+02
2.32725000000E+06	1.223915E-03	-1.777126E+02
2.32911875000E+06	1.174273E-03	1.778319E+02
2.33098750000E+06	1.042549E-03	1.765227E+02
2.33285625000E+06	1.045186E-03	-1.763411E+02
2.33472500000E+06	1.209696E-03	1.784186E+02
2.33659375000E+06	1.296471E-03	-1.755824E+02
2.33846250000E+06	1.117943E-03	1.764000E+02
2.34033125000E+06	1.110528E-03	1.799130E+02
2.34220000000E+06	1.190233E-03	-1.724368E+02
2.34406875000E+06	1.269983E-03	1.758932E+02
2.34593750000E+06	1.265118E-03	-1.739722E+02
2.34780625000E+06	1.211242E-03	-1.736014E+02
2.34967500000E+06	1.273765E-03	1.759676E+02
2.35154375000E+06	1.206749E-03	-1.726653E+02
2.35341250000E+06	1.052090E-03	1.746304E+02
2.35528125000E+06	1.146642E-03	-1.684762E+02
2.35715000000E+06	1.056017E-03	1.741012E+02
2.35901875000E+06	1.407608E-03	-1.735019E+02
2.36088750000E+06	1.163057E-03	1.759766E+02
2.36275625000E+06	1.129078E-03	1.774638E+02
2.36462500000E+06	1.174786E-03	1.787788E+02
2.36649375000E+06	9.930411E-04	1.717043E+02
2.36836250000E+06	1.178039E-03	-1.764249E+02
2.37023125000E+06	1.134411E-03	-1.657166E+02
2.37210000000E+06	1.241095E-03	1.754940E+02
2.37396875000E+06	1.209066E-03	1.799268E+02
2.37583750000E+06	1.126796E-03	-1.753868E+02
2.37770625000E+06	1.035009E-03	1.786230E+02
2.37957500000E+06	1.333054E-03	1.743492E+02
2.38144375000E+06	1.189187E-03	-1.684080E+02
2.38331250000E+06	1.275466E-03	1.778609E+02
2.38518125000E+06	8.542598E-04	-1.740155E+02
2.38705000000E+06	1.386840E-03	1.766632E+02
2.38891875000E+06	1.182943E-03	1.776822E+02
2.39078750000E+06	1.216129E-03	-1.729984E+02
2.39265625000E+06	1.056872E-03	-1.761742E+02
2.39452500000E+06	1.111793E-03	1.722784E+02
2.39639375000E+06	1.254331E-03	1.703829E+02
2.39826250000E+06	1.099940E-03	1.763243E+02
2.40013125000E+06	1.362780E-03	1.714305E+02
2.40200000000E+06	1.313553E-03	1.719284E+02
2.40386875000E+06	1.225696E-03	1.783343E+02
2.40573750000E+06	1.427037E-03	1.759340E+02
2.40760625000E+06	1.277177E-03	1.774060E+02
2.40947500000E+06	1.137659E-03	-1.753507E+02
2.41134375000E+06	1.159823E-03	1.684094E+02
2.41321250000E+06	1.172872E-03	-1.733667E+02
2.41508125000E+06	1.058595E-03	1.709628E+02
2.41695000000E+06	1.348339E-03	1.670983E+02
2.41881875000E+06	1.216040E-03	-1.794731E+02
2.42068750000E+06	1.186570E-03	1.772437E+02
2.42255625000E+06	1.153481E-03	-1.594115E+02
2.42442500000E+06	1.379792E-03	1.688392E+02
2.42629375000E+06	1.352679E-03	1.772486E+02
2.42816250000E+06	9.953936E-04	-1.708155E+02
2.43003125000E+06	1.370377E-03	1.743460E+02
2.43190000000E+06	1.010062E-03	1.718381E+02
2.43376875000E+06	1.214523E-03	1.686131E+02
2.43563750000E+06	1.273273E-03	1.729288E+02
2.43750625000E+06	1.257819E-03	1.715176E+02
2.43937500000E+06	9.738232E-04	-1.773967E+02
2.44124375000E+06	1.357048E-03	-1.773767E+02
2.44311250000E+06	1.132156E-03	1.781909E+02
2.44498125000E+06	1.184315E-03	1.762216E+02
2.44685000000E+06	1.010052E-03	-1.759062E+02
2.44871875000E+06	9.781170E-04	-1.762422E+02
2.45058750000E+06	1.224783E-03	1.759772E+02
2.45245625000E+06	1.060736E-03	-1.797248E+02
2.45432500000E+06	1.245763E-03	1.787778E+02
2.45619375000E+06	1.093730E-03	-1.714184E+02
2.45806250000E+06	1.374344E-03	1.799361E+02
2.45993125000E+06	1.407376E-03	-1.714554E+02
2.46180000000E+06	1.105443E-03	-1.706429E+02
2.46366875000E+06	1.317853E-03	1.658204E+02
2.46553750000E+06	1.526059E-03	-1.742235E+02
2.46740625000E+06	1.174340E-03	-1.763748E+02
2.46927500000E+06	1.207249E-03	1.793873E+02
2.47114375000E+06	1.135326E-03	1.709856E+02
2.47301250000E+06	1.250273E-03	1.697526E+02
2.47488125000E+06	1.260127E-03	1.772606E+02
2.47675000000E+06	1.763479E-03	1.778771E+02
2.47861875000E+06	8.834455E-04	1.658402E+02
2.48048750000E+06	9.946013E-04	-1.722807E+02
2.48235625000E+06	1.300577E-03	-1.725850E+02
2.48422500000E+06	1.404770E-03	1.753242E+02
2.48609375000E+06	1.265122E-03	-1.720184E+02
2.48796250000E+06	1.398292E-03	-1.735552E+02
2.48983125000E+06	1.231254E-03	-1.734986E+02
2.49170000000E+06	1.180500E-03	1.780858E+02
2.49356875000E+06	1.276287E-03	1.768395E+02
2.49543750000E+06	1.060033E-03	-1.704095E+02
2.49730625000E+06	1.208778E-03	-1.748103E+02
2.49917500000E+06	1.097911E-03	1.775811E+02
2.50104375000E+06	1.631954E-03	-1.790712E+02
2.50291250000E+06	1.091743E-03	-1.701435E+02
2.50478125000E+06	1.330147E-03	-1.784057E+02
2.50665000000E+06	1.195949E-03	1.767159E+02
2.50851875000E+06	1.149281E-03	1.722230E+02
2.51038750000E+06	1.317962E-03	1.740639E+02
2.51225625000E+06	1.153952E-03	1.773771E+02
2.51412500000E+06	1.236085E-03	-1.663539E+02
2.51599375000E+06	1.387317E-03	-1.731547E+02
2.51786250000E+06	1.428513E-03	1.744418E+02
2.51973125000E+06	1.279460E-03	-1.718720E+02
2.52160000000E+06	1.176908E-03	1.770619E+02
2.52346875000E+06	1.190328E-03	1.697061E+02
2.52533750000E+06	1.649154E-03	-1.730354E+02
2.52720625000E+06	1.358490E-03	1.759842E+02
2.52907500000E+06	1.311298E-03	-1.771884E+02
2.53094375000E+06	1.267130E-03	-1.664006E+02
2.53281250000E+06	1.208357E-03	-1.780514E+02
2.53468125000E+06	1.385284E-03	-1.708043E+02
2.53655000000E+06	1.346612E-03	-1.732655E+02
2.53841875000E+06	1.118998E-03	1.688318E+02
2.54028750000E+06	1.127059E-03	1.745331E+02
2.54215625000E+06	1.215561E-03	-1.734325E+02
2.54402500000E+06	1.254896E-03	1.683293E+02
2.54589375000E+06	1.318812E-03	1.684186E+02
2.54776250000E+06	1.352668E-03	-1.760018E+02
2.54963125000E+06	1.283246E-03	-1.765647E+02
2.55150000000E+06	1.235278E-03	1.751303E+02
2.55336875000E+06	1.399094E-03	-1.663946E+02
2.55523750000E+06	1.217206E-03	-1.711764E+02
2.55710625000E+06	1.465580E-03	1.701738E+02
2.55897500000E+06	1.216402E-03	1.769633E+02
2.56084375000E+06	1.334067E-03	-1.759858E+02
2.56271250000E+06	1.371405E-03	1.775750E+02
2.56458125000E+06	1.416381E-03	-1.751961E+02
2.56645000000E+06	1.348099E-03	-1.763241E+02
2.56831875000E+06	1.526201E-03	1.748861E+02
2.57018750000E+06	1.447287E-03	-1.788102E+02
2.57205625000E+06	1.278574E-03	-1.733758E+02
2.57392500000E+06	1.297240E-03	-1.642374E+02
2.57579375000E+06	1.367624E-03	-1.662864E+02
2.57766250000E+06	1.365334E-03	-1.720871E+02
2.57953125000E+06	1.269472E-03	-1.789885E+02
2.58140000000E+06	1.406021E-03	-1.776154E+02
2.58326875000E+06	1.343076E-03	1.782534E+02
2.58513750000E+06	1.056484E-03	1.753295E+02
2.58700625000E+06	1.115966E-03	-1.736443E+02
2.58887500000E+06	1.285029E-03	-1.751667E+02
2.59074375000E+06	1.394517E-03	1.756574E+02
2.59261250000E+06	1.388160E-03	-1.777777E+02
2.59448125000E+06	1.495518E-03	-1.791417E+02
2.59635000000E+06	1.505623E-03	-1.759785E+02
2.59821875000E+06	1.391949E-03	-1.764032E+02
2.60008750000E+06	1.314214E-03	1.772397E+02
2.60195625000E+06	1.161900E-03	-1.738817E+02
2.60382500000E+06	1.380278E-03	1.775815E+02
2.60569375000E+06	1.259242E-03	-1.710643E+02
2.60756250000E+06	1.223443E-03	1.764204E+02
2.60943125000E+06	1.372619E-03	-1.723055E+02
2.61130000000E+06	1.156100E-03	-1.715416E+02
2.61316875000E+06	1.287494E-03	1.760179E+02
2.61503750000E+06	1.493592E-03	1.795443E+02
2.61690625000E+06	1.417446E-03	-1.754042E+02
2.61877500000E+06	1.032002E-03	-1.756833E+02
2.62064375000E+06	1.473256E-03	1.759387E+02
2.62251250000E+06	1.399284E-03	-1.733850E+02
2.62438125000E+06	1.260058E-03	-1.687799E+02
2.62625000000E+06	1.302975E-03	-1.782004E+02
2.62811875000E+06	1.258607E-03	1.676703E+02
2.62998750000E+06	9.493633E-04	1.739552E+02
2.63185625000E+06	1.297371E-03	-1.708351E+02
2.63372500000E+06	1.401641E-03	-1.708451E+02
2.63559375000E+06	1.272816E-03	-1.665502E+02
2.63746250000E+06	1.408566E-03	1.756353E+02
2.63933125000E+06	1.608494E-03	-1.758088E+02
2.64120000000E+06	1.508717E-03	-1.788841E+02
2.64306875000E+06	1.399367E-03	-1.790675E+02
2.64493750000E+06	1.203353E-03	-1.692236E+02
2.64680625000E+06	1.231035E-03	1.769222E+02
2.64867500000E+06	1.237378E-03	-1.750869E+02
2.65054375000E+06	1.354786E-03	-1.676265E+02
2.65241250000E+06	1.507590E-03	1.782159E+02
2.65428125000E+06	1.397116E-03	-1.759452E+02
2.65615000000E+06	1.338736E-03	1.735392E+02
2.65801875000E+06	1.483253E-03	-1.697702E+02
2.65988750000E+06	1.294331E-03	-1.780840E+02
2.66175625000E+06	1.559566E-03	-1.758582E+02
2.66362500000E+06	1.542666E-03	-1.762858E+02
2.66549375000E+06	1.672452E-03	-1.658792E+02
2.66736250000E+06	1.060552E-03	-1.699115E+02
2.66923125000E+06	1.255776E-03	1.741338E+02
2.67110000000E+06	1.440714E-03	-1.711914E+02
2.67296875000E+06	1.545155E-03	1.722085E+02
2.67483750000E+06	1.035523E-03	1.721456E+02
2.67670625000E+06	1.341311E-03	-1.770104E+02
2.67857500000E+06	1.484912E-03	1.710277E+02
2.68044375000E+06	1.078853E-03	-1.729995E+02
2.68231250000E+06	1.508319E-03	-1.746400E+02
2.68418125000E+06	1.379186E-03	-1.758395E+02
2.68605000000E+06	1.162548E-03	1.772281E+02
2.68791875000E+06	1.385360E-03	-1.733342E+02
2.68978750000E+06	1.107305E-03	1.748143E+02
2.69165625000E+06	1.454732E-03	1.796069E+02
2.69352500000E+06	1.214561E-03	-1.704316E+02
2.69539375000E+06	1.166346E-03	-1.697830E+02
2.69726250000E+06	1.357934E-03	-1.776779E+02
2.69913125000E+06	1.572652E-03	-1.639018E+02
2.70100000000E+06	1.353335E-03	-1.741301E+02
2.70286875000E+06	1.355772E-03	-1.699184E+02
2.70473750000E+06	1.537276E-03	1.781742E+02
2.70660625000E+06	1.317995E-03	-1.701944E+02
2.70847500000E+06	1.286670E-03	-1.774294E+02
2.71034375000E+06	1.582658E-03	-1.785052E+02
2.71221250000E+06	1.458224E-03	-1.754737E+02
2.71408125000E+06	1.205234E-03	1.789742E+02
2.71595000000E+06	1.208102E-03	-1.765228E+02
2.71781875000E+06	1.445017E-03	1.715941E+02
2.71968750000E+06	1.474515E-03	-1.742438E+02
2.72155625000E+06	1.272000E-03	-1.701803E+02
2.72342500000E+06	1.345615E-03	-1.725382E+02
2.72529375000E+06	1.320341E-03	-1.643829E+02
2.72716250000E+06	1.666159E-03	-1.795293E+02
2.72903125000E+06	1.230565E-03	-1.691524E+02
2.73090000000E+06	1.397282E-03	-1.725293E+02
2.73276875000E+06	1.289926E-03	1.794214E+02
2.73463750000E+06	1.339992E-03	-1.739834E+02
2.73650625000E+06	1.713855E-03	-1.779038E+02
2.73837500000E+06	1.088190E-03	-1.766959E+02
2.74024375000E+06	1.446441E-03	-1.710238E+02
2.74211250000E+06	1.476046E-03	-1.742498E+02
2.74398125000E+06	1.361118E-03	-1.746483E+02
2.74585000000E+06	1.660066E-03	-1.747331E+02
2.74771875000E+06	1.184272E-03	-1.719053E+02
2.74958750000E+06	1.463729E-03	-1.771004E+02
2.75145625000E+06	1.186718E-03	-1.660590E+02
2.75332500000E+06	1.106883E-03	-1.735506E+02
2.75519375000E+06	1.329404E-03	-1.737215E+02
2.75706250000E+06	1.445139E-03	-1.730125E+02
2.75893125000E+06	1.198189E-03	1.796989E+02
2.76080000000E+06	1.415770E-03	-1.791545E+02
2.76266875000E+06	1.386288E-03	-1.686719E+02
2.76453750000E+06	1.569721E-03	-1.666172E+02
2.76640625000E+06	1.069690E-03	-1.730201E+02
2.76827500000E+06	1.282849E-03	-1.741600E+02
2.77014375000E+06	1.073318E-03	-1.772403E+02
2.77201250000E+06	1.120974E-03	-1.660835E+02
2.77388125000E+06	1.287339E-03	-1.682663E+02
2.77575000000E+06	1.370816E-03	-1.737760E+02
2.77761875000E+06	1.234112E-03	-1.723039E+02
2.77948750000E+06	1.577586E-03	-1.741279E+02
2.78135625000E+06	9.616368E-04	-1.731379E+02
2.78322500000E+06	1.356809E-03	-1.621333E+02
2.78509375000E+06	1.408244E-03	-1.611851E+02
2.78696250000E+06	1.223558E-03	-1.692286E+02
2.78883125000E+06	1.513892E-03	-1.650443E+02
2.79070000000E+06	1.554294E-03	-1.672213E+02
2.79256875000E+06	1.459029E-03	-1.748736E+02
2.79443750000E+06	1.523306E-03	-1.723343E+02
2.79630625000E+06	1.469907E-03	-1.670410E+02
2.79817500000E+06	1.508024E-03	-1.635414E+02
2.80004375000E+06	1.483163E-03	-1.633423E+02
2.80191250000E+06	1.534519E-03	-1.678984E+02
2.80378125000E+06	1.367618E-03	-1.713498E+02
2.80565000000E+06	1.531789E-03	-1.763365E+02
2.80751875000E+06	1.442574E-03	-1.723729E+02
2.80938750000E+06	1.435421E-03	-1.706849E+02
2.81125625000E+06	1.188876E-03	-1.598294E+02
2.81312500000E+06	1.409252E-03	-1.639800E+02
2.81499375000E+06	1.470809E-03	-1.781462E+02
2.81686250000E+06	1.416968E-03	-1.733388E+02
2.81873125000E+06	1.449971E-03	-1.554440E+02
2.82060000000E+06	1.430007E-03	-1.638470E+02
2.82246875000E+06	1.506959E-03	-1.694562E+02
2.82433750000E+06	1.460628E-03	-1.633555E+02
2.82620625000E+06	1.596166E-03	-1.690482E+02
2.82807500000E+06	1.547839E-03	-1.684154E+02
2.82994375000E+06	1.489866E-03	-1.630920E+02
2.83181250000E+06	1.719561E-03	-1.642739E+02
2.83368125000E+06	1.557357E-03	-1.614890E+02
2.83555000000E+06	1.487708E-03	-1.663680E+02
2.83741875000E+06	1.512378E-03	-1.705606E+02
2.83928750000E+06	1.475969E-03	-1.640578E+02
2.84115625000E+06	1.692283E-03	-1.620984E+02
2.84302500000E+06	1.536585E-03	-1.760563E+02
2.84489375000E+06	1.207522E-03	-1.620332E+02
2.84676250000E+06	1.279174E-03	-1.666633E+02
2.84863125000E+06	1.581811E-03	-1.682043E+02
2.85050000000E+06	1.247111E-03	-1.568073E+02
2.85236875000E+06	1.117346E-03	-1.732358E+02
2.85423750000E+06	1.587779E-03	-1.701819E+02
2.85610625000E+06	1.458963E-03	-1.574614E+02
2.85797500000E+06	1.486432E-03	-1.757763E+02
2.85984375000E+06	1.501682E-03	-1.769053E+02
2.86171250000E+06	1.477337E-03	-1.580058E+02
2.86358125000E+06	1.302449E-03	-1.783828E+02
2.86545000000E+06	1.309767E-03	-1.620872E+02
2.86731875000E+06	1.636055E-03	-1.741149E+02
2.86918750000E+06	1.539878E-03	-1.737993E+02
2.87105625000E+06	1.524657E-03	-1.651961E+02
2.87292500000E+06	1.494472E-03	-1.710862E+02
2.87479375000E+06	1.382812E-03	-1.734082E+02
2.87666250000E+06	1.408844E-03	-1.678163E+02
2.87853125000E+06	1.432305E-03	-1.718467E+02
2.88040000000E+06	1.634528E-03	-1.639686E+02
2.88226875000E+06	1.296204E-03	-1.554065E+02
2.88413750000E+06	1.630413E-03	-1.610135E+02
2.88600625000E+06	1.634222E-03	-1.766170E+02
2.88787500000E+06	1.413957E-03	-1.586593E+02
2.88974375000E+06	1.579541E-03	-1.734698E+02
2.89161250000E+06	1.533979E-03	-1.657541E+02
2.89348125000E+06	1.449997E-03	-1.637350E+02
2.89535000000E+06	1.528193E-03	-1.672584E+02
2.89721875000E+06	1.625539E-03	-1.725353E+02
2.89908750000E+06	1.544460E-03	-1.745390E+02
2.90095625000E+06	1.434587E-03	-1.691840E+02
2.90282500000E+06	1.521634E-03	-1.734191E+02
2.90469375000E+06	1.458151E-03	-1.576921E+02
2.90656250000E+06	1.671742E-03	-1.553019E+02
2.90843125000E+06	1.660929E-03	-1.648699E+02
2.91030000000E+06	1.349497E-03	-1.679676E+02
2.91216875000E+06	1.558235E-03	-1.691637E+02
2.91403750000E+06	1.596058E-03	-1.596932E+02
2.91590625000E+06	1.545246E-03	-1.716483E+02
2.91777500000E+06	1.548909E-03	-1.639943E+02
2.91964375000E+06	1.528473E-03	-1.694194E+02
2.92151250000E+06	1.738561E-03	-1.680275E+02
2.92338125000E+06	1.721751E-03	-1.774516E+02
2.92525000000E+06	1.449585E-03	-1.604894E+02
2.92711875000E+06	1.455517E-03	-1.722126E+02
2.92898750000E+06	1.787904E-03	-1.666084E+02
2.93085625000E+06	1.416054E-03	-1.738824E+02
2.93272500000E+06	1.390944E-03	-1.735857E+02
2.93459375000E+06	1.611518E-03	-1.625824E+02
2.93646250000E+06	1.729162E-03	1.788729E+02
2.93833125000E+06	1.404813E-03	-1.691625E+02
2.94020000000E+06	1.675555E-03	-1.658369E+02
2.94206875000E+06	1.357386E-03	-1.705907E+02
2.94393750000E+06	1.530405E-03	-1.677515E+02
2.94580625000E+06	1.866197E-03	-1.769606E+02
2.94767500000E+06	1.555967E-03	-1.588517E+02
2.94954375000E+06	1.624866E-03	-1.669158E+02
2.95141250000E+06	1.188683E-03	-1.666072E+02
2.95328125000E+06	1.760451E-03	-1.666662E+02
2.95515000000E+06	1.680942E-03	-1.585191E+02
2.95701875000E+06	1.792970E-03	-1.662309E+02
2.95888750000E+06	1.778080E-03	-1.606626E+02
2.96075625000E+06	1.661099E-03	-1.730222E+02
2.96262500000E+06	1.713346E-03	-1.573096E+02
2.96449375000E+06	1.529322E-03	-1.606448E+02
2.96636250000E+06	1.571458E-03	-1.717310E+02
2.96823125000E+06	1.511132E-03	-1.676886E+02
2.97010000000E+06	1.543317E-03	-1.620211E+02
2.97196875000E+06	1.581080E-03	-1.694587E+02
2.97383750000E+06	1.517616E-03	-1.623917E+02
2.97570625000E+06	1.789410E-03	-1.670165E+02
2.97757500000E+06	1.540730E-03	-1.621873E+02
2.97944375000E+06	1.404461E-03	-1.538644E+02
2.98131250000E+06	1.542669E-03	-1.691605E+02
2.98318125000E+06	1.658685E-03	-1.672046E+02
2.98505000000E+06	1.552987E-03	-1.611349E+02
2.98691875000E+06	1.688223E-03	-1.664686E+02
2.98878750000E+06	1.620534E-03	-1.486488E+02
2.99065625000E+06	1.387811E-03	-1.547833E+02
2.99252500000E+06	1.480134E-03	-1.627194E+02
2.99439375000E+06	1.509365E-03	-1.615408E+02
2.99626250000E+06	1.504570E-03	-1.624039E+02
2.99813125000E+06	1.730834E-03	-1.589222E+02
3.00000000000E+06	1.586212E-03	-1.606992E+02
