"E5100A REV3.14"
"DATE: Jun 28 2004"



"CHANNEL: 2"
"MEASURE TYPE: AR"
"FORMAT TYPE: LINMP"
"NUMBER of POINTS: 1601"
"SWEEP TIME:  3.458 s"
"SWEEP TYPE: LINF"
"SOURCE POWER: 0 dBm"
"IF BANDWIDTH: 500 Hz"

"Frequency"	"Main Array"	"Sub Array"
1.00000000000E+04	6.584570E-02	-6.968486E+01
1.18687500000E+04	6.181014E-02	-2.456608E+01
1.37375000000E+04	6.252977E-02	-3.601483E+01
1.56062500000E+04	6.388595E-02	-4.401355E+01
1.74750000000E+04	4.012970E-02	-4.685250E+01
1.93437500000E+04	4.266924E-02	-4.058645E+01
2.12125000000E+04	4.662366E-02	-4.139561E+01
2.30812500000E+04	4.548559E-02	-4.554421E+01
2.49500000000E+04	4.234604E-02	-5.321760E+01
2.68187500000E+04	3.896411E-02	-5.328548E+01
2.86875000000E+04	3.707339E-02	-5.227387E+01
3.05562500000E+04	3.841168E-02	-5.676768E+01
3.24250000000E+04	3.469585E-02	-5.763553E+01
3.42937500000E+04	3.308298E-02	-5.928688E+01
3.61625000000E+04	3.286769E-02	-5.694768E+01
3.80312500000E+04	3.121478E-02	-5.984220E+01
3.99000000000E+04	3.223388E-02	-6.304887E+01
4.17687500000E+04	2.805844E-02	-6.232800E+01
4.36375000000E+04	2.579462E-02	-6.598013E+01
4.55062500000E+04	2.421557E-02	-6.742976E+01
4.73750000000E+04	2.497486E-02	-6.520049E+01
4.92437500000E+04	2.236463E-02	-6.449171E+01
5.11125000000E+04	2.332568E-02	-6.516849E+01
5.29812500000E+04	2.084168E-02	-6.359390E+01
5.48500000000E+04	1.937547E-02	-6.814469E+01
5.67187500000E+04	1.857438E-02	-6.663507E+01
5.85875000000E+04	1.910164E-02	-6.373177E+01
6.04562500000E+04	1.676274E-02	-6.510459E+01
6.23250000000E+04	1.685471E-02	-6.330445E+01
6.41937500000E+04	1.485808E-02	-5.916203E+01
6.60625000000E+04	1.432834E-02	-5.138715E+01
6.79312500000E+04	1.482754E-02	-5.498079E+01
6.98000000000E+04	1.364130E-02	-5.014682E+01
7.16687500000E+04	1.394233E-02	-4.679488E+01
7.35375000000E+04	1.474641E-02	-4.280728E+01
7.54062500000E+04	1.517209E-02	-3.927758E+01
7.72750000000E+04	1.603654E-02	-3.903004E+01
7.91437500000E+04	1.653680E-02	-3.907468E+01
8.10125000000E+04	1.762608E-02	-4.077983E+01
8.28812500000E+04	1.813435E-02	-4.169654E+01
8.47500000000E+04	1.977068E-02	-4.237067E+01
8.66187500000E+04	1.903561E-02	-4.220849E+01
8.84875000000E+04	1.924268E-02	-4.492214E+01
9.03562500000E+04	1.991778E-02	-3.857397E+01
9.22250000000E+04	2.011374E-02	-4.824777E+01
9.40937500000E+04	1.923548E-02	-5.109298E+01
9.59625000000E+04	1.860601E-02	-5.277076E+01
9.78312500000E+04	1.883797E-02	-5.312040E+01
9.97000000000E+04	1.814295E-02	-5.537984E+01
1.01568750000E+05	1.858569E-02	-5.615130E+01
1.03437500000E+05	1.702425E-02	-5.770440E+01
1.05306250000E+05	1.685052E-02	-4.578614E+01
1.07175000000E+05	1.662574E-02	-5.717445E+01
1.09043750000E+05	1.689716E-02	-5.695739E+01
1.10912500000E+05	1.950420E-02	-7.158456E+01
1.12781250000E+05	1.623584E-02	-6.020317E+01
1.14650000000E+05	1.569080E-02	-6.100145E+01
1.16518750000E+05	1.470947E-02	-6.148688E+01
1.18387500000E+05	1.528522E-02	-6.253313E+01
1.20256250000E+05	1.505626E-02	-6.144582E+01
1.22125000000E+05	1.468605E-02	-6.144959E+01
1.23993750000E+05	1.431435E-02	-6.219979E+01
1.25862500000E+05	1.458972E-02	-6.486108E+01
1.27731250000E+05	1.430621E-02	-6.311977E+01
1.29600000000E+05	1.308141E-02	-6.325274E+01
1.31468750000E+05	1.347417E-02	-6.814304E+01
1.33337500000E+05	1.271149E-02	-5.649516E+01
1.35206250000E+05	1.254162E-02	-6.673248E+01
1.37075000000E+05	1.240499E-02	-6.398420E+01
1.38943750000E+05	1.227690E-02	-6.474043E+01
1.40812500000E+05	1.502055E-02	-6.471133E+01
1.42681250000E+05	1.286595E-02	-6.733586E+01
1.44550000000E+05	1.246901E-02	-6.729842E+01
1.46418750000E+05	1.200078E-02	-6.939435E+01
1.48287500000E+05	1.182508E-02	-6.651223E+01
1.50156250000E+05	1.142669E-02	-6.914452E+01
1.52025000000E+05	1.054257E-02	-7.026136E+01
1.53893750000E+05	1.137583E-02	-6.978066E+01
1.55762500000E+05	1.090942E-02	-6.728986E+01
1.57631250000E+05	1.039603E-02	-6.708960E+01
1.59500000000E+05	1.124312E-02	-6.609163E+01
1.61368750000E+05	1.106001E-02	-6.866904E+01
1.63237500000E+05	1.042207E-02	-6.593368E+01
1.65106250000E+05	1.007885E-02	-7.214460E+01
1.66975000000E+05	7.834047E-03	-7.598702E+01
1.68843750000E+05	9.849036E-03	-7.100969E+01
1.70712500000E+05	9.544377E-03	-7.028067E+01
1.72581250000E+05	9.746738E-03	-7.152083E+01
1.74450000000E+05	9.113817E-03	-7.148190E+01
1.76318750000E+05	8.969794E-03	-6.681271E+01
1.78187500000E+05	8.908717E-03	-7.180544E+01
1.80056250000E+05	9.288339E-03	-7.345400E+01
1.81925000000E+05	8.716378E-03	-6.965947E+01
1.83793750000E+05	7.965305E-03	-7.005605E+01
1.85662500000E+05	8.575658E-03	-7.346432E+01
1.87531250000E+05	8.065438E-03	-6.981414E+01
1.89400000000E+05	8.312025E-03	-7.345511E+01
1.91268750000E+05	8.434402E-03	-6.883208E+01
1.93137500000E+05	8.029629E-03	-6.930745E+01
1.95006250000E+05	8.034015E-03	-6.760646E+01
1.96875000000E+05	8.010086E-03	-7.090086E+01
1.98743750000E+05	7.763045E-03	-7.186847E+01
2.00612500000E+05	7.286324E-03	-6.953104E+01
2.02481250000E+05	7.561554E-03	-6.534666E+01
2.04350000000E+05	7.370380E-03	-6.738408E+01
2.06218750000E+05	7.157827E-03	-6.946371E+01
2.08087500000E+05	7.026152E-03	-6.971224E+01
2.09956250000E+05	6.772744E-03	-6.773287E+01
2.11825000000E+05	7.069616E-03	-6.818370E+01
2.13693750000E+05	6.522794E-03	-7.317490E+01
2.15562500000E+05	6.365600E-03	-6.949526E+01
2.17431250000E+05	6.259275E-03	-7.003938E+01
2.19300000000E+05	6.669540E-03	-6.775650E+01
2.21168750000E+05	6.126081E-03	-6.851176E+01
2.23037500000E+05	6.531220E-03	-6.604395E+01
2.24906250000E+05	6.735876E-03	-7.114392E+01
2.26775000000E+05	6.054814E-03	-6.810938E+01
2.28643750000E+05	6.161860E-03	-6.958019E+01
2.30512500000E+05	6.714195E-03	-6.738793E+01
2.32381250000E+05	6.295429E-03	-7.049984E+01
2.34250000000E+05	6.145450E-03	-6.743029E+01
2.36118750000E+05	6.251812E-03	-6.366843E+01
2.37987500000E+05	6.439205E-03	-6.874697E+01
2.39856250000E+05	5.792623E-03	-7.114850E+01
2.41725000000E+05	6.076529E-03	-6.751192E+01
2.43593750000E+05	5.490098E-03	-7.030915E+01
2.45462500000E+05	5.958692E-03	-7.189648E+01
2.47331250000E+05	6.193622E-03	-7.210209E+01
2.49200000000E+05	5.738714E-03	-7.281198E+01
2.51068750000E+05	5.753497E-03	-7.619475E+01
2.52937500000E+05	5.686736E-03	-7.848904E+01
2.54806250000E+05	5.457992E-03	-8.201068E+01
2.56675000000E+05	5.342081E-03	-8.589834E+01
2.58543750000E+05	5.056472E-03	-8.188791E+01
2.60412500000E+05	5.191998E-03	-8.181934E+01
2.62281250000E+05	4.875500E-03	-8.741541E+01
2.64150000000E+05	4.943745E-03	-9.061743E+01
2.66018750000E+05	4.389307E-03	-8.259567E+01
2.67887500000E+05	4.056671E-03	-8.283344E+01
2.69756250000E+05	4.232283E-03	-8.420971E+01
2.71625000000E+05	4.236930E-03	-8.332644E+01
2.73493750000E+05	4.302362E-03	-8.309004E+01
2.75362500000E+05	3.837725E-03	-8.196990E+01
2.77231250000E+05	3.824847E-03	-8.256648E+01
2.79100000000E+05	3.522490E-03	-8.712726E+01
2.80968750000E+05	3.394363E-03	-8.872177E+01
2.82837500000E+05	3.425787E-03	-8.371940E+01
2.84706250000E+05	2.964678E-03	-8.496420E+01
2.86575000000E+05	3.082640E-03	-8.313582E+01
2.88443750000E+05	3.287338E-03	-8.748427E+01
2.90312500000E+05	2.988574E-03	-8.202820E+01
2.92181250000E+05	2.729678E-03	-7.971337E+01
2.94050000000E+05	2.443121E-03	-8.041936E+01
2.95918750000E+05	2.561988E-03	-7.833813E+01
2.97787500000E+05	2.517931E-03	-7.717811E+01
2.99656250000E+05	2.512825E-03	-8.020290E+01
3.01525000000E+05	2.448619E-03	-7.399791E+01
3.03393750000E+05	2.187850E-03	-7.603773E+01
3.05262500000E+05	2.340341E-03	-7.624161E+01
3.07131250000E+05	2.478879E-03	-7.787288E+01
3.09000000000E+05	1.992855E-03	-7.106883E+01
3.10868750000E+05	2.035289E-03	-8.030552E+01
3.12737500000E+05	2.207460E-03	-7.469627E+01
3.14606250000E+05	1.948778E-03	-7.118463E+01
3.16475000000E+05	2.434264E-03	-7.425138E+01
3.18343750000E+05	1.807899E-03	-6.295661E+01
3.20212500000E+05	1.993931E-03	-7.476049E+01
3.22081250000E+05	1.610020E-03	-6.746630E+01
3.23950000000E+05	1.562368E-03	-7.441524E+01
3.25818750000E+05	1.787247E-03	-6.242193E+01
3.27687500000E+05	1.687608E-03	-6.372041E+01
3.29556250000E+05	1.714131E-03	-6.523112E+01
3.31425000000E+05	1.615173E-03	-8.030466E+01
3.33293750000E+05	1.278146E-03	-5.847531E+01
3.35162500000E+05	1.330415E-03	-5.632576E+01
3.37031250000E+05	1.512356E-03	-6.193104E+01
3.38900000000E+05	1.328079E-03	-6.819572E+01
3.40768750000E+05	1.329045E-03	-4.659870E+01
3.42637500000E+05	9.915320E-04	-6.019866E+01
3.44506250000E+05	1.122585E-03	-3.956431E+01
3.46375000000E+05	1.031731E-03	-6.859915E+01
3.48243750000E+05	9.559977E-04	-5.729670E+01
3.50112500000E+05	8.939781E-04	-5.839285E+01
3.51981250000E+05	1.029354E-03	-3.894032E+01
3.53850000000E+05	1.082514E-03	-5.335537E+01
3.55718750000E+05	1.303368E-03	-4.997318E+01
3.57587500000E+05	9.319781E-04	-3.049391E+01
3.59456250000E+05	7.804462E-04	-3.460051E+01
3.61325000000E+05	4.646220E-04	-2.217993E-01
3.63193750000E+05	6.373019E-04	-1.928283E+01
3.65062500000E+05	6.639806E-04	-1.812183E+01
3.66931250000E+05	8.372665E-04	-3.109642E+01
3.68800000000E+05	6.678363E-04	-9.139644E+00
3.70668750000E+05	6.112971E-04	2.997932E+01
3.72537500000E+05	7.499434E-04	4.210127E+00
3.74406250000E+05	7.403796E-04	-4.142388E+00
3.76275000000E+05	7.282926E-04	-2.706654E+00
3.78143750000E+05	3.069491E-04	5.558504E+00
3.80012500000E+05	5.046512E-04	-1.522200E+01
3.81881250000E+05	7.419086E-04	4.633481E+01
3.83750000000E+05	4.959975E-04	2.906686E+01
3.85618750000E+05	7.548019E-04	2.736688E+01
3.87487500000E+05	5.565665E-04	1.992220E+01
3.89356250000E+05	5.729546E-04	2.053851E+01
3.91225000000E+05	4.584059E-04	5.985890E+01
3.93093750000E+05	5.517832E-04	5.945990E+01
3.94962500000E+05	6.206387E-04	6.878870E+01
3.96831250000E+05	6.822774E-04	2.936056E+01
3.98700000000E+05	6.499526E-04	5.311692E+01
4.00568750000E+05	7.339112E-04	5.716767E+01
4.02437500000E+05	6.534766E-04	8.073159E+01
4.04306250000E+05	9.887503E-04	4.076683E+01
4.06175000000E+05	9.001564E-04	5.599626E+01
4.08043750000E+05	9.212026E-04	6.982383E+01
4.09912500000E+05	8.818375E-04	6.364185E+01
4.11781250000E+05	9.574353E-04	6.917763E+01
4.13650000000E+05	1.105057E-03	6.823043E+01
4.15518750000E+05	8.746796E-04	5.295127E+01
4.17387500000E+05	9.837910E-04	6.871528E+01
4.19256250000E+05	1.291916E-03	6.754082E+01
4.21125000000E+05	1.374052E-03	6.332129E+01
4.22993750000E+05	1.289715E-03	7.163354E+01
4.24862500000E+05	1.355377E-03	6.219878E+01
4.26731250000E+05	1.341502E-03	6.814211E+01
4.28600000000E+05	1.410273E-03	6.885777E+01
4.30468750000E+05	1.173316E-03	5.549588E+01
4.32337500000E+05	1.344459E-03	6.981374E+01
4.34206250000E+05	1.374613E-03	7.066998E+01
4.36075000000E+05	1.312271E-03	7.087016E+01
4.37943750000E+05	1.583519E-03	7.636744E+01
4.39812500000E+05	1.419901E-03	6.991254E+01
4.41681250000E+05	1.863413E-03	7.432578E+01
4.43550000000E+05	1.701585E-03	7.651950E+01
4.45418750000E+05	1.746943E-03	8.391306E+01
4.47287500000E+05	1.836946E-03	7.177956E+01
4.49156250000E+05	1.965075E-03	7.343053E+01
4.51025000000E+05	1.516688E-03	7.399506E+01
4.52893750000E+05	1.625218E-03	8.425219E+01
4.54762500000E+05	1.828271E-03	7.280417E+01
4.56631250000E+05	1.840395E-03	7.466581E+01
4.58500000000E+05	1.922161E-03	8.158176E+01
4.60368750000E+05	1.815585E-03	7.599455E+01
4.62237500000E+05	2.322628E-03	7.845059E+01
4.64106250000E+05	2.144548E-03	8.014819E+01
4.65975000000E+05	2.166528E-03	7.568681E+01
4.67843750000E+05	2.104449E-03	8.371896E+01
4.69712500000E+05	1.929629E-03	8.299697E+01
4.71581250000E+05	2.031621E-03	8.086143E+01
4.73450000000E+05	2.411097E-03	7.581529E+01
4.75318750000E+05	2.350490E-03	8.615490E+01
4.77187500000E+05	2.375769E-03	8.178082E+01
4.79056250000E+05	2.054609E-03	8.052020E+01
4.80925000000E+05	2.523587E-03	8.809562E+01
4.82793750000E+05	2.306709E-03	8.725079E+01
4.84662500000E+05	2.546081E-03	8.142351E+01
4.86531250000E+05	2.500169E-03	8.802670E+01
4.88400000000E+05	2.361916E-03	7.653979E+01
4.90268750000E+05	2.433059E-03	8.019952E+01
4.92137500000E+05	2.663308E-03	8.472112E+01
4.94006250000E+05	2.505410E-03	8.672078E+01
4.95875000000E+05	2.437616E-03	8.349532E+01
4.97743750000E+05	2.622239E-03	8.648020E+01
4.99612500000E+05	2.623982E-03	8.595776E+01
5.01481250000E+05	2.715768E-03	8.292237E+01
5.03350000000E+05	2.635339E-03	8.678101E+01
5.05218750000E+05	2.591547E-03	8.977985E+01
5.07087500000E+05	2.802347E-03	8.755772E+01
5.08956250000E+05	2.807071E-03	9.057509E+01
5.10825000000E+05	2.949039E-03	8.761398E+01
5.12693750000E+05	3.007548E-03	8.788921E+01
5.14562500000E+05	2.865372E-03	9.037040E+01
5.16431250000E+05	3.253096E-03	8.701667E+01
5.18300000000E+05	3.221710E-03	8.980366E+01
5.20168750000E+05	3.167274E-03	8.909707E+01
5.22037500000E+05	3.083693E-03	8.840913E+01
5.23906250000E+05	3.165441E-03	8.927550E+01
5.25775000000E+05	3.525947E-03	9.068346E+01
5.27643750000E+05	3.394265E-03	8.992709E+01
5.29512500000E+05	3.455988E-03	9.191105E+01
5.31381250000E+05	3.598526E-03	9.129202E+01
5.33250000000E+05	3.370626E-03	9.509804E+01
5.35118750000E+05	3.579847E-03	9.268145E+01
5.36987500000E+05	3.520691E-03	9.066293E+01
5.38856250000E+05	3.789692E-03	9.523922E+01
5.40725000000E+05	3.765472E-03	8.701289E+01
5.42593750000E+05	4.031788E-03	9.227220E+01
5.44462500000E+05	3.969376E-03	9.444310E+01
5.46331250000E+05	3.751992E-03	9.470888E+01
5.48200000000E+05	3.630735E-03	8.764861E+01
5.50068750000E+05	3.993247E-03	9.198450E+01
5.51937500000E+05	4.148353E-03	8.959219E+01
5.53806250000E+05	4.388193E-03	9.144284E+01
5.55675000000E+05	3.988170E-03	9.166415E+01
5.57543750000E+05	4.297958E-03	9.099998E+01
5.59412500000E+05	4.216414E-03	9.340930E+01
5.61281250000E+05	4.448967E-03	8.977094E+01
5.63150000000E+05	4.490193E-03	8.982988E+01
5.65018750000E+05	4.253053E-03	9.084330E+01
5.66887500000E+05	4.512026E-03	8.830892E+01
5.68756250000E+05	4.532186E-03	8.963649E+01
5.70625000000E+05	4.471238E-03	9.340534E+01
5.72493750000E+05	4.542248E-03	9.254192E+01
5.74362500000E+05	4.602294E-03	9.005751E+01
5.76231250000E+05	4.506519E-03	9.131923E+01
5.78100000000E+05	4.652097E-03	9.101866E+01
5.79968750000E+05	4.737546E-03	9.095796E+01
5.81837500000E+05	4.692383E-03	8.973883E+01
5.83706250000E+05	4.834500E-03	9.064294E+01
5.85575000000E+05	4.823721E-03	8.982457E+01
5.87443750000E+05	4.850416E-03	9.144436E+01
5.89312500000E+05	5.103215E-03	8.941306E+01
5.91181250000E+05	4.758148E-03	9.179448E+01
5.93050000000E+05	5.076006E-03	9.275092E+01
5.94918750000E+05	4.914232E-03	9.065090E+01
5.96787500000E+05	5.009555E-03	9.240345E+01
5.98656250000E+05	5.028601E-03	9.029992E+01
6.00525000000E+05	5.167213E-03	9.127880E+01
6.02393750000E+05	5.249682E-03	9.043903E+01
6.04262500000E+05	5.084742E-03	9.171473E+01
6.06131250000E+05	5.164975E-03	9.266650E+01
6.08000000000E+05	5.142114E-03	8.841552E+01
6.09868750000E+05	5.189878E-03	9.151458E+01
6.11737500000E+05	5.564948E-03	9.241046E+01
6.13606250000E+05	5.387254E-03	9.219025E+01
6.15475000000E+05	5.508875E-03	9.116264E+01
6.17343750000E+05	5.398609E-03	8.901006E+01
6.19212500000E+05	5.353867E-03	9.037579E+01
6.21081250000E+05	5.483060E-03	8.961040E+01
6.22950000000E+05	5.484244E-03	9.301519E+01
6.24818750000E+05	5.529869E-03	9.009483E+01
6.26687500000E+05	5.311036E-03	9.160661E+01
6.28556250000E+05	5.589535E-03	8.818314E+01
6.30425000000E+05	5.685510E-03	9.089813E+01
6.32293750000E+05	5.574333E-03	9.015723E+01
6.34162500000E+05	5.961781E-03	8.926257E+01
6.36031250000E+05	5.692647E-03	8.854428E+01
6.37900000000E+05	6.006567E-03	8.992487E+01
6.39768750000E+05	5.747687E-03	9.340256E+01
6.41637500000E+05	5.965253E-03	9.043169E+01
6.43506250000E+05	5.697676E-03	8.962345E+01
6.45375000000E+05	5.916111E-03	8.850459E+01
6.47243750000E+05	5.798890E-03	8.834319E+01
6.49112500000E+05	5.943233E-03	9.041210E+01
6.50981250000E+05	6.155378E-03	9.020178E+01
6.52850000000E+05	6.176419E-03	8.981716E+01
6.54718750000E+05	6.124247E-03	9.109716E+01
6.56587500000E+05	6.136691E-03	9.145906E+01
6.58456250000E+05	6.325748E-03	8.876036E+01
6.60325000000E+05	6.267051E-03	9.120361E+01
6.62193750000E+05	6.253884E-03	8.984921E+01
6.64062500000E+05	6.350365E-03	8.871736E+01
6.65931250000E+05	6.314867E-03	8.901340E+01
6.67800000000E+05	6.425070E-03	8.998417E+01
6.69668750000E+05	6.376300E-03	9.242737E+01
6.71537500000E+05	6.488446E-03	9.135307E+01
6.73406250000E+05	6.426510E-03	8.928873E+01
6.75275000000E+05	6.351719E-03	8.992811E+01
6.77143750000E+05	6.511918E-03	9.091378E+01
6.79012500000E+05	6.371189E-03	8.932630E+01
6.80881250000E+05	6.520194E-03	8.881102E+01
6.82750000000E+05	6.457419E-03	9.090799E+01
6.84618750000E+05	6.500742E-03	9.102790E+01
6.86487500000E+05	6.727316E-03	9.205653E+01
6.88356250000E+05	6.860334E-03	8.995318E+01
6.90225000000E+05	6.521862E-03	8.900431E+01
6.92093750000E+05	6.821098E-03	9.035226E+01
6.93962500000E+05	6.768831E-03	9.167361E+01
6.95831250000E+05	6.865835E-03	9.084430E+01
6.97700000000E+05	6.663200E-03	9.274445E+01
6.99568750000E+05	7.058752E-03	8.937223E+01
7.01437500000E+05	6.834132E-03	9.002934E+01
7.03306250000E+05	7.155490E-03	9.162526E+01
7.05175000000E+05	6.946360E-03	9.002402E+01
7.07043750000E+05	6.965967E-03	8.924436E+01
7.08912500000E+05	7.188545E-03	9.076898E+01
7.10781250000E+05	7.095437E-03	9.134457E+01
7.12650000000E+05	7.236965E-03	9.087973E+01
7.14518750000E+05	7.234607E-03	9.103261E+01
7.16387500000E+05	7.322169E-03	9.062681E+01
7.18256250000E+05	7.152595E-03	9.080914E+01
7.20125000000E+05	7.198888E-03	9.205264E+01
7.21993750000E+05	7.395475E-03	9.183171E+01
7.23862500000E+05	7.323384E-03	9.136481E+01
7.25731250000E+05	7.348463E-03	9.101051E+01
7.27600000000E+05	7.375679E-03	9.114356E+01
7.29468750000E+05	7.535903E-03	9.111977E+01
7.31337500000E+05	7.391217E-03	9.165029E+01
7.33206250000E+05	7.493274E-03	8.980208E+01
7.35075000000E+05	7.592099E-03	9.049339E+01
7.36943750000E+05	7.540611E-03	9.164186E+01
7.38812500000E+05	7.511725E-03	9.044715E+01
7.40681250000E+05	7.619663E-03	9.147461E+01
7.42550000000E+05	7.804631E-03	9.043991E+01
7.44418750000E+05	7.443082E-03	8.957751E+01
7.46287500000E+05	7.674145E-03	9.123630E+01
7.48156250000E+05	7.800180E-03	9.068482E+01
7.50025000000E+05	8.020879E-03	9.040969E+01
7.51893750000E+05	7.866184E-03	9.079977E+01
7.53762500000E+05	8.019510E-03	9.012007E+01
7.55631250000E+05	8.008001E-03	9.077058E+01
7.57500000000E+05	8.098079E-03	9.142737E+01
7.59368750000E+05	7.948580E-03	9.094448E+01
7.61237500000E+05	7.993910E-03	9.146955E+01
7.63106250000E+05	8.341730E-03	9.189581E+01
7.64975000000E+05	7.896720E-03	9.130398E+01
7.66843750000E+05	8.191443E-03	9.056745E+01
7.68712500000E+05	8.030618E-03	9.033736E+01
7.70581250000E+05	8.250344E-03	9.026869E+01
7.72450000000E+05	8.125986E-03	9.047798E+01
7.74318750000E+05	8.200311E-03	9.133762E+01
7.76187500000E+05	8.139542E-03	9.031648E+01
7.78056250000E+05	8.255800E-03	9.152392E+01
7.79925000000E+05	8.125297E-03	9.205321E+01
7.81793750000E+05	8.264014E-03	9.217699E+01
7.83662500000E+05	8.175065E-03	9.089282E+01
7.85531250000E+05	8.433292E-03	9.087296E+01
7.87400000000E+05	8.281869E-03	9.042263E+01
7.89268750000E+05	8.544524E-03	9.078016E+01
7.91137500000E+05	8.548864E-03	9.074625E+01
7.93006250000E+05	8.699706E-03	9.002084E+01
7.94875000000E+05	8.767287E-03	9.082262E+01
7.96743750000E+05	8.489897E-03	9.115147E+01
7.98612500000E+05	8.579081E-03	9.073128E+01
8.00481250000E+05	8.558947E-03	9.120425E+01
8.02350000000E+05	8.944588E-03	9.259351E+01
8.04218750000E+05	8.702296E-03	9.125735E+01
8.06087500000E+05	8.721112E-03	9.276818E+01
8.07956250000E+05	8.899649E-03	9.121535E+01
8.09825000000E+05	8.763625E-03	9.055449E+01
8.11693750000E+05	8.997385E-03	9.143353E+01
8.13562500000E+05	8.822829E-03	9.100261E+01
8.15431250000E+05	8.841352E-03	9.200957E+01
8.17300000000E+05	9.031893E-03	9.064956E+01
8.19168750000E+05	9.079558E-03	9.120277E+01
8.21037500000E+05	8.963091E-03	9.113715E+01
8.22906250000E+05	9.120141E-03	9.144261E+01
8.24775000000E+05	9.086425E-03	9.049898E+01
8.26643750000E+05	9.039463E-03	9.072688E+01
8.28512500000E+05	9.252600E-03	9.099944E+01
8.30381250000E+05	9.193033E-03	9.076954E+01
8.32250000000E+05	9.360181E-03	9.052446E+01
8.34118750000E+05	9.160495E-03	9.078216E+01
8.35987500000E+05	9.325587E-03	9.045068E+01
8.37856250000E+05	9.346345E-03	9.117418E+01
8.39725000000E+05	9.333678E-03	9.159301E+01
8.41593750000E+05	9.277007E-03	9.093271E+01
8.43462500000E+05	9.420388E-03	9.216228E+01
8.45331250000E+05	9.248429E-03	9.177328E+01
8.47200000000E+05	9.570557E-03	9.119092E+01
8.49068750000E+05	9.336667E-03	9.078346E+01
8.50937500000E+05	9.586328E-03	9.249676E+01
8.52806250000E+05	9.466900E-03	9.076353E+01
8.54675000000E+05	9.460409E-03	9.211801E+01
8.56543750000E+05	9.792063E-03	9.120338E+01
8.58412500000E+05	9.560049E-03	9.064230E+01
8.60281250000E+05	9.757430E-03	9.122697E+01
8.62150000000E+05	9.626012E-03	9.179365E+01
8.64018750000E+05	9.710946E-03	9.201331E+01
8.65887500000E+05	1.011003E-02	9.066722E+01
8.67756250000E+05	9.662447E-03	9.012544E+01
8.69625000000E+05	9.733910E-03	9.132567E+01
8.71493750000E+05	9.907571E-03	9.156772E+01
8.73362500000E+05	9.731853E-03	9.179105E+01
8.75231250000E+05	9.831594E-03	9.170432E+01
8.77100000000E+05	9.720082E-03	9.109628E+01
8.78968750000E+05	1.004006E-02	9.200211E+01
8.80837500000E+05	1.000764E-02	9.186980E+01
8.82706250000E+05	9.966261E-03	9.042361E+01
8.84575000000E+05	1.010166E-02	9.089989E+01
8.86443750000E+05	1.004970E-02	9.144594E+01
8.88312500000E+05	9.916876E-03	9.034288E+01
8.90181250000E+05	1.005138E-02	9.187119E+01
8.92050000000E+05	1.015741E-02	9.155689E+01
8.93918750000E+05	1.026674E-02	9.141512E+01
8.95787500000E+05	1.033423E-02	9.185446E+01
8.97656250000E+05	1.016393E-02	9.078658E+01
8.99525000000E+05	1.040691E-02	9.093051E+01
9.01393750000E+05	1.047496E-02	9.146510E+01
9.03262500000E+05	1.042318E-02	9.071695E+01
9.05131250000E+05	1.027389E-02	9.228503E+01
9.07000000000E+05	1.038748E-02	9.175916E+01
9.08868750000E+05	1.040051E-02	9.123009E+01
9.10737500000E+05	1.039620E-02	9.201121E+01
9.12606250000E+05	1.060221E-02	9.118861E+01
9.14475000000E+05	1.045427E-02	9.158054E+01
9.16343750000E+05	1.065072E-02	9.191282E+01
9.18212500000E+05	1.060261E-02	9.137835E+01
9.20081250000E+05	1.054634E-02	9.212994E+01
9.21950000000E+05	1.072254E-02	9.141485E+01
9.23818750000E+05	1.070505E-02	9.121777E+01
9.25687500000E+05	1.060748E-02	9.139369E+01
9.27556250000E+05	1.074156E-02	9.118177E+01
9.29425000000E+05	1.081594E-02	9.190098E+01
9.31293750000E+05	1.081301E-02	9.137296E+01
9.33162500000E+05	1.087185E-02	9.190440E+01
9.35031250000E+05	1.094570E-02	9.110465E+01
9.36900000000E+05	1.085340E-02	9.172163E+01
9.38768750000E+05	1.115640E-02	9.173360E+01
9.40637500000E+05	1.093413E-02	9.117057E+01
9.42506250000E+05	1.112184E-02	9.227477E+01
9.44375000000E+05	1.117632E-02	9.161453E+01
9.46243750000E+05	1.103287E-02	9.142545E+01
9.48112500000E+05	1.110760E-02	9.241183E+01
9.49981250000E+05	1.114959E-02	9.106174E+01
9.51850000000E+05	1.116617E-02	9.147541E+01
9.53718750000E+05	1.115257E-02	9.142834E+01
9.55587500000E+05	1.130199E-02	9.167426E+01
9.57456250000E+05	1.134239E-02	9.156963E+01
9.59325000000E+05	1.136217E-02	9.131058E+01
9.61193750000E+05	1.143008E-02	9.186484E+01
9.63062500000E+05	1.144258E-02	9.030312E+01
9.64931250000E+05	1.125351E-02	9.146768E+01
9.66800000000E+05	1.139450E-02	9.203714E+01
9.68668750000E+05	1.151935E-02	9.153292E+01
9.70537500000E+05	1.156168E-02	9.157863E+01
9.72406250000E+05	1.132749E-02	9.098519E+01
9.74275000000E+05	1.155181E-02	9.147155E+01
9.76143750000E+05	1.156526E-02	9.202312E+01
9.78012500000E+05	1.168135E-02	9.186927E+01
9.79881250000E+05	1.161737E-02	9.189756E+01
9.81750000000E+05	1.161875E-02	9.404443E+01
9.83618750000E+05	1.194852E-02	9.332431E+01
9.85487500000E+05	1.198519E-02	9.059541E+01
9.87356250000E+05	1.171561E-02	9.094930E+01
9.89225000000E+05	1.179933E-02	9.170675E+01
9.91093750000E+05	1.171710E-02	9.184972E+01
9.92962500000E+05	1.201565E-02	9.112978E+01
9.94831250000E+05	1.201616E-02	9.280291E+01
9.96700000000E+05	1.174339E-02	9.185360E+01
9.98568750000E+05	1.190336E-02	9.172284E+01
1.00043750000E+06	1.197933E-02	9.174839E+01
1.00230625000E+06	1.190341E-02	9.245573E+01
1.00417500000E+06	1.190110E-02	9.142421E+01
1.00604375000E+06	1.190352E-02	9.217775E+01
1.00791250000E+06	1.205697E-02	9.127258E+01
1.00978125000E+06	1.222861E-02	9.185269E+01
1.01165000000E+06	1.223716E-02	9.212003E+01
1.01351875000E+06	1.215556E-02	9.119103E+01
1.01538750000E+06	1.222987E-02	9.203635E+01
1.01725625000E+06	1.220887E-02	9.169051E+01
1.01912500000E+06	1.198328E-02	9.088306E+01
1.02099375000E+06	1.238479E-02	9.117641E+01
1.02286250000E+06	1.247175E-02	9.216824E+01
1.02473125000E+06	1.239782E-02	9.129679E+01
1.02660000000E+06	1.242297E-02	9.161234E+01
1.02846875000E+06	1.256709E-02	9.132859E+01
1.03033750000E+06	1.256147E-02	9.241456E+01
1.03220625000E+06	1.225074E-02	9.192950E+01
1.03407500000E+06	1.250721E-02	9.340784E+01
1.03594375000E+06	1.254917E-02	9.180205E+01
1.03781250000E+06	1.250689E-02	9.310764E+01
1.03968125000E+06	1.257574E-02	9.201468E+01
1.04155000000E+06	1.262974E-02	9.112081E+01
1.04341875000E+06	1.267843E-02	9.221743E+01
1.04528750000E+06	1.265892E-02	9.182935E+01
1.04715625000E+06	1.268988E-02	9.175671E+01
1.04902500000E+06	1.274214E-02	9.217007E+01
1.05089375000E+06	1.284312E-02	9.168357E+01
1.05276250000E+06	1.271885E-02	9.216319E+01
1.05463125000E+06	1.289294E-02	9.136136E+01
1.05650000000E+06	1.262777E-02	9.110181E+01
1.05836875000E+06	1.281244E-02	9.129185E+01
1.06023750000E+06	1.286417E-02	9.195198E+01
1.06210625000E+06	1.278609E-02	9.307166E+01
1.06397500000E+06	1.302093E-02	9.162504E+01
1.06584375000E+06	1.284340E-02	9.159517E+01
1.06771250000E+06	1.305673E-02	9.242766E+01
1.06958125000E+06	1.299563E-02	9.253973E+01
1.07145000000E+06	1.323703E-02	9.243593E+01
1.07331875000E+06	1.303726E-02	9.140334E+01
1.07518750000E+06	1.283882E-02	9.234512E+01
1.07705625000E+06	1.323808E-02	9.240205E+01
1.07892500000E+06	1.333937E-02	9.161356E+01
1.08079375000E+06	1.314900E-02	9.213494E+01
1.08266250000E+06	1.329459E-02	9.251629E+01
1.08453125000E+06	1.333637E-02	9.190567E+01
1.08640000000E+06	1.332130E-02	9.190504E+01
1.08826875000E+06	1.317730E-02	9.232496E+01
1.09013750000E+06	1.337284E-02	9.212769E+01
1.09200625000E+06	1.349568E-02	9.257994E+01
1.09387500000E+06	1.342226E-02	9.215647E+01
1.09574375000E+06	1.352915E-02	9.193542E+01
1.09761250000E+06	1.324510E-02	9.220729E+01
1.09948125000E+06	1.343089E-02	9.206696E+01
1.10135000000E+06	1.362749E-02	9.189037E+01
1.10321875000E+06	1.354511E-02	9.170039E+01
1.10508750000E+06	1.353338E-02	9.199662E+01
1.10695625000E+06	1.375761E-02	9.307191E+01
1.10882500000E+06	1.362034E-02	9.295075E+01
1.11069375000E+06	1.367355E-02	9.233052E+01
1.11256250000E+06	1.366019E-02	9.210110E+01
1.11443125000E+06	1.374436E-02	9.171088E+01
1.11630000000E+06	1.397128E-02	9.201991E+01
1.11816875000E+06	1.390924E-02	9.229327E+01
1.12003750000E+06	1.413789E-02	9.266719E+01
1.12190625000E+06	1.384173E-02	9.161564E+01
1.12377500000E+06	1.388340E-02	9.226933E+01
1.12564375000E+06	1.387589E-02	9.289088E+01
1.12751250000E+06	1.398466E-02	9.218357E+01
1.12938125000E+06	1.384911E-02	9.271529E+01
1.13125000000E+06	1.413139E-02	9.123121E+01
1.13311875000E+06	1.397376E-02	9.282246E+01
1.13498750000E+06	1.394028E-02	9.133971E+01
1.13685625000E+06	1.418757E-02	9.197518E+01
1.13872500000E+06	1.403177E-02	9.219830E+01
1.14059375000E+06	1.394895E-02	9.247952E+01
1.14246250000E+06	1.434054E-02	9.194982E+01
1.14433125000E+06	1.407551E-02	9.177800E+01
1.14620000000E+06	1.404920E-02	9.249014E+01
1.14806875000E+06	1.419556E-02	9.207262E+01
1.14993750000E+06	1.427870E-02	9.315514E+01
1.15180625000E+06	1.439961E-02	9.177158E+01
1.15367500000E+06	1.450521E-02	9.177916E+01
1.15554375000E+06	1.421725E-02	9.289870E+01
1.15741250000E+06	1.446296E-02	9.204235E+01
1.15928125000E+06	1.436645E-02	9.209184E+01
1.16115000000E+06	1.473679E-02	9.141275E+01
1.16301875000E+06	1.446502E-02	9.242772E+01
1.16488750000E+06	1.461386E-02	9.211935E+01
1.16675625000E+06	1.455215E-02	9.272643E+01
1.16862500000E+06	1.475143E-02	9.149405E+01
1.17049375000E+06	1.460256E-02	9.100151E+01
1.17236250000E+06	1.472465E-02	9.274997E+01
1.17423125000E+06	1.470164E-02	9.178328E+01
1.17610000000E+06	1.470563E-02	9.173151E+01
1.17796875000E+06	1.466776E-02	9.245013E+01
1.17983750000E+06	1.482941E-02	9.183466E+01
1.18170625000E+06	1.487126E-02	9.189350E+01
1.18357500000E+06	1.490623E-02	9.194849E+01
1.18544375000E+06	1.464257E-02	9.243938E+01
1.18731250000E+06	1.501025E-02	9.244675E+01
1.18918125000E+06	1.482271E-02	9.193347E+01
1.19105000000E+06	1.496466E-02	9.218775E+01
1.19291875000E+06	1.486356E-02	9.198067E+01
1.19478750000E+06	1.492454E-02	9.143726E+01
1.19665625000E+06	1.503698E-02	9.253610E+01
1.19852500000E+06	1.516145E-02	9.274052E+01
1.20039375000E+06	1.520818E-02	9.229211E+01
1.20226250000E+06	1.522748E-02	9.166274E+01
1.20413125000E+06	1.503392E-02	9.267734E+01
1.20600000000E+06	1.527104E-02	9.188602E+01
1.20786875000E+06	1.516468E-02	9.223505E+01
1.20973750000E+06	1.526588E-02	9.298959E+01
1.21160625000E+06	1.526526E-02	9.195222E+01
1.21347500000E+06	1.526007E-02	9.171131E+01
1.21534375000E+06	1.545812E-02	9.203398E+01
1.21721250000E+06	1.530666E-02	9.162999E+01
1.21908125000E+06	1.524976E-02	9.290121E+01
1.22095000000E+06	1.540509E-02	9.184921E+01
1.22281875000E+06	1.521930E-02	9.251801E+01
1.22468750000E+06	1.529667E-02	9.266721E+01
1.22655625000E+06	1.513459E-02	9.144238E+01
1.22842500000E+06	1.544690E-02	9.205094E+01
1.23029375000E+06	1.549877E-02	9.191630E+01
1.23216250000E+06	1.558906E-02	9.237810E+01
1.23403125000E+06	1.561332E-02	9.188038E+01
1.23590000000E+06	1.553636E-02	9.253156E+01
1.23776875000E+06	1.562488E-02	9.203804E+01
1.23963750000E+06	1.552236E-02	9.197512E+01
1.24150625000E+06	1.564030E-02	9.221143E+01
1.24337500000E+06	1.576531E-02	9.219549E+01
1.24524375000E+06	1.588538E-02	9.132720E+01
1.24711250000E+06	1.564901E-02	9.235567E+01
1.24898125000E+06	1.574719E-02	9.160110E+01
1.25085000000E+06	1.589570E-02	9.202399E+01
1.25271875000E+06	1.595953E-02	9.247592E+01
1.25458750000E+06	1.585262E-02	9.229916E+01
1.25645625000E+06	1.597696E-02	9.215310E+01
1.25832500000E+06	1.595783E-02	9.262272E+01
1.26019375000E+06	1.588005E-02	9.245827E+01
1.26206250000E+06	1.603480E-02	9.194966E+01
1.26393125000E+06	1.609849E-02	9.169302E+01
1.26580000000E+06	1.622516E-02	9.265836E+01
1.26766875000E+06	1.616178E-02	9.143614E+01
1.26953750000E+06	1.606802E-02	9.185986E+01
1.27140625000E+06	1.621525E-02	9.203953E+01
1.27327500000E+06	1.626301E-02	9.182133E+01
1.27514375000E+06	1.635409E-02	9.334825E+01
1.27701250000E+06	1.623937E-02	9.189724E+01
1.27888125000E+06	1.614990E-02	9.208490E+01
1.28075000000E+06	1.634892E-02	9.284753E+01
1.28261875000E+06	1.624146E-02	9.162749E+01
1.28448750000E+06	1.642403E-02	9.258714E+01
1.28635625000E+06	1.642145E-02	9.192512E+01
1.28822500000E+06	1.639519E-02	9.239695E+01
1.29009375000E+06	1.639037E-02	9.173546E+01
1.29196250000E+06	1.631427E-02	9.199344E+01
1.29383125000E+06	1.637772E-02	9.241925E+01
1.29570000000E+06	1.640039E-02	9.243792E+01
1.29756875000E+06	1.649944E-02	9.187502E+01
1.29943750000E+06	1.638647E-02	9.230164E+01
1.30130625000E+06	1.656896E-02	9.227191E+01
1.30317500000E+06	1.676857E-02	9.268006E+01
1.30504375000E+06	1.668932E-02	9.206493E+01
1.30691250000E+06	1.690608E-02	9.283898E+01
1.30878125000E+06	1.673414E-02	9.245776E+01
1.31065000000E+06	1.680815E-02	9.197799E+01
1.31251875000E+06	1.672979E-02	9.265712E+01
1.31438750000E+06	1.683198E-02	9.239423E+01
1.31625625000E+06	1.692720E-02	9.213622E+01
1.31812500000E+06	1.685576E-02	9.090812E+01
1.31999375000E+06	1.701310E-02	9.200877E+01
1.32186250000E+06	1.701120E-02	9.170655E+01
1.32373125000E+06	1.698127E-02	9.180055E+01
1.32560000000E+06	1.686958E-02	9.229755E+01
1.32746875000E+06	1.693582E-02	9.236674E+01
1.32933750000E+06	1.707342E-02	9.266870E+01
1.33120625000E+06	1.706187E-02	9.251524E+01
1.33307500000E+06	1.697088E-02	9.226201E+01
1.33494375000E+06	1.703881E-02	9.259280E+01
1.33681250000E+06	1.724675E-02	9.255872E+01
1.33868125000E+06	1.722660E-02	9.246159E+01
1.34055000000E+06	1.720204E-02	9.261572E+01
1.34241875000E+06	1.709526E-02	9.176652E+01
1.34428750000E+06	1.740040E-02	9.147907E+01
1.34615625000E+06	1.728530E-02	9.203542E+01
1.34802500000E+06	1.700649E-02	9.228655E+01
1.34989375000E+06	1.714267E-02	9.255494E+01
1.35176250000E+06	1.742058E-02	9.236685E+01
1.35363125000E+06	1.730968E-02	9.286429E+01
1.35550000000E+06	1.730899E-02	9.245855E+01
1.35736875000E+06	1.736232E-02	9.170873E+01
1.35923750000E+06	1.765009E-02	9.257907E+01
1.36110625000E+06	1.743378E-02	9.185644E+01
1.36297500000E+06	1.764658E-02	9.280471E+01
1.36484375000E+06	1.754253E-02	9.247384E+01
1.36671250000E+06	1.754115E-02	9.257064E+01
1.36858125000E+06	1.769280E-02	9.217210E+01
1.37045000000E+06	1.756491E-02	9.262990E+01
1.37231875000E+06	1.752244E-02	9.227225E+01
1.37418750000E+06	1.742728E-02	9.196066E+01
1.37605625000E+06	1.765401E-02	9.220090E+01
1.37792500000E+06	1.764682E-02	9.267175E+01
1.37979375000E+06	1.763225E-02	9.263332E+01
1.38166250000E+06	1.774892E-02	9.205904E+01
1.38353125000E+06	1.794712E-02	9.251332E+01
1.38540000000E+06	1.765784E-02	9.229532E+01
1.38726875000E+06	1.793310E-02	9.269489E+01
1.38913750000E+06	1.778006E-02	9.214322E+01
1.39100625000E+06	1.793337E-02	9.275340E+01
1.39287500000E+06	1.822161E-02	9.268806E+01
1.39474375000E+06	1.800037E-02	9.294754E+01
1.39661250000E+06	1.807465E-02	9.212756E+01
1.39848125000E+06	1.792891E-02	9.220497E+01
1.40035000000E+06	1.803406E-02	9.215661E+01
1.40221875000E+06	1.826089E-02	9.176617E+01
1.40408750000E+06	1.822238E-02	9.300738E+01
1.40595625000E+06	1.812682E-02	9.269147E+01
1.40782500000E+06	1.822610E-02	9.231896E+01
1.40969375000E+06	1.809581E-02	9.278162E+01
1.41156250000E+06	1.806362E-02	9.245289E+01
1.41343125000E+06	1.836361E-02	9.288020E+01
1.41530000000E+06	1.798910E-02	9.231903E+01
1.41716875000E+06	1.844019E-02	9.324082E+01
1.41903750000E+06	1.839092E-02	9.197558E+01
1.42090625000E+06	1.835551E-02	9.243949E+01
1.42277500000E+06	1.831730E-02	9.214552E+01
1.42464375000E+06	1.844903E-02	9.209147E+01
1.42651250000E+06	1.851195E-02	9.255715E+01
1.42838125000E+06	1.840140E-02	9.284356E+01
1.43025000000E+06	1.827287E-02	9.268366E+01
1.43211875000E+06	1.851593E-02	9.196346E+01
1.43398750000E+06	1.875950E-02	9.270496E+01
1.43585625000E+06	1.849212E-02	9.242925E+01
1.43772500000E+06	1.848015E-02	9.287344E+01
1.43959375000E+06	1.885829E-02	9.328652E+01
1.44146250000E+06	1.851808E-02	9.237791E+01
1.44333125000E+06	1.866808E-02	9.304418E+01
1.44520000000E+06	1.877893E-02	9.167147E+01
1.44706875000E+06	1.860126E-02	9.233628E+01
1.44893750000E+06	1.867500E-02	9.279427E+01
1.45080625000E+06	1.887020E-02	9.229238E+01
1.45267500000E+06	1.864124E-02	9.246403E+01
1.45454375000E+06	1.882476E-02	9.242741E+01
1.45641250000E+06	1.887139E-02	9.264599E+01
1.45828125000E+06	1.888923E-02	9.214189E+01
1.46015000000E+06	1.840739E-02	9.206610E+01
1.46201875000E+06	1.878355E-02	9.221944E+01
1.46388750000E+06	1.906296E-02	9.275530E+01
1.46575625000E+06	1.914697E-02	9.176438E+01
1.46762500000E+06	1.899336E-02	9.249149E+01
1.46949375000E+06	1.887549E-02	9.215467E+01
1.47136250000E+06	1.932523E-02	9.239075E+01
1.47323125000E+06	1.909466E-02	9.262082E+01
1.47510000000E+06	1.917342E-02	9.198469E+01
1.47696875000E+06	1.902882E-02	9.290255E+01
1.47883750000E+06	1.929039E-02	9.223615E+01
1.48070625000E+06	1.926552E-02	9.233556E+01
1.48257500000E+06	1.924945E-02	9.274028E+01
1.48444375000E+06	1.920850E-02	9.227859E+01
1.48631250000E+06	1.922030E-02	9.189507E+01
1.48818125000E+06	1.944159E-02	9.279748E+01
1.49005000000E+06	1.933892E-02	9.299566E+01
1.49191875000E+06	1.955590E-02	9.289607E+01
1.49378750000E+06	1.940827E-02	9.221954E+01
1.49565625000E+06	1.925825E-02	9.238755E+01
1.49752500000E+06	1.941842E-02	9.206068E+01
1.49939375000E+06	1.942819E-02	9.279735E+01
1.50126250000E+06	1.952034E-02	9.288583E+01
1.50313125000E+06	1.966352E-02	9.272189E+01
1.50500000000E+06	1.952403E-02	9.223979E+01
1.50686875000E+06	1.961151E-02	9.230289E+01
1.50873750000E+06	1.962441E-02	9.212692E+01
1.51060625000E+06	1.950925E-02	9.281566E+01
1.51247500000E+06	1.959734E-02	9.261951E+01
1.51434375000E+06	1.973909E-02	9.244158E+01
1.51621250000E+06	1.970072E-02	9.306620E+01
1.51808125000E+06	1.964514E-02	9.245473E+01
1.51995000000E+06	1.974309E-02	9.289582E+01
1.52181875000E+06	1.977037E-02	9.198629E+01
1.52368750000E+06	1.990389E-02	9.237502E+01
1.52555625000E+06	1.992128E-02	9.314989E+01
1.52742500000E+06	1.996580E-02	9.234991E+01
1.52929375000E+06	2.002702E-02	9.294817E+01
1.53116250000E+06	2.000313E-02	9.237537E+01
1.53303125000E+06	2.000881E-02	9.279733E+01
1.53490000000E+06	2.003623E-02	9.302918E+01
1.53676875000E+06	1.980721E-02	9.323190E+01
1.53863750000E+06	2.001034E-02	9.260297E+01
1.54050625000E+06	1.995539E-02	9.304427E+01
1.54237500000E+06	2.008583E-02	9.228878E+01
1.54424375000E+06	1.997531E-02	9.264344E+01
1.54611250000E+06	2.018223E-02	9.203372E+01
1.54798125000E+06	2.002493E-02	9.274608E+01
1.54985000000E+06	2.015582E-02	9.253513E+01
1.55171875000E+06	2.029421E-02	9.293205E+01
1.55358750000E+06	2.011342E-02	9.262400E+01
1.55545625000E+06	2.025536E-02	9.264997E+01
1.55732500000E+06	2.017119E-02	9.241628E+01
1.55919375000E+06	2.023500E-02	9.243639E+01
1.56106250000E+06	2.024269E-02	9.293761E+01
1.56293125000E+06	2.047485E-02	9.269770E+01
1.56480000000E+06	2.036751E-02	9.251540E+01
1.56666875000E+06	2.029294E-02	9.237260E+01
1.56853750000E+06	2.044746E-02	9.221202E+01
1.57040625000E+06	2.054874E-02	9.243848E+01
1.57227500000E+06	2.033700E-02	9.237134E+01
1.57414375000E+06	2.049334E-02	9.238757E+01
1.57601250000E+06	2.041605E-02	9.256763E+01
1.57788125000E+06	2.047092E-02	9.253288E+01
1.57975000000E+06	2.050335E-02	9.231201E+01
1.58161875000E+06	2.059082E-02	9.209557E+01
1.58348750000E+06	2.036309E-02	9.275898E+01
1.58535625000E+06	2.066771E-02	9.258735E+01
1.58722500000E+06	2.061379E-02	9.232468E+01
1.58909375000E+06	2.073879E-02	9.336392E+01
1.59096250000E+06	2.063835E-02	9.240334E+01
1.59283125000E+06	2.072581E-02	9.290563E+01
1.59470000000E+06	2.084220E-02	9.228932E+01
1.59656875000E+06	2.077379E-02	9.225881E+01
1.59843750000E+06	2.078950E-02	9.261668E+01
1.60030625000E+06	2.110600E-02	9.228606E+01
1.60217500000E+06	2.080659E-02	9.231619E+01
1.60404375000E+06	2.084603E-02	9.236552E+01
1.60591250000E+06	2.099348E-02	9.282098E+01
1.60778125000E+06	2.084480E-02	9.233274E+01
1.60965000000E+06	2.094091E-02	9.239632E+01
1.61151875000E+06	2.085546E-02	9.277493E+01
1.61338750000E+06	2.124456E-02	9.273180E+01
1.61525625000E+06	2.094299E-02	9.253963E+01
1.61712500000E+06	2.110000E-02	9.215525E+01
1.61899375000E+06	2.109845E-02	9.267417E+01
1.62086250000E+06	2.106899E-02	9.284960E+01
1.62273125000E+06	2.118410E-02	9.239031E+01
1.62460000000E+06	2.116840E-02	9.331118E+01
1.62646875000E+06	2.132127E-02	9.265875E+01
1.62833750000E+06	2.114145E-02	9.278087E+01
1.63020625000E+06	2.147774E-02	9.291595E+01
1.63207500000E+06	2.139462E-02	9.228082E+01
1.63394375000E+06	2.141722E-02	9.289985E+01
1.63581250000E+06	2.128259E-02	9.346338E+01
1.63768125000E+06	2.133032E-02	9.221194E+01
1.63955000000E+06	2.138895E-02	9.316383E+01
1.64141875000E+06	2.137290E-02	9.343179E+01
1.64328750000E+06	2.151860E-02	9.308150E+01
1.64515625000E+06	2.174397E-02	9.290304E+01
1.64702500000E+06	2.160235E-02	9.267775E+01
1.64889375000E+06	2.167882E-02	9.262402E+01
1.65076250000E+06	2.155403E-02	9.280840E+01
1.65263125000E+06	2.148700E-02	9.255447E+01
1.65450000000E+06	2.161069E-02	9.277403E+01
1.65636875000E+06	2.149644E-02	9.241911E+01
1.65823750000E+06	2.172125E-02	9.283286E+01
1.66010625000E+06	2.182109E-02	9.278362E+01
1.66197500000E+06	2.202366E-02	9.277852E+01
1.66384375000E+06	2.190831E-02	9.248180E+01
1.66571250000E+06	2.169057E-02	9.364971E+01
1.66758125000E+06	2.183079E-02	9.250785E+01
1.66945000000E+06	2.193215E-02	9.301714E+01
1.67131875000E+06	2.209528E-02	9.299026E+01
1.67318750000E+06	2.185774E-02	9.273110E+01
1.67505625000E+06	2.211640E-02	9.260143E+01
1.67692500000E+06	2.201705E-02	9.284037E+01
1.67879375000E+06	2.191136E-02	9.267800E+01
1.68066250000E+06	2.180536E-02	9.321131E+01
1.68253125000E+06	2.208390E-02	9.302306E+01
1.68440000000E+06	2.183155E-02	9.292924E+01
1.68626875000E+06	2.174979E-02	9.305079E+01
1.68813750000E+06	2.198648E-02	9.235751E+01
1.69000625000E+06	2.209651E-02	9.247401E+01
1.69187500000E+06	2.195574E-02	9.258522E+01
1.69374375000E+06	2.207906E-02	9.287662E+01
1.69561250000E+06	2.239678E-02	9.270071E+01
1.69748125000E+06	2.235993E-02	9.355062E+01
1.69935000000E+06	2.192002E-02	9.288384E+01
1.70121875000E+06	2.226406E-02	9.296510E+01
1.70308750000E+06	2.232946E-02	9.312820E+01
1.70495625000E+06	2.244761E-02	9.316530E+01
1.70682500000E+06	2.232972E-02	9.271840E+01
1.70869375000E+06	2.240826E-02	9.337407E+01
1.71056250000E+06	2.261944E-02	9.287914E+01
1.71243125000E+06	2.230983E-02	9.308942E+01
1.71430000000E+06	2.244893E-02	9.258795E+01
1.71616875000E+06	2.263671E-02	9.352086E+01
1.71803750000E+06	2.233674E-02	9.283003E+01
1.71990625000E+06	2.270052E-02	9.283466E+01
1.72177500000E+06	2.257072E-02	9.259351E+01
1.72364375000E+06	2.263901E-02	9.297005E+01
1.72551250000E+06	2.248554E-02	9.334234E+01
1.72738125000E+06	2.257035E-02	9.316925E+01
1.72925000000E+06	2.252785E-02	9.364944E+01
1.73111875000E+06	2.263042E-02	9.271240E+01
1.73298750000E+06	2.258479E-02	9.284066E+01
1.73485625000E+06	2.276505E-02	9.282695E+01
1.73672500000E+06	2.270553E-02	9.294402E+01
1.73859375000E+06	2.284943E-02	9.312084E+01
1.74046250000E+06	2.277069E-02	9.333061E+01
1.74233125000E+06	2.258985E-02	9.338534E+01
1.74420000000E+06	2.269671E-02	9.360732E+01
1.74606875000E+06	2.302414E-02	9.330042E+01
1.74793750000E+06	2.296384E-02	9.309541E+01
1.74980625000E+06	2.313266E-02	9.268272E+01
1.75167500000E+06	2.291049E-02	9.343932E+01
1.75354375000E+06	2.311041E-02	9.365385E+01
1.75541250000E+06	2.307198E-02	9.309393E+01
1.75728125000E+06	2.275543E-02	9.306911E+01
1.75915000000E+06	2.319060E-02	9.316420E+01
1.76101875000E+06	2.328224E-02	9.325284E+01
1.76288750000E+06	2.305300E-02	9.319740E+01
1.76475625000E+06	2.322316E-02	9.330971E+01
1.76662500000E+06	2.326284E-02	9.378590E+01
1.76849375000E+06	2.303200E-02	9.292054E+01
1.77036250000E+06	2.311225E-02	9.400101E+01
1.77223125000E+06	2.345567E-02	9.355142E+01
1.77410000000E+06	2.308139E-02	9.355098E+01
1.77596875000E+06	2.332178E-02	9.351508E+01
1.77783750000E+06	2.336439E-02	9.349550E+01
1.77970625000E+06	2.347258E-02	9.366709E+01
1.78157500000E+06	2.337711E-02	9.377161E+01
1.78344375000E+06	2.328272E-02	9.332112E+01
1.78531250000E+06	2.361011E-02	9.309052E+01
1.78718125000E+06	2.354979E-02	9.369533E+01
1.78905000000E+06	2.333181E-02	9.349055E+01
1.79091875000E+06	2.332753E-02	9.346026E+01
1.79278750000E+06	2.368266E-02	9.377807E+01
1.79465625000E+06	2.322173E-02	9.384940E+01
1.79652500000E+06	2.348967E-02	9.367272E+01
1.79839375000E+06	2.355326E-02	9.312888E+01
1.80026250000E+06	2.365245E-02	9.311359E+01
1.80213125000E+06	2.372604E-02	9.321171E+01
1.80400000000E+06	2.369522E-02	9.356499E+01
1.80586875000E+06	2.385855E-02	9.384347E+01
1.80773750000E+06	2.369492E-02	9.400362E+01
1.80960625000E+06	2.382743E-02	9.363348E+01
1.81147500000E+06	2.384401E-02	9.450287E+01
1.81334375000E+06	2.389771E-02	9.396416E+01
1.81521250000E+06	2.421789E-02	9.409850E+01
1.81708125000E+06	2.389073E-02	9.389338E+01
1.81895000000E+06	2.386379E-02	9.403674E+01
1.82081875000E+06	2.407656E-02	9.410035E+01
1.82268750000E+06	2.409474E-02	9.377321E+01
1.82455625000E+06	2.419655E-02	9.318930E+01
1.82642500000E+06	2.394178E-02	9.391841E+01
1.82829375000E+06	2.407996E-02	9.352745E+01
1.83016250000E+06	2.411703E-02	9.386239E+01
1.83203125000E+06	2.442063E-02	9.363988E+01
1.83390000000E+06	2.419304E-02	9.399690E+01
1.83576875000E+06	2.421856E-02	9.379111E+01
1.83763750000E+06	2.407850E-02	9.395085E+01
1.83950625000E+06	2.404234E-02	9.467943E+01
1.84137500000E+06	2.433361E-02	9.390966E+01
1.84324375000E+06	2.435265E-02	9.373453E+01
1.84511250000E+06	2.452550E-02	9.359438E+01
1.84698125000E+06	2.458111E-02	9.363683E+01
1.84885000000E+06	2.455815E-02	9.374151E+01
1.85071875000E+06	2.438121E-02	9.424366E+01
1.85258750000E+06	2.464956E-02	9.443739E+01
1.85445625000E+06	2.458637E-02	9.470091E+01
1.85632500000E+06	2.456997E-02	9.395744E+01
1.85819375000E+06	2.455594E-02	9.358200E+01
1.86006250000E+06	2.469371E-02	9.366892E+01
1.86193125000E+06	2.476872E-02	9.421751E+01
1.86380000000E+06	2.474454E-02	9.408482E+01
1.86566875000E+06	2.484170E-02	9.365691E+01
1.86753750000E+06	2.476407E-02	9.372552E+01
1.86940625000E+06	2.464648E-02	9.391661E+01
1.87127500000E+06	2.486598E-02	9.418043E+01
1.87314375000E+06	2.472158E-02	9.399471E+01
1.87501250000E+06	2.513447E-02	9.402206E+01
1.87688125000E+06	2.511060E-02	9.417817E+01
1.87875000000E+06	2.507590E-02	9.427214E+01
1.88061875000E+06	2.519172E-02	9.396969E+01
1.88248750000E+06	2.492393E-02	9.392820E+01
1.88435625000E+06	2.527411E-02	9.400644E+01
1.88622500000E+06	2.522914E-02	9.431077E+01
1.88809375000E+06	2.524036E-02	9.362231E+01
1.88996250000E+06	2.524623E-02	9.394286E+01
1.89183125000E+06	2.519004E-02	9.364608E+01
1.89370000000E+06	2.544130E-02	9.404057E+01
1.89556875000E+06	2.500115E-02	9.392724E+01
1.89743750000E+06	2.522373E-02	9.412223E+01
1.89930625000E+06	2.512756E-02	9.408353E+01
1.90117500000E+06	2.544542E-02	9.415978E+01
1.90304375000E+06	2.540959E-02	9.401597E+01
1.90491250000E+06	2.542177E-02	9.395674E+01
1.90678125000E+06	2.527445E-02	9.395283E+01
1.90865000000E+06	2.543035E-02	9.376188E+01
1.91051875000E+06	2.553545E-02	9.338299E+01
1.91238750000E+06	2.544945E-02	9.392632E+01
1.91425625000E+06	2.554979E-02	9.371013E+01
1.91612500000E+06	2.565140E-02	9.344810E+01
1.91799375000E+06	2.554022E-02	9.413729E+01
1.91986250000E+06	2.563175E-02	9.404829E+01
1.92173125000E+06	2.590952E-02	9.425124E+01
1.92360000000E+06	2.555156E-02	9.358080E+01
1.92546875000E+06	2.582195E-02	9.359305E+01
1.92733750000E+06	2.570996E-02	9.379158E+01
1.92920625000E+06	2.564682E-02	9.431909E+01
1.93107500000E+06	2.598560E-02	9.405148E+01
1.93294375000E+06	2.600118E-02	9.399017E+01
1.93481250000E+06	2.618696E-02	9.411295E+01
1.93668125000E+06	2.575036E-02	9.380182E+01
1.93855000000E+06	2.589628E-02	9.356113E+01
1.94041875000E+06	2.608682E-02	9.359585E+01
1.94228750000E+06	2.618158E-02	9.378767E+01
1.94415625000E+06	2.605953E-02	9.388002E+01
1.94602500000E+06	2.603598E-02	9.339863E+01
1.94789375000E+06	2.601519E-02	9.342056E+01
1.94976250000E+06	2.618280E-02	9.426640E+01
1.95163125000E+06	2.620952E-02	9.418948E+01
1.95350000000E+06	2.623393E-02	9.371410E+01
1.95536875000E+06	2.641769E-02	9.350757E+01
1.95723750000E+06	2.621309E-02	9.366885E+01
1.95910625000E+06	2.638808E-02	9.414477E+01
1.96097500000E+06	2.628303E-02	9.390282E+01
1.96284375000E+06	2.655203E-02	9.382989E+01
1.96471250000E+06	2.641524E-02	9.399641E+01
1.96658125000E+06	2.626769E-02	9.375964E+01
1.96845000000E+06	2.640060E-02	9.365182E+01
1.97031875000E+06	2.651573E-02	9.397377E+01
1.97218750000E+06	2.644340E-02	9.389599E+01
1.97405625000E+06	2.665350E-02	9.355493E+01
1.97592500000E+06	2.658636E-02	9.416295E+01
1.97779375000E+06	2.648874E-02	9.368578E+01
1.97966250000E+06	2.660080E-02	9.361835E+01
1.98153125000E+06	2.665853E-02	9.333221E+01
1.98340000000E+06	2.648731E-02	9.371647E+01
1.98526875000E+06	2.697771E-02	9.362634E+01
1.98713750000E+06	2.682051E-02	9.394711E+01
1.98900625000E+06	2.685093E-02	9.359576E+01
1.99087500000E+06	2.692967E-02	9.347894E+01
1.99274375000E+06	2.677592E-02	9.358368E+01
1.99461250000E+06	2.695148E-02	9.399210E+01
1.99648125000E+06	2.692885E-02	9.401027E+01
1.99835000000E+06	2.683877E-02	9.359891E+01
2.00021875000E+06	2.680425E-02	9.382867E+01
2.00208750000E+06	2.690439E-02	9.317548E+01
2.00395625000E+06	2.699961E-02	9.353037E+01
2.00582500000E+06	2.689262E-02	9.384083E+01
2.00769375000E+06	2.695681E-02	9.331916E+01
2.00956250000E+06	2.691942E-02	9.376633E+01
2.01143125000E+06	2.686052E-02	9.356371E+01
2.01330000000E+06	2.726628E-02	9.367020E+01
2.01516875000E+06	2.718681E-02	9.367123E+01
2.01703750000E+06	2.717255E-02	9.413305E+01
2.01890625000E+06	2.720541E-02	9.346431E+01
2.02077500000E+06	2.692592E-02	9.390570E+01
2.02264375000E+06	2.710276E-02	9.393206E+01
2.02451250000E+06	2.732533E-02	9.333257E+01
2.02638125000E+06	2.742449E-02	9.359013E+01
2.02825000000E+06	2.737653E-02	9.403675E+01
2.03011875000E+06	2.744703E-02	9.373408E+01
2.03198750000E+06	2.713148E-02	9.374094E+01
2.03385625000E+06	2.755145E-02	9.314626E+01
2.03572500000E+06	2.749626E-02	9.355293E+01
2.03759375000E+06	2.752990E-02	9.373512E+01
2.03946250000E+06	2.748290E-02	9.368126E+01
2.04133125000E+06	2.732498E-02	9.387781E+01
2.04320000000E+06	2.726967E-02	9.342794E+01
2.04506875000E+06	2.748410E-02	9.380215E+01
2.04693750000E+06	2.749499E-02	9.382953E+01
2.04880625000E+06	2.756997E-02	9.404968E+01
2.05067500000E+06	2.754839E-02	9.348974E+01
2.05254375000E+06	2.762555E-02	9.369189E+01
2.05441250000E+06	2.762667E-02	9.368579E+01
2.05628125000E+06	2.782350E-02	9.344942E+01
2.05815000000E+06	2.777763E-02	9.401979E+01
2.06001875000E+06	2.770034E-02	9.353805E+01
2.06188750000E+06	2.784252E-02	9.365356E+01
2.06375625000E+06	2.769136E-02	9.397800E+01
2.06562500000E+06	2.776407E-02	9.345620E+01
2.06749375000E+06	2.793553E-02	9.372967E+01
2.06936250000E+06	2.795254E-02	9.360191E+01
2.07123125000E+06	2.795255E-02	9.335107E+01
2.07310000000E+06	2.798480E-02	9.324101E+01
2.07496875000E+06	2.806550E-02	9.360851E+01
2.07683750000E+06	2.797332E-02	9.349407E+01
2.07870625000E+06	2.804921E-02	9.337156E+01
2.08057500000E+06	2.793662E-02	9.322672E+01
2.08244375000E+06	2.798516E-02	9.351897E+01
2.08431250000E+06	2.813427E-02	9.350206E+01
2.08618125000E+06	2.810319E-02	9.365065E+01
2.08805000000E+06	2.851950E-02	9.361526E+01
2.08991875000E+06	2.823717E-02	9.347909E+01
2.09178750000E+06	2.819340E-02	9.368153E+01
2.09365625000E+06	2.852889E-02	9.343895E+01
2.09552500000E+06	2.826686E-02	9.360731E+01
2.09739375000E+06	2.824002E-02	9.347326E+01
2.09926250000E+06	2.822438E-02	9.356802E+01
2.10113125000E+06	2.833579E-02	9.349678E+01
2.10300000000E+06	2.834653E-02	9.385435E+01
2.10486875000E+06	2.846270E-02	9.368938E+01
2.10673750000E+06	2.854509E-02	9.377273E+01
2.10860625000E+06	2.830719E-02	9.383691E+01
2.11047500000E+06	2.863284E-02	9.337135E+01
2.11234375000E+06	2.861612E-02	9.385917E+01
2.11421250000E+06	2.851733E-02	9.338218E+01
2.11608125000E+06	2.867679E-02	9.360960E+01
2.11795000000E+06	2.851132E-02	9.378074E+01
2.11981875000E+06	2.851801E-02	9.350327E+01
2.12168750000E+06	2.869965E-02	9.372733E+01
2.12355625000E+06	2.871232E-02	9.354362E+01
2.12542500000E+06	2.865913E-02	9.318316E+01
2.12729375000E+06	2.879895E-02	9.360134E+01
2.12916250000E+06	2.858483E-02	9.362238E+01
2.13103125000E+06	2.866161E-02	9.363206E+01
2.13290000000E+06	2.883319E-02	9.338661E+01
2.13476875000E+06	2.866836E-02	9.364040E+01
2.13663750000E+06	2.898565E-02	9.400591E+01
2.13850625000E+06	2.889731E-02	9.369902E+01
2.14037500000E+06	2.909253E-02	9.344258E+01
2.14224375000E+06	2.882554E-02	9.353945E+01
2.14411250000E+06	2.886141E-02	9.371307E+01
2.14598125000E+06	2.898854E-02	9.369130E+01
2.14785000000E+06	2.888354E-02	9.358944E+01
2.14971875000E+06	2.894064E-02	9.297237E+01
2.15158750000E+06	2.894643E-02	9.382880E+01
2.15345625000E+06	2.901706E-02	9.326543E+01
2.15532500000E+06	2.914836E-02	9.357143E+01
2.15719375000E+06	2.930932E-02	9.370041E+01
2.15906250000E+06	2.893237E-02	9.369038E+01
2.16093125000E+06	2.914434E-02	9.344958E+01
2.16280000000E+06	2.910101E-02	9.340397E+01
2.16466875000E+06	2.916175E-02	9.383401E+01
2.16653750000E+06	2.926342E-02	9.342905E+01
2.16840625000E+06	2.929118E-02	9.335098E+01
2.17027500000E+06	2.935323E-02	9.333223E+01
2.17214375000E+06	2.930509E-02	9.344628E+01
2.17401250000E+06	2.934777E-02	9.361110E+01
2.17588125000E+06	2.941089E-02	9.345924E+01
2.17775000000E+06	2.931938E-02	9.350728E+01
2.17961875000E+06	2.931204E-02	9.384341E+01
2.18148750000E+06	2.950921E-02	9.373869E+01
2.18335625000E+06	2.953010E-02	9.364006E+01
2.18522500000E+06	2.936898E-02	9.380459E+01
2.18709375000E+06	2.957409E-02	9.335828E+01
2.18896250000E+06	2.945580E-02	9.367542E+01
2.19083125000E+06	2.951665E-02	9.344626E+01
2.19270000000E+06	2.981545E-02	9.337541E+01
2.19456875000E+06	2.971046E-02	9.364539E+01
2.19643750000E+06	2.954467E-02	9.372826E+01
2.19830625000E+06	2.962306E-02	9.308186E+01
2.20017500000E+06	2.954046E-02	9.407125E+01
2.20204375000E+06	2.967893E-02	9.345058E+01
2.20391250000E+06	2.980669E-02	9.342400E+01
2.20578125000E+06	2.971426E-02	9.334527E+01
2.20765000000E+06	2.991568E-02	9.359269E+01
2.20951875000E+06	3.011094E-02	9.324499E+01
2.21138750000E+06	2.973833E-02	9.354217E+01
2.21325625000E+06	2.986296E-02	9.320345E+01
2.21512500000E+06	2.997365E-02	9.373203E+01
2.21699375000E+06	2.985538E-02	9.337091E+01
2.21886250000E+06	2.994634E-02	9.318769E+01
2.22073125000E+06	2.990685E-02	9.364571E+01
2.22260000000E+06	3.014257E-02	9.354076E+01
2.22446875000E+06	2.997969E-02	9.340826E+01
2.22633750000E+06	2.982682E-02	9.362128E+01
2.22820625000E+06	3.018604E-02	9.267961E+01
2.23007500000E+06	2.992581E-02	9.343853E+01
2.23194375000E+06	2.995933E-02	9.363231E+01
2.23381250000E+06	3.018942E-02	9.377034E+01
2.23568125000E+06	3.026873E-02	9.326849E+01
2.23755000000E+06	3.004707E-02	9.341492E+01
2.23941875000E+06	3.039797E-02	9.352454E+01
2.24128750000E+06	3.022681E-02	9.294700E+01
2.24315625000E+06	3.017232E-02	9.354369E+01
2.24502500000E+06	3.013051E-02	9.353396E+01
2.24689375000E+06	3.034857E-02	9.330087E+01
2.24876250000E+06	3.041594E-02	9.383958E+01
2.25063125000E+06	3.054366E-02	9.345009E+01
2.25250000000E+06	3.051002E-02	9.310442E+01
2.25436875000E+06	3.046803E-02	9.313885E+01
2.25623750000E+06	3.042346E-02	9.358865E+01
2.25810625000E+06	3.053950E-02	9.397142E+01
2.25997500000E+06	3.046544E-02	9.334045E+01
2.26184375000E+06	3.034486E-02	9.346182E+01
2.26371250000E+06	3.043994E-02	9.363602E+01
2.26558125000E+06	3.060096E-02	9.368684E+01
2.26745000000E+06	3.076038E-02	9.362582E+01
2.26931875000E+06	3.064024E-02	9.356599E+01
2.27118750000E+06	3.070849E-02	9.342354E+01
2.27305625000E+06	3.070600E-02	9.356761E+01
2.27492500000E+06	3.072427E-02	9.297937E+01
2.27679375000E+06	3.069074E-02	9.339217E+01
2.27866250000E+06	3.078149E-02	9.328500E+01
2.28053125000E+06	3.103506E-02	9.329971E+01
2.28240000000E+06	3.090852E-02	9.360277E+01
2.28426875000E+06	3.091984E-02	9.340303E+01
2.28613750000E+06	3.076111E-02	9.349628E+01
2.28800625000E+06	3.081284E-02	9.334411E+01
2.28987500000E+06	3.074572E-02	9.350269E+01
2.29174375000E+06	3.082862E-02	9.346719E+01
2.29361250000E+06	3.084972E-02	9.301858E+01
2.29548125000E+06	3.111168E-02	9.343554E+01
2.29735000000E+06	3.080783E-02	9.343639E+01
2.29921875000E+06	3.109423E-02	9.316035E+01
2.30108750000E+06	3.101878E-02	9.329553E+01
2.30295625000E+06	3.111680E-02	9.344469E+01
2.30482500000E+06	3.114509E-02	9.345383E+01
2.30669375000E+06	3.123163E-02	9.337508E+01
2.30856250000E+06	3.122243E-02	9.330332E+01
2.31043125000E+06	3.110021E-02	9.306507E+01
2.31230000000E+06	3.122474E-02	9.368576E+01
2.31416875000E+06	3.103085E-02	9.342075E+01
2.31603750000E+06	3.129543E-02	9.336281E+01
2.31790625000E+06	3.130043E-02	9.322615E+01
2.31977500000E+06	3.116894E-02	9.328256E+01
2.32164375000E+06	3.134252E-02	9.376094E+01
2.32351250000E+06	3.111168E-02	9.355014E+01
2.32538125000E+06	3.139628E-02	9.346507E+01
2.32725000000E+06	3.149775E-02	9.336952E+01
2.32911875000E+06	3.144669E-02	9.326456E+01
2.33098750000E+06	3.145965E-02	9.337472E+01
2.33285625000E+06	3.128886E-02	9.331367E+01
2.33472500000E+06	3.149264E-02	9.357923E+01
2.33659375000E+06	3.153707E-02	9.359528E+01
2.33846250000E+06	3.154235E-02	9.325127E+01
2.34033125000E+06	3.163706E-02	9.355566E+01
2.34220000000E+06	3.164439E-02	9.326985E+01
2.34406875000E+06	3.151043E-02	9.325767E+01
2.34593750000E+06	3.178966E-02	9.323468E+01
2.34780625000E+06	3.174006E-02	9.371687E+01
2.34967500000E+06	3.169529E-02	9.335538E+01
2.35154375000E+06	3.165469E-02	9.339846E+01
2.35341250000E+06	3.178830E-02	9.349211E+01
2.35528125000E+06	3.175431E-02	9.334788E+01
2.35715000000E+06	3.174828E-02	9.348985E+01
2.35901875000E+06	3.170183E-02	9.336269E+01
2.36088750000E+06	3.175871E-02	9.336326E+01
2.36275625000E+06	3.180439E-02	9.301585E+01
2.36462500000E+06	3.193720E-02	9.324120E+01
2.36649375000E+06	3.210072E-02	9.318184E+01
2.36836250000E+06	3.198338E-02	9.332079E+01
2.37023125000E+06	3.193059E-02	9.348854E+01
2.37210000000E+06	3.191659E-02	9.344096E+01
2.37396875000E+06	3.188613E-02	9.312143E+01
2.37583750000E+06	3.198585E-02	9.382480E+01
2.37770625000E+06	3.197282E-02	9.364738E+01
2.37957500000E+06	3.225146E-02	9.336344E+01
2.38144375000E+06	3.223447E-02	9.362200E+01
2.38331250000E+06	3.224654E-02	9.373903E+01
2.38518125000E+06	3.195100E-02	9.343737E+01
2.38705000000E+06	3.236517E-02	9.356426E+01
2.38891875000E+06	3.240373E-02	9.309845E+01
2.39078750000E+06	3.240993E-02	9.361024E+01
2.39265625000E+06	3.245056E-02	9.351773E+01
2.39452500000E+06	3.216168E-02	9.353010E+01
2.39639375000E+06	3.224904E-02	9.338689E+01
2.39826250000E+06	3.218298E-02	9.312581E+01
2.40013125000E+06	3.244489E-02	9.324821E+01
2.40200000000E+06	3.232587E-02	9.379182E+01
2.40386875000E+06	3.249209E-02	9.347126E+01
2.40573750000E+06	3.229275E-02	9.335759E+01
2.40760625000E+06	3.234972E-02	9.357527E+01
2.40947500000E+06	3.256308E-02	9.352975E+01
2.41134375000E+06	3.264907E-02	9.332863E+01
2.41321250000E+06	3.273437E-02	9.360555E+01
2.41508125000E+06	3.270790E-02	9.381382E+01
2.41695000000E+06	3.255283E-02	9.279613E+01
2.41881875000E+06	3.260944E-02	9.364851E+01
2.42068750000E+06	3.268511E-02	9.321910E+01
2.42255625000E+06	3.259731E-02	9.350162E+01
2.42442500000E+06	3.271956E-02	9.374190E+01
2.42629375000E+06	3.263568E-02	9.348695E+01
2.42816250000E+06	3.282377E-02	9.376299E+01
2.43003125000E+06	3.274810E-02	9.352927E+01
2.43190000000E+06	3.288123E-02	9.337169E+01
2.43376875000E+06	3.295998E-02	9.337453E+01
2.43563750000E+06	3.273421E-02	9.321285E+01
2.43750625000E+06	3.307289E-02	9.382624E+01
2.43937500000E+06	3.303365E-02	9.362231E+01
2.44124375000E+06	3.289790E-02	9.349486E+01
2.44311250000E+06	3.309527E-02	9.345586E+01
2.44498125000E+06	3.284107E-02	9.355491E+01
2.44685000000E+06	3.297067E-02	9.339860E+01
2.44871875000E+06	3.310516E-02	9.369130E+01
2.45058750000E+06	3.323846E-02	9.367966E+01
2.45245625000E+06	3.294541E-02	9.365570E+01
2.45432500000E+06	3.306985E-02	9.353429E+01
2.45619375000E+06	3.292419E-02	9.395353E+01
2.45806250000E+06	3.325817E-02	9.360960E+01
2.45993125000E+06	3.308153E-02	9.335741E+01
2.46180000000E+06	3.297707E-02	9.319961E+01
2.46366875000E+06	3.331045E-02	9.344427E+01
2.46553750000E+06	3.336471E-02	9.357031E+01
2.46740625000E+06	3.305184E-02	9.376164E+01
2.46927500000E+06	3.341746E-02	9.338625E+01
2.47114375000E+06	3.322050E-02	9.335561E+01
2.47301250000E+06	3.328668E-02	9.350684E+01
2.47488125000E+06	3.343171E-02	9.399284E+01
2.47675000000E+06	3.346313E-02	9.362296E+01
2.47861875000E+06	3.331009E-02	9.335251E+01
2.48048750000E+06	3.341413E-02	9.310997E+01
2.48235625000E+06	3.348785E-02	9.333163E+01
2.48422500000E+06	3.361957E-02	9.337563E+01
2.48609375000E+06	3.362888E-02	9.343925E+01
2.48796250000E+06	3.358880E-02	9.380943E+01
2.48983125000E+06	3.368550E-02	9.333398E+01
2.49170000000E+06	3.355123E-02	9.354679E+01
2.49356875000E+06	3.363360E-02	9.338074E+01
2.49543750000E+06	3.344995E-02	9.321347E+01
2.49730625000E+06	3.357245E-02	9.321506E+01
2.49917500000E+06	3.362952E-02	9.343040E+01
2.50104375000E+06	3.363078E-02	9.366756E+01
2.50291250000E+06	3.366943E-02	9.361436E+01
2.50478125000E+06	3.364701E-02	9.339952E+01
2.50665000000E+06	3.365915E-02	9.334747E+01
2.50851875000E+06	3.390571E-02	9.348648E+01
2.51038750000E+06	3.384234E-02	9.356841E+01
2.51225625000E+06	3.392860E-02	9.337418E+01
2.51412500000E+06	3.419969E-02	9.347411E+01
2.51599375000E+06	3.385382E-02	9.298640E+01
2.51786250000E+06	3.389912E-02	9.362262E+01
2.51973125000E+06	3.408281E-02	9.352565E+01
2.52160000000E+06	3.414447E-02	9.344090E+01
2.52346875000E+06	3.420105E-02	9.339493E+01
2.52533750000E+06	3.401443E-02	9.373450E+01
2.52720625000E+06	3.412400E-02	9.330765E+01
2.52907500000E+06	3.415719E-02	9.364330E+01
2.53094375000E+06	3.430906E-02	9.345461E+01
2.53281250000E+06	3.402392E-02	9.346674E+01
2.53468125000E+06	3.433527E-02	9.351723E+01
2.53655000000E+06	3.413994E-02	9.362151E+01
2.53841875000E+06	3.419337E-02	9.328757E+01
2.54028750000E+06	3.414929E-02	9.320789E+01
2.54215625000E+06	3.417972E-02	9.339668E+01
2.54402500000E+06	3.422225E-02	9.327441E+01
2.54589375000E+06	3.416665E-02	9.364455E+01
2.54776250000E+06	3.421671E-02	9.352810E+01
2.54963125000E+06	3.433897E-02	9.350210E+01
2.55150000000E+06	3.439978E-02	9.348109E+01
2.55336875000E+06	3.446968E-02	9.353661E+01
2.55523750000E+06	3.429377E-02	9.368126E+01
2.55710625000E+06	3.435759E-02	9.345384E+01
2.55897500000E+06	3.446939E-02	9.329072E+01
2.56084375000E+06	3.434858E-02	9.344405E+01
2.56271250000E+06	3.451218E-02	9.337685E+01
2.56458125000E+06	3.473089E-02	9.336610E+01
2.56645000000E+06	3.442299E-02	9.336214E+01
2.56831875000E+06	3.463556E-02	9.321976E+01
2.57018750000E+06	3.458649E-02	9.325606E+01
2.57205625000E+06	3.443005E-02	9.335466E+01
2.57392500000E+06	3.465788E-02	9.313828E+01
2.57579375000E+06	3.482749E-02	9.326580E+01
2.57766250000E+06	3.469024E-02	9.373685E+01
2.57953125000E+06	3.468174E-02	9.385566E+01
2.58140000000E+06	3.479735E-02	9.316088E+01
2.58326875000E+06	3.457760E-02	9.371854E+01
2.58513750000E+06	3.480608E-02	9.355875E+01
2.58700625000E+06	3.473774E-02	9.365982E+01
2.58887500000E+06	3.488937E-02	9.315730E+01
2.59074375000E+06	3.482817E-02	9.361080E+01
2.59261250000E+06	3.462090E-02	9.327510E+01
2.59448125000E+06	3.498798E-02	9.336930E+01
2.59635000000E+06	3.486174E-02	9.383865E+01
2.59821875000E+06	3.484646E-02	9.362783E+01
2.60008750000E+06	3.486304E-02	9.295965E+01
2.60195625000E+06	3.518060E-02	9.372993E+01
2.60382500000E+06	3.490948E-02	9.360638E+01
2.60569375000E+06	3.463898E-02	9.396236E+01
2.60756250000E+06	3.530610E-02	9.345626E+01
2.60943125000E+06	3.509990E-02	9.344251E+01
2.61130000000E+06	3.521717E-02	9.331395E+01
2.61316875000E+06	3.510173E-02	9.385762E+01
2.61503750000E+06	3.515910E-02	9.336402E+01
2.61690625000E+06	3.507431E-02	9.326487E+01
2.61877500000E+06	3.506639E-02	9.347992E+01
2.62064375000E+06	3.522032E-02	9.347609E+01
2.62251250000E+06	3.518765E-02	9.342746E+01
2.62438125000E+06	3.537924E-02	9.364767E+01
2.62625000000E+06	3.526199E-02	9.355273E+01
2.62811875000E+06	3.533597E-02	9.340802E+01
2.62998750000E+06	3.501669E-02	9.355636E+01
2.63185625000E+06	3.532153E-02	9.387738E+01
2.63372500000E+06	3.527597E-02	9.389357E+01
2.63559375000E+06	3.563751E-02	9.342335E+01
2.63746250000E+06	3.539301E-02	9.369442E+01
2.63933125000E+06	3.539729E-02	9.334586E+01
2.64120000000E+06	3.546516E-02	9.375826E+01
2.64306875000E+06	3.560136E-02	9.366236E+01
2.64493750000E+06	3.560312E-02	9.355377E+01
2.64680625000E+06	3.546986E-02	9.361177E+01
2.64867500000E+06	3.562353E-02	9.361826E+01
2.65054375000E+06	3.546231E-02	9.347457E+01
2.65241250000E+06	3.571308E-02	9.359521E+01
2.65428125000E+06	3.583089E-02	9.359318E+01
2.65615000000E+06	3.569876E-02	9.367578E+01
2.65801875000E+06	3.572122E-02	9.349933E+01
2.65988750000E+06	3.579203E-02	9.336449E+01
2.66175625000E+06	3.569353E-02	9.369292E+01
2.66362500000E+06	3.587381E-02	9.374626E+01
2.66549375000E+06	3.568387E-02	9.361197E+01
2.66736250000E+06	3.596385E-02	9.355836E+01
2.66923125000E+06	3.569635E-02	9.355179E+01
2.67110000000E+06	3.567752E-02	9.333624E+01
2.67296875000E+06	3.599785E-02	9.385087E+01
2.67483750000E+06	3.600000E-02	9.358684E+01
2.67670625000E+06	3.597995E-02	9.355105E+01
2.67857500000E+06	3.602336E-02	9.358632E+01
2.68044375000E+06	3.584313E-02	9.375423E+01
2.68231250000E+06	3.594008E-02	9.386676E+01
2.68418125000E+06	3.613893E-02	9.385909E+01
2.68605000000E+06	3.618661E-02	9.387973E+01
2.68791875000E+06	3.609497E-02	9.370438E+01
2.68978750000E+06	3.611281E-02	9.339421E+01
2.69165625000E+06	3.611687E-02	9.355487E+01
2.69352500000E+06	3.615474E-02	9.372335E+01
2.69539375000E+06	3.636139E-02	9.349878E+01
2.69726250000E+06	3.617712E-02	9.405067E+01
2.69913125000E+06	3.634527E-02	9.358208E+01
2.70100000000E+06	3.634315E-02	9.344572E+01
2.70286875000E+06	3.627826E-02	9.360529E+01
2.70473750000E+06	3.635389E-02	9.340590E+01
2.70660625000E+06	3.646369E-02	9.370916E+01
2.70847500000E+06	3.636048E-02	9.374665E+01
2.71034375000E+06	3.658327E-02	9.343137E+01
2.71221250000E+06	3.631960E-02	9.337476E+01
2.71408125000E+06	3.646499E-02	9.363721E+01
2.71595000000E+06	3.646847E-02	9.339832E+01
2.71781875000E+06	3.653421E-02	9.369547E+01
2.71968750000E+06	3.643198E-02	9.353643E+01
2.72155625000E+06	3.644489E-02	9.343659E+01
2.72342500000E+06	3.644813E-02	9.356149E+01
2.72529375000E+06	3.657661E-02	9.377294E+01
2.72716250000E+06	3.687004E-02	9.366098E+01
2.72903125000E+06	3.667145E-02	9.356878E+01
2.73090000000E+06	3.678274E-02	9.355952E+01
2.73276875000E+06	3.661676E-02	9.365224E+01
2.73463750000E+06	3.686092E-02	9.362274E+01
2.73650625000E+06	3.662726E-02	9.356524E+01
2.73837500000E+06	3.682243E-02	9.341253E+01
2.74024375000E+06	3.669717E-02	9.375713E+01
2.74211250000E+06	3.672753E-02	9.353762E+01
2.74398125000E+06	3.678209E-02	9.365264E+01
2.74585000000E+06	3.679464E-02	9.360717E+01
2.74771875000E+06	3.676570E-02	9.332037E+01
2.74958750000E+06	3.697645E-02	9.378687E+01
2.75145625000E+06	3.680900E-02	9.364321E+01
2.75332500000E+06	3.688389E-02	9.376541E+01
2.75519375000E+06	3.678306E-02	9.369345E+01
2.75706250000E+06	3.691733E-02	9.338763E+01
2.75893125000E+06	3.707963E-02	9.351370E+01
2.76080000000E+06	3.697274E-02	9.386839E+01
2.76266875000E+06	3.697005E-02	9.343748E+01
2.76453750000E+06	3.684425E-02	9.349402E+01
2.76640625000E+06	3.713329E-02	9.374366E+01
2.76827500000E+06	3.712290E-02	9.344497E+01
2.77014375000E+06	3.702842E-02	9.377567E+01
2.77201250000E+06	3.724249E-02	9.354422E+01
2.77388125000E+06	3.741970E-02	9.351765E+01
2.77575000000E+06	3.726741E-02	9.340075E+01
2.77761875000E+06	3.720532E-02	9.366553E+01
2.77948750000E+06	3.728856E-02	9.356669E+01
2.78135625000E+06	3.729938E-02	9.361131E+01
2.78322500000E+06	3.746236E-02	9.352209E+01
2.78509375000E+06	3.739855E-02	9.364507E+01
2.78696250000E+06	3.736634E-02	9.396338E+01
2.78883125000E+06	3.723541E-02	9.372093E+01
2.79070000000E+06	3.733233E-02	9.381233E+01
2.79256875000E+06	3.745748E-02	9.340971E+01
2.79443750000E+06	3.739171E-02	9.376607E+01
2.79630625000E+06	3.759708E-02	9.397519E+01
2.79817500000E+06	3.743625E-02	9.352754E+01
2.80004375000E+06	3.739465E-02	9.391781E+01
2.80191250000E+06	3.748124E-02	9.345407E+01
2.80378125000E+06	3.764428E-02	9.386010E+01
2.80565000000E+06	3.750514E-02	9.378234E+01
2.80751875000E+06	3.750403E-02	9.370328E+01
2.80938750000E+06	3.759698E-02	9.360551E+01
2.81125625000E+06	3.770271E-02	9.376503E+01
2.81312500000E+06	3.773127E-02	9.369324E+01
2.81499375000E+06	3.771098E-02	9.365221E+01
2.81686250000E+06	3.763359E-02	9.399853E+01
2.81873125000E+06	3.781809E-02	9.354649E+01
2.82060000000E+06	3.775948E-02	9.388749E+01
2.82246875000E+06	3.781415E-02	9.370744E+01
2.82433750000E+06	3.766624E-02	9.385769E+01
2.82620625000E+06	3.778489E-02	9.361047E+01
2.82807500000E+06	3.777692E-02	9.358524E+01
2.82994375000E+06	3.781265E-02	9.350179E+01
2.83181250000E+06	3.798550E-02	9.362553E+01
2.83368125000E+06	3.799897E-02	9.352463E+01
2.83555000000E+06	3.792690E-02	9.354858E+01
2.83741875000E+06	3.797012E-02	9.371490E+01
2.83928750000E+06	3.789928E-02	9.365436E+01
2.84115625000E+06	3.808299E-02	9.399716E+01
2.84302500000E+06	3.810194E-02	9.406362E+01
2.84489375000E+06	3.811625E-02	9.353908E+01
2.84676250000E+06	3.832737E-02	9.382806E+01
2.84863125000E+06	3.825457E-02	9.355132E+01
2.85050000000E+06	3.798822E-02	9.388661E+01
2.85236875000E+06	3.805999E-02	9.360239E+01
2.85423750000E+06	3.827249E-02	9.352190E+01
2.85610625000E+06	3.819295E-02	9.357923E+01
2.85797500000E+06	3.829640E-02	9.377294E+01
2.85984375000E+06	3.823754E-02	9.377718E+01
2.86171250000E+06	3.848587E-02	9.371644E+01
2.86358125000E+06	3.847694E-02	9.382774E+01
2.86545000000E+06	3.813941E-02	9.364722E+01
2.86731875000E+06	3.833287E-02	9.359605E+01
2.86918750000E+06	3.854382E-02	9.430914E+01
2.87105625000E+06	3.821734E-02	9.381308E+01
2.87292500000E+06	3.847567E-02	9.381716E+01
2.87479375000E+06	3.813296E-02	9.381487E+01
2.87666250000E+06	3.850881E-02	9.375305E+01
2.87853125000E+06	3.839203E-02	9.368301E+01
2.88040000000E+06	3.839150E-02	9.356346E+01
2.88226875000E+06	3.879931E-02	9.362912E+01
2.88413750000E+06	3.878563E-02	9.374318E+01
2.88600625000E+06	3.869195E-02	9.378681E+01
2.88787500000E+06	3.853851E-02	9.391058E+01
2.88974375000E+06	3.866204E-02	9.385356E+01
2.89161250000E+06	3.864485E-02	9.327037E+01
2.89348125000E+06	3.860860E-02	9.383092E+01
2.89535000000E+06	3.874182E-02	9.366315E+01
2.89721875000E+06	3.883439E-02	9.362077E+01
2.89908750000E+06	3.862782E-02	9.395805E+01
2.90095625000E+06	3.877514E-02	9.383443E+01
2.90282500000E+06	3.871616E-02	9.385111E+01
2.90469375000E+06	3.880017E-02	9.344145E+01
2.90656250000E+06	3.877574E-02	9.358984E+01
2.90843125000E+06	3.885972E-02	9.365260E+01
2.91030000000E+06	3.884549E-02	9.393533E+01
2.91216875000E+06	3.881503E-02	9.391498E+01
2.91403750000E+06	3.924672E-02	9.382751E+01
2.91590625000E+06	3.898164E-02	9.339988E+01
2.91777500000E+06	3.922681E-02	9.384811E+01
2.91964375000E+06	3.917119E-02	9.342849E+01
2.92151250000E+06	3.909564E-02	9.359502E+01
2.92338125000E+06	3.873239E-02	9.379941E+01
2.92525000000E+06	3.898841E-02	9.372361E+01
2.92711875000E+06	3.895062E-02	9.346148E+01
2.92898750000E+06	3.911411E-02	9.393429E+01
2.93085625000E+06	3.911147E-02	9.395477E+01
2.93272500000E+06	3.911478E-02	9.374085E+01
2.93459375000E+06	3.903604E-02	9.409482E+01
2.93646250000E+06	3.916237E-02	9.387924E+01
2.93833125000E+06	3.945491E-02	9.385445E+01
2.94020000000E+06	3.933888E-02	9.405827E+01
2.94206875000E+06	3.933977E-02	9.366640E+01
2.94393750000E+06	3.929351E-02	9.366902E+01
2.94580625000E+06	3.920920E-02	9.422791E+01
2.94767500000E+06	3.921198E-02	9.345650E+01
2.94954375000E+06	3.927497E-02	9.367331E+01
2.95141250000E+06	3.954914E-02	9.350523E+01
2.95328125000E+06	3.918920E-02	9.382693E+01
2.95515000000E+06	3.949708E-02	9.407085E+01
2.95701875000E+06	3.929168E-02	9.380508E+01
2.95888750000E+06	3.963806E-02	9.364488E+01
2.96075625000E+06	3.963656E-02	9.384675E+01
2.96262500000E+06	3.947034E-02	9.365948E+01
2.96449375000E+06	3.949315E-02	9.379739E+01
2.96636250000E+06	3.954110E-02	9.399279E+01
2.96823125000E+06	3.954577E-02	9.398289E+01
2.97010000000E+06	3.957361E-02	9.405826E+01
2.97196875000E+06	3.973233E-02	9.398930E+01
2.97383750000E+06	3.949035E-02	9.364464E+01
2.97570625000E+06	3.982653E-02	9.386559E+01
2.97757500000E+06	3.972997E-02	9.395446E+01
2.97944375000E+06	3.971462E-02	9.378893E+01
2.98131250000E+06	3.991418E-02	9.378540E+01
2.98318125000E+06	3.979535E-02	9.395949E+01
2.98505000000E+06	3.985737E-02	9.393587E+01
2.98691875000E+06	3.966800E-02	9.380814E+01
2.98878750000E+06	3.972179E-02	9.378434E+01
2.99065625000E+06	3.973648E-02	9.409206E+01
2.99252500000E+06	3.983542E-02	9.405247E+01
2.99439375000E+06	3.979683E-02	9.387184E+01
2.99626250000E+06	4.008539E-02	9.418530E+01
2.99813125000E+06	4.004185E-02	9.380224E+01
3.00000000000E+06	3.980988E-02	9.381800E+01
