"E5100A REV3.14"
"DATE: Jun 28 2004"



"CHANNEL: 2"
"MEASURE TYPE: AR"
"FORMAT TYPE: LINMP"
"NUMBER of POINTS: 1601"
"SWEEP TIME:  3.458 s"
"SWEEP TYPE: LINF"
"SOURCE POWER: 0 dBm"
"IF BANDWIDTH: 500 Hz"

"Frequency"	"Main Array"	"Sub Array"
1.00000000000E+04	1.375387E-01	-1.442351E+02
1.18687500000E+04	2.373822E-02	-1.342862E+02
1.37375000000E+04	1.704122E-02	-1.687769E+02
1.56062500000E+04	2.796421E-02	1.258467E+02
1.74750000000E+04	1.916342E-02	9.667757E+01
1.93437500000E+04	2.107445E-02	1.107405E+02
2.12125000000E+04	2.838565E-02	9.508295E+01
2.30812500000E+04	3.801861E-02	1.017713E+02
2.49500000000E+04	5.101314E-02	9.240048E+01
2.68187500000E+04	5.215621E-02	9.080665E+01
2.86875000000E+04	5.669697E-02	9.423183E+01
3.05562500000E+04	5.470084E-02	9.760027E+01
3.24250000000E+04	6.258060E-02	9.205660E+01
3.42937500000E+04	6.947895E-02	9.437226E+01
3.61625000000E+04	7.792503E-02	9.236098E+01
3.80312500000E+04	8.032370E-02	9.350596E+01
3.99000000000E+04	8.340438E-02	9.299567E+01
4.17687500000E+04	8.910102E-02	9.277416E+01
4.36375000000E+04	9.281978E-02	9.247451E+01
4.55062500000E+04	9.975101E-02	9.197133E+01
4.73750000000E+04	9.915211E-02	9.241851E+01
4.92437500000E+04	1.009091E-01	9.194643E+01
5.11125000000E+04	1.080523E-01	9.235161E+01
5.29812500000E+04	1.113961E-01	9.330029E+01
5.48500000000E+04	1.157572E-01	9.121671E+01
5.67187500000E+04	1.191962E-01	8.996988E+01
5.85875000000E+04	1.265563E-01	9.297903E+01
6.04562500000E+04	1.287112E-01	9.288943E+01
6.23250000000E+04	1.336524E-01	9.120114E+01
6.41937500000E+04	1.374132E-01	9.201900E+01
6.60625000000E+04	1.418531E-01	9.237848E+01
6.79312500000E+04	1.445649E-01	9.224104E+01
6.98000000000E+04	1.503761E-01	9.222596E+01
7.16687500000E+04	1.528010E-01	9.145401E+01
7.35375000000E+04	1.576911E-01	9.179964E+01
7.54062500000E+04	1.624651E-01	9.089105E+01
7.72750000000E+04	1.651198E-01	9.180537E+01
7.91437500000E+04	1.690651E-01	9.059406E+01
8.10125000000E+04	1.747998E-01	9.093472E+01
8.28812500000E+04	1.774972E-01	9.079451E+01
8.47500000000E+04	1.827983E-01	9.141021E+01
8.66187500000E+04	1.857738E-01	9.075597E+01
8.84875000000E+04	1.887197E-01	9.092757E+01
9.03562500000E+04	1.946400E-01	9.062563E+01
9.22250000000E+04	1.968573E-01	9.076788E+01
9.40937500000E+04	2.014741E-01	9.057483E+01
9.59625000000E+04	2.044880E-01	9.036147E+01
9.78312500000E+04	2.090250E-01	9.069447E+01
9.97000000000E+04	2.105912E-01	9.026529E+01
1.01568750000E+05	2.149464E-01	9.058220E+01
1.03437500000E+05	2.189695E-01	9.032796E+01
1.05306250000E+05	2.231811E-01	9.052230E+01
1.07175000000E+05	2.286190E-01	9.056738E+01
1.09043750000E+05	2.315146E-01	9.087891E+01
1.10912500000E+05	2.332223E-01	9.085030E+01
1.12781250000E+05	2.378844E-01	9.091315E+01
1.14650000000E+05	2.444209E-01	9.032483E+01
1.16518750000E+05	2.482990E-01	9.037364E+01
1.18387500000E+05	2.517812E-01	9.076730E+01
1.20256250000E+05	2.549082E-01	9.033726E+01
1.22125000000E+05	2.596997E-01	9.060700E+01
1.23993750000E+05	2.626445E-01	9.049603E+01
1.25862500000E+05	2.664575E-01	9.048014E+01
1.27731250000E+05	2.709133E-01	9.038696E+01
1.29600000000E+05	2.750756E-01	9.042593E+01
1.31468750000E+05	2.776079E-01	9.060370E+01
1.33337500000E+05	2.836029E-01	9.064693E+01
1.35206250000E+05	2.880624E-01	9.079969E+01
1.37075000000E+05	2.916904E-01	9.070071E+01
1.38943750000E+05	2.944793E-01	9.032796E+01
1.40812500000E+05	2.986272E-01	9.051326E+01
1.42681250000E+05	3.017388E-01	9.056886E+01
1.44550000000E+05	3.075055E-01	9.069568E+01
1.46418750000E+05	3.102059E-01	9.057554E+01
1.48287500000E+05	3.145002E-01	9.065533E+01
1.50156250000E+05	3.203984E-01	9.049155E+01
1.52025000000E+05	3.208047E-01	9.059413E+01
1.53893750000E+05	3.244814E-01	9.100057E+01
1.55762500000E+05	3.280497E-01	9.069994E+01
1.57631250000E+05	3.341703E-01	9.075026E+01
1.59500000000E+05	3.380753E-01	9.065169E+01
1.61368750000E+05	3.431648E-01	9.049769E+01
1.63237500000E+05	3.457506E-01	9.079857E+01
1.65106250000E+05	3.500170E-01	9.079842E+01
1.66975000000E+05	3.538793E-01	9.083902E+01
1.68843750000E+05	3.580740E-01	9.062804E+01
1.70712500000E+05	3.607406E-01	9.034911E+01
1.72581250000E+05	3.652630E-01	9.035422E+01
1.74450000000E+05	3.699486E-01	9.064106E+01
1.76318750000E+05	3.730471E-01	9.072923E+01
1.78187500000E+05	3.771727E-01	9.078342E+01
1.80056250000E+05	3.822372E-01	9.054085E+01
1.81925000000E+05	3.840438E-01	9.040382E+01
1.83793750000E+05	3.899173E-01	9.071629E+01
1.85662500000E+05	3.939794E-01	9.076249E+01
1.87531250000E+05	3.986997E-01	9.068132E+01
1.89400000000E+05	3.989825E-01	9.056669E+01
1.91268750000E+05	4.053262E-01	9.039910E+01
1.93137500000E+05	4.084837E-01	9.056609E+01
1.95006250000E+05	4.110755E-01	9.017683E+01
1.96875000000E+05	4.158835E-01	9.067671E+01
1.98743750000E+05	4.215415E-01	9.070714E+01
2.00612500000E+05	4.236335E-01	9.082822E+01
2.02481250000E+05	4.277065E-01	9.074847E+01
2.04350000000E+05	4.315197E-01	9.078158E+01
2.06218750000E+05	4.352678E-01	9.061709E+01
2.08087500000E+05	4.392797E-01	9.062593E+01
2.09956250000E+05	4.438308E-01	9.044691E+01
2.11825000000E+05	4.457671E-01	9.054378E+01
2.13693750000E+05	4.526087E-01	9.042905E+01
2.15562500000E+05	4.579222E-01	9.044467E+01
2.17431250000E+05	4.585645E-01	9.065701E+01
2.19300000000E+05	4.677103E-01	9.074213E+01
2.21168750000E+05	4.686368E-01	9.056433E+01
2.23037500000E+05	4.741417E-01	9.045982E+01
2.24906250000E+05	4.767428E-01	9.041679E+01
2.26775000000E+05	4.804405E-01	9.061020E+01
2.28643750000E+05	4.855837E-01	9.069834E+01
2.30512500000E+05	4.882418E-01	9.049027E+01
2.32381250000E+05	4.936172E-01	9.054133E+01
2.34250000000E+05	4.942720E-01	9.066300E+01
2.36118750000E+05	5.008534E-01	9.061887E+01
2.37987500000E+05	5.038533E-01	9.043881E+01
2.39856250000E+05	5.085204E-01	9.044141E+01
2.41725000000E+05	5.125851E-01	9.054784E+01
2.43593750000E+05	5.143399E-01	9.056733E+01
2.45462500000E+05	5.199395E-01	9.042999E+01
2.47331250000E+05	5.243449E-01	9.052544E+01
2.49200000000E+05	5.229335E-01	9.044186E+01
2.51068750000E+05	5.296808E-01	9.062207E+01
2.52937500000E+05	5.344074E-01	9.031933E+01
2.54806250000E+05	5.400041E-01	9.049437E+01
2.56675000000E+05	5.433007E-01	9.066647E+01
2.58543750000E+05	5.473688E-01	9.056469E+01
2.60412500000E+05	5.508845E-01	9.053501E+01
2.62281250000E+05	5.551274E-01	9.062768E+01
2.64150000000E+05	5.597714E-01	9.053664E+01
2.66018750000E+05	5.618313E-01	9.040263E+01
2.67887500000E+05	5.670127E-01	9.053548E+01
2.69756250000E+05	5.716009E-01	9.053468E+01
2.71625000000E+05	5.729294E-01	9.059612E+01
2.73493750000E+05	5.782542E-01	9.051354E+01
2.75362500000E+05	5.828637E-01	9.063937E+01
2.77231250000E+05	5.867791E-01	9.049368E+01
2.79100000000E+05	5.905380E-01	9.065160E+01
2.80968750000E+05	5.955797E-01	9.036318E+01
2.82837500000E+05	5.976804E-01	9.056080E+01
2.84706250000E+05	6.012698E-01	9.051926E+01
2.86575000000E+05	6.046570E-01	9.054516E+01
2.88443750000E+05	6.103354E-01	9.065884E+01
2.90312500000E+05	6.150324E-01	9.057917E+01
2.92181250000E+05	6.185706E-01	9.064919E+01
2.94050000000E+05	6.225985E-01	9.059584E+01
2.95918750000E+05	6.260737E-01	9.052398E+01
2.97787500000E+05	6.295190E-01	9.074273E+01
2.99656250000E+05	6.355415E-01	9.062019E+01
3.01525000000E+05	6.377210E-01	9.065858E+01
3.03393750000E+05	6.434369E-01	9.052781E+01
3.05262500000E+05	6.459756E-01	9.058334E+01
3.07131250000E+05	6.506360E-01	9.053967E+01
3.09000000000E+05	6.552871E-01	9.051154E+01
3.10868750000E+05	6.583897E-01	9.060390E+01
3.12737500000E+05	6.615257E-01	9.059391E+01
3.14606250000E+05	6.665553E-01	9.047929E+01
3.16475000000E+05	6.701336E-01	9.066559E+01
3.18343750000E+05	6.737945E-01	9.053101E+01
3.20212500000E+05	6.774763E-01	9.054469E+01
3.22081250000E+05	6.826866E-01	9.053094E+01
3.23950000000E+05	6.861582E-01	9.042576E+01
3.25818750000E+05	6.884521E-01	9.065314E+01
3.27687500000E+05	6.936932E-01	9.064199E+01
3.29556250000E+05	6.982685E-01	9.074194E+01
3.31425000000E+05	7.023623E-01	9.040443E+01
3.33293750000E+05	7.054538E-01	9.060823E+01
3.35162500000E+05	7.110110E-01	9.060630E+01
3.37031250000E+05	7.138851E-01	9.072780E+01
3.38900000000E+05	7.154930E-01	9.061132E+01
3.40768750000E+05	7.205368E-01	9.057182E+01
3.42637500000E+05	7.257527E-01	9.049040E+01
3.44506250000E+05	7.296022E-01	9.043497E+01
3.46375000000E+05	7.337787E-01	9.058163E+01
3.48243750000E+05	7.374237E-01	9.067967E+01
3.50112500000E+05	7.414876E-01	9.041602E+01
3.51981250000E+05	7.433714E-01	9.057413E+01
3.53850000000E+05	7.490374E-01	9.056152E+01
3.55718750000E+05	7.530327E-01	9.060048E+01
3.57587500000E+05	7.569641E-01	9.057474E+01
3.59456250000E+05	7.612806E-01	9.058916E+01
3.61325000000E+05	7.647130E-01	9.060748E+01
3.63193750000E+05	7.685497E-01	9.051127E+01
3.65062500000E+05	7.742733E-01	9.053987E+01
3.66931250000E+05	7.775293E-01	9.048854E+01
3.68800000000E+05	7.788651E-01	9.057000E+01
3.70668750000E+05	7.847558E-01	9.046473E+01
3.72537500000E+05	7.888461E-01	9.060471E+01
3.74406250000E+05	7.919603E-01	9.051093E+01
3.76275000000E+05	7.962934E-01	9.045328E+01
3.78143750000E+05	8.007962E-01	9.060981E+01
3.80012500000E+05	8.042021E-01	9.054762E+01
3.81881250000E+05	8.086770E-01	9.046833E+01
3.83750000000E+05	8.115222E-01	9.050317E+01
3.85618750000E+05	8.149571E-01	9.050308E+01
3.87487500000E+05	8.200639E-01	9.061536E+01
3.89356250000E+05	8.242400E-01	9.052905E+01
3.91225000000E+05	8.285749E-01	9.052364E+01
3.93093750000E+05	8.329977E-01	9.058923E+01
3.94962500000E+05	8.353464E-01	9.054100E+01
3.96831250000E+05	8.399019E-01	9.049729E+01
3.98700000000E+05	8.448818E-01	9.059549E+01
4.00568750000E+05	8.471415E-01	9.049972E+01
4.02437500000E+05	8.517412E-01	9.056419E+01
4.04306250000E+05	8.555026E-01	9.062480E+01
4.06175000000E+05	8.587104E-01	9.062997E+01
4.08043750000E+05	8.635802E-01	9.056695E+01
4.09912500000E+05	8.684033E-01	9.056701E+01
4.11781250000E+05	8.719682E-01	9.054351E+01
4.13650000000E+05	8.749879E-01	9.057727E+01
4.15518750000E+05	8.797885E-01	9.056239E+01
4.17387500000E+05	8.842753E-01	9.053233E+01
4.19256250000E+05	8.879019E-01	9.053880E+01
4.21125000000E+05	8.913306E-01	9.056273E+01
4.22993750000E+05	8.951403E-01	9.054229E+01
4.24862500000E+05	8.989288E-01	9.065720E+01
4.26731250000E+05	9.033816E-01	9.059750E+01
4.28600000000E+05	9.061568E-01	9.050459E+01
4.30468750000E+05	9.111221E-01	9.058284E+01
4.32337500000E+05	9.151114E-01	9.053287E+01
4.34206250000E+05	9.192275E-01	9.047552E+01
4.36075000000E+05	9.215539E-01	9.051695E+01
4.37943750000E+05	9.269344E-01	9.051981E+01
4.39812500000E+05	9.312393E-01	9.049143E+01
4.41681250000E+05	9.340479E-01	9.054535E+01
4.43550000000E+05	9.396141E-01	9.058187E+01
4.45418750000E+05	9.442152E-01	9.058890E+01
4.47287500000E+05	9.456912E-01	9.058761E+01
4.49156250000E+05	9.500573E-01	9.061401E+01
4.51025000000E+05	9.560879E-01	9.056524E+01
4.52893750000E+05	9.563041E-01	9.058218E+01
4.54762500000E+05	9.635188E-01	9.054769E+01
4.56631250000E+05	9.664564E-01	9.053895E+01
4.58500000000E+05	9.699159E-01	9.050936E+01
4.60368750000E+05	9.738821E-01	9.057503E+01
4.62237500000E+05	9.780657E-01	9.058759E+01
4.64106250000E+05	9.841484E-01	9.062215E+01
4.65975000000E+05	9.856985E-01	9.064641E+01
4.67843750000E+05	9.917713E-01	9.055201E+01
4.69712500000E+05	9.949076E-01	9.051720E+01
4.71581250000E+05	9.976899E-01	9.057922E+01
4.73450000000E+05	1.004593E+00	9.054686E+01
4.75318750000E+05	1.006705E+00	9.055294E+01
4.77187500000E+05	1.010430E+00	9.059212E+01
4.79056250000E+05	1.014157E+00	9.055477E+01
4.80925000000E+05	1.018583E+00	9.057630E+01
4.82793750000E+05	1.021922E+00	9.056703E+01
4.84662500000E+05	1.025505E+00	9.065128E+01
4.86531250000E+05	1.030215E+00	9.060038E+01
4.88400000000E+05	1.034709E+00	9.051399E+01
4.90268750000E+05	1.038183E+00	9.057191E+01
4.92137500000E+05	1.042357E+00	9.059718E+01
4.94006250000E+05	1.046183E+00	9.056484E+01
4.95875000000E+05	1.049909E+00	9.056467E+01
4.97743750000E+05	1.054194E+00	9.054449E+01
4.99612500000E+05	1.057611E+00	9.055776E+01
5.01481250000E+05	1.061460E+00	9.059085E+01
5.03350000000E+05	1.065830E+00	9.057547E+01
5.05218750000E+05	1.070125E+00	9.061147E+01
5.07087500000E+05	1.073555E+00	9.060284E+01
5.08956250000E+05	1.077139E+00	9.054252E+01
5.10825000000E+05	1.080472E+00	9.051849E+01
5.12693750000E+05	1.084703E+00	9.053844E+01
5.14562500000E+05	1.088740E+00	9.058080E+01
5.16431250000E+05	1.093022E+00	9.058184E+01
5.18300000000E+05	1.097157E+00	9.047763E+01
5.20168750000E+05	1.101391E+00	9.057889E+01
5.22037500000E+05	1.104770E+00	9.060139E+01
5.23906250000E+05	1.108554E+00	9.045770E+01
5.25775000000E+05	1.112451E+00	9.049809E+01
5.27643750000E+05	1.117252E+00	9.057780E+01
5.29512500000E+05	1.121330E+00	9.057556E+01
5.31381250000E+05	1.124647E+00	9.058818E+01
5.33250000000E+05	1.129963E+00	9.061633E+01
5.35118750000E+05	1.132027E+00	9.054978E+01
5.36987500000E+05	1.135957E+00	9.053885E+01
5.38856250000E+05	1.139646E+00	9.052869E+01
5.40725000000E+05	1.144873E+00	9.062509E+01
5.42593750000E+05	1.148465E+00	9.052649E+01
5.44462500000E+05	1.152933E+00	9.060532E+01
5.46331250000E+05	1.156499E+00	9.060522E+01
5.48200000000E+05	1.161674E+00	9.052833E+01
5.50068750000E+05	1.164543E+00	9.057615E+01
5.51937500000E+05	1.168036E+00	9.060954E+01
5.53806250000E+05	1.172385E+00	9.059121E+01
5.55675000000E+05	1.176226E+00	9.055343E+01
5.57543750000E+05	1.181694E+00	9.062000E+01
5.59412500000E+05	1.185032E+00	9.061755E+01
5.61281250000E+05	1.189764E+00	9.063004E+01
5.63150000000E+05	1.193825E+00	9.055370E+01
5.65018750000E+05	1.196819E+00	9.058154E+01
5.66887500000E+05	1.200383E+00	9.062716E+01
5.68756250000E+05	1.204503E+00	9.059042E+01
5.70625000000E+05	1.207429E+00	9.059882E+01
5.72493750000E+05	1.212013E+00	9.061774E+01
5.74362500000E+05	1.216666E+00	9.059005E+01
5.76231250000E+05	1.221108E+00	9.050385E+01
5.78100000000E+05	1.223892E+00	9.049895E+01
5.79968750000E+05	1.227856E+00	9.058471E+01
5.81837500000E+05	1.233463E+00	9.053977E+01
5.83706250000E+05	1.236036E+00	9.057933E+01
5.85575000000E+05	1.239282E+00	9.057707E+01
5.87443750000E+05	1.243744E+00	9.057207E+01
5.89312500000E+05	1.247239E+00	9.058275E+01
5.91181250000E+05	1.251281E+00	9.058352E+01
5.93050000000E+05	1.255918E+00	9.061350E+01
5.94918750000E+05	1.259246E+00	9.055975E+01
5.96787500000E+05	1.264487E+00	9.061964E+01
5.98656250000E+05	1.267957E+00	9.064562E+01
6.00525000000E+05	1.271316E+00	9.056548E+01
6.02393750000E+05	1.276535E+00	9.055688E+01
6.04262500000E+05	1.279074E+00	9.058025E+01
6.06131250000E+05	1.286211E+00	9.060988E+01
6.08000000000E+05	1.286497E+00	9.063407E+01
6.09868750000E+05	1.291844E+00	9.054734E+01
6.11737500000E+05	1.294833E+00	9.058014E+01
6.13606250000E+05	1.300891E+00	9.054408E+01
6.15475000000E+05	1.304497E+00	9.058350E+01
6.17343750000E+05	1.306239E+00	9.057936E+01
6.19212500000E+05	1.312571E+00	9.063576E+01
6.21081250000E+05	1.314337E+00	9.059922E+01
6.22950000000E+05	1.318284E+00	9.058504E+01
6.24818750000E+05	1.323472E+00	9.057018E+01
6.26687500000E+05	1.328138E+00	9.060879E+01
6.28556250000E+05	1.330878E+00	9.059092E+01
6.30425000000E+05	1.334414E+00	9.064164E+01
6.32293750000E+05	1.339341E+00	9.054545E+01
6.34162500000E+05	1.342455E+00	9.061028E+01
6.36031250000E+05	1.347706E+00	9.058313E+01
6.37900000000E+05	1.349172E+00	9.053761E+01
6.39768750000E+05	1.354591E+00	9.063577E+01
6.41637500000E+05	1.358091E+00	9.060908E+01
6.43506250000E+05	1.362297E+00	9.058986E+01
6.45375000000E+05	1.365880E+00	9.057201E+01
6.47243750000E+05	1.371288E+00	9.061858E+01
6.49112500000E+05	1.374558E+00	9.061216E+01
6.50981250000E+05	1.379114E+00	9.051240E+01
6.52850000000E+05	1.381000E+00	9.057529E+01
6.54718750000E+05	1.384454E+00	9.055783E+01
6.56587500000E+05	1.390955E+00	9.059762E+01
6.58456250000E+05	1.393837E+00	9.062977E+01
6.60325000000E+05	1.396720E+00	9.055680E+01
6.62193750000E+05	1.404332E+00	9.061718E+01
6.64062500000E+05	1.406593E+00	9.061888E+01
6.65931250000E+05	1.411524E+00	9.060979E+01
6.67800000000E+05	1.412195E+00	9.055708E+01
6.69668750000E+05	1.417452E+00	9.059633E+01
6.71537500000E+05	1.421917E+00	9.052197E+01
6.73406250000E+05	1.425184E+00	9.056374E+01
6.75275000000E+05	1.430372E+00	9.064464E+01
6.77143750000E+05	1.433844E+00	9.063608E+01
6.79012500000E+05	1.437560E+00	9.058851E+01
6.80881250000E+05	1.443208E+00	9.065209E+01
6.82750000000E+05	1.445180E+00	9.057177E+01
6.84618750000E+05	1.450546E+00	9.061618E+01
6.86487500000E+05	1.453391E+00	9.058066E+01
6.88356250000E+05	1.457844E+00	9.061933E+01
6.90225000000E+05	1.460833E+00	9.055023E+01
6.92093750000E+05	1.466614E+00	9.061227E+01
6.93962500000E+05	1.470928E+00	9.057597E+01
6.95831250000E+05	1.474463E+00	9.067052E+01
6.97700000000E+05	1.478360E+00	9.061736E+01
6.99568750000E+05	1.481407E+00	9.059457E+01
7.01437500000E+05	1.485683E+00	9.060683E+01
7.03306250000E+05	1.490195E+00	9.063494E+01
7.05175000000E+05	1.494304E+00	9.065063E+01
7.07043750000E+05	1.497837E+00	9.059798E+01
7.08912500000E+05	1.501316E+00	9.057553E+01
7.10781250000E+05	1.505867E+00	9.062254E+01
7.12650000000E+05	1.510874E+00	9.059995E+01
7.14518750000E+05	1.512948E+00	9.058476E+01
7.16387500000E+05	1.517539E+00	9.060345E+01
7.18256250000E+05	1.522774E+00	9.062881E+01
7.20125000000E+05	1.526019E+00	9.062984E+01
7.21993750000E+05	1.529995E+00	9.065309E+01
7.23862500000E+05	1.533928E+00	9.070274E+01
7.25731250000E+05	1.536927E+00	9.063392E+01
7.27600000000E+05	1.540717E+00	9.061749E+01
7.29468750000E+05	1.545485E+00	9.063603E+01
7.31337500000E+05	1.549177E+00	9.053819E+01
7.33206250000E+05	1.553316E+00	9.061773E+01
7.35075000000E+05	1.557733E+00	9.063241E+01
7.36943750000E+05	1.560228E+00	9.066946E+01
7.38812500000E+05	1.564694E+00	9.067422E+01
7.40681250000E+05	1.569900E+00	9.061026E+01
7.42550000000E+05	1.572647E+00	9.059460E+01
7.44418750000E+05	1.577953E+00	9.066814E+01
7.46287500000E+05	1.581242E+00	9.060405E+01
7.48156250000E+05	1.582873E+00	9.064011E+01
7.50025000000E+05	1.589383E+00	9.062935E+01
7.51893750000E+05	1.593250E+00	9.058518E+01
7.53762500000E+05	1.596715E+00	9.065865E+01
7.55631250000E+05	1.600869E+00	9.060049E+01
7.57500000000E+05	1.605746E+00	9.061494E+01
7.59368750000E+05	1.608432E+00	9.072667E+01
7.61237500000E+05	1.613793E+00	9.060129E+01
7.63106250000E+05	1.616631E+00	9.062936E+01
7.64975000000E+05	1.620641E+00	9.058932E+01
7.66843750000E+05	1.624591E+00	9.063670E+01
7.68712500000E+05	1.628574E+00	9.062605E+01
7.70581250000E+05	1.631458E+00	9.056028E+01
7.72450000000E+05	1.636691E+00	9.063934E+01
7.74318750000E+05	1.641170E+00	9.063980E+01
7.76187500000E+05	1.645085E+00	9.067941E+01
7.78056250000E+05	1.648688E+00	9.064423E+01
7.79925000000E+05	1.652482E+00	9.064858E+01
7.81793750000E+05	1.655362E+00	9.059575E+01
7.83662500000E+05	1.662421E+00	9.065634E+01
7.85531250000E+05	1.664337E+00	9.054214E+01
7.87400000000E+05	1.667221E+00	9.062340E+01
7.89268750000E+05	1.672749E+00	9.066628E+01
7.91137500000E+05	1.676682E+00	9.060134E+01
7.93006250000E+05	1.680837E+00	9.064276E+01
7.94875000000E+05	1.682542E+00	9.066515E+01
7.96743750000E+05	1.687765E+00	9.062541E+01
7.98612500000E+05	1.689918E+00	9.067347E+01
8.00481250000E+05	1.695147E+00	9.063474E+01
8.02350000000E+05	1.701530E+00	9.067469E+01
8.04218750000E+05	1.703588E+00	9.061269E+01
8.06087500000E+05	1.706785E+00	9.069924E+01
8.07956250000E+05	1.712130E+00	9.066479E+01
8.09825000000E+05	1.715735E+00	9.064305E+01
8.11693750000E+05	1.717335E+00	9.062704E+01
8.13562500000E+05	1.723575E+00	9.065426E+01
8.15431250000E+05	1.726508E+00	9.061211E+01
8.17300000000E+05	1.730288E+00	9.065995E+01
8.19168750000E+05	1.735151E+00	9.069631E+01
8.21037500000E+05	1.740551E+00	9.063245E+01
8.22906250000E+05	1.743838E+00	9.064893E+01
8.24775000000E+05	1.746626E+00	9.065567E+01
8.26643750000E+05	1.750545E+00	9.062204E+01
8.28512500000E+05	1.753512E+00	9.065768E+01
8.30381250000E+05	1.759121E+00	9.063398E+01
8.32250000000E+05	1.762639E+00	9.063377E+01
8.34118750000E+05	1.768026E+00	9.067169E+01
8.35987500000E+05	1.770980E+00	9.070597E+01
8.37856250000E+05	1.775877E+00	9.068385E+01
8.39725000000E+05	1.778853E+00	9.057817E+01
8.41593750000E+05	1.784965E+00	9.061578E+01
8.43462500000E+05	1.787299E+00	9.062875E+01
8.45331250000E+05	1.792025E+00	9.062805E+01
8.47200000000E+05	1.794431E+00	9.069248E+01
8.49068750000E+05	1.799274E+00	9.068404E+01
8.50937500000E+05	1.803305E+00	9.068385E+01
8.52806250000E+05	1.808125E+00	9.064422E+01
8.54675000000E+05	1.810934E+00	9.066933E+01
8.56543750000E+05	1.818241E+00	9.067522E+01
8.58412500000E+05	1.819185E+00	9.062729E+01
8.60281250000E+05	1.823960E+00	9.064619E+01
8.62150000000E+05	1.826927E+00	9.066521E+01
8.64018750000E+05	1.831429E+00	9.067686E+01
8.65887500000E+05	1.833676E+00	9.065793E+01
8.67756250000E+05	1.837147E+00	9.065791E+01
8.69625000000E+05	1.842176E+00	9.065393E+01
8.71493750000E+05	1.847286E+00	9.065475E+01
8.73362500000E+05	1.848858E+00	9.065444E+01
8.75231250000E+05	1.853820E+00	9.063181E+01
8.77100000000E+05	1.858778E+00	9.065453E+01
8.78968750000E+05	1.862020E+00	9.060500E+01
8.80837500000E+05	1.867524E+00	9.068320E+01
8.82706250000E+05	1.870336E+00	9.068226E+01
8.84575000000E+05	1.874179E+00	9.066102E+01
8.86443750000E+05	1.878182E+00	9.066579E+01
8.88312500000E+05	1.883044E+00	9.064505E+01
8.90181250000E+05	1.887347E+00	9.066988E+01
8.92050000000E+05	1.890114E+00	9.064527E+01
8.93918750000E+05	1.894771E+00	9.069877E+01
8.95787500000E+05	1.898780E+00	9.063264E+01
8.97656250000E+05	1.903461E+00	9.064498E+01
8.99525000000E+05	1.907786E+00	9.071146E+01
9.01393750000E+05	1.910893E+00	9.064678E+01
9.03262500000E+05	1.912742E+00	9.068232E+01
9.05131250000E+05	1.917408E+00	9.069644E+01
9.07000000000E+05	1.922088E+00	9.065508E+01
9.08868750000E+05	1.926159E+00	9.066834E+01
9.10737500000E+05	1.930517E+00	9.072697E+01
9.12606250000E+05	1.933229E+00	9.066573E+01
9.14475000000E+05	1.938171E+00	9.067326E+01
9.16343750000E+05	1.941581E+00	9.069999E+01
9.18212500000E+05	1.946762E+00	9.070105E+01
9.20081250000E+05	1.950908E+00	9.069376E+01
9.21950000000E+05	1.955025E+00	9.069454E+01
9.23818750000E+05	1.956954E+00	9.068729E+01
9.25687500000E+05	1.961459E+00	9.066975E+01
9.27556250000E+05	1.965265E+00	9.070974E+01
9.29425000000E+05	1.969610E+00	9.068999E+01
9.31293750000E+05	1.974944E+00	9.068848E+01
9.33162500000E+05	1.978595E+00	9.069678E+01
9.35031250000E+05	1.982906E+00	9.072498E+01
9.36900000000E+05	1.985426E+00	9.068427E+01
9.38768750000E+05	1.987465E+00	9.069254E+01
9.40637500000E+05	1.995637E+00	9.068405E+01
9.42506250000E+05	1.996398E+00	9.070033E+01
9.44375000000E+05	2.002774E+00	9.072492E+01
9.46243750000E+05	2.005860E+00	9.070694E+01
9.48112500000E+05	2.011279E+00	9.066755E+01
9.49981250000E+05	2.014596E+00	9.071212E+01
9.51850000000E+05	2.018736E+00	9.067400E+01
9.53718750000E+05	2.023458E+00	9.066122E+01
9.55587500000E+05	2.025167E+00	9.068800E+01
9.57456250000E+05	2.028841E+00	9.071977E+01
9.59325000000E+05	2.034589E+00	9.069981E+01
9.61193750000E+05	2.036349E+00	9.072165E+01
9.63062500000E+05	2.041743E+00	9.071185E+01
9.64931250000E+05	2.045161E+00	9.073035E+01
9.66800000000E+05	2.049534E+00	9.072197E+01
9.68668750000E+05	2.054586E+00	9.076721E+01
9.70537500000E+05	2.057245E+00	9.069746E+01
9.72406250000E+05	2.062687E+00	9.068291E+01
9.74275000000E+05	2.064283E+00	9.070052E+01
9.76143750000E+05	2.069444E+00	9.077511E+01
9.78012500000E+05	2.071949E+00	9.076810E+01
9.79881250000E+05	2.076832E+00	9.068877E+01
9.81750000000E+05	2.081545E+00	9.074656E+01
9.83618750000E+05	2.084120E+00	9.077698E+01
9.85487500000E+05	2.088254E+00	9.071902E+01
9.87356250000E+05	2.092665E+00	9.071863E+01
9.89225000000E+05	2.095877E+00	9.070520E+01
9.91093750000E+05	2.103438E+00	9.070320E+01
9.92962500000E+05	2.105414E+00	9.069550E+01
9.94831250000E+05	2.109711E+00	9.068592E+01
9.96700000000E+05	2.111982E+00	9.071750E+01
9.98568750000E+05	2.115217E+00	9.071885E+01
1.00043750000E+06	2.120455E+00	9.072521E+01
1.00230625000E+06	2.124561E+00	9.071008E+01
1.00417500000E+06	2.130010E+00	9.070509E+01
1.00604375000E+06	2.132481E+00	9.073546E+01
1.00791250000E+06	2.137320E+00	9.074812E+01
1.00978125000E+06	2.141091E+00	9.075281E+01
1.01165000000E+06	2.143941E+00	9.073150E+01
1.01351875000E+06	2.149746E+00	9.075269E+01
1.01538750000E+06	2.152538E+00	9.074332E+01
1.01725625000E+06	2.157197E+00	9.076768E+01
1.01912500000E+06	2.159702E+00	9.073724E+01
1.02099375000E+06	2.164092E+00	9.076951E+01
1.02286250000E+06	2.169301E+00	9.072135E+01
1.02473125000E+06	2.171737E+00	9.076260E+01
1.02660000000E+06	2.177080E+00	9.074234E+01
1.02846875000E+06	2.180119E+00	9.077695E+01
1.03033750000E+06	2.184624E+00	9.072879E+01
1.03220625000E+06	2.187948E+00	9.074321E+01
1.03407500000E+06	2.191110E+00	9.073618E+01
1.03594375000E+06	2.196204E+00	9.073294E+01
1.03781250000E+06	2.201709E+00	9.075108E+01
1.03968125000E+06	2.204658E+00	9.074551E+01
1.04155000000E+06	2.209332E+00	9.072832E+01
1.04341875000E+06	2.212258E+00	9.075268E+01
1.04528750000E+06	2.217118E+00	9.075113E+01
1.04715625000E+06	2.221417E+00	9.074123E+01
1.04902500000E+06	2.223005E+00	9.074758E+01
1.05089375000E+06	2.228755E+00	9.075431E+01
1.05276250000E+06	2.231668E+00	9.077238E+01
1.05463125000E+06	2.236303E+00	9.075178E+01
1.05650000000E+06	2.239834E+00	9.077976E+01
1.05836875000E+06	2.244844E+00	9.078482E+01
1.06023750000E+06	2.249592E+00	9.073763E+01
1.06210625000E+06	2.249874E+00	9.074779E+01
1.06397500000E+06	2.256543E+00	9.075815E+01
1.06584375000E+06	2.260765E+00	9.074634E+01
1.06771250000E+06	2.263907E+00	9.072507E+01
1.06958125000E+06	2.267534E+00	9.077016E+01
1.07145000000E+06	2.273059E+00	9.075952E+01
1.07331875000E+06	2.276472E+00	9.075954E+01
1.07518750000E+06	2.280358E+00	9.078296E+01
1.07705625000E+06	2.282658E+00	9.073747E+01
1.07892500000E+06	2.289284E+00	9.080387E+01
1.08079375000E+06	2.292963E+00	9.082285E+01
1.08266250000E+06	2.296811E+00	9.073432E+01
1.08453125000E+06	2.299410E+00	9.078305E+01
1.08640000000E+06	2.302860E+00	9.078554E+01
1.08826875000E+06	2.308555E+00	9.078767E+01
1.09013750000E+06	2.310033E+00	9.076551E+01
1.09200625000E+06	2.314761E+00	9.077920E+01
1.09387500000E+06	2.321110E+00	9.076897E+01
1.09574375000E+06	2.323796E+00	9.078224E+01
1.09761250000E+06	2.328139E+00	9.079097E+01
1.09948125000E+06	2.332340E+00	9.081661E+01
1.10135000000E+06	2.336648E+00	9.077788E+01
1.10321875000E+06	2.339012E+00	9.080661E+01
1.10508750000E+06	2.344811E+00	9.079175E+01
1.10695625000E+06	2.347508E+00	9.073025E+01
1.10882500000E+06	2.351739E+00	9.078159E+01
1.11069375000E+06	2.356415E+00	9.077657E+01
1.11256250000E+06	2.359676E+00	9.077225E+01
1.11443125000E+06	2.365702E+00	9.079620E+01
1.11630000000E+06	2.364930E+00	9.079673E+01
1.11816875000E+06	2.371400E+00	9.079263E+01
1.12003750000E+06	2.378377E+00	9.079488E+01
1.12190625000E+06	2.377893E+00	9.082984E+01
1.12377500000E+06	2.382873E+00	9.078212E+01
1.12564375000E+06	2.386040E+00	9.078072E+01
1.12751250000E+06	2.392565E+00	9.081578E+01
1.12938125000E+06	2.397617E+00	9.079685E+01
1.13125000000E+06	2.399050E+00	9.082157E+01
1.13311875000E+06	2.403157E+00	9.080412E+01
1.13498750000E+06	2.405859E+00	9.080421E+01
1.13685625000E+06	2.410761E+00	9.082150E+01
1.13872500000E+06	2.416289E+00	9.085678E+01
1.14059375000E+06	2.419057E+00	9.084789E+01
1.14246250000E+06	2.423285E+00	9.084488E+01
1.14433125000E+06	2.428145E+00	9.080970E+01
1.14620000000E+06	2.431246E+00	9.078292E+01
1.14806875000E+06	2.435929E+00	9.084767E+01
1.14993750000E+06	2.439335E+00	9.081187E+01
1.15180625000E+06	2.444659E+00	9.082132E+01
1.15367500000E+06	2.445201E+00	9.083636E+01
1.15554375000E+06	2.450135E+00	9.079513E+01
1.15741250000E+06	2.454326E+00	9.081007E+01
1.15928125000E+06	2.458914E+00	9.078540E+01
1.16115000000E+06	2.465543E+00	9.069170E+01
1.16301875000E+06	2.470222E+00	9.072826E+01
1.16488750000E+06	2.475956E+00	9.076401E+01
1.16675625000E+06	2.479263E+00	9.069046E+01
1.16862500000E+06	2.482208E+00	9.071313E+01
1.17049375000E+06	2.485843E+00	9.068918E+01
1.17236250000E+06	2.490114E+00	9.070423E+01
1.17423125000E+06	2.492929E+00	9.067697E+01
1.17610000000E+06	2.498544E+00	9.069169E+01
1.17796875000E+06	2.503820E+00	9.075621E+01
1.17983750000E+06	2.507237E+00	9.072683E+01
1.18170625000E+06	2.509704E+00	9.070791E+01
1.18357500000E+06	2.514291E+00	9.073884E+01
1.18544375000E+06	2.519338E+00	9.071478E+01
1.18731250000E+06	2.522375E+00	9.072367E+01
1.18918125000E+06	2.524271E+00	9.072822E+01
1.19105000000E+06	2.530494E+00	9.069481E+01
1.19291875000E+06	2.532698E+00	9.071409E+01
1.19478750000E+06	2.536222E+00	9.074553E+01
1.19665625000E+06	2.540837E+00	9.075277E+01
1.19852500000E+06	2.546513E+00	9.074889E+01
1.20039375000E+06	2.548139E+00	9.076830E+01
1.20226250000E+06	2.551159E+00	9.081087E+01
1.20413125000E+06	2.557834E+00	9.077882E+01
1.20600000000E+06	2.560856E+00	9.067510E+01
1.20786875000E+06	2.563705E+00	9.080478E+01
1.20973750000E+06	2.569448E+00	9.073537E+01
1.21160625000E+06	2.573925E+00	9.076839E+01
1.21347500000E+06	2.576288E+00	9.078095E+01
1.21534375000E+06	2.579266E+00	9.076795E+01
1.21721250000E+06	2.585648E+00	9.076514E+01
1.21908125000E+06	2.590420E+00	9.074873E+01
1.22095000000E+06	2.592868E+00	9.075542E+01
1.22281875000E+06	2.597468E+00	9.075739E+01
1.22468750000E+06	2.601909E+00	9.077564E+01
1.22655625000E+06	2.603514E+00	9.079758E+01
1.22842500000E+06	2.609528E+00	9.082526E+01
1.23029375000E+06	2.615519E+00	9.078403E+01
1.23216250000E+06	2.616713E+00	9.074244E+01
1.23403125000E+06	2.620900E+00	9.077407E+01
1.23590000000E+06	2.625086E+00	9.075971E+01
1.23776875000E+06	2.629878E+00	9.077477E+01
1.23963750000E+06	2.632625E+00	9.076801E+01
1.24150625000E+06	2.639630E+00	9.071423E+01
1.24337500000E+06	2.642436E+00	9.075295E+01
1.24524375000E+06	2.643838E+00	9.080133E+01
1.24711250000E+06	2.650637E+00	9.078477E+01
1.24898125000E+06	2.653925E+00	9.081089E+01
1.25085000000E+06	2.658369E+00	9.079520E+01
1.25271875000E+06	2.661517E+00	9.079956E+01
1.25458750000E+06	2.664479E+00	9.074005E+01
1.25645625000E+06	2.670271E+00	9.077564E+01
1.25832500000E+06	2.671350E+00	9.081496E+01
1.26019375000E+06	2.678684E+00	9.078746E+01
1.26206250000E+06	2.681968E+00	9.075965E+01
1.26393125000E+06	2.685438E+00	9.077505E+01
1.26580000000E+06	2.690283E+00	9.079150E+01
1.26766875000E+06	2.693471E+00	9.078157E+01
1.26953750000E+06	2.698773E+00	9.084228E+01
1.27140625000E+06	2.700690E+00	9.081124E+01
1.27327500000E+06	2.706711E+00	9.077528E+01
1.27514375000E+06	2.711268E+00	9.077319E+01
1.27701250000E+06	2.711367E+00	9.077384E+01
1.27888125000E+06	2.716307E+00	9.079591E+01
1.28075000000E+06	2.722404E+00	9.077762E+01
1.28261875000E+06	2.724133E+00	9.078249E+01
1.28448750000E+06	2.730368E+00	9.079729E+01
1.28635625000E+06	2.731837E+00	9.079629E+01
1.28822500000E+06	2.735775E+00	9.080807E+01
1.29009375000E+06	2.740445E+00	9.076883E+01
1.29196250000E+06	2.744475E+00	9.074339E+01
1.29383125000E+06	2.747483E+00	9.078979E+01
1.29570000000E+06	2.751343E+00	9.079155E+01
1.29756875000E+06	2.755720E+00	9.078718E+01
1.29943750000E+06	2.760052E+00	9.078040E+01
1.30130625000E+06	2.763387E+00	9.078655E+01
1.30317500000E+06	2.769529E+00	9.076852E+01
1.30504375000E+06	2.772060E+00	9.079034E+01
1.30691250000E+06	2.777781E+00	9.078566E+01
1.30878125000E+06	2.780177E+00	9.081589E+01
1.31065000000E+06	2.782876E+00	9.079732E+01
1.31251875000E+06	2.788929E+00	9.082168E+01
1.31438750000E+06	2.793692E+00	9.075597E+01
1.31625625000E+06	2.796577E+00	9.077885E+01
1.31812500000E+06	2.799025E+00	9.076244E+01
1.31999375000E+06	2.805242E+00	9.082562E+01
1.32186250000E+06	2.807626E+00	9.083744E+01
1.32373125000E+06	2.813588E+00	9.080775E+01
1.32560000000E+06	2.816513E+00	9.079369E+01
1.32746875000E+06	2.819931E+00	9.080454E+01
1.32933750000E+06	2.825381E+00	9.079462E+01
1.33120625000E+06	2.826943E+00	9.080593E+01
1.33307500000E+06	2.832433E+00	9.078912E+01
1.33494375000E+06	2.835936E+00	9.073881E+01
1.33681250000E+06	2.840863E+00	9.077409E+01
1.33868125000E+06	2.842822E+00	9.081059E+01
1.34055000000E+06	2.848814E+00	9.076975E+01
1.34241875000E+06	2.853115E+00	9.079805E+01
1.34428750000E+06	2.857524E+00	9.079415E+01
1.34615625000E+06	2.859324E+00	9.080026E+01
1.34802500000E+06	2.863259E+00	9.079043E+01
1.34989375000E+06	2.867602E+00	9.084766E+01
1.35176250000E+06	2.872233E+00	9.077433E+01
1.35363125000E+06	2.876022E+00	9.081161E+01
1.35550000000E+06	2.882662E+00	9.082122E+01
1.35736875000E+06	2.882513E+00	9.078211E+01
1.35923750000E+06	2.887966E+00	9.080387E+01
1.36110625000E+06	2.891577E+00	9.081456E+01
1.36297500000E+06	2.893698E+00	9.085729E+01
1.36484375000E+06	2.900967E+00	9.080420E+01
1.36671250000E+06	2.903322E+00	9.080153E+01
1.36858125000E+06	2.907434E+00	9.080679E+01
1.37045000000E+06	2.910452E+00	9.079419E+01
1.37231875000E+06	2.917436E+00	9.081962E+01
1.37418750000E+06	2.922113E+00	9.086108E+01
1.37605625000E+06	2.926646E+00	9.084879E+01
1.37792500000E+06	2.928512E+00	9.082082E+01
1.37979375000E+06	2.932204E+00	9.080373E+01
1.38166250000E+06	2.936655E+00	9.081975E+01
1.38353125000E+06	2.938761E+00	9.083286E+01
1.38540000000E+06	2.941743E+00	9.080717E+01
1.38726875000E+06	2.947633E+00	9.081360E+01
1.38913750000E+06	2.950450E+00	9.086555E+01
1.39100625000E+06	2.955778E+00	9.079078E+01
1.39287500000E+06	2.961256E+00	9.082716E+01
1.39474375000E+06	2.963590E+00	9.084567E+01
1.39661250000E+06	2.968451E+00	9.080881E+01
1.39848125000E+06	2.970527E+00	9.086419E+01
1.40035000000E+06	2.975980E+00	9.082693E+01
1.40221875000E+06	2.980565E+00	9.079541E+01
1.40408750000E+06	2.982869E+00	9.082639E+01
1.40595625000E+06	2.991434E+00	9.084395E+01
1.40782500000E+06	2.992223E+00	9.080858E+01
1.40969375000E+06	2.997842E+00	9.086469E+01
1.41156250000E+06	3.000519E+00	9.087311E+01
1.41343125000E+06	3.002369E+00	9.086105E+01
1.41530000000E+06	3.008995E+00	9.086303E+01
1.41716875000E+06	3.012413E+00	9.083009E+01
1.41903750000E+06	3.014923E+00	9.081861E+01
1.42090625000E+06	3.019501E+00	9.081261E+01
1.42277500000E+06	3.022107E+00	9.079074E+01
1.42464375000E+06	3.027830E+00	9.084217E+01
1.42651250000E+06	3.032305E+00	9.081556E+01
1.42838125000E+06	3.034549E+00	9.083279E+01
1.43025000000E+06	3.040321E+00	9.082266E+01
1.43211875000E+06	3.043735E+00	9.083911E+01
1.43398750000E+06	3.050046E+00	9.085049E+01
1.43585625000E+06	3.052552E+00	9.080318E+01
1.43772500000E+06	3.056552E+00	9.079621E+01
1.43959375000E+06	3.060981E+00	9.081495E+01
1.44146250000E+06	3.063197E+00	9.082961E+01
1.44333125000E+06	3.069735E+00	9.086482E+01
1.44520000000E+06	3.071164E+00	9.083556E+01
1.44706875000E+06	3.074726E+00	9.082436E+01
1.44893750000E+06	3.079195E+00	9.084126E+01
1.45080625000E+06	3.085260E+00	9.086159E+01
1.45267500000E+06	3.090278E+00	9.087223E+01
1.45454375000E+06	3.093792E+00	9.084441E+01
1.45641250000E+06	3.097770E+00	9.085140E+01
1.45828125000E+06	3.098991E+00	9.083130E+01
1.46015000000E+06	3.104146E+00	9.087277E+01
1.46201875000E+06	3.105037E+00	9.085689E+01
1.46388750000E+06	3.111961E+00	9.085396E+01
1.46575625000E+06	3.116610E+00	9.086092E+01
1.46762500000E+06	3.120543E+00	9.086088E+01
1.46949375000E+06	3.124183E+00	9.083695E+01
1.47136250000E+06	3.127858E+00	9.085571E+01
1.47323125000E+06	3.131885E+00	9.091185E+01
1.47510000000E+06	3.136425E+00	9.085261E+01
1.47696875000E+06	3.141646E+00	9.081770E+01
1.47883750000E+06	3.145203E+00	9.085823E+01
1.48070625000E+06	3.147781E+00	9.086039E+01
1.48257500000E+06	3.152303E+00	9.084673E+01
1.48444375000E+06	3.154998E+00	9.085676E+01
1.48631250000E+06	3.162715E+00	9.086073E+01
1.48818125000E+06	3.162455E+00	9.089095E+01
1.49005000000E+06	3.170177E+00	9.084475E+01
1.49191875000E+06	3.171400E+00	9.085868E+01
1.49378750000E+06	3.176277E+00	9.086313E+01
1.49565625000E+06	3.180610E+00	9.084688E+01
1.49752500000E+06	3.183288E+00	9.079924E+01
1.49939375000E+06	3.187749E+00	9.084564E+01
1.50126250000E+06	3.192447E+00	9.086201E+01
1.50313125000E+06	3.197721E+00	9.084167E+01
1.50500000000E+06	3.199060E+00	9.084731E+01
1.50686875000E+06	3.202955E+00	9.084169E+01
1.50873750000E+06	3.206233E+00	9.087543E+01
1.51060625000E+06	3.212656E+00	9.089277E+01
1.51247500000E+06	3.214577E+00	9.083978E+01
1.51434375000E+06	3.220746E+00	9.085732E+01
1.51621250000E+06	3.223172E+00	9.087037E+01
1.51808125000E+06	3.226442E+00	9.084925E+01
1.51995000000E+06	3.234403E+00	9.083336E+01
1.52181875000E+06	3.236405E+00	9.086045E+01
1.52368750000E+06	3.239505E+00	9.085517E+01
1.52555625000E+06	3.243834E+00	9.088081E+01
1.52742500000E+06	3.248657E+00	9.086353E+01
1.52929375000E+06	3.251701E+00	9.087225E+01
1.53116250000E+06	3.258247E+00	9.087189E+01
1.53303125000E+06	3.258839E+00	9.085391E+01
1.53490000000E+06	3.262381E+00	9.090018E+01
1.53676875000E+06	3.267448E+00	9.090211E+01
1.53863750000E+06	3.272961E+00	9.086634E+01
1.54050625000E+06	3.275750E+00	9.083534E+01
1.54237500000E+06	3.278322E+00	9.087495E+01
1.54424375000E+06	3.282421E+00	9.089202E+01
1.54611250000E+06	3.286118E+00	9.084150E+01
1.54798125000E+06	3.289736E+00	9.087875E+01
1.54985000000E+06	3.299200E+00	9.087864E+01
1.55171875000E+06	3.299392E+00	9.088067E+01
1.55358750000E+06	3.304584E+00	9.089194E+01
1.55545625000E+06	3.310589E+00	9.086077E+01
1.55732500000E+06	3.313583E+00	9.089597E+01
1.55919375000E+06	3.316087E+00	9.086912E+01
1.56106250000E+06	3.321161E+00	9.093826E+01
1.56293125000E+06	3.323000E+00	9.083136E+01
1.56480000000E+06	3.326283E+00	9.088519E+01
1.56666875000E+06	3.333397E+00	9.090617E+01
1.56853750000E+06	3.336513E+00	9.090223E+01
1.57040625000E+06	3.340089E+00	9.086599E+01
1.57227500000E+06	3.345198E+00	9.088912E+01
1.57414375000E+06	3.346850E+00	9.089666E+01
1.57601250000E+06	3.351864E+00	9.093987E+01
1.57788125000E+06	3.354752E+00	9.088893E+01
1.57975000000E+06	3.360254E+00	9.086327E+01
1.58161875000E+06	3.363446E+00	9.088300E+01
1.58348750000E+06	3.368735E+00	9.091644E+01
1.58535625000E+06	3.372436E+00	9.086152E+01
1.58722500000E+06	3.376992E+00	9.088442E+01
1.58909375000E+06	3.381104E+00	9.088551E+01
1.59096250000E+06	3.383786E+00	9.091293E+01
1.59283125000E+06	3.388644E+00	9.091265E+01
1.59470000000E+06	3.393251E+00	9.090533E+01
1.59656875000E+06	3.396878E+00	9.087562E+01
1.59843750000E+06	3.399533E+00	9.091850E+01
1.60030625000E+06	3.403725E+00	9.089179E+01
1.60217500000E+06	3.408132E+00	9.089299E+01
1.60404375000E+06	3.411611E+00	9.086823E+01
1.60591250000E+06	3.416142E+00	9.090540E+01
1.60778125000E+06	3.419975E+00	9.091987E+01
1.60965000000E+06	3.425297E+00	9.093666E+01
1.61151875000E+06	3.427461E+00	9.089230E+01
1.61338750000E+06	3.431180E+00	9.088466E+01
1.61525625000E+06	3.435440E+00	9.086621E+01
1.61712500000E+06	3.438644E+00	9.095337E+01
1.61899375000E+06	3.445276E+00	9.086537E+01
1.62086250000E+06	3.446825E+00	9.093553E+01
1.62273125000E+06	3.451230E+00	9.088651E+01
1.62460000000E+06	3.455786E+00	9.089799E+01
1.62646875000E+06	3.460351E+00	9.091265E+01
1.62833750000E+06	3.464116E+00	9.090571E+01
1.63020625000E+06	3.470897E+00	9.094605E+01
1.63207500000E+06	3.473044E+00	9.091830E+01
1.63394375000E+06	3.475613E+00	9.089300E+01
1.63581250000E+06	3.481916E+00	9.093083E+01
1.63768125000E+06	3.486507E+00	9.091478E+01
1.63955000000E+06	3.487154E+00	9.092045E+01
1.64141875000E+06	3.491014E+00	9.090069E+01
1.64328750000E+06	3.497128E+00	9.093278E+01
1.64515625000E+06	3.499787E+00	9.086712E+01
1.64702500000E+06	3.501793E+00	9.092390E+01
1.64889375000E+06	3.508801E+00	9.093043E+01
1.65076250000E+06	3.514449E+00	9.091720E+01
1.65263125000E+06	3.515325E+00	9.089494E+01
1.65450000000E+06	3.521035E+00	9.092311E+01
1.65636875000E+06	3.523721E+00	9.091293E+01
1.65823750000E+06	3.528010E+00	9.093797E+01
1.66010625000E+06	3.530164E+00	9.093290E+01
1.66197500000E+06	3.535241E+00	9.090026E+01
1.66384375000E+06	3.542325E+00	9.091903E+01
1.66571250000E+06	3.545086E+00	9.093733E+01
1.66758125000E+06	3.547723E+00	9.092339E+01
1.66945000000E+06	3.552599E+00	9.091450E+01
1.67131875000E+06	3.556480E+00	9.090892E+01
1.67318750000E+06	3.558592E+00	9.092958E+01
1.67505625000E+06	3.564411E+00	9.094008E+01
1.67692500000E+06	3.569196E+00	9.096707E+01
1.67879375000E+06	3.572195E+00	9.094566E+01
1.68066250000E+06	3.577407E+00	9.089312E+01
1.68253125000E+06	3.577981E+00	9.092797E+01
1.68440000000E+06	3.582713E+00	9.089847E+01
1.68626875000E+06	3.589215E+00	9.089835E+01
1.68813750000E+06	3.592440E+00	9.094745E+01
1.69000625000E+06	3.598469E+00	9.091888E+01
1.69187500000E+06	3.598509E+00	9.092179E+01
1.69374375000E+06	3.604565E+00	9.091228E+01
1.69561250000E+06	3.606272E+00	9.095178E+01
1.69748125000E+06	3.610649E+00	9.091696E+01
1.69935000000E+06	3.613806E+00	9.089712E+01
1.70121875000E+06	3.617393E+00	9.096778E+01
1.70308750000E+06	3.625388E+00	9.095190E+01
1.70495625000E+06	3.628561E+00	9.095431E+01
1.70682500000E+06	3.634007E+00	9.093612E+01
1.70869375000E+06	3.635631E+00	9.090686E+01
1.71056250000E+06	3.641055E+00	9.092899E+01
1.71243125000E+06	3.644123E+00	9.094884E+01
1.71430000000E+06	3.647943E+00	9.094655E+01
1.71616875000E+06	3.651993E+00	9.091689E+01
1.71803750000E+06	3.657822E+00	9.093700E+01
1.71990625000E+06	3.659185E+00	9.093776E+01
1.72177500000E+06	3.661981E+00	9.093793E+01
1.72364375000E+06	3.668874E+00	9.093605E+01
1.72551250000E+06	3.674367E+00	9.094514E+01
1.72738125000E+06	3.673906E+00	9.096506E+01
1.72925000000E+06	3.678450E+00	9.092163E+01
1.73111875000E+06	3.683618E+00	9.098554E+01
1.73298750000E+06	3.688607E+00	9.095286E+01
1.73485625000E+06	3.691985E+00	9.095624E+01
1.73672500000E+06	3.694960E+00	9.096928E+01
1.73859375000E+06	3.701203E+00	9.093889E+01
1.74046250000E+06	3.704050E+00	9.093940E+01
1.74233125000E+06	3.706348E+00	9.095201E+01
1.74420000000E+06	3.710860E+00	9.093806E+01
1.74606875000E+06	3.716678E+00	9.092959E+01
1.74793750000E+06	3.720308E+00	9.096331E+01
1.74980625000E+06	3.725187E+00	9.093307E+01
1.75167500000E+06	3.727995E+00	9.096875E+01
1.75354375000E+06	3.733181E+00	9.095569E+01
1.75541250000E+06	3.736670E+00	9.094709E+01
1.75728125000E+06	3.738930E+00	9.096421E+01
1.75915000000E+06	3.743031E+00	9.094902E+01
1.76101875000E+06	3.746750E+00	9.096464E+01
1.76288750000E+06	3.751070E+00	9.094523E+01
1.76475625000E+06	3.754390E+00	9.094158E+01
1.76662500000E+06	3.760720E+00	9.095026E+01
1.76849375000E+06	3.765014E+00	9.095238E+01
1.77036250000E+06	3.770534E+00	9.095187E+01
1.77223125000E+06	3.770544E+00	9.093689E+01
1.77410000000E+06	3.777323E+00	9.096629E+01
1.77596875000E+06	3.780209E+00	9.094474E+01
1.77783750000E+06	3.784254E+00	9.096899E+01
1.77970625000E+06	3.789152E+00	9.096472E+01
1.78157500000E+06	3.792059E+00	9.097585E+01
1.78344375000E+06	3.794258E+00	9.093742E+01
1.78531250000E+06	3.800046E+00	9.098131E+01
1.78718125000E+06	3.804108E+00	9.098947E+01
1.78905000000E+06	3.810043E+00	9.094399E+01
1.79091875000E+06	3.814569E+00	9.091936E+01
1.79278750000E+06	3.818068E+00	9.095683E+01
1.79465625000E+06	3.820236E+00	9.094665E+01
1.79652500000E+06	3.826623E+00	9.096243E+01
1.79839375000E+06	3.828626E+00	9.097433E+01
1.80026250000E+06	3.832154E+00	9.096736E+01
1.80213125000E+06	3.837064E+00	9.097356E+01
1.80400000000E+06	3.839775E+00	9.097121E+01
1.80586875000E+06	3.844929E+00	9.096327E+01
1.80773750000E+06	3.848673E+00	9.096794E+01
1.80960625000E+06	3.853626E+00	9.096069E+01
1.81147500000E+06	3.858468E+00	9.096015E+01
1.81334375000E+06	3.860128E+00	9.097394E+01
1.81521250000E+06	3.864315E+00	9.099348E+01
1.81708125000E+06	3.866797E+00	9.098819E+01
1.81895000000E+06	3.875591E+00	9.100195E+01
1.82081875000E+06	3.878105E+00	9.095160E+01
1.82268750000E+06	3.879901E+00	9.098225E+01
1.82455625000E+06	3.887433E+00	9.101135E+01
1.82642500000E+06	3.890123E+00	9.099075E+01
1.82829375000E+06	3.895530E+00	9.098907E+01
1.83016250000E+06	3.898849E+00	9.098859E+01
1.83203125000E+06	3.905457E+00	9.097112E+01
1.83390000000E+06	3.905762E+00	9.093831E+01
1.83576875000E+06	3.910984E+00	9.097344E+01
1.83763750000E+06	3.914695E+00	9.097337E+01
1.83950625000E+06	3.917336E+00	9.096533E+01
1.84137500000E+06	3.925091E+00	9.097385E+01
1.84324375000E+06	3.928247E+00	9.095857E+01
1.84511250000E+06	3.929095E+00	9.096336E+01
1.84698125000E+06	3.934253E+00	9.095515E+01
1.84885000000E+06	3.935804E+00	9.097273E+01
1.85071875000E+06	3.940852E+00	9.091008E+01
1.85258750000E+06	3.946005E+00	9.096737E+01
1.85445625000E+06	3.947816E+00	9.095680E+01
1.85632500000E+06	3.954346E+00	9.096629E+01
1.85819375000E+06	3.957925E+00	9.097726E+01
1.86006250000E+06	3.962728E+00	9.098714E+01
1.86193125000E+06	3.964815E+00	9.098597E+01
1.86380000000E+06	3.968975E+00	9.095703E+01
1.86566875000E+06	3.974461E+00	9.093835E+01
1.86753750000E+06	3.977114E+00	9.095457E+01
1.86940625000E+06	3.981458E+00	9.096261E+01
1.87127500000E+06	3.985000E+00	9.099240E+01
1.87314375000E+06	3.990456E+00	9.094485E+01
1.87501250000E+06	3.993425E+00	9.097346E+01
1.87688125000E+06	3.998518E+00	9.097115E+01
1.87875000000E+06	4.004228E+00	9.097536E+01
1.88061875000E+06	4.005720E+00	9.097141E+01
1.88248750000E+06	4.009301E+00	9.095010E+01
1.88435625000E+06	4.013705E+00	9.097933E+01
1.88622500000E+06	4.016600E+00	9.096585E+01
1.88809375000E+06	4.022138E+00	9.098076E+01
1.88996250000E+06	4.024818E+00	9.098876E+01
1.89183125000E+06	4.027470E+00	9.096894E+01
1.89370000000E+06	4.036449E+00	9.093839E+01
1.89556875000E+06	4.037538E+00	9.096484E+01
1.89743750000E+06	4.041213E+00	9.097545E+01
1.89930625000E+06	4.045577E+00	9.097506E+01
1.90117500000E+06	4.049894E+00	9.097442E+01
1.90304375000E+06	4.053084E+00	9.096285E+01
1.90491250000E+06	4.056036E+00	9.098251E+01
1.90678125000E+06	4.061801E+00	9.098921E+01
1.90865000000E+06	4.065733E+00	9.097282E+01
1.91051875000E+06	4.069086E+00	9.096423E+01
1.91238750000E+06	4.073419E+00	9.096304E+01
1.91425625000E+06	4.076920E+00	9.098713E+01
1.91612500000E+06	4.081171E+00	9.095579E+01
1.91799375000E+06	4.086476E+00	9.098786E+01
1.91986250000E+06	4.091527E+00	9.097256E+01
1.92173125000E+06	4.092712E+00	9.096182E+01
1.92360000000E+06	4.095583E+00	9.099155E+01
1.92546875000E+06	4.101326E+00	9.099146E+01
1.92733750000E+06	4.105730E+00	9.098920E+01
1.92920625000E+06	4.110673E+00	9.099054E+01
1.93107500000E+06	4.113587E+00	9.098051E+01
1.93294375000E+06	4.117691E+00	9.100394E+01
1.93481250000E+06	4.122831E+00	9.100530E+01
1.93668125000E+06	4.126435E+00	9.097340E+01
1.93855000000E+06	4.130413E+00	9.095247E+01
1.94041875000E+06	4.132981E+00	9.096978E+01
1.94228750000E+06	4.135644E+00	9.097371E+01
1.94415625000E+06	4.141629E+00	9.097739E+01
1.94602500000E+06	4.144602E+00	9.099395E+01
1.94789375000E+06	4.148654E+00	9.099512E+01
1.94976250000E+06	4.154395E+00	9.101402E+01
1.95163125000E+06	4.159195E+00	9.100517E+01
1.95350000000E+06	4.164251E+00	9.095129E+01
1.95536875000E+06	4.166584E+00	9.097649E+01
1.95723750000E+06	4.171460E+00	9.098447E+01
1.95910625000E+06	4.173806E+00	9.099786E+01
1.96097500000E+06	4.178864E+00	9.098181E+01
1.96284375000E+06	4.180030E+00	9.099009E+01
1.96471250000E+06	4.184223E+00	9.098496E+01
1.96658125000E+06	4.190344E+00	9.100027E+01
1.96845000000E+06	4.194858E+00	9.101700E+01
1.97031875000E+06	4.196953E+00	9.102341E+01
1.97218750000E+06	4.199427E+00	9.101460E+01
1.97405625000E+06	4.206806E+00	9.098819E+01
1.97592500000E+06	4.209683E+00	9.097829E+01
1.97779375000E+06	4.214187E+00	9.096373E+01
1.97966250000E+06	4.217422E+00	9.097993E+01
1.98153125000E+06	4.221983E+00	9.098867E+01
1.98340000000E+06	4.227712E+00	9.101309E+01
1.98526875000E+06	4.228919E+00	9.100481E+01
1.98713750000E+06	4.234675E+00	9.100521E+01
1.98900625000E+06	4.237725E+00	9.097928E+01
1.99087500000E+06	4.244054E+00	9.101369E+01
1.99274375000E+06	4.245756E+00	9.102371E+01
1.99461250000E+06	4.250108E+00	9.099258E+01
1.99648125000E+06	4.253411E+00	9.103963E+01
1.99835000000E+06	4.262251E+00	9.099527E+01
2.00021875000E+06	4.263708E+00	9.102412E+01
2.00208750000E+06	4.263318E+00	9.101377E+01
2.00395625000E+06	4.271129E+00	9.097328E+01
2.00582500000E+06	4.274218E+00	9.100423E+01
2.00769375000E+06	4.277752E+00	9.101311E+01
2.00956250000E+06	4.280165E+00	9.102429E+01
2.01143125000E+06	4.286376E+00	9.104697E+01
2.01330000000E+06	4.287968E+00	9.101391E+01
2.01516875000E+06	4.295862E+00	9.102158E+01
2.01703750000E+06	4.299100E+00	9.096280E+01
2.01890625000E+06	4.301949E+00	9.097488E+01
2.02077500000E+06	4.305673E+00	9.100184E+01
2.02264375000E+06	4.310527E+00	9.101765E+01
2.02451250000E+06	4.314321E+00	9.100586E+01
2.02638125000E+06	4.318745E+00	9.100923E+01
2.02825000000E+06	4.320368E+00	9.102283E+01
2.03011875000E+06	4.328524E+00	9.101860E+01
2.03198750000E+06	4.326220E+00	9.099791E+01
2.03385625000E+06	4.333413E+00	9.102715E+01
2.03572500000E+06	4.334901E+00	9.102450E+01
2.03759375000E+06	4.340380E+00	9.099407E+01
2.03946250000E+06	4.347211E+00	9.102769E+01
2.04133125000E+06	4.349985E+00	9.099805E+01
2.04320000000E+06	4.353956E+00	9.103001E+01
2.04506875000E+06	4.358429E+00	9.104338E+01
2.04693750000E+06	4.362340E+00	9.103550E+01
2.04880625000E+06	4.366392E+00	9.102616E+01
2.05067500000E+06	4.370682E+00	9.102211E+01
2.05254375000E+06	4.373587E+00	9.103450E+01
2.05441250000E+06	4.377755E+00	9.100833E+01
2.05628125000E+06	4.383157E+00	9.101213E+01
2.05815000000E+06	4.386984E+00	9.103798E+01
2.06001875000E+06	4.390235E+00	9.101456E+01
2.06188750000E+06	4.395486E+00	9.100101E+01
2.06375625000E+06	4.399434E+00	9.101604E+01
2.06562500000E+06	4.402723E+00	9.101775E+01
2.06749375000E+06	4.406513E+00	9.105573E+01
2.06936250000E+06	4.410712E+00	9.102530E+01
2.07123125000E+06	4.414997E+00	9.101483E+01
2.07310000000E+06	4.418470E+00	9.103234E+01
2.07496875000E+06	4.422510E+00	9.103271E+01
2.07683750000E+06	4.427265E+00	9.104431E+01
2.07870625000E+06	4.430323E+00	9.101080E+01
2.08057500000E+06	4.434272E+00	9.103093E+01
2.08244375000E+06	4.438079E+00	9.103353E+01
2.08431250000E+06	4.441637E+00	9.100667E+01
2.08618125000E+06	4.446853E+00	9.102880E+01
2.08805000000E+06	4.450327E+00	9.103790E+01
2.08991875000E+06	4.454021E+00	9.101630E+01
2.09178750000E+06	4.458350E+00	9.102861E+01
2.09365625000E+06	4.461739E+00	9.102054E+01
2.09552500000E+06	4.467281E+00	9.102821E+01
2.09739375000E+06	4.470791E+00	9.103247E+01
2.09926250000E+06	4.475936E+00	9.106989E+01
2.10113125000E+06	4.478418E+00	9.104616E+01
2.10300000000E+06	4.482879E+00	9.106197E+01
2.10486875000E+06	4.485545E+00	9.103341E+01
2.10673750000E+06	4.492451E+00	9.104038E+01
2.10860625000E+06	4.493903E+00	9.100849E+01
2.11047500000E+06	4.500587E+00	9.107047E+01
2.11234375000E+06	4.502953E+00	9.102695E+01
2.11421250000E+06	4.506364E+00	9.103358E+01
2.11608125000E+06	4.511193E+00	9.105100E+01
2.11795000000E+06	4.516338E+00	9.104037E+01
2.11981875000E+06	4.519938E+00	9.105634E+01
2.12168750000E+06	4.522847E+00	9.102989E+01
2.12355625000E+06	4.525229E+00	9.103861E+01
2.12542500000E+06	4.531647E+00	9.104740E+01
2.12729375000E+06	4.535096E+00	9.106359E+01
2.12916250000E+06	4.540760E+00	9.102935E+01
2.13103125000E+06	4.542456E+00	9.104370E+01
2.13290000000E+06	4.547224E+00	9.104831E+01
2.13476875000E+06	4.552877E+00	9.103355E+01
2.13663750000E+06	4.554965E+00	9.104651E+01
2.13850625000E+06	4.560014E+00	9.105566E+01
2.14037500000E+06	4.564829E+00	9.102767E+01
2.14224375000E+06	4.568522E+00	9.104623E+01
2.14411250000E+06	4.572102E+00	9.104757E+01
2.14598125000E+06	4.572795E+00	9.105405E+01
2.14785000000E+06	4.580928E+00	9.105462E+01
2.14971875000E+06	4.583992E+00	9.102732E+01
2.15158750000E+06	4.588023E+00	9.106747E+01
2.15345625000E+06	4.592119E+00	9.106110E+01
2.15532500000E+06	4.595412E+00	9.104593E+01
2.15719375000E+06	4.600113E+00	9.106905E+01
2.15906250000E+06	4.603359E+00	9.105840E+01
2.16093125000E+06	4.609869E+00	9.106351E+01
2.16280000000E+06	4.611172E+00	9.103748E+01
2.16466875000E+06	4.615419E+00	9.106683E+01
2.16653750000E+06	4.617078E+00	9.107610E+01
2.16840625000E+06	4.624053E+00	9.107281E+01
2.17027500000E+06	4.625977E+00	9.103896E+01
2.17214375000E+06	4.633224E+00	9.107536E+01
2.17401250000E+06	4.636316E+00	9.105411E+01
2.17588125000E+06	4.642329E+00	9.109811E+01
2.17775000000E+06	4.646229E+00	9.103955E+01
2.17961875000E+06	4.647307E+00	9.104935E+01
2.18148750000E+06	4.651366E+00	9.105418E+01
2.18335625000E+06	4.655982E+00	9.104393E+01
2.18522500000E+06	4.660111E+00	9.103497E+01
2.18709375000E+06	4.665336E+00	9.105170E+01
2.18896250000E+06	4.670101E+00	9.106524E+01
2.19083125000E+06	4.673647E+00	9.107577E+01
2.19270000000E+06	4.676338E+00	9.107394E+01
2.19456875000E+06	4.678514E+00	9.104628E+01
2.19643750000E+06	4.681366E+00	9.106470E+01
2.19830625000E+06	4.688446E+00	9.108139E+01
2.20017500000E+06	4.693715E+00	9.107410E+01
2.20204375000E+06	4.694072E+00	9.103795E+01
2.20391250000E+06	4.701416E+00	9.107052E+01
2.20578125000E+06	4.707098E+00	9.108573E+01
2.20765000000E+06	4.707058E+00	9.108199E+01
2.20951875000E+06	4.715359E+00	9.107256E+01
2.21138750000E+06	4.717044E+00	9.108324E+01
2.21325625000E+06	4.722651E+00	9.107809E+01
2.21512500000E+06	4.726954E+00	9.103315E+01
2.21699375000E+06	4.728452E+00	9.108768E+01
2.21886250000E+06	4.733470E+00	9.103496E+01
2.22073125000E+06	4.735318E+00	9.105347E+01
2.22260000000E+06	4.737072E+00	9.108105E+01
2.22446875000E+06	4.746819E+00	9.108623E+01
2.22633750000E+06	4.750003E+00	9.105464E+01
2.22820625000E+06	4.751891E+00	9.106574E+01
2.23007500000E+06	4.756998E+00	9.106525E+01
2.23194375000E+06	4.763333E+00	9.103822E+01
2.23381250000E+06	4.762747E+00	9.107370E+01
2.23568125000E+06	4.770352E+00	9.109025E+01
2.23755000000E+06	4.773979E+00	9.106364E+01
2.23941875000E+06	4.777712E+00	9.107891E+01
2.24128750000E+06	4.781391E+00	9.107447E+01
2.24315625000E+06	4.785303E+00	9.110314E+01
2.24502500000E+06	4.790050E+00	9.107584E+01
2.24689375000E+06	4.794213E+00	9.104970E+01
2.24876250000E+06	4.798220E+00	9.108261E+01
2.25063125000E+06	4.802629E+00	9.107231E+01
2.25250000000E+06	4.806375E+00	9.107148E+01
2.25436875000E+06	4.810522E+00	9.106969E+01
2.25623750000E+06	4.813038E+00	9.107662E+01
2.25810625000E+06	4.817915E+00	9.107694E+01
2.25997500000E+06	4.822612E+00	9.109719E+01
2.26184375000E+06	4.825926E+00	9.107231E+01
2.26371250000E+06	4.832709E+00	9.107390E+01
2.26558125000E+06	4.833278E+00	9.110199E+01
2.26745000000E+06	4.838677E+00	9.108244E+01
2.26931875000E+06	4.842503E+00	9.109610E+01
2.27118750000E+06	4.844936E+00	9.110023E+01
2.27305625000E+06	4.851701E+00	9.108901E+01
2.27492500000E+06	4.856376E+00	9.107953E+01
2.27679375000E+06	4.858249E+00	9.107348E+01
2.27866250000E+06	4.860259E+00	9.106757E+01
2.28053125000E+06	4.867093E+00	9.106942E+01
2.28240000000E+06	4.871315E+00	9.109103E+01
2.28426875000E+06	4.876311E+00	9.109983E+01
2.28613750000E+06	4.877922E+00	9.107835E+01
2.28800625000E+06	4.882352E+00	9.109820E+01
2.28987500000E+06	4.885297E+00	9.108457E+01
2.29174375000E+06	4.890453E+00	9.109365E+01
2.29361250000E+06	4.894248E+00	9.108743E+01
2.29548125000E+06	4.899291E+00	9.109937E+01
2.29735000000E+06	4.904011E+00	9.109245E+01
2.29921875000E+06	4.905535E+00	9.109770E+01
2.30108750000E+06	4.910779E+00	9.111092E+01
2.30295625000E+06	4.915081E+00	9.108904E+01
2.30482500000E+06	4.919226E+00	9.110269E+01
2.30669375000E+06	4.923745E+00	9.110625E+01
2.30856250000E+06	4.925953E+00	9.111292E+01
2.31043125000E+06	4.931715E+00	9.107635E+01
2.31230000000E+06	4.934618E+00	9.108036E+01
2.31416875000E+06	4.940458E+00	9.110287E+01
2.31603750000E+06	4.943260E+00	9.109950E+01
2.31790625000E+06	4.949079E+00	9.109378E+01
2.31977500000E+06	4.952607E+00	9.112614E+01
2.32164375000E+06	4.956672E+00	9.107541E+01
2.32351250000E+06	4.960747E+00	9.109717E+01
2.32538125000E+06	4.963885E+00	9.110469E+01
2.32725000000E+06	4.968616E+00	9.109649E+01
2.32911875000E+06	4.970752E+00	9.112389E+01
2.33098750000E+06	4.976971E+00	9.109741E+01
2.33285625000E+06	4.979677E+00	9.109623E+01
2.33472500000E+06	4.980911E+00	9.109787E+01
2.33659375000E+06	4.987367E+00	9.111143E+01
2.33846250000E+06	4.993906E+00	9.111827E+01
2.34033125000E+06	4.995585E+00	9.111582E+01
2.34220000000E+06	5.001926E+00	9.110895E+01
2.34406875000E+06	5.003938E+00	9.111028E+01
2.34593750000E+06	5.007126E+00	9.111800E+01
2.34780625000E+06	5.012061E+00	9.110603E+01
2.34967500000E+06	5.016676E+00	9.110538E+01
2.35154375000E+06	5.019382E+00	9.109650E+01
2.35341250000E+06	5.024325E+00	9.111841E+01
2.35528125000E+06	5.027228E+00	9.112054E+01
2.35715000000E+06	5.031815E+00	9.112027E+01
2.35901875000E+06	5.034840E+00	9.110335E+01
2.36088750000E+06	5.040890E+00	9.111899E+01
2.36275625000E+06	5.045399E+00	9.111203E+01
2.36462500000E+06	5.049505E+00	9.112555E+01
2.36649375000E+06	5.052061E+00	9.112617E+01
2.36836250000E+06	5.056183E+00	9.109057E+01
2.37023125000E+06	5.060163E+00	9.112032E+01
2.37210000000E+06	5.063745E+00	9.115267E+01
2.37396875000E+06	5.069330E+00	9.112650E+01
2.37583750000E+06	5.074047E+00	9.109708E+01
2.37770625000E+06	5.077135E+00	9.111769E+01
2.37957500000E+06	5.081758E+00	9.113264E+01
2.38144375000E+06	5.085910E+00	9.109814E+01
2.38331250000E+06	5.091450E+00	9.109271E+01
2.38518125000E+06	5.093856E+00	9.111108E+01
2.38705000000E+06	5.097959E+00	9.112389E+01
2.38891875000E+06	5.101039E+00	9.112555E+01
2.39078750000E+06	5.105546E+00	9.109663E+01
2.39265625000E+06	5.108024E+00	9.113791E+01
2.39452500000E+06	5.113593E+00	9.112930E+01
2.39639375000E+06	5.116561E+00	9.114500E+01
2.39826250000E+06	5.119854E+00	9.114071E+01
2.40013125000E+06	5.127300E+00	9.111568E+01
2.40200000000E+06	5.130918E+00	9.112624E+01
2.40386875000E+06	5.131412E+00	9.112236E+01
2.40573750000E+06	5.137405E+00	9.111423E+01
2.40760625000E+06	5.143281E+00	9.112643E+01
2.40947500000E+06	5.145548E+00	9.113107E+01
2.41134375000E+06	5.150422E+00	9.110381E+01
2.41321250000E+06	5.156020E+00	9.109415E+01
2.41508125000E+06	5.159725E+00	9.111894E+01
2.41695000000E+06	5.160024E+00	9.113280E+01
2.41881875000E+06	5.165143E+00	9.114221E+01
2.42068750000E+06	5.168926E+00	9.113717E+01
2.42255625000E+06	5.174603E+00	9.113711E+01
2.42442500000E+06	5.180466E+00	9.113309E+01
2.42629375000E+06	5.183424E+00	9.115536E+01
2.42816250000E+06	5.188408E+00	9.113857E+01
2.43003125000E+06	5.193383E+00	9.110991E+01
2.43190000000E+06	5.194131E+00	9.112506E+01
2.43376875000E+06	5.195889E+00	9.114285E+01
2.43563750000E+06	5.202721E+00	9.116669E+01
2.43750625000E+06	5.208051E+00	9.111102E+01
2.43937500000E+06	5.211980E+00	9.110699E+01
2.44124375000E+06	5.213792E+00	9.114230E+01
2.44311250000E+06	5.219439E+00	9.114521E+01
2.44498125000E+06	5.222239E+00	9.115434E+01
2.44685000000E+06	5.227725E+00	9.114664E+01
2.44871875000E+06	5.228914E+00	9.112995E+01
2.45058750000E+06	5.234520E+00	9.114874E+01
2.45245625000E+06	5.237784E+00	9.115946E+01
2.45432500000E+06	5.242491E+00	9.114373E+01
2.45619375000E+06	5.247613E+00	9.115744E+01
2.45806250000E+06	5.254086E+00	9.114404E+01
2.45993125000E+06	5.256395E+00	9.112775E+01
2.46180000000E+06	5.257668E+00	9.114758E+01
2.46366875000E+06	5.261590E+00	9.113231E+01
2.46553750000E+06	5.265829E+00	9.116840E+01
2.46740625000E+06	5.270522E+00	9.113010E+01
2.46927500000E+06	5.277498E+00	9.113116E+01
2.47114375000E+06	5.279006E+00	9.112305E+01
2.47301250000E+06	5.283700E+00	9.116163E+01
2.47488125000E+06	5.289395E+00	9.112433E+01
2.47675000000E+06	5.291445E+00	9.111864E+01
2.47861875000E+06	5.294617E+00	9.113856E+01
2.48048750000E+06	5.299465E+00	9.113165E+01
2.48235625000E+06	5.302996E+00	9.116387E+01
2.48422500000E+06	5.309238E+00	9.112749E+01
2.48609375000E+06	5.312087E+00	9.112802E+01
2.48796250000E+06	5.314881E+00	9.113278E+01
2.48983125000E+06	5.319753E+00	9.114529E+01
2.49170000000E+06	5.324283E+00	9.115262E+01
2.49356875000E+06	5.329116E+00	9.115451E+01
2.49543750000E+06	5.334828E+00	9.115675E+01
2.49730625000E+06	5.335887E+00	9.115594E+01
2.49917500000E+06	5.341340E+00	9.115157E+01
2.50104375000E+06	5.343538E+00	9.114468E+01
2.50291250000E+06	5.349078E+00	9.113101E+01
2.50478125000E+06	5.352587E+00	9.113689E+01
2.50665000000E+06	5.356165E+00	9.115740E+01
2.50851875000E+06	5.361851E+00	9.116252E+01
2.51038750000E+06	5.364293E+00	9.115723E+01
2.51225625000E+06	5.370050E+00	9.116400E+01
2.51412500000E+06	5.373859E+00	9.116678E+01
2.51599375000E+06	5.376792E+00	9.114870E+01
2.51786250000E+06	5.381687E+00	9.115636E+01
2.51973125000E+06	5.386189E+00	9.113755E+01
2.52160000000E+06	5.390546E+00	9.116405E+01
2.52346875000E+06	5.393237E+00	9.115455E+01
2.52533750000E+06	5.398598E+00	9.115629E+01
2.52720625000E+06	5.402330E+00	9.115905E+01
2.52907500000E+06	5.405552E+00	9.115567E+01
2.53094375000E+06	5.408077E+00	9.115710E+01
2.53281250000E+06	5.413952E+00	9.115040E+01
2.53468125000E+06	5.418728E+00	9.117517E+01
2.53655000000E+06	5.421747E+00	9.116307E+01
2.53841875000E+06	5.424663E+00	9.115674E+01
2.54028750000E+06	5.431962E+00	9.115910E+01
2.54215625000E+06	5.434278E+00	9.115987E+01
2.54402500000E+06	5.438043E+00	9.116020E+01
2.54589375000E+06	5.441175E+00	9.116118E+01
2.54776250000E+06	5.446321E+00	9.115746E+01
2.54963125000E+06	5.449961E+00	9.118021E+01
2.55150000000E+06	5.452359E+00	9.116261E+01
2.55336875000E+06	5.457749E+00	9.117231E+01
2.55523750000E+06	5.464123E+00	9.116438E+01
2.55710625000E+06	5.467146E+00	9.117918E+01
2.55897500000E+06	5.472031E+00	9.115521E+01
2.56084375000E+06	5.473710E+00	9.117193E+01
2.56271250000E+06	5.477748E+00	9.116781E+01
2.56458125000E+06	5.482939E+00	9.117580E+01
2.56645000000E+06	5.488025E+00	9.118016E+01
2.56831875000E+06	5.490941E+00	9.118232E+01
2.57018750000E+06	5.495063E+00	9.115985E+01
2.57205625000E+06	5.497666E+00	9.117090E+01
2.57392500000E+06	5.503092E+00	9.119626E+01
2.57579375000E+06	5.506277E+00	9.115327E+01
2.57766250000E+06	5.511299E+00	9.115405E+01
2.57953125000E+06	5.515609E+00	9.116438E+01
2.58140000000E+06	5.521082E+00	9.117701E+01
2.58326875000E+06	5.522538E+00	9.117163E+01
2.58513750000E+06	5.527946E+00	9.116293E+01
2.58700625000E+06	5.531473E+00	9.118529E+01
2.58887500000E+06	5.536334E+00	9.119354E+01
2.59074375000E+06	5.539324E+00	9.117955E+01
2.59261250000E+06	5.544036E+00	9.117707E+01
2.59448125000E+06	5.548716E+00	9.116499E+01
2.59635000000E+06	5.552604E+00	9.116212E+01
2.59821875000E+06	5.556461E+00	9.117639E+01
2.60008750000E+06	5.560787E+00	9.118490E+01
2.60195625000E+06	5.563737E+00	9.117802E+01
2.60382500000E+06	5.566981E+00	9.117527E+01
2.60569375000E+06	5.573216E+00	9.118302E+01
2.60756250000E+06	5.577565E+00	9.118179E+01
2.60943125000E+06	5.579088E+00	9.118073E+01
2.61130000000E+06	5.584179E+00	9.115726E+01
2.61316875000E+06	5.589473E+00	9.117611E+01
2.61503750000E+06	5.592984E+00	9.119927E+01
2.61690625000E+06	5.596879E+00	9.117990E+01
2.61877500000E+06	5.600681E+00	9.118444E+01
2.62064375000E+06	5.604087E+00	9.118805E+01
2.62251250000E+06	5.611301E+00	9.117866E+01
2.62438125000E+06	5.613406E+00	9.118227E+01
2.62625000000E+06	5.615864E+00	9.120247E+01
2.62811875000E+06	5.621157E+00	9.117039E+01
2.62998750000E+06	5.624040E+00	9.119555E+01
2.63185625000E+06	5.628523E+00	9.118680E+01
2.63372500000E+06	5.633556E+00	9.118774E+01
2.63559375000E+06	5.638340E+00	9.120048E+01
2.63746250000E+06	5.641519E+00	9.119077E+01
2.63933125000E+06	5.647402E+00	9.118759E+01
2.64120000000E+06	5.652087E+00	9.118546E+01
2.64306875000E+06	5.653512E+00	9.118323E+01
2.64493750000E+06	5.656277E+00	9.119805E+01
2.64680625000E+06	5.661463E+00	9.120721E+01
2.64867500000E+06	5.666572E+00	9.118461E+01
2.65054375000E+06	5.669846E+00	9.119026E+01
2.65241250000E+06	5.675281E+00	9.119260E+01
2.65428125000E+06	5.677125E+00	9.120335E+01
2.65615000000E+06	5.682852E+00	9.119796E+01
2.65801875000E+06	5.685483E+00	9.119606E+01
2.65988750000E+06	5.690830E+00	9.122234E+01
2.66175625000E+06	5.694065E+00	9.118793E+01
2.66362500000E+06	5.699615E+00	9.120071E+01
2.66549375000E+06	5.703036E+00	9.119109E+01
2.66736250000E+06	5.708014E+00	9.120625E+01
2.66923125000E+06	5.711013E+00	9.118179E+01
2.67110000000E+06	5.713970E+00	9.121698E+01
2.67296875000E+06	5.716865E+00	9.120483E+01
2.67483750000E+06	5.723312E+00	9.119431E+01
2.67670625000E+06	5.727854E+00	9.120535E+01
2.67857500000E+06	5.730664E+00	9.121062E+01
2.68044375000E+06	5.736455E+00	9.119899E+01
2.68231250000E+06	5.739310E+00	9.119662E+01
2.68418125000E+06	5.744692E+00	9.119292E+01
2.68605000000E+06	5.746845E+00	9.122183E+01
2.68791875000E+06	5.752780E+00	9.119594E+01
2.68978750000E+06	5.757489E+00	9.120422E+01
2.69165625000E+06	5.760331E+00	9.121172E+01
2.69352500000E+06	5.764737E+00	9.120623E+01
2.69539375000E+06	5.768573E+00	9.121002E+01
2.69726250000E+06	5.772816E+00	9.121801E+01
2.69913125000E+06	5.776276E+00	9.119389E+01
2.70100000000E+06	5.778131E+00	9.119802E+01
2.70286875000E+06	5.786071E+00	9.120708E+01
2.70473750000E+06	5.789904E+00	9.121138E+01
2.70660625000E+06	5.790438E+00	9.121238E+01
2.70847500000E+06	5.796187E+00	9.120894E+01
2.71034375000E+06	5.801139E+00	9.121295E+01
2.71221250000E+06	5.803927E+00	9.119965E+01
2.71408125000E+06	5.812003E+00	9.120758E+01
2.71595000000E+06	5.814113E+00	9.120637E+01
2.71781875000E+06	5.817374E+00	9.120487E+01
2.71968750000E+06	5.822380E+00	9.120792E+01
2.72155625000E+06	5.824528E+00	9.121909E+01
2.72342500000E+06	5.830344E+00	9.122747E+01
2.72529375000E+06	5.833648E+00	9.120858E+01
2.72716250000E+06	5.838329E+00	9.120490E+01
2.72903125000E+06	5.843884E+00	9.120477E+01
2.73090000000E+06	5.845407E+00	9.125087E+01
2.73276875000E+06	5.851282E+00	9.119514E+01
2.73463750000E+06	5.854082E+00	9.122164E+01
2.73650625000E+06	5.858847E+00	9.124544E+01
2.73837500000E+06	5.859151E+00	9.126012E+01
2.74024375000E+06	5.868397E+00	9.119811E+01
2.74211250000E+06	5.868242E+00	9.120958E+01
2.74398125000E+06	5.875888E+00	9.119700E+01
2.74585000000E+06	5.877580E+00	9.123649E+01
2.74771875000E+06	5.883440E+00	9.119327E+01
2.74958750000E+06	5.884281E+00	9.123069E+01
2.75145625000E+06	5.893279E+00	9.123819E+01
2.75332500000E+06	5.895659E+00	9.121036E+01
2.75519375000E+06	5.896485E+00	9.122823E+01
2.75706250000E+06	5.903968E+00	9.122480E+01
2.75893125000E+06	5.908484E+00	9.120638E+01
2.76080000000E+06	5.911420E+00	9.124078E+01
2.76266875000E+06	5.915500E+00	9.123457E+01
2.76453750000E+06	5.916863E+00	9.119334E+01
2.76640625000E+06	5.925808E+00	9.124807E+01
2.76827500000E+06	5.927712E+00	9.121140E+01
2.77014375000E+06	5.930262E+00	9.121619E+01
2.77201250000E+06	5.935431E+00	9.122596E+01
2.77388125000E+06	5.938777E+00	9.126000E+01
2.77575000000E+06	5.942622E+00	9.122044E+01
2.77761875000E+06	5.950088E+00	9.122212E+01
2.77948750000E+06	5.950868E+00	9.121310E+01
2.78135625000E+06	5.955754E+00	9.121880E+01
2.78322500000E+06	5.959427E+00	9.122501E+01
2.78509375000E+06	5.964219E+00	9.122213E+01
2.78696250000E+06	5.970095E+00	9.122026E+01
2.78883125000E+06	5.973218E+00	9.123172E+01
2.79070000000E+06	5.977042E+00	9.122797E+01
2.79256875000E+06	5.981759E+00	9.123826E+01
2.79443750000E+06	5.984892E+00	9.121979E+01
2.79630625000E+06	5.988966E+00	9.124066E+01
2.79817500000E+06	5.993806E+00	9.123770E+01
2.80004375000E+06	5.996936E+00	9.125475E+01
2.80191250000E+06	5.999808E+00	9.124618E+01
2.80378125000E+06	6.005819E+00	9.123182E+01
2.80565000000E+06	6.010601E+00	9.123878E+01
2.80751875000E+06	6.013578E+00	9.123474E+01
2.80938750000E+06	6.016078E+00	9.123631E+01
2.81125625000E+06	6.022621E+00	9.123766E+01
2.81312500000E+06	6.025271E+00	9.123376E+01
2.81499375000E+06	6.028770E+00	9.123979E+01
2.81686250000E+06	6.034915E+00	9.124718E+01
2.81873125000E+06	6.039075E+00	9.124880E+01
2.82060000000E+06	6.043108E+00	9.123518E+01
2.82246875000E+06	6.046856E+00	9.124579E+01
2.82433750000E+06	6.050193E+00	9.124714E+01
2.82620625000E+06	6.055156E+00	9.124470E+01
2.82807500000E+06	6.059017E+00	9.125299E+01
2.82994375000E+06	6.061112E+00	9.125410E+01
2.83181250000E+06	6.066144E+00	9.123661E+01
2.83368125000E+06	6.070771E+00	9.124665E+01
2.83555000000E+06	6.074069E+00	9.124905E+01
2.83741875000E+06	6.077528E+00	9.125819E+01
2.83928750000E+06	6.084749E+00	9.124609E+01
2.84115625000E+06	6.086070E+00	9.123344E+01
2.84302500000E+06	6.090525E+00	9.124180E+01
2.84489375000E+06	6.093617E+00	9.125559E+01
2.84676250000E+06	6.099233E+00	9.123564E+01
2.84863125000E+06	6.103357E+00	9.123634E+01
2.85050000000E+06	6.106059E+00	9.124986E+01
2.85236875000E+06	6.111882E+00	9.125668E+01
2.85423750000E+06	6.116301E+00	9.124892E+01
2.85610625000E+06	6.118820E+00	9.124849E+01
2.85797500000E+06	6.124793E+00	9.122659E+01
2.85984375000E+06	6.129059E+00	9.123638E+01
2.86171250000E+06	6.132525E+00	9.124948E+01
2.86358125000E+06	6.137578E+00	9.123428E+01
2.86545000000E+06	6.140653E+00	9.125424E+01
2.86731875000E+06	6.144765E+00	9.125871E+01
2.86918750000E+06	6.148780E+00	9.126508E+01
2.87105625000E+06	6.153529E+00	9.125441E+01
2.87292500000E+06	6.155421E+00	9.125027E+01
2.87479375000E+06	6.160410E+00	9.126731E+01
2.87666250000E+06	6.165627E+00	9.125289E+01
2.87853125000E+06	6.168543E+00	9.126070E+01
2.88040000000E+06	6.172943E+00	9.122985E+01
2.88226875000E+06	6.177270E+00	9.126038E+01
2.88413750000E+06	6.181746E+00	9.125720E+01
2.88600625000E+06	6.185280E+00	9.125447E+01
2.88787500000E+06	6.189728E+00	9.124908E+01
2.88974375000E+06	6.195237E+00	9.126690E+01
2.89161250000E+06	6.196822E+00	9.125775E+01
2.89348125000E+06	6.201904E+00	9.125488E+01
2.89535000000E+06	6.205906E+00	9.124448E+01
2.89721875000E+06	6.207604E+00	9.126151E+01
2.89908750000E+06	6.214469E+00	9.126541E+01
2.90095625000E+06	6.218348E+00	9.126527E+01
2.90282500000E+06	6.222713E+00	9.126591E+01
2.90469375000E+06	6.227023E+00	9.125819E+01
2.90656250000E+06	6.229195E+00	9.126596E+01
2.90843125000E+06	6.233517E+00	9.126405E+01
2.91030000000E+06	6.240889E+00	9.126923E+01
2.91216875000E+06	6.243210E+00	9.125980E+01
2.91403750000E+06	6.246400E+00	9.127278E+01
2.91590625000E+06	6.250157E+00	9.126445E+01
2.91777500000E+06	6.254797E+00	9.125056E+01
2.91964375000E+06	6.258516E+00	9.126970E+01
2.92151250000E+06	6.262126E+00	9.126427E+01
2.92338125000E+06	6.268425E+00	9.126157E+01
2.92525000000E+06	6.272374E+00	9.126315E+01
2.92711875000E+06	6.274802E+00	9.128963E+01
2.92898750000E+06	6.280596E+00	9.128043E+01
2.93085625000E+06	6.285426E+00	9.126811E+01
2.93272500000E+06	6.288638E+00	9.127623E+01
2.93459375000E+06	6.292873E+00	9.126817E+01
2.93646250000E+06	6.296195E+00	9.126276E+01
2.93833125000E+06	6.300454E+00	9.126557E+01
2.94020000000E+06	6.303821E+00	9.125861E+01
2.94206875000E+06	6.309183E+00	9.128439E+01
2.94393750000E+06	6.313416E+00	9.128216E+01
2.94580625000E+06	6.316205E+00	9.126477E+01
2.94767500000E+06	6.322379E+00	9.127600E+01
2.94954375000E+06	6.324418E+00	9.127933E+01
2.95141250000E+06	6.328609E+00	9.127655E+01
2.95328125000E+06	6.334393E+00	9.129156E+01
2.95515000000E+06	6.338417E+00	9.127505E+01
2.95701875000E+06	6.340574E+00	9.126189E+01
2.95888750000E+06	6.345224E+00	9.128461E+01
2.96075625000E+06	6.350978E+00	9.126863E+01
2.96262500000E+06	6.351908E+00	9.128816E+01
2.96449375000E+06	6.357661E+00	9.128242E+01
2.96636250000E+06	6.361695E+00	9.126946E+01
2.96823125000E+06	6.365623E+00	9.127718E+01
2.97010000000E+06	6.369407E+00	9.128765E+01
2.97196875000E+06	6.374829E+00	9.128696E+01
2.97383750000E+06	6.377766E+00	9.127180E+01
2.97570625000E+06	6.380965E+00	9.130077E+01
2.97757500000E+06	6.387608E+00	9.128780E+01
2.97944375000E+06	6.389336E+00	9.128011E+01
2.98131250000E+06	6.394893E+00	9.128109E+01
2.98318125000E+06	6.399157E+00	9.130598E+01
2.98505000000E+06	6.405516E+00	9.127851E+01
2.98691875000E+06	6.408352E+00	9.128748E+01
2.98878750000E+06	6.410908E+00	9.128695E+01
2.99065625000E+06	6.415335E+00	9.127496E+01
2.99252500000E+06	6.419415E+00	9.129547E+01
2.99439375000E+06	6.424324E+00	9.129282E+01
2.99626250000E+06	6.428352E+00	9.128074E+01
2.99813125000E+06	6.431727E+00	9.129516E+01
3.00000000000E+06	6.436882E+00	9.129761E+01
