"E5100A REV3.14"
"DATE: Jul  3 2004"



"CHANNEL: 2"
"MEASURE TYPE: AR"
"FORMAT TYPE: LINMP"
"NUMBER of POINTS: 1601"
"SWEEP TIME:  3.458 s"
"SWEEP TYPE: LINF"
"SOURCE POWER: 0 dBm"
"IF BANDWIDTH: 500 Hz"

"Frequency"	"Main Array"	"Sub Array"
1.00000000000E+04	4.932404E-02	-3.198444E+01
1.18687500000E+04	1.907447E-02	-1.234818E+02
1.37375000000E+04	5.613538E-03	9.620129E+01
1.56062500000E+04	1.389429E-03	-4.664595E-01
1.74750000000E+04	1.572395E-03	2.771884E+01
1.93437500000E+04	4.826124E-03	-6.167370E+01
2.12125000000E+04	1.130558E-03	1.481680E+02
2.30812500000E+04	1.588528E-03	-1.465527E+01
2.49500000000E+04	1.936870E-03	-1.259754E+02
2.68187500000E+04	5.381164E-04	-1.058820E+02
2.86875000000E+04	1.649113E-03	-7.555788E+01
3.05562500000E+04	1.269686E-03	-5.744404E+01
3.24250000000E+04	1.367529E-03	-9.872485E+01
3.42937500000E+04	1.293506E-03	-4.722008E+01
3.61625000000E+04	4.219022E-04	1.147178E+02
3.80312500000E+04	8.889029E-04	-9.004170E+01
3.99000000000E+04	9.599924E-04	-6.852743E+01
4.17687500000E+04	1.366642E-03	-4.317599E+01
4.36375000000E+04	2.387574E-04	-9.765675E+01
4.55062500000E+04	7.643239E-04	-5.658973E+01
4.73750000000E+04	7.292123E-04	-1.024703E+02
4.92437500000E+04	2.193858E-03	-1.626885E+02
5.11125000000E+04	5.984101E-04	1.335249E+02
5.29812500000E+04	1.786098E-04	6.563864E+01
5.48500000000E+04	1.231663E-03	-7.307198E+01
5.67187500000E+04	7.782127E-04	-4.586222E+01
5.85875000000E+04	9.791713E-04	-6.534792E+01
6.04562500000E+04	5.875890E-04	-4.986974E+01
6.23250000000E+04	1.328920E-03	-5.805841E+01
6.41937500000E+04	7.284866E-04	-6.552617E+01
6.60625000000E+04	1.040531E-03	-5.884675E+01
6.79312500000E+04	5.848789E-04	-3.819011E+01
6.98000000000E+04	9.373401E-04	-1.014355E+02
7.16687500000E+04	1.896379E-03	-9.549331E+01
7.35375000000E+04	1.449525E-03	-8.575652E+01
7.54062500000E+04	1.005565E-03	-7.477933E+01
7.72750000000E+04	8.701962E-04	-5.860046E+01
7.91437500000E+04	1.308535E-03	-9.533373E+01
8.10125000000E+04	6.343091E-04	-7.643513E+01
8.28812500000E+04	9.781192E-04	-1.236684E+02
8.47500000000E+04	1.210789E-03	-9.048010E+01
8.66187500000E+04	1.120700E-03	-6.798589E+01
8.84875000000E+04	1.767700E-03	-8.773985E+01
9.03562500000E+04	1.114175E-03	-9.351949E+01
9.22250000000E+04	1.218299E-03	-7.296632E+01
9.40937500000E+04	1.299570E-03	-1.010762E+02
9.59625000000E+04	1.774090E-03	-7.725945E+01
9.78312500000E+04	1.141807E-03	-9.420564E+01
9.97000000000E+04	1.480216E-03	-9.836603E+01
1.01568750000E+05	9.905322E-04	-9.892368E+01
1.03437500000E+05	1.114044E-03	-8.881299E+01
1.05306250000E+05	1.561600E-03	-5.804470E+01
1.07175000000E+05	1.481428E-03	-9.035535E+01
1.09043750000E+05	1.833408E-03	-9.878183E+01
1.10912500000E+05	1.759778E-03	-1.458004E+02
1.12781250000E+05	1.429693E-03	-9.999482E+01
1.14650000000E+05	1.324019E-03	-8.041260E+01
1.16518750000E+05	1.550511E-03	-8.138100E+01
1.18387500000E+05	1.412199E-03	-8.404104E+01
1.20256250000E+05	1.525912E-03	-8.440068E+01
1.22125000000E+05	2.178850E-03	-7.729485E+01
1.23993750000E+05	1.344215E-03	-9.009702E+01
1.25862500000E+05	2.136181E-03	-9.087516E+01
1.27731250000E+05	1.654275E-03	-7.529488E+01
1.29600000000E+05	1.647621E-03	-7.974778E+01
1.31468750000E+05	1.786556E-03	-8.010616E+01
1.33337500000E+05	1.661596E-03	-9.130170E+01
1.35206250000E+05	1.737862E-03	-8.066029E+01
1.37075000000E+05	1.742438E-03	-1.008581E+02
1.38943750000E+05	2.323202E-03	-8.842114E+01
1.40812500000E+05	1.823244E-03	-8.696056E+01
1.42681250000E+05	1.848576E-03	-9.879971E+01
1.44550000000E+05	2.210631E-03	-7.611768E+01
1.46418750000E+05	1.734714E-03	-8.674384E+01
1.48287500000E+05	2.293105E-03	-8.989593E+01
1.50156250000E+05	2.255773E-03	-9.026205E+01
1.52025000000E+05	2.328036E-03	-9.032996E+01
1.53893750000E+05	1.851022E-03	-7.828239E+01
1.55762500000E+05	2.371209E-03	-9.162596E+01
1.57631250000E+05	2.198500E-03	-8.174421E+01
1.59500000000E+05	2.274366E-03	-8.480047E+01
1.61368750000E+05	2.130218E-03	-8.508441E+01
1.63237500000E+05	2.327020E-03	-8.909084E+01
1.65106250000E+05	2.133114E-03	-8.491572E+01
1.66975000000E+05	2.337754E-03	-8.981292E+01
1.68843750000E+05	2.306295E-03	-8.709065E+01
1.70712500000E+05	2.272141E-03	-8.934031E+01
1.72581250000E+05	2.835769E-03	-9.246536E+01
1.74450000000E+05	2.429242E-03	-8.690489E+01
1.76318750000E+05	2.215315E-03	-7.884711E+01
1.78187500000E+05	2.581272E-03	-8.786685E+01
1.80056250000E+05	2.887430E-03	-8.732693E+01
1.81925000000E+05	2.771050E-03	-8.785408E+01
1.83793750000E+05	2.863842E-03	-8.503893E+01
1.85662500000E+05	2.452391E-03	-8.400752E+01
1.87531250000E+05	2.631158E-03	-8.510461E+01
1.89400000000E+05	2.305962E-03	-8.892974E+01
1.91268750000E+05	2.624976E-03	-9.807944E+01
1.93137500000E+05	2.591160E-03	-9.539542E+01
1.95006250000E+05	2.550859E-03	-8.475084E+01
1.96875000000E+05	2.467218E-03	-8.579660E+01
1.98743750000E+05	2.521494E-03	-8.752687E+01
2.00612500000E+05	2.685277E-03	-8.772129E+01
2.02481250000E+05	2.607056E-03	-1.003182E+02
2.04350000000E+05	2.892691E-03	-8.466673E+01
2.06218750000E+05	3.030934E-03	-8.822151E+01
2.08087500000E+05	3.071298E-03	-9.260870E+01
2.09956250000E+05	2.984768E-03	-9.394898E+01
2.11825000000E+05	3.119740E-03	-9.405832E+01
2.13693750000E+05	2.800006E-03	-8.952848E+01
2.15562500000E+05	2.840828E-03	-9.294791E+01
2.17431250000E+05	2.990770E-03	-9.444211E+01
2.19300000000E+05	3.344698E-03	-9.214943E+01
2.21168750000E+05	2.949455E-03	-9.495437E+01
2.23037500000E+05	2.997219E-03	-9.465875E+01
2.24906250000E+05	3.129786E-03	-9.222963E+01
2.26775000000E+05	3.314612E-03	-9.135173E+01
2.28643750000E+05	3.214224E-03	-9.719561E+01
2.30512500000E+05	2.960676E-03	-9.358092E+01
2.32381250000E+05	3.207351E-03	-9.213367E+01
2.34250000000E+05	2.998573E-03	-8.827105E+01
2.36118750000E+05	3.074985E-03	-9.109041E+01
2.37987500000E+05	3.478406E-03	-8.963859E+01
2.39856250000E+05	3.122495E-03	-9.392268E+01
2.41725000000E+05	3.312334E-03	-9.380273E+01
2.43593750000E+05	3.008306E-03	-9.080913E+01
2.45462500000E+05	3.539199E-03	-8.594786E+01
2.47331250000E+05	3.529252E-03	-9.534523E+01
2.49200000000E+05	3.419708E-03	-9.012751E+01
2.51068750000E+05	3.376910E-03	-9.312336E+01
2.52937500000E+05	3.311310E-03	-9.114616E+01
2.54806250000E+05	3.469881E-03	-9.122559E+01
2.56675000000E+05	3.210772E-03	-8.875582E+01
2.58543750000E+05	3.527883E-03	-9.270576E+01
2.60412500000E+05	3.504156E-03	-8.857348E+01
2.62281250000E+05	3.483276E-03	-9.138733E+01
2.64150000000E+05	3.676050E-03	-9.194103E+01
2.66018750000E+05	3.752157E-03	-9.161801E+01
2.67887500000E+05	3.529301E-03	-9.540652E+01
2.69756250000E+05	3.591311E-03	-9.407473E+01
2.71625000000E+05	3.710003E-03	-9.095152E+01
2.73493750000E+05	3.667036E-03	-9.000571E+01
2.75362500000E+05	3.424068E-03	-9.428415E+01
2.77231250000E+05	4.132063E-03	-9.174125E+01
2.79100000000E+05	3.534139E-03	-9.476646E+01
2.80968750000E+05	3.646220E-03	-9.289963E+01
2.82837500000E+05	3.820389E-03	-9.894940E+01
2.84706250000E+05	4.095926E-03	-9.313567E+01
2.86575000000E+05	4.102494E-03	-9.602291E+01
2.88443750000E+05	4.062936E-03	-9.406632E+01
2.90312500000E+05	4.079275E-03	-8.864256E+01
2.92181250000E+05	4.066726E-03	-8.937550E+01
2.94050000000E+05	3.951264E-03	-9.355375E+01
2.95918750000E+05	4.067807E-03	-9.078307E+01
2.97787500000E+05	4.025861E-03	-9.301303E+01
2.99656250000E+05	4.132802E-03	-9.588364E+01
3.01525000000E+05	3.936962E-03	-9.284230E+01
3.03393750000E+05	4.034848E-03	-9.369837E+01
3.05262500000E+05	4.291159E-03	-9.181745E+01
3.07131250000E+05	4.278819E-03	-9.168468E+01
3.09000000000E+05	4.330494E-03	-9.220313E+01
3.10868750000E+05	4.047554E-03	-9.149333E+01
3.12737500000E+05	4.327517E-03	-9.573142E+01
3.14606250000E+05	4.229167E-03	-9.345814E+01
3.16475000000E+05	4.171574E-03	-9.279414E+01
3.18343750000E+05	4.395749E-03	-9.538775E+01
3.20212500000E+05	4.146039E-03	-9.415285E+01
3.22081250000E+05	4.424258E-03	-9.337455E+01
3.23950000000E+05	4.425133E-03	-9.113344E+01
3.25818750000E+05	4.392991E-03	-9.104742E+01
3.27687500000E+05	4.478308E-03	-9.192068E+01
3.29556250000E+05	4.422802E-03	-9.446140E+01
3.31425000000E+05	4.899537E-03	-9.354455E+01
3.33293750000E+05	4.726352E-03	-9.431914E+01
3.35162500000E+05	4.490240E-03	-8.959557E+01
3.37031250000E+05	4.703524E-03	-9.468676E+01
3.38900000000E+05	4.530709E-03	-9.486456E+01
3.40768750000E+05	4.434937E-03	-9.443273E+01
3.42637500000E+05	4.618978E-03	-9.538932E+01
3.44506250000E+05	4.487386E-03	-9.383964E+01
3.46375000000E+05	4.684027E-03	-9.292351E+01
3.48243750000E+05	4.679571E-03	-9.235909E+01
3.50112500000E+05	4.794466E-03	-9.483567E+01
3.51981250000E+05	4.824743E-03	-9.228455E+01
3.53850000000E+05	4.951899E-03	-9.391172E+01
3.55718750000E+05	4.732983E-03	-9.578513E+01
3.57587500000E+05	4.750599E-03	-9.017129E+01
3.59456250000E+05	4.893078E-03	-9.331073E+01
3.61325000000E+05	4.909145E-03	-9.358293E+01
3.63193750000E+05	4.908250E-03	-9.350774E+01
3.65062500000E+05	5.009090E-03	-9.388049E+01
3.66931250000E+05	5.067871E-03	-9.169167E+01
3.68800000000E+05	5.123860E-03	-9.291987E+01
3.70668750000E+05	5.096765E-03	-9.345432E+01
3.72537500000E+05	5.081867E-03	-9.150878E+01
3.74406250000E+05	5.086653E-03	-9.304508E+01
3.76275000000E+05	5.283782E-03	-9.387075E+01
3.78143750000E+05	5.060032E-03	-9.177600E+01
3.80012500000E+05	5.208131E-03	-9.573116E+01
3.81881250000E+05	5.009029E-03	-9.256480E+01
3.83750000000E+05	5.202718E-03	-9.438642E+01
3.85618750000E+05	5.382533E-03	-9.108138E+01
3.87487500000E+05	5.356184E-03	-9.224963E+01
3.89356250000E+05	5.484357E-03	-9.354678E+01
3.91225000000E+05	5.127136E-03	-9.506637E+01
3.93093750000E+05	5.325703E-03	-9.510158E+01
3.94962500000E+05	5.282567E-03	-9.457224E+01
3.96831250000E+05	5.313218E-03	-9.284541E+01
3.98700000000E+05	5.334373E-03	-9.415416E+01
4.00568750000E+05	5.527427E-03	-9.278659E+01
4.02437500000E+05	5.675407E-03	-9.398055E+01
4.04306250000E+05	5.470845E-03	-9.563345E+01
4.06175000000E+05	5.740613E-03	-9.407980E+01
4.08043750000E+05	5.490046E-03	-9.512954E+01
4.09912500000E+05	5.618948E-03	-9.378233E+01
4.11781250000E+05	5.664088E-03	-9.451834E+01
4.13650000000E+05	5.631938E-03	-9.145506E+01
4.15518750000E+05	5.765939E-03	-9.484969E+01
4.17387500000E+05	5.782569E-03	-9.411658E+01
4.19256250000E+05	5.766578E-03	-9.335638E+01
4.21125000000E+05	5.738471E-03	-9.475551E+01
4.22993750000E+05	5.761710E-03	-9.523270E+01
4.24862500000E+05	5.658427E-03	-9.428878E+01
4.26731250000E+05	5.768173E-03	-9.381946E+01
4.28600000000E+05	5.759254E-03	-9.482175E+01
4.30468750000E+05	5.878640E-03	-9.374184E+01
4.32337500000E+05	5.750827E-03	-9.500517E+01
4.34206250000E+05	5.951162E-03	-9.546183E+01
4.36075000000E+05	6.052433E-03	-9.391089E+01
4.37943750000E+05	5.959644E-03	-9.388153E+01
4.39812500000E+05	5.912875E-03	-9.554635E+01
4.41681250000E+05	6.046073E-03	-9.410682E+01
4.43550000000E+05	6.112888E-03	-9.583500E+01
4.45418750000E+05	6.005274E-03	-9.469413E+01
4.47287500000E+05	6.040017E-03	-9.645576E+01
4.49156250000E+05	6.103921E-03	-9.441116E+01
4.51025000000E+05	6.102852E-03	-9.549904E+01
4.52893750000E+05	6.389328E-03	-9.568161E+01
4.54762500000E+05	6.356826E-03	-9.513536E+01
4.56631250000E+05	6.227841E-03	-9.444197E+01
4.58500000000E+05	6.358236E-03	-9.578799E+01
4.60368750000E+05	6.177721E-03	-9.556232E+01
4.62237500000E+05	6.345323E-03	-9.455654E+01
4.64106250000E+05	6.374103E-03	-9.473987E+01
4.65975000000E+05	6.250221E-03	-9.557128E+01
4.67843750000E+05	6.380348E-03	-9.539651E+01
4.69712500000E+05	6.444975E-03	-9.577164E+01
4.71581250000E+05	6.361156E-03	-9.570861E+01
4.73450000000E+05	6.387958E-03	-9.654292E+01
4.75318750000E+05	6.339422E-03	-9.439066E+01
4.77187500000E+05	6.729583E-03	-9.495395E+01
4.79056250000E+05	6.480184E-03	-9.523299E+01
4.80925000000E+05	6.648294E-03	-9.590232E+01
4.82793750000E+05	6.648289E-03	-9.362164E+01
4.84662500000E+05	6.729429E-03	-9.459575E+01
4.86531250000E+05	6.592326E-03	-9.449828E+01
4.88400000000E+05	6.605847E-03	-9.542701E+01
4.90268750000E+05	6.743354E-03	-9.470483E+01
4.92137500000E+05	6.782255E-03	-9.532497E+01
4.94006250000E+05	6.774855E-03	-9.500219E+01
4.95875000000E+05	6.674316E-03	-9.578043E+01
4.97743750000E+05	6.782731E-03	-9.740639E+01
4.99612500000E+05	6.783601E-03	-9.649577E+01
5.01481250000E+05	6.802893E-03	-9.485367E+01
5.03350000000E+05	6.918549E-03	-9.458315E+01
5.05218750000E+05	6.861740E-03	-9.507047E+01
5.07087500000E+05	6.842310E-03	-9.515968E+01
5.08956250000E+05	6.873637E-03	-9.486904E+01
5.10825000000E+05	6.978215E-03	-9.406426E+01
5.12693750000E+05	7.017281E-03	-9.654263E+01
5.14562500000E+05	7.023094E-03	-9.644991E+01
5.16431250000E+05	6.981886E-03	-9.568089E+01
5.18300000000E+05	6.986472E-03	-9.508160E+01
5.20168750000E+05	6.949612E-03	-9.558668E+01
5.22037500000E+05	7.032427E-03	-9.660819E+01
5.23906250000E+05	7.115373E-03	-9.606629E+01
5.25775000000E+05	7.130112E-03	-9.620114E+01
5.27643750000E+05	7.185871E-03	-9.586452E+01
5.29512500000E+05	7.246733E-03	-9.595019E+01
5.31381250000E+05	7.148046E-03	-9.484426E+01
5.33250000000E+05	7.269810E-03	-9.548640E+01
5.35118750000E+05	7.161801E-03	-9.605602E+01
5.36987500000E+05	7.403058E-03	-9.685282E+01
5.38856250000E+05	7.324637E-03	-9.632114E+01
5.40725000000E+05	7.240641E-03	-9.602761E+01
5.42593750000E+05	7.459437E-03	-9.606620E+01
5.44462500000E+05	7.459231E-03	-9.507977E+01
5.46331250000E+05	7.479405E-03	-9.588837E+01
5.48200000000E+05	7.337092E-03	-9.849786E+01
5.50068750000E+05	7.578528E-03	-9.652801E+01
5.51937500000E+05	7.458515E-03	-9.627278E+01
5.53806250000E+05	7.540821E-03	-9.760781E+01
5.55675000000E+05	7.461022E-03	-9.683635E+01
5.57543750000E+05	7.684459E-03	-9.546868E+01
5.59412500000E+05	7.574840E-03	-9.620203E+01
5.61281250000E+05	7.585515E-03	-9.662486E+01
5.63150000000E+05	7.710836E-03	-9.652325E+01
5.65018750000E+05	7.711869E-03	-9.709823E+01
5.66887500000E+05	7.532771E-03	-9.642439E+01
5.68756250000E+05	7.833567E-03	-9.648405E+01
5.70625000000E+05	7.781628E-03	-9.646260E+01
5.72493750000E+05	7.890086E-03	-9.724205E+01
5.74362500000E+05	8.043853E-03	-9.644556E+01
5.76231250000E+05	7.826789E-03	-9.752071E+01
5.78100000000E+05	7.775561E-03	-9.526190E+01
5.79968750000E+05	8.143777E-03	-9.711047E+01
5.81837500000E+05	7.964770E-03	-9.565068E+01
5.83706250000E+05	7.815008E-03	-9.686254E+01
5.85575000000E+05	7.948518E-03	-9.627724E+01
5.87443750000E+05	7.968996E-03	-9.742877E+01
5.89312500000E+05	7.994112E-03	-9.600418E+01
5.91181250000E+05	8.033685E-03	-9.529805E+01
5.93050000000E+05	8.040498E-03	-9.559111E+01
5.94918750000E+05	8.105328E-03	-9.576727E+01
5.96787500000E+05	8.191887E-03	-9.724989E+01
5.98656250000E+05	8.220115E-03	-9.721378E+01
6.00525000000E+05	8.203037E-03	-9.681347E+01
6.02393750000E+05	8.346087E-03	-9.748365E+01
6.04262500000E+05	8.291174E-03	-9.724086E+01
6.06131250000E+05	8.183136E-03	-9.664165E+01
6.08000000000E+05	8.357488E-03	-9.759323E+01
6.09868750000E+05	8.255666E-03	-9.674371E+01
6.11737500000E+05	8.285955E-03	-9.665617E+01
6.13606250000E+05	8.270393E-03	-9.715765E+01
6.15475000000E+05	8.390127E-03	-9.692518E+01
6.17343750000E+05	8.356357E-03	-9.777206E+01
6.19212500000E+05	8.375951E-03	-9.743143E+01
6.21081250000E+05	8.537774E-03	-9.736653E+01
6.22950000000E+05	8.701818E-03	-9.791348E+01
6.24818750000E+05	8.433277E-03	-9.678992E+01
6.26687500000E+05	8.506325E-03	-9.863588E+01
6.28556250000E+05	8.358093E-03	-9.592945E+01
6.30425000000E+05	8.502417E-03	-9.836671E+01
6.32293750000E+05	8.623138E-03	-9.869775E+01
6.34162500000E+05	8.638700E-03	-9.802273E+01
6.36031250000E+05	8.753411E-03	-9.691882E+01
6.37900000000E+05	8.822696E-03	-9.625575E+01
6.39768750000E+05	8.698643E-03	-9.762514E+01
6.41637500000E+05	8.529025E-03	-9.760675E+01
6.43506250000E+05	8.782603E-03	-9.732578E+01
6.45375000000E+05	8.915082E-03	-9.751351E+01
6.47243750000E+05	8.797833E-03	-9.692215E+01
6.49112500000E+05	8.854236E-03	-9.924854E+01
6.50981250000E+05	8.838627E-03	-9.662292E+01
6.52850000000E+05	8.821275E-03	-9.808537E+01
6.54718750000E+05	8.971606E-03	-9.794098E+01
6.56587500000E+05	9.064398E-03	-9.792791E+01
6.58456250000E+05	8.893084E-03	-9.827523E+01
6.60325000000E+05	9.084183E-03	-9.801517E+01
6.62193750000E+05	9.064762E-03	-9.784365E+01
6.64062500000E+05	8.965146E-03	-9.742518E+01
6.65931250000E+05	8.981743E-03	-9.863111E+01
6.67800000000E+05	9.249831E-03	-9.699317E+01
6.69668750000E+05	9.034319E-03	-9.862543E+01
6.71537500000E+05	9.326108E-03	-9.835850E+01
6.73406250000E+05	9.184803E-03	-9.762742E+01
6.75275000000E+05	9.282554E-03	-9.773488E+01
6.77143750000E+05	9.359424E-03	-9.821790E+01
6.79012500000E+05	9.278351E-03	-9.800788E+01
6.80881250000E+05	9.261568E-03	-9.772694E+01
6.82750000000E+05	9.168089E-03	-9.809213E+01
6.84618750000E+05	9.374968E-03	-9.814324E+01
6.86487500000E+05	9.371256E-03	-9.867294E+01
6.88356250000E+05	9.296500E-03	-9.674309E+01
6.90225000000E+05	9.540425E-03	-9.815237E+01
6.92093750000E+05	9.341782E-03	-9.789004E+01
6.93962500000E+05	9.498128E-03	-9.875816E+01
6.95831250000E+05	9.621004E-03	-9.899985E+01
6.97700000000E+05	9.489117E-03	-9.837698E+01
6.99568750000E+05	9.341010E-03	-9.748264E+01
7.01437500000E+05	9.413712E-03	-9.801136E+01
7.03306250000E+05	9.617355E-03	-9.823716E+01
7.05175000000E+05	9.555756E-03	-9.799245E+01
7.07043750000E+05	9.679906E-03	-9.889443E+01
7.08912500000E+05	9.646928E-03	-9.822757E+01
7.10781250000E+05	9.683643E-03	-9.828871E+01
7.12650000000E+05	9.614762E-03	-9.867938E+01
7.14518750000E+05	9.615285E-03	-9.953764E+01
7.16387500000E+05	9.537687E-03	-9.939305E+01
7.18256250000E+05	9.941405E-03	-9.918793E+01
7.20125000000E+05	9.852191E-03	-9.832901E+01
7.21993750000E+05	9.833306E-03	-9.765032E+01
7.23862500000E+05	9.926843E-03	-9.911707E+01
7.25731250000E+05	9.984221E-03	-9.872702E+01
7.27600000000E+05	9.755633E-03	-9.897783E+01
7.29468750000E+05	9.968564E-03	-9.869704E+01
7.31337500000E+05	9.972462E-03	-9.848502E+01
7.33206250000E+05	1.018803E-02	-9.817442E+01
7.35075000000E+05	9.887168E-03	-9.792372E+01
7.36943750000E+05	9.899951E-03	-9.824258E+01
7.38812500000E+05	1.016123E-02	-9.878637E+01
7.40681250000E+05	9.993069E-03	-9.891449E+01
7.42550000000E+05	1.002516E-02	-9.987717E+01
7.44418750000E+05	1.003809E-02	-9.999419E+01
7.46287500000E+05	1.007738E-02	-9.856976E+01
7.48156250000E+05	1.012238E-02	-9.854813E+01
7.50025000000E+05	1.043087E-02	-9.846703E+01
7.51893750000E+05	1.011452E-02	-9.956191E+01
7.53762500000E+05	1.039379E-02	-9.760860E+01
7.55631250000E+05	1.036918E-02	-9.862643E+01
7.57500000000E+05	1.020868E-02	-9.994705E+01
7.59368750000E+05	1.037360E-02	-9.931873E+01
7.61237500000E+05	1.021944E-02	-9.906791E+01
7.63106250000E+05	1.040092E-02	-9.933202E+01
7.64975000000E+05	1.043611E-02	-9.803797E+01
7.66843750000E+05	1.042491E-02	-9.855540E+01
7.68712500000E+05	1.042006E-02	-9.898689E+01
7.70581250000E+05	1.054179E-02	-9.896098E+01
7.72450000000E+05	1.068544E-02	-9.886530E+01
7.74318750000E+05	1.051237E-02	-9.926952E+01
7.76187500000E+05	1.051666E-02	-9.869050E+01
7.78056250000E+05	1.072489E-02	-1.005128E+02
7.79925000000E+05	1.073537E-02	-9.930350E+01
7.81793750000E+05	1.060284E-02	-9.901219E+01
7.83662500000E+05	1.069699E-02	-9.944412E+01
7.85531250000E+05	1.066624E-02	-9.848555E+01
7.87400000000E+05	1.078076E-02	-9.877713E+01
7.89268750000E+05	1.050243E-02	-9.997487E+01
7.91137500000E+05	1.072837E-02	-1.000130E+02
7.93006250000E+05	1.087924E-02	-9.911658E+01
7.94875000000E+05	1.076433E-02	-9.906181E+01
7.96743750000E+05	1.081422E-02	-9.864785E+01
7.98612500000E+05	1.095706E-02	-9.964011E+01
8.00481250000E+05	1.091178E-02	-9.912553E+01
8.02350000000E+05	1.100756E-02	-9.987986E+01
8.04218750000E+05	1.087695E-02	-9.883024E+01
8.06087500000E+05	1.100305E-02	-9.995136E+01
8.07956250000E+05	1.098977E-02	-9.930772E+01
8.09825000000E+05	1.096253E-02	-1.004601E+02
8.11693750000E+05	1.109841E-02	-9.970106E+01
8.13562500000E+05	1.105367E-02	-9.966953E+01
8.15431250000E+05	1.109914E-02	-1.001462E+02
8.17300000000E+05	1.113384E-02	-9.909305E+01
8.19168750000E+05	1.117608E-02	-9.999543E+01
8.21037500000E+05	1.114377E-02	-9.936164E+01
8.22906250000E+05	1.129746E-02	-1.009000E+02
8.24775000000E+05	1.138572E-02	-9.877761E+01
8.26643750000E+05	1.128195E-02	-9.954417E+01
8.28512500000E+05	1.130807E-02	-9.959623E+01
8.30381250000E+05	1.113081E-02	-9.960217E+01
8.32250000000E+05	1.143066E-02	-1.002279E+02
8.34118750000E+05	1.119578E-02	-1.001417E+02
8.35987500000E+05	1.135443E-02	-9.974036E+01
8.37856250000E+05	1.122471E-02	-9.988013E+01
8.39725000000E+05	1.147756E-02	-9.937972E+01
8.41593750000E+05	1.140136E-02	-9.992259E+01
8.43462500000E+05	1.151650E-02	-9.920429E+01
8.45331250000E+05	1.170256E-02	-9.994072E+01
8.47200000000E+05	1.155528E-02	-9.963968E+01
8.49068750000E+05	1.153338E-02	-1.001003E+02
8.50937500000E+05	1.142228E-02	-1.004611E+02
8.52806250000E+05	1.147572E-02	-9.968991E+01
8.54675000000E+05	1.145444E-02	-1.002477E+02
8.56543750000E+05	1.167922E-02	-9.906989E+01
8.58412500000E+05	1.174233E-02	-1.003931E+02
8.60281250000E+05	1.185543E-02	-9.982384E+01
8.62150000000E+05	1.160677E-02	-1.006248E+02
8.64018750000E+05	1.164541E-02	-9.982841E+01
8.65887500000E+05	1.191719E-02	-9.965466E+01
8.67756250000E+05	1.182093E-02	-1.002964E+02
8.69625000000E+05	1.194418E-02	-1.000632E+02
8.71493750000E+05	1.175838E-02	-9.999368E+01
8.73362500000E+05	1.187561E-02	-9.978566E+01
8.75231250000E+05	1.195776E-02	-9.948546E+01
8.77100000000E+05	1.186676E-02	-9.994601E+01
8.78968750000E+05	1.191793E-02	-1.006945E+02
8.80837500000E+05	1.216285E-02	-9.994919E+01
8.82706250000E+05	1.194866E-02	-1.001835E+02
8.84575000000E+05	1.198024E-02	-1.008447E+02
8.86443750000E+05	1.196628E-02	-1.006429E+02
8.88312500000E+05	1.209275E-02	-1.007919E+02
8.90181250000E+05	1.215707E-02	-1.000475E+02
8.92050000000E+05	1.220379E-02	-1.005155E+02
8.93918750000E+05	1.209074E-02	-1.015720E+02
8.95787500000E+05	1.210605E-02	-1.011809E+02
8.97656250000E+05	1.225487E-02	-1.005601E+02
8.99525000000E+05	1.225003E-02	-1.003337E+02
9.01393750000E+05	1.223622E-02	-1.012176E+02
9.03262500000E+05	1.233403E-02	-1.005495E+02
9.05131250000E+05	1.238444E-02	-1.002230E+02
9.07000000000E+05	1.221577E-02	-1.008936E+02
9.08868750000E+05	1.260805E-02	-1.016193E+02
9.10737500000E+05	1.238175E-02	-1.000276E+02
9.12606250000E+05	1.236492E-02	-9.998030E+01
9.14475000000E+05	1.245150E-02	-1.016491E+02
9.16343750000E+05	1.244162E-02	-1.020091E+02
9.18212500000E+05	1.251270E-02	-1.006086E+02
9.20081250000E+05	1.244719E-02	-1.012822E+02
9.21950000000E+05	1.250489E-02	-1.013886E+02
9.23818750000E+05	1.240822E-02	-1.015907E+02
9.25687500000E+05	1.259422E-02	-1.015107E+02
9.27556250000E+05	1.247793E-02	-1.005080E+02
9.29425000000E+05	1.274402E-02	-1.008153E+02
9.31293750000E+05	1.280551E-02	-1.013633E+02
9.33162500000E+05	1.283025E-02	-1.006833E+02
9.35031250000E+05	1.303170E-02	-1.014843E+02
9.36900000000E+05	1.272848E-02	-1.001371E+02
9.38768750000E+05	1.291606E-02	-1.013508E+02
9.40637500000E+05	1.279174E-02	-1.010934E+02
9.42506250000E+05	1.295185E-02	-1.014243E+02
9.44375000000E+05	1.276296E-02	-1.010466E+02
9.46243750000E+05	1.280906E-02	-1.017813E+02
9.48112500000E+05	1.306568E-02	-1.010931E+02
9.49981250000E+05	1.282910E-02	-1.009860E+02
9.51850000000E+05	1.303495E-02	-1.010778E+02
9.53718750000E+05	1.282767E-02	-1.020378E+02
9.55587500000E+05	1.303929E-02	-1.016522E+02
9.57456250000E+05	1.308426E-02	-1.021688E+02
9.59325000000E+05	1.290891E-02	-1.016056E+02
9.61193750000E+05	1.296853E-02	-1.016445E+02
9.63062500000E+05	1.294810E-02	-1.013930E+02
9.64931250000E+05	1.331628E-02	-1.019776E+02
9.66800000000E+05	1.324396E-02	-1.018439E+02
9.68668750000E+05	1.316041E-02	-1.023945E+02
9.70537500000E+05	1.315582E-02	-1.020051E+02
9.72406250000E+05	1.325725E-02	-1.016505E+02
9.74275000000E+05	1.321370E-02	-1.023819E+02
9.76143750000E+05	1.332961E-02	-1.015865E+02
9.78012500000E+05	1.327090E-02	-1.015553E+02
9.79881250000E+05	1.326279E-02	-1.023670E+02
9.81750000000E+05	1.349059E-02	-1.023301E+02
9.83618750000E+05	1.339390E-02	-1.021318E+02
9.85487500000E+05	1.338154E-02	-1.024315E+02
9.87356250000E+05	1.346671E-02	-1.015520E+02
9.89225000000E+05	1.325211E-02	-1.028629E+02
9.91093750000E+05	1.354026E-02	-1.015560E+02
9.92962500000E+05	1.370039E-02	-1.022333E+02
9.94831250000E+05	1.351453E-02	-1.020746E+02
9.96700000000E+05	1.353783E-02	-1.017078E+02
9.98568750000E+05	1.363372E-02	-1.023337E+02
1.00043750000E+06	1.372774E-02	-1.018721E+02
1.00230625000E+06	1.371615E-02	-1.022357E+02
1.00417500000E+06	1.369666E-02	-1.017382E+02
1.00604375000E+06	1.356227E-02	-1.018310E+02
1.00791250000E+06	1.357956E-02	-1.022924E+02
1.00978125000E+06	1.394880E-02	-1.015291E+02
1.01165000000E+06	1.378257E-02	-1.027237E+02
1.01351875000E+06	1.383615E-02	-1.023969E+02
1.01538750000E+06	1.392341E-02	-1.015665E+02
1.01725625000E+06	1.381375E-02	-1.009853E+02
1.01912500000E+06	1.380620E-02	-1.024689E+02
1.02099375000E+06	1.383166E-02	-1.026434E+02
1.02286250000E+06	1.376488E-02	-1.017491E+02
1.02473125000E+06	1.393708E-02	-1.014685E+02
1.02660000000E+06	1.410944E-02	-1.017340E+02
1.02846875000E+06	1.391933E-02	-1.024198E+02
1.03033750000E+06	1.404621E-02	-1.021443E+02
1.03220625000E+06	1.398471E-02	-1.019632E+02
1.03407500000E+06	1.421987E-02	-1.025166E+02
1.03594375000E+06	1.418960E-02	-1.026662E+02
1.03781250000E+06	1.402526E-02	-1.021965E+02
1.03968125000E+06	1.416598E-02	-1.023152E+02
1.04155000000E+06	1.416592E-02	-1.022367E+02
1.04341875000E+06	1.437041E-02	-1.027293E+02
1.04528750000E+06	1.428078E-02	-1.021444E+02
1.04715625000E+06	1.425074E-02	-1.028926E+02
1.04902500000E+06	1.429169E-02	-1.024591E+02
1.05089375000E+06	1.430544E-02	-1.030023E+02
1.05276250000E+06	1.435728E-02	-1.029619E+02
1.05463125000E+06	1.439986E-02	-1.024770E+02
1.05650000000E+06	1.465939E-02	-1.034337E+02
1.05836875000E+06	1.431235E-02	-1.028377E+02
1.06023750000E+06	1.439625E-02	-1.029329E+02
1.06210625000E+06	1.424267E-02	-1.025589E+02
1.06397500000E+06	1.454957E-02	-1.032555E+02
1.06584375000E+06	1.460838E-02	-1.026426E+02
1.06771250000E+06	1.436179E-02	-1.028821E+02
1.06958125000E+06	1.448716E-02	-1.028767E+02
1.07145000000E+06	1.472148E-02	-1.025966E+02
1.07331875000E+06	1.461554E-02	-1.027419E+02
1.07518750000E+06	1.465189E-02	-1.029567E+02
1.07705625000E+06	1.456422E-02	-1.037062E+02
1.07892500000E+06	1.466564E-02	-1.032283E+02
1.08079375000E+06	1.489365E-02	-1.034043E+02
1.08266250000E+06	1.475681E-02	-1.028290E+02
1.08453125000E+06	1.470708E-02	-1.026446E+02
1.08640000000E+06	1.479281E-02	-1.031464E+02
1.08826875000E+06	1.485858E-02	-1.024933E+02
1.09013750000E+06	1.481401E-02	-1.034737E+02
1.09200625000E+06	1.495862E-02	-1.031798E+02
1.09387500000E+06	1.489891E-02	-1.027880E+02
1.09574375000E+06	1.492757E-02	-1.031411E+02
1.09761250000E+06	1.499102E-02	-1.029354E+02
1.09948125000E+06	1.498746E-02	-1.034473E+02
1.10135000000E+06	1.483168E-02	-1.034896E+02
1.10321875000E+06	1.485038E-02	-1.036613E+02
1.10508750000E+06	1.503951E-02	-1.027119E+02
1.10695625000E+06	1.504652E-02	-1.030979E+02
1.10882500000E+06	1.512054E-02	-1.029317E+02
1.11069375000E+06	1.529564E-02	-1.038042E+02
1.11256250000E+06	1.491836E-02	-1.036530E+02
1.11443125000E+06	1.528043E-02	-1.028499E+02
1.11630000000E+06	1.534788E-02	-1.043005E+02
1.11816875000E+06	1.520752E-02	-1.036984E+02
1.12003750000E+06	1.523756E-02	-1.026705E+02
1.12190625000E+06	1.535843E-02	-1.026509E+02
1.12377500000E+06	1.546562E-02	-1.037200E+02
1.12564375000E+06	1.510836E-02	-1.034387E+02
1.12751250000E+06	1.540936E-02	-1.039651E+02
1.12938125000E+06	1.548605E-02	-1.032600E+02
1.13125000000E+06	1.552872E-02	-1.038990E+02
1.13311875000E+06	1.554165E-02	-1.036001E+02
1.13498750000E+06	1.544260E-02	-1.034885E+02
1.13685625000E+06	1.540228E-02	-1.045265E+02
1.13872500000E+06	1.566355E-02	-1.036586E+02
1.14059375000E+06	1.569633E-02	-1.040304E+02
1.14246250000E+06	1.564708E-02	-1.037172E+02
1.14433125000E+06	1.563985E-02	-1.047035E+02
1.14620000000E+06	1.579445E-02	-1.038213E+02
1.14806875000E+06	1.570144E-02	-1.040434E+02
1.14993750000E+06	1.550445E-02	-1.040927E+02
1.15180625000E+06	1.582245E-02	-1.038020E+02
1.15367500000E+06	1.583568E-02	-1.042237E+02
1.15554375000E+06	1.587628E-02	-1.038164E+02
1.15741250000E+06	1.588817E-02	-1.036595E+02
1.15928125000E+06	1.576710E-02	-1.039123E+02
1.16115000000E+06	1.584923E-02	-1.038269E+02
1.16301875000E+06	1.576366E-02	-1.029194E+02
1.16488750000E+06	1.572060E-02	-1.040164E+02
1.16675625000E+06	1.605963E-02	-1.036330E+02
1.16862500000E+06	1.598719E-02	-1.045939E+02
1.17049375000E+06	1.588638E-02	-1.045074E+02
1.17236250000E+06	1.612399E-02	-1.039047E+02
1.17423125000E+06	1.600156E-02	-1.038592E+02
1.17610000000E+06	1.589529E-02	-1.042097E+02
1.17796875000E+06	1.602465E-02	-1.043617E+02
1.17983750000E+06	1.607929E-02	-1.052418E+02
1.18170625000E+06	1.605855E-02	-1.042706E+02
1.18357500000E+06	1.628576E-02	-1.041138E+02
1.18544375000E+06	1.601229E-02	-1.042623E+02
1.18731250000E+06	1.629547E-02	-1.036499E+02
1.18918125000E+06	1.627930E-02	-1.040366E+02
1.19105000000E+06	1.612313E-02	-1.042527E+02
1.19291875000E+06	1.628168E-02	-1.045917E+02
1.19478750000E+06	1.612415E-02	-1.046313E+02
1.19665625000E+06	1.636377E-02	-1.043717E+02
1.19852500000E+06	1.624090E-02	-1.039548E+02
1.20039375000E+06	1.630110E-02	-1.044059E+02
1.20226250000E+06	1.671206E-02	-1.043096E+02
1.20413125000E+06	1.648943E-02	-1.042952E+02
1.20600000000E+06	1.641601E-02	-1.043585E+02
1.20786875000E+06	1.648571E-02	-1.036525E+02
1.20973750000E+06	1.668254E-02	-1.040509E+02
1.21160625000E+06	1.650399E-02	-1.044524E+02
1.21347500000E+06	1.643976E-02	-1.038667E+02
1.21534375000E+06	1.673232E-02	-1.049768E+02
1.21721250000E+06	1.651231E-02	-1.049382E+02
1.21908125000E+06	1.677082E-02	-1.043583E+02
1.22095000000E+06	1.673527E-02	-1.046690E+02
1.22281875000E+06	1.654927E-02	-1.044955E+02
1.22468750000E+06	1.651913E-02	-1.040577E+02
1.22655625000E+06	1.697434E-02	-1.049384E+02
1.22842500000E+06	1.679519E-02	-1.051998E+02
1.23029375000E+06	1.672766E-02	-1.046201E+02
1.23216250000E+06	1.676369E-02	-1.048772E+02
1.23403125000E+06	1.686075E-02	-1.051986E+02
1.23590000000E+06	1.679626E-02	-1.042073E+02
1.23776875000E+06	1.700792E-02	-1.052504E+02
1.23963750000E+06	1.692014E-02	-1.047855E+02
1.24150625000E+06	1.694105E-02	-1.049119E+02
1.24337500000E+06	1.694802E-02	-1.049337E+02
1.24524375000E+06	1.694603E-02	-1.043082E+02
1.24711250000E+06	1.686798E-02	-1.052266E+02
1.24898125000E+06	1.688419E-02	-1.056999E+02
1.25085000000E+06	1.721141E-02	-1.052837E+02
1.25271875000E+06	1.721421E-02	-1.054583E+02
1.25458750000E+06	1.704377E-02	-1.047719E+02
1.25645625000E+06	1.725409E-02	-1.050134E+02
1.25832500000E+06	1.718056E-02	-1.049453E+02
1.26019375000E+06	1.735791E-02	-1.045246E+02
1.26206250000E+06	1.721057E-02	-1.049485E+02
1.26393125000E+06	1.742701E-02	-1.063785E+02
1.26580000000E+06	1.758096E-02	-1.060403E+02
1.26766875000E+06	1.733442E-02	-1.054428E+02
1.26953750000E+06	1.727260E-02	-1.055914E+02
1.27140625000E+06	1.739648E-02	-1.055306E+02
1.27327500000E+06	1.751583E-02	-1.053890E+02
1.27514375000E+06	1.738689E-02	-1.052751E+02
1.27701250000E+06	1.742751E-02	-1.050498E+02
1.27888125000E+06	1.761275E-02	-1.052370E+02
1.28075000000E+06	1.755271E-02	-1.058729E+02
1.28261875000E+06	1.725474E-02	-1.050380E+02
1.28448750000E+06	1.748811E-02	-1.050224E+02
1.28635625000E+06	1.764022E-02	-1.052106E+02
1.28822500000E+06	1.748935E-02	-1.056979E+02
1.29009375000E+06	1.761724E-02	-1.060887E+02
1.29196250000E+06	1.754867E-02	-1.056320E+02
1.29383125000E+06	1.775548E-02	-1.056587E+02
1.29570000000E+06	1.758551E-02	-1.057930E+02
1.29756875000E+06	1.773872E-02	-1.057691E+02
1.29943750000E+06	1.764506E-02	-1.054519E+02
1.30130625000E+06	1.775326E-02	-1.057875E+02
1.30317500000E+06	1.774934E-02	-1.059923E+02
1.30504375000E+06	1.787253E-02	-1.057320E+02
1.30691250000E+06	1.807430E-02	-1.052545E+02
1.30878125000E+06	1.789006E-02	-1.059642E+02
1.31065000000E+06	1.776981E-02	-1.055117E+02
1.31251875000E+06	1.778924E-02	-1.057741E+02
1.31438750000E+06	1.797009E-02	-1.059976E+02
1.31625625000E+06	1.797714E-02	-1.057508E+02
1.31812500000E+06	1.829742E-02	-1.058151E+02
1.31999375000E+06	1.815056E-02	-1.058175E+02
1.32186250000E+06	1.793567E-02	-1.058711E+02
1.32373125000E+06	1.803147E-02	-1.059267E+02
1.32560000000E+06	1.804403E-02	-1.063492E+02
1.32746875000E+06	1.810437E-02	-1.055736E+02
1.32933750000E+06	1.823482E-02	-1.061383E+02
1.33120625000E+06	1.811039E-02	-1.069547E+02
1.33307500000E+06	1.833036E-02	-1.059984E+02
1.33494375000E+06	1.823469E-02	-1.061450E+02
1.33681250000E+06	1.819054E-02	-1.063540E+02
1.33868125000E+06	1.815101E-02	-1.054153E+02
1.34055000000E+06	1.821085E-02	-1.057528E+02
1.34241875000E+06	1.824686E-02	-1.057973E+02
1.34428750000E+06	1.851954E-02	-1.063320E+02
1.34615625000E+06	1.822029E-02	-1.059840E+02
1.34802500000E+06	1.825697E-02	-1.057170E+02
1.34989375000E+06	1.831709E-02	-1.062069E+02
1.35176250000E+06	1.849340E-02	-1.063247E+02
1.35363125000E+06	1.857303E-02	-1.054568E+02
1.35550000000E+06	1.853723E-02	-1.060009E+02
1.35736875000E+06	1.863457E-02	-1.064695E+02
1.35923750000E+06	1.855292E-02	-1.061408E+02
1.36110625000E+06	1.862385E-02	-1.060311E+02
1.36297500000E+06	1.861596E-02	-1.059811E+02
1.36484375000E+06	1.876668E-02	-1.060159E+02
1.36671250000E+06	1.858755E-02	-1.065556E+02
1.36858125000E+06	1.871636E-02	-1.061111E+02
1.37045000000E+06	1.886640E-02	-1.065554E+02
1.37231875000E+06	1.873763E-02	-1.065049E+02
1.37418750000E+06	1.868545E-02	-1.063029E+02
1.37605625000E+06	1.873106E-02	-1.065329E+02
1.37792500000E+06	1.874417E-02	-1.063920E+02
1.37979375000E+06	1.893746E-02	-1.063474E+02
1.38166250000E+06	1.897618E-02	-1.066728E+02
1.38353125000E+06	1.906071E-02	-1.069901E+02
1.38540000000E+06	1.882982E-02	-1.067442E+02
1.38726875000E+06	1.899235E-02	-1.069161E+02
1.38913750000E+06	1.902152E-02	-1.063781E+02
1.39100625000E+06	1.900866E-02	-1.063356E+02
1.39287500000E+06	1.896306E-02	-1.061961E+02
1.39474375000E+06	1.915134E-02	-1.071366E+02
1.39661250000E+06	1.930771E-02	-1.062657E+02
1.39848125000E+06	1.899930E-02	-1.065657E+02
1.40035000000E+06	1.916886E-02	-1.066784E+02
1.40221875000E+06	1.912384E-02	-1.069014E+02
1.40408750000E+06	1.932839E-02	-1.065788E+02
1.40595625000E+06	1.918404E-02	-1.064098E+02
1.40782500000E+06	1.934658E-02	-1.068034E+02
1.40969375000E+06	1.917998E-02	-1.070589E+02
1.41156250000E+06	1.948164E-02	-1.072421E+02
1.41343125000E+06	1.916732E-02	-1.069382E+02
1.41530000000E+06	1.942765E-02	-1.071983E+02
1.41716875000E+06	1.924008E-02	-1.066588E+02
1.41903750000E+06	1.923409E-02	-1.074133E+02
1.42090625000E+06	1.948382E-02	-1.072439E+02
1.42277500000E+06	1.964934E-02	-1.068735E+02
1.42464375000E+06	1.934651E-02	-1.069821E+02
1.42651250000E+06	1.955474E-02	-1.073282E+02
1.42838125000E+06	1.978057E-02	-1.066312E+02
1.43025000000E+06	1.963523E-02	-1.065981E+02
1.43211875000E+06	1.968417E-02	-1.074042E+02
1.43398750000E+06	1.963182E-02	-1.073835E+02
1.43585625000E+06	1.970429E-02	-1.071627E+02
1.43772500000E+06	1.969276E-02	-1.075795E+02
1.43959375000E+06	1.983769E-02	-1.073877E+02
1.44146250000E+06	1.952588E-02	-1.070917E+02
1.44333125000E+06	1.969210E-02	-1.072373E+02
1.44520000000E+06	1.964426E-02	-1.078441E+02
1.44706875000E+06	1.974769E-02	-1.069741E+02
1.44893750000E+06	1.966553E-02	-1.075181E+02
1.45080625000E+06	1.968292E-02	-1.070632E+02
1.45267500000E+06	1.986899E-02	-1.067878E+02
1.45454375000E+06	1.989193E-02	-1.070578E+02
1.45641250000E+06	1.986294E-02	-1.080818E+02
1.45828125000E+06	1.994688E-02	-1.074753E+02
1.46015000000E+06	2.012158E-02	-1.079172E+02
1.46201875000E+06	1.993057E-02	-1.078367E+02
1.46388750000E+06	2.002316E-02	-1.075577E+02
1.46575625000E+06	2.018093E-02	-1.072329E+02
1.46762500000E+06	2.007154E-02	-1.078381E+02
1.46949375000E+06	2.018784E-02	-1.083028E+02
1.47136250000E+06	2.027363E-02	-1.069679E+02
1.47323125000E+06	2.022170E-02	-1.073399E+02
1.47510000000E+06	2.021171E-02	-1.076796E+02
1.47696875000E+06	2.036813E-02	-1.075184E+02
1.47883750000E+06	2.019159E-02	-1.072800E+02
1.48070625000E+06	2.027134E-02	-1.082951E+02
1.48257500000E+06	2.027649E-02	-1.074663E+02
1.48444375000E+06	2.023991E-02	-1.075424E+02
1.48631250000E+06	2.019677E-02	-1.078627E+02
1.48818125000E+06	2.033901E-02	-1.080446E+02
1.49005000000E+06	2.035865E-02	-1.077394E+02
1.49191875000E+06	2.037343E-02	-1.080773E+02
1.49378750000E+06	2.046956E-02	-1.076160E+02
1.49565625000E+06	2.055993E-02	-1.083380E+02
1.49752500000E+06	2.048542E-02	-1.084522E+02
1.49939375000E+06	2.053706E-02	-1.077291E+02
1.50126250000E+06	2.050155E-02	-1.082409E+02
1.50313125000E+06	2.067415E-02	-1.078035E+02
1.50500000000E+06	2.058488E-02	-1.081118E+02
1.50686875000E+06	2.048977E-02	-1.081234E+02
1.50873750000E+06	2.083497E-02	-1.076436E+02
1.51060625000E+06	2.072616E-02	-1.085197E+02
1.51247500000E+06	2.079469E-02	-1.079705E+02
1.51434375000E+06	2.072981E-02	-1.083228E+02
1.51621250000E+06	2.090383E-02	-1.077688E+02
1.51808125000E+06	2.070944E-02	-1.081632E+02
1.51995000000E+06	2.071111E-02	-1.081437E+02
1.52181875000E+06	2.095306E-02	-1.081501E+02
1.52368750000E+06	2.078143E-02	-1.084950E+02
1.52555625000E+06	2.082619E-02	-1.084272E+02
1.52742500000E+06	2.104733E-02	-1.083840E+02
1.52929375000E+06	2.094477E-02	-1.079867E+02
1.53116250000E+06	2.092751E-02	-1.082729E+02
1.53303125000E+06	2.116330E-02	-1.087452E+02
1.53490000000E+06	2.097166E-02	-1.082592E+02
1.53676875000E+06	2.104678E-02	-1.085470E+02
1.53863750000E+06	2.127353E-02	-1.083390E+02
1.54050625000E+06	2.114768E-02	-1.089918E+02
1.54237500000E+06	2.110175E-02	-1.087032E+02
1.54424375000E+06	2.118088E-02	-1.085956E+02
1.54611250000E+06	2.118899E-02	-1.082530E+02
1.54798125000E+06	2.154223E-02	-1.084145E+02
1.54985000000E+06	2.125178E-02	-1.095204E+02
1.55171875000E+06	2.133405E-02	-1.085834E+02
1.55358750000E+06	2.104480E-02	-1.085710E+02
1.55545625000E+06	2.087034E-02	-1.093505E+02
1.55732500000E+06	2.124094E-02	-1.097540E+02
1.55919375000E+06	2.129959E-02	-1.085926E+02
1.56106250000E+06	2.123677E-02	-1.090486E+02
1.56293125000E+06	2.114032E-02	-1.101535E+02
1.56480000000E+06	2.155923E-02	-1.084132E+02
1.56666875000E+06	2.130595E-02	-1.080262E+02
1.56853750000E+06	2.150768E-02	-1.096006E+02
1.57040625000E+06	2.156604E-02	-1.092291E+02
1.57227500000E+06	2.176463E-02	-1.094854E+02
1.57414375000E+06	2.170193E-02	-1.096201E+02
1.57601250000E+06	2.180721E-02	-1.093563E+02
1.57788125000E+06	2.165480E-02	-1.086302E+02
1.57975000000E+06	2.138760E-02	-1.083992E+02
1.58161875000E+06	2.195558E-02	-1.093002E+02
1.58348750000E+06	2.150636E-02	-1.086488E+02
1.58535625000E+06	2.154513E-02	-1.083796E+02
1.58722500000E+06	2.207880E-02	-1.090747E+02
1.58909375000E+06	2.154903E-02	-1.090452E+02
1.59096250000E+06	2.178680E-02	-1.092336E+02
1.59283125000E+06	2.132943E-02	-1.095863E+02
1.59470000000E+06	2.192566E-02	-1.096089E+02
1.59656875000E+06	2.206138E-02	-1.087112E+02
1.59843750000E+06	2.193429E-02	-1.097482E+02
1.60030625000E+06	2.180390E-02	-1.095932E+02
1.60217500000E+06	2.173382E-02	-1.095874E+02
1.60404375000E+06	2.178452E-02	-1.095199E+02
1.60591250000E+06	2.197479E-02	-1.091906E+02
1.60778125000E+06	2.183736E-02	-1.092034E+02
1.60965000000E+06	2.229736E-02	-1.091014E+02
1.61151875000E+06	2.197439E-02	-1.095015E+02
1.61338750000E+06	2.229742E-02	-1.095642E+02
1.61525625000E+06	2.216154E-02	-1.098444E+02
1.61712500000E+06	2.235613E-02	-1.088689E+02
1.61899375000E+06	2.214579E-02	-1.097824E+02
1.62086250000E+06	2.221741E-02	-1.094558E+02
1.62273125000E+06	2.233760E-02	-1.093963E+02
1.62460000000E+06	2.219730E-02	-1.094279E+02
1.62646875000E+06	2.219509E-02	-1.097838E+02
1.62833750000E+06	2.217424E-02	-1.096388E+02
1.63020625000E+06	2.230695E-02	-1.097454E+02
1.63207500000E+06	2.231146E-02	-1.095437E+02
1.63394375000E+06	2.237060E-02	-1.096442E+02
1.63581250000E+06	2.246741E-02	-1.091134E+02
1.63768125000E+06	2.252139E-02	-1.096674E+02
1.63955000000E+06	2.244084E-02	-1.097692E+02
1.64141875000E+06	2.268911E-02	-1.097322E+02
1.64328750000E+06	2.255101E-02	-1.097342E+02
1.64515625000E+06	2.260810E-02	-1.102680E+02
1.64702500000E+06	2.262389E-02	-1.090641E+02
1.64889375000E+06	2.283552E-02	-1.098553E+02
1.65076250000E+06	2.255659E-02	-1.098414E+02
1.65263125000E+06	2.257292E-02	-1.101708E+02
1.65450000000E+06	2.297708E-02	-1.101889E+02
1.65636875000E+06	2.293259E-02	-1.099005E+02
1.65823750000E+06	2.236207E-02	-1.104006E+02
1.66010625000E+06	2.276355E-02	-1.094486E+02
1.66197500000E+06	2.284195E-02	-1.096209E+02
1.66384375000E+06	2.295977E-02	-1.100958E+02
1.66571250000E+06	2.310308E-02	-1.095662E+02
1.66758125000E+06	2.307480E-02	-1.098627E+02
1.66945000000E+06	2.291120E-02	-1.096097E+02
1.67131875000E+06	2.304771E-02	-1.101923E+02
1.67318750000E+06	2.291297E-02	-1.095557E+02
1.67505625000E+06	2.307570E-02	-1.102627E+02
1.67692500000E+06	2.314427E-02	-1.099505E+02
1.67879375000E+06	2.272332E-02	-1.099095E+02
1.68066250000E+06	2.318616E-02	-1.103148E+02
1.68253125000E+06	2.329897E-02	-1.104297E+02
1.68440000000E+06	2.336661E-02	-1.096004E+02
1.68626875000E+06	2.323929E-02	-1.105941E+02
1.68813750000E+06	2.305527E-02	-1.107310E+02
1.69000625000E+06	2.332850E-02	-1.099137E+02
1.69187500000E+06	2.339230E-02	-1.101679E+02
1.69374375000E+06	2.344944E-02	-1.101522E+02
1.69561250000E+06	2.286264E-02	-1.103550E+02
1.69748125000E+06	2.315828E-02	-1.108349E+02
1.69935000000E+06	2.360222E-02	-1.105461E+02
1.70121875000E+06	2.315716E-02	-1.101446E+02
1.70308750000E+06	2.338361E-02	-1.104604E+02
1.70495625000E+06	2.359412E-02	-1.106387E+02
1.70682500000E+06	2.353008E-02	-1.104661E+02
1.70869375000E+06	2.349679E-02	-1.100645E+02
1.71056250000E+06	2.384898E-02	-1.106578E+02
1.71243125000E+06	2.389187E-02	-1.105683E+02
1.71430000000E+06	2.337533E-02	-1.107956E+02
1.71616875000E+06	2.351724E-02	-1.100500E+02
1.71803750000E+06	2.369758E-02	-1.102599E+02
1.71990625000E+06	2.356659E-02	-1.100868E+02
1.72177500000E+06	2.367149E-02	-1.106900E+02
1.72364375000E+06	2.371323E-02	-1.110625E+02
1.72551250000E+06	2.377632E-02	-1.100339E+02
1.72738125000E+06	2.391369E-02	-1.102704E+02
1.72925000000E+06	2.372653E-02	-1.112628E+02
1.73111875000E+06	2.368077E-02	-1.103493E+02
1.73298750000E+06	2.410175E-02	-1.105664E+02
1.73485625000E+06	2.369419E-02	-1.111953E+02
1.73672500000E+06	2.380479E-02	-1.112981E+02
1.73859375000E+06	2.380981E-02	-1.108779E+02
1.74046250000E+06	2.411688E-02	-1.107270E+02
1.74233125000E+06	2.393026E-02	-1.111879E+02
1.74420000000E+06	2.394868E-02	-1.114192E+02
1.74606875000E+06	2.395493E-02	-1.109790E+02
1.74793750000E+06	2.403259E-02	-1.108657E+02
1.74980625000E+06	2.418476E-02	-1.105998E+02
1.75167500000E+06	2.408316E-02	-1.113918E+02
1.75354375000E+06	2.400358E-02	-1.114906E+02
1.75541250000E+06	2.403347E-02	-1.114046E+02
1.75728125000E+06	2.416446E-02	-1.114279E+02
1.75915000000E+06	2.408297E-02	-1.117498E+02
1.76101875000E+06	2.429075E-02	-1.111353E+02
1.76288750000E+06	2.428990E-02	-1.113374E+02
1.76475625000E+06	2.424129E-02	-1.112275E+02
1.76662500000E+06	2.435257E-02	-1.114936E+02
1.76849375000E+06	2.437455E-02	-1.113571E+02
1.77036250000E+06	2.428931E-02	-1.115047E+02
1.77223125000E+06	2.438980E-02	-1.113093E+02
1.77410000000E+06	2.445943E-02	-1.114738E+02
1.77596875000E+06	2.446646E-02	-1.117378E+02
1.77783750000E+06	2.461015E-02	-1.114752E+02
1.77970625000E+06	2.458715E-02	-1.111827E+02
1.78157500000E+06	2.450657E-02	-1.114570E+02
1.78344375000E+06	2.474483E-02	-1.112169E+02
1.78531250000E+06	2.444611E-02	-1.116521E+02
1.78718125000E+06	2.439228E-02	-1.115927E+02
1.78905000000E+06	2.459570E-02	-1.114339E+02
1.79091875000E+06	2.453336E-02	-1.115605E+02
1.79278750000E+06	2.467581E-02	-1.111677E+02
1.79465625000E+06	2.467321E-02	-1.120792E+02
1.79652500000E+06	2.478248E-02	-1.120284E+02
1.79839375000E+06	2.511902E-02	-1.115473E+02
1.80026250000E+06	2.465041E-02	-1.121169E+02
1.80213125000E+06	2.484489E-02	-1.111013E+02
1.80400000000E+06	2.465076E-02	-1.116105E+02
1.80586875000E+06	2.497437E-02	-1.113628E+02
1.80773750000E+06	2.459982E-02	-1.118714E+02
1.80960625000E+06	2.495143E-02	-1.117466E+02
1.81147500000E+06	2.481817E-02	-1.118352E+02
1.81334375000E+06	2.506017E-02	-1.114446E+02
1.81521250000E+06	2.514447E-02	-1.118705E+02
1.81708125000E+06	2.530143E-02	-1.126369E+02
1.81895000000E+06	2.493571E-02	-1.123462E+02
1.82081875000E+06	2.518331E-02	-1.120781E+02
1.82268750000E+06	2.543980E-02	-1.122312E+02
1.82455625000E+06	2.486099E-02	-1.127913E+02
1.82642500000E+06	2.546650E-02	-1.113850E+02
1.82829375000E+06	2.509233E-02	-1.119169E+02
1.83016250000E+06	2.501779E-02	-1.116993E+02
1.83203125000E+06	2.518378E-02	-1.117221E+02
1.83390000000E+06	2.545909E-02	-1.124053E+02
1.83576875000E+06	2.524706E-02	-1.115029E+02
1.83763750000E+06	2.513994E-02	-1.117237E+02
1.83950625000E+06	2.542380E-02	-1.123328E+02
1.84137500000E+06	2.553489E-02	-1.126165E+02
1.84324375000E+06	2.538306E-02	-1.123681E+02
1.84511250000E+06	2.525644E-02	-1.126532E+02
1.84698125000E+06	2.532980E-02	-1.127732E+02
1.84885000000E+06	2.554893E-02	-1.129802E+02
1.85071875000E+06	2.571868E-02	-1.127376E+02
1.85258750000E+06	2.559677E-02	-1.128863E+02
1.85445625000E+06	2.540918E-02	-1.131031E+02
1.85632500000E+06	2.551231E-02	-1.131486E+02
1.85819375000E+06	2.559936E-02	-1.128286E+02
1.86006250000E+06	2.565296E-02	-1.129151E+02
1.86193125000E+06	2.578545E-02	-1.122384E+02
1.86380000000E+06	2.570456E-02	-1.128278E+02
1.86566875000E+06	2.503991E-02	-1.127298E+02
1.86753750000E+06	2.503713E-02	-1.122173E+02
1.86940625000E+06	2.499319E-02	-1.125815E+02
1.87127500000E+06	2.538631E-02	-1.130234E+02
1.87314375000E+06	2.514494E-02	-1.123375E+02
1.87501250000E+06	2.524279E-02	-1.124418E+02
1.87688125000E+06	2.528602E-02	-1.126292E+02
1.87875000000E+06	2.532370E-02	-1.126532E+02
1.88061875000E+06	2.497325E-02	-1.130695E+02
1.88248750000E+06	2.524438E-02	-1.126752E+02
1.88435625000E+06	2.523085E-02	-1.122181E+02
1.88622500000E+06	2.525342E-02	-1.126582E+02
1.88809375000E+06	2.526871E-02	-1.125348E+02
1.88996250000E+06	2.527416E-02	-1.130107E+02
1.89183125000E+06	2.542987E-02	-1.129322E+02
1.89370000000E+06	2.526374E-02	-1.124881E+02
1.89556875000E+06	2.520065E-02	-1.123744E+02
1.89743750000E+06	2.521806E-02	-1.127778E+02
1.89930625000E+06	2.553929E-02	-1.130364E+02
1.90117500000E+06	2.544503E-02	-1.126803E+02
1.90304375000E+06	2.529123E-02	-1.129099E+02
1.90491250000E+06	2.521358E-02	-1.128324E+02
1.90678125000E+06	2.540043E-02	-1.131721E+02
1.90865000000E+06	2.549109E-02	-1.122560E+02
1.91051875000E+06	2.547391E-02	-1.128355E+02
1.91238750000E+06	2.537878E-02	-1.128065E+02
1.91425625000E+06	2.553834E-02	-1.130823E+02
1.91612500000E+06	2.535295E-02	-1.130195E+02
1.91799375000E+06	2.548238E-02	-1.128389E+02
1.91986250000E+06	2.557177E-02	-1.123789E+02
1.92173125000E+06	2.542144E-02	-1.123392E+02
1.92360000000E+06	2.558972E-02	-1.132072E+02
1.92546875000E+06	2.566815E-02	-1.123939E+02
1.92733750000E+06	2.566418E-02	-1.128598E+02
1.92920625000E+06	2.565126E-02	-1.126684E+02
1.93107500000E+06	2.552745E-02	-1.125096E+02
1.93294375000E+06	2.568126E-02	-1.126926E+02
1.93481250000E+06	2.561636E-02	-1.127770E+02
1.93668125000E+06	2.559646E-02	-1.124069E+02
1.93855000000E+06	2.584676E-02	-1.121980E+02
1.94041875000E+06	2.616551E-02	-1.121850E+02
1.94228750000E+06	2.573459E-02	-1.117705E+02
1.94415625000E+06	2.591755E-02	-1.120299E+02
1.94602500000E+06	2.578452E-02	-1.121500E+02
1.94789375000E+06	2.585843E-02	-1.119831E+02
1.94976250000E+06	2.606384E-02	-1.119042E+02
1.95163125000E+06	2.622331E-02	-1.120997E+02
1.95350000000E+06	2.610189E-02	-1.115867E+02
1.95536875000E+06	2.603388E-02	-1.117177E+02
1.95723750000E+06	2.624795E-02	-1.113822E+02
1.95910625000E+06	2.632393E-02	-1.118385E+02
1.96097500000E+06	2.636462E-02	-1.114832E+02
1.96284375000E+06	2.632681E-02	-1.114110E+02
1.96471250000E+06	2.634950E-02	-1.111896E+02
1.96658125000E+06	2.668403E-02	-1.107615E+02
1.96845000000E+06	2.650605E-02	-1.118956E+02
1.97031875000E+06	2.655263E-02	-1.110253E+02
1.97218750000E+06	2.669773E-02	-1.117501E+02
1.97405625000E+06	2.693192E-02	-1.109372E+02
1.97592500000E+06	2.704148E-02	-1.110439E+02
1.97779375000E+06	2.720169E-02	-1.113992E+02
1.97966250000E+06	2.691275E-02	-1.108847E+02
1.98153125000E+06	2.733259E-02	-1.112604E+02
1.98340000000E+06	2.732979E-02	-1.114709E+02
1.98526875000E+06	2.725668E-02	-1.117398E+02
1.98713750000E+06	2.750843E-02	-1.122678E+02
1.98900625000E+06	2.742489E-02	-1.129347E+02
1.99087500000E+06	2.743817E-02	-1.124461E+02
1.99274375000E+06	2.758187E-02	-1.113770E+02
1.99461250000E+06	2.807338E-02	-1.113787E+02
1.99648125000E+06	2.782555E-02	-1.115078E+02
1.99835000000E+06	2.802631E-02	-1.112466E+02
2.00021875000E+06	2.817625E-02	-1.114782E+02
2.00208750000E+06	2.802043E-02	-1.135373E+02
2.00395625000E+06	2.797905E-02	-1.150393E+02
2.00582500000E+06	2.778831E-02	-1.150766E+02
2.00769375000E+06	2.761421E-02	-1.151485E+02
2.00956250000E+06	2.774410E-02	-1.150673E+02
2.01143125000E+06	2.763530E-02	-1.149993E+02
2.01330000000E+06	2.757377E-02	-1.158154E+02
2.01516875000E+06	2.756625E-02	-1.154067E+02
2.01703750000E+06	2.786374E-02	-1.151722E+02
2.01890625000E+06	2.793701E-02	-1.151309E+02
2.02077500000E+06	2.774413E-02	-1.150616E+02
2.02264375000E+06	2.779559E-02	-1.151001E+02
2.02451250000E+06	2.785178E-02	-1.151620E+02
2.02638125000E+06	2.801048E-02	-1.149980E+02
2.02825000000E+06	2.826165E-02	-1.152153E+02
2.03011875000E+06	2.817355E-02	-1.149612E+02
2.03198750000E+06	2.804384E-02	-1.154593E+02
2.03385625000E+06	2.808999E-02	-1.151834E+02
2.03572500000E+06	2.813744E-02	-1.151494E+02
2.03759375000E+06	2.817618E-02	-1.154847E+02
2.03946250000E+06	2.824552E-02	-1.153679E+02
2.04133125000E+06	2.838329E-02	-1.152876E+02
2.04320000000E+06	2.829761E-02	-1.159832E+02
2.04506875000E+06	2.819954E-02	-1.154322E+02
2.04693750000E+06	2.841368E-02	-1.156045E+02
2.04880625000E+06	2.846372E-02	-1.156442E+02
2.05067500000E+06	2.829172E-02	-1.154179E+02
2.05254375000E+06	2.843638E-02	-1.159610E+02
2.05441250000E+06	2.845506E-02	-1.158912E+02
2.05628125000E+06	2.821027E-02	-1.154521E+02
2.05815000000E+06	2.859506E-02	-1.157281E+02
2.06001875000E+06	2.857392E-02	-1.156156E+02
2.06188750000E+06	2.842434E-02	-1.158231E+02
2.06375625000E+06	2.852562E-02	-1.160726E+02
2.06562500000E+06	2.864827E-02	-1.154544E+02
2.06749375000E+06	2.863957E-02	-1.154438E+02
2.06936250000E+06	2.868180E-02	-1.153406E+02
2.07123125000E+06	2.872690E-02	-1.156985E+02
2.07310000000E+06	2.884422E-02	-1.152350E+02
2.07496875000E+06	2.871688E-02	-1.156082E+02
2.07683750000E+06	2.898552E-02	-1.159839E+02
2.07870625000E+06	2.878354E-02	-1.156961E+02
2.08057500000E+06	2.884726E-02	-1.157358E+02
2.08244375000E+06	2.889800E-02	-1.158510E+02
2.08431250000E+06	2.876491E-02	-1.155555E+02
2.08618125000E+06	2.896120E-02	-1.158650E+02
2.08805000000E+06	2.903149E-02	-1.158273E+02
2.08991875000E+06	2.887519E-02	-1.157584E+02
2.09178750000E+06	2.894257E-02	-1.159112E+02
2.09365625000E+06	2.903147E-02	-1.156417E+02
2.09552500000E+06	2.898593E-02	-1.159557E+02
2.09739375000E+06	2.889085E-02	-1.157323E+02
2.09926250000E+06	2.912999E-02	-1.159533E+02
2.10113125000E+06	2.925199E-02	-1.158151E+02
2.10300000000E+06	2.922962E-02	-1.158746E+02
2.10486875000E+06	2.923947E-02	-1.156010E+02
2.10673750000E+06	2.918885E-02	-1.159106E+02
2.10860625000E+06	2.911078E-02	-1.160111E+02
2.11047500000E+06	2.915309E-02	-1.160722E+02
2.11234375000E+06	2.928794E-02	-1.162805E+02
2.11421250000E+06	2.937879E-02	-1.160485E+02
2.11608125000E+06	2.919130E-02	-1.159891E+02
2.11795000000E+06	2.927904E-02	-1.160898E+02
2.11981875000E+06	2.932399E-02	-1.159664E+02
2.12168750000E+06	2.931663E-02	-1.160996E+02
2.12355625000E+06	2.971891E-02	-1.158220E+02
2.12542500000E+06	2.948148E-02	-1.160178E+02
2.12729375000E+06	2.950499E-02	-1.159228E+02
2.12916250000E+06	2.943571E-02	-1.159556E+02
2.13103125000E+06	2.942856E-02	-1.162839E+02
2.13290000000E+06	2.963863E-02	-1.162471E+02
2.13476875000E+06	2.980880E-02	-1.161298E+02
2.13663750000E+06	2.975718E-02	-1.159426E+02
2.13850625000E+06	2.965864E-02	-1.163252E+02
2.14037500000E+06	2.984539E-02	-1.161962E+02
2.14224375000E+06	2.982671E-02	-1.161965E+02
2.14411250000E+06	2.984571E-02	-1.167708E+02
2.14598125000E+06	2.990994E-02	-1.164105E+02
2.14785000000E+06	2.976488E-02	-1.165691E+02
2.14971875000E+06	2.998577E-02	-1.164272E+02
2.15158750000E+06	2.985498E-02	-1.166820E+02
2.15345625000E+06	2.983423E-02	-1.164317E+02
2.15532500000E+06	2.978980E-02	-1.169995E+02
2.15719375000E+06	3.003088E-02	-1.169149E+02
2.15906250000E+06	2.999828E-02	-1.164721E+02
2.16093125000E+06	2.997088E-02	-1.165712E+02
2.16280000000E+06	3.028959E-02	-1.167016E+02
2.16466875000E+06	3.022887E-02	-1.167785E+02
2.16653750000E+06	3.024948E-02	-1.164999E+02
2.16840625000E+06	3.031793E-02	-1.171345E+02
2.17027500000E+06	3.021727E-02	-1.169553E+02
2.17214375000E+06	2.988038E-02	-1.167130E+02
2.17401250000E+06	3.039439E-02	-1.165318E+02
2.17588125000E+06	3.017684E-02	-1.166127E+02
2.17775000000E+06	3.046682E-02	-1.164878E+02
2.17961875000E+06	3.045530E-02	-1.165267E+02
2.18148750000E+06	3.044204E-02	-1.164688E+02
2.18335625000E+06	3.037214E-02	-1.165708E+02
2.18522500000E+06	3.039349E-02	-1.169374E+02
2.18709375000E+06	3.017738E-02	-1.163332E+02
2.18896250000E+06	3.065971E-02	-1.171121E+02
2.19083125000E+06	3.077897E-02	-1.173114E+02
2.19270000000E+06	3.056570E-02	-1.174125E+02
2.19456875000E+06	3.055678E-02	-1.174592E+02
2.19643750000E+06	3.070882E-02	-1.171462E+02
2.19830625000E+06	3.052617E-02	-1.166771E+02
2.20017500000E+06	3.093353E-02	-1.169020E+02
2.20204375000E+06	3.068050E-02	-1.168849E+02
2.20391250000E+06	3.072323E-02	-1.166784E+02
2.20578125000E+06	3.100158E-02	-1.169428E+02
2.20765000000E+06	3.059840E-02	-1.171224E+02
2.20951875000E+06	3.089848E-02	-1.173408E+02
2.21138750000E+06	3.072605E-02	-1.174637E+02
2.21325625000E+06	3.098333E-02	-1.174581E+02
2.21512500000E+06	3.073727E-02	-1.168961E+02
2.21699375000E+06	3.101155E-02	-1.178723E+02
2.21886250000E+06	3.093783E-02	-1.173357E+02
2.22073125000E+06	3.113578E-02	-1.169989E+02
2.22260000000E+06	3.115870E-02	-1.174441E+02
2.22446875000E+06	3.071627E-02	-1.168372E+02
2.22633750000E+06	3.099856E-02	-1.171754E+02
2.22820625000E+06	3.086188E-02	-1.173264E+02
2.23007500000E+06	3.119379E-02	-1.174483E+02
2.23194375000E+06	3.098037E-02	-1.169611E+02
2.23381250000E+06	3.096183E-02	-1.173222E+02
2.23568125000E+06	3.126795E-02	-1.174552E+02
2.23755000000E+06	3.131437E-02	-1.173611E+02
2.23941875000E+06	3.122615E-02	-1.171197E+02
2.24128750000E+06	3.130443E-02	-1.175020E+02
2.24315625000E+06	3.136329E-02	-1.173345E+02
2.24502500000E+06	3.156186E-02	-1.175304E+02
2.24689375000E+06	3.143472E-02	-1.173834E+02
2.24876250000E+06	3.149137E-02	-1.176463E+02
2.25063125000E+06	3.142441E-02	-1.177595E+02
2.25250000000E+06	3.150753E-02	-1.173229E+02
2.25436875000E+06	3.141607E-02	-1.177788E+02
2.25623750000E+06	3.142432E-02	-1.177818E+02
2.25810625000E+06	3.159581E-02	-1.175027E+02
2.25997500000E+06	3.155064E-02	-1.176207E+02
2.26184375000E+06	3.157816E-02	-1.175792E+02
2.26371250000E+06	3.167241E-02	-1.175841E+02
2.26558125000E+06	3.140121E-02	-1.176196E+02
2.26745000000E+06	3.160015E-02	-1.176958E+02
2.26931875000E+06	3.161976E-02	-1.178227E+02
2.27118750000E+06	3.163223E-02	-1.178878E+02
2.27305625000E+06	3.171609E-02	-1.176398E+02
2.27492500000E+06	3.182305E-02	-1.181281E+02
2.27679375000E+06	3.183361E-02	-1.178758E+02
2.27866250000E+06	3.188901E-02	-1.177191E+02
2.28053125000E+06	3.186560E-02	-1.181716E+02
2.28240000000E+06	3.185590E-02	-1.178520E+02
2.28426875000E+06	3.190799E-02	-1.182035E+02
2.28613750000E+06	3.196720E-02	-1.179797E+02
2.28800625000E+06	3.190560E-02	-1.181395E+02
2.28987500000E+06	3.214620E-02	-1.180188E+02
2.29174375000E+06	3.194377E-02	-1.184454E+02
2.29361250000E+06	3.202631E-02	-1.180255E+02
2.29548125000E+06	3.203865E-02	-1.179573E+02
2.29735000000E+06	3.211379E-02	-1.179621E+02
2.29921875000E+06	3.213432E-02	-1.180430E+02
2.30108750000E+06	3.217624E-02	-1.183642E+02
2.30295625000E+06	3.212754E-02	-1.181422E+02
2.30482500000E+06	3.213463E-02	-1.184672E+02
2.30669375000E+06	3.227414E-02	-1.183007E+02
2.30856250000E+06	3.236238E-02	-1.182913E+02
2.31043125000E+06	3.239328E-02	-1.183647E+02
2.31230000000E+06	3.244544E-02	-1.184468E+02
2.31416875000E+06	3.251360E-02	-1.185829E+02
2.31603750000E+06	3.252893E-02	-1.184588E+02
2.31790625000E+06	3.241891E-02	-1.184546E+02
2.31977500000E+06	3.251312E-02	-1.185323E+02
2.32164375000E+06	3.259669E-02	-1.183780E+02
2.32351250000E+06	3.244334E-02	-1.184777E+02
2.32538125000E+06	3.259782E-02	-1.186613E+02
2.32725000000E+06	3.263548E-02	-1.186582E+02
2.32911875000E+06	3.260944E-02	-1.182625E+02
2.33098750000E+06	3.264657E-02	-1.185635E+02
2.33285625000E+06	3.252483E-02	-1.185675E+02
2.33472500000E+06	3.266620E-02	-1.187366E+02
2.33659375000E+06	3.263246E-02	-1.184037E+02
2.33846250000E+06	3.268568E-02	-1.187409E+02
2.34033125000E+06	3.283012E-02	-1.184916E+02
2.34220000000E+06	3.268716E-02	-1.187121E+02
2.34406875000E+06	3.293309E-02	-1.188346E+02
2.34593750000E+06	3.287106E-02	-1.191577E+02
2.34780625000E+06	3.280139E-02	-1.187567E+02
2.34967500000E+06	3.286937E-02	-1.187237E+02
2.35154375000E+06	3.266291E-02	-1.184740E+02
2.35341250000E+06	3.293199E-02	-1.185965E+02
2.35528125000E+06	3.293203E-02	-1.188462E+02
2.35715000000E+06	3.295539E-02	-1.189836E+02
2.35901875000E+06	3.295796E-02	-1.191589E+02
2.36088750000E+06	3.316049E-02	-1.186825E+02
2.36275625000E+06	3.325305E-02	-1.192351E+02
2.36462500000E+06	3.295939E-02	-1.191171E+02
2.36649375000E+06	3.303829E-02	-1.191750E+02
2.36836250000E+06	3.317326E-02	-1.191465E+02
2.37023125000E+06	3.311395E-02	-1.192670E+02
2.37210000000E+06	3.317537E-02	-1.193380E+02
2.37396875000E+06	3.330028E-02	-1.194642E+02
2.37583750000E+06	3.327389E-02	-1.195583E+02
2.37770625000E+06	3.341563E-02	-1.191439E+02
2.37957500000E+06	3.327785E-02	-1.192251E+02
2.38144375000E+06	3.342221E-02	-1.196866E+02
2.38331250000E+06	3.340359E-02	-1.191917E+02
2.38518125000E+06	3.352800E-02	-1.196524E+02
2.38705000000E+06	3.362854E-02	-1.192670E+02
2.38891875000E+06	3.350206E-02	-1.196734E+02
2.39078750000E+06	3.349982E-02	-1.195654E+02
2.39265625000E+06	3.344072E-02	-1.195254E+02
2.39452500000E+06	3.356075E-02	-1.196457E+02
2.39639375000E+06	3.346137E-02	-1.200418E+02
2.39826250000E+06	3.363129E-02	-1.198133E+02
2.40013125000E+06	3.351061E-02	-1.197891E+02
2.40200000000E+06	3.380223E-02	-1.198484E+02
2.40386875000E+06	3.362588E-02	-1.197507E+02
2.40573750000E+06	3.367762E-02	-1.195692E+02
2.40760625000E+06	3.371767E-02	-1.194943E+02
2.40947500000E+06	3.364849E-02	-1.197771E+02
2.41134375000E+06	3.375037E-02	-1.197157E+02
2.41321250000E+06	3.382495E-02	-1.202393E+02
2.41508125000E+06	3.385420E-02	-1.202174E+02
2.41695000000E+06	3.373532E-02	-1.200583E+02
2.41881875000E+06	3.389852E-02	-1.203515E+02
2.42068750000E+06	3.395023E-02	-1.205582E+02
2.42255625000E+06	3.397704E-02	-1.200075E+02
2.42442500000E+06	3.407739E-02	-1.202834E+02
2.42629375000E+06	3.413411E-02	-1.206044E+02
2.42816250000E+06	3.408126E-02	-1.202219E+02
2.43003125000E+06	3.435151E-02	-1.202051E+02
2.43190000000E+06	3.389309E-02	-1.206197E+02
2.43376875000E+06	3.410394E-02	-1.202452E+02
2.43563750000E+06	3.407898E-02	-1.201680E+02
2.43750625000E+06	3.432349E-02	-1.198494E+02
2.43937500000E+06	3.403879E-02	-1.204156E+02
2.44124375000E+06	3.433661E-02	-1.208044E+02
2.44311250000E+06	3.425725E-02	-1.205272E+02
2.44498125000E+06	3.391390E-02	-1.198309E+02
2.44685000000E+06	3.450533E-02	-1.207754E+02
2.44871875000E+06	3.437389E-02	-1.198408E+02
2.45058750000E+06	3.455196E-02	-1.205571E+02
2.45245625000E+06	3.440962E-02	-1.204173E+02
2.45432500000E+06	3.432188E-02	-1.208791E+02
2.45619375000E+06	3.461333E-02	-1.210809E+02
2.45806250000E+06	3.441526E-02	-1.203749E+02
2.45993125000E+06	3.432053E-02	-1.209470E+02
2.46180000000E+06	3.441977E-02	-1.203708E+02
2.46366875000E+06	3.480203E-02	-1.207317E+02
2.46553750000E+06	3.460074E-02	-1.206581E+02
2.46740625000E+06	3.480356E-02	-1.211593E+02
2.46927500000E+06	3.472231E-02	-1.208454E+02
2.47114375000E+06	3.430789E-02	-1.207599E+02
2.47301250000E+06	3.480477E-02	-1.207336E+02
2.47488125000E+06	3.469022E-02	-1.201509E+02
2.47675000000E+06	3.469315E-02	-1.204767E+02
2.47861875000E+06	3.479248E-02	-1.209647E+02
2.48048750000E+06	3.467814E-02	-1.206272E+02
2.48235625000E+06	3.477390E-02	-1.206987E+02
2.48422500000E+06	3.487102E-02	-1.207081E+02
2.48609375000E+06	3.477041E-02	-1.208670E+02
2.48796250000E+06	3.496293E-02	-1.212346E+02
2.48983125000E+06	3.500225E-02	-1.208531E+02
2.49170000000E+06	3.498099E-02	-1.215058E+02
2.49356875000E+06	3.486264E-02	-1.211685E+02
2.49543750000E+06	3.484019E-02	-1.214311E+02
2.49730625000E+06	3.485300E-02	-1.212654E+02
2.49917500000E+06	3.502095E-02	-1.213390E+02
2.50104375000E+06	3.521153E-02	-1.211368E+02
2.50291250000E+06	3.513527E-02	-1.208467E+02
2.50478125000E+06	3.510840E-02	-1.212718E+02
2.50665000000E+06	3.517850E-02	-1.212066E+02
2.50851875000E+06	3.523725E-02	-1.213496E+02
2.51038750000E+06	3.510826E-02	-1.212524E+02
2.51225625000E+06	3.528364E-02	-1.210155E+02
2.51412500000E+06	3.527550E-02	-1.211061E+02
2.51599375000E+06	3.525957E-02	-1.214451E+02
2.51786250000E+06	3.517845E-02	-1.214771E+02
2.51973125000E+06	3.554235E-02	-1.212772E+02
2.52160000000E+06	3.512911E-02	-1.214963E+02
2.52346875000E+06	3.543777E-02	-1.212063E+02
2.52533750000E+06	3.523248E-02	-1.211767E+02
2.52720625000E+06	3.551647E-02	-1.212941E+02
2.52907500000E+06	3.549852E-02	-1.214241E+02
2.53094375000E+06	3.549832E-02	-1.215216E+02
2.53281250000E+06	3.543067E-02	-1.216829E+02
2.53468125000E+06	3.545279E-02	-1.216840E+02
2.53655000000E+06	3.560525E-02	-1.217845E+02
2.53841875000E+06	3.558379E-02	-1.214630E+02
2.54028750000E+06	3.562103E-02	-1.214831E+02
2.54215625000E+06	3.575373E-02	-1.218150E+02
2.54402500000E+06	3.565011E-02	-1.217716E+02
2.54589375000E+06	3.583074E-02	-1.216013E+02
2.54776250000E+06	3.587155E-02	-1.217854E+02
2.54963125000E+06	3.568493E-02	-1.218294E+02
2.55150000000E+06	3.570609E-02	-1.219484E+02
2.55336875000E+06	3.578678E-02	-1.216892E+02
2.55523750000E+06	3.570133E-02	-1.217935E+02
2.55710625000E+06	3.578461E-02	-1.218572E+02
2.55897500000E+06	3.565333E-02	-1.220496E+02
2.56084375000E+06	3.593924E-02	-1.220517E+02
2.56271250000E+06	3.593747E-02	-1.219166E+02
2.56458125000E+06	3.599813E-02	-1.222836E+02
2.56645000000E+06	3.601044E-02	-1.223266E+02
2.56831875000E+06	3.600220E-02	-1.220771E+02
2.57018750000E+06	3.596756E-02	-1.223654E+02
2.57205625000E+06	3.618835E-02	-1.223878E+02
2.57392500000E+06	3.615941E-02	-1.223701E+02
2.57579375000E+06	3.618085E-02	-1.225166E+02
2.57766250000E+06	3.605954E-02	-1.224930E+02
2.57953125000E+06	3.621554E-02	-1.223912E+02
2.58140000000E+06	3.621433E-02	-1.224415E+02
2.58326875000E+06	3.621274E-02	-1.225120E+02
2.58513750000E+06	3.622228E-02	-1.223592E+02
2.58700625000E+06	3.617159E-02	-1.223174E+02
2.58887500000E+06	3.630777E-02	-1.223158E+02
2.59074375000E+06	3.623770E-02	-1.223121E+02
2.59261250000E+06	3.620270E-02	-1.225992E+02
2.59448125000E+06	3.640221E-02	-1.223081E+02
2.59635000000E+06	3.630643E-02	-1.222856E+02
2.59821875000E+06	3.636964E-02	-1.223472E+02
2.60008750000E+06	3.650419E-02	-1.224139E+02
2.60195625000E+06	3.642130E-02	-1.223434E+02
2.60382500000E+06	3.637860E-02	-1.225383E+02
2.60569375000E+06	3.649688E-02	-1.222551E+02
2.60756250000E+06	3.660348E-02	-1.222938E+02
2.60943125000E+06	3.662148E-02	-1.223148E+02
2.61130000000E+06	3.672560E-02	-1.224819E+02
2.61316875000E+06	3.652655E-02	-1.221559E+02
2.61503750000E+06	3.654420E-02	-1.223597E+02
2.61690625000E+06	3.671436E-02	-1.223763E+02
2.61877500000E+06	3.677185E-02	-1.224211E+02
2.62064375000E+06	3.673489E-02	-1.224178E+02
2.62251250000E+06	3.678754E-02	-1.224670E+02
2.62438125000E+06	3.678922E-02	-1.223761E+02
2.62625000000E+06	3.689211E-02	-1.223619E+02
2.62811875000E+06	3.674151E-02	-1.223996E+02
2.62998750000E+06	3.683679E-02	-1.225907E+02
2.63185625000E+06	3.679014E-02	-1.226680E+02
2.63372500000E+06	3.686975E-02	-1.227119E+02
2.63559375000E+06	3.684742E-02	-1.228235E+02
2.63746250000E+06	3.708686E-02	-1.225370E+02
2.63933125000E+06	3.689246E-02	-1.229253E+02
2.64120000000E+06	3.696042E-02	-1.226888E+02
2.64306875000E+06	3.710544E-02	-1.226812E+02
2.64493750000E+06	3.705336E-02	-1.224611E+02
2.64680625000E+06	3.702006E-02	-1.226902E+02
2.64867500000E+06	3.719428E-02	-1.225651E+02
2.65054375000E+06	3.724650E-02	-1.226790E+02
2.65241250000E+06	3.720614E-02	-1.226494E+02
2.65428125000E+06	3.723719E-02	-1.224956E+02
2.65615000000E+06	3.739515E-02	-1.227863E+02
2.65801875000E+06	3.733819E-02	-1.226060E+02
2.65988750000E+06	3.732244E-02	-1.226276E+02
2.66175625000E+06	3.740995E-02	-1.224815E+02
2.66362500000E+06	3.735499E-02	-1.224946E+02
2.66549375000E+06	3.748696E-02	-1.224520E+02
2.66736250000E+06	3.736281E-02	-1.227187E+02
2.66923125000E+06	3.737295E-02	-1.226216E+02
2.67110000000E+06	3.759364E-02	-1.226646E+02
2.67296875000E+06	3.753379E-02	-1.227427E+02
2.67483750000E+06	3.753955E-02	-1.228207E+02
2.67670625000E+06	3.756360E-02	-1.227042E+02
2.67857500000E+06	3.755787E-02	-1.227351E+02
2.68044375000E+06	3.771010E-02	-1.228785E+02
2.68231250000E+06	3.770038E-02	-1.231682E+02
2.68418125000E+06	3.755963E-02	-1.227096E+02
2.68605000000E+06	3.756028E-02	-1.228027E+02
2.68791875000E+06	3.754555E-02	-1.231522E+02
2.68978750000E+06	3.753718E-02	-1.229819E+02
2.69165625000E+06	3.771624E-02	-1.228282E+02
2.69352500000E+06	3.771416E-02	-1.230155E+02
2.69539375000E+06	3.805916E-02	-1.224033E+02
2.69726250000E+06	3.772502E-02	-1.226963E+02
2.69913125000E+06	3.795132E-02	-1.229333E+02
2.70100000000E+06	3.803523E-02	-1.228016E+02
2.70286875000E+06	3.797225E-02	-1.232425E+02
2.70473750000E+06	3.800492E-02	-1.234501E+02
2.70660625000E+06	3.818351E-02	-1.232192E+02
2.70847500000E+06	3.799731E-02	-1.228704E+02
2.71034375000E+06	3.811058E-02	-1.227390E+02
2.71221250000E+06	3.821131E-02	-1.234597E+02
2.71408125000E+06	3.816020E-02	-1.228713E+02
2.71595000000E+06	3.851235E-02	-1.230685E+02
2.71781875000E+06	3.819357E-02	-1.229780E+02
2.71968750000E+06	3.813724E-02	-1.233504E+02
2.72155625000E+06	3.839487E-02	-1.225919E+02
2.72342500000E+06	3.823384E-02	-1.231023E+02
2.72529375000E+06	3.854932E-02	-1.229871E+02
2.72716250000E+06	3.853637E-02	-1.227346E+02
2.72903125000E+06	3.840301E-02	-1.229609E+02
2.73090000000E+06	3.830060E-02	-1.232759E+02
2.73276875000E+06	3.858210E-02	-1.233227E+02
2.73463750000E+06	3.866809E-02	-1.230730E+02
2.73650625000E+06	3.864222E-02	-1.235371E+02
2.73837500000E+06	3.840410E-02	-1.232539E+02
2.74024375000E+06	3.857388E-02	-1.233699E+02
2.74211250000E+06	3.837552E-02	-1.231775E+02
2.74398125000E+06	3.891781E-02	-1.236277E+02
2.74585000000E+06	3.862674E-02	-1.232940E+02
2.74771875000E+06	3.890179E-02	-1.234760E+02
2.74958750000E+06	3.868172E-02	-1.234085E+02
2.75145625000E+06	3.905064E-02	-1.236842E+02
2.75332500000E+06	3.866309E-02	-1.234100E+02
2.75519375000E+06	3.902183E-02	-1.233135E+02
2.75706250000E+06	3.885408E-02	-1.236022E+02
2.75893125000E+06	3.850242E-02	-1.238379E+02
2.76080000000E+06	3.881031E-02	-1.235757E+02
2.76266875000E+06	3.886365E-02	-1.238876E+02
2.76453750000E+06	3.890114E-02	-1.233416E+02
2.76640625000E+06	3.924179E-02	-1.235248E+02
2.76827500000E+06	3.892524E-02	-1.240265E+02
2.77014375000E+06	3.886363E-02	-1.239566E+02
2.77201250000E+06	3.904119E-02	-1.239078E+02
2.77388125000E+06	3.920962E-02	-1.236042E+02
2.77575000000E+06	3.917116E-02	-1.238300E+02
2.77761875000E+06	3.908934E-02	-1.234453E+02
2.77948750000E+06	3.936774E-02	-1.236706E+02
2.78135625000E+06	3.948618E-02	-1.240134E+02
2.78322500000E+06	3.926280E-02	-1.237567E+02
2.78509375000E+06	3.914909E-02	-1.238643E+02
2.78696250000E+06	3.940363E-02	-1.237831E+02
2.78883125000E+06	3.939789E-02	-1.237344E+02
2.79070000000E+06	3.949757E-02	-1.238755E+02
2.79256875000E+06	3.924063E-02	-1.236212E+02
2.79443750000E+06	3.951148E-02	-1.240678E+02
2.79630625000E+06	3.942888E-02	-1.238527E+02
2.79817500000E+06	3.947921E-02	-1.239987E+02
2.80004375000E+06	3.946459E-02	-1.239664E+02
2.80191250000E+06	3.943914E-02	-1.240039E+02
2.80378125000E+06	3.970939E-02	-1.240230E+02
2.80565000000E+06	3.946992E-02	-1.241661E+02
2.80751875000E+06	3.942507E-02	-1.240690E+02
2.80938750000E+06	3.934013E-02	-1.239796E+02
2.81125625000E+06	3.948734E-02	-1.237887E+02
2.81312500000E+06	3.981383E-02	-1.241957E+02
2.81499375000E+06	3.949507E-02	-1.243228E+02
2.81686250000E+06	3.964560E-02	-1.241511E+02
2.81873125000E+06	3.967383E-02	-1.242824E+02
2.82060000000E+06	3.972047E-02	-1.242517E+02
2.82246875000E+06	3.993192E-02	-1.243626E+02
2.82433750000E+06	3.989355E-02	-1.242125E+02
2.82620625000E+06	3.973443E-02	-1.244002E+02
2.82807500000E+06	3.990004E-02	-1.245101E+02
2.82994375000E+06	3.991652E-02	-1.244224E+02
2.83181250000E+06	3.987740E-02	-1.244073E+02
2.83368125000E+06	3.992644E-02	-1.242974E+02
2.83555000000E+06	4.023668E-02	-1.243052E+02
2.83741875000E+06	3.995035E-02	-1.245050E+02
2.83928750000E+06	4.014513E-02	-1.245347E+02
2.84115625000E+06	4.010969E-02	-1.245213E+02
2.84302500000E+06	4.006227E-02	-1.246337E+02
2.84489375000E+06	4.014996E-02	-1.244933E+02
2.84676250000E+06	4.019478E-02	-1.245565E+02
2.84863125000E+06	4.031631E-02	-1.243425E+02
2.85050000000E+06	4.018740E-02	-1.247684E+02
2.85236875000E+06	4.039866E-02	-1.244655E+02
2.85423750000E+06	4.049436E-02	-1.246787E+02
2.85610625000E+06	4.036736E-02	-1.246218E+02
2.85797500000E+06	4.030671E-02	-1.246503E+02
2.85984375000E+06	4.040111E-02	-1.247895E+02
2.86171250000E+06	4.025547E-02	-1.248033E+02
2.86358125000E+06	4.048287E-02	-1.247876E+02
2.86545000000E+06	4.056195E-02	-1.249597E+02
2.86731875000E+06	4.051751E-02	-1.247607E+02
2.86918750000E+06	4.061691E-02	-1.249650E+02
2.87105625000E+06	4.065922E-02	-1.247981E+02
2.87292500000E+06	4.065806E-02	-1.247461E+02
2.87479375000E+06	4.070206E-02	-1.247243E+02
2.87666250000E+06	4.071714E-02	-1.248377E+02
2.87853125000E+06	4.062273E-02	-1.248459E+02
2.88040000000E+06	4.067374E-02	-1.249915E+02
2.88226875000E+06	4.076084E-02	-1.247328E+02
2.88413750000E+06	4.070253E-02	-1.249387E+02
2.88600625000E+06	4.080124E-02	-1.247843E+02
2.88787500000E+06	4.086977E-02	-1.249800E+02
2.88974375000E+06	4.074073E-02	-1.250059E+02
2.89161250000E+06	4.093083E-02	-1.249596E+02
2.89348125000E+06	4.092314E-02	-1.250105E+02
2.89535000000E+06	4.097556E-02	-1.251368E+02
2.89721875000E+06	4.096012E-02	-1.250776E+02
2.89908750000E+06	4.097635E-02	-1.251443E+02
2.90095625000E+06	4.109029E-02	-1.251351E+02
2.90282500000E+06	4.103538E-02	-1.250928E+02
2.90469375000E+06	4.107128E-02	-1.252102E+02
2.90656250000E+06	4.120002E-02	-1.251978E+02
2.90843125000E+06	4.117553E-02	-1.252023E+02
2.91030000000E+06	4.121618E-02	-1.251385E+02
2.91216875000E+06	4.119474E-02	-1.253262E+02
2.91403750000E+06	4.116449E-02	-1.253552E+02
2.91590625000E+06	4.134814E-02	-1.254940E+02
2.91777500000E+06	4.128325E-02	-1.253032E+02
2.91964375000E+06	4.142877E-02	-1.255116E+02
2.92151250000E+06	4.142878E-02	-1.254381E+02
2.92338125000E+06	4.130065E-02	-1.252903E+02
2.92525000000E+06	4.139860E-02	-1.253183E+02
2.92711875000E+06	4.151577E-02	-1.254190E+02
2.92898750000E+06	4.143359E-02	-1.253297E+02
2.93085625000E+06	4.148278E-02	-1.255997E+02
2.93272500000E+06	4.155096E-02	-1.256758E+02
2.93459375000E+06	4.149481E-02	-1.255271E+02
2.93646250000E+06	4.146657E-02	-1.255463E+02
2.93833125000E+06	4.162712E-02	-1.254538E+02
2.94020000000E+06	4.162525E-02	-1.256568E+02
2.94206875000E+06	4.181080E-02	-1.255451E+02
2.94393750000E+06	4.180436E-02	-1.253703E+02
2.94580625000E+06	4.171440E-02	-1.256493E+02
2.94767500000E+06	4.191110E-02	-1.255589E+02
2.94954375000E+06	4.188008E-02	-1.257016E+02
2.95141250000E+06	4.199700E-02	-1.256961E+02
2.95328125000E+06	4.192249E-02	-1.255968E+02
2.95515000000E+06	4.193240E-02	-1.257030E+02
2.95701875000E+06	4.196717E-02	-1.258691E+02
2.95888750000E+06	4.198844E-02	-1.259029E+02
2.96075625000E+06	4.211430E-02	-1.257417E+02
2.96262500000E+06	4.206100E-02	-1.259995E+02
2.96449375000E+06	4.201100E-02	-1.258757E+02
2.96636250000E+06	4.225649E-02	-1.259120E+02
2.96823125000E+06	4.206210E-02	-1.257243E+02
2.97010000000E+06	4.215146E-02	-1.258023E+02
2.97196875000E+06	4.208806E-02	-1.259646E+02
2.97383750000E+06	4.224250E-02	-1.260566E+02
2.97570625000E+06	4.216025E-02	-1.258569E+02
2.97757500000E+06	4.226012E-02	-1.260475E+02
2.97944375000E+06	4.223051E-02	-1.259899E+02
2.98131250000E+06	4.226485E-02	-1.261052E+02
2.98318125000E+06	4.230659E-02	-1.261778E+02
2.98505000000E+06	4.238416E-02	-1.259506E+02
2.98691875000E+06	4.247885E-02	-1.261735E+02
2.98878750000E+06	4.246335E-02	-1.258925E+02
2.99065625000E+06	4.250730E-02	-1.263372E+02
2.99252500000E+06	4.253486E-02	-1.262201E+02
2.99439375000E+06	4.249504E-02	-1.261944E+02
2.99626250000E+06	4.257278E-02	-1.260427E+02
2.99813125000E+06	4.258725E-02	-1.263143E+02
3.00000000000E+06	4.260056E-02	-1.262044E+02
