"E5100A REV3.14"
"DATE: Jul  3 2004"



"CHANNEL: 2"
"MEASURE TYPE: AR"
"FORMAT TYPE: LINMP"
"NUMBER of POINTS: 1601"
"SWEEP TIME:  3.458 s"
"SWEEP TYPE: LINF"
"SOURCE POWER: 0 dBm"
"IF BANDWIDTH: 500 Hz"

"Frequency"	"Main Array"	"Sub Array"
1.00000000000E+04	3.609538E-02	-1.751376E+02
1.18687500000E+04	5.065933E-03	6.014697E+01
1.37375000000E+04	1.749296E-02	-1.102345E+02
1.56062500000E+04	8.176223E-03	1.177198E+02
1.74750000000E+04	3.538109E-03	2.300268E+01
1.93437500000E+04	2.539780E-03	-8.810028E+01
2.12125000000E+04	4.620954E-03	1.303459E+02
2.30812500000E+04	2.892084E-03	1.642057E+02
2.49500000000E+04	3.756546E-03	-4.159695E+01
2.68187500000E+04	5.476882E-04	1.244461E+02
2.86875000000E+04	2.538292E-03	9.656661E+01
3.05562500000E+04	6.194531E-04	8.683279E+01
3.24250000000E+04	1.454285E-03	8.898700E+01
3.42937500000E+04	5.694700E-04	1.391616E+02
3.61625000000E+04	4.956788E-04	7.815746E+01
3.80312500000E+04	9.221612E-04	1.308416E+02
3.99000000000E+04	2.021164E-03	8.173089E+01
4.17687500000E+04	3.195649E-04	1.423433E+02
4.36375000000E+04	1.364039E-03	7.776250E+01
4.55062500000E+04	6.872871E-04	5.762961E+01
4.73750000000E+04	7.759659E-04	1.644545E+02
4.92437500000E+04	1.540769E-03	8.619678E+01
5.11125000000E+04	1.103164E-03	7.977663E+01
5.29812500000E+04	1.034299E-03	7.944675E+01
5.48500000000E+04	1.494484E-03	7.916207E+01
5.67187500000E+04	1.391368E-03	8.654652E+01
5.85875000000E+04	1.266709E-03	7.451027E+01
6.04562500000E+04	1.541513E-03	7.328398E+01
6.23250000000E+04	1.950727E-03	8.481651E+01
6.41937500000E+04	2.116456E-04	-1.264962E+02
6.60625000000E+04	1.042663E-03	5.123606E+01
6.79312500000E+04	1.491882E-03	1.018995E+02
6.98000000000E+04	1.452570E-03	6.079924E+01
7.16687500000E+04	1.129888E-03	6.494113E+01
7.35375000000E+04	1.308643E-03	6.325125E+01
7.54062500000E+04	1.110900E-03	6.150972E+01
7.72750000000E+04	1.661297E-03	3.399777E+01
7.91437500000E+04	1.442831E-03	2.441235E+01
8.10125000000E+04	1.174506E-03	3.315888E+01
8.28812500000E+04	9.795445E-04	1.924683E+01
8.47500000000E+04	1.362644E-03	2.267399E+01
8.66187500000E+04	1.078986E-03	3.536283E+01
8.84875000000E+04	6.351699E-04	2.629197E+01
9.03562500000E+04	5.730747E-04	3.763062E+01
9.22250000000E+04	5.840972E-04	1.199477E+01
9.40937500000E+04	1.415959E-04	1.187456E+02
9.59625000000E+04	8.932791E-04	2.362797E+01
9.78312500000E+04	4.646190E-04	2.083336E+01
9.97000000000E+04	2.710004E-04	-2.095770E+01
1.01568750000E+05	4.838128E-04	7.666579E+01
1.03437500000E+05	5.418988E-04	1.571583E+01
1.05306250000E+05	7.510880E-04	-1.755839E+02
1.07175000000E+05	3.566859E-04	3.566527E+01
1.09043750000E+05	3.924345E-04	4.613893E+01
1.10912500000E+05	1.730295E-03	3.702698E+00
1.12781250000E+05	2.578906E-04	2.721739E+01
1.14650000000E+05	4.025085E-04	2.643701E+01
1.16518750000E+05	3.659701E-04	3.488549E+01
1.18387500000E+05	2.819213E-04	5.771912E+01
1.20256250000E+05	4.466979E-04	5.742441E+01
1.22125000000E+05	3.981332E-04	7.016611E+01
1.23993750000E+05	6.365280E-04	9.082223E+01
1.25862500000E+05	5.951797E-04	5.719051E+01
1.27731250000E+05	5.694184E-04	5.859100E+01
1.29600000000E+05	5.853885E-04	7.247674E+01
1.31468750000E+05	2.935755E-04	2.518337E+01
1.33337500000E+05	2.580405E-04	-1.855865E+01
1.35206250000E+05	4.070094E-04	6.463144E+01
1.37075000000E+05	3.829558E-04	2.835314E+01
1.38943750000E+05	3.317385E-04	7.109922E+01
1.40812500000E+05	1.876465E-04	-5.595020E+01
1.42681250000E+05	4.139536E-04	4.677129E+01
1.44550000000E+05	7.807978E-04	1.149993E+02
1.46418750000E+05	8.881942E-04	8.361797E+01
1.48287500000E+05	3.583934E-04	5.457316E+01
1.50156250000E+05	5.655930E-04	8.835265E+01
1.52025000000E+05	4.753180E-04	-1.587858E+01
1.53893750000E+05	8.485935E-04	8.708546E+01
1.55762500000E+05	4.982079E-04	5.895925E+01
1.57631250000E+05	1.464707E-04	3.510239E+01
1.59500000000E+05	5.840803E-04	4.653151E+01
1.61368750000E+05	6.177325E-04	1.140829E+02
1.63237500000E+05	3.937403E-04	7.767958E+01
1.65106250000E+05	7.444840E-04	5.909467E+01
1.66975000000E+05	6.865986E-04	1.002592E+02
1.68843750000E+05	5.170241E-04	3.588533E+01
1.70712500000E+05	6.895629E-04	4.620308E+01
1.72581250000E+05	4.649116E-04	8.413084E+01
1.74450000000E+05	1.720265E-04	1.478284E+01
1.76318750000E+05	6.595833E-04	6.216651E+01
1.78187500000E+05	4.528575E-04	8.231435E+01
1.80056250000E+05	3.081046E-04	2.762413E+01
1.81925000000E+05	5.832798E-04	8.905529E+01
1.83793750000E+05	5.893479E-04	4.675542E+01
1.85662500000E+05	4.679695E-04	9.572857E+01
1.87531250000E+05	5.119725E-04	7.933644E+01
1.89400000000E+05	4.384047E-04	7.897323E+01
1.91268750000E+05	7.744374E-04	1.146271E+02
1.93137500000E+05	8.988316E-04	5.661859E+01
1.95006250000E+05	5.241209E-04	8.304155E+01
1.96875000000E+05	5.615347E-04	7.599123E+01
1.98743750000E+05	5.305271E-04	8.779578E+01
2.00612500000E+05	1.166069E-03	6.342975E+01
2.02481250000E+05	4.488447E-04	4.805838E+01
2.04350000000E+05	1.024674E-03	7.966574E+01
2.06218750000E+05	4.688712E-04	5.820647E+01
2.08087500000E+05	5.350735E-04	1.114113E+02
2.09956250000E+05	3.585258E-04	9.589938E+01
2.11825000000E+05	4.354532E-04	8.297546E+01
2.13693750000E+05	6.341744E-04	6.618096E+01
2.15562500000E+05	6.832590E-04	1.011631E+02
2.17431250000E+05	4.216583E-04	7.912444E+01
2.19300000000E+05	6.001393E-04	6.140785E+01
2.21168750000E+05	5.801665E-04	4.721763E+01
2.23037500000E+05	5.188952E-04	8.075516E+01
2.24906250000E+05	6.197349E-04	2.875709E+01
2.26775000000E+05	9.812702E-04	4.486222E+01
2.28643750000E+05	5.864155E-04	6.307665E+01
2.30512500000E+05	6.190059E-04	4.953703E+01
2.32381250000E+05	5.421491E-04	6.563961E+01
2.34250000000E+05	5.342953E-04	6.585639E+01
2.36118750000E+05	7.363808E-04	7.412870E+01
2.37987500000E+05	5.410000E-04	6.102553E+01
2.39856250000E+05	8.050328E-04	6.445638E+01
2.41725000000E+05	8.046949E-04	6.369176E+01
2.43593750000E+05	5.147232E-04	6.953777E+01
2.45462500000E+05	9.624542E-04	9.693615E+01
2.47331250000E+05	5.349041E-04	1.074893E+02
2.49200000000E+05	6.813893E-04	7.709515E+01
2.51068750000E+05	6.159587E-04	8.260606E+01
2.52937500000E+05	6.651329E-04	3.539997E+01
2.54806250000E+05	1.026424E-03	8.512709E+01
2.56675000000E+05	6.420804E-04	9.305672E+01
2.58543750000E+05	7.805519E-04	9.964864E+01
2.60412500000E+05	6.975909E-04	8.734885E+01
2.62281250000E+05	7.996232E-04	8.000159E+01
2.64150000000E+05	7.279657E-04	9.831058E+01
2.66018750000E+05	9.343862E-04	6.930344E+01
2.67887500000E+05	7.291251E-04	6.600791E+01
2.69756250000E+05	9.009718E-04	8.978664E+01
2.71625000000E+05	7.916801E-04	8.412681E+01
2.73493750000E+05	9.504539E-04	7.811444E+01
2.75362500000E+05	1.058439E-03	7.509039E+01
2.77231250000E+05	6.896975E-04	7.864189E+01
2.79100000000E+05	8.728698E-04	7.851306E+01
2.80968750000E+05	8.141409E-04	7.222861E+01
2.82837500000E+05	9.330058E-04	8.591219E+01
2.84706250000E+05	7.350416E-04	1.066947E+02
2.86575000000E+05	6.003217E-04	8.411546E+01
2.88443750000E+05	7.292022E-04	9.253833E+01
2.90312500000E+05	9.271961E-04	7.526814E+01
2.92181250000E+05	7.269717E-04	6.290578E+01
2.94050000000E+05	8.090283E-04	7.475355E+01
2.95918750000E+05	7.289511E-04	6.750687E+01
2.97787500000E+05	8.811924E-04	9.938818E+01
2.99656250000E+05	5.655824E-04	9.823670E+01
3.01525000000E+05	1.025361E-03	8.655068E+01
3.03393750000E+05	7.848337E-04	9.334314E+01
3.05262500000E+05	9.596637E-04	8.858955E+01
3.07131250000E+05	8.855337E-04	7.687789E+01
3.09000000000E+05	9.067308E-04	8.928838E+01
3.10868750000E+05	9.256353E-04	7.487894E+01
3.12737500000E+05	7.860410E-04	8.217145E+01
3.14606250000E+05	8.973071E-04	8.157282E+01
3.16475000000E+05	8.504206E-04	9.930959E+01
3.18343750000E+05	1.033815E-03	9.378139E+01
3.20212500000E+05	8.932860E-04	8.310455E+01
3.22081250000E+05	8.276927E-04	8.049425E+01
3.23950000000E+05	1.079160E-03	8.282702E+01
3.25818750000E+05	1.061806E-03	7.805628E+01
3.27687500000E+05	7.762174E-04	6.710001E+01
3.29556250000E+05	1.021609E-03	8.732385E+01
3.31425000000E+05	1.018533E-03	8.739958E+01
3.33293750000E+05	9.631134E-04	9.304665E+01
3.35162500000E+05	1.109839E-03	8.797140E+01
3.37031250000E+05	1.214455E-03	9.441203E+01
3.38900000000E+05	1.145382E-03	8.738007E+01
3.40768750000E+05	9.249170E-04	8.613159E+01
3.42637500000E+05	7.825372E-04	7.530995E+01
3.44506250000E+05	9.189560E-04	9.551853E+01
3.46375000000E+05	6.932488E-04	8.929861E+01
3.48243750000E+05	1.298302E-03	9.628516E+01
3.50112500000E+05	1.268856E-03	9.413533E+01
3.51981250000E+05	1.234922E-03	8.677752E+01
3.53850000000E+05	1.108809E-03	7.801199E+01
3.55718750000E+05	1.003828E-03	7.648289E+01
3.57587500000E+05	1.049458E-03	8.228036E+01
3.59456250000E+05	7.636344E-04	9.019306E+01
3.61325000000E+05	1.139855E-03	8.240903E+01
3.63193750000E+05	1.113036E-03	1.021294E+02
3.65062500000E+05	9.786414E-04	9.517338E+01
3.66931250000E+05	9.950702E-04	8.636106E+01
3.68800000000E+05	1.009348E-03	9.444437E+01
3.70668750000E+05	8.079968E-04	9.287306E+01
3.72537500000E+05	1.219336E-03	9.175146E+01
3.74406250000E+05	1.015053E-03	7.913391E+01
3.76275000000E+05	1.116492E-03	8.711545E+01
3.78143750000E+05	1.135137E-03	9.459840E+01
3.80012500000E+05	1.038455E-03	8.365827E+01
3.81881250000E+05	1.040851E-03	8.670121E+01
3.83750000000E+05	9.805195E-04	8.837025E+01
3.85618750000E+05	9.565135E-04	8.725910E+01
3.87487500000E+05	1.062507E-03	8.505733E+01
3.89356250000E+05	1.374242E-03	8.720229E+01
3.91225000000E+05	1.080042E-03	8.273378E+01
3.93093750000E+05	1.175406E-03	8.319651E+01
3.94962500000E+05	1.001822E-03	8.749751E+01
3.96831250000E+05	1.303850E-03	7.216801E+01
3.98700000000E+05	1.085761E-03	8.815595E+01
4.00568750000E+05	1.059728E-03	8.334183E+01
4.02437500000E+05	1.132147E-03	8.514235E+01
4.04306250000E+05	1.143283E-03	9.026872E+01
4.06175000000E+05	1.029245E-03	8.681636E+01
4.08043750000E+05	1.005272E-03	8.369810E+01
4.09912500000E+05	1.120190E-03	7.861945E+01
4.11781250000E+05	1.341038E-03	8.456898E+01
4.13650000000E+05	9.292573E-04	9.090266E+01
4.15518750000E+05	1.095447E-03	8.527973E+01
4.17387500000E+05	1.353630E-03	7.914303E+01
4.19256250000E+05	1.155411E-03	8.211736E+01
4.21125000000E+05	1.320209E-03	7.709891E+01
4.22993750000E+05	1.172386E-03	8.550232E+01
4.24862500000E+05	1.176210E-03	7.798478E+01
4.26731250000E+05	1.267939E-03	8.693529E+01
4.28600000000E+05	1.084619E-03	7.871571E+01
4.30468750000E+05	1.374509E-03	7.923646E+01
4.32337500000E+05	1.222688E-03	8.854461E+01
4.34206250000E+05	1.388585E-03	8.505023E+01
4.36075000000E+05	1.232234E-03	7.982614E+01
4.37943750000E+05	1.157375E-03	8.827534E+01
4.39812500000E+05	1.282403E-03	8.339710E+01
4.41681250000E+05	1.187973E-03	9.110108E+01
4.43550000000E+05	1.238818E-03	8.529694E+01
4.45418750000E+05	1.261314E-03	8.909528E+01
4.47287500000E+05	1.314967E-03	8.959619E+01
4.49156250000E+05	1.381615E-03	8.712749E+01
4.51025000000E+05	1.409245E-03	8.836052E+01
4.52893750000E+05	1.620500E-03	8.677557E+01
4.54762500000E+05	1.472222E-03	9.200153E+01
4.56631250000E+05	1.217418E-03	8.337564E+01
4.58500000000E+05	1.179324E-03	9.361790E+01
4.60368750000E+05	1.297033E-03	9.278088E+01
4.62237500000E+05	1.329186E-03	8.543008E+01
4.64106250000E+05	1.223208E-03	8.233064E+01
4.65975000000E+05	1.380406E-03	8.192220E+01
4.67843750000E+05	1.429348E-03	8.043256E+01
4.69712500000E+05	1.215212E-03	7.583568E+01
4.71581250000E+05	1.432165E-03	8.232186E+01
4.73450000000E+05	1.441854E-03	7.923987E+01
4.75318750000E+05	1.382324E-03	8.904031E+01
4.77187500000E+05	1.414824E-03	7.809186E+01
4.79056250000E+05	1.299800E-03	9.048070E+01
4.80925000000E+05	1.581683E-03	8.549181E+01
4.82793750000E+05	1.554275E-03	8.006334E+01
4.84662500000E+05	1.378383E-03	8.071215E+01
4.86531250000E+05	1.368348E-03	9.193896E+01
4.88400000000E+05	1.298720E-03	8.021557E+01
4.90268750000E+05	1.557633E-03	8.068451E+01
4.92137500000E+05	1.385499E-03	7.856776E+01
4.94006250000E+05	1.330055E-03	8.507890E+01
4.95875000000E+05	1.355028E-03	1.009844E+02
4.97743750000E+05	1.411338E-03	8.721748E+01
4.99612500000E+05	1.571898E-03	8.182684E+01
5.01481250000E+05	1.531941E-03	8.369502E+01
5.03350000000E+05	1.359682E-03	7.673653E+01
5.05218750000E+05	1.431693E-03	8.412137E+01
5.07087500000E+05	1.367326E-03	8.247450E+01
5.08956250000E+05	1.521778E-03	8.919122E+01
5.10825000000E+05	1.499420E-03	8.209113E+01
5.12693750000E+05	1.627728E-03	8.349002E+01
5.14562500000E+05	1.338225E-03	8.278713E+01
5.16431250000E+05	1.528728E-03	9.148927E+01
5.18300000000E+05	1.552836E-03	8.518484E+01
5.20168750000E+05	1.524845E-03	8.773198E+01
5.22037500000E+05	1.452818E-03	9.469221E+01
5.23906250000E+05	1.483246E-03	8.267480E+01
5.25775000000E+05	1.604577E-03	8.269527E+01
5.27643750000E+05	1.450074E-03	7.674976E+01
5.29512500000E+05	1.539573E-03	8.210538E+01
5.31381250000E+05	1.674421E-03	8.366881E+01
5.33250000000E+05	1.650039E-03	8.759039E+01
5.35118750000E+05	1.469669E-03	8.549413E+01
5.36987500000E+05	1.475689E-03	8.453408E+01
5.38856250000E+05	1.579431E-03	8.314652E+01
5.40725000000E+05	1.517471E-03	8.318233E+01
5.42593750000E+05	1.493092E-03	9.285493E+01
5.44462500000E+05	1.584043E-03	8.660802E+01
5.46331250000E+05	1.354566E-03	8.361536E+01
5.48200000000E+05	1.694199E-03	9.130466E+01
5.50068750000E+05	1.540870E-03	9.092619E+01
5.51937500000E+05	1.500145E-03	8.597832E+01
5.53806250000E+05	1.635596E-03	8.700468E+01
5.55675000000E+05	1.425842E-03	7.953864E+01
5.57543750000E+05	1.645762E-03	8.952266E+01
5.59412500000E+05	1.578991E-03	8.201228E+01
5.61281250000E+05	1.858296E-03	8.327274E+01
5.63150000000E+05	1.680334E-03	8.520682E+01
5.65018750000E+05	1.748405E-03	8.698083E+01
5.66887500000E+05	1.530190E-03	8.500371E+01
5.68756250000E+05	1.851825E-03	8.258866E+01
5.70625000000E+05	1.718835E-03	8.529205E+01
5.72493750000E+05	1.661031E-03	8.748315E+01
5.74362500000E+05	1.703511E-03	8.185757E+01
5.76231250000E+05	1.594210E-03	8.491455E+01
5.78100000000E+05	1.617677E-03	8.233602E+01
5.79968750000E+05	1.670444E-03	8.026582E+01
5.81837500000E+05	1.730694E-03	8.231847E+01
5.83706250000E+05	1.613501E-03	8.054328E+01
5.85575000000E+05	1.655805E-03	8.836147E+01
5.87443750000E+05	1.523845E-03	8.795588E+01
5.89312500000E+05	1.629041E-03	8.920364E+01
5.91181250000E+05	1.801981E-03	8.780520E+01
5.93050000000E+05	1.583431E-03	9.266354E+01
5.94918750000E+05	1.803969E-03	8.619576E+01
5.96787500000E+05	1.664999E-03	8.202303E+01
5.98656250000E+05	1.770125E-03	8.677162E+01
6.00525000000E+05	1.700866E-03	8.033249E+01
6.02393750000E+05	1.736221E-03	8.427186E+01
6.04262500000E+05	1.778511E-03	8.614521E+01
6.06131250000E+05	1.753030E-03	9.039291E+01
6.08000000000E+05	1.793901E-03	7.958362E+01
6.09868750000E+05	1.796628E-03	8.643534E+01
6.11737500000E+05	1.767618E-03	8.430090E+01
6.13606250000E+05	1.883290E-03	8.360645E+01
6.15475000000E+05	1.785766E-03	8.924946E+01
6.17343750000E+05	1.821716E-03	8.637688E+01
6.19212500000E+05	1.691404E-03	8.428426E+01
6.21081250000E+05	1.770874E-03	8.244571E+01
6.22950000000E+05	1.812747E-03	8.647880E+01
6.24818750000E+05	2.004363E-03	8.228237E+01
6.26687500000E+05	1.864495E-03	8.740903E+01
6.28556250000E+05	1.731303E-03	8.569315E+01
6.30425000000E+05	1.693323E-03	8.882350E+01
6.32293750000E+05	1.743415E-03	8.090791E+01
6.34162500000E+05	1.903631E-03	8.986922E+01
6.36031250000E+05	1.742101E-03	8.499967E+01
6.37900000000E+05	1.834265E-03	8.224962E+01
6.39768750000E+05	1.820876E-03	7.934000E+01
6.41637500000E+05	1.953973E-03	9.000212E+01
6.43506250000E+05	1.742757E-03	8.690737E+01
6.45375000000E+05	1.798691E-03	8.933124E+01
6.47243750000E+05	1.964403E-03	8.537917E+01
6.49112500000E+05	1.964676E-03	8.485688E+01
6.50981250000E+05	1.991970E-03	9.010960E+01
6.52850000000E+05	2.155522E-03	7.992419E+01
6.54718750000E+05	1.883133E-03	8.856120E+01
6.56587500000E+05	1.929232E-03	8.449181E+01
6.58456250000E+05	2.003030E-03	8.647407E+01
6.60325000000E+05	2.032250E-03	8.746035E+01
6.62193750000E+05	1.980029E-03	8.521268E+01
6.64062500000E+05	1.933386E-03	8.237832E+01
6.65931250000E+05	1.989763E-03	8.672353E+01
6.67800000000E+05	2.022877E-03	8.268485E+01
6.69668750000E+05	2.015446E-03	8.646017E+01
6.71537500000E+05	1.714949E-03	8.108845E+01
6.73406250000E+05	1.878076E-03	8.631419E+01
6.75275000000E+05	1.846956E-03	8.546498E+01
6.77143750000E+05	1.870654E-03	8.179122E+01
6.79012500000E+05	2.015014E-03	7.970686E+01
6.80881250000E+05	2.142196E-03	8.468980E+01
6.82750000000E+05	2.280954E-03	8.508951E+01
6.84618750000E+05	2.053957E-03	8.571308E+01
6.86487500000E+05	2.027364E-03	8.396537E+01
6.88356250000E+05	2.043401E-03	8.135552E+01
6.90225000000E+05	2.140926E-03	8.704688E+01
6.92093750000E+05	2.026037E-03	8.140668E+01
6.93962500000E+05	2.118819E-03	8.849172E+01
6.95831250000E+05	1.980606E-03	8.089182E+01
6.97700000000E+05	1.971515E-03	7.455184E+01
6.99568750000E+05	2.095907E-03	8.473084E+01
7.01437500000E+05	1.873627E-03	7.643610E+01
7.03306250000E+05	2.055081E-03	8.327782E+01
7.05175000000E+05	2.003615E-03	8.518375E+01
7.07043750000E+05	2.237696E-03	8.390694E+01
7.08912500000E+05	2.028034E-03	8.418167E+01
7.10781250000E+05	2.066281E-03	8.000811E+01
7.12650000000E+05	1.976343E-03	8.385480E+01
7.14518750000E+05	2.221581E-03	8.924197E+01
7.16387500000E+05	2.009020E-03	8.225859E+01
7.18256250000E+05	2.144420E-03	8.094064E+01
7.20125000000E+05	2.099273E-03	8.717310E+01
7.21993750000E+05	1.928362E-03	8.692400E+01
7.23862500000E+05	2.089202E-03	8.869294E+01
7.25731250000E+05	2.327807E-03	8.029025E+01
7.27600000000E+05	2.130117E-03	8.024461E+01
7.29468750000E+05	2.134611E-03	8.617717E+01
7.31337500000E+05	2.215036E-03	8.179730E+01
7.33206250000E+05	2.214364E-03	8.366088E+01
7.35075000000E+05	2.128732E-03	8.327666E+01
7.36943750000E+05	2.224393E-03	8.365010E+01
7.38812500000E+05	1.878265E-03	8.316688E+01
7.40681250000E+05	2.110285E-03	8.700578E+01
7.42550000000E+05	2.139881E-03	8.936728E+01
7.44418750000E+05	2.137650E-03	8.883539E+01
7.46287500000E+05	2.014833E-03	9.002431E+01
7.48156250000E+05	2.207872E-03	8.465596E+01
7.50025000000E+05	2.137881E-03	7.997093E+01
7.51893750000E+05	2.074325E-03	8.595020E+01
7.53762500000E+05	2.171191E-03	8.305391E+01
7.55631250000E+05	2.138958E-03	8.594920E+01
7.57500000000E+05	2.332786E-03	8.087640E+01
7.59368750000E+05	2.166735E-03	8.548621E+01
7.61237500000E+05	2.078525E-03	8.939204E+01
7.63106250000E+05	2.288243E-03	8.701074E+01
7.64975000000E+05	2.319426E-03	8.718104E+01
7.66843750000E+05	2.168484E-03	8.178250E+01
7.68712500000E+05	2.292864E-03	8.022205E+01
7.70581250000E+05	2.290544E-03	8.241740E+01
7.72450000000E+05	2.239889E-03	8.413310E+01
7.74318750000E+05	2.275338E-03	8.089779E+01
7.76187500000E+05	2.297834E-03	8.316957E+01
7.78056250000E+05	2.117780E-03	8.632925E+01
7.79925000000E+05	2.322916E-03	8.638126E+01
7.81793750000E+05	2.301849E-03	8.292399E+01
7.83662500000E+05	2.187489E-03	8.438666E+01
7.85531250000E+05	2.424912E-03	8.439034E+01
7.87400000000E+05	2.239810E-03	8.369935E+01
7.89268750000E+05	2.340132E-03	8.450983E+01
7.91137500000E+05	2.251250E-03	9.411655E+01
7.93006250000E+05	2.274494E-03	7.677241E+01
7.94875000000E+05	2.343398E-03	8.226769E+01
7.96743750000E+05	2.368252E-03	8.365614E+01
7.98612500000E+05	2.443153E-03	8.176022E+01
8.00481250000E+05	2.179221E-03	8.323000E+01
8.02350000000E+05	2.485352E-03	8.384055E+01
8.04218750000E+05	2.191520E-03	8.676138E+01
8.06087500000E+05	2.339315E-03	8.420936E+01
8.07956250000E+05	2.434066E-03	8.107675E+01
8.09825000000E+05	2.380081E-03	8.310867E+01
8.11693750000E+05	2.388486E-03	8.355372E+01
8.13562500000E+05	2.257149E-03	7.996891E+01
8.15431250000E+05	2.233538E-03	8.024642E+01
8.17300000000E+05	2.340349E-03	8.434587E+01
8.19168750000E+05	2.380760E-03	8.202740E+01
8.21037500000E+05	2.353875E-03	8.117928E+01
8.22906250000E+05	2.366419E-03	8.548733E+01
8.24775000000E+05	2.342925E-03	8.189389E+01
8.26643750000E+05	2.378970E-03	8.565684E+01
8.28512500000E+05	2.354528E-03	8.244386E+01
8.30381250000E+05	2.369316E-03	8.284215E+01
8.32250000000E+05	2.353149E-03	8.273344E+01
8.34118750000E+05	2.548559E-03	8.188625E+01
8.35987500000E+05	2.393413E-03	8.064974E+01
8.37856250000E+05	2.340077E-03	9.137528E+01
8.39725000000E+05	2.345447E-03	8.362268E+01
8.41593750000E+05	2.312671E-03	9.011841E+01
8.43462500000E+05	2.339948E-03	8.447202E+01
8.45331250000E+05	2.457464E-03	7.651330E+01
8.47200000000E+05	2.399096E-03	8.484035E+01
8.49068750000E+05	2.452383E-03	8.426759E+01
8.50937500000E+05	2.300927E-03	8.072433E+01
8.52806250000E+05	2.442613E-03	7.926128E+01
8.54675000000E+05	2.549006E-03	7.664256E+01
8.56543750000E+05	2.409667E-03	7.711703E+01
8.58412500000E+05	2.261446E-03	8.536420E+01
8.60281250000E+05	2.611506E-03	8.462054E+01
8.62150000000E+05	2.613985E-03	7.859715E+01
8.64018750000E+05	2.529461E-03	8.290698E+01
8.65887500000E+05	2.483749E-03	8.231443E+01
8.67756250000E+05	2.450776E-03	8.648317E+01
8.69625000000E+05	2.410988E-03	8.188152E+01
8.71493750000E+05	2.645554E-03	8.177245E+01
8.73362500000E+05	2.366113E-03	7.912548E+01
8.75231250000E+05	2.555062E-03	8.754494E+01
8.77100000000E+05	2.310054E-03	8.341502E+01
8.78968750000E+05	2.550262E-03	8.160939E+01
8.80837500000E+05	2.478158E-03	8.474662E+01
8.82706250000E+05	2.474902E-03	8.628410E+01
8.84575000000E+05	2.686057E-03	8.551115E+01
8.86443750000E+05	2.560811E-03	8.322372E+01
8.88312500000E+05	2.635794E-03	8.515134E+01
8.90181250000E+05	2.755725E-03	8.003281E+01
8.92050000000E+05	2.603552E-03	8.013496E+01
8.93918750000E+05	2.754231E-03	8.540671E+01
8.95787500000E+05	2.773500E-03	8.083223E+01
8.97656250000E+05	2.262891E-03	8.512421E+01
8.99525000000E+05	2.537954E-03	8.333645E+01
9.01393750000E+05	2.553268E-03	8.060809E+01
9.03262500000E+05	2.484706E-03	8.676893E+01
9.05131250000E+05	2.717931E-03	8.194897E+01
9.07000000000E+05	2.500078E-03	8.129734E+01
9.08868750000E+05	2.547854E-03	7.909224E+01
9.10737500000E+05	2.469696E-03	8.229024E+01
9.12606250000E+05	2.673677E-03	7.846340E+01
9.14475000000E+05	2.531971E-03	8.303659E+01
9.16343750000E+05	2.961835E-03	8.611885E+01
9.18212500000E+05	2.912186E-03	8.357485E+01
9.20081250000E+05	2.494206E-03	8.257989E+01
9.21950000000E+05	2.897689E-03	8.051842E+01
9.23818750000E+05	2.632174E-03	7.769424E+01
9.25687500000E+05	2.696859E-03	7.898196E+01
9.27556250000E+05	2.637024E-03	7.960782E+01
9.29425000000E+05	2.781508E-03	7.733812E+01
9.31293750000E+05	2.692830E-03	8.068816E+01
9.33162500000E+05	2.917766E-03	8.090292E+01
9.35031250000E+05	2.861791E-03	8.076974E+01
9.36900000000E+05	2.799727E-03	7.810503E+01
9.38768750000E+05	2.866353E-03	8.206678E+01
9.40637500000E+05	2.850093E-03	8.538533E+01
9.42506250000E+05	2.573280E-03	8.006019E+01
9.44375000000E+05	2.849895E-03	8.295856E+01
9.46243750000E+05	2.860952E-03	8.035237E+01
9.48112500000E+05	2.642631E-03	8.120204E+01
9.49981250000E+05	2.896786E-03	8.745478E+01
9.51850000000E+05	2.672760E-03	7.912127E+01
9.53718750000E+05	2.582730E-03	8.555879E+01
9.55587500000E+05	2.957491E-03	8.189154E+01
9.57456250000E+05	2.593650E-03	8.407958E+01
9.59325000000E+05	2.714310E-03	8.288569E+01
9.61193750000E+05	2.961439E-03	8.132687E+01
9.63062500000E+05	2.660876E-03	7.975847E+01
9.64931250000E+05	2.794475E-03	8.050591E+01
9.66800000000E+05	2.692377E-03	8.060425E+01
9.68668750000E+05	2.657137E-03	7.733807E+01
9.70537500000E+05	2.955392E-03	8.175213E+01
9.72406250000E+05	2.673663E-03	8.545822E+01
9.74275000000E+05	2.496959E-03	8.059055E+01
9.76143750000E+05	2.677830E-03	8.523505E+01
9.78012500000E+05	2.897042E-03	8.142872E+01
9.79881250000E+05	2.776075E-03	8.106537E+01
9.81750000000E+05	2.960371E-03	8.285166E+01
9.83618750000E+05	3.003256E-03	7.975478E+01
9.85487500000E+05	2.936771E-03	8.383887E+01
9.87356250000E+05	2.888459E-03	8.232757E+01
9.89225000000E+05	2.945110E-03	8.130791E+01
9.91093750000E+05	3.227357E-03	8.203706E+01
9.92962500000E+05	2.671688E-03	8.147550E+01
9.94831250000E+05	3.054952E-03	8.509216E+01
9.96700000000E+05	2.974163E-03	8.298857E+01
9.98568750000E+05	2.869116E-03	8.065911E+01
1.00043750000E+06	2.951512E-03	8.420497E+01
1.00230625000E+06	2.705417E-03	8.211393E+01
1.00417500000E+06	2.972350E-03	8.392760E+01
1.00604375000E+06	2.931630E-03	8.133303E+01
1.00791250000E+06	3.201406E-03	7.968528E+01
1.00978125000E+06	3.122909E-03	8.376280E+01
1.01165000000E+06	2.729879E-03	8.519809E+01
1.01351875000E+06	2.624435E-03	8.447318E+01
1.01538750000E+06	3.046324E-03	8.136544E+01
1.01725625000E+06	2.864257E-03	8.008922E+01
1.01912500000E+06	2.855727E-03	8.024690E+01
1.02099375000E+06	2.987633E-03	8.417943E+01
1.02286250000E+06	3.021074E-03	8.361151E+01
1.02473125000E+06	3.025496E-03	7.764777E+01
1.02660000000E+06	2.891887E-03	8.462138E+01
1.02846875000E+06	2.880674E-03	8.966778E+01
1.03033750000E+06	3.001413E-03	8.268314E+01
1.03220625000E+06	2.929717E-03	7.847726E+01
1.03407500000E+06	2.980368E-03	7.951252E+01
1.03594375000E+06	2.981863E-03	7.974997E+01
1.03781250000E+06	2.750800E-03	7.582249E+01
1.03968125000E+06	2.860304E-03	8.199628E+01
1.04155000000E+06	2.951610E-03	7.799619E+01
1.04341875000E+06	3.109229E-03	8.163794E+01
1.04528750000E+06	2.781722E-03	7.790622E+01
1.04715625000E+06	3.027561E-03	8.208281E+01
1.04902500000E+06	2.728768E-03	7.847538E+01
1.05089375000E+06	3.030793E-03	8.015480E+01
1.05276250000E+06	2.969260E-03	8.440790E+01
1.05463125000E+06	2.748060E-03	7.738734E+01
1.05650000000E+06	3.082419E-03	8.468427E+01
1.05836875000E+06	3.104236E-03	7.998744E+01
1.06023750000E+06	3.167959E-03	8.273094E+01
1.06210625000E+06	3.240545E-03	7.565051E+01
1.06397500000E+06	3.012909E-03	8.539130E+01
1.06584375000E+06	2.983375E-03	8.423576E+01
1.06771250000E+06	2.986906E-03	8.712428E+01
1.06958125000E+06	3.310725E-03	8.513326E+01
1.07145000000E+06	3.260742E-03	8.000225E+01
1.07331875000E+06	3.072437E-03	8.091514E+01
1.07518750000E+06	3.221821E-03	8.281619E+01
1.07705625000E+06	2.904839E-03	8.145840E+01
1.07892500000E+06	3.161244E-03	7.246634E+01
1.08079375000E+06	3.243670E-03	8.667844E+01
1.08266250000E+06	3.106357E-03	8.112404E+01
1.08453125000E+06	3.182485E-03	8.161761E+01
1.08640000000E+06	2.921809E-03	8.376502E+01
1.08826875000E+06	3.056545E-03	7.952620E+01
1.09013750000E+06	3.190134E-03	7.946597E+01
1.09200625000E+06	3.183974E-03	8.114630E+01
1.09387500000E+06	3.245171E-03	7.759641E+01
1.09574375000E+06	3.225762E-03	8.179102E+01
1.09761250000E+06	3.075406E-03	7.998717E+01
1.09948125000E+06	3.292590E-03	8.196047E+01
1.10135000000E+06	3.001153E-03	7.995485E+01
1.10321875000E+06	3.199906E-03	7.755146E+01
1.10508750000E+06	3.223741E-03	8.145190E+01
1.10695625000E+06	3.279035E-03	7.726965E+01
1.10882500000E+06	3.447412E-03	8.143803E+01
1.11069375000E+06	3.240205E-03	7.776895E+01
1.11256250000E+06	3.076172E-03	8.186122E+01
1.11443125000E+06	3.381193E-03	7.517851E+01
1.11630000000E+06	3.409620E-03	7.773463E+01
1.11816875000E+06	3.212214E-03	8.066937E+01
1.12003750000E+06	3.391496E-03	7.668404E+01
1.12190625000E+06	3.124231E-03	7.967859E+01
1.12377500000E+06	3.172504E-03	7.876523E+01
1.12564375000E+06	3.437655E-03	7.341681E+01
1.12751250000E+06	3.255407E-03	7.998920E+01
1.12938125000E+06	3.282956E-03	7.993788E+01
1.13125000000E+06	3.331084E-03	7.655027E+01
1.13311875000E+06	3.332558E-03	7.778127E+01
1.13498750000E+06	3.209380E-03	7.752434E+01
1.13685625000E+06	3.409008E-03	7.486398E+01
1.13872500000E+06	3.009296E-03	7.975983E+01
1.14059375000E+06	3.313612E-03	7.892529E+01
1.14246250000E+06	3.271462E-03	7.502174E+01
1.14433125000E+06	3.223875E-03	7.801925E+01
1.14620000000E+06	3.227914E-03	7.825922E+01
1.14806875000E+06	3.240216E-03	7.953023E+01
1.14993750000E+06	3.147829E-03	7.940307E+01
1.15180625000E+06	3.316707E-03	8.392549E+01
1.15367500000E+06	3.236838E-03	7.825703E+01
1.15554375000E+06	3.422663E-03	7.938390E+01
1.15741250000E+06	3.282316E-03	8.419110E+01
1.15928125000E+06	3.208869E-03	8.230389E+01
1.16115000000E+06	3.508013E-03	7.528683E+01
1.16301875000E+06	3.398979E-03	8.097829E+01
1.16488750000E+06	3.349983E-03	7.792813E+01
1.16675625000E+06	3.398334E-03	8.146231E+01
1.16862500000E+06	3.604602E-03	8.108566E+01
1.17049375000E+06	3.141100E-03	8.194376E+01
1.17236250000E+06	3.230953E-03	7.893980E+01
1.17423125000E+06	3.143930E-03	8.429207E+01
1.17610000000E+06	3.427336E-03	8.011835E+01
1.17796875000E+06	3.651802E-03	7.857287E+01
1.17983750000E+06	3.713385E-03	7.895081E+01
1.18170625000E+06	3.452279E-03	7.906172E+01
1.18357500000E+06	3.273879E-03	7.988400E+01
1.18544375000E+06	3.198851E-03	8.150470E+01
1.18731250000E+06	3.204949E-03	8.010635E+01
1.18918125000E+06	3.458795E-03	7.718011E+01
1.19105000000E+06	3.507407E-03	7.847714E+01
1.19291875000E+06	3.402861E-03	7.976646E+01
1.19478750000E+06	3.378927E-03	7.881415E+01
1.19665625000E+06	3.515840E-03	7.761642E+01
1.19852500000E+06	3.569297E-03	8.492762E+01
1.20039375000E+06	3.599530E-03	8.259248E+01
1.20226250000E+06	3.217516E-03	7.886811E+01
1.20413125000E+06	3.476984E-03	7.414639E+01
1.20600000000E+06	3.618997E-03	7.808294E+01
1.20786875000E+06	3.412056E-03	8.134335E+01
1.20973750000E+06	3.399753E-03	7.571687E+01
1.21160625000E+06	3.525825E-03	7.801118E+01
1.21347500000E+06	3.158805E-03	8.088829E+01
1.21534375000E+06	3.478835E-03	7.518158E+01
1.21721250000E+06	3.517409E-03	7.937962E+01
1.21908125000E+06	3.600515E-03	7.864716E+01
1.22095000000E+06	3.366447E-03	7.926189E+01
1.22281875000E+06	3.462024E-03	7.965176E+01
1.22468750000E+06	3.284475E-03	7.803967E+01
1.22655625000E+06	3.769107E-03	7.993379E+01
1.22842500000E+06	3.511591E-03	7.810851E+01
1.23029375000E+06	3.779747E-03	7.695782E+01
1.23216250000E+06	3.519412E-03	8.005713E+01
1.23403125000E+06	3.879821E-03	7.810957E+01
1.23590000000E+06	3.444109E-03	8.167352E+01
1.23776875000E+06	3.613035E-03	7.611123E+01
1.23963750000E+06	3.249154E-03	8.739096E+01
1.24150625000E+06	3.772411E-03	7.828845E+01
1.24337500000E+06	3.544343E-03	7.396974E+01
1.24524375000E+06	3.748144E-03	7.861910E+01
1.24711250000E+06	3.392021E-03	7.843292E+01
1.24898125000E+06	3.742310E-03	7.956400E+01
1.25085000000E+06	3.691968E-03	7.577505E+01
1.25271875000E+06	3.425494E-03	7.775526E+01
1.25458750000E+06	3.676241E-03	8.006977E+01
1.25645625000E+06	3.604336E-03	7.339366E+01
1.25832500000E+06	3.419738E-03	7.081596E+01
1.26019375000E+06	3.613696E-03	8.284283E+01
1.26206250000E+06	3.806125E-03	7.724529E+01
1.26393125000E+06	3.805340E-03	7.598577E+01
1.26580000000E+06	3.853698E-03	7.759786E+01
1.26766875000E+06	3.336873E-03	7.727592E+01
1.26953750000E+06	3.884359E-03	7.389720E+01
1.27140625000E+06	3.342713E-03	7.901045E+01
1.27327500000E+06	3.688548E-03	7.793484E+01
1.27514375000E+06	3.589965E-03	7.382191E+01
1.27701250000E+06	3.855010E-03	7.538802E+01
1.27888125000E+06	3.806166E-03	8.019715E+01
1.28075000000E+06	4.075896E-03	7.416297E+01
1.28261875000E+06	3.921416E-03	7.987371E+01
1.28448750000E+06	3.275953E-03	7.934111E+01
1.28635625000E+06	3.733111E-03	7.785737E+01
1.28822500000E+06	4.072573E-03	8.114898E+01
1.29009375000E+06	3.569210E-03	7.401714E+01
1.29196250000E+06	3.911668E-03	7.896426E+01
1.29383125000E+06	3.649271E-03	7.917960E+01
1.29570000000E+06	3.956783E-03	7.872712E+01
1.29756875000E+06	3.871669E-03	8.223019E+01
1.29943750000E+06	3.509094E-03	7.465478E+01
1.30130625000E+06	4.034062E-03	7.664984E+01
1.30317500000E+06	3.883281E-03	7.377152E+01
1.30504375000E+06	3.821247E-03	7.984568E+01
1.30691250000E+06	4.058610E-03	7.646838E+01
1.30878125000E+06	3.959783E-03	8.286558E+01
1.31065000000E+06	3.733398E-03	7.880534E+01
1.31251875000E+06	3.596514E-03	7.093465E+01
1.31438750000E+06	3.739526E-03	8.044748E+01
1.31625625000E+06	3.977600E-03	7.709792E+01
1.31812500000E+06	4.038508E-03	8.208798E+01
1.31999375000E+06	3.612161E-03	7.671507E+01
1.32186250000E+06	3.667318E-03	7.858466E+01
1.32373125000E+06	3.946013E-03	7.928875E+01
1.32560000000E+06	3.792807E-03	7.776691E+01
1.32746875000E+06	4.112440E-03	7.661356E+01
1.32933750000E+06	3.942847E-03	7.904873E+01
1.33120625000E+06	3.701308E-03	8.145124E+01
1.33307500000E+06	3.730162E-03	7.587272E+01
1.33494375000E+06	4.036846E-03	7.743568E+01
1.33681250000E+06	3.794808E-03	8.159894E+01
1.33868125000E+06	4.131245E-03	7.973536E+01
1.34055000000E+06	3.373807E-03	7.768465E+01
1.34241875000E+06	4.216868E-03	7.985708E+01
1.34428750000E+06	3.707061E-03	7.546700E+01
1.34615625000E+06	3.758065E-03	7.528007E+01
1.34802500000E+06	3.906680E-03	7.412234E+01
1.34989375000E+06	3.822575E-03	7.444637E+01
1.35176250000E+06	3.885495E-03	7.611329E+01
1.35363125000E+06	4.115752E-03	7.958703E+01
1.35550000000E+06	4.033473E-03	7.707684E+01
1.35736875000E+06	4.019552E-03	7.838553E+01
1.35923750000E+06	4.103988E-03	7.783012E+01
1.36110625000E+06	4.321154E-03	7.723621E+01
1.36297500000E+06	3.782602E-03	7.343661E+01
1.36484375000E+06	3.717986E-03	8.143091E+01
1.36671250000E+06	4.058995E-03	7.587596E+01
1.36858125000E+06	4.028683E-03	7.384875E+01
1.37045000000E+06	3.856771E-03	7.742357E+01
1.37231875000E+06	3.809446E-03	7.112067E+01
1.37418750000E+06	4.160153E-03	7.616515E+01
1.37605625000E+06	4.030926E-03	8.128492E+01
1.37792500000E+06	3.696267E-03	7.270496E+01
1.37979375000E+06	4.301552E-03	7.859359E+01
1.38166250000E+06	4.050104E-03	7.359647E+01
1.38353125000E+06	3.628771E-03	7.946673E+01
1.38540000000E+06	3.606678E-03	7.590845E+01
1.38726875000E+06	4.138962E-03	7.419778E+01
1.38913750000E+06	4.009205E-03	7.647977E+01
1.39100625000E+06	4.092200E-03	7.588404E+01
1.39287500000E+06	4.039124E-03	7.691408E+01
1.39474375000E+06	4.127689E-03	8.022062E+01
1.39661250000E+06	3.801279E-03	7.779192E+01
1.39848125000E+06	4.143067E-03	7.809850E+01
1.40035000000E+06	4.328366E-03	7.415494E+01
1.40221875000E+06	4.037120E-03	7.662611E+01
1.40408750000E+06	4.175353E-03	7.877715E+01
1.40595625000E+06	4.028849E-03	7.843805E+01
1.40782500000E+06	3.863821E-03	7.574913E+01
1.40969375000E+06	3.883615E-03	7.722447E+01
1.41156250000E+06	4.129169E-03	7.431405E+01
1.41343125000E+06	4.179028E-03	7.985929E+01
1.41530000000E+06	3.909391E-03	7.885352E+01
1.41716875000E+06	4.224309E-03	7.535632E+01
1.41903750000E+06	4.284879E-03	7.563187E+01
1.42090625000E+06	4.238792E-03	7.774651E+01
1.42277500000E+06	4.221870E-03	7.546035E+01
1.42464375000E+06	4.178694E-03	7.729917E+01
1.42651250000E+06	4.143129E-03	7.439251E+01
1.42838125000E+06	4.175840E-03	7.896759E+01
1.43025000000E+06	3.797808E-03	7.788715E+01
1.43211875000E+06	4.144322E-03	7.418874E+01
1.43398750000E+06	4.220568E-03	7.587153E+01
1.43585625000E+06	4.662161E-03	7.866646E+01
1.43772500000E+06	4.193926E-03	7.732423E+01
1.43959375000E+06	4.232669E-03	7.760320E+01
1.44146250000E+06	4.251847E-03	7.521844E+01
1.44333125000E+06	4.244836E-03	7.783588E+01
1.44520000000E+06	4.063847E-03	7.609872E+01
1.44706875000E+06	4.202376E-03	7.146568E+01
1.44893750000E+06	4.161691E-03	7.632814E+01
1.45080625000E+06	4.459220E-03	7.627909E+01
1.45267500000E+06	4.439205E-03	7.738551E+01
1.45454375000E+06	4.482418E-03	7.402943E+01
1.45641250000E+06	4.589165E-03	7.571339E+01
1.45828125000E+06	4.225749E-03	7.453336E+01
1.46015000000E+06	4.184047E-03	6.997690E+01
1.46201875000E+06	4.273405E-03	7.970671E+01
1.46388750000E+06	4.225868E-03	7.534464E+01
1.46575625000E+06	4.470314E-03	7.957222E+01
1.46762500000E+06	4.114769E-03	7.950396E+01
1.46949375000E+06	4.261269E-03	8.291177E+01
1.47136250000E+06	4.229824E-03	7.418395E+01
1.47323125000E+06	4.098479E-03	7.700008E+01
1.47510000000E+06	4.509584E-03	8.101723E+01
1.47696875000E+06	4.151785E-03	7.715224E+01
1.47883750000E+06	4.644866E-03	7.537915E+01
1.48070625000E+06	4.343657E-03	7.582601E+01
1.48257500000E+06	4.232212E-03	7.688847E+01
1.48444375000E+06	4.250441E-03	7.682234E+01
1.48631250000E+06	4.165191E-03	7.438607E+01
1.48818125000E+06	4.053780E-03	7.988453E+01
1.49005000000E+06	4.248968E-03	7.645052E+01
1.49191875000E+06	4.154704E-03	7.732349E+01
1.49378750000E+06	4.121456E-03	7.608862E+01
1.49565625000E+06	4.569694E-03	7.734396E+01
1.49752500000E+06	4.214126E-03	7.785756E+01
1.49939375000E+06	4.211927E-03	7.815379E+01
1.50126250000E+06	4.495792E-03	7.724149E+01
1.50313125000E+06	4.199242E-03	7.603102E+01
1.50500000000E+06	4.323470E-03	7.532133E+01
1.50686875000E+06	4.472961E-03	7.454475E+01
1.50873750000E+06	4.692631E-03	7.684792E+01
1.51060625000E+06	4.383044E-03	7.743382E+01
1.51247500000E+06	4.536001E-03	7.281479E+01
1.51434375000E+06	4.655466E-03	7.486807E+01
1.51621250000E+06	4.424115E-03	7.775153E+01
1.51808125000E+06	4.313244E-03	7.527619E+01
1.51995000000E+06	4.460357E-03	7.107835E+01
1.52181875000E+06	4.601624E-03	7.695110E+01
1.52368750000E+06	4.736752E-03	7.979384E+01
1.52555625000E+06	4.222895E-03	7.581609E+01
1.52742500000E+06	4.689022E-03	7.697736E+01
1.52929375000E+06	4.608606E-03	7.517908E+01
1.53116250000E+06	4.292697E-03	7.528355E+01
1.53303125000E+06	4.266019E-03	7.551218E+01
1.53490000000E+06	4.137194E-03	7.692162E+01
1.53676875000E+06	4.103003E-03	7.865661E+01
1.53863750000E+06	4.858040E-03	7.883135E+01
1.54050625000E+06	4.347546E-03	7.634452E+01
1.54237500000E+06	4.476686E-03	7.510929E+01
1.54424375000E+06	4.655599E-03	7.306100E+01
1.54611250000E+06	4.252758E-03	7.191766E+01
1.54798125000E+06	4.263823E-03	7.419006E+01
1.54985000000E+06	4.380629E-03	7.787535E+01
1.55171875000E+06	4.191101E-03	8.285603E+01
1.55358750000E+06	4.488456E-03	8.201488E+01
1.55545625000E+06	4.216089E-03	7.944294E+01
1.55732500000E+06	4.282428E-03	7.474715E+01
1.55919375000E+06	4.331838E-03	7.922925E+01
1.56106250000E+06	4.833547E-03	7.263965E+01
1.56293125000E+06	4.446437E-03	7.754265E+01
1.56480000000E+06	4.689606E-03	7.529211E+01
1.56666875000E+06	4.421042E-03	7.878658E+01
1.56853750000E+06	4.651425E-03	7.518541E+01
1.57040625000E+06	4.377943E-03	7.864856E+01
1.57227500000E+06	4.504463E-03	7.532153E+01
1.57414375000E+06	4.579522E-03	7.707209E+01
1.57601250000E+06	4.420022E-03	7.900442E+01
1.57788125000E+06	4.292650E-03	7.287703E+01
1.57975000000E+06	4.554441E-03	6.971002E+01
1.58161875000E+06	4.400471E-03	7.548371E+01
1.58348750000E+06	4.513856E-03	7.243602E+01
1.58535625000E+06	4.706566E-03	7.483042E+01
1.58722500000E+06	4.665506E-03	7.464172E+01
1.58909375000E+06	4.467955E-03	7.805475E+01
1.59096250000E+06	4.363497E-03	7.690284E+01
1.59283125000E+06	4.862166E-03	7.888788E+01
1.59470000000E+06	4.748912E-03	7.383124E+01
1.59656875000E+06	4.258011E-03	7.241563E+01
1.59843750000E+06	4.856588E-03	7.281720E+01
1.60030625000E+06	4.848881E-03	7.587411E+01
1.60217500000E+06	4.941046E-03	7.725097E+01
1.60404375000E+06	4.408217E-03	7.780216E+01
1.60591250000E+06	4.373712E-03	7.618339E+01
1.60778125000E+06	4.583496E-03	7.630731E+01
1.60965000000E+06	4.670083E-03	7.121845E+01
1.61151875000E+06	4.560668E-03	7.787293E+01
1.61338750000E+06	4.510706E-03	7.591907E+01
1.61525625000E+06	4.415912E-03	7.497936E+01
1.61712500000E+06	4.528875E-03	7.438638E+01
1.61899375000E+06	4.594589E-03	7.654444E+01
1.62086250000E+06	4.538282E-03	7.506982E+01
1.62273125000E+06	4.529102E-03	7.673411E+01
1.62460000000E+06	4.699569E-03	7.686480E+01
1.62646875000E+06	4.793139E-03	7.650947E+01
1.62833750000E+06	4.464041E-03	7.652042E+01
1.63020625000E+06	4.854579E-03	7.482450E+01
1.63207500000E+06	4.584597E-03	7.016518E+01
1.63394375000E+06	4.340357E-03	7.763541E+01
1.63581250000E+06	4.454507E-03	7.633405E+01
1.63768125000E+06	4.769774E-03	7.561581E+01
1.63955000000E+06	4.523444E-03	7.280991E+01
1.64141875000E+06	4.843239E-03	7.416627E+01
1.64328750000E+06	4.636241E-03	7.293909E+01
1.64515625000E+06	4.512300E-03	7.542449E+01
1.64702500000E+06	4.490154E-03	7.122525E+01
1.64889375000E+06	4.477968E-03	7.585174E+01
1.65076250000E+06	4.809102E-03	7.363381E+01
1.65263125000E+06	4.714785E-03	7.337010E+01
1.65450000000E+06	4.443831E-03	7.356451E+01
1.65636875000E+06	4.954129E-03	7.427604E+01
1.65823750000E+06	4.703003E-03	7.728520E+01
1.66010625000E+06	4.934851E-03	7.384676E+01
1.66197500000E+06	4.640097E-03	7.007613E+01
1.66384375000E+06	4.664194E-03	8.154585E+01
1.66571250000E+06	5.023260E-03	7.390157E+01
1.66758125000E+06	4.554961E-03	7.217952E+01
1.66945000000E+06	4.824852E-03	7.281544E+01
1.67131875000E+06	4.875063E-03	7.511895E+01
1.67318750000E+06	5.087802E-03	7.436172E+01
1.67505625000E+06	4.773748E-03	7.826797E+01
1.67692500000E+06	4.327737E-03	7.758340E+01
1.67879375000E+06	4.729097E-03	7.613636E+01
1.68066250000E+06	4.721948E-03	7.318607E+01
1.68253125000E+06	4.565392E-03	7.395853E+01
1.68440000000E+06	4.899263E-03	7.683128E+01
1.68626875000E+06	4.843631E-03	7.706953E+01
1.68813750000E+06	5.353211E-03	7.189362E+01
1.69000625000E+06	4.799519E-03	7.241828E+01
1.69187500000E+06	4.783174E-03	7.998149E+01
1.69374375000E+06	4.662473E-03	7.492751E+01
1.69561250000E+06	5.047862E-03	7.586076E+01
1.69748125000E+06	4.942634E-03	6.992642E+01
1.69935000000E+06	4.853569E-03	7.426915E+01
1.70121875000E+06	4.653776E-03	7.298383E+01
1.70308750000E+06	4.391187E-03	7.629502E+01
1.70495625000E+06	4.903627E-03	7.412591E+01
1.70682500000E+06	4.796102E-03	7.129795E+01
1.70869375000E+06	4.892998E-03	7.145924E+01
1.71056250000E+06	4.623345E-03	7.919274E+01
1.71243125000E+06	4.651870E-03	6.886477E+01
1.71430000000E+06	4.783811E-03	7.638943E+01
1.71616875000E+06	4.979998E-03	7.734887E+01
1.71803750000E+06	4.829619E-03	7.414346E+01
1.71990625000E+06	5.012284E-03	7.487507E+01
1.72177500000E+06	4.990652E-03	7.408488E+01
1.72364375000E+06	4.829193E-03	7.492996E+01
1.72551250000E+06	4.527691E-03	7.367222E+01
1.72738125000E+06	5.098983E-03	7.440693E+01
1.72925000000E+06	4.928881E-03	7.395248E+01
1.73111875000E+06	4.976567E-03	7.501417E+01
1.73298750000E+06	4.668254E-03	7.195383E+01
1.73485625000E+06	5.021033E-03	7.881080E+01
1.73672500000E+06	4.970071E-03	7.302773E+01
1.73859375000E+06	4.852065E-03	7.734724E+01
1.74046250000E+06	4.955480E-03	7.258568E+01
1.74233125000E+06	5.131675E-03	7.608964E+01
1.74420000000E+06	4.972812E-03	7.212201E+01
1.74606875000E+06	4.943269E-03	7.523454E+01
1.74793750000E+06	4.789295E-03	7.569914E+01
1.74980625000E+06	4.816274E-03	7.516994E+01
1.75167500000E+06	4.855160E-03	7.592944E+01
1.75354375000E+06	4.951370E-03	7.316212E+01
1.75541250000E+06	4.808103E-03	7.420958E+01
1.75728125000E+06	4.805374E-03	7.560806E+01
1.75915000000E+06	4.775108E-03	7.615245E+01
1.76101875000E+06	4.891020E-03	7.543270E+01
1.76288750000E+06	4.699395E-03	7.142596E+01
1.76475625000E+06	4.942111E-03	7.234126E+01
1.76662500000E+06	5.062470E-03	7.187833E+01
1.76849375000E+06	4.998751E-03	7.701201E+01
1.77036250000E+06	4.901229E-03	7.575984E+01
1.77223125000E+06	5.088389E-03	7.448646E+01
1.77410000000E+06	5.029379E-03	7.426714E+01
1.77596875000E+06	5.026463E-03	7.264831E+01
1.77783750000E+06	4.965201E-03	7.406451E+01
1.77970625000E+06	5.178995E-03	7.462285E+01
1.78157500000E+06	5.101324E-03	7.419308E+01
1.78344375000E+06	4.757442E-03	7.488673E+01
1.78531250000E+06	5.070365E-03	7.322482E+01
1.78718125000E+06	4.855293E-03	7.349368E+01
1.78905000000E+06	5.146725E-03	7.573498E+01
1.79091875000E+06	5.093386E-03	7.164713E+01
1.79278750000E+06	5.130352E-03	7.318296E+01
1.79465625000E+06	5.065861E-03	7.297130E+01
1.79652500000E+06	5.180995E-03	7.506005E+01
1.79839375000E+06	5.016292E-03	7.163256E+01
1.80026250000E+06	5.072078E-03	7.217448E+01
1.80213125000E+06	5.062243E-03	7.558524E+01
1.80400000000E+06	5.168484E-03	7.274799E+01
1.80586875000E+06	5.282903E-03	7.646898E+01
1.80773750000E+06	5.120509E-03	7.502453E+01
1.80960625000E+06	5.352578E-03	7.717358E+01
1.81147500000E+06	5.203751E-03	7.479893E+01
1.81334375000E+06	5.335896E-03	7.323883E+01
1.81521250000E+06	5.503486E-03	7.261498E+01
1.81708125000E+06	5.090791E-03	7.391263E+01
1.81895000000E+06	4.746904E-03	7.228484E+01
1.82081875000E+06	5.199225E-03	7.204305E+01
1.82268750000E+06	5.388685E-03	7.280271E+01
1.82455625000E+06	5.023517E-03	7.384839E+01
1.82642500000E+06	5.254689E-03	7.435107E+01
1.82829375000E+06	5.290842E-03	7.247919E+01
1.83016250000E+06	5.229077E-03	7.132212E+01
1.83203125000E+06	4.995453E-03	7.503498E+01
1.83390000000E+06	5.231049E-03	7.033832E+01
1.83576875000E+06	5.278602E-03	7.302435E+01
1.83763750000E+06	5.077358E-03	7.701137E+01
1.83950625000E+06	4.898577E-03	7.549056E+01
1.84137500000E+06	4.824556E-03	7.300654E+01
1.84324375000E+06	4.936593E-03	6.929484E+01
1.84511250000E+06	5.336438E-03	7.511571E+01
1.84698125000E+06	5.252058E-03	7.124281E+01
1.84885000000E+06	5.254776E-03	7.092791E+01
1.85071875000E+06	4.784238E-03	7.296273E+01
1.85258750000E+06	4.882986E-03	7.432484E+01
1.85445625000E+06	5.176225E-03	7.035021E+01
1.85632500000E+06	4.859613E-03	7.352110E+01
1.85819375000E+06	5.366232E-03	7.526772E+01
1.86006250000E+06	5.374171E-03	7.339894E+01
1.86193125000E+06	5.248727E-03	7.436114E+01
1.86380000000E+06	4.971185E-03	7.447910E+01
1.86566875000E+06	5.370480E-03	7.224207E+01
1.86753750000E+06	5.490018E-03	7.505759E+01
1.86940625000E+06	5.520147E-03	7.027058E+01
1.87127500000E+06	5.157692E-03	7.528523E+01
1.87314375000E+06	5.219839E-03	7.158414E+01
1.87501250000E+06	4.813165E-03	6.780663E+01
1.87688125000E+06	5.319645E-03	7.607384E+01
1.87875000000E+06	5.110379E-03	7.194968E+01
1.88061875000E+06	5.414203E-03	7.159856E+01
1.88248750000E+06	5.425242E-03	7.231599E+01
1.88435625000E+06	5.208071E-03	7.379702E+01
1.88622500000E+06	5.148329E-03	7.252638E+01
1.88809375000E+06	5.360063E-03	7.223565E+01
1.88996250000E+06	5.183353E-03	6.921451E+01
1.89183125000E+06	5.351130E-03	7.194917E+01
1.89370000000E+06	5.115066E-03	7.281010E+01
1.89556875000E+06	5.348690E-03	7.050489E+01
1.89743750000E+06	5.416994E-03	7.354469E+01
1.89930625000E+06	5.157348E-03	7.326214E+01
1.90117500000E+06	5.254253E-03	7.192839E+01
1.90304375000E+06	5.777990E-03	7.287859E+01
1.90491250000E+06	5.501142E-03	7.047099E+01
1.90678125000E+06	5.273443E-03	7.108346E+01
1.90865000000E+06	5.344876E-03	7.416032E+01
1.91051875000E+06	5.526247E-03	7.205357E+01
1.91238750000E+06	5.449933E-03	7.370388E+01
1.91425625000E+06	5.143226E-03	7.084220E+01
1.91612500000E+06	5.267053E-03	7.055623E+01
1.91799375000E+06	5.343037E-03	7.174355E+01
1.91986250000E+06	5.256691E-03	7.118349E+01
1.92173125000E+06	5.258420E-03	7.086061E+01
1.92360000000E+06	5.271457E-03	7.190804E+01
1.92546875000E+06	5.124610E-03	7.090804E+01
1.92733750000E+06	5.425435E-03	7.374508E+01
1.92920625000E+06	5.242514E-03	7.321423E+01
1.93107500000E+06	5.362504E-03	7.352109E+01
1.93294375000E+06	5.397836E-03	7.202238E+01
1.93481250000E+06	5.290508E-03	7.466569E+01
1.93668125000E+06	5.591766E-03	7.222243E+01
1.93855000000E+06	5.436041E-03	7.068666E+01
1.94041875000E+06	5.324998E-03	7.201767E+01
1.94228750000E+06	5.261188E-03	7.128454E+01
1.94415625000E+06	5.225597E-03	7.344302E+01
1.94602500000E+06	5.253999E-03	7.190397E+01
1.94789375000E+06	5.495518E-03	7.162477E+01
1.94976250000E+06	5.204187E-03	7.302139E+01
1.95163125000E+06	5.511629E-03	7.346042E+01
1.95350000000E+06	5.433589E-03	7.260664E+01
1.95536875000E+06	5.549911E-03	7.315086E+01
1.95723750000E+06	5.327553E-03	7.152877E+01
1.95910625000E+06	5.762956E-03	7.160689E+01
1.96097500000E+06	5.540830E-03	7.157713E+01
1.96284375000E+06	5.416803E-03	7.054739E+01
1.96471250000E+06	5.417570E-03	7.139642E+01
1.96658125000E+06	5.295144E-03	7.527940E+01
1.96845000000E+06	5.858138E-03	6.985779E+01
1.97031875000E+06	5.348444E-03	7.085948E+01
1.97218750000E+06	5.652780E-03	7.324842E+01
1.97405625000E+06	5.488745E-03	7.184537E+01
1.97592500000E+06	5.294150E-03	7.039115E+01
1.97779375000E+06	5.844189E-03	7.652911E+01
1.97966250000E+06	6.216582E-03	7.203017E+01
1.98153125000E+06	5.729571E-03	7.357030E+01
1.98340000000E+06	5.485552E-03	6.967649E+01
1.98526875000E+06	5.654066E-03	6.636688E+01
1.98713750000E+06	5.792363E-03	7.273090E+01
1.98900625000E+06	5.569543E-03	7.278431E+01
1.99087500000E+06	5.445518E-03	7.020814E+01
1.99274375000E+06	5.268468E-03	7.048164E+01
1.99461250000E+06	5.085636E-03	7.504787E+01
1.99648125000E+06	5.728633E-03	7.319956E+01
1.99835000000E+06	5.541682E-03	7.176381E+01
2.00021875000E+06	5.414644E-03	6.999735E+01
2.00208750000E+06	5.555268E-03	7.263560E+01
2.00395625000E+06	5.733900E-03	7.362077E+01
2.00582500000E+06	5.620569E-03	6.995499E+01
2.00769375000E+06	5.649315E-03	7.152498E+01
2.00956250000E+06	5.506455E-03	7.329028E+01
2.01143125000E+06	5.500651E-03	7.023864E+01
2.01330000000E+06	5.248805E-03	7.489727E+01
2.01516875000E+06	5.430707E-03	7.274565E+01
2.01703750000E+06	5.609490E-03	6.805876E+01
2.01890625000E+06	5.401202E-03	7.333425E+01
2.02077500000E+06	5.423463E-03	7.164008E+01
2.02264375000E+06	5.442360E-03	7.187342E+01
2.02451250000E+06	5.540402E-03	7.440934E+01
2.02638125000E+06	5.522891E-03	7.446279E+01
2.02825000000E+06	5.652144E-03	7.130724E+01
2.03011875000E+06	5.710453E-03	6.938400E+01
2.03198750000E+06	5.797624E-03	7.462091E+01
2.03385625000E+06	6.022024E-03	7.082071E+01
2.03572500000E+06	5.690867E-03	7.317532E+01
2.03759375000E+06	5.266637E-03	7.275818E+01
2.03946250000E+06	6.018690E-03	6.883231E+01
2.04133125000E+06	5.533249E-03	7.045599E+01
2.04320000000E+06	5.764671E-03	7.115455E+01
2.04506875000E+06	5.734020E-03	6.998624E+01
2.04693750000E+06	6.065853E-03	7.070381E+01
2.04880625000E+06	5.822763E-03	6.976569E+01
2.05067500000E+06	5.485955E-03	7.171469E+01
2.05254375000E+06	5.798229E-03	7.229840E+01
2.05441250000E+06	5.714619E-03	7.070216E+01
2.05628125000E+06	5.731651E-03	7.065388E+01
2.05815000000E+06	5.719205E-03	7.210920E+01
2.06001875000E+06	6.085615E-03	7.036861E+01
2.06188750000E+06	5.573535E-03	6.793947E+01
2.06375625000E+06	5.689183E-03	7.165141E+01
2.06562500000E+06	5.604624E-03	7.054724E+01
2.06749375000E+06	5.686742E-03	7.175687E+01
2.06936250000E+06	5.942493E-03	7.300189E+01
2.07123125000E+06	5.760044E-03	6.836097E+01
2.07310000000E+06	5.735737E-03	7.079509E+01
2.07496875000E+06	5.797175E-03	7.166589E+01
2.07683750000E+06	5.503141E-03	6.854797E+01
2.07870625000E+06	5.732459E-03	7.042496E+01
2.08057500000E+06	5.693718E-03	7.145215E+01
2.08244375000E+06	5.609608E-03	7.027476E+01
2.08431250000E+06	5.651356E-03	7.201107E+01
2.08618125000E+06	5.907703E-03	6.947945E+01
2.08805000000E+06	5.812598E-03	6.976273E+01
2.08991875000E+06	5.822511E-03	7.026671E+01
2.09178750000E+06	5.589963E-03	7.005361E+01
2.09365625000E+06	5.741919E-03	7.084023E+01
2.09552500000E+06	5.793955E-03	7.055184E+01
2.09739375000E+06	5.844820E-03	6.983550E+01
2.09926250000E+06	5.968192E-03	7.103721E+01
2.10113125000E+06	5.704879E-03	7.139954E+01
2.10300000000E+06	5.854773E-03	7.219582E+01
2.10486875000E+06	5.791862E-03	7.112501E+01
2.10673750000E+06	5.883398E-03	6.992368E+01
2.10860625000E+06	5.914384E-03	7.031415E+01
2.11047500000E+06	5.806250E-03	6.935351E+01
2.11234375000E+06	6.030727E-03	7.224886E+01
2.11421250000E+06	5.974521E-03	7.083579E+01
2.11608125000E+06	5.931110E-03	7.143790E+01
2.11795000000E+06	5.833951E-03	7.100149E+01
2.11981875000E+06	5.769510E-03	6.913459E+01
2.12168750000E+06	6.024207E-03	7.035843E+01
2.12355625000E+06	5.761700E-03	6.983643E+01
2.12542500000E+06	5.817903E-03	7.019718E+01
2.12729375000E+06	6.037117E-03	6.963140E+01
2.12916250000E+06	5.992658E-03	6.955644E+01
2.13103125000E+06	5.660436E-03	7.020561E+01
2.13290000000E+06	6.113391E-03	7.096623E+01
2.13476875000E+06	5.624072E-03	6.929022E+01
2.13663750000E+06	5.672143E-03	7.089996E+01
2.13850625000E+06	5.747239E-03	7.122016E+01
2.14037500000E+06	5.916951E-03	7.054791E+01
2.14224375000E+06	5.894909E-03	6.903994E+01
2.14411250000E+06	5.959488E-03	6.925438E+01
2.14598125000E+06	5.966125E-03	7.162742E+01
2.14785000000E+06	5.874319E-03	7.151524E+01
2.14971875000E+06	5.955459E-03	7.279527E+01
2.15158750000E+06	5.846329E-03	7.090290E+01
2.15345625000E+06	5.843366E-03	6.541439E+01
2.15532500000E+06	5.909714E-03	6.884647E+01
2.15719375000E+06	6.094638E-03	7.184889E+01
2.15906250000E+06	5.974080E-03	7.111378E+01
2.16093125000E+06	6.400309E-03	6.965799E+01
2.16280000000E+06	6.080802E-03	7.022780E+01
2.16466875000E+06	5.820712E-03	7.091460E+01
2.16653750000E+06	6.042970E-03	6.966108E+01
2.16840625000E+06	6.228926E-03	6.669366E+01
2.17027500000E+06	6.400324E-03	7.026890E+01
2.17214375000E+06	5.729443E-03	6.795979E+01
2.17401250000E+06	5.982387E-03	7.030830E+01
2.17588125000E+06	6.134676E-03	7.064252E+01
2.17775000000E+06	6.140007E-03	7.117422E+01
2.17961875000E+06	6.076000E-03	7.143175E+01
2.18148750000E+06	5.751714E-03	6.992181E+01
2.18335625000E+06	5.734557E-03	6.860303E+01
2.18522500000E+06	6.316210E-03	6.826933E+01
2.18709375000E+06	6.186347E-03	6.961391E+01
2.18896250000E+06	6.091436E-03	7.298811E+01
2.19083125000E+06	6.039761E-03	6.454704E+01
2.19270000000E+06	6.420101E-03	6.935706E+01
2.19456875000E+06	6.556504E-03	7.383813E+01
2.19643750000E+06	6.244505E-03	7.060037E+01
2.19830625000E+06	5.852769E-03	7.006241E+01
2.20017500000E+06	5.877017E-03	7.092794E+01
2.20204375000E+06	6.178667E-03	6.916402E+01
2.20391250000E+06	5.922225E-03	6.637556E+01
2.20578125000E+06	6.062630E-03	6.826557E+01
2.20765000000E+06	6.491693E-03	6.820722E+01
2.20951875000E+06	5.885951E-03	6.469076E+01
2.21138750000E+06	6.439554E-03	6.830338E+01
2.21325625000E+06	5.778468E-03	6.842578E+01
2.21512500000E+06	6.247424E-03	7.009995E+01
2.21699375000E+06	6.128614E-03	7.053287E+01
2.21886250000E+06	6.098235E-03	6.924303E+01
2.22073125000E+06	6.024619E-03	7.060732E+01
2.22260000000E+06	6.246548E-03	6.764363E+01
2.22446875000E+06	6.218201E-03	7.084702E+01
2.22633750000E+06	5.663148E-03	6.561107E+01
2.22820625000E+06	6.043234E-03	6.715705E+01
2.23007500000E+06	6.237459E-03	6.554321E+01
2.23194375000E+06	6.086172E-03	6.873100E+01
2.23381250000E+06	6.226763E-03	6.795482E+01
2.23568125000E+06	6.367939E-03	6.719456E+01
2.23755000000E+06	6.108828E-03	7.025164E+01
2.23941875000E+06	5.960490E-03	6.984987E+01
2.24128750000E+06	6.314899E-03	6.946413E+01
2.24315625000E+06	6.123716E-03	7.102451E+01
2.24502500000E+06	5.926890E-03	7.027115E+01
2.24689375000E+06	6.074100E-03	6.850731E+01
2.24876250000E+06	6.126569E-03	7.133354E+01
2.25063125000E+06	5.958873E-03	6.936308E+01
2.25250000000E+06	6.266872E-03	7.153214E+01
2.25436875000E+06	6.058681E-03	6.675855E+01
2.25623750000E+06	6.161322E-03	6.907696E+01
2.25810625000E+06	6.078143E-03	6.728674E+01
2.25997500000E+06	5.957347E-03	7.079849E+01
2.26184375000E+06	6.209562E-03	6.813025E+01
2.26371250000E+06	6.370662E-03	6.997895E+01
2.26558125000E+06	6.176117E-03	6.616964E+01
2.26745000000E+06	6.424733E-03	6.865576E+01
2.26931875000E+06	6.226578E-03	6.824711E+01
2.27118750000E+06	6.110905E-03	6.952747E+01
2.27305625000E+06	6.088890E-03	7.027773E+01
2.27492500000E+06	6.332158E-03	6.995914E+01
2.27679375000E+06	5.891795E-03	6.843326E+01
2.27866250000E+06	5.897216E-03	6.882642E+01
2.28053125000E+06	6.614857E-03	6.988273E+01
2.28240000000E+06	6.249912E-03	7.078307E+01
2.28426875000E+06	6.388409E-03	7.012799E+01
2.28613750000E+06	5.906575E-03	6.790747E+01
2.28800625000E+06	6.253221E-03	6.587068E+01
2.28987500000E+06	6.104372E-03	6.794634E+01
2.29174375000E+06	6.431344E-03	6.885223E+01
2.29361250000E+06	6.276027E-03	6.798704E+01
2.29548125000E+06	6.220441E-03	6.809861E+01
2.29735000000E+06	6.259765E-03	6.802576E+01
2.29921875000E+06	6.221158E-03	6.665583E+01
2.30108750000E+06	6.113061E-03	6.897358E+01
2.30295625000E+06	6.276273E-03	6.966581E+01
2.30482500000E+06	6.293318E-03	6.731519E+01
2.30669375000E+06	6.188572E-03	6.884878E+01
2.30856250000E+06	6.120130E-03	6.886523E+01
2.31043125000E+06	6.325962E-03	6.793339E+01
2.31230000000E+06	6.403336E-03	6.776826E+01
2.31416875000E+06	6.418154E-03	6.901346E+01
2.31603750000E+06	6.380843E-03	7.040150E+01
2.31790625000E+06	6.315848E-03	6.725293E+01
2.31977500000E+06	6.366645E-03	6.847496E+01
2.32164375000E+06	6.336234E-03	6.817684E+01
2.32351250000E+06	6.640380E-03	6.898162E+01
2.32538125000E+06	6.244687E-03	7.054960E+01
2.32725000000E+06	6.423190E-03	6.994123E+01
2.32911875000E+06	6.528347E-03	6.691354E+01
2.33098750000E+06	6.404661E-03	6.786012E+01
2.33285625000E+06	6.426775E-03	6.707394E+01
2.33472500000E+06	6.386298E-03	6.744254E+01
2.33659375000E+06	6.295059E-03	6.782531E+01
2.33846250000E+06	6.286912E-03	6.705962E+01
2.34033125000E+06	6.485413E-03	6.879346E+01
2.34220000000E+06	6.361654E-03	6.770070E+01
2.34406875000E+06	6.383765E-03	6.809123E+01
2.34593750000E+06	6.498170E-03	6.728735E+01
2.34780625000E+06	6.398559E-03	7.001991E+01
2.34967500000E+06	6.438153E-03	6.801331E+01
2.35154375000E+06	6.350930E-03	6.885780E+01
2.35341250000E+06	6.331549E-03	6.754051E+01
2.35528125000E+06	6.451771E-03	6.753485E+01
2.35715000000E+06	6.157310E-03	6.694841E+01
2.35901875000E+06	6.411201E-03	6.886874E+01
2.36088750000E+06	6.307520E-03	6.681496E+01
2.36275625000E+06	6.439612E-03	6.828744E+01
2.36462500000E+06	6.567510E-03	6.906395E+01
2.36649375000E+06	6.549930E-03	6.682440E+01
2.36836250000E+06	6.545116E-03	6.870348E+01
2.37023125000E+06	6.274628E-03	6.707870E+01
2.37210000000E+06	6.409751E-03	6.767949E+01
2.37396875000E+06	6.452596E-03	6.844199E+01
2.37583750000E+06	6.683320E-03	6.807375E+01
2.37770625000E+06	6.525713E-03	6.783359E+01
2.37957500000E+06	6.359742E-03	6.837577E+01
2.38144375000E+06	6.337850E-03	6.758920E+01
2.38331250000E+06	6.636948E-03	6.792936E+01
2.38518125000E+06	6.460507E-03	6.707660E+01
2.38705000000E+06	6.460558E-03	6.801313E+01
2.38891875000E+06	6.370312E-03	6.937550E+01
2.39078750000E+06	6.125524E-03	6.682610E+01
2.39265625000E+06	6.636244E-03	6.685710E+01
2.39452500000E+06	6.623755E-03	6.516560E+01
2.39639375000E+06	6.354181E-03	7.074281E+01
2.39826250000E+06	6.620828E-03	6.335653E+01
2.40013125000E+06	6.694334E-03	6.664521E+01
2.40200000000E+06	6.717681E-03	6.765475E+01
2.40386875000E+06	6.650541E-03	6.803304E+01
2.40573750000E+06	6.501170E-03	6.809702E+01
2.40760625000E+06	6.720367E-03	6.595901E+01
2.40947500000E+06	6.579449E-03	6.965034E+01
2.41134375000E+06	6.856229E-03	6.626706E+01
2.41321250000E+06	6.305610E-03	6.793428E+01
2.41508125000E+06	6.549479E-03	6.551217E+01
2.41695000000E+06	6.854238E-03	6.709897E+01
2.41881875000E+06	6.416052E-03	6.900739E+01
2.42068750000E+06	6.768669E-03	6.910788E+01
2.42255625000E+06	6.824225E-03	6.621384E+01
2.42442500000E+06	6.529187E-03	6.976862E+01
2.42629375000E+06	6.465063E-03	6.640872E+01
2.42816250000E+06	6.457161E-03	6.460702E+01
2.43003125000E+06	6.596112E-03	6.785247E+01
2.43190000000E+06	6.756043E-03	6.886698E+01
2.43376875000E+06	6.493953E-03	6.676593E+01
2.43563750000E+06	6.875120E-03	6.700613E+01
2.43750625000E+06	6.768351E-03	6.655923E+01
2.43937500000E+06	6.400545E-03	6.865833E+01
2.44124375000E+06	6.170736E-03	6.574176E+01
2.44311250000E+06	6.731316E-03	6.694899E+01
2.44498125000E+06	6.703895E-03	6.907474E+01
2.44685000000E+06	6.853750E-03	7.000527E+01
2.44871875000E+06	6.150157E-03	6.325253E+01
2.45058750000E+06	6.561073E-03	6.966082E+01
2.45245625000E+06	6.326621E-03	6.690122E+01
2.45432500000E+06	6.978616E-03	6.742307E+01
2.45619375000E+06	6.661810E-03	6.646184E+01
2.45806250000E+06	6.573061E-03	6.466537E+01
2.45993125000E+06	7.018752E-03	6.515876E+01
2.46180000000E+06	6.516689E-03	6.818368E+01
2.46366875000E+06	6.759467E-03	6.732666E+01
2.46553750000E+06	6.842694E-03	6.596234E+01
2.46740625000E+06	6.930809E-03	6.727476E+01
2.46927500000E+06	6.711130E-03	7.006931E+01
2.47114375000E+06	6.781063E-03	6.962747E+01
2.47301250000E+06	6.549085E-03	6.612849E+01
2.47488125000E+06	6.604105E-03	6.663058E+01
2.47675000000E+06	6.565261E-03	6.712231E+01
2.47861875000E+06	6.709921E-03	6.901637E+01
2.48048750000E+06	6.839289E-03	6.830280E+01
2.48235625000E+06	6.837909E-03	6.510699E+01
2.48422500000E+06	6.851236E-03	6.780230E+01
2.48609375000E+06	6.612789E-03	6.749628E+01
2.48796250000E+06	6.485274E-03	6.667820E+01
2.48983125000E+06	6.775213E-03	6.823370E+01
2.49170000000E+06	6.768425E-03	6.643874E+01
2.49356875000E+06	6.492915E-03	6.647647E+01
2.49543750000E+06	6.830304E-03	6.541976E+01
2.49730625000E+06	6.684253E-03	6.757332E+01
2.49917500000E+06	6.765893E-03	6.654453E+01
2.50104375000E+06	7.041535E-03	6.560059E+01
2.50291250000E+06	6.831849E-03	6.505788E+01
2.50478125000E+06	6.457826E-03	6.602133E+01
2.50665000000E+06	7.016947E-03	6.475820E+01
2.50851875000E+06	6.870806E-03	6.561470E+01
2.51038750000E+06	6.781310E-03	6.620815E+01
2.51225625000E+06	6.866471E-03	6.447536E+01
2.51412500000E+06	6.748871E-03	6.567538E+01
2.51599375000E+06	6.558271E-03	6.684002E+01
2.51786250000E+06	6.790338E-03	6.491047E+01
2.51973125000E+06	6.865617E-03	6.701389E+01
2.52160000000E+06	7.169243E-03	6.774619E+01
2.52346875000E+06	6.761226E-03	6.686900E+01
2.52533750000E+06	6.698746E-03	6.599267E+01
2.52720625000E+06	6.735360E-03	6.487151E+01
2.52907500000E+06	6.840085E-03	6.645074E+01
2.53094375000E+06	7.357976E-03	6.654101E+01
2.53281250000E+06	6.657035E-03	6.671111E+01
2.53468125000E+06	6.477097E-03	6.512641E+01
2.53655000000E+06	6.684875E-03	6.526694E+01
2.53841875000E+06	6.654367E-03	6.668835E+01
2.54028750000E+06	6.858521E-03	6.679884E+01
2.54215625000E+06	6.889938E-03	6.622179E+01
2.54402500000E+06	6.862588E-03	6.560394E+01
2.54589375000E+06	6.569737E-03	6.516315E+01
2.54776250000E+06	6.845177E-03	6.679855E+01
2.54963125000E+06	6.678775E-03	6.573489E+01
2.55150000000E+06	6.741150E-03	6.769611E+01
2.55336875000E+06	6.864829E-03	6.517673E+01
2.55523750000E+06	6.904746E-03	6.644825E+01
2.55710625000E+06	6.977372E-03	6.487369E+01
2.55897500000E+06	6.880017E-03	6.572773E+01
2.56084375000E+06	6.887263E-03	6.358038E+01
2.56271250000E+06	6.982610E-03	6.439392E+01
2.56458125000E+06	6.789542E-03	6.618657E+01
2.56645000000E+06	6.942142E-03	6.594924E+01
2.56831875000E+06	6.931379E-03	6.495757E+01
2.57018750000E+06	6.743147E-03	6.484039E+01
2.57205625000E+06	7.051207E-03	6.519387E+01
2.57392500000E+06	6.909424E-03	6.473264E+01
2.57579375000E+06	6.802381E-03	6.572681E+01
2.57766250000E+06	6.716284E-03	6.561131E+01
2.57953125000E+06	6.866535E-03	6.608430E+01
2.58140000000E+06	7.252874E-03	6.539582E+01
2.58326875000E+06	6.999208E-03	6.541820E+01
2.58513750000E+06	6.832945E-03	6.635487E+01
2.58700625000E+06	7.109624E-03	6.512112E+01
2.58887500000E+06	6.825628E-03	6.533621E+01
2.59074375000E+06	7.016706E-03	6.593105E+01
2.59261250000E+06	7.193331E-03	6.575922E+01
2.59448125000E+06	7.156792E-03	6.542870E+01
2.59635000000E+06	7.060236E-03	6.519260E+01
2.59821875000E+06	7.008921E-03	6.543606E+01
2.60008750000E+06	7.045005E-03	6.603415E+01
2.60195625000E+06	7.000653E-03	6.445186E+01
2.60382500000E+06	7.123201E-03	6.582420E+01
2.60569375000E+06	7.015078E-03	6.407594E+01
2.60756250000E+06	7.044775E-03	6.684810E+01
2.60943125000E+06	6.800394E-03	6.601973E+01
2.61130000000E+06	6.915086E-03	6.519060E+01
2.61316875000E+06	7.093358E-03	6.406836E+01
2.61503750000E+06	6.959496E-03	6.473655E+01
2.61690625000E+06	7.016850E-03	6.582550E+01
2.61877500000E+06	7.031603E-03	6.422439E+01
2.62064375000E+06	6.962578E-03	6.586728E+01
2.62251250000E+06	7.121910E-03	6.573882E+01
2.62438125000E+06	7.103752E-03	6.510808E+01
2.62625000000E+06	7.161140E-03	6.580132E+01
2.62811875000E+06	7.042346E-03	6.579852E+01
2.62998750000E+06	6.889841E-03	6.497359E+01
2.63185625000E+06	6.998801E-03	6.518990E+01
2.63372500000E+06	7.029391E-03	6.447330E+01
2.63559375000E+06	6.997244E-03	6.612812E+01
2.63746250000E+06	7.087599E-03	6.443391E+01
2.63933125000E+06	6.750964E-03	6.527596E+01
2.64120000000E+06	7.116424E-03	6.427467E+01
2.64306875000E+06	7.089810E-03	6.427605E+01
2.64493750000E+06	7.158383E-03	6.435827E+01
2.64680625000E+06	6.979402E-03	6.695755E+01
2.64867500000E+06	7.082445E-03	6.492604E+01
2.65054375000E+06	7.184629E-03	6.421727E+01
2.65241250000E+06	7.010865E-03	6.310659E+01
2.65428125000E+06	6.970697E-03	6.449921E+01
2.65615000000E+06	7.166944E-03	6.361044E+01
2.65801875000E+06	6.894345E-03	6.390724E+01
2.65988750000E+06	7.369298E-03	6.453151E+01
2.66175625000E+06	7.024829E-03	6.451242E+01
2.66362500000E+06	6.767272E-03	6.406127E+01
2.66549375000E+06	7.018726E-03	6.420530E+01
2.66736250000E+06	7.074492E-03	6.615339E+01
2.66923125000E+06	7.144955E-03	6.445163E+01
2.67110000000E+06	7.048568E-03	6.173365E+01
2.67296875000E+06	7.051805E-03	6.271431E+01
2.67483750000E+06	7.269581E-03	6.461894E+01
2.67670625000E+06	7.138395E-03	6.439574E+01
2.67857500000E+06	7.478525E-03	6.263963E+01
2.68044375000E+06	7.329173E-03	6.371796E+01
2.68231250000E+06	7.302294E-03	6.566951E+01
2.68418125000E+06	7.034403E-03	6.389800E+01
2.68605000000E+06	7.214920E-03	6.365965E+01
2.68791875000E+06	6.999373E-03	6.243656E+01
2.68978750000E+06	7.157062E-03	6.375764E+01
2.69165625000E+06	7.052159E-03	6.236554E+01
2.69352500000E+06	7.034469E-03	6.290409E+01
2.69539375000E+06	7.226808E-03	6.396967E+01
2.69726250000E+06	7.179649E-03	6.321082E+01
2.69913125000E+06	6.918916E-03	6.363337E+01
2.70100000000E+06	7.084504E-03	6.214499E+01
2.70286875000E+06	6.991774E-03	6.347911E+01
2.70473750000E+06	6.885473E-03	6.308841E+01
2.70660625000E+06	6.915316E-03	6.544685E+01
2.70847500000E+06	7.027025E-03	6.426101E+01
2.71034375000E+06	7.249504E-03	6.083977E+01
2.71221250000E+06	7.112798E-03	6.430772E+01
2.71408125000E+06	6.917103E-03	6.514261E+01
2.71595000000E+06	7.013686E-03	6.378634E+01
2.71781875000E+06	7.218647E-03	6.358493E+01
2.71968750000E+06	7.092999E-03	6.369676E+01
2.72155625000E+06	6.986221E-03	6.371672E+01
2.72342500000E+06	7.469030E-03	6.188311E+01
2.72529375000E+06	7.476340E-03	6.560023E+01
2.72716250000E+06	7.114565E-03	6.775713E+01
2.72903125000E+06	7.170190E-03	6.379749E+01
2.73090000000E+06	7.163781E-03	6.577621E+01
2.73276875000E+06	7.101032E-03	6.345676E+01
2.73463750000E+06	7.144124E-03	6.336239E+01
2.73650625000E+06	7.529793E-03	6.176397E+01
2.73837500000E+06	7.504728E-03	6.455896E+01
2.74024375000E+06	7.535831E-03	6.459634E+01
2.74211250000E+06	7.400757E-03	6.383286E+01
2.74398125000E+06	6.958765E-03	6.543767E+01
2.74585000000E+06	7.167617E-03	6.340492E+01
2.74771875000E+06	7.406213E-03	6.314614E+01
2.74958750000E+06	6.897829E-03	6.385079E+01
2.75145625000E+06	7.133603E-03	6.084254E+01
2.75332500000E+06	7.599568E-03	6.522090E+01
2.75519375000E+06	7.166567E-03	6.041222E+01
2.75706250000E+06	7.090047E-03	6.605611E+01
2.75893125000E+06	7.279092E-03	6.103771E+01
2.76080000000E+06	7.552953E-03	6.445700E+01
2.76266875000E+06	7.319294E-03	6.143597E+01
2.76453750000E+06	7.583831E-03	6.399036E+01
2.76640625000E+06	7.129614E-03	6.744080E+01
2.76827500000E+06	7.074330E-03	6.160046E+01
2.77014375000E+06	7.287506E-03	6.588582E+01
2.77201250000E+06	7.415746E-03	6.397730E+01
2.77388125000E+06	7.422314E-03	6.229290E+01
2.77575000000E+06	6.967109E-03	6.478677E+01
2.77761875000E+06	7.363234E-03	6.528423E+01
2.77948750000E+06	7.343824E-03	6.493549E+01
2.78135625000E+06	7.559592E-03	6.306435E+01
2.78322500000E+06	7.629457E-03	6.399350E+01
2.78509375000E+06	7.249105E-03	6.467720E+01
2.78696250000E+06	7.259806E-03	6.160605E+01
2.78883125000E+06	7.110077E-03	6.356941E+01
2.79070000000E+06	7.227184E-03	6.330407E+01
2.79256875000E+06	7.286322E-03	6.107475E+01
2.79443750000E+06	6.988282E-03	6.194118E+01
2.79630625000E+06	7.353590E-03	6.299375E+01
2.79817500000E+06	6.962713E-03	6.190660E+01
2.80004375000E+06	7.233249E-03	6.158556E+01
2.80191250000E+06	7.296089E-03	6.312404E+01
2.80378125000E+06	7.216739E-03	6.458027E+01
2.80565000000E+06	7.450381E-03	6.168980E+01
2.80751875000E+06	7.433648E-03	6.240484E+01
2.80938750000E+06	7.249958E-03	6.398314E+01
2.81125625000E+06	7.157232E-03	6.218322E+01
2.81312500000E+06	7.359944E-03	6.268335E+01
2.81499375000E+06	7.779358E-03	6.178965E+01
2.81686250000E+06	7.316052E-03	6.435682E+01
2.81873125000E+06	7.472860E-03	6.231547E+01
2.82060000000E+06	7.345524E-03	6.262158E+01
2.82246875000E+06	7.515165E-03	6.234724E+01
2.82433750000E+06	7.383124E-03	6.207023E+01
2.82620625000E+06	7.744178E-03	6.308277E+01
2.82807500000E+06	7.647257E-03	6.381337E+01
2.82994375000E+06	7.272198E-03	6.166821E+01
2.83181250000E+06	7.534486E-03	6.364109E+01
2.83368125000E+06	7.370209E-03	6.181788E+01
2.83555000000E+06	7.372980E-03	6.068305E+01
2.83741875000E+06	7.522451E-03	6.119500E+01
2.83928750000E+06	7.309454E-03	6.231317E+01
2.84115625000E+06	7.197755E-03	6.296986E+01
2.84302500000E+06	7.208937E-03	6.245098E+01
2.84489375000E+06	7.331240E-03	6.324433E+01
2.84676250000E+06	7.396343E-03	6.194019E+01
2.84863125000E+06	7.505427E-03	6.284626E+01
2.85050000000E+06	7.451642E-03	6.106882E+01
2.85236875000E+06	7.488742E-03	6.180177E+01
2.85423750000E+06	7.223644E-03	6.268916E+01
2.85610625000E+06	7.470589E-03	6.105644E+01
2.85797500000E+06	7.268830E-03	6.108509E+01
2.85984375000E+06	7.509648E-03	6.155367E+01
2.86171250000E+06	7.714325E-03	6.210547E+01
2.86358125000E+06	7.462678E-03	6.208691E+01
2.86545000000E+06	7.473773E-03	6.198357E+01
2.86731875000E+06	7.436180E-03	6.321985E+01
2.86918750000E+06	7.513250E-03	6.242862E+01
2.87105625000E+06	7.419555E-03	5.999799E+01
2.87292500000E+06	7.491887E-03	6.077640E+01
2.87479375000E+06	7.562445E-03	6.082149E+01
2.87666250000E+06	7.574788E-03	6.203450E+01
2.87853125000E+06	7.500899E-03	6.081863E+01
2.88040000000E+06	7.484742E-03	6.069064E+01
2.88226875000E+06	7.356599E-03	5.979889E+01
2.88413750000E+06	7.486667E-03	6.150626E+01
2.88600625000E+06	7.384084E-03	6.143589E+01
2.88787500000E+06	7.579337E-03	6.244250E+01
2.88974375000E+06	7.600578E-03	6.109974E+01
2.89161250000E+06	7.546100E-03	6.120804E+01
2.89348125000E+06	7.489640E-03	6.208210E+01
2.89535000000E+06	7.523372E-03	6.096304E+01
2.89721875000E+06	7.556866E-03	6.122931E+01
2.89908750000E+06	7.623652E-03	6.157475E+01
2.90095625000E+06	7.609113E-03	6.232578E+01
2.90282500000E+06	7.325385E-03	6.114787E+01
2.90469375000E+06	7.593375E-03	6.137277E+01
2.90656250000E+06	7.586874E-03	6.084972E+01
2.90843125000E+06	7.585488E-03	6.248848E+01
2.91030000000E+06	7.521767E-03	6.003025E+01
2.91216875000E+06	7.630625E-03	6.115514E+01
2.91403750000E+06	7.644596E-03	6.166632E+01
2.91590625000E+06	7.749678E-03	6.166240E+01
2.91777500000E+06	7.387836E-03	6.110703E+01
2.91964375000E+06	7.530334E-03	6.254681E+01
2.92151250000E+06	7.651307E-03	6.124081E+01
2.92338125000E+06	7.772309E-03	6.066198E+01
2.92525000000E+06	7.600136E-03	6.014121E+01
2.92711875000E+06	7.585773E-03	6.122799E+01
2.92898750000E+06	7.578972E-03	6.028077E+01
2.93085625000E+06	7.701139E-03	6.180490E+01
2.93272500000E+06	7.513930E-03	6.072346E+01
2.93459375000E+06	7.586704E-03	6.152675E+01
2.93646250000E+06	7.509639E-03	5.994996E+01
2.93833125000E+06	7.664094E-03	6.109539E+01
2.94020000000E+06	7.578370E-03	6.145588E+01
2.94206875000E+06	7.533032E-03	6.170604E+01
2.94393750000E+06	7.618614E-03	6.111032E+01
2.94580625000E+06	7.599022E-03	6.150486E+01
2.94767500000E+06	7.543486E-03	5.999091E+01
2.94954375000E+06	7.617599E-03	6.002850E+01
2.95141250000E+06	7.511402E-03	6.224826E+01
2.95328125000E+06	7.757518E-03	5.997327E+01
2.95515000000E+06	7.581664E-03	6.056133E+01
2.95701875000E+06	7.640335E-03	6.042815E+01
2.95888750000E+06	7.672638E-03	6.062360E+01
2.96075625000E+06	7.631342E-03	6.072773E+01
2.96262500000E+06	7.726443E-03	6.078272E+01
2.96449375000E+06	7.683445E-03	6.058945E+01
2.96636250000E+06	7.659785E-03	6.091435E+01
2.96823125000E+06	7.774811E-03	6.186783E+01
2.97010000000E+06	7.746823E-03	6.077944E+01
2.97196875000E+06	7.507002E-03	6.124671E+01
2.97383750000E+06	7.721817E-03	6.055539E+01
2.97570625000E+06	7.687890E-03	6.116949E+01
2.97757500000E+06	7.578558E-03	6.027528E+01
2.97944375000E+06	7.755162E-03	5.985780E+01
2.98131250000E+06	7.639177E-03	6.046698E+01
2.98318125000E+06	7.791865E-03	5.956047E+01
2.98505000000E+06	7.650137E-03	6.033300E+01
2.98691875000E+06	7.459765E-03	6.081870E+01
2.98878750000E+06	7.708213E-03	5.968383E+01
2.99065625000E+06	7.683010E-03	6.045949E+01
2.99252500000E+06	7.550409E-03	5.933284E+01
2.99439375000E+06	7.789644E-03	5.862209E+01
2.99626250000E+06	7.884439E-03	6.091057E+01
2.99813125000E+06	7.717494E-03	6.108474E+01
3.00000000000E+06	7.537652E-03	5.950068E+01
