"E5100A REV3.14"
"DATE: Jul  3 2004"



"CHANNEL: 2"
"MEASURE TYPE: AR"
"FORMAT TYPE: LINMP"
"NUMBER of POINTS: 1601"
"SWEEP TIME:  3.458 s"
"SWEEP TYPE: LINF"
"SOURCE POWER: 0 dBm"
"IF BANDWIDTH: 500 Hz"

"Frequency"	"Main Array"	"Sub Array"
1.00000000000E+04	3.644191E-02	-8.552374E+01
1.18687500000E+04	1.318640E-02	4.377343E+01
1.37375000000E+04	1.194560E-02	-1.124349E+02
1.56062500000E+04	4.192633E-03	4.513703E+00
1.74750000000E+04	2.271505E-03	1.055747E+02
1.93437500000E+04	2.223108E-03	-1.198031E+02
2.12125000000E+04	3.579811E-03	8.968024E+01
2.30812500000E+04	3.538543E-03	-3.112981E+01
2.49500000000E+04	2.362720E-03	-1.788580E+02
2.68187500000E+04	5.477917E-04	3.299274E+01
2.86875000000E+04	2.773936E-03	1.716724E+02
3.05562500000E+04	1.074260E-03	7.984782E+00
3.24250000000E+04	1.524750E-03	5.852825E+01
3.42937500000E+04	3.724220E-04	-5.725260E+01
3.61625000000E+04	9.762357E-04	1.348042E+02
3.80312500000E+04	6.105747E-04	-1.796572E+02
3.99000000000E+04	4.378917E-04	-1.398714E+02
4.17687500000E+04	9.039716E-04	9.319545E+01
4.36375000000E+04	4.378317E-04	1.274746E+02
4.55062500000E+04	8.183639E-04	1.752469E+02
4.73750000000E+04	2.984173E-04	1.513523E+02
4.92437500000E+04	9.299029E-04	2.633879E+01
5.11125000000E+04	1.808810E-03	5.199701E+01
5.29812500000E+04	1.406408E-03	5.343529E+01
5.48500000000E+04	5.742697E-04	1.315679E+02
5.67187500000E+04	5.628565E-04	9.690145E+01
5.85875000000E+04	6.754462E-04	8.789463E+01
6.04562500000E+04	9.641990E-04	6.283743E+01
6.23250000000E+04	1.011597E-03	9.955417E+01
6.41937500000E+04	4.454305E-04	-3.829141E+01
6.60625000000E+04	1.240383E-03	4.426890E+01
6.79312500000E+04	8.891036E-04	5.057931E+01
6.98000000000E+04	1.639463E-03	4.293275E+01
7.16687500000E+04	5.560819E-04	7.977846E+01
7.35375000000E+04	5.589077E-04	3.616915E+01
7.54062500000E+04	4.820496E-04	2.761069E+01
7.72750000000E+04	9.980721E-04	5.537590E+01
7.91437500000E+04	1.400106E-03	9.266341E+00
8.10125000000E+04	1.370578E-03	2.082261E+01
8.28812500000E+04	1.437563E-03	-4.786951E+00
8.47500000000E+04	6.900188E-04	-1.039565E+01
8.66187500000E+04	1.152091E-03	-2.268670E+01
8.84875000000E+04	1.189302E-03	-1.388461E+01
9.03562500000E+04	1.591730E-03	-1.991057E+01
9.22250000000E+04	1.199796E-03	-1.566400E+01
9.40937500000E+04	6.977430E-04	-1.579662E+01
9.59625000000E+04	7.408553E-04	-3.612541E+01
9.78312500000E+04	9.681216E-04	-2.313534E+00
9.97000000000E+04	2.943517E-04	-1.122835E+01
1.01568750000E+05	3.703160E-04	1.881505E+01
1.03437500000E+05	6.616757E-04	-8.335381E+00
1.05306250000E+05	1.290920E-03	-1.742776E+01
1.07175000000E+05	8.449196E-04	-8.008139E+00
1.09043750000E+05	2.048849E-04	-5.655286E+01
1.10912500000E+05	8.829056E-04	1.574996E+02
1.12781250000E+05	7.536357E-04	-5.838657E+01
1.14650000000E+05	6.105468E-04	-8.259563E+01
1.16518750000E+05	6.295227E-04	-3.214939E+01
1.18387500000E+05	5.588445E-04	-3.652661E+01
1.20256250000E+05	6.957531E-04	-6.144005E+01
1.22125000000E+05	1.009630E-03	-1.027585E+02
1.23993750000E+05	8.501126E-04	-8.170132E+01
1.25862500000E+05	1.682407E-04	-6.057663E+01
1.27731250000E+05	4.767429E-04	-7.175554E+01
1.29600000000E+05	8.944445E-05	-2.525058E+01
1.31468750000E+05	4.870003E-04	-5.225208E+01
1.33337500000E+05	6.953318E-04	-3.631920E+01
1.35206250000E+05	5.020261E-04	-8.193821E+01
1.37075000000E+05	5.722034E-04	-8.273223E+01
1.38943750000E+05	1.553616E-04	3.587791E+01
1.40812500000E+05	7.869377E-04	-7.906791E+01
1.42681250000E+05	3.388814E-04	-1.083610E+02
1.44550000000E+05	3.839885E-04	-4.169693E+01
1.46418750000E+05	2.248097E-04	-2.227664E+01
1.48287500000E+05	6.959146E-04	-8.156039E+01
1.50156250000E+05	5.776064E-04	-6.413963E+01
1.52025000000E+05	5.567889E-04	-3.769415E+01
1.53893750000E+05	3.953280E-04	-7.757206E+01
1.55762500000E+05	6.518443E-04	-7.878618E+01
1.57631250000E+05	5.733441E-04	-7.920235E+01
1.59500000000E+05	2.043742E-04	-7.733351E+01
1.61368750000E+05	2.359986E-04	-9.448103E+01
1.63237500000E+05	3.565322E-04	-5.232958E+01
1.65106250000E+05	6.091082E-04	-9.414279E+01
1.66975000000E+05	7.094326E-04	-6.555836E+01
1.68843750000E+05	4.769974E-04	-5.890279E+01
1.70712500000E+05	4.198788E-04	-8.520454E+01
1.72581250000E+05	4.336515E-04	-4.776574E+01
1.74450000000E+05	3.776193E-04	-9.455171E+01
1.76318750000E+05	1.375700E-04	-1.915253E+01
1.78187500000E+05	2.497724E-04	-5.060026E+01
1.80056250000E+05	4.873643E-04	-7.463836E+01
1.81925000000E+05	3.463039E-04	-1.042717E+02
1.83793750000E+05	5.842742E-04	-1.075495E+02
1.85662500000E+05	4.732231E-04	-1.125755E+02
1.87531250000E+05	4.510667E-04	-7.159591E+01
1.89400000000E+05	4.088945E-04	-1.108169E+02
1.91268750000E+05	7.027668E-04	-7.858884E+01
1.93137500000E+05	4.288857E-04	-8.596017E+01
1.95006250000E+05	3.754459E-04	-6.574525E+01
1.96875000000E+05	6.549655E-04	-7.076272E+01
1.98743750000E+05	6.457928E-04	-5.779622E+01
2.00612500000E+05	3.879428E-04	-1.054053E+02
2.02481250000E+05	6.972043E-04	-9.100237E+01
2.04350000000E+05	1.688924E-04	-8.535812E+01
2.06218750000E+05	6.888119E-04	-8.217593E+01
2.08087500000E+05	9.300626E-04	-6.820554E+01
2.09956250000E+05	3.297972E-04	-1.290773E+02
2.11825000000E+05	4.634603E-04	-7.443653E+01
2.13693750000E+05	3.494232E-04	-7.418989E+01
2.15562500000E+05	1.395166E-04	-7.801620E+01
2.17431250000E+05	5.515578E-04	-6.954675E+01
2.19300000000E+05	8.022503E-04	-1.090499E+02
2.21168750000E+05	6.761034E-04	-8.699929E+01
2.23037500000E+05	6.053523E-04	-9.496313E+01
2.24906250000E+05	3.031445E-04	-2.884804E+01
2.26775000000E+05	4.945701E-04	-7.993712E+01
2.28643750000E+05	3.507746E-04	-8.344482E+01
2.30512500000E+05	4.327408E-04	-7.419563E+01
2.32381250000E+05	6.699432E-04	-1.085896E+02
2.34250000000E+05	2.075339E-04	-6.151900E+01
2.36118750000E+05	2.668384E-04	-7.001870E+01
2.37987500000E+05	7.851257E-04	-9.550759E+01
2.39856250000E+05	5.126046E-04	-1.024986E+02
2.41725000000E+05	4.346310E-04	-9.810032E+01
2.43593750000E+05	6.695922E-04	-9.241831E+01
2.45462500000E+05	6.124317E-04	-9.812395E+01
2.47331250000E+05	5.401329E-04	-7.946197E+01
2.49200000000E+05	7.517766E-04	-8.031178E+01
2.51068750000E+05	4.828918E-04	-8.251694E+01
2.52937500000E+05	7.657488E-04	-8.187934E+01
2.54806250000E+05	6.440501E-04	-8.151579E+01
2.56675000000E+05	5.624819E-04	-1.225927E+02
2.58543750000E+05	5.660792E-04	-1.066982E+02
2.60412500000E+05	3.552526E-04	-8.688770E+01
2.62281250000E+05	6.681930E-04	-1.134664E+02
2.64150000000E+05	8.234715E-04	-9.857803E+01
2.66018750000E+05	2.833530E-04	-8.441051E+01
2.67887500000E+05	7.362688E-04	-1.100853E+02
2.69756250000E+05	5.714996E-04	-1.101852E+02
2.71625000000E+05	3.670332E-04	-8.294186E+01
2.73493750000E+05	3.557793E-04	-5.824667E+01
2.75362500000E+05	6.605552E-04	-9.054047E+01
2.77231250000E+05	3.893108E-04	-8.982150E+01
2.79100000000E+05	4.410219E-04	-4.666348E+01
2.80968750000E+05	5.421484E-04	-1.090220E+02
2.82837500000E+05	4.369408E-04	-8.575485E+01
2.84706250000E+05	3.899984E-04	-7.105669E+01
2.86575000000E+05	4.567585E-04	-1.052875E+02
2.88443750000E+05	5.815199E-04	-1.096018E+02
2.90312500000E+05	3.048127E-04	-9.281459E+01
2.92181250000E+05	4.290471E-04	-1.014848E+02
2.94050000000E+05	4.931343E-04	-1.045578E+02
2.95918750000E+05	3.274294E-04	-9.723304E+01
2.97787500000E+05	3.237119E-04	-1.010931E+02
2.99656250000E+05	4.278795E-04	-9.537018E+01
3.01525000000E+05	6.154380E-04	-1.107945E+02
3.03393750000E+05	2.588058E-04	-1.325771E+02
3.05262500000E+05	2.964578E-04	-9.506043E+01
3.07131250000E+05	5.315758E-04	-1.213371E+02
3.09000000000E+05	6.310049E-04	-1.066514E+02
3.10868750000E+05	4.648906E-04	-1.041736E+02
3.12737500000E+05	3.841686E-04	-7.192007E+01
3.14606250000E+05	4.858520E-04	-1.061960E+02
3.16475000000E+05	4.354745E-04	-9.813609E+01
3.18343750000E+05	6.784470E-04	-1.244273E+02
3.20212500000E+05	5.876272E-04	-9.314626E+01
3.22081250000E+05	6.276243E-04	-8.191088E+01
3.23950000000E+05	8.371872E-04	-1.088023E+02
3.25818750000E+05	5.865679E-04	-8.665320E+01
3.27687500000E+05	4.917840E-04	-9.633311E+01
3.29556250000E+05	6.885201E-04	-1.055364E+02
3.31425000000E+05	3.879313E-04	-1.240792E+02
3.33293750000E+05	5.232236E-04	-1.009819E+02
3.35162500000E+05	6.880507E-04	-1.054709E+02
3.37031250000E+05	7.674314E-04	-9.248721E+01
3.38900000000E+05	5.352904E-04	-6.837263E+01
3.40768750000E+05	3.941348E-04	-1.174268E+02
3.42637500000E+05	5.695306E-04	-9.417658E+01
3.44506250000E+05	8.961186E-04	-8.161002E+01
3.46375000000E+05	5.966663E-04	-1.086158E+02
3.48243750000E+05	6.933835E-04	-1.012884E+02
3.50112500000E+05	6.176234E-04	-9.931802E+01
3.51981250000E+05	6.883557E-04	-1.040252E+02
3.53850000000E+05	5.010772E-04	-8.502296E+01
3.55718750000E+05	5.985124E-04	-9.906529E+01
3.57587500000E+05	2.813845E-04	-1.088975E+02
3.59456250000E+05	6.010953E-04	-1.091953E+02
3.61325000000E+05	6.721992E-04	-9.864594E+01
3.63193750000E+05	4.026955E-04	-7.265203E+01
3.65062500000E+05	4.941432E-04	-1.041875E+02
3.66931250000E+05	6.971565E-04	-9.005274E+01
3.68800000000E+05	5.870310E-04	-1.161100E+02
3.70668750000E+05	7.059248E-04	-9.438339E+01
3.72537500000E+05	4.229576E-04	-1.168795E+02
3.74406250000E+05	6.450965E-04	-9.626495E+01
3.76275000000E+05	3.745213E-04	-1.246321E+02
3.78143750000E+05	5.331148E-04	-8.495213E+01
3.80012500000E+05	7.121848E-04	-1.019956E+02
3.81881250000E+05	5.545139E-04	-9.736357E+01
3.83750000000E+05	4.155905E-04	-9.281403E+01
3.85618750000E+05	6.369564E-04	-9.940096E+01
3.87487500000E+05	6.726165E-04	-1.128279E+02
3.89356250000E+05	7.354717E-04	-8.075956E+01
3.91225000000E+05	7.010238E-04	-1.000527E+02
3.93093750000E+05	5.712926E-04	-1.081853E+02
3.94962500000E+05	5.439290E-04	-9.525875E+01
3.96831250000E+05	8.013948E-04	-8.500574E+01
3.98700000000E+05	5.390461E-04	-1.038042E+02
4.00568750000E+05	7.753125E-04	-9.282800E+01
4.02437500000E+05	6.389385E-04	-1.188874E+02
4.04306250000E+05	6.518005E-04	-9.209333E+01
4.06175000000E+05	8.021322E-04	-1.042049E+02
4.08043750000E+05	6.020892E-04	-8.072342E+01
4.09912500000E+05	6.049020E-04	-1.046167E+02
4.11781250000E+05	6.791805E-04	-1.011250E+02
4.13650000000E+05	5.317912E-04	-1.124056E+02
4.15518750000E+05	8.310497E-04	-9.079826E+01
4.17387500000E+05	8.164035E-04	-1.062789E+02
4.19256250000E+05	8.333144E-04	-1.034305E+02
4.21125000000E+05	6.268258E-04	-9.568339E+01
4.22993750000E+05	6.465336E-04	-8.795571E+01
4.24862500000E+05	5.308051E-04	-9.224419E+01
4.26731250000E+05	6.786539E-04	-9.673210E+01
4.28600000000E+05	8.128213E-04	-1.024944E+02
4.30468750000E+05	7.920355E-04	-9.231481E+01
4.32337500000E+05	5.997916E-04	-1.007126E+02
4.34206250000E+05	6.176349E-04	-9.536391E+01
4.36075000000E+05	8.059695E-04	-8.994061E+01
4.37943750000E+05	5.925477E-04	-9.416943E+01
4.39812500000E+05	7.294510E-04	-9.337012E+01
4.41681250000E+05	6.630833E-04	-1.174486E+02
4.43550000000E+05	7.324529E-04	-8.867634E+01
4.45418750000E+05	8.067488E-04	-1.063264E+02
4.47287500000E+05	6.339058E-04	-8.337485E+01
4.49156250000E+05	6.754416E-04	-1.009582E+02
4.51025000000E+05	6.162224E-04	-9.715364E+01
4.52893750000E+05	6.076117E-04	-8.889700E+01
4.54762500000E+05	4.795518E-04	-9.467847E+01
4.56631250000E+05	6.738685E-04	-1.052543E+02
4.58500000000E+05	7.985546E-04	-1.107797E+02
4.60368750000E+05	6.969720E-04	-1.117254E+02
4.62237500000E+05	6.334214E-04	-1.004483E+02
4.64106250000E+05	8.562870E-04	-9.002364E+01
4.65975000000E+05	6.583036E-04	-8.860338E+01
4.67843750000E+05	7.586473E-04	-8.869660E+01
4.69712500000E+05	5.941864E-04	-1.040800E+02
4.71581250000E+05	8.520029E-04	-1.067681E+02
4.73450000000E+05	5.616299E-04	-1.009532E+02
4.75318750000E+05	5.666979E-04	-1.034341E+02
4.77187500000E+05	8.390957E-04	-9.615139E+01
4.79056250000E+05	6.457255E-04	-1.009843E+02
4.80925000000E+05	7.625190E-04	-9.380965E+01
4.82793750000E+05	6.879240E-04	-1.070420E+02
4.84662500000E+05	7.358643E-04	-9.912579E+01
4.86531250000E+05	6.861951E-04	-1.052297E+02
4.88400000000E+05	6.982386E-04	-9.805746E+01
4.90268750000E+05	8.515762E-04	-9.730865E+01
4.92137500000E+05	6.515390E-04	-1.044695E+02
4.94006250000E+05	7.231402E-04	-9.946931E+01
4.95875000000E+05	8.330589E-04	-8.964874E+01
4.97743750000E+05	8.039576E-04	-1.010313E+02
4.99612500000E+05	7.248232E-04	-1.058289E+02
5.01481250000E+05	8.057205E-04	-1.054254E+02
5.03350000000E+05	6.712309E-04	-1.076451E+02
5.05218750000E+05	6.316076E-04	-1.128285E+02
5.07087500000E+05	6.936297E-04	-9.998552E+01
5.08956250000E+05	6.546365E-04	-1.017660E+02
5.10825000000E+05	7.407292E-04	-8.812129E+01
5.12693750000E+05	7.802328E-04	-9.359989E+01
5.14562500000E+05	8.161575E-04	-1.065313E+02
5.16431250000E+05	9.716009E-04	-1.126123E+02
5.18300000000E+05	8.643893E-04	-1.025977E+02
5.20168750000E+05	8.645079E-04	-1.160915E+02
5.22037500000E+05	6.062298E-04	-1.085472E+02
5.23906250000E+05	7.511711E-04	-1.045121E+02
5.25775000000E+05	7.323519E-04	-9.421601E+01
5.27643750000E+05	7.195794E-04	-1.073608E+02
5.29512500000E+05	6.886940E-04	-9.567953E+01
5.31381250000E+05	6.830465E-04	-1.017290E+02
5.33250000000E+05	7.573886E-04	-1.115134E+02
5.35118750000E+05	7.260448E-04	-8.779146E+01
5.36987500000E+05	6.849596E-04	-1.064726E+02
5.38856250000E+05	7.725551E-04	-1.061187E+02
5.40725000000E+05	7.537433E-04	-1.123490E+02
5.42593750000E+05	8.228551E-04	-8.526655E+01
5.44462500000E+05	7.674051E-04	-9.166001E+01
5.46331250000E+05	9.144635E-04	-9.216777E+01
5.48200000000E+05	7.786809E-04	-1.099730E+02
5.50068750000E+05	7.994317E-04	-1.053785E+02
5.51937500000E+05	6.309560E-04	-9.506886E+01
5.53806250000E+05	7.379955E-04	-9.886962E+01
5.55675000000E+05	8.741441E-04	-1.056232E+02
5.57543750000E+05	6.878639E-04	-1.077586E+02
5.59412500000E+05	8.852534E-04	-9.107568E+01
5.61281250000E+05	9.184550E-04	-1.027393E+02
5.63150000000E+05	7.800595E-04	-9.271533E+01
5.65018750000E+05	8.839197E-04	-1.059663E+02
5.66887500000E+05	8.662065E-04	-9.415747E+01
5.68756250000E+05	9.168556E-04	-1.154706E+02
5.70625000000E+05	8.486585E-04	-9.194154E+01
5.72493750000E+05	8.123292E-04	-9.795219E+01
5.74362500000E+05	7.527631E-04	-1.005051E+02
5.76231250000E+05	9.312654E-04	-1.080721E+02
5.78100000000E+05	8.669827E-04	-9.749989E+01
5.79968750000E+05	7.909303E-04	-9.933552E+01
5.81837500000E+05	7.761576E-04	-1.026023E+02
5.83706250000E+05	1.000654E-03	-9.958061E+01
5.85575000000E+05	8.101368E-04	-9.973582E+01
5.87443750000E+05	9.180767E-04	-1.104903E+02
5.89312500000E+05	7.343912E-04	-1.002488E+02
5.91181250000E+05	9.215167E-04	-1.099884E+02
5.93050000000E+05	8.089309E-04	-1.079788E+02
5.94918750000E+05	6.909004E-04	-9.666764E+01
5.96787500000E+05	7.028129E-04	-9.834705E+01
5.98656250000E+05	8.091612E-04	-1.010309E+02
6.00525000000E+05	9.708653E-04	-9.982928E+01
6.02393750000E+05	8.893558E-04	-9.625208E+01
6.04262500000E+05	8.950695E-04	-9.769722E+01
6.06131250000E+05	7.230774E-04	-9.921867E+01
6.08000000000E+05	8.377580E-04	-1.093855E+02
6.09868750000E+05	9.614663E-04	-1.104151E+02
6.11737500000E+05	8.063879E-04	-1.066391E+02
6.13606250000E+05	8.897328E-04	-1.007736E+02
6.15475000000E+05	7.897184E-04	-1.056557E+02
6.17343750000E+05	9.154398E-04	-9.760153E+01
6.19212500000E+05	8.899815E-04	-1.037878E+02
6.21081250000E+05	8.740924E-04	-1.009009E+02
6.22950000000E+05	1.096697E-03	-9.819886E+01
6.24818750000E+05	8.118529E-04	-1.100078E+02
6.26687500000E+05	1.137731E-03	-1.020168E+02
6.28556250000E+05	8.409621E-04	-9.829109E+01
6.30425000000E+05	9.232720E-04	-1.040066E+02
6.32293750000E+05	8.204556E-04	-8.770023E+01
6.34162500000E+05	8.737033E-04	-1.127668E+02
6.36031250000E+05	9.916142E-04	-1.097632E+02
6.37900000000E+05	8.231245E-04	-9.119826E+01
6.39768750000E+05	1.003081E-03	-1.053647E+02
6.41637500000E+05	1.099568E-03	-8.842197E+01
6.43506250000E+05	1.077536E-03	-1.016167E+02
6.45375000000E+05	7.975879E-04	-1.037807E+02
6.47243750000E+05	8.093597E-04	-1.010046E+02
6.49112500000E+05	8.235838E-04	-1.165181E+02
6.50981250000E+05	8.955727E-04	-1.076552E+02
6.52850000000E+05	1.001453E-03	-9.427453E+01
6.54718750000E+05	9.739445E-04	-9.958405E+01
6.56587500000E+05	1.009019E-03	-1.039901E+02
6.58456250000E+05	8.700521E-04	-1.056820E+02
6.60325000000E+05	9.413979E-04	-1.139554E+02
6.62193750000E+05	8.648958E-04	-9.586490E+01
6.64062500000E+05	8.009350E-04	-1.086231E+02
6.65931250000E+05	8.917135E-04	-9.688460E+01
6.67800000000E+05	8.944073E-04	-1.005914E+02
6.69668750000E+05	1.074263E-03	-1.075827E+02
6.71537500000E+05	9.950227E-04	-1.104327E+02
6.73406250000E+05	8.971327E-04	-1.025303E+02
6.75275000000E+05	8.704946E-04	-1.057595E+02
6.77143750000E+05	9.997593E-04	-1.079755E+02
6.79012500000E+05	1.045687E-03	-1.087888E+02
6.80881250000E+05	9.874604E-04	-1.077107E+02
6.82750000000E+05	1.000710E-03	-1.067569E+02
6.84618750000E+05	9.070118E-04	-9.887650E+01
6.86487500000E+05	9.582367E-04	-9.819743E+01
6.88356250000E+05	7.906215E-04	-1.028899E+02
6.90225000000E+05	9.086993E-04	-9.333147E+01
6.92093750000E+05	1.010542E-03	-1.023210E+02
6.93962500000E+05	1.244064E-03	-1.033284E+02
6.95831250000E+05	9.342598E-04	-1.115330E+02
6.97700000000E+05	9.433968E-04	-9.021045E+01
6.99568750000E+05	1.085203E-03	-1.063960E+02
7.01437500000E+05	9.411949E-04	-1.064522E+02
7.03306250000E+05	8.440933E-04	-1.043998E+02
7.05175000000E+05	1.024051E-03	-9.796558E+01
7.07043750000E+05	9.560492E-04	-9.913818E+01
7.08912500000E+05	8.931031E-04	-1.062718E+02
7.10781250000E+05	9.700565E-04	-9.411152E+01
7.12650000000E+05	1.018242E-03	-1.042671E+02
7.14518750000E+05	1.184861E-03	-1.036911E+02
7.16387500000E+05	1.026899E-03	-9.797478E+01
7.18256250000E+05	1.056688E-03	-1.036683E+02
7.20125000000E+05	8.688441E-04	-1.095905E+02
7.21993750000E+05	1.157883E-03	-1.087264E+02
7.23862500000E+05	9.042322E-04	-1.013396E+02
7.25731250000E+05	8.959614E-04	-1.030312E+02
7.27600000000E+05	1.144721E-03	-1.065882E+02
7.29468750000E+05	9.649168E-04	-9.774860E+01
7.31337500000E+05	1.147052E-03	-1.094695E+02
7.33206250000E+05	1.112269E-03	-1.030732E+02
7.35075000000E+05	1.186725E-03	-9.412066E+01
7.36943750000E+05	1.075283E-03	-1.019549E+02
7.38812500000E+05	9.978375E-04	-9.810484E+01
7.40681250000E+05	1.129004E-03	-1.007789E+02
7.42550000000E+05	1.022904E-03	-1.021034E+02
7.44418750000E+05	8.866371E-04	-1.004211E+02
7.46287500000E+05	9.629448E-04	-1.010056E+02
7.48156250000E+05	9.787497E-04	-1.019569E+02
7.50025000000E+05	1.061930E-03	-1.052202E+02
7.51893750000E+05	1.171835E-03	-1.005815E+02
7.53762500000E+05	9.904745E-04	-9.563795E+01
7.55631250000E+05	1.059330E-03	-1.045306E+02
7.57500000000E+05	1.012898E-03	-1.054072E+02
7.59368750000E+05	1.206722E-03	-1.031619E+02
7.61237500000E+05	1.057147E-03	-1.021404E+02
7.63106250000E+05	1.163986E-03	-1.063018E+02
7.64975000000E+05	1.230811E-03	-9.474214E+01
7.66843750000E+05	1.246464E-03	-1.069039E+02
7.68712500000E+05	1.125879E-03	-9.680814E+01
7.70581250000E+05	1.235276E-03	-9.999870E+01
7.72450000000E+05	1.288245E-03	-9.821158E+01
7.74318750000E+05	1.053186E-03	-1.141270E+02
7.76187500000E+05	1.225473E-03	-1.083349E+02
7.78056250000E+05	1.228160E-03	-9.947510E+01
7.79925000000E+05	1.138973E-03	-1.088917E+02
7.81793750000E+05	1.174275E-03	-1.024806E+02
7.83662500000E+05	9.704733E-04	-1.046800E+02
7.85531250000E+05	1.016920E-03	-1.050384E+02
7.87400000000E+05	1.101617E-03	-1.122063E+02
7.89268750000E+05	1.063795E-03	-1.016555E+02
7.91137500000E+05	1.028980E-03	-1.038512E+02
7.93006250000E+05	1.077007E-03	-1.049717E+02
7.94875000000E+05	1.061861E-03	-9.715734E+01
7.96743750000E+05	1.049445E-03	-9.877488E+01
7.98612500000E+05	1.048730E-03	-1.046926E+02
8.00481250000E+05	1.003050E-03	-1.047319E+02
8.02350000000E+05	1.182908E-03	-1.094518E+02
8.04218750000E+05	1.239189E-03	-1.089098E+02
8.06087500000E+05	1.249415E-03	-9.636581E+01
8.07956250000E+05	1.173225E-03	-1.133020E+02
8.09825000000E+05	1.072801E-03	-9.880835E+01
8.11693750000E+05	1.271714E-03	-9.137169E+01
8.13562500000E+05	1.025245E-03	-9.961969E+01
8.15431250000E+05	1.224299E-03	-9.980264E+01
8.17300000000E+05	1.069055E-03	-1.057569E+02
8.19168750000E+05	1.336164E-03	-1.047727E+02
8.21037500000E+05	1.208877E-03	-1.008274E+02
8.22906250000E+05	1.172328E-03	-1.080294E+02
8.24775000000E+05	1.145154E-03	-1.100569E+02
8.26643750000E+05	1.261860E-03	-9.602551E+01
8.28512500000E+05	1.176012E-03	-9.041507E+01
8.30381250000E+05	1.146127E-03	-1.088990E+02
8.32250000000E+05	1.259572E-03	-1.010099E+02
8.34118750000E+05	1.239642E-03	-1.073991E+02
8.35987500000E+05	1.159959E-03	-1.115998E+02
8.37856250000E+05	1.328465E-03	-1.037316E+02
8.39725000000E+05	1.134489E-03	-1.091107E+02
8.41593750000E+05	1.112801E-03	-8.867464E+01
8.43462500000E+05	1.122981E-03	-1.014521E+02
8.45331250000E+05	1.119157E-03	-9.788948E+01
8.47200000000E+05	1.179090E-03	-1.077875E+02
8.49068750000E+05	1.181164E-03	-1.033887E+02
8.50937500000E+05	1.090995E-03	-1.140947E+02
8.52806250000E+05	1.163938E-03	-1.101528E+02
8.54675000000E+05	1.093294E-03	-1.044871E+02
8.56543750000E+05	1.196157E-03	-1.060666E+02
8.58412500000E+05	1.256703E-03	-9.733263E+01
8.60281250000E+05	1.049476E-03	-1.068299E+02
8.62150000000E+05	1.177889E-03	-1.074747E+02
8.64018750000E+05	9.965777E-04	-1.024510E+02
8.65887500000E+05	1.245018E-03	-1.040404E+02
8.67756250000E+05	1.331584E-03	-1.034221E+02
8.69625000000E+05	1.074807E-03	-1.178170E+02
8.71493750000E+05	1.263285E-03	-9.432227E+01
8.73362500000E+05	1.227301E-03	-1.074403E+02
8.75231250000E+05	1.211850E-03	-1.045322E+02
8.77100000000E+05	1.268698E-03	-1.110582E+02
8.78968750000E+05	1.076254E-03	-1.022678E+02
8.80837500000E+05	1.138659E-03	-1.043988E+02
8.82706250000E+05	1.234640E-03	-1.097362E+02
8.84575000000E+05	1.217449E-03	-9.840092E+01
8.86443750000E+05	1.281699E-03	-9.744951E+01
8.88312500000E+05	1.125105E-03	-1.101722E+02
8.90181250000E+05	1.168965E-03	-1.054571E+02
8.92050000000E+05	1.277411E-03	-1.142782E+02
8.93918750000E+05	1.250977E-03	-1.060023E+02
8.95787500000E+05	1.278393E-03	-1.001897E+02
8.97656250000E+05	1.163714E-03	-1.048557E+02
8.99525000000E+05	1.319201E-03	-9.384553E+01
9.01393750000E+05	1.200856E-03	-1.076201E+02
9.03262500000E+05	1.315131E-03	-1.097231E+02
9.05131250000E+05	1.363872E-03	-1.073496E+02
9.07000000000E+05	1.223069E-03	-1.145482E+02
9.08868750000E+05	1.233943E-03	-1.093528E+02
9.10737500000E+05	1.190480E-03	-9.413149E+01
9.12606250000E+05	1.256434E-03	-1.029594E+02
9.14475000000E+05	1.258277E-03	-1.021634E+02
9.16343750000E+05	1.435275E-03	-1.040037E+02
9.18212500000E+05	1.328620E-03	-1.057475E+02
9.20081250000E+05	1.423203E-03	-1.060502E+02
9.21950000000E+05	1.221584E-03	-1.108320E+02
9.23818750000E+05	1.254359E-03	-1.137395E+02
9.25687500000E+05	1.252121E-03	-1.069070E+02
9.27556250000E+05	1.353631E-03	-1.057276E+02
9.29425000000E+05	1.207052E-03	-1.068591E+02
9.31293750000E+05	1.211203E-03	-1.044485E+02
9.33162500000E+05	1.323460E-03	-1.062423E+02
9.35031250000E+05	1.268790E-03	-1.094000E+02
9.36900000000E+05	1.403863E-03	-1.118965E+02
9.38768750000E+05	1.200127E-03	-1.058894E+02
9.40637500000E+05	1.148666E-03	-1.035409E+02
9.42506250000E+05	1.379151E-03	-1.085388E+02
9.44375000000E+05	1.194943E-03	-1.036920E+02
9.46243750000E+05	1.349163E-03	-1.032368E+02
9.48112500000E+05	1.529495E-03	-1.039874E+02
9.49981250000E+05	1.339796E-03	-1.076153E+02
9.51850000000E+05	1.283318E-03	-1.019805E+02
9.53718750000E+05	1.319303E-03	-1.025662E+02
9.55587500000E+05	1.459348E-03	-9.549155E+01
9.57456250000E+05	1.250518E-03	-1.178252E+02
9.59325000000E+05	1.221483E-03	-9.885886E+01
9.61193750000E+05	1.467390E-03	-1.055356E+02
9.63062500000E+05	1.230325E-03	-9.573562E+01
9.64931250000E+05	1.347760E-03	-1.059833E+02
9.66800000000E+05	1.349729E-03	-1.058794E+02
9.68668750000E+05	1.462542E-03	-9.855082E+01
9.70537500000E+05	1.373392E-03	-1.049311E+02
9.72406250000E+05	1.409488E-03	-1.095605E+02
9.74275000000E+05	1.226770E-03	-1.104363E+02
9.76143750000E+05	1.409690E-03	-1.047656E+02
9.78012500000E+05	1.261515E-03	-1.143189E+02
9.79881250000E+05	1.394688E-03	-1.082963E+02
9.81750000000E+05	1.441757E-03	-1.024851E+02
9.83618750000E+05	1.347237E-03	-1.134477E+02
9.85487500000E+05	1.228821E-03	-9.914461E+01
9.87356250000E+05	1.450376E-03	-1.008864E+02
9.89225000000E+05	1.326146E-03	-1.014781E+02
9.91093750000E+05	1.325618E-03	-1.094544E+02
9.92962500000E+05	1.401216E-03	-1.006766E+02
9.94831250000E+05	1.433666E-03	-1.019349E+02
9.96700000000E+05	1.398426E-03	-1.016107E+02
9.98568750000E+05	1.440208E-03	-1.033568E+02
1.00043750000E+06	1.321132E-03	-1.038763E+02
1.00230625000E+06	1.344271E-03	-1.072570E+02
1.00417500000E+06	1.503526E-03	-1.020796E+02
1.00604375000E+06	1.413230E-03	-1.039306E+02
1.00791250000E+06	1.454404E-03	-1.071454E+02
1.00978125000E+06	1.418330E-03	-1.050826E+02
1.01165000000E+06	1.385717E-03	-9.913370E+01
1.01351875000E+06	1.454317E-03	-1.007391E+02
1.01538750000E+06	1.601037E-03	-1.075952E+02
1.01725625000E+06	1.473133E-03	-1.012445E+02
1.01912500000E+06	1.264275E-03	-9.478888E+01
1.02099375000E+06	1.576667E-03	-1.080491E+02
1.02286250000E+06	1.586848E-03	-1.131849E+02
1.02473125000E+06	1.586821E-03	-1.111738E+02
1.02660000000E+06	1.537641E-03	-1.089980E+02
1.02846875000E+06	1.382400E-03	-1.087304E+02
1.03033750000E+06	1.340776E-03	-1.056208E+02
1.03220625000E+06	1.333775E-03	-1.050837E+02
1.03407500000E+06	1.513359E-03	-1.062224E+02
1.03594375000E+06	1.478155E-03	-9.504241E+01
1.03781250000E+06	1.576606E-03	-1.030908E+02
1.03968125000E+06	1.510701E-03	-1.076949E+02
1.04155000000E+06	1.396594E-03	-1.168218E+02
1.04341875000E+06	1.558410E-03	-1.135957E+02
1.04528750000E+06	1.570375E-03	-1.124163E+02
1.04715625000E+06	1.254078E-03	-1.046263E+02
1.04902500000E+06	1.592561E-03	-1.027785E+02
1.05089375000E+06	1.446602E-03	-1.139389E+02
1.05276250000E+06	1.557854E-03	-9.965511E+01
1.05463125000E+06	1.353169E-03	-1.000773E+02
1.05650000000E+06	1.599538E-03	-1.033801E+02
1.05836875000E+06	1.716585E-03	-1.130535E+02
1.06023750000E+06	1.542452E-03	-1.074900E+02
1.06210625000E+06	1.453746E-03	-1.144176E+02
1.06397500000E+06	1.658941E-03	-1.047870E+02
1.06584375000E+06	1.573077E-03	-9.857297E+01
1.06771250000E+06	1.583192E-03	-1.105584E+02
1.06958125000E+06	1.355953E-03	-1.090819E+02
1.07145000000E+06	1.474323E-03	-1.010644E+02
1.07331875000E+06	1.674721E-03	-1.059717E+02
1.07518750000E+06	1.548911E-03	-1.065914E+02
1.07705625000E+06	1.413991E-03	-1.070754E+02
1.07892500000E+06	1.566154E-03	-1.031389E+02
1.08079375000E+06	1.646473E-03	-1.065076E+02
1.08266250000E+06	1.555705E-03	-1.072764E+02
1.08453125000E+06	1.557842E-03	-1.109442E+02
1.08640000000E+06	1.588646E-03	-1.067618E+02
1.08826875000E+06	1.555582E-03	-1.039763E+02
1.09013750000E+06	1.565832E-03	-1.101947E+02
1.09200625000E+06	1.721780E-03	-1.097360E+02
1.09387500000E+06	1.414757E-03	-1.076699E+02
1.09574375000E+06	1.505630E-03	-1.095432E+02
1.09761250000E+06	1.565867E-03	-1.137037E+02
1.09948125000E+06	1.520808E-03	-1.123012E+02
1.10135000000E+06	1.676881E-03	-1.069660E+02
1.10321875000E+06	1.448829E-03	-1.133521E+02
1.10508750000E+06	1.432942E-03	-1.007523E+02
1.10695625000E+06	1.515589E-03	-1.112229E+02
1.10882500000E+06	1.567144E-03	-9.992252E+01
1.11069375000E+06	1.366981E-03	-1.039938E+02
1.11256250000E+06	1.366399E-03	-1.023467E+02
1.11443125000E+06	1.602439E-03	-1.057980E+02
1.11630000000E+06	1.502890E-03	-1.014317E+02
1.11816875000E+06	1.506136E-03	-1.064417E+02
1.12003750000E+06	1.568640E-03	-1.112067E+02
1.12190625000E+06	1.424611E-03	-1.051274E+02
1.12377500000E+06	1.311548E-03	-1.107789E+02
1.12564375000E+06	1.539725E-03	-1.128835E+02
1.12751250000E+06	1.711739E-03	-1.057323E+02
1.12938125000E+06	1.385476E-03	-1.052321E+02
1.13125000000E+06	1.539505E-03	-1.065032E+02
1.13311875000E+06	1.644549E-03	-1.086201E+02
1.13498750000E+06	1.461946E-03	-1.088318E+02
1.13685625000E+06	1.407413E-03	-1.108952E+02
1.13872500000E+06	1.564055E-03	-1.067273E+02
1.14059375000E+06	1.586731E-03	-1.041598E+02
1.14246250000E+06	1.600368E-03	-1.060282E+02
1.14433125000E+06	1.644642E-03	-1.049404E+02
1.14620000000E+06	1.584409E-03	-1.072595E+02
1.14806875000E+06	1.430279E-03	-1.022775E+02
1.14993750000E+06	1.571920E-03	-9.766737E+01
1.15180625000E+06	1.657995E-03	-1.150526E+02
1.15367500000E+06	1.506157E-03	-1.058418E+02
1.15554375000E+06	1.654506E-03	-1.065308E+02
1.15741250000E+06	1.528885E-03	-1.111432E+02
1.15928125000E+06	1.538552E-03	-1.020312E+02
1.16115000000E+06	1.860139E-03	-1.026131E+02
1.16301875000E+06	1.865277E-03	-1.074877E+02
1.16488750000E+06	1.831017E-03	-1.119878E+02
1.16675625000E+06	1.681047E-03	-1.087310E+02
1.16862500000E+06	1.556083E-03	-1.108398E+02
1.17049375000E+06	1.736383E-03	-1.015300E+02
1.17236250000E+06	1.482158E-03	-1.030917E+02
1.17423125000E+06	1.711407E-03	-1.080988E+02
1.17610000000E+06	1.701719E-03	-1.050731E+02
1.17796875000E+06	1.641235E-03	-1.065155E+02
1.17983750000E+06	1.725969E-03	-1.090306E+02
1.18170625000E+06	1.426312E-03	-1.096888E+02
1.18357500000E+06	1.537859E-03	-1.168017E+02
1.18544375000E+06	1.855876E-03	-1.054074E+02
1.18731250000E+06	1.792018E-03	-1.074122E+02
1.18918125000E+06	1.679099E-03	-1.086966E+02
1.19105000000E+06	1.669058E-03	-1.102106E+02
1.19291875000E+06	1.980545E-03	-1.058406E+02
1.19478750000E+06	1.772488E-03	-1.122784E+02
1.19665625000E+06	1.907413E-03	-1.097371E+02
1.19852500000E+06	1.636399E-03	-1.055874E+02
1.20039375000E+06	1.618192E-03	-1.102654E+02
1.20226250000E+06	1.681607E-03	-1.095474E+02
1.20413125000E+06	1.959165E-03	-1.140341E+02
1.20600000000E+06	1.482554E-03	-1.080796E+02
1.20786875000E+06	1.631867E-03	-1.035842E+02
1.20973750000E+06	1.512563E-03	-1.019645E+02
1.21160625000E+06	1.451872E-03	-1.102911E+02
1.21347500000E+06	1.845950E-03	-1.108383E+02
1.21534375000E+06	1.646530E-03	-1.052340E+02
1.21721250000E+06	1.715857E-03	-1.083752E+02
1.21908125000E+06	1.617659E-03	-1.128062E+02
1.22095000000E+06	1.629269E-03	-1.114727E+02
1.22281875000E+06	1.755512E-03	-1.055944E+02
1.22468750000E+06	1.641519E-03	-1.084151E+02
1.22655625000E+06	1.890940E-03	-1.066623E+02
1.22842500000E+06	1.839518E-03	-1.056086E+02
1.23029375000E+06	1.754506E-03	-1.081091E+02
1.23216250000E+06	1.790495E-03	-1.128405E+02
1.23403125000E+06	1.654269E-03	-1.102934E+02
1.23590000000E+06	1.896078E-03	-1.038543E+02
1.23776875000E+06	1.857113E-03	-1.058919E+02
1.23963750000E+06	1.771424E-03	-1.145398E+02
1.24150625000E+06	1.588121E-03	-1.126087E+02
1.24337500000E+06	1.722090E-03	-1.154369E+02
1.24524375000E+06	1.863866E-03	-1.058507E+02
1.24711250000E+06	1.820100E-03	-1.113035E+02
1.24898125000E+06	1.684372E-03	-1.000277E+02
1.25085000000E+06	1.740081E-03	-1.114722E+02
1.25271875000E+06	1.690374E-03	-1.100528E+02
1.25458750000E+06	1.587395E-03	-1.063874E+02
1.25645625000E+06	1.655212E-03	-1.114688E+02
1.25832500000E+06	1.824093E-03	-1.169624E+02
1.26019375000E+06	1.834187E-03	-1.101749E+02
1.26206250000E+06	1.901460E-03	-1.069012E+02
1.26393125000E+06	1.632612E-03	-1.159984E+02
1.26580000000E+06	1.736575E-03	-1.111188E+02
1.26766875000E+06	2.013316E-03	-1.126294E+02
1.26953750000E+06	1.791282E-03	-1.093223E+02
1.27140625000E+06	1.811313E-03	-1.118015E+02
1.27327500000E+06	1.856103E-03	-1.125612E+02
1.27514375000E+06	1.928478E-03	-1.138848E+02
1.27701250000E+06	1.634861E-03	-1.047501E+02
1.27888125000E+06	1.566886E-03	-1.169369E+02
1.28075000000E+06	1.829198E-03	-1.097324E+02
1.28261875000E+06	1.645679E-03	-1.154817E+02
1.28448750000E+06	1.832396E-03	-1.051979E+02
1.28635625000E+06	1.854217E-03	-1.078456E+02
1.28822500000E+06	1.860922E-03	-1.051787E+02
1.29009375000E+06	1.721069E-03	-1.098979E+02
1.29196250000E+06	2.082113E-03	-1.058677E+02
1.29383125000E+06	2.107977E-03	-1.140366E+02
1.29570000000E+06	1.827146E-03	-1.058736E+02
1.29756875000E+06	1.918643E-03	-1.093566E+02
1.29943750000E+06	1.879111E-03	-1.079560E+02
1.30130625000E+06	1.910798E-03	-1.126291E+02
1.30317500000E+06	1.719106E-03	-1.075938E+02
1.30504375000E+06	1.683750E-03	-1.039485E+02
1.30691250000E+06	1.807323E-03	-1.032261E+02
1.30878125000E+06	1.959107E-03	-1.098078E+02
1.31065000000E+06	1.888750E-03	-1.060284E+02
1.31251875000E+06	1.790816E-03	-1.061255E+02
1.31438750000E+06	1.850707E-03	-1.051151E+02
1.31625625000E+06	2.120131E-03	-1.061813E+02
1.31812500000E+06	1.956573E-03	-1.085879E+02
1.31999375000E+06	1.784522E-03	-1.057525E+02
1.32186250000E+06	1.988445E-03	-1.077866E+02
1.32373125000E+06	1.716220E-03	-1.077142E+02
1.32560000000E+06	1.923322E-03	-1.123464E+02
1.32746875000E+06	1.924515E-03	-1.046625E+02
1.32933750000E+06	1.831348E-03	-1.119837E+02
1.33120625000E+06	1.633600E-03	-1.127874E+02
1.33307500000E+06	1.851898E-03	-1.070855E+02
1.33494375000E+06	1.884804E-03	-1.159334E+02
1.33681250000E+06	1.963933E-03	-1.113303E+02
1.33868125000E+06	1.870142E-03	-1.047501E+02
1.34055000000E+06	2.120799E-03	-1.057478E+02
1.34241875000E+06	2.209975E-03	-1.088140E+02
1.34428750000E+06	1.979466E-03	-1.060370E+02
1.34615625000E+06	1.834828E-03	-1.090232E+02
1.34802500000E+06	1.918733E-03	-1.152463E+02
1.34989375000E+06	1.918591E-03	-1.074826E+02
1.35176250000E+06	1.727824E-03	-1.034715E+02
1.35363125000E+06	1.859631E-03	-1.159613E+02
1.35550000000E+06	2.059836E-03	-1.094523E+02
1.35736875000E+06	2.141516E-03	-1.129133E+02
1.35923750000E+06	2.163800E-03	-1.154179E+02
1.36110625000E+06	1.882823E-03	-1.046829E+02
1.36297500000E+06	1.822326E-03	-1.042520E+02
1.36484375000E+06	1.948945E-03	-1.136330E+02
1.36671250000E+06	1.850826E-03	-1.054808E+02
1.36858125000E+06	2.151401E-03	-1.036750E+02
1.37045000000E+06	1.761840E-03	-1.079398E+02
1.37231875000E+06	2.005916E-03	-1.092989E+02
1.37418750000E+06	2.015173E-03	-1.093040E+02
1.37605625000E+06	2.004201E-03	-1.143041E+02
1.37792500000E+06	1.925786E-03	-1.092505E+02
1.37979375000E+06	1.861540E-03	-1.039003E+02
1.38166250000E+06	1.789045E-03	-1.094741E+02
1.38353125000E+06	2.049095E-03	-1.078636E+02
1.38540000000E+06	2.036476E-03	-1.127784E+02
1.38726875000E+06	2.028648E-03	-1.087706E+02
1.38913750000E+06	2.164743E-03	-1.116895E+02
1.39100625000E+06	2.168776E-03	-1.158283E+02
1.39287500000E+06	1.905275E-03	-1.102580E+02
1.39474375000E+06	2.136173E-03	-1.141071E+02
1.39661250000E+06	2.112618E-03	-1.034720E+02
1.39848125000E+06	2.074021E-03	-1.124172E+02
1.40035000000E+06	1.987563E-03	-1.087421E+02
1.40221875000E+06	1.975537E-03	-1.160761E+02
1.40408750000E+06	2.175987E-03	-1.112452E+02
1.40595625000E+06	2.070510E-03	-1.082158E+02
1.40782500000E+06	2.011936E-03	-1.130927E+02
1.40969375000E+06	2.017182E-03	-1.104329E+02
1.41156250000E+06	2.183105E-03	-1.112692E+02
1.41343125000E+06	2.020386E-03	-1.122755E+02
1.41530000000E+06	2.117409E-03	-1.123835E+02
1.41716875000E+06	2.059386E-03	-1.086482E+02
1.41903750000E+06	2.008815E-03	-1.089300E+02
1.42090625000E+06	2.115094E-03	-1.132427E+02
1.42277500000E+06	1.981127E-03	-1.073222E+02
1.42464375000E+06	1.995173E-03	-1.118926E+02
1.42651250000E+06	1.990373E-03	-1.137902E+02
1.42838125000E+06	2.133535E-03	-1.076881E+02
1.43025000000E+06	1.689250E-03	-1.012927E+02
1.43211875000E+06	1.865996E-03	-1.013085E+02
1.43398750000E+06	2.239919E-03	-1.099575E+02
1.43585625000E+06	1.885262E-03	-1.041120E+02
1.43772500000E+06	2.106640E-03	-1.146798E+02
1.43959375000E+06	2.148578E-03	-1.066236E+02
1.44146250000E+06	2.184240E-03	-1.106191E+02
1.44333125000E+06	1.971562E-03	-1.085343E+02
1.44520000000E+06	2.038956E-03	-1.102706E+02
1.44706875000E+06	2.006010E-03	-1.121628E+02
1.44893750000E+06	1.968600E-03	-1.137878E+02
1.45080625000E+06	2.056299E-03	-1.073690E+02
1.45267500000E+06	2.263288E-03	-1.086565E+02
1.45454375000E+06	2.217903E-03	-1.144075E+02
1.45641250000E+06	2.104325E-03	-1.119048E+02
1.45828125000E+06	2.387997E-03	-1.091589E+02
1.46015000000E+06	2.110085E-03	-1.079596E+02
1.46201875000E+06	2.166748E-03	-1.105767E+02
1.46388750000E+06	1.984064E-03	-1.136206E+02
1.46575625000E+06	2.151237E-03	-1.142952E+02
1.46762500000E+06	2.303933E-03	-1.110223E+02
1.46949375000E+06	2.322203E-03	-1.107880E+02
1.47136250000E+06	2.132017E-03	-1.092315E+02
1.47323125000E+06	1.941453E-03	-1.103434E+02
1.47510000000E+06	2.074404E-03	-1.114338E+02
1.47696875000E+06	2.113083E-03	-1.042482E+02
1.47883750000E+06	2.284155E-03	-1.113855E+02
1.48070625000E+06	2.266460E-03	-1.106116E+02
1.48257500000E+06	1.998513E-03	-1.153076E+02
1.48444375000E+06	2.093772E-03	-1.049233E+02
1.48631250000E+06	2.202388E-03	-1.138691E+02
1.48818125000E+06	2.195000E-03	-1.110416E+02
1.49005000000E+06	2.380364E-03	-1.179711E+02
1.49191875000E+06	2.141362E-03	-1.086036E+02
1.49378750000E+06	2.214437E-03	-1.091980E+02
1.49565625000E+06	2.187763E-03	-1.120042E+02
1.49752500000E+06	2.406367E-03	-1.166486E+02
1.49939375000E+06	2.176507E-03	-1.143597E+02
1.50126250000E+06	2.251267E-03	-1.127453E+02
1.50313125000E+06	2.035248E-03	-1.143825E+02
1.50500000000E+06	2.145686E-03	-1.080124E+02
1.50686875000E+06	2.390871E-03	-1.097628E+02
1.50873750000E+06	2.211967E-03	-1.086556E+02
1.51060625000E+06	2.154126E-03	-1.095349E+02
1.51247500000E+06	2.295225E-03	-1.085122E+02
1.51434375000E+06	2.257562E-03	-1.092874E+02
1.51621250000E+06	2.262181E-03	-1.121107E+02
1.51808125000E+06	2.139186E-03	-1.134463E+02
1.51995000000E+06	2.172895E-03	-1.104764E+02
1.52181875000E+06	2.175395E-03	-1.073413E+02
1.52368750000E+06	2.222089E-03	-1.135929E+02
1.52555625000E+06	2.164702E-03	-1.150822E+02
1.52742500000E+06	2.300957E-03	-1.106194E+02
1.52929375000E+06	2.175394E-03	-1.151947E+02
1.53116250000E+06	2.139277E-03	-1.106856E+02
1.53303125000E+06	2.304351E-03	-1.049390E+02
1.53490000000E+06	2.301188E-03	-1.048521E+02
1.53676875000E+06	2.089826E-03	-1.074984E+02
1.53863750000E+06	2.058704E-03	-1.154796E+02
1.54050625000E+06	2.167498E-03	-1.106209E+02
1.54237500000E+06	2.262114E-03	-1.091510E+02
1.54424375000E+06	2.248222E-03	-1.087313E+02
1.54611250000E+06	2.194089E-03	-1.079135E+02
1.54798125000E+06	2.421493E-03	-1.111929E+02
1.54985000000E+06	2.368552E-03	-1.106944E+02
1.55171875000E+06	1.991510E-03	-1.081261E+02
1.55358750000E+06	2.650598E-03	-1.135542E+02
1.55545625000E+06	2.126880E-03	-1.129150E+02
1.55732500000E+06	2.195752E-03	-1.116389E+02
1.55919375000E+06	2.435599E-03	-1.121972E+02
1.56106250000E+06	2.259401E-03	-1.105107E+02
1.56293125000E+06	2.474562E-03	-1.071455E+02
1.56480000000E+06	2.277412E-03	-1.137066E+02
1.56666875000E+06	2.214549E-03	-1.067733E+02
1.56853750000E+06	2.316781E-03	-1.113394E+02
1.57040625000E+06	2.181823E-03	-1.125672E+02
1.57227500000E+06	2.245622E-03	-1.169963E+02
1.57414375000E+06	2.074692E-03	-1.095315E+02
1.57601250000E+06	2.384374E-03	-1.107163E+02
1.57788125000E+06	2.130332E-03	-1.130782E+02
1.57975000000E+06	2.282397E-03	-1.099452E+02
1.58161875000E+06	2.399131E-03	-1.057664E+02
1.58348750000E+06	2.329915E-03	-1.081439E+02
1.58535625000E+06	2.275074E-03	-1.167686E+02
1.58722500000E+06	2.344097E-03	-1.145565E+02
1.58909375000E+06	2.246473E-03	-1.107886E+02
1.59096250000E+06	2.231954E-03	-1.087151E+02
1.59283125000E+06	2.360394E-03	-1.161316E+02
1.59470000000E+06	2.460926E-03	-1.092763E+02
1.59656875000E+06	2.241545E-03	-1.100172E+02
1.59843750000E+06	2.289057E-03	-1.114315E+02
1.60030625000E+06	2.444147E-03	-1.106689E+02
1.60217500000E+06	2.468613E-03	-1.109812E+02
1.60404375000E+06	2.348577E-03	-1.144116E+02
1.60591250000E+06	2.224312E-03	-1.146782E+02
1.60778125000E+06	2.395544E-03	-1.097598E+02
1.60965000000E+06	2.641562E-03	-1.144983E+02
1.61151875000E+06	2.348023E-03	-1.119604E+02
1.61338750000E+06	2.324563E-03	-1.118440E+02
1.61525625000E+06	2.461850E-03	-1.174430E+02
1.61712500000E+06	2.327006E-03	-1.094446E+02
1.61899375000E+06	2.429546E-03	-1.117393E+02
1.62086250000E+06	2.442901E-03	-1.128503E+02
1.62273125000E+06	2.387542E-03	-1.138970E+02
1.62460000000E+06	2.291356E-03	-1.138745E+02
1.62646875000E+06	2.288454E-03	-1.100627E+02
1.62833750000E+06	2.302669E-03	-1.121971E+02
1.63020625000E+06	2.356987E-03	-1.132788E+02
1.63207500000E+06	2.452207E-03	-1.151863E+02
1.63394375000E+06	2.329012E-03	-1.139167E+02
1.63581250000E+06	2.334557E-03	-1.168739E+02
1.63768125000E+06	2.375694E-03	-1.109704E+02
1.63955000000E+06	2.371158E-03	-1.089519E+02
1.64141875000E+06	2.554692E-03	-1.145814E+02
1.64328750000E+06	2.508362E-03	-1.138673E+02
1.64515625000E+06	2.461501E-03	-1.117852E+02
1.64702500000E+06	2.409899E-03	-1.138084E+02
1.64889375000E+06	2.406037E-03	-1.156515E+02
1.65076250000E+06	2.638414E-03	-1.126082E+02
1.65263125000E+06	2.565953E-03	-1.152981E+02
1.65450000000E+06	2.491782E-03	-1.120762E+02
1.65636875000E+06	2.554274E-03	-1.154680E+02
1.65823750000E+06	2.334322E-03	-1.156293E+02
1.66010625000E+06	2.470845E-03	-1.078691E+02
1.66197500000E+06	2.415788E-03	-1.117335E+02
1.66384375000E+06	2.599583E-03	-1.111990E+02
1.66571250000E+06	2.376388E-03	-1.114389E+02
1.66758125000E+06	2.531948E-03	-1.156047E+02
1.66945000000E+06	2.571967E-03	-1.173070E+02
1.67131875000E+06	2.349043E-03	-1.135974E+02
1.67318750000E+06	2.494037E-03	-1.068938E+02
1.67505625000E+06	2.403239E-03	-1.117581E+02
1.67692500000E+06	2.656697E-03	-1.127056E+02
1.67879375000E+06	2.733473E-03	-1.104036E+02
1.68066250000E+06	2.442388E-03	-1.139591E+02
1.68253125000E+06	2.416254E-03	-1.097878E+02
1.68440000000E+06	2.337415E-03	-1.166017E+02
1.68626875000E+06	2.343902E-03	-1.195375E+02
1.68813750000E+06	2.496023E-03	-1.169188E+02
1.69000625000E+06	2.278205E-03	-1.165049E+02
1.69187500000E+06	2.758387E-03	-1.139349E+02
1.69374375000E+06	2.613645E-03	-1.168529E+02
1.69561250000E+06	2.617113E-03	-1.080223E+02
1.69748125000E+06	2.682326E-03	-1.143730E+02
1.69935000000E+06	2.790423E-03	-1.163483E+02
1.70121875000E+06	2.879811E-03	-1.119434E+02
1.70308750000E+06	2.372536E-03	-1.142720E+02
1.70495625000E+06	2.796199E-03	-1.168022E+02
1.70682500000E+06	2.585972E-03	-1.127502E+02
1.70869375000E+06	2.500727E-03	-1.125351E+02
1.71056250000E+06	2.523549E-03	-1.167604E+02
1.71243125000E+06	2.486006E-03	-1.144677E+02
1.71430000000E+06	2.696467E-03	-1.112245E+02
1.71616875000E+06	2.455043E-03	-1.173829E+02
1.71803750000E+06	2.702825E-03	-1.160278E+02
1.71990625000E+06	2.538712E-03	-1.137255E+02
1.72177500000E+06	2.629501E-03	-1.135401E+02
1.72364375000E+06	2.524548E-03	-1.087241E+02
1.72551250000E+06	2.610489E-03	-1.148399E+02
1.72738125000E+06	2.405163E-03	-1.112248E+02
1.72925000000E+06	2.605234E-03	-1.157321E+02
1.73111875000E+06	2.737332E-03	-1.112719E+02
1.73298750000E+06	2.864306E-03	-1.178635E+02
1.73485625000E+06	2.666413E-03	-1.135789E+02
1.73672500000E+06	2.372752E-03	-1.116167E+02
1.73859375000E+06	2.860751E-03	-1.137937E+02
1.74046250000E+06	2.425537E-03	-1.135756E+02
1.74233125000E+06	2.497533E-03	-1.117099E+02
1.74420000000E+06	2.731165E-03	-1.153406E+02
1.74606875000E+06	2.625984E-03	-1.108196E+02
1.74793750000E+06	2.764761E-03	-1.140302E+02
1.74980625000E+06	2.525223E-03	-1.128923E+02
1.75167500000E+06	2.654542E-03	-1.108419E+02
1.75354375000E+06	2.750606E-03	-1.134999E+02
1.75541250000E+06	2.561560E-03	-1.153926E+02
1.75728125000E+06	2.638608E-03	-1.141236E+02
1.75915000000E+06	2.639738E-03	-1.106148E+02
1.76101875000E+06	2.731329E-03	-1.084384E+02
1.76288750000E+06	2.854235E-03	-1.133688E+02
1.76475625000E+06	2.599660E-03	-1.120646E+02
1.76662500000E+06	2.577185E-03	-1.168481E+02
1.76849375000E+06	2.628676E-03	-1.134420E+02
1.77036250000E+06	2.586558E-03	-1.143043E+02
1.77223125000E+06	2.803992E-03	-1.135068E+02
1.77410000000E+06	2.546153E-03	-1.129233E+02
1.77596875000E+06	2.651633E-03	-1.160786E+02
1.77783750000E+06	2.593579E-03	-1.128815E+02
1.77970625000E+06	2.864807E-03	-1.134455E+02
1.78157500000E+06	2.823237E-03	-1.132563E+02
1.78344375000E+06	2.745458E-03	-1.206462E+02
1.78531250000E+06	2.789341E-03	-1.121221E+02
1.78718125000E+06	2.699041E-03	-1.133785E+02
1.78905000000E+06	2.754252E-03	-1.119495E+02
1.79091875000E+06	2.667286E-03	-1.140211E+02
1.79278750000E+06	2.648940E-03	-1.123922E+02
1.79465625000E+06	2.679700E-03	-1.173014E+02
1.79652500000E+06	2.845498E-03	-1.172154E+02
1.79839375000E+06	2.887479E-03	-1.146093E+02
1.80026250000E+06	2.699783E-03	-1.181841E+02
1.80213125000E+06	2.799100E-03	-1.154708E+02
1.80400000000E+06	2.769303E-03	-1.115676E+02
1.80586875000E+06	2.803145E-03	-1.116104E+02
1.80773750000E+06	2.612540E-03	-1.182573E+02
1.80960625000E+06	2.546570E-03	-1.129565E+02
1.81147500000E+06	2.842437E-03	-1.098128E+02
1.81334375000E+06	2.848650E-03	-1.118119E+02
1.81521250000E+06	2.647166E-03	-1.136419E+02
1.81708125000E+06	2.861809E-03	-1.168788E+02
1.81895000000E+06	2.855460E-03	-1.174074E+02
1.82081875000E+06	2.636722E-03	-1.188800E+02
1.82268750000E+06	2.407881E-03	-1.144080E+02
1.82455625000E+06	2.927330E-03	-1.188696E+02
1.82642500000E+06	2.821248E-03	-1.130656E+02
1.82829375000E+06	3.086545E-03	-1.129886E+02
1.83016250000E+06	2.627196E-03	-1.167184E+02
1.83203125000E+06	2.462958E-03	-1.137428E+02
1.83390000000E+06	2.712500E-03	-1.132153E+02
1.83576875000E+06	2.633173E-03	-1.159147E+02
1.83763750000E+06	2.858566E-03	-1.161274E+02
1.83950625000E+06	2.736400E-03	-1.175150E+02
1.84137500000E+06	2.859454E-03	-1.192427E+02
1.84324375000E+06	2.535228E-03	-1.096815E+02
1.84511250000E+06	3.052772E-03	-1.158842E+02
1.84698125000E+06	2.885521E-03	-1.153972E+02
1.84885000000E+06	2.787751E-03	-1.136669E+02
1.85071875000E+06	2.975281E-03	-1.148467E+02
1.85258750000E+06	2.849486E-03	-1.171802E+02
1.85445625000E+06	3.004617E-03	-1.190885E+02
1.85632500000E+06	3.037067E-03	-1.158012E+02
1.85819375000E+06	2.780968E-03	-1.178001E+02
1.86006250000E+06	2.952088E-03	-1.121005E+02
1.86193125000E+06	2.936769E-03	-1.131776E+02
1.86380000000E+06	2.725417E-03	-1.183928E+02
1.86566875000E+06	2.815429E-03	-1.187436E+02
1.86753750000E+06	2.632840E-03	-1.146572E+02
1.86940625000E+06	2.996781E-03	-1.128484E+02
1.87127500000E+06	3.012990E-03	-1.155723E+02
1.87314375000E+06	2.913357E-03	-1.151270E+02
1.87501250000E+06	2.776390E-03	-1.185689E+02
1.87688125000E+06	2.784709E-03	-1.203354E+02
1.87875000000E+06	2.996762E-03	-1.124560E+02
1.88061875000E+06	2.821121E-03	-1.181183E+02
1.88248750000E+06	2.884860E-03	-1.133258E+02
1.88435625000E+06	2.851562E-03	-1.160873E+02
1.88622500000E+06	2.926280E-03	-1.174209E+02
1.88809375000E+06	2.834140E-03	-1.160981E+02
1.88996250000E+06	2.910372E-03	-1.174673E+02
1.89183125000E+06	2.807270E-03	-1.173403E+02
1.89370000000E+06	2.849208E-03	-1.132876E+02
1.89556875000E+06	2.978058E-03	-1.136679E+02
1.89743750000E+06	2.946930E-03	-1.135772E+02
1.89930625000E+06	2.889546E-03	-1.177618E+02
1.90117500000E+06	2.827439E-03	-1.165559E+02
1.90304375000E+06	3.012787E-03	-1.154044E+02
1.90491250000E+06	3.014387E-03	-1.177798E+02
1.90678125000E+06	2.905066E-03	-1.184832E+02
1.90865000000E+06	3.085054E-03	-1.127617E+02
1.91051875000E+06	2.914358E-03	-1.144181E+02
1.91238750000E+06	2.869299E-03	-1.147176E+02
1.91425625000E+06	2.954054E-03	-1.194657E+02
1.91612500000E+06	2.980148E-03	-1.168099E+02
1.91799375000E+06	2.844342E-03	-1.168613E+02
1.91986250000E+06	2.744828E-03	-1.146058E+02
1.92173125000E+06	2.989410E-03	-1.166717E+02
1.92360000000E+06	2.959455E-03	-1.149861E+02
1.92546875000E+06	2.950586E-03	-1.202243E+02
1.92733750000E+06	2.899715E-03	-1.198198E+02
1.92920625000E+06	3.051900E-03	-1.162147E+02
1.93107500000E+06	3.089271E-03	-1.150163E+02
1.93294375000E+06	2.888301E-03	-1.195119E+02
1.93481250000E+06	2.983422E-03	-1.150128E+02
1.93668125000E+06	2.899986E-03	-1.139065E+02
1.93855000000E+06	2.993012E-03	-1.162982E+02
1.94041875000E+06	2.992827E-03	-1.173299E+02
1.94228750000E+06	3.210584E-03	-1.154455E+02
1.94415625000E+06	2.963859E-03	-1.161814E+02
1.94602500000E+06	2.956676E-03	-1.147674E+02
1.94789375000E+06	3.003543E-03	-1.145711E+02
1.94976250000E+06	3.093806E-03	-1.144036E+02
1.95163125000E+06	3.056880E-03	-1.132710E+02
1.95350000000E+06	2.827587E-03	-1.175040E+02
1.95536875000E+06	2.878260E-03	-1.174576E+02
1.95723750000E+06	2.895006E-03	-1.156028E+02
1.95910625000E+06	3.093383E-03	-1.186183E+02
1.96097500000E+06	3.067710E-03	-1.155943E+02
1.96284375000E+06	3.325838E-03	-1.155341E+02
1.96471250000E+06	2.856234E-03	-1.156121E+02
1.96658125000E+06	3.090191E-03	-1.172349E+02
1.96845000000E+06	2.513627E-03	-1.157896E+02
1.97031875000E+06	3.208464E-03	-1.127838E+02
1.97218750000E+06	3.004179E-03	-1.155622E+02
1.97405625000E+06	3.239631E-03	-1.186640E+02
1.97592500000E+06	2.865019E-03	-1.152445E+02
1.97779375000E+06	2.921919E-03	-1.182038E+02
1.97966250000E+06	2.957354E-03	-1.118877E+02
1.98153125000E+06	3.012070E-03	-1.139423E+02
1.98340000000E+06	3.139141E-03	-1.160595E+02
1.98526875000E+06	3.468591E-03	-1.156951E+02
1.98713750000E+06	3.092959E-03	-1.150793E+02
1.98900625000E+06	3.177482E-03	-1.181588E+02
1.99087500000E+06	3.227733E-03	-1.149527E+02
1.99274375000E+06	3.346495E-03	-1.205141E+02
1.99461250000E+06	3.001147E-03	-1.128376E+02
1.99648125000E+06	2.817598E-03	-1.193043E+02
1.99835000000E+06	3.283280E-03	-1.148974E+02
2.00021875000E+06	3.085227E-03	-1.138407E+02
2.00208750000E+06	2.855066E-03	-1.133844E+02
2.00395625000E+06	3.163817E-03	-1.151648E+02
2.00582500000E+06	2.883627E-03	-1.129344E+02
2.00769375000E+06	3.233905E-03	-1.129154E+02
2.00956250000E+06	3.212555E-03	-1.171379E+02
2.01143125000E+06	3.570737E-03	-1.145880E+02
2.01330000000E+06	3.129033E-03	-1.138654E+02
2.01516875000E+06	3.110408E-03	-1.175814E+02
2.01703750000E+06	3.199971E-03	-1.168150E+02
2.01890625000E+06	3.245380E-03	-1.184161E+02
2.02077500000E+06	3.157360E-03	-1.132676E+02
2.02264375000E+06	3.120512E-03	-1.191813E+02
2.02451250000E+06	3.174895E-03	-1.178252E+02
2.02638125000E+06	3.120125E-03	-1.164992E+02
2.02825000000E+06	3.093139E-03	-1.163907E+02
2.03011875000E+06	3.045789E-03	-1.194063E+02
2.03198750000E+06	3.265048E-03	-1.137860E+02
2.03385625000E+06	3.092732E-03	-1.181924E+02
2.03572500000E+06	3.251996E-03	-1.146580E+02
2.03759375000E+06	3.031399E-03	-1.143539E+02
2.03946250000E+06	3.055461E-03	-1.165914E+02
2.04133125000E+06	3.000534E-03	-1.142326E+02
2.04320000000E+06	3.334440E-03	-1.176654E+02
2.04506875000E+06	3.098701E-03	-1.174287E+02
2.04693750000E+06	3.129622E-03	-1.196036E+02
2.04880625000E+06	3.246349E-03	-1.182787E+02
2.05067500000E+06	3.252355E-03	-1.177521E+02
2.05254375000E+06	3.296368E-03	-1.139707E+02
2.05441250000E+06	3.218045E-03	-1.172872E+02
2.05628125000E+06	3.127703E-03	-1.157939E+02
2.05815000000E+06	3.298970E-03	-1.176437E+02
2.06001875000E+06	3.249416E-03	-1.171209E+02
2.06188750000E+06	2.932149E-03	-1.170776E+02
2.06375625000E+06	3.364132E-03	-1.194030E+02
2.06562500000E+06	3.242492E-03	-1.149515E+02
2.06749375000E+06	3.216361E-03	-1.151127E+02
2.06936250000E+06	3.277918E-03	-1.173284E+02
2.07123125000E+06	3.184041E-03	-1.133331E+02
2.07310000000E+06	3.260336E-03	-1.155752E+02
2.07496875000E+06	3.380679E-03	-1.164664E+02
2.07683750000E+06	3.419309E-03	-1.182200E+02
2.07870625000E+06	3.387199E-03	-1.183147E+02
2.08057500000E+06	3.181934E-03	-1.164043E+02
2.08244375000E+06	3.243473E-03	-1.148092E+02
2.08431250000E+06	3.380231E-03	-1.158980E+02
2.08618125000E+06	3.337960E-03	-1.193431E+02
2.08805000000E+06	3.283910E-03	-1.187570E+02
2.08991875000E+06	3.191188E-03	-1.199845E+02
2.09178750000E+06	3.232847E-03	-1.182484E+02
2.09365625000E+06	3.161251E-03	-1.140223E+02
2.09552500000E+06	3.345440E-03	-1.152086E+02
2.09739375000E+06	3.376351E-03	-1.187891E+02
2.09926250000E+06	3.393999E-03	-1.167270E+02
2.10113125000E+06	3.450209E-03	-1.152743E+02
2.10300000000E+06	3.371744E-03	-1.170782E+02
2.10486875000E+06	3.246555E-03	-1.187806E+02
2.10673750000E+06	3.394854E-03	-1.162616E+02
2.10860625000E+06	3.418272E-03	-1.161444E+02
2.11047500000E+06	3.344584E-03	-1.182898E+02
2.11234375000E+06	3.139612E-03	-1.179625E+02
2.11421250000E+06	3.266934E-03	-1.181772E+02
2.11608125000E+06	3.328470E-03	-1.164264E+02
2.11795000000E+06	3.214668E-03	-1.176538E+02
2.11981875000E+06	3.377549E-03	-1.177222E+02
2.12168750000E+06	3.428865E-03	-1.155599E+02
2.12355625000E+06	3.348480E-03	-1.164077E+02
2.12542500000E+06	3.250341E-03	-1.168451E+02
2.12729375000E+06	3.543885E-03	-1.171943E+02
2.12916250000E+06	3.493563E-03	-1.181712E+02
2.13103125000E+06	3.537890E-03	-1.196466E+02
2.13290000000E+06	3.345926E-03	-1.191952E+02
2.13476875000E+06	3.424210E-03	-1.161774E+02
2.13663750000E+06	3.379979E-03	-1.194845E+02
2.13850625000E+06	3.409940E-03	-1.169693E+02
2.14037500000E+06	3.466752E-03	-1.173845E+02
2.14224375000E+06	3.529493E-03	-1.199607E+02
2.14411250000E+06	3.437551E-03	-1.192706E+02
2.14598125000E+06	3.469597E-03	-1.193469E+02
2.14785000000E+06	3.517013E-03	-1.214941E+02
2.14971875000E+06	3.305969E-03	-1.200402E+02
2.15158750000E+06	3.452010E-03	-1.166794E+02
2.15345625000E+06	3.532676E-03	-1.181564E+02
2.15532500000E+06	3.462210E-03	-1.157566E+02
2.15719375000E+06	3.396712E-03	-1.168997E+02
2.15906250000E+06	3.526191E-03	-1.195314E+02
2.16093125000E+06	3.431718E-03	-1.212440E+02
2.16280000000E+06	3.428139E-03	-1.187858E+02
2.16466875000E+06	3.780529E-03	-1.171067E+02
2.16653750000E+06	3.682298E-03	-1.177362E+02
2.16840625000E+06	3.442033E-03	-1.197102E+02
2.17027500000E+06	3.565564E-03	-1.199005E+02
2.17214375000E+06	3.560359E-03	-1.170353E+02
2.17401250000E+06	3.661570E-03	-1.163752E+02
2.17588125000E+06	3.302350E-03	-1.200185E+02
2.17775000000E+06	3.526897E-03	-1.204595E+02
2.17961875000E+06	3.741976E-03	-1.200644E+02
2.18148750000E+06	3.423760E-03	-1.220099E+02
2.18335625000E+06	3.574962E-03	-1.160421E+02
2.18522500000E+06	3.600117E-03	-1.208450E+02
2.18709375000E+06	3.463499E-03	-1.148408E+02
2.18896250000E+06	3.363471E-03	-1.155392E+02
2.19083125000E+06	3.466826E-03	-1.178480E+02
2.19270000000E+06	3.613106E-03	-1.144533E+02
2.19456875000E+06	3.433295E-03	-1.177843E+02
2.19643750000E+06	3.593180E-03	-1.219714E+02
2.19830625000E+06	3.800026E-03	-1.180891E+02
2.20017500000E+06	3.641299E-03	-1.179423E+02
2.20204375000E+06	3.723021E-03	-1.157732E+02
2.20391250000E+06	3.426325E-03	-1.199538E+02
2.20578125000E+06	3.493890E-03	-1.191960E+02
2.20765000000E+06	3.626321E-03	-1.167106E+02
2.20951875000E+06	3.796058E-03	-1.199226E+02
2.21138750000E+06	3.542279E-03	-1.194351E+02
2.21325625000E+06	3.543011E-03	-1.196241E+02
2.21512500000E+06	3.354834E-03	-1.194321E+02
2.21699375000E+06	3.535998E-03	-1.170743E+02
2.21886250000E+06	3.658030E-03	-1.194459E+02
2.22073125000E+06	3.432834E-03	-1.164679E+02
2.22260000000E+06	3.571484E-03	-1.210884E+02
2.22446875000E+06	3.622748E-03	-1.146918E+02
2.22633750000E+06	3.584553E-03	-1.180955E+02
2.22820625000E+06	3.404583E-03	-1.193203E+02
2.23007500000E+06	3.557469E-03	-1.195952E+02
2.23194375000E+06	3.517094E-03	-1.180456E+02
2.23381250000E+06	3.644225E-03	-1.158752E+02
2.23568125000E+06	3.424194E-03	-1.174798E+02
2.23755000000E+06	3.701591E-03	-1.212506E+02
2.23941875000E+06	3.761724E-03	-1.196258E+02
2.24128750000E+06	3.581746E-03	-1.198237E+02
2.24315625000E+06	3.576080E-03	-1.206363E+02
2.24502500000E+06	3.709327E-03	-1.211268E+02
2.24689375000E+06	3.642975E-03	-1.210002E+02
2.24876250000E+06	3.868885E-03	-1.177714E+02
2.25063125000E+06	3.814460E-03	-1.198433E+02
2.25250000000E+06	3.653171E-03	-1.238738E+02
2.25436875000E+06	3.761287E-03	-1.200336E+02
2.25623750000E+06	3.539001E-03	-1.214332E+02
2.25810625000E+06	3.837743E-03	-1.190828E+02
2.25997500000E+06	3.599016E-03	-1.224318E+02
2.26184375000E+06	3.689764E-03	-1.170609E+02
2.26371250000E+06	3.779845E-03	-1.187483E+02
2.26558125000E+06	3.816350E-03	-1.200753E+02
2.26745000000E+06	3.542895E-03	-1.237117E+02
2.26931875000E+06	3.622692E-03	-1.202747E+02
2.27118750000E+06	3.834786E-03	-1.182733E+02
2.27305625000E+06	3.696582E-03	-1.223969E+02
2.27492500000E+06	3.670098E-03	-1.221847E+02
2.27679375000E+06	3.911349E-03	-1.215640E+02
2.27866250000E+06	3.735303E-03	-1.215121E+02
2.28053125000E+06	3.707526E-03	-1.183390E+02
2.28240000000E+06	3.597381E-03	-1.212958E+02
2.28426875000E+06	3.862147E-03	-1.211748E+02
2.28613750000E+06	3.616980E-03	-1.199995E+02
2.28800625000E+06	3.751633E-03	-1.215536E+02
2.28987500000E+06	3.747058E-03	-1.219340E+02
2.29174375000E+06	3.817909E-03	-1.212177E+02
2.29361250000E+06	3.884515E-03	-1.207286E+02
2.29548125000E+06	3.803408E-03	-1.189909E+02
2.29735000000E+06	3.869341E-03	-1.173538E+02
2.29921875000E+06	3.727980E-03	-1.216955E+02
2.30108750000E+06	3.718683E-03	-1.194362E+02
2.30295625000E+06	3.829580E-03	-1.211277E+02
2.30482500000E+06	3.738109E-03	-1.215911E+02
2.30669375000E+06	3.802133E-03	-1.207599E+02
2.30856250000E+06	3.764770E-03	-1.214203E+02
2.31043125000E+06	3.813065E-03	-1.189630E+02
2.31230000000E+06	3.727929E-03	-1.211194E+02
2.31416875000E+06	3.752969E-03	-1.184654E+02
2.31603750000E+06	3.880337E-03	-1.222349E+02
2.31790625000E+06	3.768429E-03	-1.211419E+02
2.31977500000E+06	3.920948E-03	-1.210795E+02
2.32164375000E+06	3.799631E-03	-1.203796E+02
2.32351250000E+06	3.811261E-03	-1.206414E+02
2.32538125000E+06	3.895808E-03	-1.213148E+02
2.32725000000E+06	3.793386E-03	-1.199398E+02
2.32911875000E+06	3.923025E-03	-1.184936E+02
2.33098750000E+06	3.787192E-03	-1.224409E+02
2.33285625000E+06	3.845535E-03	-1.201721E+02
2.33472500000E+06	3.878993E-03	-1.217150E+02
2.33659375000E+06	3.808657E-03	-1.196480E+02
2.33846250000E+06	3.941460E-03	-1.208198E+02
2.34033125000E+06	3.855160E-03	-1.214693E+02
2.34220000000E+06	3.880243E-03	-1.210136E+02
2.34406875000E+06	3.881966E-03	-1.205529E+02
2.34593750000E+06	3.775940E-03	-1.207088E+02
2.34780625000E+06	3.849527E-03	-1.204528E+02
2.34967500000E+06	3.899965E-03	-1.203613E+02
2.35154375000E+06	3.869153E-03	-1.212455E+02
2.35341250000E+06	3.751385E-03	-1.204556E+02
2.35528125000E+06	3.961611E-03	-1.212587E+02
2.35715000000E+06	3.850807E-03	-1.221063E+02
2.35901875000E+06	3.672062E-03	-1.186847E+02
2.36088750000E+06	3.821995E-03	-1.219151E+02
2.36275625000E+06	4.016954E-03	-1.221188E+02
2.36462500000E+06	3.813961E-03	-1.218626E+02
2.36649375000E+06	3.893702E-03	-1.217974E+02
2.36836250000E+06	3.793995E-03	-1.212387E+02
2.37023125000E+06	3.899754E-03	-1.228133E+02
2.37210000000E+06	3.891788E-03	-1.222470E+02
2.37396875000E+06	3.957013E-03	-1.213874E+02
2.37583750000E+06	3.883569E-03	-1.211560E+02
2.37770625000E+06	3.807557E-03	-1.229828E+02
2.37957500000E+06	3.896863E-03	-1.244581E+02
2.38144375000E+06	4.019718E-03	-1.199652E+02
2.38331250000E+06	3.817241E-03	-1.203744E+02
2.38518125000E+06	4.105383E-03	-1.221691E+02
2.38705000000E+06	4.018439E-03	-1.207980E+02
2.38891875000E+06	3.870240E-03	-1.191099E+02
2.39078750000E+06	3.992578E-03	-1.191925E+02
2.39265625000E+06	4.072830E-03	-1.229678E+02
2.39452500000E+06	3.935927E-03	-1.212052E+02
2.39639375000E+06	3.953277E-03	-1.209635E+02
2.39826250000E+06	4.160689E-03	-1.212524E+02
2.40013125000E+06	4.119197E-03	-1.191018E+02
2.40200000000E+06	4.113715E-03	-1.188478E+02
2.40386875000E+06	3.819393E-03	-1.212943E+02
2.40573750000E+06	3.951961E-03	-1.181986E+02
2.40760625000E+06	3.954033E-03	-1.191937E+02
2.40947500000E+06	3.964042E-03	-1.222378E+02
2.41134375000E+06	3.895788E-03	-1.177614E+02
2.41321250000E+06	4.147538E-03	-1.200818E+02
2.41508125000E+06	4.143732E-03	-1.236848E+02
2.41695000000E+06	4.243506E-03	-1.213661E+02
2.41881875000E+06	4.193218E-03	-1.205278E+02
2.42068750000E+06	4.264880E-03	-1.224409E+02
2.42255625000E+06	4.050585E-03	-1.219575E+02
2.42442500000E+06	3.972470E-03	-1.238137E+02
2.42629375000E+06	4.046670E-03	-1.243237E+02
2.42816250000E+06	4.379709E-03	-1.211886E+02
2.43003125000E+06	4.067564E-03	-1.210997E+02
2.43190000000E+06	4.008620E-03	-1.202121E+02
2.43376875000E+06	4.106980E-03	-1.268781E+02
2.43563750000E+06	3.864750E-03	-1.251287E+02
2.43750625000E+06	4.081401E-03	-1.174811E+02
2.43937500000E+06	3.957901E-03	-1.230533E+02
2.44124375000E+06	3.963358E-03	-1.237247E+02
2.44311250000E+06	3.769444E-03	-1.191265E+02
2.44498125000E+06	4.043411E-03	-1.168139E+02
2.44685000000E+06	4.073908E-03	-1.214056E+02
2.44871875000E+06	3.958791E-03	-1.239828E+02
2.45058750000E+06	4.061579E-03	-1.248392E+02
2.45245625000E+06	4.012374E-03	-1.222493E+02
2.45432500000E+06	3.833535E-03	-1.205213E+02
2.45619375000E+06	4.075864E-03	-1.190926E+02
2.45806250000E+06	4.135708E-03	-1.247191E+02
2.45993125000E+06	3.932425E-03	-1.208112E+02
2.46180000000E+06	3.865716E-03	-1.240521E+02
2.46366875000E+06	4.126020E-03	-1.229361E+02
2.46553750000E+06	3.846609E-03	-1.199671E+02
2.46740625000E+06	4.076647E-03	-1.219942E+02
2.46927500000E+06	4.196859E-03	-1.214758E+02
2.47114375000E+06	4.292086E-03	-1.253062E+02
2.47301250000E+06	4.243782E-03	-1.252667E+02
2.47488125000E+06	4.100175E-03	-1.195984E+02
2.47675000000E+06	4.352114E-03	-1.243569E+02
2.47861875000E+06	4.289420E-03	-1.211964E+02
2.48048750000E+06	4.262083E-03	-1.238522E+02
2.48235625000E+06	4.318941E-03	-1.221515E+02
2.48422500000E+06	4.052264E-03	-1.218377E+02
2.48609375000E+06	4.176474E-03	-1.216111E+02
2.48796250000E+06	4.354716E-03	-1.209984E+02
2.48983125000E+06	4.188135E-03	-1.225400E+02
2.49170000000E+06	4.156595E-03	-1.247557E+02
2.49356875000E+06	4.130614E-03	-1.221013E+02
2.49543750000E+06	4.141759E-03	-1.239487E+02
2.49730625000E+06	4.155874E-03	-1.205323E+02
2.49917500000E+06	4.163829E-03	-1.216591E+02
2.50104375000E+06	4.302399E-03	-1.228151E+02
2.50291250000E+06	4.159483E-03	-1.255093E+02
2.50478125000E+06	4.065614E-03	-1.207788E+02
2.50665000000E+06	4.113681E-03	-1.222590E+02
2.50851875000E+06	4.050011E-03	-1.205234E+02
2.51038750000E+06	4.216882E-03	-1.226951E+02
2.51225625000E+06	4.125926E-03	-1.239905E+02
2.51412500000E+06	4.224042E-03	-1.212534E+02
2.51599375000E+06	4.268903E-03	-1.253478E+02
2.51786250000E+06	4.446927E-03	-1.253867E+02
2.51973125000E+06	4.035828E-03	-1.217707E+02
2.52160000000E+06	4.199424E-03	-1.245973E+02
2.52346875000E+06	4.140406E-03	-1.219190E+02
2.52533750000E+06	4.002695E-03	-1.235897E+02
2.52720625000E+06	4.498556E-03	-1.217650E+02
2.52907500000E+06	4.158319E-03	-1.223781E+02
2.53094375000E+06	4.436072E-03	-1.229430E+02
2.53281250000E+06	4.189899E-03	-1.225163E+02
2.53468125000E+06	4.278741E-03	-1.220495E+02
2.53655000000E+06	4.172666E-03	-1.231556E+02
2.53841875000E+06	4.179324E-03	-1.217111E+02
2.54028750000E+06	4.307454E-03	-1.215415E+02
2.54215625000E+06	4.327191E-03	-1.237651E+02
2.54402500000E+06	4.307264E-03	-1.236119E+02
2.54589375000E+06	4.247535E-03	-1.243664E+02
2.54776250000E+06	4.420291E-03	-1.230717E+02
2.54963125000E+06	4.394975E-03	-1.217442E+02
2.55150000000E+06	4.327585E-03	-1.225542E+02
2.55336875000E+06	4.222853E-03	-1.243699E+02
2.55523750000E+06	4.114504E-03	-1.222259E+02
2.55710625000E+06	4.355246E-03	-1.230350E+02
2.55897500000E+06	4.443850E-03	-1.205393E+02
2.56084375000E+06	4.342501E-03	-1.242470E+02
2.56271250000E+06	4.299833E-03	-1.251122E+02
2.56458125000E+06	4.478280E-03	-1.236018E+02
2.56645000000E+06	4.418395E-03	-1.249445E+02
2.56831875000E+06	4.550825E-03	-1.232773E+02
2.57018750000E+06	4.539100E-03	-1.225363E+02
2.57205625000E+06	4.454491E-03	-1.235362E+02
2.57392500000E+06	4.241769E-03	-1.248239E+02
2.57579375000E+06	4.486713E-03	-1.233345E+02
2.57766250000E+06	4.434296E-03	-1.229980E+02
2.57953125000E+06	4.309079E-03	-1.230371E+02
2.58140000000E+06	4.219907E-03	-1.235537E+02
2.58326875000E+06	4.340524E-03	-1.216889E+02
2.58513750000E+06	4.450971E-03	-1.224895E+02
2.58700625000E+06	4.487685E-03	-1.218890E+02
2.58887500000E+06	4.466154E-03	-1.234570E+02
2.59074375000E+06	4.466178E-03	-1.243580E+02
2.59261250000E+06	4.524587E-03	-1.222812E+02
2.59448125000E+06	4.445334E-03	-1.234444E+02
2.59635000000E+06	4.472577E-03	-1.211489E+02
2.59821875000E+06	4.323436E-03	-1.221011E+02
2.60008750000E+06	4.362722E-03	-1.208502E+02
2.60195625000E+06	4.641591E-03	-1.248714E+02
2.60382500000E+06	4.367263E-03	-1.221145E+02
2.60569375000E+06	4.608999E-03	-1.223039E+02
2.60756250000E+06	4.435006E-03	-1.223910E+02
2.60943125000E+06	4.467352E-03	-1.238290E+02
2.61130000000E+06	4.349958E-03	-1.240939E+02
2.61316875000E+06	4.436776E-03	-1.217463E+02
2.61503750000E+06	4.492471E-03	-1.227163E+02
2.61690625000E+06	4.535322E-03	-1.227627E+02
2.61877500000E+06	4.527899E-03	-1.251384E+02
2.62064375000E+06	4.562956E-03	-1.236687E+02
2.62251250000E+06	4.440123E-03	-1.235699E+02
2.62438125000E+06	4.396734E-03	-1.232146E+02
2.62625000000E+06	4.519358E-03	-1.231833E+02
2.62811875000E+06	4.548671E-03	-1.222156E+02
2.62998750000E+06	4.548686E-03	-1.225643E+02
2.63185625000E+06	4.526667E-03	-1.239157E+02
2.63372500000E+06	4.447211E-03	-1.223873E+02
2.63559375000E+06	4.663175E-03	-1.242474E+02
2.63746250000E+06	4.490631E-03	-1.237252E+02
2.63933125000E+06	4.520958E-03	-1.228214E+02
2.64120000000E+06	4.454157E-03	-1.237165E+02
2.64306875000E+06	4.547382E-03	-1.246179E+02
2.64493750000E+06	4.522051E-03	-1.239394E+02
2.64680625000E+06	4.622325E-03	-1.231806E+02
2.64867500000E+06	4.657235E-03	-1.236353E+02
2.65054375000E+06	4.620726E-03	-1.254489E+02
2.65241250000E+06	4.556152E-03	-1.233315E+02
2.65428125000E+06	4.553413E-03	-1.232549E+02
2.65615000000E+06	4.675927E-03	-1.221055E+02
2.65801875000E+06	4.547481E-03	-1.236094E+02
2.65988750000E+06	4.505151E-03	-1.215454E+02
2.66175625000E+06	4.698636E-03	-1.247813E+02
2.66362500000E+06	4.760406E-03	-1.215986E+02
2.66549375000E+06	4.504549E-03	-1.247270E+02
2.66736250000E+06	4.429488E-03	-1.245265E+02
2.66923125000E+06	4.527117E-03	-1.223880E+02
2.67110000000E+06	4.501183E-03	-1.229776E+02
2.67296875000E+06	4.507930E-03	-1.237074E+02
2.67483750000E+06	4.563106E-03	-1.216696E+02
2.67670625000E+06	4.685524E-03	-1.203880E+02
2.67857500000E+06	4.620271E-03	-1.263032E+02
2.68044375000E+06	4.657640E-03	-1.222269E+02
2.68231250000E+06	4.567301E-03	-1.238392E+02
2.68418125000E+06	4.667684E-03	-1.237523E+02
2.68605000000E+06	4.587306E-03	-1.241182E+02
2.68791875000E+06	4.620996E-03	-1.239790E+02
2.68978750000E+06	4.662626E-03	-1.228487E+02
2.69165625000E+06	4.633005E-03	-1.204883E+02
2.69352500000E+06	4.655573E-03	-1.231963E+02
2.69539375000E+06	4.681245E-03	-1.238773E+02
2.69726250000E+06	4.699874E-03	-1.237980E+02
2.69913125000E+06	4.797618E-03	-1.239457E+02
2.70100000000E+06	4.581148E-03	-1.227455E+02
2.70286875000E+06	4.372616E-03	-1.258624E+02
2.70473750000E+06	4.737570E-03	-1.223665E+02
2.70660625000E+06	4.606584E-03	-1.228173E+02
2.70847500000E+06	4.708639E-03	-1.233168E+02
2.71034375000E+06	4.668660E-03	-1.240533E+02
2.71221250000E+06	4.509314E-03	-1.237577E+02
2.71408125000E+06	4.885600E-03	-1.232815E+02
2.71595000000E+06	4.730360E-03	-1.261834E+02
2.71781875000E+06	4.911170E-03	-1.222301E+02
2.71968750000E+06	4.948891E-03	-1.217595E+02
2.72155625000E+06	4.656885E-03	-1.282939E+02
2.72342500000E+06	4.902579E-03	-1.217093E+02
2.72529375000E+06	4.872150E-03	-1.240984E+02
2.72716250000E+06	4.637029E-03	-1.260029E+02
2.72903125000E+06	4.588799E-03	-1.270647E+02
2.73090000000E+06	4.796980E-03	-1.229016E+02
2.73276875000E+06	4.977862E-03	-1.249444E+02
2.73463750000E+06	4.513883E-03	-1.236288E+02
2.73650625000E+06	4.661663E-03	-1.220403E+02
2.73837500000E+06	4.746275E-03	-1.272015E+02
2.74024375000E+06	4.656062E-03	-1.267921E+02
2.74211250000E+06	4.522850E-03	-1.268219E+02
2.74398125000E+06	4.777947E-03	-1.245666E+02
2.74585000000E+06	4.503303E-03	-1.259241E+02
2.74771875000E+06	4.756112E-03	-1.264993E+02
2.74958750000E+06	4.799845E-03	-1.234598E+02
2.75145625000E+06	4.611000E-03	-1.221691E+02
2.75332500000E+06	4.820808E-03	-1.254347E+02
2.75519375000E+06	4.974307E-03	-1.255331E+02
2.75706250000E+06	4.774101E-03	-1.242084E+02
2.75893125000E+06	5.023591E-03	-1.289978E+02
2.76080000000E+06	4.751342E-03	-1.230638E+02
2.76266875000E+06	4.901309E-03	-1.252519E+02
2.76453750000E+06	4.754044E-03	-1.231874E+02
2.76640625000E+06	4.808591E-03	-1.200793E+02
2.76827500000E+06	4.835653E-03	-1.266387E+02
2.77014375000E+06	4.878461E-03	-1.253017E+02
2.77201250000E+06	4.882348E-03	-1.250732E+02
2.77388125000E+06	4.679004E-03	-1.262000E+02
2.77575000000E+06	5.012340E-03	-1.245095E+02
2.77761875000E+06	4.741849E-03	-1.280710E+02
2.77948750000E+06	4.828079E-03	-1.255886E+02
2.78135625000E+06	5.026066E-03	-1.246425E+02
2.78322500000E+06	4.906080E-03	-1.238021E+02
2.78509375000E+06	4.876070E-03	-1.232820E+02
2.78696250000E+06	4.844720E-03	-1.244972E+02
2.78883125000E+06	4.700090E-03	-1.249894E+02
2.79070000000E+06	5.158822E-03	-1.240195E+02
2.79256875000E+06	4.981073E-03	-1.272932E+02
2.79443750000E+06	5.101084E-03	-1.258955E+02
2.79630625000E+06	5.048859E-03	-1.253216E+02
2.79817500000E+06	4.916659E-03	-1.214465E+02
2.80004375000E+06	5.053084E-03	-1.251030E+02
2.80191250000E+06	4.973683E-03	-1.257324E+02
2.80378125000E+06	5.053866E-03	-1.240123E+02
2.80565000000E+06	5.138636E-03	-1.243578E+02
2.80751875000E+06	4.865514E-03	-1.249237E+02
2.80938750000E+06	4.838814E-03	-1.231468E+02
2.81125625000E+06	5.095982E-03	-1.246514E+02
2.81312500000E+06	5.013398E-03	-1.237211E+02
2.81499375000E+06	5.030718E-03	-1.238556E+02
2.81686250000E+06	5.014101E-03	-1.219549E+02
2.81873125000E+06	5.161319E-03	-1.228854E+02
2.82060000000E+06	4.972680E-03	-1.228053E+02
2.82246875000E+06	4.969718E-03	-1.234092E+02
2.82433750000E+06	5.038009E-03	-1.234004E+02
2.82620625000E+06	5.030703E-03	-1.253286E+02
2.82807500000E+06	5.123778E-03	-1.254700E+02
2.82994375000E+06	4.993972E-03	-1.228947E+02
2.83181250000E+06	5.249423E-03	-1.242960E+02
2.83368125000E+06	5.131098E-03	-1.247712E+02
2.83555000000E+06	5.029535E-03	-1.271446E+02
2.83741875000E+06	5.088961E-03	-1.234701E+02
2.83928750000E+06	4.960667E-03	-1.240185E+02
2.84115625000E+06	5.026923E-03	-1.250107E+02
2.84302500000E+06	5.063094E-03	-1.244075E+02
2.84489375000E+06	5.098740E-03	-1.249127E+02
2.84676250000E+06	4.980281E-03	-1.259688E+02
2.84863125000E+06	5.045413E-03	-1.254716E+02
2.85050000000E+06	5.137154E-03	-1.234768E+02
2.85236875000E+06	5.136741E-03	-1.253858E+02
2.85423750000E+06	5.087056E-03	-1.242020E+02
2.85610625000E+06	5.116856E-03	-1.240192E+02
2.85797500000E+06	5.171504E-03	-1.244647E+02
2.85984375000E+06	5.161528E-03	-1.244056E+02
2.86171250000E+06	5.206547E-03	-1.251428E+02
2.86358125000E+06	5.197810E-03	-1.249338E+02
2.86545000000E+06	5.062694E-03	-1.254627E+02
2.86731875000E+06	5.280920E-03	-1.245193E+02
2.86918750000E+06	5.289637E-03	-1.236221E+02
2.87105625000E+06	5.036062E-03	-1.225401E+02
2.87292500000E+06	5.240653E-03	-1.245836E+02
2.87479375000E+06	5.228769E-03	-1.257561E+02
2.87666250000E+06	5.353749E-03	-1.261695E+02
2.87853125000E+06	5.273151E-03	-1.250293E+02
2.88040000000E+06	5.169658E-03	-1.248907E+02
2.88226875000E+06	5.308030E-03	-1.245428E+02
2.88413750000E+06	5.354741E-03	-1.253666E+02
2.88600625000E+06	5.295167E-03	-1.244622E+02
2.88787500000E+06	5.246740E-03	-1.251735E+02
2.88974375000E+06	5.175705E-03	-1.268288E+02
2.89161250000E+06	5.291856E-03	-1.251150E+02
2.89348125000E+06	5.254328E-03	-1.269292E+02
2.89535000000E+06	5.265665E-03	-1.249026E+02
2.89721875000E+06	5.342062E-03	-1.263659E+02
2.89908750000E+06	5.248493E-03	-1.289726E+02
2.90095625000E+06	5.269330E-03	-1.237853E+02
2.90282500000E+06	5.317069E-03	-1.252150E+02
2.90469375000E+06	5.296788E-03	-1.276824E+02
2.90656250000E+06	5.215158E-03	-1.244646E+02
2.90843125000E+06	5.413306E-03	-1.255055E+02
2.91030000000E+06	5.349063E-03	-1.228150E+02
2.91216875000E+06	5.242680E-03	-1.261807E+02
2.91403750000E+06	5.387659E-03	-1.256213E+02
2.91590625000E+06	5.390982E-03	-1.263106E+02
2.91777500000E+06	5.409898E-03	-1.264568E+02
2.91964375000E+06	5.321533E-03	-1.267192E+02
2.92151250000E+06	5.290778E-03	-1.239315E+02
2.92338125000E+06	5.264324E-03	-1.244700E+02
2.92525000000E+06	5.357643E-03	-1.236857E+02
2.92711875000E+06	5.356275E-03	-1.251924E+02
2.92898750000E+06	5.534745E-03	-1.252383E+02
2.93085625000E+06	5.250245E-03	-1.271665E+02
2.93272500000E+06	5.339407E-03	-1.256483E+02
2.93459375000E+06	5.376279E-03	-1.253438E+02
2.93646250000E+06	5.298596E-03	-1.260085E+02
2.93833125000E+06	5.458365E-03	-1.255751E+02
2.94020000000E+06	5.374785E-03	-1.255283E+02
2.94206875000E+06	5.315175E-03	-1.267849E+02
2.94393750000E+06	5.299140E-03	-1.263993E+02
2.94580625000E+06	5.417170E-03	-1.263047E+02
2.94767500000E+06	5.441380E-03	-1.257578E+02
2.94954375000E+06	5.446876E-03	-1.269979E+02
2.95141250000E+06	5.415773E-03	-1.271820E+02
2.95328125000E+06	5.507089E-03	-1.262930E+02
2.95515000000E+06	5.380027E-03	-1.251167E+02
2.95701875000E+06	5.554898E-03	-1.267129E+02
2.95888750000E+06	5.364520E-03	-1.242254E+02
2.96075625000E+06	5.381502E-03	-1.256157E+02
2.96262500000E+06	5.317768E-03	-1.270224E+02
2.96449375000E+06	5.544328E-03	-1.260297E+02
2.96636250000E+06	5.454684E-03	-1.266261E+02
2.96823125000E+06	5.445464E-03	-1.256433E+02
2.97010000000E+06	5.429088E-03	-1.247457E+02
2.97196875000E+06	5.388453E-03	-1.262364E+02
2.97383750000E+06	5.626354E-03	-1.267237E+02
2.97570625000E+06	5.597441E-03	-1.255706E+02
2.97757500000E+06	5.396875E-03	-1.265795E+02
2.97944375000E+06	5.467260E-03	-1.259639E+02
2.98131250000E+06	5.575708E-03	-1.258171E+02
2.98318125000E+06	5.524579E-03	-1.265073E+02
2.98505000000E+06	5.561799E-03	-1.262617E+02
2.98691875000E+06	5.471248E-03	-1.269775E+02
2.98878750000E+06	5.463826E-03	-1.252893E+02
2.99065625000E+06	5.582415E-03	-1.266397E+02
2.99252500000E+06	5.540350E-03	-1.265974E+02
2.99439375000E+06	5.594883E-03	-1.264584E+02
2.99626250000E+06	5.658889E-03	-1.258623E+02
2.99813125000E+06	5.534800E-03	-1.265269E+02
3.00000000000E+06	5.638205E-03	-1.267318E+02
