"E5100A REV3.14"
"DATE: Jul  3 2004"



"CHANNEL: 2"
"MEASURE TYPE: AR"
"FORMAT TYPE: LINMP"
"NUMBER of POINTS: 1601"
"SWEEP TIME:  3.458 s"
"SWEEP TYPE: LINF"
"SOURCE POWER: 0 dBm"
"IF BANDWIDTH: 500 Hz"

"Frequency"	"Main Array"	"Sub Array"
1.00000000000E+04	9.261639E-02	2.035924E+01
1.18687500000E+04	6.834478E-03	4.496322E+01
1.37375000000E+04	1.112634E-02	-7.567043E+01
1.56062500000E+04	1.258011E-02	-1.399123E+02
1.74750000000E+04	5.350633E-03	5.535550E+01
1.93437500000E+04	4.559024E-03	-7.254075E+01
2.12125000000E+04	2.086674E-03	-9.554077E+01
2.30812500000E+04	7.645008E-04	-1.113994E+02
2.49500000000E+04	2.278548E-03	-6.729192E+01
2.68187500000E+04	1.360654E-03	-7.257307E+01
2.86875000000E+04	2.209431E-03	-3.169889E+01
3.05562500000E+04	7.152649E-04	-1.556803E+02
3.24250000000E+04	6.685968E-04	-4.418376E+01
3.42937500000E+04	3.319290E-04	5.319722E+01
3.61625000000E+04	2.134843E-04	-1.541691E+02
3.80312500000E+04	5.996953E-04	-1.028054E+01
3.99000000000E+04	8.825173E-04	-1.785790E+02
4.17687500000E+04	4.983953E-04	1.026094E+02
4.36375000000E+04	1.005744E-03	1.313206E+02
4.55062500000E+04	1.438050E-03	1.110523E+02
4.73750000000E+04	1.010623E-03	1.910749E+01
4.92437500000E+04	1.596733E-03	-1.788451E+02
5.11125000000E+04	3.138598E-04	9.119339E+01
5.29812500000E+04	5.733212E-04	-6.036242E+00
5.48500000000E+04	5.908555E-04	3.368644E+01
5.67187500000E+04	5.953685E-04	-1.612529E+02
5.85875000000E+04	5.387041E-04	-8.474989E+01
6.04562500000E+04	6.872103E-04	3.567037E+01
6.23250000000E+04	8.302190E-04	1.253698E+02
6.41937500000E+04	1.043149E-03	5.130792E+01
6.60625000000E+04	5.465050E-04	4.591814E+01
6.79312500000E+04	7.654236E-04	6.275375E+01
6.98000000000E+04	2.328967E-04	-1.555004E+02
7.16687500000E+04	7.170239E-04	3.287102E+01
7.35375000000E+04	1.797145E-04	-1.360040E+00
7.54062500000E+04	2.859129E-04	1.044420E+02
7.72750000000E+04	2.556574E-04	-4.757990E+01
7.91437500000E+04	2.885481E-04	8.693948E+01
8.10125000000E+04	1.163885E-04	1.653662E+02
8.28812500000E+04	1.365731E-04	-1.172375E+02
8.47500000000E+04	4.654357E-04	7.015823E+00
8.66187500000E+04	5.196992E-04	4.514018E+01
8.84875000000E+04	3.949278E-04	-1.043701E+01
9.03562500000E+04	3.123092E-04	-3.311932E+01
9.22250000000E+04	5.202286E-04	-5.965446E+01
9.40937500000E+04	3.033888E-04	6.271874E+00
9.59625000000E+04	7.482322E-04	-6.228587E+01
9.78312500000E+04	3.841329E-04	1.728256E+01
9.97000000000E+04	4.033515E-04	-1.258807E+02
1.01568750000E+05	3.449575E-04	-1.265260E+02
1.03437500000E+05	8.016715E-04	3.651262E+01
1.05306250000E+05	7.830583E-04	-9.017320E+00
1.07175000000E+05	1.091609E-04	-4.676897E+00
1.09043750000E+05	4.050207E-04	1.439236E+02
1.10912500000E+05	1.750825E-03	2.821367E+01
1.12781250000E+05	3.784419E-04	-7.527071E+01
1.14650000000E+05	3.610975E-04	8.733345E+01
1.16518750000E+05	3.137064E-04	1.535404E+02
1.18387500000E+05	4.601346E-04	-1.591504E+02
1.20256250000E+05	3.595185E-04	1.896162E+01
1.22125000000E+05	2.687992E-04	-1.142624E+01
1.23993750000E+05	3.369792E-04	-3.778447E+01
1.25862500000E+05	2.397268E-04	1.519702E+02
1.27731250000E+05	5.163421E-04	-1.742109E+02
1.29600000000E+05	4.441970E-04	3.857226E+01
1.31468750000E+05	4.140414E-04	8.947189E+01
1.33337500000E+05	4.774429E-04	-8.668177E+01
1.35206250000E+05	2.522834E-04	3.909602E+01
1.37075000000E+05	2.041835E-04	6.012696E+00
1.38943750000E+05	4.172184E-04	8.279913E+01
1.40812500000E+05	6.511602E-05	-2.490091E+01
1.42681250000E+05	8.446635E-04	-2.284533E+01
1.44550000000E+05	4.910488E-04	4.122510E+01
1.46418750000E+05	3.346445E-04	-5.042840E+01
1.48287500000E+05	2.124629E-04	-1.317787E+02
1.50156250000E+05	3.796298E-04	9.350138E+01
1.52025000000E+05	2.126667E-04	1.428454E+02
1.53893750000E+05	1.100700E-04	8.611878E+01
1.55762500000E+05	2.843305E-04	1.206882E+02
1.57631250000E+05	2.695479E-04	1.053670E+02
1.59500000000E+05	4.798780E-04	5.038382E+01
1.61368750000E+05	1.751436E-04	-3.664133E+01
1.63237500000E+05	8.164340E-04	4.853593E+01
1.65106250000E+05	7.427009E-04	5.367168E+01
1.66975000000E+05	3.583356E-04	6.368424E+01
1.68843750000E+05	1.206883E-04	2.644029E+01
1.70712500000E+05	4.232441E-04	-1.488453E+01
1.72581250000E+05	3.554769E-04	1.727155E+02
1.74450000000E+05	4.979525E-04	1.350735E+02
1.76318750000E+05	6.494570E-04	2.982574E+01
1.78187500000E+05	4.449323E-04	7.922911E+01
1.80056250000E+05	9.493920E-04	5.543140E+01
1.81925000000E+05	4.407632E-04	1.341505E+01
1.83793750000E+05	5.802756E-04	6.698702E+01
1.85662500000E+05	5.559624E-04	9.031883E+01
1.87531250000E+05	6.347096E-05	1.066238E+02
1.89400000000E+05	5.710626E-04	-2.586853E+01
1.91268750000E+05	5.402808E-04	1.094926E+02
1.93137500000E+05	4.364386E-04	5.504289E+01
1.95006250000E+05	6.037555E-04	-2.166651E+01
1.96875000000E+05	1.631130E-04	-1.707829E-01
1.98743750000E+05	4.102724E-04	4.384516E+01
2.00612500000E+05	7.399415E-04	1.204322E+02
2.02481250000E+05	5.574738E-05	-9.487142E+01
2.04350000000E+05	2.497052E-04	9.409697E+01
2.06218750000E+05	5.763245E-04	3.770567E+01
2.08087500000E+05	2.819737E-04	4.525787E+01
2.09956250000E+05	5.065629E-04	4.534013E+01
2.11825000000E+05	8.324867E-04	1.177857E+02
2.13693750000E+05	9.788076E-04	1.066726E+02
2.15562500000E+05	2.523342E-04	4.121724E+01
2.17431250000E+05	1.952905E-04	6.660860E+01
2.19300000000E+05	4.183392E-04	7.098766E+01
2.21168750000E+05	1.767897E-04	9.480820E+01
2.23037500000E+05	4.544942E-04	8.972727E+01
2.24906250000E+05	5.036424E-04	1.432322E+02
2.26775000000E+05	2.976540E-04	8.911320E+01
2.28643750000E+05	5.893470E-04	1.065166E+02
2.30512500000E+05	4.587817E-04	1.320278E+02
2.32381250000E+05	7.405218E-04	1.426739E+02
2.34250000000E+05	6.952363E-04	3.728980E+01
2.36118750000E+05	4.723657E-04	7.750293E+01
2.37987500000E+05	2.320972E-04	8.048852E+01
2.39856250000E+05	5.175529E-04	8.442310E+01
2.41725000000E+05	4.576648E-04	5.915142E+01
2.43593750000E+05	4.661977E-04	8.662054E+01
2.45462500000E+05	5.173997E-04	1.058579E+02
2.47331250000E+05	3.790240E-04	1.410560E+02
2.49200000000E+05	5.979785E-04	8.850978E+01
2.51068750000E+05	6.872204E-04	1.069782E+02
2.52937500000E+05	3.672704E-04	9.681658E+01
2.54806250000E+05	2.511771E-04	-1.542154E+02
2.56675000000E+05	6.059457E-04	9.090327E+01
2.58543750000E+05	5.028419E-04	1.046466E+02
2.60412500000E+05	6.146701E-04	7.062604E+01
2.62281250000E+05	4.608669E-04	8.294546E+01
2.64150000000E+05	2.571236E-04	1.073253E+02
2.66018750000E+05	5.378003E-04	1.362857E+02
2.67887500000E+05	4.382753E-04	1.026305E+02
2.69756250000E+05	5.663043E-04	3.789787E+01
2.71625000000E+05	7.389700E-04	1.036671E+02
2.73493750000E+05	6.267899E-04	8.073322E+01
2.75362500000E+05	6.468320E-04	6.608764E+01
2.77231250000E+05	3.657427E-04	1.451435E+02
2.79100000000E+05	6.637704E-04	6.845984E+01
2.80968750000E+05	2.441299E-04	1.206377E+02
2.82837500000E+05	6.179690E-04	8.627080E+01
2.84706250000E+05	5.420392E-04	9.660965E+01
2.86575000000E+05	7.402280E-04	1.077035E+02
2.88443750000E+05	5.286966E-04	8.964143E+01
2.90312500000E+05	5.483154E-04	4.730987E+01
2.92181250000E+05	4.320335E-04	9.854120E+01
2.94050000000E+05	4.838159E-04	9.945801E+01
2.95918750000E+05	4.513816E-04	8.699290E+01
2.97787500000E+05	4.395388E-04	1.007813E+02
2.99656250000E+05	6.614476E-04	1.005344E+02
3.01525000000E+05	6.124290E-04	8.662904E+01
3.03393750000E+05	6.519731E-04	7.172723E+01
3.05262500000E+05	4.936510E-04	7.242727E+01
3.07131250000E+05	6.214859E-04	6.106343E+01
3.09000000000E+05	5.170037E-04	6.123164E+01
3.10868750000E+05	7.507706E-04	9.049644E+01
3.12737500000E+05	4.382989E-04	1.088336E+02
3.14606250000E+05	5.820107E-04	8.098215E+01
3.16475000000E+05	8.062563E-04	9.816740E+01
3.18343750000E+05	5.763729E-04	1.040435E+02
3.20212500000E+05	3.751909E-04	1.021506E+02
3.22081250000E+05	5.560942E-04	8.144898E+01
3.23950000000E+05	5.343122E-04	1.147104E+02
3.25818750000E+05	5.030602E-04	1.169231E+02
3.27687500000E+05	5.260554E-04	8.136398E+01
3.29556250000E+05	6.169810E-04	8.838232E+01
3.31425000000E+05	5.720101E-04	7.814115E+01
3.33293750000E+05	2.732014E-04	1.179072E+02
3.35162500000E+05	5.287366E-04	6.425568E+01
3.37031250000E+05	6.245784E-04	9.362498E+01
3.38900000000E+05	5.788533E-04	7.720923E+01
3.40768750000E+05	6.479878E-04	8.654843E+01
3.42637500000E+05	8.378699E-04	7.330803E+01
3.44506250000E+05	5.937942E-04	1.162300E+02
3.46375000000E+05	6.466283E-04	7.963144E+01
3.48243750000E+05	6.585261E-04	7.351558E+01
3.50112500000E+05	4.622908E-04	8.540859E+01
3.51981250000E+05	5.687456E-04	1.102455E+02
3.53850000000E+05	5.688863E-04	7.520908E+01
3.55718750000E+05	5.957346E-04	7.166875E+01
3.57587500000E+05	5.507090E-04	7.236613E+01
3.59456250000E+05	6.195033E-04	8.371468E+01
3.61325000000E+05	6.028867E-04	8.182862E+01
3.63193750000E+05	4.396467E-04	7.041405E+01
3.65062500000E+05	6.931226E-04	9.063357E+01
3.66931250000E+05	5.362946E-04	7.168783E+01
3.68800000000E+05	6.392146E-04	9.867329E+01
3.70668750000E+05	6.648496E-04	7.701751E+01
3.72537500000E+05	5.540129E-04	8.778012E+01
3.74406250000E+05	5.744733E-04	1.064938E+02
3.76275000000E+05	7.747920E-04	1.009845E+02
3.78143750000E+05	7.039891E-04	7.419316E+01
3.80012500000E+05	6.368561E-04	8.244956E+01
3.81881250000E+05	6.568729E-04	1.078088E+02
3.83750000000E+05	6.783912E-04	9.758060E+01
3.85618750000E+05	6.406337E-04	9.518101E+01
3.87487500000E+05	6.025060E-04	8.413206E+01
3.89356250000E+05	6.097401E-04	7.790800E+01
3.91225000000E+05	6.207834E-04	9.784386E+01
3.93093750000E+05	7.156215E-04	8.208525E+01
3.94962500000E+05	6.309994E-04	7.747972E+01
3.96831250000E+05	7.980647E-04	8.051302E+01
3.98700000000E+05	5.845932E-04	8.676817E+01
4.00568750000E+05	7.320782E-04	8.963570E+01
4.02437500000E+05	7.954184E-04	1.019347E+02
4.04306250000E+05	6.761847E-04	9.376759E+01
4.06175000000E+05	5.484740E-04	9.348363E+01
4.08043750000E+05	7.426703E-04	9.481278E+01
4.09912500000E+05	8.773314E-04	8.762426E+01
4.11781250000E+05	8.687283E-04	8.058434E+01
4.13650000000E+05	5.633970E-04	8.256647E+01
4.15518750000E+05	6.995344E-04	8.934438E+01
4.17387500000E+05	5.897712E-04	1.072390E+02
4.19256250000E+05	5.523819E-04	9.759705E+01
4.21125000000E+05	6.927291E-04	9.364200E+01
4.22993750000E+05	7.922112E-04	8.524939E+01
4.24862500000E+05	6.121180E-04	6.959586E+01
4.26731250000E+05	7.963675E-04	7.817366E+01
4.28600000000E+05	7.111686E-04	1.068706E+02
4.30468750000E+05	7.345213E-04	6.435275E+01
4.32337500000E+05	7.316120E-04	9.452137E+01
4.34206250000E+05	7.759495E-04	8.506306E+01
4.36075000000E+05	7.048992E-04	8.701920E+01
4.37943750000E+05	8.607868E-04	8.427881E+01
4.39812500000E+05	6.378358E-04	8.297324E+01
4.41681250000E+05	8.084470E-04	9.150941E+01
4.43550000000E+05	6.550230E-04	9.217648E+01
4.45418750000E+05	6.745494E-04	9.496411E+01
4.47287500000E+05	7.604868E-04	8.413311E+01
4.49156250000E+05	8.308608E-04	7.070194E+01
4.51025000000E+05	7.267166E-04	7.688612E+01
4.52893750000E+05	7.377797E-04	1.012461E+02
4.54762500000E+05	7.617745E-04	8.139153E+01
4.56631250000E+05	6.492072E-04	9.676383E+01
4.58500000000E+05	5.099113E-04	8.904988E+01
4.60368750000E+05	7.270551E-04	9.185250E+01
4.62237500000E+05	6.829359E-04	9.272291E+01
4.64106250000E+05	7.697312E-04	7.685027E+01
4.65975000000E+05	8.191566E-04	7.482914E+01
4.67843750000E+05	8.504409E-04	8.034037E+01
4.69712500000E+05	5.973323E-04	9.202473E+01
4.71581250000E+05	6.824432E-04	7.841576E+01
4.73450000000E+05	6.573907E-04	8.391361E+01
4.75318750000E+05	6.987634E-04	8.747481E+01
4.77187500000E+05	7.793989E-04	8.524573E+01
4.79056250000E+05	9.566721E-04	8.758347E+01
4.80925000000E+05	7.498726E-04	9.392085E+01
4.82793750000E+05	8.140928E-04	8.861958E+01
4.84662500000E+05	9.022029E-04	9.054826E+01
4.86531250000E+05	8.232868E-04	8.216652E+01
4.88400000000E+05	8.162903E-04	9.491584E+01
4.90268750000E+05	8.347917E-04	9.041051E+01
4.92137500000E+05	9.098420E-04	8.132738E+01
4.94006250000E+05	8.362334E-04	8.812849E+01
4.95875000000E+05	7.693620E-04	8.039989E+01
4.97743750000E+05	7.780688E-04	9.349747E+01
4.99612500000E+05	7.506161E-04	8.644041E+01
5.01481250000E+05	8.309398E-04	8.826603E+01
5.03350000000E+05	9.450712E-04	7.689728E+01
5.05218750000E+05	8.017318E-04	9.098430E+01
5.07087500000E+05	8.991237E-04	9.987001E+01
5.08956250000E+05	9.288094E-04	8.375529E+01
5.10825000000E+05	6.524853E-04	1.034884E+02
5.12693750000E+05	8.114615E-04	8.319897E+01
5.14562500000E+05	8.369671E-04	7.883967E+01
5.16431250000E+05	7.908272E-04	8.681097E+01
5.18300000000E+05	9.396391E-04	8.154087E+01
5.20168750000E+05	8.562003E-04	8.366367E+01
5.22037500000E+05	8.826919E-04	9.071742E+01
5.23906250000E+05	9.190288E-04	8.760696E+01
5.25775000000E+05	1.014987E-03	8.595030E+01
5.27643750000E+05	9.631694E-04	8.235958E+01
5.29512500000E+05	1.075382E-03	9.410534E+01
5.31381250000E+05	9.368615E-04	8.929001E+01
5.33250000000E+05	6.519281E-04	7.578342E+01
5.35118750000E+05	9.340855E-04	8.624546E+01
5.36987500000E+05	9.512880E-04	7.900217E+01
5.38856250000E+05	9.432823E-04	8.691888E+01
5.40725000000E+05	1.030697E-03	7.508211E+01
5.42593750000E+05	9.953547E-04	9.125201E+01
5.44462500000E+05	8.706973E-04	8.623901E+01
5.46331250000E+05	8.099757E-04	8.487418E+01
5.48200000000E+05	9.253867E-04	8.349438E+01
5.50068750000E+05	9.038908E-04	8.316518E+01
5.51937500000E+05	9.199253E-04	8.694335E+01
5.53806250000E+05	1.052437E-03	8.289928E+01
5.55675000000E+05	1.252554E-03	9.043389E+01
5.57543750000E+05	9.109363E-04	9.571935E+01
5.59412500000E+05	8.235230E-04	7.247204E+01
5.61281250000E+05	7.868976E-04	8.912296E+01
5.63150000000E+05	9.290533E-04	8.873101E+01
5.65018750000E+05	1.017485E-03	8.118044E+01
5.66887500000E+05	9.942746E-04	7.322267E+01
5.68756250000E+05	1.038282E-03	8.378342E+01
5.70625000000E+05	8.428136E-04	9.004105E+01
5.72493750000E+05	7.444182E-04	8.216272E+01
5.74362500000E+05	9.807758E-04	8.861052E+01
5.76231250000E+05	7.977365E-04	8.299759E+01
5.78100000000E+05	8.018906E-04	9.397028E+01
5.79968750000E+05	8.793410E-04	8.231636E+01
5.81837500000E+05	8.522816E-04	7.582463E+01
5.83706250000E+05	9.986804E-04	8.719090E+01
5.85575000000E+05	1.002580E-03	8.309169E+01
5.87443750000E+05	9.531978E-04	8.355160E+01
5.89312500000E+05	9.924545E-04	8.886356E+01
5.91181250000E+05	9.485932E-04	8.619469E+01
5.93050000000E+05	8.853017E-04	9.279462E+01
5.94918750000E+05	9.562749E-04	8.341622E+01
5.96787500000E+05	1.329744E-03	8.931347E+01
5.98656250000E+05	1.036413E-03	9.615668E+01
6.00525000000E+05	9.956916E-04	8.304887E+01
6.02393750000E+05	1.151458E-03	6.809104E+01
6.04262500000E+05	1.041745E-03	8.175472E+01
6.06131250000E+05	9.300336E-04	7.648792E+01
6.08000000000E+05	1.120822E-03	9.117638E+01
6.09868750000E+05	9.062618E-04	8.295585E+01
6.11737500000E+05	1.092136E-03	8.138596E+01
6.13606250000E+05	9.147397E-04	8.222391E+01
6.15475000000E+05	1.150796E-03	7.906360E+01
6.17343750000E+05	1.002996E-03	9.900242E+01
6.19212500000E+05	9.230198E-04	9.634695E+01
6.21081250000E+05	1.128474E-03	7.915777E+01
6.22950000000E+05	1.131012E-03	9.487827E+01
6.24818750000E+05	9.442340E-04	7.869246E+01
6.26687500000E+05	9.248008E-04	9.186734E+01
6.28556250000E+05	1.031317E-03	8.930467E+01
6.30425000000E+05	1.240782E-03	8.957044E+01
6.32293750000E+05	1.010712E-03	9.054561E+01
6.34162500000E+05	8.212717E-04	8.055231E+01
6.36031250000E+05	1.098676E-03	8.309333E+01
6.37900000000E+05	1.180085E-03	8.250767E+01
6.39768750000E+05	9.699264E-04	9.281828E+01
6.41637500000E+05	9.472489E-04	7.355333E+01
6.43506250000E+05	1.192342E-03	8.742637E+01
6.45375000000E+05	9.511925E-04	8.911037E+01
6.47243750000E+05	9.671625E-04	9.201546E+01
6.49112500000E+05	1.092415E-03	8.713584E+01
6.50981250000E+05	1.100251E-03	8.378631E+01
6.52850000000E+05	1.213162E-03	8.066623E+01
6.54718750000E+05	7.940829E-04	9.457317E+01
6.56587500000E+05	1.144456E-03	9.485894E+01
6.58456250000E+05	1.046267E-03	7.947616E+01
6.60325000000E+05	1.193388E-03	7.236503E+01
6.62193750000E+05	1.111187E-03	7.087144E+01
6.64062500000E+05	1.070000E-03	8.749313E+01
6.65931250000E+05	1.132389E-03	8.265378E+01
6.67800000000E+05	9.312672E-04	7.739873E+01
6.69668750000E+05	1.189574E-03	9.682841E+01
6.71537500000E+05	9.886078E-04	7.555975E+01
6.73406250000E+05	1.135211E-03	7.130053E+01
6.75275000000E+05	1.004715E-03	7.963999E+01
6.77143750000E+05	1.089184E-03	8.823168E+01
6.79012500000E+05	1.334036E-03	8.776627E+01
6.80881250000E+05	1.093932E-03	8.656535E+01
6.82750000000E+05	1.191886E-03	1.015946E+02
6.84618750000E+05	1.178518E-03	7.931860E+01
6.86487500000E+05	1.188566E-03	8.726794E+01
6.88356250000E+05	1.062565E-03	1.039219E+02
6.90225000000E+05	1.059800E-03	7.942472E+01
6.92093750000E+05	1.001728E-03	7.777035E+01
6.93962500000E+05	1.264884E-03	9.276244E+01
6.95831250000E+05	1.035642E-03	8.100182E+01
6.97700000000E+05	1.042148E-03	9.467310E+01
6.99568750000E+05	1.096938E-03	7.896719E+01
7.01437500000E+05	1.057442E-03	8.399769E+01
7.03306250000E+05	1.177416E-03	9.429348E+01
7.05175000000E+05	9.770406E-04	7.965101E+01
7.07043750000E+05	1.126558E-03	7.781099E+01
7.08912500000E+05	1.348025E-03	9.012843E+01
7.10781250000E+05	1.168585E-03	7.924595E+01
7.12650000000E+05	1.322917E-03	8.434052E+01
7.14518750000E+05	1.291215E-03	9.229186E+01
7.16387500000E+05	9.125394E-04	7.607442E+01
7.18256250000E+05	1.390287E-03	1.028567E+02
7.20125000000E+05	1.135109E-03	8.039364E+01
7.21993750000E+05	1.132055E-03	7.264092E+01
7.23862500000E+05	1.467941E-03	9.338433E+01
7.25731250000E+05	1.068847E-03	8.946891E+01
7.27600000000E+05	9.364391E-04	1.034649E+02
7.29468750000E+05	1.095314E-03	8.547576E+01
7.31337500000E+05	1.268058E-03	8.382066E+01
7.33206250000E+05	1.063199E-03	8.471839E+01
7.35075000000E+05	1.092868E-03	8.253037E+01
7.36943750000E+05	1.273269E-03	8.526973E+01
7.38812500000E+05	1.122263E-03	9.033133E+01
7.40681250000E+05	1.341315E-03	8.627159E+01
7.42550000000E+05	1.213312E-03	8.469862E+01
7.44418750000E+05	1.075453E-03	8.743230E+01
7.46287500000E+05	9.021364E-04	9.156898E+01
7.48156250000E+05	1.003003E-03	6.961127E+01
7.50025000000E+05	1.231227E-03	8.376387E+01
7.51893750000E+05	1.329073E-03	8.683525E+01
7.53762500000E+05	1.018564E-03	9.680014E+01
7.55631250000E+05	1.248630E-03	9.157841E+01
7.57500000000E+05	1.341326E-03	9.755570E+01
7.59368750000E+05	1.265284E-03	8.259357E+01
7.61237500000E+05	1.207997E-03	8.513678E+01
7.63106250000E+05	1.308473E-03	8.319099E+01
7.64975000000E+05	1.201441E-03	9.009494E+01
7.66843750000E+05	1.405573E-03	7.624556E+01
7.68712500000E+05	1.378003E-03	7.918011E+01
7.70581250000E+05	1.355428E-03	8.809300E+01
7.72450000000E+05	1.238549E-03	8.042201E+01
7.74318750000E+05	1.134550E-03	9.072370E+01
7.76187500000E+05	1.287007E-03	8.516307E+01
7.78056250000E+05	1.341951E-03	8.555146E+01
7.79925000000E+05	1.532446E-03	8.271376E+01
7.81793750000E+05	1.347092E-03	8.792936E+01
7.83662500000E+05	1.206650E-03	7.218849E+01
7.85531250000E+05	1.442566E-03	9.238660E+01
7.87400000000E+05	1.295596E-03	7.805401E+01
7.89268750000E+05	1.199122E-03	8.386322E+01
7.91137500000E+05	1.270836E-03	7.217506E+01
7.93006250000E+05	1.389693E-03	8.386523E+01
7.94875000000E+05	1.248292E-03	9.603080E+01
7.96743750000E+05	1.451914E-03	7.949940E+01
7.98612500000E+05	1.235434E-03	7.938973E+01
8.00481250000E+05	1.297760E-03	7.921821E+01
8.02350000000E+05	1.635017E-03	8.295037E+01
8.04218750000E+05	1.049299E-03	8.494202E+01
8.06087500000E+05	1.412811E-03	7.597261E+01
8.07956250000E+05	1.212253E-03	8.583185E+01
8.09825000000E+05	1.306446E-03	8.173721E+01
8.11693750000E+05	1.152852E-03	8.601173E+01
8.13562500000E+05	1.353000E-03	7.324590E+01
8.15431250000E+05	1.175985E-03	8.292088E+01
8.17300000000E+05	1.332540E-03	6.876382E+01
8.19168750000E+05	9.061349E-04	9.702908E+01
8.21037500000E+05	1.218241E-03	8.231509E+01
8.22906250000E+05	1.624214E-03	7.885704E+01
8.24775000000E+05	1.390770E-03	8.651792E+01
8.26643750000E+05	1.070738E-03	8.294849E+01
8.28512500000E+05	1.149453E-03	8.711400E+01
8.30381250000E+05	1.631077E-03	9.283987E+01
8.32250000000E+05	1.112231E-03	8.938193E+01
8.34118750000E+05	1.349291E-03	8.925845E+01
8.35987500000E+05	1.389106E-03	7.757224E+01
8.37856250000E+05	1.354208E-03	8.662341E+01
8.39725000000E+05	1.357803E-03	8.114314E+01
8.41593750000E+05	1.305395E-03	7.339881E+01
8.43462500000E+05	1.354953E-03	8.198293E+01
8.45331250000E+05	1.483759E-03	7.359100E+01
8.47200000000E+05	1.506666E-03	8.867966E+01
8.49068750000E+05	1.388063E-03	9.767524E+01
8.50937500000E+05	1.316303E-03	7.579333E+01
8.52806250000E+05	1.381821E-03	7.635697E+01
8.54675000000E+05	1.668190E-03	9.154446E+01
8.56543750000E+05	1.317230E-03	8.951782E+01
8.58412500000E+05	1.344727E-03	9.276246E+01
8.60281250000E+05	1.373262E-03	8.162969E+01
8.62150000000E+05	1.529782E-03	8.065575E+01
8.64018750000E+05	1.386931E-03	9.159963E+01
8.65887500000E+05	1.194040E-03	9.262705E+01
8.67756250000E+05	1.094911E-03	7.388868E+01
8.69625000000E+05	1.239511E-03	8.446893E+01
8.71493750000E+05	1.380638E-03	8.083254E+01
8.73362500000E+05	1.620318E-03	9.321925E+01
8.75231250000E+05	1.507414E-03	7.704922E+01
8.77100000000E+05	1.716835E-03	8.284403E+01
8.78968750000E+05	1.300275E-03	6.934299E+01
8.80837500000E+05	1.180660E-03	8.980077E+01
8.82706250000E+05	1.573851E-03	8.745356E+01
8.84575000000E+05	1.489649E-03	8.790442E+01
8.86443750000E+05	1.622098E-03	8.050167E+01
8.88312500000E+05	1.531661E-03	9.054912E+01
8.90181250000E+05	1.340126E-03	8.349428E+01
8.92050000000E+05	1.314099E-03	8.104451E+01
8.93918750000E+05	1.483894E-03	9.201269E+01
8.95787500000E+05	1.739749E-03	8.619917E+01
8.97656250000E+05	1.587769E-03	8.594305E+01
8.99525000000E+05	1.693947E-03	7.976937E+01
9.01393750000E+05	1.292554E-03	9.593076E+01
9.03262500000E+05	1.545900E-03	7.779951E+01
9.05131250000E+05	1.403490E-03	8.317822E+01
9.07000000000E+05	1.620176E-03	8.355647E+01
9.08868750000E+05	1.501606E-03	7.420460E+01
9.10737500000E+05	1.687826E-03	8.723283E+01
9.12606250000E+05	1.368620E-03	7.596680E+01
9.14475000000E+05	1.380635E-03	7.689419E+01
9.16343750000E+05	1.524005E-03	8.439544E+01
9.18212500000E+05	1.561492E-03	7.934585E+01
9.20081250000E+05	1.477935E-03	9.260815E+01
9.21950000000E+05	1.867417E-03	8.731655E+01
9.23818750000E+05	1.424773E-03	7.565936E+01
9.25687500000E+05	1.651744E-03	7.909298E+01
9.27556250000E+05	1.579127E-03	8.284172E+01
9.29425000000E+05	1.590371E-03	7.355554E+01
9.31293750000E+05	1.651395E-03	8.747461E+01
9.33162500000E+05	1.671053E-03	9.489944E+01
9.35031250000E+05	1.171786E-03	7.212234E+01
9.36900000000E+05	1.402507E-03	7.648748E+01
9.38768750000E+05	1.677077E-03	9.146413E+01
9.40637500000E+05	1.926403E-03	8.424149E+01
9.42506250000E+05	1.406864E-03	7.443460E+01
9.44375000000E+05	1.484470E-03	9.262134E+01
9.46243750000E+05	1.396608E-03	8.475206E+01
9.48112500000E+05	1.633241E-03	8.771252E+01
9.49981250000E+05	1.562696E-03	8.853265E+01
9.51850000000E+05	1.828935E-03	7.992486E+01
9.53718750000E+05	1.527943E-03	8.490553E+01
9.55587500000E+05	1.292334E-03	7.139217E+01
9.57456250000E+05	1.562658E-03	8.250679E+01
9.59325000000E+05	1.338082E-03	7.630091E+01
9.61193750000E+05	1.444889E-03	9.507436E+01
9.63062500000E+05	1.573924E-03	8.140686E+01
9.64931250000E+05	1.615908E-03	7.564171E+01
9.66800000000E+05	1.765831E-03	8.344782E+01
9.68668750000E+05	1.680593E-03	8.251482E+01
9.70537500000E+05	1.329477E-03	8.680133E+01
9.72406250000E+05	1.761323E-03	7.327256E+01
9.74275000000E+05	1.423670E-03	9.500066E+01
9.76143750000E+05	1.726064E-03	7.796533E+01
9.78012500000E+05	1.617952E-03	8.362155E+01
9.79881250000E+05	1.752304E-03	9.091395E+01
9.81750000000E+05	1.876123E-03	8.723443E+01
9.83618750000E+05	1.429671E-03	7.511095E+01
9.85487500000E+05	1.369944E-03	7.623263E+01
9.87356250000E+05	1.491686E-03	7.846019E+01
9.89225000000E+05	1.788030E-03	8.452742E+01
9.91093750000E+05	1.475577E-03	8.808610E+01
9.92962500000E+05	1.733981E-03	8.037439E+01
9.94831250000E+05	1.626839E-03	8.924026E+01
9.96700000000E+05	1.303715E-03	8.312821E+01
9.98568750000E+05	1.800920E-03	8.282382E+01
1.00043750000E+06	1.912542E-03	8.738522E+01
1.00230625000E+06	1.539880E-03	9.009256E+01
1.00417500000E+06	1.504206E-03	8.125241E+01
1.00604375000E+06	1.778468E-03	7.741650E+01
1.00791250000E+06	1.507962E-03	8.701181E+01
1.00978125000E+06	1.470291E-03	7.586312E+01
1.01165000000E+06	1.684211E-03	7.868812E+01
1.01351875000E+06	1.684791E-03	8.481208E+01
1.01538750000E+06	1.344598E-03	9.070892E+01
1.01725625000E+06	1.772964E-03	8.632892E+01
1.01912500000E+06	1.785313E-03	8.466936E+01
1.02099375000E+06	1.798621E-03	7.932814E+01
1.02286250000E+06	1.811910E-03	8.818982E+01
1.02473125000E+06	1.862335E-03	8.835590E+01
1.02660000000E+06	1.621187E-03	7.745113E+01
1.02846875000E+06	1.689252E-03	8.125410E+01
1.03033750000E+06	1.987237E-03	8.728088E+01
1.03220625000E+06	1.669546E-03	8.087939E+01
1.03407500000E+06	1.877946E-03	8.450581E+01
1.03594375000E+06	1.809467E-03	8.821103E+01
1.03781250000E+06	1.678284E-03	8.452838E+01
1.03968125000E+06	1.242399E-03	6.845953E+01
1.04155000000E+06	1.478092E-03	8.028963E+01
1.04341875000E+06	1.404094E-03	7.606711E+01
1.04528750000E+06	1.662499E-03	8.864410E+01
1.04715625000E+06	1.828144E-03	8.436971E+01
1.04902500000E+06	1.471746E-03	7.873540E+01
1.05089375000E+06	1.427623E-03	7.152965E+01
1.05276250000E+06	1.808219E-03	8.251933E+01
1.05463125000E+06	1.455415E-03	7.264900E+01
1.05650000000E+06	1.612225E-03	7.686892E+01
1.05836875000E+06	1.917319E-03	7.946503E+01
1.06023750000E+06	1.877949E-03	8.482947E+01
1.06210625000E+06	1.798119E-03	9.193838E+01
1.06397500000E+06	1.574592E-03	6.725545E+01
1.06584375000E+06	1.538192E-03	8.902388E+01
1.06771250000E+06	1.822246E-03	7.841837E+01
1.06958125000E+06	1.754444E-03	8.582024E+01
1.07145000000E+06	1.773602E-03	8.968662E+01
1.07331875000E+06	1.655935E-03	9.140492E+01
1.07518750000E+06	1.873273E-03	7.246853E+01
1.07705625000E+06	1.791334E-03	8.708159E+01
1.07892500000E+06	2.083893E-03	7.853192E+01
1.08079375000E+06	1.614422E-03	7.516383E+01
1.08266250000E+06	1.865939E-03	8.765202E+01
1.08453125000E+06	1.579302E-03	8.651775E+01
1.08640000000E+06	1.659434E-03	8.430318E+01
1.08826875000E+06	1.545872E-03	8.567149E+01
1.09013750000E+06	1.734073E-03	8.032996E+01
1.09200625000E+06	1.919063E-03	8.061194E+01
1.09387500000E+06	1.734650E-03	7.914814E+01
1.09574375000E+06	1.633415E-03	7.914153E+01
1.09761250000E+06	1.858164E-03	8.033750E+01
1.09948125000E+06	1.594872E-03	9.325803E+01
1.10135000000E+06	1.961867E-03	8.886908E+01
1.10321875000E+06	1.737273E-03	8.342612E+01
1.10508750000E+06	2.068019E-03	9.454657E+01
1.10695625000E+06	1.689111E-03	8.201021E+01
1.10882500000E+06	1.819274E-03	8.963840E+01
1.11069375000E+06	1.680415E-03	8.245097E+01
1.11256250000E+06	1.670030E-03	8.929189E+01
1.11443125000E+06	1.617334E-03	9.745517E+01
1.11630000000E+06	1.748525E-03	8.501782E+01
1.11816875000E+06	2.158748E-03	8.743149E+01
1.12003750000E+06	1.660639E-03	8.903587E+01
1.12190625000E+06	2.020344E-03	8.225929E+01
1.12377500000E+06	2.178496E-03	8.078564E+01
1.12564375000E+06	1.370920E-03	8.031315E+01
1.12751250000E+06	1.979453E-03	7.361493E+01
1.12938125000E+06	1.953057E-03	8.416431E+01
1.13125000000E+06	2.004943E-03	7.609569E+01
1.13311875000E+06	1.949183E-03	7.715076E+01
1.13498750000E+06	2.118964E-03	7.638774E+01
1.13685625000E+06	1.693208E-03	8.021198E+01
1.13872500000E+06	1.762597E-03	7.814645E+01
1.14059375000E+06	1.398776E-03	9.201412E+01
1.14246250000E+06	2.078093E-03	8.642603E+01
1.14433125000E+06	1.898634E-03	8.371458E+01
1.14620000000E+06	1.779576E-03	8.785399E+01
1.14806875000E+06	1.931897E-03	7.974850E+01
1.14993750000E+06	1.860457E-03	8.434612E+01
1.15180625000E+06	1.954464E-03	7.688216E+01
1.15367500000E+06	1.836618E-03	8.222270E+01
1.15554375000E+06	1.856623E-03	8.917313E+01
1.15741250000E+06	1.839787E-03	8.086005E+01
1.15928125000E+06	1.859640E-03	8.450803E+01
1.16115000000E+06	1.706909E-03	7.963887E+01
1.16301875000E+06	1.567802E-03	8.173470E+01
1.16488750000E+06	2.073865E-03	8.093885E+01
1.16675625000E+06	2.062241E-03	7.746852E+01
1.16862500000E+06	1.815018E-03	8.104655E+01
1.17049375000E+06	1.950531E-03	8.013755E+01
1.17236250000E+06	2.246446E-03	8.467829E+01
1.17423125000E+06	2.022748E-03	8.112083E+01
1.17610000000E+06	1.825101E-03	8.376176E+01
1.17796875000E+06	1.986545E-03	8.206721E+01
1.17983750000E+06	1.853943E-03	7.927860E+01
1.18170625000E+06	1.962841E-03	7.648273E+01
1.18357500000E+06	1.715442E-03	8.213116E+01
1.18544375000E+06	1.781161E-03	9.111867E+01
1.18731250000E+06	1.863132E-03	8.125009E+01
1.18918125000E+06	2.128900E-03	7.857722E+01
1.19105000000E+06	2.078676E-03	7.199438E+01
1.19291875000E+06	1.824514E-03	8.369299E+01
1.19478750000E+06	1.934271E-03	8.317987E+01
1.19665625000E+06	2.193292E-03	8.316759E+01
1.19852500000E+06	1.949804E-03	8.074809E+01
1.20039375000E+06	1.932788E-03	7.169513E+01
1.20226250000E+06	2.337645E-03	7.066786E+01
1.20413125000E+06	1.752787E-03	8.153753E+01
1.20600000000E+06	1.831984E-03	8.391370E+01
1.20786875000E+06	1.936185E-03	9.108891E+01
1.20973750000E+06	2.257375E-03	8.435234E+01
1.21160625000E+06	1.806559E-03	8.406600E+01
1.21347500000E+06	1.925303E-03	8.158059E+01
1.21534375000E+06	2.162585E-03	8.132513E+01
1.21721250000E+06	1.937852E-03	7.544312E+01
1.21908125000E+06	1.947100E-03	7.789037E+01
1.22095000000E+06	1.941934E-03	8.228465E+01
1.22281875000E+06	1.966512E-03	7.680371E+01
1.22468750000E+06	2.231805E-03	8.204763E+01
1.22655625000E+06	1.988807E-03	7.673110E+01
1.22842500000E+06	1.572110E-03	9.249475E+01
1.23029375000E+06	1.997879E-03	8.312830E+01
1.23216250000E+06	1.763567E-03	9.209071E+01
1.23403125000E+06	2.146002E-03	8.355402E+01
1.23590000000E+06	1.918649E-03	7.871915E+01
1.23776875000E+06	1.881732E-03	8.365008E+01
1.23963750000E+06	1.844013E-03	8.199739E+01
1.24150625000E+06	1.951897E-03	8.452115E+01
1.24337500000E+06	2.018495E-03	8.203267E+01
1.24524375000E+06	1.865945E-03	8.252136E+01
1.24711250000E+06	2.023589E-03	8.323067E+01
1.24898125000E+06	2.042139E-03	8.871089E+01
1.25085000000E+06	1.855029E-03	8.570372E+01
1.25271875000E+06	2.071253E-03	7.015525E+01
1.25458750000E+06	2.315250E-03	8.066698E+01
1.25645625000E+06	2.090492E-03	8.929287E+01
1.25832500000E+06	1.873747E-03	7.751659E+01
1.26019375000E+06	1.969887E-03	7.851006E+01
1.26206250000E+06	1.957812E-03	7.484973E+01
1.26393125000E+06	2.140373E-03	8.420457E+01
1.26580000000E+06	1.822856E-03	7.426144E+01
1.26766875000E+06	2.307149E-03	8.062319E+01
1.26953750000E+06	1.821018E-03	7.554160E+01
1.27140625000E+06	2.411096E-03	7.988563E+01
1.27327500000E+06	2.085970E-03	7.527927E+01
1.27514375000E+06	2.143695E-03	9.438097E+01
1.27701250000E+06	2.036593E-03	8.453501E+01
1.27888125000E+06	1.892291E-03	8.684931E+01
1.28075000000E+06	2.120091E-03	7.825621E+01
1.28261875000E+06	1.923020E-03	7.414769E+01
1.28448750000E+06	1.916849E-03	9.015981E+01
1.28635625000E+06	2.077806E-03	8.324429E+01
1.28822500000E+06	2.272108E-03	7.683450E+01
1.29009375000E+06	2.092555E-03	8.310711E+01
1.29196250000E+06	1.998563E-03	7.662936E+01
1.29383125000E+06	1.845628E-03	7.953451E+01
1.29570000000E+06	1.956200E-03	9.004852E+01
1.29756875000E+06	2.069475E-03	8.111246E+01
1.29943750000E+06	1.958938E-03	8.124001E+01
1.30130625000E+06	1.952790E-03	8.577719E+01
1.30317500000E+06	1.845418E-03	7.969363E+01
1.30504375000E+06	1.959244E-03	8.170871E+01
1.30691250000E+06	2.275687E-03	8.193858E+01
1.30878125000E+06	2.230800E-03	7.415195E+01
1.31065000000E+06	2.011300E-03	8.193510E+01
1.31251875000E+06	1.898968E-03	7.796191E+01
1.31438750000E+06	2.165647E-03	7.982517E+01
1.31625625000E+06	2.137665E-03	8.651603E+01
1.31812500000E+06	2.137810E-03	7.750587E+01
1.31999375000E+06	2.391852E-03	7.958606E+01
1.32186250000E+06	1.784376E-03	8.380751E+01
1.32373125000E+06	2.270850E-03	7.910530E+01
1.32560000000E+06	1.993964E-03	9.040572E+01
1.32746875000E+06	2.276842E-03	7.957034E+01
1.32933750000E+06	1.843677E-03	7.852303E+01
1.33120625000E+06	1.999735E-03	8.398235E+01
1.33307500000E+06	2.383383E-03	7.734789E+01
1.33494375000E+06	2.186050E-03	7.623199E+01
1.33681250000E+06	2.028416E-03	7.695118E+01
1.33868125000E+06	1.940231E-03	8.471331E+01
1.34055000000E+06	2.295869E-03	7.663630E+01
1.34241875000E+06	2.040104E-03	7.070719E+01
1.34428750000E+06	1.961837E-03	6.720129E+01
1.34615625000E+06	2.017682E-03	7.481401E+01
1.34802500000E+06	2.442129E-03	8.511698E+01
1.34989375000E+06	1.979147E-03	6.923680E+01
1.35176250000E+06	2.108240E-03	8.217803E+01
1.35363125000E+06	2.073723E-03	8.237450E+01
1.35550000000E+06	2.016246E-03	7.785294E+01
1.35736875000E+06	2.185516E-03	8.696427E+01
1.35923750000E+06	2.099257E-03	7.262054E+01
1.36110625000E+06	2.194210E-03	7.968557E+01
1.36297500000E+06	2.538348E-03	7.894665E+01
1.36484375000E+06	1.871894E-03	7.750892E+01
1.36671250000E+06	2.068173E-03	8.152362E+01
1.36858125000E+06	2.217998E-03	8.188509E+01
1.37045000000E+06	2.041875E-03	8.414481E+01
1.37231875000E+06	2.464655E-03	8.401356E+01
1.37418750000E+06	2.090543E-03	8.019743E+01
1.37605625000E+06	2.096371E-03	8.202495E+01
1.37792500000E+06	2.376304E-03	7.921244E+01
1.37979375000E+06	2.220016E-03	8.171262E+01
1.38166250000E+06	2.109675E-03	8.529343E+01
1.38353125000E+06	2.330300E-03	7.905621E+01
1.38540000000E+06	2.222654E-03	7.245166E+01
1.38726875000E+06	2.103086E-03	7.999438E+01
1.38913750000E+06	2.010958E-03	8.251505E+01
1.39100625000E+06	1.977707E-03	7.479167E+01
1.39287500000E+06	1.872612E-03	7.457121E+01
1.39474375000E+06	1.949881E-03	7.903905E+01
1.39661250000E+06	1.884268E-03	7.287217E+01
1.39848125000E+06	2.229638E-03	7.271127E+01
1.40035000000E+06	2.284217E-03	6.790061E+01
1.40221875000E+06	2.071446E-03	7.508568E+01
1.40408750000E+06	2.135276E-03	7.776703E+01
1.40595625000E+06	2.396456E-03	8.595574E+01
1.40782500000E+06	1.903643E-03	7.253719E+01
1.40969375000E+06	2.174925E-03	7.242144E+01
1.41156250000E+06	2.126674E-03	7.978838E+01
1.41343125000E+06	2.266592E-03	7.841566E+01
1.41530000000E+06	2.291403E-03	8.003186E+01
1.41716875000E+06	1.984944E-03	7.564394E+01
1.41903750000E+06	2.131366E-03	8.216423E+01
1.42090625000E+06	2.190051E-03	7.313862E+01
1.42277500000E+06	2.303956E-03	7.982033E+01
1.42464375000E+06	2.137095E-03	8.779370E+01
1.42651250000E+06	1.988834E-03	8.246800E+01
1.42838125000E+06	2.246920E-03	8.555399E+01
1.43025000000E+06	2.471745E-03	7.720669E+01
1.43211875000E+06	2.267061E-03	7.380063E+01
1.43398750000E+06	2.119305E-03	8.128732E+01
1.43585625000E+06	2.393420E-03	8.922598E+01
1.43772500000E+06	2.403925E-03	7.613506E+01
1.43959375000E+06	2.075359E-03	9.699398E+01
1.44146250000E+06	1.911471E-03	7.582307E+01
1.44333125000E+06	2.423723E-03	6.879325E+01
1.44520000000E+06	1.921910E-03	8.721786E+01
1.44706875000E+06	2.033205E-03	8.801440E+01
1.44893750000E+06	1.772571E-03	7.802457E+01
1.45080625000E+06	2.306864E-03	8.439857E+01
1.45267500000E+06	2.144876E-03	8.860753E+01
1.45454375000E+06	2.183877E-03	8.149332E+01
1.45641250000E+06	2.272609E-03	9.271173E+01
1.45828125000E+06	2.356028E-03	8.392974E+01
1.46015000000E+06	2.418806E-03	7.487933E+01
1.46201875000E+06	2.513606E-03	6.886495E+01
1.46388750000E+06	2.110088E-03	8.744220E+01
1.46575625000E+06	2.165269E-03	7.485520E+01
1.46762500000E+06	2.093198E-03	7.301897E+01
1.46949375000E+06	2.383057E-03	7.976129E+01
1.47136250000E+06	2.327028E-03	7.392919E+01
1.47323125000E+06	2.516826E-03	7.386631E+01
1.47510000000E+06	2.423507E-03	7.869263E+01
1.47696875000E+06	1.906315E-03	7.596953E+01
1.47883750000E+06	2.165999E-03	8.364522E+01
1.48070625000E+06	2.306713E-03	8.390154E+01
1.48257500000E+06	2.587247E-03	8.530775E+01
1.48444375000E+06	2.470834E-03	8.467773E+01
1.48631250000E+06	2.234871E-03	7.779025E+01
1.48818125000E+06	2.376405E-03	7.782073E+01
1.49005000000E+06	2.440935E-03	8.495502E+01
1.49191875000E+06	2.309968E-03	8.521166E+01
1.49378750000E+06	2.195276E-03	7.359217E+01
1.49565625000E+06	2.370014E-03	7.532104E+01
1.49752500000E+06	2.453538E-03	7.388792E+01
1.49939375000E+06	2.535023E-03	7.331416E+01
1.50126250000E+06	2.441139E-03	8.111066E+01
1.50313125000E+06	2.257279E-03	8.887116E+01
1.50500000000E+06	2.418242E-03	7.375426E+01
1.50686875000E+06	2.229744E-03	7.647147E+01
1.50873750000E+06	2.204450E-03	8.478341E+01
1.51060625000E+06	2.276052E-03	7.893229E+01
1.51247500000E+06	2.586900E-03	7.645584E+01
1.51434375000E+06	2.131805E-03	7.626448E+01
1.51621250000E+06	2.262252E-03	8.220673E+01
1.51808125000E+06	2.147894E-03	7.928030E+01
1.51995000000E+06	2.371095E-03	6.845971E+01
1.52181875000E+06	2.921618E-03	7.951819E+01
1.52368750000E+06	2.291644E-03	7.672334E+01
1.52555625000E+06	2.431629E-03	8.062968E+01
1.52742500000E+06	2.111598E-03	8.523611E+01
1.52929375000E+06	2.167517E-03	8.210522E+01
1.53116250000E+06	2.260611E-03	7.011626E+01
1.53303125000E+06	2.668656E-03	7.933648E+01
1.53490000000E+06	2.350784E-03	7.151157E+01
1.53676875000E+06	2.248124E-03	8.105889E+01
1.53863750000E+06	2.672588E-03	7.266416E+01
1.54050625000E+06	2.623872E-03	8.419543E+01
1.54237500000E+06	2.649669E-03	8.636948E+01
1.54424375000E+06	2.586421E-03	8.104672E+01
1.54611250000E+06	2.184612E-03	7.829284E+01
1.54798125000E+06	2.046759E-03	8.412591E+01
1.54985000000E+06	2.540200E-03	7.552895E+01
1.55171875000E+06	2.361022E-03	7.341319E+01
1.55358750000E+06	2.715898E-03	7.427595E+01
1.55545625000E+06	2.423267E-03	7.814989E+01
1.55732500000E+06	2.303143E-03	7.442213E+01
1.55919375000E+06	2.196062E-03	8.044329E+01
1.56106250000E+06	2.259013E-03	7.683520E+01
1.56293125000E+06	2.144923E-03	7.838460E+01
1.56480000000E+06	2.333993E-03	7.331792E+01
1.56666875000E+06	2.407279E-03	8.143458E+01
1.56853750000E+06	2.621505E-03	7.845158E+01
1.57040625000E+06	1.928538E-03	8.266883E+01
1.57227500000E+06	2.615201E-03	7.813388E+01
1.57414375000E+06	2.421987E-03	7.106557E+01
1.57601250000E+06	1.934090E-03	8.482733E+01
1.57788125000E+06	2.248400E-03	7.277607E+01
1.57975000000E+06	2.135989E-03	7.732016E+01
1.58161875000E+06	2.095076E-03	8.087585E+01
1.58348750000E+06	2.254631E-03	8.480159E+01
1.58535625000E+06	2.354901E-03	7.669125E+01
1.58722500000E+06	2.010613E-03	8.333976E+01
1.58909375000E+06	2.558751E-03	8.154277E+01
1.59096250000E+06	2.763943E-03	8.325761E+01
1.59283125000E+06	2.735468E-03	7.674712E+01
1.59470000000E+06	2.202961E-03	7.812728E+01
1.59656875000E+06	2.409072E-03	7.686716E+01
1.59843750000E+06	2.575351E-03	8.430944E+01
1.60030625000E+06	2.562959E-03	7.724958E+01
1.60217500000E+06	2.591677E-03	7.969081E+01
1.60404375000E+06	2.566177E-03	8.413218E+01
1.60591250000E+06	2.897071E-03	7.875733E+01
1.60778125000E+06	2.485009E-03	7.527181E+01
1.60965000000E+06	2.410877E-03	7.621590E+01
1.61151875000E+06	2.389701E-03	8.165120E+01
1.61338750000E+06	2.710012E-03	7.402799E+01
1.61525625000E+06	2.457455E-03	8.112455E+01
1.61712500000E+06	2.599876E-03	8.171294E+01
1.61899375000E+06	2.353271E-03	8.336142E+01
1.62086250000E+06	2.568234E-03	7.740583E+01
1.62273125000E+06	2.405779E-03	7.728163E+01
1.62460000000E+06	2.496000E-03	7.478889E+01
1.62646875000E+06	2.680255E-03	7.250958E+01
1.62833750000E+06	2.620923E-03	8.168594E+01
1.63020625000E+06	2.621627E-03	7.770284E+01
1.63207500000E+06	2.631908E-03	7.974059E+01
1.63394375000E+06	2.448545E-03	8.249879E+01
1.63581250000E+06	2.456214E-03	8.324651E+01
1.63768125000E+06	2.440681E-03	7.548327E+01
1.63955000000E+06	2.425285E-03	8.324015E+01
1.64141875000E+06	2.461984E-03	7.726369E+01
1.64328750000E+06	2.652205E-03	7.996220E+01
1.64515625000E+06	2.699004E-03	7.804120E+01
1.64702500000E+06	2.796634E-03	8.188425E+01
1.64889375000E+06	2.513685E-03	8.578738E+01
1.65076250000E+06	2.577392E-03	8.068022E+01
1.65263125000E+06	2.796543E-03	7.540448E+01
1.65450000000E+06	2.123906E-03	7.913641E+01
1.65636875000E+06	2.443861E-03	8.044521E+01
1.65823750000E+06	2.361485E-03	7.024852E+01
1.66010625000E+06	2.437309E-03	6.939655E+01
1.66197500000E+06	2.584132E-03	7.434512E+01
1.66384375000E+06	1.952565E-03	8.622823E+01
1.66571250000E+06	2.253429E-03	8.136956E+01
1.66758125000E+06	2.330902E-03	7.282061E+01
1.66945000000E+06	2.504057E-03	8.040681E+01
1.67131875000E+06	2.048654E-03	7.064664E+01
1.67318750000E+06	2.285813E-03	7.978066E+01
1.67505625000E+06	2.418975E-03	7.238860E+01
1.67692500000E+06	1.877646E-03	6.543221E+01
1.67879375000E+06	2.380068E-03	8.712010E+01
1.68066250000E+06	2.375993E-03	6.844333E+01
1.68253125000E+06	2.008531E-03	8.510076E+01
1.68440000000E+06	2.393156E-03	7.247470E+01
1.68626875000E+06	2.484540E-03	8.158257E+01
1.68813750000E+06	2.478614E-03	8.782281E+01
1.69000625000E+06	2.692406E-03	7.290784E+01
1.69187500000E+06	2.294942E-03	8.527054E+01
1.69374375000E+06	2.460834E-03	7.737495E+01
1.69561250000E+06	2.260340E-03	7.523371E+01
1.69748125000E+06	2.398467E-03	7.560268E+01
1.69935000000E+06	2.324585E-03	7.489924E+01
1.70121875000E+06	2.497115E-03	7.422478E+01
1.70308750000E+06	2.803966E-03	8.052082E+01
1.70495625000E+06	2.700527E-03	8.115150E+01
1.70682500000E+06	2.552585E-03	8.191168E+01
1.70869375000E+06	2.437305E-03	7.861349E+01
1.71056250000E+06	2.525456E-03	7.156717E+01
1.71243125000E+06	3.027344E-03	7.786229E+01
1.71430000000E+06	2.591035E-03	8.321825E+01
1.71616875000E+06	2.655728E-03	8.119497E+01
1.71803750000E+06	2.446193E-03	8.148116E+01
1.71990625000E+06	2.398938E-03	7.319359E+01
1.72177500000E+06	2.588011E-03	7.835728E+01
1.72364375000E+06	2.573651E-03	7.570655E+01
1.72551250000E+06	2.337336E-03	7.792493E+01
1.72738125000E+06	2.666520E-03	7.320373E+01
1.72925000000E+06	2.664824E-03	8.188348E+01
1.73111875000E+06	2.719976E-03	7.663030E+01
1.73298750000E+06	2.310319E-03	8.098063E+01
1.73485625000E+06	2.737910E-03	8.237721E+01
1.73672500000E+06	2.675556E-03	6.809251E+01
1.73859375000E+06	2.504129E-03	8.439284E+01
1.74046250000E+06	2.567296E-03	8.030582E+01
1.74233125000E+06	2.537279E-03	7.830064E+01
1.74420000000E+06	2.687664E-03	7.790614E+01
1.74606875000E+06	2.438179E-03	7.549693E+01
1.74793750000E+06	2.393118E-03	8.483784E+01
1.74980625000E+06	2.414275E-03	7.882159E+01
1.75167500000E+06	2.511573E-03	7.668134E+01
1.75354375000E+06	2.599949E-03	7.717266E+01
1.75541250000E+06	2.536583E-03	7.400970E+01
1.75728125000E+06	2.572180E-03	7.615991E+01
1.75915000000E+06	2.349326E-03	7.888221E+01
1.76101875000E+06	2.798491E-03	7.999638E+01
1.76288750000E+06	2.384194E-03	8.211140E+01
1.76475625000E+06	2.745452E-03	7.528528E+01
1.76662500000E+06	2.303462E-03	7.397942E+01
1.76849375000E+06	2.712224E-03	8.147365E+01
1.77036250000E+06	2.906281E-03	7.733582E+01
1.77223125000E+06	2.658847E-03	7.808099E+01
1.77410000000E+06	2.666214E-03	8.324445E+01
1.77596875000E+06	2.609874E-03	8.434770E+01
1.77783750000E+06	2.675085E-03	7.751469E+01
1.77970625000E+06	2.913228E-03	7.887240E+01
1.78157500000E+06	3.027508E-03	7.445553E+01
1.78344375000E+06	2.608789E-03	7.400047E+01
1.78531250000E+06	2.474312E-03	7.577940E+01
1.78718125000E+06	2.638319E-03	7.287153E+01
1.78905000000E+06	2.605559E-03	7.778878E+01
1.79091875000E+06	2.480718E-03	7.741859E+01
1.79278750000E+06	2.886021E-03	7.879561E+01
1.79465625000E+06	2.663995E-03	7.772583E+01
1.79652500000E+06	2.682544E-03	7.053181E+01
1.79839375000E+06	3.105205E-03	7.753070E+01
1.80026250000E+06	2.361917E-03	7.664465E+01
1.80213125000E+06	2.681971E-03	7.689628E+01
1.80400000000E+06	2.986766E-03	6.936262E+01
1.80586875000E+06	2.765536E-03	8.532041E+01
1.80773750000E+06	2.516545E-03	8.032970E+01
1.80960625000E+06	2.336184E-03	7.544469E+01
1.81147500000E+06	2.942703E-03	8.391145E+01
1.81334375000E+06	2.187394E-03	7.951629E+01
1.81521250000E+06	2.487059E-03	8.483540E+01
1.81708125000E+06	2.623219E-03	8.974567E+01
1.81895000000E+06	2.644337E-03	9.417753E+01
1.82081875000E+06	3.234289E-03	8.812523E+01
1.82268750000E+06	1.923439E-03	7.754726E+01
1.82455625000E+06	2.627166E-03	8.246445E+01
1.82642500000E+06	2.973191E-03	7.992382E+01
1.82829375000E+06	2.786391E-03	6.948861E+01
1.83016250000E+06	3.173309E-03	7.951777E+01
1.83203125000E+06	2.518372E-03	7.969036E+01
1.83390000000E+06	2.828241E-03	8.115035E+01
1.83576875000E+06	2.743223E-03	7.644816E+01
1.83763750000E+06	2.541477E-03	8.462630E+01
1.83950625000E+06	2.334686E-03	7.626551E+01
1.84137500000E+06	2.739550E-03	7.998974E+01
1.84324375000E+06	2.989639E-03	7.261228E+01
1.84511250000E+06	2.859370E-03	8.087860E+01
1.84698125000E+06	2.681049E-03	8.207664E+01
1.84885000000E+06	2.718514E-03	8.034258E+01
1.85071875000E+06	2.957490E-03	8.479594E+01
1.85258750000E+06	2.625145E-03	8.074303E+01
1.85445625000E+06	2.877963E-03	8.052205E+01
1.85632500000E+06	2.966615E-03	8.250422E+01
1.85819375000E+06	3.084206E-03	7.724814E+01
1.86006250000E+06	2.725778E-03	7.944790E+01
1.86193125000E+06	2.806636E-03	7.514857E+01
1.86380000000E+06	2.531607E-03	7.569247E+01
1.86566875000E+06	2.572972E-03	7.526749E+01
1.86753750000E+06	2.931839E-03	7.587360E+01
1.86940625000E+06	2.636714E-03	7.849153E+01
1.87127500000E+06	2.929225E-03	7.491956E+01
1.87314375000E+06	2.762737E-03	8.199166E+01
1.87501250000E+06	2.761701E-03	7.332707E+01
1.87688125000E+06	2.679089E-03	7.936292E+01
1.87875000000E+06	2.838088E-03	8.126331E+01
1.88061875000E+06	2.776826E-03	7.632508E+01
1.88248750000E+06	2.854716E-03	8.990829E+01
1.88435625000E+06	2.870862E-03	8.097104E+01
1.88622500000E+06	2.970052E-03	8.407432E+01
1.88809375000E+06	2.746280E-03	8.569190E+01
1.88996250000E+06	2.754906E-03	7.362912E+01
1.89183125000E+06	2.523706E-03	7.301456E+01
1.89370000000E+06	2.692576E-03	7.275938E+01
1.89556875000E+06	2.890988E-03	7.556402E+01
1.89743750000E+06	2.830209E-03	7.989631E+01
1.89930625000E+06	2.735520E-03	7.597012E+01
1.90117500000E+06	2.677622E-03	7.504407E+01
1.90304375000E+06	3.018039E-03	8.388500E+01
1.90491250000E+06	2.909330E-03	7.559359E+01
1.90678125000E+06	2.777270E-03	7.905351E+01
1.90865000000E+06	2.872056E-03	7.794391E+01
1.91051875000E+06	2.906018E-03	7.825375E+01
1.91238750000E+06	2.608558E-03	8.034434E+01
1.91425625000E+06	2.820121E-03	8.039846E+01
1.91612500000E+06	2.738845E-03	8.276978E+01
1.91799375000E+06	3.043624E-03	7.946243E+01
1.91986250000E+06	2.789276E-03	7.672985E+01
1.92173125000E+06	2.986252E-03	7.658253E+01
1.92360000000E+06	3.074461E-03	7.652737E+01
1.92546875000E+06	2.779383E-03	8.327321E+01
1.92733750000E+06	2.790225E-03	8.079613E+01
1.92920625000E+06	2.668340E-03	7.723157E+01
1.93107500000E+06	3.036962E-03	8.119849E+01
1.93294375000E+06	2.914202E-03	7.923901E+01
1.93481250000E+06	3.000482E-03	7.638515E+01
1.93668125000E+06	2.898814E-03	7.591646E+01
1.93855000000E+06	2.929181E-03	7.406174E+01
1.94041875000E+06	3.079757E-03	7.273561E+01
1.94228750000E+06	2.919469E-03	7.871503E+01
1.94415625000E+06	3.234570E-03	7.674418E+01
1.94602500000E+06	3.080658E-03	7.296200E+01
1.94789375000E+06	2.872500E-03	8.247077E+01
1.94976250000E+06	2.737471E-03	8.240488E+01
1.95163125000E+06	2.870311E-03	8.445591E+01
1.95350000000E+06	3.147950E-03	8.122423E+01
1.95536875000E+06	3.011617E-03	7.742815E+01
1.95723750000E+06	2.783058E-03	7.631913E+01
1.95910625000E+06	2.935403E-03	6.811405E+01
1.96097500000E+06	3.023363E-03	8.129700E+01
1.96284375000E+06	3.278553E-03	7.980747E+01
1.96471250000E+06	2.730849E-03	7.422272E+01
1.96658125000E+06	2.897139E-03	8.730740E+01
1.96845000000E+06	2.921084E-03	7.894828E+01
1.97031875000E+06	3.239378E-03	8.340781E+01
1.97218750000E+06	2.732304E-03	7.380774E+01
1.97405625000E+06	3.254054E-03	8.475172E+01
1.97592500000E+06	3.174745E-03	7.370792E+01
1.97779375000E+06	2.898840E-03	7.643402E+01
1.97966250000E+06	2.749292E-03	7.211278E+01
1.98153125000E+06	2.761486E-03	9.070994E+01
1.98340000000E+06	2.829003E-03	8.024131E+01
1.98526875000E+06	2.768217E-03	7.235526E+01
1.98713750000E+06	3.176309E-03	8.198672E+01
1.98900625000E+06	2.833496E-03	7.536685E+01
1.99087500000E+06	3.051747E-03	7.963831E+01
1.99274375000E+06	3.221115E-03	8.297713E+01
1.99461250000E+06	2.787291E-03	7.771027E+01
1.99648125000E+06	2.751364E-03	8.231462E+01
1.99835000000E+06	2.748781E-03	7.398030E+01
2.00021875000E+06	3.161848E-03	7.557550E+01
2.00208750000E+06	3.592856E-03	7.662103E+01
2.00395625000E+06	2.609675E-03	6.910841E+01
2.00582500000E+06	2.702202E-03	7.736204E+01
2.00769375000E+06	3.139367E-03	7.609996E+01
2.00956250000E+06	3.172206E-03	8.541624E+01
2.01143125000E+06	3.122779E-03	8.515223E+01
2.01330000000E+06	3.506593E-03	7.177202E+01
2.01516875000E+06	2.652904E-03	7.480785E+01
2.01703750000E+06	3.008796E-03	7.986553E+01
2.01890625000E+06	3.385117E-03	7.433293E+01
2.02077500000E+06	3.300351E-03	8.256957E+01
2.02264375000E+06	2.627621E-03	7.501221E+01
2.02451250000E+06	3.082043E-03	7.997681E+01
2.02638125000E+06	2.776666E-03	8.329891E+01
2.02825000000E+06	2.950428E-03	7.596690E+01
2.03011875000E+06	2.917252E-03	7.937788E+01
2.03198750000E+06	3.104302E-03	7.401396E+01
2.03385625000E+06	2.807624E-03	8.182364E+01
2.03572500000E+06	3.133533E-03	7.706674E+01
2.03759375000E+06	2.935058E-03	7.612239E+01
2.03946250000E+06	3.227735E-03	7.787767E+01
2.04133125000E+06	3.032221E-03	7.465849E+01
2.04320000000E+06	2.654976E-03	7.581203E+01
2.04506875000E+06	2.849498E-03	7.251414E+01
2.04693750000E+06	3.059379E-03	7.683143E+01
2.04880625000E+06	2.679664E-03	7.580686E+01
2.05067500000E+06	2.932663E-03	7.493175E+01
2.05254375000E+06	3.105061E-03	7.866802E+01
2.05441250000E+06	3.184237E-03	7.761858E+01
2.05628125000E+06	2.952218E-03	7.651231E+01
2.05815000000E+06	3.267705E-03	7.683345E+01
2.06001875000E+06	3.155494E-03	7.476873E+01
2.06188750000E+06	2.884980E-03	7.497914E+01
2.06375625000E+06	2.959503E-03	7.780698E+01
2.06562500000E+06	3.068016E-03	7.266481E+01
2.06749375000E+06	3.106204E-03	7.753973E+01
2.06936250000E+06	3.061925E-03	7.820843E+01
2.07123125000E+06	2.878952E-03	7.597150E+01
2.07310000000E+06	2.864688E-03	7.971417E+01
2.07496875000E+06	3.105457E-03	7.200440E+01
2.07683750000E+06	3.340940E-03	8.292576E+01
2.07870625000E+06	3.085995E-03	7.501903E+01
2.08057500000E+06	2.854024E-03	8.171458E+01
2.08244375000E+06	3.124668E-03	8.033071E+01
2.08431250000E+06	2.771336E-03	7.663434E+01
2.08618125000E+06	2.963324E-03	7.991824E+01
2.08805000000E+06	3.054014E-03	7.950632E+01
2.08991875000E+06	2.998044E-03	7.922478E+01
2.09178750000E+06	3.067445E-03	7.828004E+01
2.09365625000E+06	2.988064E-03	7.471223E+01
2.09552500000E+06	3.034021E-03	7.609319E+01
2.09739375000E+06	3.128013E-03	7.529441E+01
2.09926250000E+06	2.686505E-03	7.519857E+01
2.10113125000E+06	3.090386E-03	7.937321E+01
2.10300000000E+06	2.885824E-03	7.863129E+01
2.10486875000E+06	2.959650E-03	8.146757E+01
2.10673750000E+06	3.039063E-03	7.247446E+01
2.10860625000E+06	3.186879E-03	7.544389E+01
2.11047500000E+06	3.214668E-03	8.098688E+01
2.11234375000E+06	2.918733E-03	8.036160E+01
2.11421250000E+06	3.156470E-03	7.466306E+01
2.11608125000E+06	2.987820E-03	7.428957E+01
2.11795000000E+06	3.073533E-03	7.470318E+01
2.11981875000E+06	3.181333E-03	7.676098E+01
2.12168750000E+06	2.842112E-03	7.485574E+01
2.12355625000E+06	2.986199E-03	7.557693E+01
2.12542500000E+06	3.187048E-03	7.451205E+01
2.12729375000E+06	2.933448E-03	7.578816E+01
2.12916250000E+06	3.114114E-03	8.024129E+01
2.13103125000E+06	3.085848E-03	7.844067E+01
2.13290000000E+06	3.033108E-03	7.965416E+01
2.13476875000E+06	3.020455E-03	7.769426E+01
2.13663750000E+06	3.126525E-03	8.142939E+01
2.13850625000E+06	2.879811E-03	7.776658E+01
2.14037500000E+06	3.007877E-03	7.513879E+01
2.14224375000E+06	2.879016E-03	7.772452E+01
2.14411250000E+06	3.296774E-03	8.309017E+01
2.14598125000E+06	3.284623E-03	7.703955E+01
2.14785000000E+06	3.234739E-03	7.819527E+01
2.14971875000E+06	3.025595E-03	8.534450E+01
2.15158750000E+06	3.230104E-03	7.620363E+01
2.15345625000E+06	3.309883E-03	7.631285E+01
2.15532500000E+06	2.931188E-03	8.242194E+01
2.15719375000E+06	3.087158E-03	7.368427E+01
2.15906250000E+06	3.188811E-03	7.124531E+01
2.16093125000E+06	3.118381E-03	7.721785E+01
2.16280000000E+06	2.734333E-03	7.483713E+01
2.16466875000E+06	3.073736E-03	7.673272E+01
2.16653750000E+06	3.354776E-03	6.900003E+01
2.16840625000E+06	2.753140E-03	7.393468E+01
2.17027500000E+06	3.396204E-03	8.013655E+01
2.17214375000E+06	3.076570E-03	7.313353E+01
2.17401250000E+06	3.121859E-03	8.242072E+01
2.17588125000E+06	3.213668E-03	8.474462E+01
2.17775000000E+06	3.262064E-03	7.906220E+01
2.17961875000E+06	2.805187E-03	7.324574E+01
2.18148750000E+06	2.984120E-03	7.702118E+01
2.18335625000E+06	2.927872E-03	8.284368E+01
2.18522500000E+06	2.930072E-03	8.099937E+01
2.18709375000E+06	3.047860E-03	7.247833E+01
2.18896250000E+06	3.566079E-03	7.638049E+01
2.19083125000E+06	3.324655E-03	8.097437E+01
2.19270000000E+06	3.055791E-03	7.055303E+01
2.19456875000E+06	3.177802E-03	7.493368E+01
2.19643750000E+06	3.254367E-03	8.012382E+01
2.19830625000E+06	3.205137E-03	7.349110E+01
2.20017500000E+06	3.116656E-03	7.596884E+01
2.20204375000E+06	3.213211E-03	7.598040E+01
2.20391250000E+06	3.595018E-03	6.612245E+01
2.20578125000E+06	3.765213E-03	7.270731E+01
2.20765000000E+06	3.183839E-03	8.164476E+01
2.20951875000E+06	2.706946E-03	8.266296E+01
2.21138750000E+06	2.790634E-03	8.251858E+01
2.21325625000E+06	3.541675E-03	8.434776E+01
2.21512500000E+06	3.471345E-03	7.618419E+01
2.21699375000E+06	3.138069E-03	7.829159E+01
2.21886250000E+06	3.058740E-03	8.021435E+01
2.22073125000E+06	2.847986E-03	6.817173E+01
2.22260000000E+06	3.107262E-03	6.869400E+01
2.22446875000E+06	3.185611E-03	7.834811E+01
2.22633750000E+06	3.493009E-03	8.284827E+01
2.22820625000E+06	3.124937E-03	7.695921E+01
2.23007500000E+06	3.236276E-03	7.576142E+01
2.23194375000E+06	3.085230E-03	8.108002E+01
2.23381250000E+06	3.147032E-03	7.138240E+01
2.23568125000E+06	2.949812E-03	7.758405E+01
2.23755000000E+06	3.022690E-03	7.340664E+01
2.23941875000E+06	3.107850E-03	7.614267E+01
2.24128750000E+06	3.350823E-03	7.475668E+01
2.24315625000E+06	2.985935E-03	7.688034E+01
2.24502500000E+06	3.387680E-03	8.240122E+01
2.24689375000E+06	3.359111E-03	8.263200E+01
2.24876250000E+06	3.110590E-03	7.875258E+01
2.25063125000E+06	3.367908E-03	7.817298E+01
2.25250000000E+06	3.222941E-03	7.419907E+01
2.25436875000E+06	3.289426E-03	7.686169E+01
2.25623750000E+06	3.337521E-03	7.961663E+01
2.25810625000E+06	3.157789E-03	7.630646E+01
2.25997500000E+06	3.347113E-03	7.777510E+01
2.26184375000E+06	3.355987E-03	7.892188E+01
2.26371250000E+06	3.052114E-03	7.997666E+01
2.26558125000E+06	3.259141E-03	7.662408E+01
2.26745000000E+06	3.165742E-03	7.838874E+01
2.26931875000E+06	3.208961E-03	7.777963E+01
2.27118750000E+06	2.963255E-03	7.910415E+01
2.27305625000E+06	3.376163E-03	7.851707E+01
2.27492500000E+06	3.298354E-03	7.724634E+01
2.27679375000E+06	3.223572E-03	7.717658E+01
2.27866250000E+06	3.455262E-03	7.909776E+01
2.28053125000E+06	3.408898E-03	7.982082E+01
2.28240000000E+06	3.424449E-03	8.131818E+01
2.28426875000E+06	3.126274E-03	7.762769E+01
2.28613750000E+06	3.111339E-03	7.616838E+01
2.28800625000E+06	3.324116E-03	7.832481E+01
2.28987500000E+06	3.312574E-03	8.065948E+01
2.29174375000E+06	3.422979E-03	7.875359E+01
2.29361250000E+06	3.385526E-03	7.881919E+01
2.29548125000E+06	3.312815E-03	8.194603E+01
2.29735000000E+06	3.334441E-03	7.686457E+01
2.29921875000E+06	3.152581E-03	7.967416E+01
2.30108750000E+06	3.321310E-03	7.594607E+01
2.30295625000E+06	3.238173E-03	7.591470E+01
2.30482500000E+06	3.389862E-03	7.679247E+01
2.30669375000E+06	3.386133E-03	7.963146E+01
2.30856250000E+06	3.207531E-03	7.716775E+01
2.31043125000E+06	3.170967E-03	7.683257E+01
2.31230000000E+06	3.281404E-03	7.879527E+01
2.31416875000E+06	3.665718E-03	7.877681E+01
2.31603750000E+06	3.300597E-03	7.526649E+01
2.31790625000E+06	3.270109E-03	7.793302E+01
2.31977500000E+06	3.183958E-03	7.588414E+01
2.32164375000E+06	3.396129E-03	7.808661E+01
2.32351250000E+06	3.223603E-03	7.653909E+01
2.32538125000E+06	3.246684E-03	8.006422E+01
2.32725000000E+06	3.266945E-03	7.649512E+01
2.32911875000E+06	3.443584E-03	7.436182E+01
2.33098750000E+06	3.284117E-03	7.866872E+01
2.33285625000E+06	3.304946E-03	7.682488E+01
2.33472500000E+06	3.232163E-03	7.794318E+01
2.33659375000E+06	3.342599E-03	7.423714E+01
2.33846250000E+06	3.402987E-03	7.821582E+01
2.34033125000E+06	3.660681E-03	8.275333E+01
2.34220000000E+06	3.504985E-03	7.588078E+01
2.34406875000E+06	3.250574E-03	7.490195E+01
2.34593750000E+06	3.275391E-03	7.611943E+01
2.34780625000E+06	3.570019E-03	8.227552E+01
2.34967500000E+06	3.460571E-03	8.165511E+01
2.35154375000E+06	3.552957E-03	7.696558E+01
2.35341250000E+06	3.371031E-03	7.538831E+01
2.35528125000E+06	3.411242E-03	7.826742E+01
2.35715000000E+06	3.536837E-03	8.014786E+01
2.35901875000E+06	3.327144E-03	8.236248E+01
2.36088750000E+06	3.002747E-03	8.264897E+01
2.36275625000E+06	3.330752E-03	7.940690E+01
2.36462500000E+06	3.179140E-03	7.529636E+01
2.36649375000E+06	3.586624E-03	7.692443E+01
2.36836250000E+06	3.226317E-03	7.622117E+01
2.37023125000E+06	3.333612E-03	8.088412E+01
2.37210000000E+06	3.386148E-03	7.992160E+01
2.37396875000E+06	3.561220E-03	7.711866E+01
2.37583750000E+06	4.022317E-03	7.934985E+01
2.37770625000E+06	3.568718E-03	7.528195E+01
2.37957500000E+06	3.739426E-03	7.813670E+01
2.38144375000E+06	3.555599E-03	7.918537E+01
2.38331250000E+06	3.077611E-03	7.796808E+01
2.38518125000E+06	3.648320E-03	8.146039E+01
2.38705000000E+06	3.347576E-03	7.525964E+01
2.38891875000E+06	3.330382E-03	7.045489E+01
2.39078750000E+06	3.790176E-03	7.656203E+01
2.39265625000E+06	3.461258E-03	8.056487E+01
2.39452500000E+06	3.214237E-03	8.021333E+01
2.39639375000E+06	3.665666E-03	8.635742E+01
2.39826250000E+06	3.792285E-03	7.503011E+01
2.40013125000E+06	3.840556E-03	7.187289E+01
2.40200000000E+06	3.656926E-03	7.834461E+01
2.40386875000E+06	3.711649E-03	8.069405E+01
2.40573750000E+06	3.211426E-03	8.823313E+01
2.40760625000E+06	3.199205E-03	7.100010E+01
2.40947500000E+06	3.651310E-03	7.553645E+01
2.41134375000E+06	3.516632E-03	8.044444E+01
2.41321250000E+06	3.904503E-03	7.370615E+01
2.41508125000E+06	3.673078E-03	7.172327E+01
2.41695000000E+06	3.138744E-03	7.635986E+01
2.41881875000E+06	3.831133E-03	7.550636E+01
2.42068750000E+06	3.627751E-03	7.604477E+01
2.42255625000E+06	3.575768E-03	7.133929E+01
2.42442500000E+06	3.725353E-03	8.116731E+01
2.42629375000E+06	3.932877E-03	8.499596E+01
2.42816250000E+06	4.028953E-03	7.392535E+01
2.43003125000E+06	3.152551E-03	7.750781E+01
2.43190000000E+06	3.780904E-03	7.350875E+01
2.43376875000E+06	3.519959E-03	7.585675E+01
2.43563750000E+06	3.063382E-03	8.826927E+01
2.43750625000E+06	3.009057E-03	7.173986E+01
2.43937500000E+06	3.734905E-03	7.480475E+01
2.44124375000E+06	3.103246E-03	7.901296E+01
2.44311250000E+06	3.556626E-03	8.064642E+01
2.44498125000E+06	3.327187E-03	7.535881E+01
2.44685000000E+06	3.090838E-03	8.586516E+01
2.44871875000E+06	3.915449E-03	8.397291E+01
2.45058750000E+06	3.317538E-03	7.471561E+01
2.45245625000E+06	4.274114E-03	7.686297E+01
2.45432500000E+06	3.313951E-03	7.224892E+01
2.45619375000E+06	3.784538E-03	7.175439E+01
2.45806250000E+06	3.177723E-03	8.320995E+01
2.45993125000E+06	3.812599E-03	7.418538E+01
2.46180000000E+06	3.093958E-03	7.158289E+01
2.46366875000E+06	3.507283E-03	7.387154E+01
2.46553750000E+06	3.659735E-03	7.900124E+01
2.46740625000E+06	3.663691E-03	7.793376E+01
2.46927500000E+06	3.487777E-03	7.834801E+01
2.47114375000E+06	3.606606E-03	8.422987E+01
2.47301250000E+06	3.628575E-03	7.752251E+01
2.47488125000E+06	3.625642E-03	8.255406E+01
2.47675000000E+06	3.454839E-03	7.163861E+01
2.47861875000E+06	3.681451E-03	8.006179E+01
2.48048750000E+06	3.504009E-03	8.084558E+01
2.48235625000E+06	3.391308E-03	8.061872E+01
2.48422500000E+06	3.811206E-03	7.608056E+01
2.48609375000E+06	3.722739E-03	7.412907E+01
2.48796250000E+06	3.607140E-03	7.467881E+01
2.48983125000E+06	3.487926E-03	7.461520E+01
2.49170000000E+06	3.617028E-03	7.461504E+01
2.49356875000E+06	3.574201E-03	7.276270E+01
2.49543750000E+06	4.024246E-03	7.485387E+01
2.49730625000E+06	3.710576E-03	7.943424E+01
2.49917500000E+06	3.691650E-03	7.218621E+01
2.50104375000E+06	3.614829E-03	7.541560E+01
2.50291250000E+06	3.574617E-03	7.463170E+01
2.50478125000E+06	3.704353E-03	7.730746E+01
2.50665000000E+06	3.790324E-03	7.655075E+01
2.50851875000E+06	3.408956E-03	7.324811E+01
2.51038750000E+06	3.866538E-03	8.027862E+01
2.51225625000E+06	3.912420E-03	7.332806E+01
2.51412500000E+06	3.510825E-03	7.480984E+01
2.51599375000E+06	3.463935E-03	7.340331E+01
2.51786250000E+06	3.606051E-03	7.594392E+01
2.51973125000E+06	3.781243E-03	7.714821E+01
2.52160000000E+06	3.616022E-03	7.624139E+01
2.52346875000E+06	3.625968E-03	7.537181E+01
2.52533750000E+06	3.698623E-03	7.615076E+01
2.52720625000E+06	3.730459E-03	7.599564E+01
2.52907500000E+06	3.668670E-03	7.593840E+01
2.53094375000E+06	3.607710E-03	7.783557E+01
2.53281250000E+06	3.574003E-03	7.294738E+01
2.53468125000E+06	3.790971E-03	7.552282E+01
2.53655000000E+06	3.820045E-03	7.467149E+01
2.53841875000E+06	3.653805E-03	7.064827E+01
2.54028750000E+06	3.698362E-03	7.532900E+01
2.54215625000E+06	3.671407E-03	7.944771E+01
2.54402500000E+06	3.820352E-03	7.779629E+01
2.54589375000E+06	3.675692E-03	7.644977E+01
2.54776250000E+06	3.749541E-03	7.578213E+01
2.54963125000E+06	3.553024E-03	7.546948E+01
2.55150000000E+06	3.795650E-03	7.657766E+01
2.55336875000E+06	3.726778E-03	7.490517E+01
2.55523750000E+06	3.729794E-03	7.309632E+01
2.55710625000E+06	3.616597E-03	7.905292E+01
2.55897500000E+06	3.648886E-03	7.525667E+01
2.56084375000E+06	3.742966E-03	7.624689E+01
2.56271250000E+06	3.713755E-03	7.518394E+01
2.56458125000E+06	3.664236E-03	7.720689E+01
2.56645000000E+06	3.839396E-03	7.584311E+01
2.56831875000E+06	3.681422E-03	7.599484E+01
2.57018750000E+06	3.765431E-03	7.123045E+01
2.57205625000E+06	3.867142E-03	7.607050E+01
2.57392500000E+06	3.360901E-03	7.465948E+01
2.57579375000E+06	3.821079E-03	7.486668E+01
2.57766250000E+06	3.657285E-03	7.621506E+01
2.57953125000E+06	3.972264E-03	7.742889E+01
2.58140000000E+06	3.741991E-03	7.616910E+01
2.58326875000E+06	3.689414E-03	7.380278E+01
2.58513750000E+06	3.867287E-03	7.291204E+01
2.58700625000E+06	3.948636E-03	7.429789E+01
2.58887500000E+06	3.757218E-03	7.431138E+01
2.59074375000E+06	3.621865E-03	7.558907E+01
2.59261250000E+06	3.872426E-03	7.672176E+01
2.59448125000E+06	3.870998E-03	7.457525E+01
2.59635000000E+06	3.687230E-03	7.656355E+01
2.59821875000E+06	3.903933E-03	7.559824E+01
2.60008750000E+06	3.445089E-03	6.814560E+01
2.60195625000E+06	3.690530E-03	7.409998E+01
2.60382500000E+06	3.867671E-03	7.486768E+01
2.60569375000E+06	3.810999E-03	7.582442E+01
2.60756250000E+06	3.749244E-03	7.025722E+01
2.60943125000E+06	4.012509E-03	7.253185E+01
2.61130000000E+06	3.613916E-03	7.175454E+01
2.61316875000E+06	3.764719E-03	7.614071E+01
2.61503750000E+06	3.724933E-03	7.477427E+01
2.61690625000E+06	3.973766E-03	7.429536E+01
2.61877500000E+06	3.722854E-03	7.592583E+01
2.62064375000E+06	3.652221E-03	7.524799E+01
2.62251250000E+06	3.608754E-03	7.769862E+01
2.62438125000E+06	3.757701E-03	7.401002E+01
2.62625000000E+06	3.747269E-03	7.647742E+01
2.62811875000E+06	3.826891E-03	7.354992E+01
2.62998750000E+06	3.329491E-03	7.213026E+01
2.63185625000E+06	4.057629E-03	7.275854E+01
2.63372500000E+06	3.613414E-03	7.886246E+01
2.63559375000E+06	3.911411E-03	6.941134E+01
2.63746250000E+06	3.776759E-03	7.633778E+01
2.63933125000E+06	3.845117E-03	7.308217E+01
2.64120000000E+06	3.884172E-03	7.464259E+01
2.64306875000E+06	3.546839E-03	7.065453E+01
2.64493750000E+06	3.578026E-03	7.433211E+01
2.64680625000E+06	4.069888E-03	7.272459E+01
2.64867500000E+06	3.771221E-03	7.412717E+01
2.65054375000E+06	3.707400E-03	7.357621E+01
2.65241250000E+06	3.706734E-03	7.512202E+01
2.65428125000E+06	3.975625E-03	6.508620E+01
2.65615000000E+06	3.930408E-03	7.500221E+01
2.65801875000E+06	3.221858E-03	7.028860E+01
2.65988750000E+06	3.561475E-03	7.434422E+01
2.66175625000E+06	3.756835E-03	7.631133E+01
2.66362500000E+06	3.832479E-03	7.639240E+01
2.66549375000E+06	4.057839E-03	8.103687E+01
2.66736250000E+06	3.721061E-03	7.314494E+01
2.66923125000E+06	3.562381E-03	7.829946E+01
2.67110000000E+06	3.458564E-03	7.920065E+01
2.67296875000E+06	3.985175E-03	7.156533E+01
2.67483750000E+06	4.086001E-03	7.346383E+01
2.67670625000E+06	3.935257E-03	7.636797E+01
2.67857500000E+06	3.630135E-03	7.352429E+01
2.68044375000E+06	3.610262E-03	7.354169E+01
2.68231250000E+06	3.647607E-03	6.858937E+01
2.68418125000E+06	3.995781E-03	7.341780E+01
2.68605000000E+06	3.994037E-03	7.260838E+01
2.68791875000E+06	3.646785E-03	7.434934E+01
2.68978750000E+06	3.377140E-03	6.137931E+01
2.69165625000E+06	3.743100E-03	7.226346E+01
2.69352500000E+06	3.764649E-03	7.250348E+01
2.69539375000E+06	3.892495E-03	7.358914E+01
2.69726250000E+06	3.791825E-03	7.490376E+01
2.69913125000E+06	4.834635E-03	7.164947E+01
2.70100000000E+06	3.554366E-03	7.752893E+01
2.70286875000E+06	3.833232E-03	7.575111E+01
2.70473750000E+06	4.065427E-03	7.339542E+01
2.70660625000E+06	3.995991E-03	7.025688E+01
2.70847500000E+06	3.778357E-03	8.038424E+01
2.71034375000E+06	4.258841E-03	7.694460E+01
2.71221250000E+06	4.013591E-03	7.039462E+01
2.71408125000E+06	4.081687E-03	6.747221E+01
2.71595000000E+06	3.905269E-03	7.587936E+01
2.71781875000E+06	3.440962E-03	6.565978E+01
2.71968750000E+06	3.981486E-03	7.532355E+01
2.72155625000E+06	3.208943E-03	7.220551E+01
2.72342500000E+06	3.750690E-03	7.295378E+01
2.72529375000E+06	3.478142E-03	7.235263E+01
2.72716250000E+06	3.303585E-03	7.613326E+01
2.72903125000E+06	4.129970E-03	7.624154E+01
2.73090000000E+06	4.030813E-03	7.676036E+01
2.73276875000E+06	3.775163E-03	7.456374E+01
2.73463750000E+06	3.893768E-03	7.675478E+01
2.73650625000E+06	3.717282E-03	7.532658E+01
2.73837500000E+06	3.838911E-03	7.141545E+01
2.74024375000E+06	4.326213E-03	7.501836E+01
2.74211250000E+06	4.038226E-03	6.988936E+01
2.74398125000E+06	3.563558E-03	7.783134E+01
2.74585000000E+06	3.578784E-03	7.599287E+01
2.74771875000E+06	3.745058E-03	7.459074E+01
2.74958750000E+06	3.452567E-03	7.601633E+01
2.75145625000E+06	3.644080E-03	7.466566E+01
2.75332500000E+06	3.934481E-03	6.962666E+01
2.75519375000E+06	4.342594E-03	7.750790E+01
2.75706250000E+06	3.318997E-03	6.811258E+01
2.75893125000E+06	3.441084E-03	7.843139E+01
2.76080000000E+06	3.154506E-03	7.107484E+01
2.76266875000E+06	3.519385E-03	7.096275E+01
2.76453750000E+06	3.551116E-03	7.372970E+01
2.76640625000E+06	3.587820E-03	7.531481E+01
2.76827500000E+06	3.736945E-03	7.583876E+01
2.77014375000E+06	4.046858E-03	6.941134E+01
2.77201250000E+06	3.570255E-03	7.033772E+01
2.77388125000E+06	3.700103E-03	6.638586E+01
2.77575000000E+06	3.814704E-03	7.837975E+01
2.77761875000E+06	3.929118E-03	7.112246E+01
2.77948750000E+06	3.431740E-03	8.080116E+01
2.78135625000E+06	3.864755E-03	7.330869E+01
2.78322500000E+06	3.633043E-03	7.418942E+01
2.78509375000E+06	3.884327E-03	6.826913E+01
2.78696250000E+06	4.103910E-03	6.854648E+01
2.78883125000E+06	3.649258E-03	7.766568E+01
2.79070000000E+06	3.725986E-03	7.116611E+01
2.79256875000E+06	3.343807E-03	7.265708E+01
2.79443750000E+06	3.614397E-03	7.448338E+01
2.79630625000E+06	3.770702E-03	6.876801E+01
2.79817500000E+06	3.709894E-03	6.598917E+01
2.80004375000E+06	4.015774E-03	7.219723E+01
2.80191250000E+06	3.669793E-03	7.377278E+01
2.80378125000E+06	3.676487E-03	6.711236E+01
2.80565000000E+06	3.795812E-03	6.949827E+01
2.80751875000E+06	3.754989E-03	6.922200E+01
2.80938750000E+06	3.739601E-03	7.292789E+01
2.81125625000E+06	3.562012E-03	7.276228E+01
2.81312500000E+06	3.634317E-03	6.892720E+01
2.81499375000E+06	3.888613E-03	7.222215E+01
2.81686250000E+06	4.074302E-03	7.392719E+01
2.81873125000E+06	3.750653E-03	7.278379E+01
2.82060000000E+06	3.833664E-03	7.239883E+01
2.82246875000E+06	3.800150E-03	7.584312E+01
2.82433750000E+06	3.810102E-03	7.115982E+01
2.82620625000E+06	3.681963E-03	7.316071E+01
2.82807500000E+06	3.712738E-03	6.778734E+01
2.82994375000E+06	3.885048E-03	7.024427E+01
2.83181250000E+06	3.711781E-03	7.423057E+01
2.83368125000E+06	3.892311E-03	7.276694E+01
2.83555000000E+06	3.727861E-03	6.970206E+01
2.83741875000E+06	3.932524E-03	7.210207E+01
2.83928750000E+06	3.826965E-03	7.302467E+01
2.84115625000E+06	3.542994E-03	7.415826E+01
2.84302500000E+06	3.839317E-03	7.382169E+01
2.84489375000E+06	3.733147E-03	7.024102E+01
2.84676250000E+06	3.678223E-03	7.014861E+01
2.84863125000E+06	3.640236E-03	6.889461E+01
2.85050000000E+06	3.906590E-03	7.319527E+01
2.85236875000E+06	3.721261E-03	7.223271E+01
2.85423750000E+06	3.741623E-03	7.406252E+01
2.85610625000E+06	3.700052E-03	7.266422E+01
2.85797500000E+06	3.853116E-03	7.176509E+01
2.85984375000E+06	3.816436E-03	7.227508E+01
2.86171250000E+06	3.754206E-03	6.915898E+01
2.86358125000E+06	3.880174E-03	7.053123E+01
2.86545000000E+06	3.696442E-03	7.041488E+01
2.86731875000E+06	3.663480E-03	7.326186E+01
2.86918750000E+06	3.795568E-03	7.177873E+01
2.87105625000E+06	3.835833E-03	7.193642E+01
2.87292500000E+06	3.966022E-03	7.111909E+01
2.87479375000E+06	3.751557E-03	7.051529E+01
2.87666250000E+06	3.845307E-03	7.395205E+01
2.87853125000E+06	3.751599E-03	7.081041E+01
2.88040000000E+06	3.655002E-03	7.279517E+01
2.88226875000E+06	3.695917E-03	7.138595E+01
2.88413750000E+06	3.908311E-03	7.159505E+01
2.88600625000E+06	3.739311E-03	7.233077E+01
2.88787500000E+06	3.689811E-03	7.151554E+01
2.88974375000E+06	3.840328E-03	7.447014E+01
2.89161250000E+06	3.714683E-03	7.043924E+01
2.89348125000E+06	3.764904E-03	7.057611E+01
2.89535000000E+06	3.573171E-03	7.317795E+01
2.89721875000E+06	3.813456E-03	7.092718E+01
2.89908750000E+06	3.695633E-03	7.148692E+01
2.90095625000E+06	3.551337E-03	7.300900E+01
2.90282500000E+06	3.828712E-03	7.129430E+01
2.90469375000E+06	3.815390E-03	7.189764E+01
2.90656250000E+06	3.663769E-03	7.140324E+01
2.90843125000E+06	3.880779E-03	7.268692E+01
2.91030000000E+06	3.710791E-03	7.159950E+01
2.91216875000E+06	3.702799E-03	7.011752E+01
2.91403750000E+06	4.069617E-03	7.247178E+01
2.91590625000E+06	3.778764E-03	7.280423E+01
2.91777500000E+06	3.766080E-03	7.150876E+01
2.91964375000E+06	3.960843E-03	7.165434E+01
2.92151250000E+06	3.812106E-03	6.850365E+01
2.92338125000E+06	3.874821E-03	7.120721E+01
2.92525000000E+06	3.942516E-03	7.240274E+01
2.92711875000E+06	3.820285E-03	7.184474E+01
2.92898750000E+06	3.747314E-03	7.024364E+01
2.93085625000E+06	3.633992E-03	7.269400E+01
2.93272500000E+06	3.727227E-03	7.208461E+01
2.93459375000E+06	3.931389E-03	7.362431E+01
2.93646250000E+06	3.813721E-03	7.224837E+01
2.93833125000E+06	3.900870E-03	7.032448E+01
2.94020000000E+06	3.800833E-03	7.214543E+01
2.94206875000E+06	3.771235E-03	7.171118E+01
2.94393750000E+06	3.803855E-03	6.885822E+01
2.94580625000E+06	3.639423E-03	7.121539E+01
2.94767500000E+06	3.730183E-03	7.157732E+01
2.94954375000E+06	3.802506E-03	7.221505E+01
2.95141250000E+06	3.632290E-03	6.998597E+01
2.95328125000E+06	3.496691E-03	6.984118E+01
2.95515000000E+06	3.843227E-03	7.115174E+01
2.95701875000E+06	3.743490E-03	7.171152E+01
2.95888750000E+06	3.658690E-03	6.795328E+01
2.96075625000E+06	3.878002E-03	7.195116E+01
2.96262500000E+06	3.606368E-03	7.199188E+01
2.96449375000E+06	3.819147E-03	7.391985E+01
2.96636250000E+06	3.604017E-03	6.916496E+01
2.96823125000E+06	4.067719E-03	7.273009E+01
2.97010000000E+06	3.783251E-03	7.209848E+01
2.97196875000E+06	3.773787E-03	6.551298E+01
2.97383750000E+06	4.077452E-03	7.128186E+01
2.97570625000E+06	3.796680E-03	7.043688E+01
2.97757500000E+06	3.826355E-03	7.231457E+01
2.97944375000E+06	3.469088E-03	7.088907E+01
2.98131250000E+06	3.891205E-03	7.154154E+01
2.98318125000E+06	3.546843E-03	6.874529E+01
2.98505000000E+06	3.531845E-03	6.567407E+01
2.98691875000E+06	3.532500E-03	7.175525E+01
2.98878750000E+06	3.888471E-03	7.336363E+01
2.99065625000E+06	3.951637E-03	7.323505E+01
2.99252500000E+06	4.037159E-03	7.185067E+01
2.99439375000E+06	3.773269E-03	7.393327E+01
2.99626250000E+06	3.885712E-03	7.033204E+01
2.99813125000E+06	3.906000E-03	7.072276E+01
3.00000000000E+06	4.010618E-03	7.485047E+01
