"E5100A REV3.14"
"DATE: Jul  3 2004"



"CHANNEL: 2"
"MEASURE TYPE: AR"
"FORMAT TYPE: LINMP"
"NUMBER of POINTS: 1601"
"SWEEP TIME:  3.458 s"
"SWEEP TYPE: LINF"
"SOURCE POWER: 0 dBm"
"IF BANDWIDTH: 500 Hz"

"Frequency"	"Main Array"	"Sub Array"
1.00000000000E+04	6.641782E-02	-1.467368E+02
1.18687500000E+04	8.037513E-03	4.266985E+01
1.37375000000E+04	5.735754E-03	-1.364260E+02
1.56062500000E+04	8.004336E-03	1.353373E+02
1.74750000000E+04	3.895011E-03	-9.835947E+01
1.93437500000E+04	2.750181E-03	-1.295583E+02
2.12125000000E+04	1.289129E-03	3.054081E+01
2.30812500000E+04	1.194263E-03	2.483487E+01
2.49500000000E+04	1.811029E-03	1.675285E+02
2.68187500000E+04	1.222393E-03	-5.837963E+00
2.86875000000E+04	1.267766E-03	3.948914E+01
3.05562500000E+04	7.277045E-04	1.696580E+02
3.24250000000E+04	5.324141E-04	-1.559117E+02
3.42937500000E+04	9.174308E-04	-9.603703E+00
3.61625000000E+04	1.258052E-03	-6.878935E+01
3.80312500000E+04	7.260090E-04	1.438065E+02
3.99000000000E+04	5.711901E-04	-6.075807E+01
4.17687500000E+04	7.177978E-04	6.311937E+01
4.36375000000E+04	1.582839E-03	-1.328497E+02
4.55062500000E+04	4.827421E-04	5.499916E+01
4.73750000000E+04	5.077002E-04	1.202944E+02
4.92437500000E+04	1.701061E-03	2.332303E+01
5.11125000000E+04	1.522458E-03	-1.162929E+02
5.29812500000E+04	1.584978E-03	-1.728177E+02
5.48500000000E+04	8.053822E-04	-9.061608E+01
5.67187500000E+04	1.013295E-03	1.012558E+02
5.85875000000E+04	4.919869E-04	1.785881E+02
6.04562500000E+04	1.862594E-04	-7.711818E+01
6.23250000000E+04	3.950261E-04	-1.207825E+02
6.41937500000E+04	4.197536E-04	6.680359E+01
6.60625000000E+04	9.368459E-04	-3.055646E+01
6.79312500000E+04	4.991688E-04	7.876225E+01
6.98000000000E+04	5.940695E-04	4.986140E+01
7.16687500000E+04	5.349272E-04	-3.557159E+01
7.35375000000E+04	4.661469E-04	-2.280217E+01
7.54062500000E+04	4.086734E-04	-1.127054E+02
7.72750000000E+04	6.798916E-04	-4.743120E+01
7.91437500000E+04	5.544449E-04	-2.552518E+01
8.10125000000E+04	3.681282E-04	-8.299064E+01
8.28812500000E+04	5.405250E-04	-2.975713E+01
8.47500000000E+04	4.968769E-05	-1.962802E+01
8.66187500000E+04	1.058235E-03	-4.330079E+01
8.84875000000E+04	4.141850E-04	-3.700540E+01
9.03562500000E+04	8.981848E-04	-3.890699E+01
9.22250000000E+04	1.081757E-03	-1.103180E+02
9.40937500000E+04	5.946167E-04	-6.787446E+01
9.59625000000E+04	5.199976E-04	-4.018600E+01
9.78312500000E+04	5.202238E-04	-1.799199E+01
9.97000000000E+04	6.160751E-04	-7.280531E+01
1.01568750000E+05	1.125409E-03	-6.943355E+01
1.03437500000E+05	9.364635E-04	-5.966923E+01
1.05306250000E+05	7.707460E-04	1.143803E+02
1.07175000000E+05	3.622044E-04	-4.699741E+01
1.09043750000E+05	5.299657E-04	-7.445924E+01
1.10912500000E+05	1.957257E-03	-2.507394E+01
1.12781250000E+05	6.595210E-05	-1.173098E+02
1.14650000000E+05	7.610120E-04	-8.756551E+01
1.16518750000E+05	7.857191E-04	-1.059335E+02
1.18387500000E+05	8.078429E-04	-8.976842E+01
1.20256250000E+05	6.336513E-04	-7.644182E+01
1.22125000000E+05	6.111503E-04	-9.306532E+01
1.23993750000E+05	7.671767E-04	-1.001173E+02
1.25862500000E+05	7.605503E-04	-8.719093E+01
1.27731250000E+05	8.831615E-04	-9.657690E+01
1.29600000000E+05	1.000253E-03	-8.138249E+01
1.31468750000E+05	5.492292E-04	-7.632007E+01
1.33337500000E+05	7.169443E-04	-6.038966E+01
1.35206250000E+05	8.469516E-04	-1.045348E+02
1.37075000000E+05	1.009005E-03	-6.518781E+01
1.38943750000E+05	5.593038E-04	-6.871064E+01
1.40812500000E+05	1.111708E-03	-8.633881E+01
1.42681250000E+05	8.480885E-04	-8.158788E+01
1.44550000000E+05	8.665749E-04	-6.689313E+01
1.46418750000E+05	5.743459E-04	-7.328845E+01
1.48287500000E+05	6.038940E-04	-9.249133E+01
1.50156250000E+05	3.105138E-04	-6.065619E+01
1.52025000000E+05	8.681589E-04	-8.656157E+01
1.53893750000E+05	7.141806E-04	-7.956577E+01
1.55762500000E+05	8.784481E-04	-9.419991E+01
1.57631250000E+05	8.627468E-04	-8.656421E+01
1.59500000000E+05	1.287701E-03	-9.232793E+01
1.61368750000E+05	3.886368E-04	-1.147827E+02
1.63237500000E+05	5.696915E-04	-9.833392E+01
1.65106250000E+05	5.820479E-04	-8.203201E+01
1.66975000000E+05	7.500778E-04	-8.833070E+01
1.68843750000E+05	1.037987E-03	-8.352098E+01
1.70712500000E+05	6.647012E-04	-1.032742E+02
1.72581250000E+05	7.255190E-04	-8.860001E+01
1.74450000000E+05	9.462445E-04	-8.351810E+01
1.76318750000E+05	3.324037E-04	-9.020927E+01
1.78187500000E+05	6.750944E-04	-8.777540E+01
1.80056250000E+05	4.945454E-04	-7.963729E+01
1.81925000000E+05	8.116777E-04	-9.226980E+01
1.83793750000E+05	9.931733E-04	-1.026411E+02
1.85662500000E+05	9.945875E-04	-1.071689E+02
1.87531250000E+05	1.036294E-03	-8.211565E+01
1.89400000000E+05	8.442555E-04	-9.239568E+01
1.91268750000E+05	9.207409E-04	-9.448055E+01
1.93137500000E+05	9.912415E-04	-8.121348E+01
1.95006250000E+05	9.557137E-04	-1.133735E+02
1.96875000000E+05	8.001638E-04	-1.002056E+02
1.98743750000E+05	6.644660E-04	-1.053699E+02
2.00612500000E+05	9.033100E-04	-8.854490E+01
2.02481250000E+05	7.380365E-04	-1.004724E+02
2.04350000000E+05	7.851378E-04	-1.013287E+02
2.06218750000E+05	9.232088E-04	-1.101665E+02
2.08087500000E+05	6.997859E-04	-7.438856E+01
2.09956250000E+05	1.374083E-03	-9.655088E+01
2.11825000000E+05	1.273692E-03	-1.139754E+02
2.13693750000E+05	9.096701E-04	-6.587292E+01
2.15562500000E+05	8.387100E-04	-8.434278E+01
2.17431250000E+05	9.360550E-04	-7.947794E+01
2.19300000000E+05	9.139967E-04	-6.729538E+01
2.21168750000E+05	7.091434E-04	-1.026166E+02
2.23037500000E+05	1.171300E-03	-9.839049E+01
2.24906250000E+05	8.696166E-04	-1.069736E+02
2.26775000000E+05	7.798698E-04	-1.044239E+02
2.28643750000E+05	8.955588E-04	-1.002054E+02
2.30512500000E+05	1.285595E-03	-9.342725E+01
2.32381250000E+05	1.088137E-03	-9.436801E+01
2.34250000000E+05	1.098847E-03	-9.672999E+01
2.36118750000E+05	9.491631E-04	-8.902180E+01
2.37987500000E+05	7.442961E-04	-7.316409E+01
2.39856250000E+05	1.152295E-03	-1.047747E+02
2.41725000000E+05	1.130172E-03	-9.772339E+01
2.43593750000E+05	1.108777E-03	-9.572768E+01
2.45462500000E+05	1.314913E-03	-8.904063E+01
2.47331250000E+05	1.214378E-03	-1.042727E+02
2.49200000000E+05	1.358240E-03	-9.683902E+01
2.51068750000E+05	1.108650E-03	-9.772463E+01
2.52937500000E+05	9.713725E-04	-1.116848E+02
2.54806250000E+05	1.147489E-03	-8.993726E+01
2.56675000000E+05	8.190364E-04	-9.440754E+01
2.58543750000E+05	9.652788E-04	-9.043590E+01
2.60412500000E+05	9.168935E-04	-1.002523E+02
2.62281250000E+05	1.363407E-03	-8.111945E+01
2.64150000000E+05	8.162710E-04	-9.532646E+01
2.66018750000E+05	1.075412E-03	-8.236008E+01
2.67887500000E+05	1.147379E-03	-1.001760E+02
2.69756250000E+05	7.618583E-04	-1.018279E+02
2.71625000000E+05	1.108315E-03	-9.069427E+01
2.73493750000E+05	1.064740E-03	-7.844370E+01
2.75362500000E+05	1.291262E-03	-8.486448E+01
2.77231250000E+05	9.996876E-04	-1.155589E+02
2.79100000000E+05	1.215745E-03	-9.734230E+01
2.80968750000E+05	1.050685E-03	-1.095525E+02
2.82837500000E+05	1.319944E-03	-9.429742E+01
2.84706250000E+05	1.152752E-03	-1.020085E+02
2.86575000000E+05	1.054351E-03	-9.360123E+01
2.88443750000E+05	1.441603E-03	-9.277762E+01
2.90312500000E+05	1.243513E-03	-8.437489E+01
2.92181250000E+05	1.104645E-03	-9.504475E+01
2.94050000000E+05	1.027048E-03	-9.786524E+01
2.95918750000E+05	1.057188E-03	-9.816168E+01
2.97787500000E+05	1.340883E-03	-1.006444E+02
2.99656250000E+05	1.351042E-03	-9.511972E+01
3.01525000000E+05	1.369883E-03	-9.885609E+01
3.03393750000E+05	1.060490E-03	-8.844556E+01
3.05262500000E+05	1.182262E-03	-9.591138E+01
3.07131250000E+05	1.325612E-03	-9.432224E+01
3.09000000000E+05	1.373422E-03	-9.728065E+01
3.10868750000E+05	1.300489E-03	-9.462537E+01
3.12737500000E+05	1.240127E-03	-8.717933E+01
3.14606250000E+05	1.248653E-03	-1.012998E+02
3.16475000000E+05	1.418873E-03	-9.389751E+01
3.18343750000E+05	1.315716E-03	-9.430680E+01
3.20212500000E+05	1.450461E-03	-8.634657E+01
3.22081250000E+05	1.423342E-03	-1.022124E+02
3.23950000000E+05	1.210154E-03	-9.184052E+01
3.25818750000E+05	1.422426E-03	-8.645560E+01
3.27687500000E+05	1.416930E-03	-9.575443E+01
3.29556250000E+05	1.491277E-03	-8.815262E+01
3.31425000000E+05	1.241928E-03	-9.138446E+01
3.33293750000E+05	1.377816E-03	-9.592387E+01
3.35162500000E+05	1.249055E-03	-9.747797E+01
3.37031250000E+05	1.562569E-03	-9.605433E+01
3.38900000000E+05	1.588674E-03	-9.519638E+01
3.40768750000E+05	1.426979E-03	-9.994768E+01
3.42637500000E+05	1.699178E-03	-9.421233E+01
3.44506250000E+05	1.479340E-03	-9.434606E+01
3.46375000000E+05	1.139835E-03	-9.366102E+01
3.48243750000E+05	1.324506E-03	-9.651028E+01
3.50112500000E+05	1.365068E-03	-8.506326E+01
3.51981250000E+05	1.141815E-03	-9.974438E+01
3.53850000000E+05	1.713522E-03	-9.665261E+01
3.55718750000E+05	1.494345E-03	-9.154135E+01
3.57587500000E+05	1.274028E-03	-9.113116E+01
3.59456250000E+05	1.764802E-03	-9.615907E+01
3.61325000000E+05	1.407753E-03	-9.488499E+01
3.63193750000E+05	1.610980E-03	-9.476965E+01
3.65062500000E+05	1.361724E-03	-9.103852E+01
3.66931250000E+05	1.515884E-03	-9.456929E+01
3.68800000000E+05	1.575959E-03	-9.970174E+01
3.70668750000E+05	1.435448E-03	-1.021867E+02
3.72537500000E+05	1.568410E-03	-9.626550E+01
3.74406250000E+05	1.485925E-03	-9.656400E+01
3.76275000000E+05	1.736977E-03	-9.771720E+01
3.78143750000E+05	1.622783E-03	-9.086823E+01
3.80012500000E+05	1.408726E-03	-9.067043E+01
3.81881250000E+05	1.563092E-03	-9.279018E+01
3.83750000000E+05	1.655748E-03	-1.017121E+02
3.85618750000E+05	1.678498E-03	-8.630130E+01
3.87487500000E+05	1.495316E-03	-9.549840E+01
3.89356250000E+05	1.684223E-03	-9.575441E+01
3.91225000000E+05	1.642401E-03	-9.886331E+01
3.93093750000E+05	1.510829E-03	-9.282652E+01
3.94962500000E+05	1.704390E-03	-9.635793E+01
3.96831250000E+05	1.692109E-03	-9.479525E+01
3.98700000000E+05	1.443726E-03	-1.003903E+02
4.00568750000E+05	1.541830E-03	-9.893814E+01
4.02437500000E+05	1.370560E-03	-9.948423E+01
4.04306250000E+05	1.599757E-03	-9.307592E+01
4.06175000000E+05	1.582331E-03	-9.419557E+01
4.08043750000E+05	1.584051E-03	-9.711658E+01
4.09912500000E+05	1.678649E-03	-1.002920E+02
4.11781250000E+05	1.815002E-03	-8.929717E+01
4.13650000000E+05	1.589349E-03	-9.064461E+01
4.15518750000E+05	1.631279E-03	-9.347407E+01
4.17387500000E+05	1.522114E-03	-9.707496E+01
4.19256250000E+05	1.664467E-03	-9.730282E+01
4.21125000000E+05	1.769752E-03	-9.206441E+01
4.22993750000E+05	1.446389E-03	-9.565714E+01
4.24862500000E+05	1.848832E-03	-9.572829E+01
4.26731250000E+05	1.888164E-03	-9.766095E+01
4.28600000000E+05	1.713776E-03	-9.986040E+01
4.30468750000E+05	1.670990E-03	-1.018191E+02
4.32337500000E+05	1.836672E-03	-9.222973E+01
4.34206250000E+05	1.891877E-03	-1.037405E+02
4.36075000000E+05	1.792728E-03	-9.170476E+01
4.37943750000E+05	1.774110E-03	-1.023527E+02
4.39812500000E+05	1.729131E-03	-9.302425E+01
4.41681250000E+05	1.768964E-03	-9.863840E+01
4.43550000000E+05	1.761860E-03	-9.723347E+01
4.45418750000E+05	1.745759E-03	-1.005504E+02
4.47287500000E+05	1.831206E-03	-9.735887E+01
4.49156250000E+05	1.737129E-03	-9.333835E+01
4.51025000000E+05	1.934556E-03	-9.930543E+01
4.52893750000E+05	1.795813E-03	-9.386453E+01
4.54762500000E+05	1.819972E-03	-9.790997E+01
4.56631250000E+05	1.890778E-03	-9.630238E+01
4.58500000000E+05	1.864813E-03	-9.565376E+01
4.60368750000E+05	1.863553E-03	-1.017828E+02
4.62237500000E+05	1.828420E-03	-9.785125E+01
4.64106250000E+05	1.940810E-03	-1.007063E+02
4.65975000000E+05	1.717680E-03	-1.010896E+02
4.67843750000E+05	1.808311E-03	-9.896388E+01
4.69712500000E+05	2.046997E-03	-1.037256E+02
4.71581250000E+05	1.762415E-03	-9.611794E+01
4.73450000000E+05	1.851045E-03	-9.465808E+01
4.75318750000E+05	1.812047E-03	-9.390087E+01
4.77187500000E+05	1.968389E-03	-1.019029E+02
4.79056250000E+05	2.213616E-03	-9.982457E+01
4.80925000000E+05	2.032340E-03	-9.740968E+01
4.82793750000E+05	1.901357E-03	-9.640065E+01
4.84662500000E+05	1.973210E-03	-9.466211E+01
4.86531250000E+05	2.021510E-03	-1.023520E+02
4.88400000000E+05	2.111901E-03	-9.698409E+01
4.90268750000E+05	2.063673E-03	-9.994357E+01
4.92137500000E+05	1.809740E-03	-9.587188E+01
4.94006250000E+05	2.055387E-03	-9.939802E+01
4.95875000000E+05	1.936166E-03	-9.927217E+01
4.97743750000E+05	2.094941E-03	-9.904329E+01
4.99612500000E+05	2.051499E-03	-9.549291E+01
5.01481250000E+05	2.109705E-03	-9.484193E+01
5.03350000000E+05	2.050671E-03	-9.617495E+01
5.05218750000E+05	1.908846E-03	-9.615727E+01
5.07087500000E+05	1.943963E-03	-9.883868E+01
5.08956250000E+05	2.135069E-03	-9.753658E+01
5.10825000000E+05	2.143588E-03	-9.777341E+01
5.12693750000E+05	2.039644E-03	-9.990744E+01
5.14562500000E+05	2.109274E-03	-9.756383E+01
5.16431250000E+05	2.220735E-03	-9.643301E+01
5.18300000000E+05	2.120600E-03	-9.753231E+01
5.20168750000E+05	2.075380E-03	-9.715975E+01
5.22037500000E+05	2.147071E-03	-1.009924E+02
5.23906250000E+05	2.013870E-03	-1.008330E+02
5.25775000000E+05	2.187614E-03	-9.674937E+01
5.27643750000E+05	2.193252E-03	-9.694499E+01
5.29512500000E+05	2.179636E-03	-1.003835E+02
5.31381250000E+05	2.276964E-03	-9.555030E+01
5.33250000000E+05	2.161610E-03	-9.704151E+01
5.35118750000E+05	2.257083E-03	-1.001264E+02
5.36987500000E+05	2.110277E-03	-1.001400E+02
5.38856250000E+05	2.195910E-03	-9.565540E+01
5.40725000000E+05	2.341219E-03	-9.735472E+01
5.42593750000E+05	2.172482E-03	-1.006803E+02
5.44462500000E+05	2.181875E-03	-1.005557E+02
5.46331250000E+05	2.164114E-03	-9.742479E+01
5.48200000000E+05	2.284386E-03	-1.015283E+02
5.50068750000E+05	2.268011E-03	-9.717735E+01
5.51937500000E+05	2.288842E-03	-9.943379E+01
5.53806250000E+05	2.303355E-03	-9.466028E+01
5.55675000000E+05	2.349546E-03	-1.040399E+02
5.57543750000E+05	2.297710E-03	-9.879740E+01
5.59412500000E+05	2.259430E-03	-9.872717E+01
5.61281250000E+05	2.162188E-03	-9.813087E+01
5.63150000000E+05	2.313153E-03	-9.718828E+01
5.65018750000E+05	2.205555E-03	-9.892348E+01
5.66887500000E+05	2.359818E-03	-9.539962E+01
5.68756250000E+05	2.312364E-03	-9.852447E+01
5.70625000000E+05	2.320845E-03	-1.027140E+02
5.72493750000E+05	2.361904E-03	-9.924044E+01
5.74362500000E+05	2.454357E-03	-9.923798E+01
5.76231250000E+05	2.356996E-03	-9.902109E+01
5.78100000000E+05	2.288440E-03	-9.689724E+01
5.79968750000E+05	2.371226E-03	-9.920348E+01
5.81837500000E+05	2.361905E-03	-1.000090E+02
5.83706250000E+05	2.403606E-03	-9.612609E+01
5.85575000000E+05	2.309860E-03	-9.636079E+01
5.87443750000E+05	2.440085E-03	-1.010864E+02
5.89312500000E+05	2.412234E-03	-9.786258E+01
5.91181250000E+05	2.374514E-03	-9.910896E+01
5.93050000000E+05	2.358452E-03	-9.888190E+01
5.94918750000E+05	2.581959E-03	-1.007686E+02
5.96787500000E+05	2.470972E-03	-9.994830E+01
5.98656250000E+05	2.463180E-03	-9.641663E+01
6.00525000000E+05	2.437947E-03	-1.018656E+02
6.02393750000E+05	2.487380E-03	-1.009801E+02
6.04262500000E+05	2.505044E-03	-9.902406E+01
6.06131250000E+05	2.525440E-03	-1.004812E+02
6.08000000000E+05	2.554699E-03	-9.822917E+01
6.09868750000E+05	2.681394E-03	-9.873195E+01
6.11737500000E+05	2.506623E-03	-9.599584E+01
6.13606250000E+05	2.540768E-03	-9.780325E+01
6.15475000000E+05	2.431039E-03	-9.954719E+01
6.17343750000E+05	2.425723E-03	-9.901996E+01
6.19212500000E+05	2.526500E-03	-9.504838E+01
6.21081250000E+05	2.437033E-03	-9.718764E+01
6.22950000000E+05	2.408980E-03	-1.008065E+02
6.24818750000E+05	2.392086E-03	-9.995330E+01
6.26687500000E+05	2.606245E-03	-9.841730E+01
6.28556250000E+05	2.543899E-03	-9.868682E+01
6.30425000000E+05	2.689840E-03	-1.004684E+02
6.32293750000E+05	2.535913E-03	-9.859480E+01
6.34162500000E+05	2.658436E-03	-9.845368E+01
6.36031250000E+05	2.663349E-03	-9.790092E+01
6.37900000000E+05	2.518786E-03	-1.011834E+02
6.39768750000E+05	2.605419E-03	-1.036207E+02
6.41637500000E+05	2.471125E-03	-1.021727E+02
6.43506250000E+05	2.566750E-03	-9.883501E+01
6.45375000000E+05	2.773285E-03	-1.017143E+02
6.47243750000E+05	2.502693E-03	-1.002201E+02
6.49112500000E+05	2.736608E-03	-9.860275E+01
6.50981250000E+05	2.562002E-03	-9.928300E+01
6.52850000000E+05	2.679406E-03	-9.890734E+01
6.54718750000E+05	2.795459E-03	-9.761162E+01
6.56587500000E+05	2.661767E-03	-1.000673E+02
6.58456250000E+05	2.739332E-03	-1.052492E+02
6.60325000000E+05	2.783990E-03	-1.028627E+02
6.62193750000E+05	2.678701E-03	-1.003742E+02
6.64062500000E+05	2.692979E-03	-1.018808E+02
6.65931250000E+05	2.681616E-03	-1.026839E+02
6.67800000000E+05	2.621697E-03	-9.901099E+01
6.69668750000E+05	2.776766E-03	-1.008608E+02
6.71537500000E+05	2.818252E-03	-1.005232E+02
6.73406250000E+05	2.727168E-03	-9.958078E+01
6.75275000000E+05	2.862430E-03	-1.006986E+02
6.77143750000E+05	2.782233E-03	-9.862936E+01
6.79012500000E+05	2.754149E-03	-1.006950E+02
6.80881250000E+05	2.657993E-03	-9.885928E+01
6.82750000000E+05	2.857729E-03	-1.023638E+02
6.84618750000E+05	2.742785E-03	-9.866615E+01
6.86487500000E+05	2.892438E-03	-1.021122E+02
6.88356250000E+05	2.940609E-03	-1.009588E+02
6.90225000000E+05	2.751341E-03	-9.969350E+01
6.92093750000E+05	2.810388E-03	-9.989963E+01
6.93962500000E+05	2.883051E-03	-1.012102E+02
6.95831250000E+05	2.799359E-03	-1.005661E+02
6.97700000000E+05	2.740777E-03	-1.017970E+02
6.99568750000E+05	2.800178E-03	-1.033361E+02
7.01437500000E+05	2.829971E-03	-1.013148E+02
7.03306250000E+05	2.929925E-03	-1.016454E+02
7.05175000000E+05	2.870508E-03	-1.021682E+02
7.07043750000E+05	3.006001E-03	-9.818828E+01
7.08912500000E+05	2.957340E-03	-1.016481E+02
7.10781250000E+05	2.997383E-03	-1.017213E+02
7.12650000000E+05	3.019877E-03	-1.022959E+02
7.14518750000E+05	2.900463E-03	-9.951985E+01
7.16387500000E+05	2.879950E-03	-9.959857E+01
7.18256250000E+05	2.863718E-03	-1.008473E+02
7.20125000000E+05	2.901593E-03	-1.017985E+02
7.21993750000E+05	2.974763E-03	-1.014124E+02
7.23862500000E+05	3.013367E-03	-1.007415E+02
7.25731250000E+05	2.938725E-03	-9.912165E+01
7.27600000000E+05	3.085276E-03	-9.905980E+01
7.29468750000E+05	3.044858E-03	-1.005102E+02
7.31337500000E+05	2.925231E-03	-1.022558E+02
7.33206250000E+05	3.089579E-03	-9.839710E+01
7.35075000000E+05	2.947774E-03	-9.908685E+01
7.36943750000E+05	2.984878E-03	-9.902921E+01
7.38812500000E+05	3.030025E-03	-1.006305E+02
7.40681250000E+05	2.969437E-03	-1.000345E+02
7.42550000000E+05	2.972113E-03	-1.010052E+02
7.44418750000E+05	3.078345E-03	-9.852105E+01
7.46287500000E+05	3.132420E-03	-1.023028E+02
7.48156250000E+05	2.958311E-03	-1.001417E+02
7.50025000000E+05	3.027819E-03	-9.940355E+01
7.51893750000E+05	3.060656E-03	-1.007697E+02
7.53762500000E+05	3.127042E-03	-9.773805E+01
7.55631250000E+05	3.150340E-03	-1.030483E+02
7.57500000000E+05	3.151336E-03	-1.012132E+02
7.59368750000E+05	3.149497E-03	-1.001414E+02
7.61237500000E+05	3.134112E-03	-1.026669E+02
7.63106250000E+05	3.007242E-03	-1.017322E+02
7.64975000000E+05	3.110342E-03	-9.878201E+01
7.66843750000E+05	3.112769E-03	-1.030824E+02
7.68712500000E+05	3.229445E-03	-1.009066E+02
7.70581250000E+05	3.092506E-03	-1.041686E+02
7.72450000000E+05	3.216597E-03	-1.018947E+02
7.74318750000E+05	3.177439E-03	-1.046083E+02
7.76187500000E+05	3.116091E-03	-1.017293E+02
7.78056250000E+05	3.100145E-03	-1.019208E+02
7.79925000000E+05	3.318851E-03	-1.023321E+02
7.81793750000E+05	3.329158E-03	-1.018225E+02
7.83662500000E+05	3.167084E-03	-1.013341E+02
7.85531250000E+05	3.299962E-03	-9.923140E+01
7.87400000000E+05	3.267749E-03	-9.840927E+01
7.89268750000E+05	3.274505E-03	-1.006322E+02
7.91137500000E+05	3.297873E-03	-1.015302E+02
7.93006250000E+05	3.344472E-03	-1.041288E+02
7.94875000000E+05	3.314039E-03	-1.010755E+02
7.96743750000E+05	3.373694E-03	-1.040270E+02
7.98612500000E+05	3.321535E-03	-1.016877E+02
8.00481250000E+05	3.214851E-03	-1.041634E+02
8.02350000000E+05	3.044110E-03	-1.028485E+02
8.04218750000E+05	3.350899E-03	-1.043315E+02
8.06087500000E+05	3.240885E-03	-1.008329E+02
8.07956250000E+05	3.250937E-03	-9.974718E+01
8.09825000000E+05	3.364960E-03	-9.975838E+01
8.11693750000E+05	3.258490E-03	-1.034508E+02
8.13562500000E+05	3.329976E-03	-1.002478E+02
8.15431250000E+05	3.448454E-03	-1.024401E+02
8.17300000000E+05	3.273890E-03	-1.037619E+02
8.19168750000E+05	3.386314E-03	-1.024336E+02
8.21037500000E+05	3.373483E-03	-9.924577E+01
8.22906250000E+05	3.359908E-03	-1.041137E+02
8.24775000000E+05	3.247538E-03	-1.036986E+02
8.26643750000E+05	3.447999E-03	-1.009912E+02
8.28512500000E+05	3.591982E-03	-1.023683E+02
8.30381250000E+05	3.366238E-03	-1.007214E+02
8.32250000000E+05	3.330882E-03	-1.020011E+02
8.34118750000E+05	3.435992E-03	-1.043344E+02
8.35987500000E+05	3.419768E-03	-1.022505E+02
8.37856250000E+05	3.414035E-03	-1.012808E+02
8.39725000000E+05	3.373056E-03	-1.035424E+02
8.41593750000E+05	3.528489E-03	-1.024216E+02
8.43462500000E+05	3.543928E-03	-1.010294E+02
8.45331250000E+05	3.638876E-03	-1.010585E+02
8.47200000000E+05	3.379032E-03	-1.054812E+02
8.49068750000E+05	3.569615E-03	-1.024049E+02
8.50937500000E+05	3.457138E-03	-1.034515E+02
8.52806250000E+05	3.504986E-03	-1.041292E+02
8.54675000000E+05	3.540434E-03	-1.009959E+02
8.56543750000E+05	3.441485E-03	-1.025708E+02
8.58412500000E+05	3.530579E-03	-1.056742E+02
8.60281250000E+05	3.450529E-03	-1.033198E+02
8.62150000000E+05	3.711548E-03	-1.028857E+02
8.64018750000E+05	3.554335E-03	-1.029159E+02
8.65887500000E+05	3.547005E-03	-1.035825E+02
8.67756250000E+05	3.456948E-03	-1.049543E+02
8.69625000000E+05	3.622197E-03	-1.029914E+02
8.71493750000E+05	3.490002E-03	-1.024081E+02
8.73362500000E+05	3.511802E-03	-1.017414E+02
8.75231250000E+05	3.686910E-03	-1.060434E+02
8.77100000000E+05	3.700069E-03	-1.047546E+02
8.78968750000E+05	3.716953E-03	-1.026737E+02
8.80837500000E+05	3.559310E-03	-1.034689E+02
8.82706250000E+05	3.641491E-03	-1.048502E+02
8.84575000000E+05	3.647183E-03	-1.036403E+02
8.86443750000E+05	3.612389E-03	-1.042899E+02
8.88312500000E+05	3.678736E-03	-1.028997E+02
8.90181250000E+05	3.694760E-03	-1.051396E+02
8.92050000000E+05	3.912276E-03	-1.064842E+02
8.93918750000E+05	3.660645E-03	-1.047120E+02
8.95787500000E+05	3.662442E-03	-1.018562E+02
8.97656250000E+05	3.571704E-03	-1.054626E+02
8.99525000000E+05	3.560257E-03	-1.033723E+02
9.01393750000E+05	3.754776E-03	-1.053257E+02
9.03262500000E+05	3.697700E-03	-1.045248E+02
9.05131250000E+05	3.666114E-03	-1.028589E+02
9.07000000000E+05	3.651892E-03	-1.024429E+02
9.08868750000E+05	3.659117E-03	-1.031147E+02
9.10737500000E+05	3.722077E-03	-1.044252E+02
9.12606250000E+05	3.733613E-03	-1.044274E+02
9.14475000000E+05	3.742123E-03	-1.038146E+02
9.16343750000E+05	3.789374E-03	-1.057992E+02
9.18212500000E+05	3.828280E-03	-1.044206E+02
9.20081250000E+05	3.942009E-03	-1.042362E+02
9.21950000000E+05	3.778183E-03	-1.046741E+02
9.23818750000E+05	3.643596E-03	-1.053214E+02
9.25687500000E+05	3.825305E-03	-1.041330E+02
9.27556250000E+05	3.827759E-03	-1.039149E+02
9.29425000000E+05	3.791631E-03	-1.037329E+02
9.31293750000E+05	3.791595E-03	-1.061416E+02
9.33162500000E+05	3.831985E-03	-1.036346E+02
9.35031250000E+05	3.920234E-03	-1.035688E+02
9.36900000000E+05	3.954565E-03	-1.049491E+02
9.38768750000E+05	3.788622E-03	-1.067992E+02
9.40637500000E+05	3.898792E-03	-1.045297E+02
9.42506250000E+05	3.901039E-03	-1.021201E+02
9.44375000000E+05	3.900631E-03	-1.050332E+02
9.46243750000E+05	3.774255E-03	-1.044708E+02
9.48112500000E+05	3.965983E-03	-1.028314E+02
9.49981250000E+05	3.641142E-03	-1.037257E+02
9.51850000000E+05	3.937867E-03	-1.032145E+02
9.53718750000E+05	3.961654E-03	-1.066207E+02
9.55587500000E+05	3.950748E-03	-1.055931E+02
9.57456250000E+05	3.971470E-03	-1.053670E+02
9.59325000000E+05	3.924605E-03	-1.046089E+02
9.61193750000E+05	3.850622E-03	-1.051587E+02
9.63062500000E+05	4.048006E-03	-1.050565E+02
9.64931250000E+05	3.786171E-03	-1.047351E+02
9.66800000000E+05	4.001453E-03	-1.050860E+02
9.68668750000E+05	3.888005E-03	-1.049625E+02
9.70537500000E+05	4.103152E-03	-1.038085E+02
9.72406250000E+05	4.105756E-03	-1.043474E+02
9.74275000000E+05	4.035738E-03	-1.022527E+02
9.76143750000E+05	3.988014E-03	-1.051379E+02
9.78012500000E+05	4.003039E-03	-1.053053E+02
9.79881250000E+05	4.212172E-03	-1.040408E+02
9.81750000000E+05	4.197071E-03	-1.058822E+02
9.83618750000E+05	4.135886E-03	-1.045544E+02
9.85487500000E+05	3.871515E-03	-1.072446E+02
9.87356250000E+05	4.042255E-03	-1.063826E+02
9.89225000000E+05	4.125928E-03	-1.062023E+02
9.91093750000E+05	4.137647E-03	-1.061493E+02
9.92962500000E+05	4.016104E-03	-1.040224E+02
9.94831250000E+05	4.154167E-03	-1.050163E+02
9.96700000000E+05	4.148539E-03	-1.033780E+02
9.98568750000E+05	4.244634E-03	-1.043376E+02
1.00043750000E+06	4.116733E-03	-1.044988E+02
1.00230625000E+06	4.147825E-03	-1.054907E+02
1.00417500000E+06	4.015271E-03	-1.055242E+02
1.00604375000E+06	4.291492E-03	-1.043706E+02
1.00791250000E+06	4.135205E-03	-1.068103E+02
1.00978125000E+06	4.166910E-03	-1.049513E+02
1.01165000000E+06	4.133951E-03	-1.043130E+02
1.01351875000E+06	4.181108E-03	-1.033681E+02
1.01538750000E+06	4.157220E-03	-1.046686E+02
1.01725625000E+06	4.143189E-03	-1.040986E+02
1.01912500000E+06	4.258372E-03	-1.069544E+02
1.02099375000E+06	4.174063E-03	-1.052520E+02
1.02286250000E+06	4.183474E-03	-1.043495E+02
1.02473125000E+06	4.171800E-03	-1.052416E+02
1.02660000000E+06	4.128452E-03	-1.072860E+02
1.02846875000E+06	4.187708E-03	-1.039924E+02
1.03033750000E+06	4.262821E-03	-1.069343E+02
1.03220625000E+06	4.235811E-03	-1.056468E+02
1.03407500000E+06	4.197572E-03	-1.031164E+02
1.03594375000E+06	4.233638E-03	-1.040571E+02
1.03781250000E+06	4.170877E-03	-1.059279E+02
1.03968125000E+06	4.231624E-03	-1.050195E+02
1.04155000000E+06	4.201049E-03	-1.066568E+02
1.04341875000E+06	4.309426E-03	-1.071236E+02
1.04528750000E+06	4.354582E-03	-1.055225E+02
1.04715625000E+06	4.321511E-03	-1.062925E+02
1.04902500000E+06	4.166817E-03	-1.061889E+02
1.05089375000E+06	4.254828E-03	-1.079547E+02
1.05276250000E+06	4.329726E-03	-1.054970E+02
1.05463125000E+06	4.398723E-03	-1.072974E+02
1.05650000000E+06	4.392360E-03	-1.059584E+02
1.05836875000E+06	4.284708E-03	-1.067654E+02
1.06023750000E+06	4.543698E-03	-1.055190E+02
1.06210625000E+06	4.219207E-03	-1.061008E+02
1.06397500000E+06	4.378245E-03	-1.072011E+02
1.06584375000E+06	4.438933E-03	-1.061639E+02
1.06771250000E+06	4.443317E-03	-1.059922E+02
1.06958125000E+06	4.413148E-03	-1.056561E+02
1.07145000000E+06	4.454918E-03	-1.061709E+02
1.07331875000E+06	4.449438E-03	-1.053011E+02
1.07518750000E+06	4.388805E-03	-1.066974E+02
1.07705625000E+06	4.537261E-03	-1.068931E+02
1.07892500000E+06	4.365739E-03	-1.087203E+02
1.08079375000E+06	4.454376E-03	-1.060805E+02
1.08266250000E+06	4.488020E-03	-1.067574E+02
1.08453125000E+06	4.480078E-03	-1.060610E+02
1.08640000000E+06	4.430411E-03	-1.053473E+02
1.08826875000E+06	4.396238E-03	-1.061814E+02
1.09013750000E+06	4.492701E-03	-1.081572E+02
1.09200625000E+06	4.676060E-03	-1.049938E+02
1.09387500000E+06	4.590645E-03	-1.076337E+02
1.09574375000E+06	4.662358E-03	-1.062969E+02
1.09761250000E+06	4.590729E-03	-1.063313E+02
1.09948125000E+06	4.440740E-03	-1.057528E+02
1.10135000000E+06	4.534481E-03	-1.073690E+02
1.10321875000E+06	4.500423E-03	-1.076050E+02
1.10508750000E+06	4.485331E-03	-1.066572E+02
1.10695625000E+06	4.424542E-03	-1.060787E+02
1.10882500000E+06	4.548840E-03	-1.081667E+02
1.11069375000E+06	4.513937E-03	-1.066793E+02
1.11256250000E+06	4.485684E-03	-1.058713E+02
1.11443125000E+06	4.565332E-03	-1.067589E+02
1.11630000000E+06	4.669370E-03	-1.062883E+02
1.11816875000E+06	4.769908E-03	-1.059280E+02
1.12003750000E+06	4.753334E-03	-1.075493E+02
1.12190625000E+06	4.664654E-03	-1.050094E+02
1.12377500000E+06	4.613367E-03	-1.073480E+02
1.12564375000E+06	4.675756E-03	-1.075868E+02
1.12751250000E+06	4.786259E-03	-1.068082E+02
1.12938125000E+06	4.748645E-03	-1.084377E+02
1.13125000000E+06	4.649612E-03	-1.091135E+02
1.13311875000E+06	4.667058E-03	-1.086860E+02
1.13498750000E+06	4.749663E-03	-1.069497E+02
1.13685625000E+06	4.899286E-03	-1.059667E+02
1.13872500000E+06	4.683521E-03	-1.067612E+02
1.14059375000E+06	4.745270E-03	-1.084241E+02
1.14246250000E+06	4.655879E-03	-1.063744E+02
1.14433125000E+06	4.830563E-03	-1.072996E+02
1.14620000000E+06	4.788616E-03	-1.088214E+02
1.14806875000E+06	4.822275E-03	-1.079329E+02
1.14993750000E+06	4.740981E-03	-1.078544E+02
1.15180625000E+06	4.642694E-03	-1.083626E+02
1.15367500000E+06	4.932754E-03	-1.086817E+02
1.15554375000E+06	4.904399E-03	-1.067873E+02
1.15741250000E+06	4.712916E-03	-1.101178E+02
1.15928125000E+06	4.819026E-03	-1.089368E+02
1.16115000000E+06	4.793460E-03	-1.087092E+02
1.16301875000E+06	4.831727E-03	-1.098474E+02
1.16488750000E+06	4.902293E-03	-1.084169E+02
1.16675625000E+06	4.933222E-03	-1.080564E+02
1.16862500000E+06	4.684739E-03	-1.073268E+02
1.17049375000E+06	4.772845E-03	-1.067344E+02
1.17236250000E+06	4.800382E-03	-1.092389E+02
1.17423125000E+06	4.858215E-03	-1.055413E+02
1.17610000000E+06	4.963470E-03	-1.080996E+02
1.17796875000E+06	4.864240E-03	-1.077641E+02
1.17983750000E+06	4.819636E-03	-1.086832E+02
1.18170625000E+06	4.941635E-03	-1.069171E+02
1.18357500000E+06	5.103392E-03	-1.087134E+02
1.18544375000E+06	4.927626E-03	-1.099634E+02
1.18731250000E+06	5.007342E-03	-1.078901E+02
1.18918125000E+06	4.885087E-03	-1.077582E+02
1.19105000000E+06	4.853171E-03	-1.072458E+02
1.19291875000E+06	4.812143E-03	-1.068563E+02
1.19478750000E+06	4.942193E-03	-1.061094E+02
1.19665625000E+06	5.163128E-03	-1.078946E+02
1.19852500000E+06	4.975008E-03	-1.086625E+02
1.20039375000E+06	5.001922E-03	-1.069958E+02
1.20226250000E+06	5.069559E-03	-1.089145E+02
1.20413125000E+06	5.151055E-03	-1.071443E+02
1.20600000000E+06	5.023411E-03	-1.087389E+02
1.20786875000E+06	5.083656E-03	-1.070709E+02
1.20973750000E+06	5.105075E-03	-1.073855E+02
1.21160625000E+06	5.089380E-03	-1.061577E+02
1.21347500000E+06	4.987288E-03	-1.088071E+02
1.21534375000E+06	5.096489E-03	-1.112557E+02
1.21721250000E+06	4.900490E-03	-1.082849E+02
1.21908125000E+06	5.123974E-03	-1.079150E+02
1.22095000000E+06	4.866241E-03	-1.081639E+02
1.22281875000E+06	5.070202E-03	-1.083518E+02
1.22468750000E+06	5.088656E-03	-1.086584E+02
1.22655625000E+06	5.009691E-03	-1.073226E+02
1.22842500000E+06	5.039671E-03	-1.089107E+02
1.23029375000E+06	5.079860E-03	-1.089499E+02
1.23216250000E+06	5.107864E-03	-1.088589E+02
1.23403125000E+06	5.143577E-03	-1.088793E+02
1.23590000000E+06	5.316672E-03	-1.081243E+02
1.23776875000E+06	5.107874E-03	-1.092008E+02
1.23963750000E+06	5.085217E-03	-1.073761E+02
1.24150625000E+06	5.126758E-03	-1.076963E+02
1.24337500000E+06	5.179718E-03	-1.068121E+02
1.24524375000E+06	5.186828E-03	-1.089740E+02
1.24711250000E+06	4.992740E-03	-1.101893E+02
1.24898125000E+06	5.281108E-03	-1.090251E+02
1.25085000000E+06	5.138301E-03	-1.083746E+02
1.25271875000E+06	5.073953E-03	-1.090331E+02
1.25458750000E+06	5.236015E-03	-1.079297E+02
1.25645625000E+06	5.352655E-03	-1.088525E+02
1.25832500000E+06	5.319297E-03	-1.104688E+02
1.26019375000E+06	5.264881E-03	-1.088333E+02
1.26206250000E+06	5.108389E-03	-1.093496E+02
1.26393125000E+06	5.141767E-03	-1.090254E+02
1.26580000000E+06	5.110665E-03	-1.094942E+02
1.26766875000E+06	5.273697E-03	-1.098693E+02
1.26953750000E+06	5.359627E-03	-1.089203E+02
1.27140625000E+06	5.287705E-03	-1.091066E+02
1.27327500000E+06	5.399830E-03	-1.091267E+02
1.27514375000E+06	5.326751E-03	-1.097506E+02
1.27701250000E+06	5.348047E-03	-1.084428E+02
1.27888125000E+06	5.430646E-03	-1.082290E+02
1.28075000000E+06	5.358272E-03	-1.093331E+02
1.28261875000E+06	5.211654E-03	-1.091287E+02
1.28448750000E+06	5.464775E-03	-1.088880E+02
1.28635625000E+06	5.369829E-03	-1.067831E+02
1.28822500000E+06	5.325887E-03	-1.113554E+02
1.29009375000E+06	5.180852E-03	-1.090116E+02
1.29196250000E+06	5.383843E-03	-1.100269E+02
1.29383125000E+06	5.337812E-03	-1.079936E+02
1.29570000000E+06	5.492941E-03	-1.096897E+02
1.29756875000E+06	5.463880E-03	-1.076836E+02
1.29943750000E+06	5.520743E-03	-1.097077E+02
1.30130625000E+06	5.435939E-03	-1.096699E+02
1.30317500000E+06	5.441769E-03	-1.087329E+02
1.30504375000E+06	5.598874E-03	-1.101508E+02
1.30691250000E+06	5.257472E-03	-1.090554E+02
1.30878125000E+06	5.420509E-03	-1.090566E+02
1.31065000000E+06	5.333669E-03	-1.094490E+02
1.31251875000E+06	5.467383E-03	-1.083811E+02
1.31438750000E+06	5.485266E-03	-1.086721E+02
1.31625625000E+06	5.455492E-03	-1.088230E+02
1.31812500000E+06	5.529410E-03	-1.095021E+02
1.31999375000E+06	5.354448E-03	-1.097114E+02
1.32186250000E+06	5.422726E-03	-1.089051E+02
1.32373125000E+06	5.433226E-03	-1.094186E+02
1.32560000000E+06	5.518924E-03	-1.087483E+02
1.32746875000E+06	5.586336E-03	-1.106646E+02
1.32933750000E+06	5.462102E-03	-1.097729E+02
1.33120625000E+06	5.507249E-03	-1.101238E+02
1.33307500000E+06	5.333932E-03	-1.097331E+02
1.33494375000E+06	5.421379E-03	-1.105540E+02
1.33681250000E+06	5.518349E-03	-1.082922E+02
1.33868125000E+06	5.662688E-03	-1.105979E+02
1.34055000000E+06	5.555587E-03	-1.106594E+02
1.34241875000E+06	5.557857E-03	-1.103937E+02
1.34428750000E+06	5.547517E-03	-1.084030E+02
1.34615625000E+06	5.632024E-03	-1.090046E+02
1.34802500000E+06	5.646435E-03	-1.099451E+02
1.34989375000E+06	5.619886E-03	-1.088905E+02
1.35176250000E+06	5.611931E-03	-1.087742E+02
1.35363125000E+06	5.497810E-03	-1.106554E+02
1.35550000000E+06	5.491913E-03	-1.099030E+02
1.35736875000E+06	5.568789E-03	-1.097426E+02
1.35923750000E+06	5.593327E-03	-1.104926E+02
1.36110625000E+06	5.650650E-03	-1.097539E+02
1.36297500000E+06	5.718658E-03	-1.100672E+02
1.36484375000E+06	5.526121E-03	-1.110008E+02
1.36671250000E+06	5.662420E-03	-1.110140E+02
1.36858125000E+06	5.710165E-03	-1.102345E+02
1.37045000000E+06	5.794093E-03	-1.106768E+02
1.37231875000E+06	5.856925E-03	-1.104665E+02
1.37418750000E+06	5.667122E-03	-1.100787E+02
1.37605625000E+06	5.865077E-03	-1.098032E+02
1.37792500000E+06	5.636135E-03	-1.105650E+02
1.37979375000E+06	5.809186E-03	-1.104033E+02
1.38166250000E+06	5.738165E-03	-1.099451E+02
1.38353125000E+06	5.629602E-03	-1.099598E+02
1.38540000000E+06	5.787537E-03	-1.113216E+02
1.38726875000E+06	5.685804E-03	-1.099153E+02
1.38913750000E+06	5.740864E-03	-1.089217E+02
1.39100625000E+06	5.726806E-03	-1.120498E+02
1.39287500000E+06	5.775231E-03	-1.107699E+02
1.39474375000E+06	5.888809E-03	-1.103549E+02
1.39661250000E+06	6.041932E-03	-1.119846E+02
1.39848125000E+06	5.890945E-03	-1.109388E+02
1.40035000000E+06	5.836934E-03	-1.110139E+02
1.40221875000E+06	5.948657E-03	-1.102619E+02
1.40408750000E+06	5.924912E-03	-1.099360E+02
1.40595625000E+06	5.932762E-03	-1.111569E+02
1.40782500000E+06	5.962311E-03	-1.106601E+02
1.40969375000E+06	5.843314E-03	-1.089042E+02
1.41156250000E+06	5.914532E-03	-1.107564E+02
1.41343125000E+06	5.785645E-03	-1.111673E+02
1.41530000000E+06	5.912816E-03	-1.097355E+02
1.41716875000E+06	5.764206E-03	-1.114610E+02
1.41903750000E+06	5.862423E-03	-1.103182E+02
1.42090625000E+06	5.845696E-03	-1.108227E+02
1.42277500000E+06	6.010364E-03	-1.117810E+02
1.42464375000E+06	5.846756E-03	-1.114634E+02
1.42651250000E+06	6.074720E-03	-1.109862E+02
1.42838125000E+06	5.975193E-03	-1.105749E+02
1.43025000000E+06	6.043654E-03	-1.115676E+02
1.43211875000E+06	6.091616E-03	-1.100724E+02
1.43398750000E+06	5.978178E-03	-1.106387E+02
1.43585625000E+06	6.065371E-03	-1.096763E+02
1.43772500000E+06	5.940612E-03	-1.105373E+02
1.43959375000E+06	6.210594E-03	-1.115676E+02
1.44146250000E+06	6.218972E-03	-1.111302E+02
1.44333125000E+06	5.946173E-03	-1.103007E+02
1.44520000000E+06	6.065684E-03	-1.103783E+02
1.44706875000E+06	6.049724E-03	-1.106553E+02
1.44893750000E+06	6.107453E-03	-1.109653E+02
1.45080625000E+06	6.063144E-03	-1.113003E+02
1.45267500000E+06	5.937430E-03	-1.123082E+02
1.45454375000E+06	6.171281E-03	-1.126319E+02
1.45641250000E+06	6.172394E-03	-1.126730E+02
1.45828125000E+06	6.206688E-03	-1.133234E+02
1.46015000000E+06	6.124828E-03	-1.105039E+02
1.46201875000E+06	6.053492E-03	-1.115561E+02
1.46388750000E+06	6.179295E-03	-1.127532E+02
1.46575625000E+06	6.197025E-03	-1.111102E+02
1.46762500000E+06	6.274207E-03	-1.123540E+02
1.46949375000E+06	6.140308E-03	-1.108439E+02
1.47136250000E+06	6.167249E-03	-1.111130E+02
1.47323125000E+06	6.077744E-03	-1.121883E+02
1.47510000000E+06	6.179068E-03	-1.129459E+02
1.47696875000E+06	6.195073E-03	-1.118544E+02
1.47883750000E+06	6.227398E-03	-1.111500E+02
1.48070625000E+06	6.355102E-03	-1.107106E+02
1.48257500000E+06	6.143146E-03	-1.103845E+02
1.48444375000E+06	6.219807E-03	-1.119308E+02
1.48631250000E+06	6.078262E-03	-1.117330E+02
1.48818125000E+06	6.217722E-03	-1.120293E+02
1.49005000000E+06	6.387587E-03	-1.126522E+02
1.49191875000E+06	6.398648E-03	-1.130058E+02
1.49378750000E+06	6.150406E-03	-1.106778E+02
1.49565625000E+06	6.297365E-03	-1.130323E+02
1.49752500000E+06	6.096652E-03	-1.131179E+02
1.49939375000E+06	6.304634E-03	-1.128503E+02
1.50126250000E+06	6.173131E-03	-1.123275E+02
1.50313125000E+06	6.385495E-03	-1.096211E+02
1.50500000000E+06	6.140004E-03	-1.110409E+02
1.50686875000E+06	6.369386E-03	-1.126248E+02
1.50873750000E+06	6.350128E-03	-1.125283E+02
1.51060625000E+06	6.392815E-03	-1.131631E+02
1.51247500000E+06	6.506418E-03	-1.135057E+02
1.51434375000E+06	6.450123E-03	-1.107590E+02
1.51621250000E+06	6.361882E-03	-1.112743E+02
1.51808125000E+06	6.353174E-03	-1.141536E+02
1.51995000000E+06	6.348590E-03	-1.133472E+02
1.52181875000E+06	6.389882E-03	-1.138588E+02
1.52368750000E+06	6.460636E-03	-1.114503E+02
1.52555625000E+06	6.436886E-03	-1.122682E+02
1.52742500000E+06	6.406398E-03	-1.139742E+02
1.52929375000E+06	6.450621E-03	-1.133905E+02
1.53116250000E+06	6.267241E-03	-1.119879E+02
1.53303125000E+06	6.339581E-03	-1.132782E+02
1.53490000000E+06	6.396824E-03	-1.119063E+02
1.53676875000E+06	6.338743E-03	-1.134713E+02
1.53863750000E+06	6.556961E-03	-1.123465E+02
1.54050625000E+06	6.513509E-03	-1.128148E+02
1.54237500000E+06	6.578485E-03	-1.135208E+02
1.54424375000E+06	6.467091E-03	-1.123643E+02
1.54611250000E+06	6.536679E-03	-1.125004E+02
1.54798125000E+06	6.574023E-03	-1.128784E+02
1.54985000000E+06	6.565437E-03	-1.124517E+02
1.55171875000E+06	6.526562E-03	-1.131077E+02
1.55358750000E+06	6.578667E-03	-1.133956E+02
1.55545625000E+06	6.558042E-03	-1.124786E+02
1.55732500000E+06	6.516161E-03	-1.141066E+02
1.55919375000E+06	6.635798E-03	-1.154623E+02
1.56106250000E+06	6.527327E-03	-1.139776E+02
1.56293125000E+06	6.517631E-03	-1.110237E+02
1.56480000000E+06	6.548225E-03	-1.133384E+02
1.56666875000E+06	6.481805E-03	-1.125966E+02
1.56853750000E+06	6.686708E-03	-1.133677E+02
1.57040625000E+06	6.649947E-03	-1.135942E+02
1.57227500000E+06	6.670583E-03	-1.126932E+02
1.57414375000E+06	6.696408E-03	-1.128719E+02
1.57601250000E+06	6.650055E-03	-1.125660E+02
1.57788125000E+06	6.631207E-03	-1.138472E+02
1.57975000000E+06	6.692768E-03	-1.134468E+02
1.58161875000E+06	6.606338E-03	-1.137550E+02
1.58348750000E+06	6.644301E-03	-1.139078E+02
1.58535625000E+06	6.642065E-03	-1.134007E+02
1.58722500000E+06	6.763068E-03	-1.145183E+02
1.58909375000E+06	6.775907E-03	-1.131869E+02
1.59096250000E+06	6.619217E-03	-1.133492E+02
1.59283125000E+06	6.535008E-03	-1.131328E+02
1.59470000000E+06	6.682601E-03	-1.136013E+02
1.59656875000E+06	6.695744E-03	-1.130334E+02
1.59843750000E+06	6.834819E-03	-1.137687E+02
1.60030625000E+06	6.756068E-03	-1.136228E+02
1.60217500000E+06	6.913821E-03	-1.138830E+02
1.60404375000E+06	6.847149E-03	-1.127957E+02
1.60591250000E+06	6.725469E-03	-1.138569E+02
1.60778125000E+06	7.012579E-03	-1.139822E+02
1.60965000000E+06	6.967350E-03	-1.134877E+02
1.61151875000E+06	6.687168E-03	-1.144249E+02
1.61338750000E+06	6.925465E-03	-1.140612E+02
1.61525625000E+06	6.630266E-03	-1.138080E+02
1.61712500000E+06	6.805424E-03	-1.144491E+02
1.61899375000E+06	6.690849E-03	-1.117516E+02
1.62086250000E+06	6.747908E-03	-1.146685E+02
1.62273125000E+06	6.755487E-03	-1.139631E+02
1.62460000000E+06	6.984422E-03	-1.138807E+02
1.62646875000E+06	6.924521E-03	-1.133941E+02
1.62833750000E+06	6.930727E-03	-1.130284E+02
1.63020625000E+06	6.893687E-03	-1.139656E+02
1.63207500000E+06	6.818815E-03	-1.142754E+02
1.63394375000E+06	6.889644E-03	-1.141120E+02
1.63581250000E+06	6.987184E-03	-1.144310E+02
1.63768125000E+06	6.824300E-03	-1.148785E+02
1.63955000000E+06	7.011885E-03	-1.136621E+02
1.64141875000E+06	6.856898E-03	-1.138871E+02
1.64328750000E+06	7.077454E-03	-1.151484E+02
1.64515625000E+06	7.166272E-03	-1.141247E+02
1.64702500000E+06	6.919391E-03	-1.130049E+02
1.64889375000E+06	7.044785E-03	-1.164165E+02
1.65076250000E+06	7.170710E-03	-1.149021E+02
1.65263125000E+06	6.880352E-03	-1.131557E+02
1.65450000000E+06	7.102276E-03	-1.136798E+02
1.65636875000E+06	7.213074E-03	-1.151888E+02
1.65823750000E+06	7.057994E-03	-1.147106E+02
1.66010625000E+06	7.176318E-03	-1.148999E+02
1.66197500000E+06	7.087125E-03	-1.137332E+02
1.66384375000E+06	7.008981E-03	-1.149932E+02
1.66571250000E+06	7.193830E-03	-1.155699E+02
1.66758125000E+06	7.056781E-03	-1.141764E+02
1.66945000000E+06	7.149850E-03	-1.148816E+02
1.67131875000E+06	7.028113E-03	-1.152827E+02
1.67318750000E+06	7.115101E-03	-1.164282E+02
1.67505625000E+06	7.174200E-03	-1.142129E+02
1.67692500000E+06	7.330063E-03	-1.140292E+02
1.67879375000E+06	7.046166E-03	-1.155141E+02
1.68066250000E+06	7.113851E-03	-1.141153E+02
1.68253125000E+06	7.235858E-03	-1.156370E+02
1.68440000000E+06	7.319304E-03	-1.163558E+02
1.68626875000E+06	7.219320E-03	-1.147420E+02
1.68813750000E+06	7.311220E-03	-1.146200E+02
1.69000625000E+06	7.232864E-03	-1.141309E+02
1.69187500000E+06	7.300423E-03	-1.148012E+02
1.69374375000E+06	7.259395E-03	-1.145527E+02
1.69561250000E+06	7.333792E-03	-1.156864E+02
1.69748125000E+06	7.275480E-03	-1.148367E+02
1.69935000000E+06	7.173856E-03	-1.146201E+02
1.70121875000E+06	7.347215E-03	-1.147247E+02
1.70308750000E+06	7.250953E-03	-1.146826E+02
1.70495625000E+06	7.285621E-03	-1.145330E+02
1.70682500000E+06	7.373927E-03	-1.136893E+02
1.70869375000E+06	7.212176E-03	-1.153592E+02
1.71056250000E+06	7.295921E-03	-1.148800E+02
1.71243125000E+06	7.335429E-03	-1.160148E+02
1.71430000000E+06	7.329063E-03	-1.143590E+02
1.71616875000E+06	7.394762E-03	-1.166965E+02
1.71803750000E+06	7.277453E-03	-1.150554E+02
1.71990625000E+06	7.306810E-03	-1.163228E+02
1.72177500000E+06	7.204184E-03	-1.149098E+02
1.72364375000E+06	7.215782E-03	-1.165766E+02
1.72551250000E+06	7.353878E-03	-1.161100E+02
1.72738125000E+06	7.367546E-03	-1.154362E+02
1.72925000000E+06	7.604454E-03	-1.159313E+02
1.73111875000E+06	7.419423E-03	-1.150699E+02
1.73298750000E+06	7.460926E-03	-1.153998E+02
1.73485625000E+06	7.556755E-03	-1.157688E+02
1.73672500000E+06	7.589432E-03	-1.146839E+02
1.73859375000E+06	7.415957E-03	-1.144618E+02
1.74046250000E+06	7.467820E-03	-1.155380E+02
1.74233125000E+06	7.497881E-03	-1.157118E+02
1.74420000000E+06	7.433744E-03	-1.152104E+02
1.74606875000E+06	7.462265E-03	-1.148561E+02
1.74793750000E+06	7.492501E-03	-1.159676E+02
1.74980625000E+06	7.486484E-03	-1.157784E+02
1.75167500000E+06	7.490212E-03	-1.162151E+02
1.75354375000E+06	7.489601E-03	-1.168701E+02
1.75541250000E+06	7.463724E-03	-1.161538E+02
1.75728125000E+06	7.576650E-03	-1.150103E+02
1.75915000000E+06	7.389234E-03	-1.159056E+02
1.76101875000E+06	7.540890E-03	-1.156634E+02
1.76288750000E+06	7.562312E-03	-1.158297E+02
1.76475625000E+06	7.597462E-03	-1.153688E+02
1.76662500000E+06	7.526244E-03	-1.159851E+02
1.76849375000E+06	7.477679E-03	-1.157620E+02
1.77036250000E+06	7.638121E-03	-1.161752E+02
1.77223125000E+06	7.705496E-03	-1.156854E+02
1.77410000000E+06	7.715784E-03	-1.164471E+02
1.77596875000E+06	7.697557E-03	-1.158639E+02
1.77783750000E+06	7.651874E-03	-1.168511E+02
1.77970625000E+06	7.679324E-03	-1.162608E+02
1.78157500000E+06	7.681029E-03	-1.162065E+02
1.78344375000E+06	7.537645E-03	-1.166821E+02
1.78531250000E+06	7.578410E-03	-1.165512E+02
1.78718125000E+06	7.643696E-03	-1.170382E+02
1.78905000000E+06	7.716679E-03	-1.168089E+02
1.79091875000E+06	7.808532E-03	-1.171691E+02
1.79278750000E+06	7.706493E-03	-1.177890E+02
1.79465625000E+06	7.589135E-03	-1.163507E+02
1.79652500000E+06	7.706703E-03	-1.170564E+02
1.79839375000E+06	7.792893E-03	-1.161637E+02
1.80026250000E+06	7.735769E-03	-1.171980E+02
1.80213125000E+06	7.757616E-03	-1.165340E+02
1.80400000000E+06	7.796148E-03	-1.173171E+02
1.80586875000E+06	7.788103E-03	-1.168205E+02
1.80773750000E+06	7.817131E-03	-1.172365E+02
1.80960625000E+06	7.642077E-03	-1.169086E+02
1.81147500000E+06	7.819858E-03	-1.159575E+02
1.81334375000E+06	7.920862E-03	-1.179670E+02
1.81521250000E+06	7.716538E-03	-1.152578E+02
1.81708125000E+06	7.772323E-03	-1.178818E+02
1.81895000000E+06	7.927584E-03	-1.181709E+02
1.82081875000E+06	7.835196E-03	-1.177739E+02
1.82268750000E+06	7.883530E-03	-1.164292E+02
1.82455625000E+06	7.804028E-03	-1.165135E+02
1.82642500000E+06	8.034152E-03	-1.174488E+02
1.82829375000E+06	7.843524E-03	-1.176545E+02
1.83016250000E+06	7.879810E-03	-1.173065E+02
1.83203125000E+06	8.147143E-03	-1.163193E+02
1.83390000000E+06	7.984183E-03	-1.164624E+02
1.83576875000E+06	7.938277E-03	-1.170691E+02
1.83763750000E+06	8.038475E-03	-1.171993E+02
1.83950625000E+06	7.967847E-03	-1.176596E+02
1.84137500000E+06	7.968192E-03	-1.169815E+02
1.84324375000E+06	7.977103E-03	-1.169137E+02
1.84511250000E+06	7.944414E-03	-1.177578E+02
1.84698125000E+06	7.891404E-03	-1.183449E+02
1.84885000000E+06	7.945249E-03	-1.159753E+02
1.85071875000E+06	8.082304E-03	-1.171853E+02
1.85258750000E+06	8.158252E-03	-1.180746E+02
1.85445625000E+06	8.008045E-03	-1.182348E+02
1.85632500000E+06	8.137131E-03	-1.172946E+02
1.85819375000E+06	8.075007E-03	-1.177348E+02
1.86006250000E+06	7.980553E-03	-1.184072E+02
1.86193125000E+06	8.079301E-03	-1.188362E+02
1.86380000000E+06	8.015051E-03	-1.185184E+02
1.86566875000E+06	8.166993E-03	-1.181242E+02
1.86753750000E+06	8.124403E-03	-1.186169E+02
1.86940625000E+06	8.171996E-03	-1.184252E+02
1.87127500000E+06	8.139038E-03	-1.167368E+02
1.87314375000E+06	8.189744E-03	-1.183857E+02
1.87501250000E+06	8.147581E-03	-1.172472E+02
1.87688125000E+06	8.016888E-03	-1.170613E+02
1.87875000000E+06	8.064193E-03	-1.183286E+02
1.88061875000E+06	8.280436E-03	-1.173995E+02
1.88248750000E+06	8.011443E-03	-1.176441E+02
1.88435625000E+06	8.123185E-03	-1.181801E+02
1.88622500000E+06	8.227948E-03	-1.184096E+02
1.88809375000E+06	8.182789E-03	-1.180433E+02
1.88996250000E+06	8.251995E-03	-1.187460E+02
1.89183125000E+06	8.334874E-03	-1.189273E+02
1.89370000000E+06	8.314755E-03	-1.178471E+02
1.89556875000E+06	8.291250E-03	-1.176505E+02
1.89743750000E+06	8.355835E-03	-1.188407E+02
1.89930625000E+06	8.370177E-03	-1.189848E+02
1.90117500000E+06	8.056607E-03	-1.191291E+02
1.90304375000E+06	8.239266E-03	-1.188860E+02
1.90491250000E+06	8.287586E-03	-1.190711E+02
1.90678125000E+06	8.337972E-03	-1.187132E+02
1.90865000000E+06	8.227862E-03	-1.195368E+02
1.91051875000E+06	8.156469E-03	-1.188965E+02
1.91238750000E+06	8.454628E-03	-1.181901E+02
1.91425625000E+06	8.238787E-03	-1.182332E+02
1.91612500000E+06	8.281018E-03	-1.174925E+02
1.91799375000E+06	8.210857E-03	-1.182297E+02
1.91986250000E+06	8.398794E-03	-1.190539E+02
1.92173125000E+06	8.324985E-03	-1.188408E+02
1.92360000000E+06	8.550282E-03	-1.185306E+02
1.92546875000E+06	8.413532E-03	-1.191321E+02
1.92733750000E+06	8.393222E-03	-1.195659E+02
1.92920625000E+06	8.380870E-03	-1.187579E+02
1.93107500000E+06	8.302654E-03	-1.186200E+02
1.93294375000E+06	8.373670E-03	-1.185749E+02
1.93481250000E+06	8.453152E-03	-1.193354E+02
1.93668125000E+06	8.461955E-03	-1.181699E+02
1.93855000000E+06	8.449755E-03	-1.192948E+02
1.94041875000E+06	8.577794E-03	-1.196874E+02
1.94228750000E+06	8.569239E-03	-1.201173E+02
1.94415625000E+06	8.415150E-03	-1.200160E+02
1.94602500000E+06	8.403977E-03	-1.194647E+02
1.94789375000E+06	8.603828E-03	-1.197085E+02
1.94976250000E+06	8.572713E-03	-1.195637E+02
1.95163125000E+06	8.480087E-03	-1.201432E+02
1.95350000000E+06	8.424165E-03	-1.191513E+02
1.95536875000E+06	8.470107E-03	-1.187856E+02
1.95723750000E+06	8.376703E-03	-1.197623E+02
1.95910625000E+06	8.305246E-03	-1.195146E+02
1.96097500000E+06	8.572107E-03	-1.193249E+02
1.96284375000E+06	8.558554E-03	-1.201088E+02
1.96471250000E+06	8.443004E-03	-1.181630E+02
1.96658125000E+06	8.531814E-03	-1.183767E+02
1.96845000000E+06	8.660626E-03	-1.194107E+02
1.97031875000E+06	8.667571E-03	-1.194848E+02
1.97218750000E+06	8.642593E-03	-1.196775E+02
1.97405625000E+06	8.675759E-03	-1.194534E+02
1.97592500000E+06	8.642496E-03	-1.189727E+02
1.97779375000E+06	8.606969E-03	-1.184126E+02
1.97966250000E+06	8.618988E-03	-1.190630E+02
1.98153125000E+06	8.338603E-03	-1.199774E+02
1.98340000000E+06	8.628581E-03	-1.194204E+02
1.98526875000E+06	8.624364E-03	-1.208938E+02
1.98713750000E+06	8.838074E-03	-1.189562E+02
1.98900625000E+06	8.716781E-03	-1.196862E+02
1.99087500000E+06	8.682394E-03	-1.210613E+02
1.99274375000E+06	8.608650E-03	-1.196281E+02
1.99461250000E+06	8.669023E-03	-1.197424E+02
1.99648125000E+06	8.548128E-03	-1.197528E+02
1.99835000000E+06	8.702325E-03	-1.200933E+02
2.00021875000E+06	8.542852E-03	-1.200166E+02
2.00208750000E+06	8.556927E-03	-1.200710E+02
2.00395625000E+06	8.636779E-03	-1.198488E+02
2.00582500000E+06	8.807283E-03	-1.201196E+02
2.00769375000E+06	8.681853E-03	-1.204586E+02
2.00956250000E+06	8.612501E-03	-1.206009E+02
2.01143125000E+06	8.880868E-03	-1.193745E+02
2.01330000000E+06	8.640367E-03	-1.205717E+02
2.01516875000E+06	8.675480E-03	-1.198546E+02
2.01703750000E+06	8.723303E-03	-1.205221E+02
2.01890625000E+06	8.835107E-03	-1.205059E+02
2.02077500000E+06	8.668786E-03	-1.203340E+02
2.02264375000E+06	8.671461E-03	-1.200500E+02
2.02451250000E+06	8.744075E-03	-1.206261E+02
2.02638125000E+06	8.547676E-03	-1.205790E+02
2.02825000000E+06	8.899798E-03	-1.198539E+02
2.03011875000E+06	8.886578E-03	-1.205397E+02
2.03198750000E+06	8.973469E-03	-1.202509E+02
2.03385625000E+06	8.813259E-03	-1.204046E+02
2.03572500000E+06	8.991096E-03	-1.206673E+02
2.03759375000E+06	8.755690E-03	-1.201794E+02
2.03946250000E+06	8.808610E-03	-1.204970E+02
2.04133125000E+06	8.912390E-03	-1.207652E+02
2.04320000000E+06	8.912197E-03	-1.210613E+02
2.04506875000E+06	8.821902E-03	-1.212026E+02
2.04693750000E+06	8.863511E-03	-1.211434E+02
2.04880625000E+06	8.930726E-03	-1.203319E+02
2.05067500000E+06	8.976461E-03	-1.214897E+02
2.05254375000E+06	8.942586E-03	-1.203556E+02
2.05441250000E+06	9.064535E-03	-1.203913E+02
2.05628125000E+06	9.065044E-03	-1.214951E+02
2.05815000000E+06	8.978301E-03	-1.203096E+02
2.06001875000E+06	8.990585E-03	-1.220742E+02
2.06188750000E+06	8.989968E-03	-1.207422E+02
2.06375625000E+06	9.130489E-03	-1.214446E+02
2.06562500000E+06	8.899665E-03	-1.211077E+02
2.06749375000E+06	8.866205E-03	-1.201192E+02
2.06936250000E+06	9.149568E-03	-1.202069E+02
2.07123125000E+06	9.084242E-03	-1.207095E+02
2.07310000000E+06	9.051140E-03	-1.205266E+02
2.07496875000E+06	8.901183E-03	-1.197990E+02
2.07683750000E+06	9.011658E-03	-1.211536E+02
2.07870625000E+06	9.018091E-03	-1.212774E+02
2.08057500000E+06	9.024960E-03	-1.209786E+02
2.08244375000E+06	9.065147E-03	-1.208463E+02
2.08431250000E+06	9.050888E-03	-1.208139E+02
2.08618125000E+06	9.068731E-03	-1.213506E+02
2.08805000000E+06	9.247730E-03	-1.196267E+02
2.08991875000E+06	9.083765E-03	-1.210922E+02
2.09178750000E+06	9.184209E-03	-1.214620E+02
2.09365625000E+06	9.112076E-03	-1.214182E+02
2.09552500000E+06	9.080664E-03	-1.215062E+02
2.09739375000E+06	9.096727E-03	-1.207256E+02
2.09926250000E+06	9.160893E-03	-1.212860E+02
2.10113125000E+06	9.252926E-03	-1.215829E+02
2.10300000000E+06	9.203324E-03	-1.216972E+02
2.10486875000E+06	9.149447E-03	-1.216202E+02
2.10673750000E+06	9.206632E-03	-1.212451E+02
2.10860625000E+06	9.252459E-03	-1.207964E+02
2.11047500000E+06	9.145794E-03	-1.207299E+02
2.11234375000E+06	9.206224E-03	-1.216282E+02
2.11421250000E+06	9.332126E-03	-1.215280E+02
2.11608125000E+06	9.141018E-03	-1.208831E+02
2.11795000000E+06	9.172105E-03	-1.209835E+02
2.11981875000E+06	9.238238E-03	-1.219986E+02
2.12168750000E+06	9.101896E-03	-1.217599E+02
2.12355625000E+06	9.197835E-03	-1.217942E+02
2.12542500000E+06	9.422560E-03	-1.217648E+02
2.12729375000E+06	9.304963E-03	-1.221941E+02
2.12916250000E+06	9.268348E-03	-1.209753E+02
2.13103125000E+06	9.358238E-03	-1.215063E+02
2.13290000000E+06	9.255300E-03	-1.226738E+02
2.13476875000E+06	9.357845E-03	-1.219696E+02
2.13663750000E+06	9.306062E-03	-1.218847E+02
2.13850625000E+06	9.371402E-03	-1.219346E+02
2.14037500000E+06	9.346677E-03	-1.218877E+02
2.14224375000E+06	9.497340E-03	-1.219924E+02
2.14411250000E+06	9.405617E-03	-1.218557E+02
2.14598125000E+06	9.455768E-03	-1.218189E+02
2.14785000000E+06	9.268991E-03	-1.222851E+02
2.14971875000E+06	9.397089E-03	-1.214917E+02
2.15158750000E+06	9.451786E-03	-1.215164E+02
2.15345625000E+06	9.341972E-03	-1.220322E+02
2.15532500000E+06	9.526967E-03	-1.217932E+02
2.15719375000E+06	9.447913E-03	-1.214387E+02
2.15906250000E+06	9.495576E-03	-1.231769E+02
2.16093125000E+06	9.531196E-03	-1.217601E+02
2.16280000000E+06	9.469659E-03	-1.218123E+02
2.16466875000E+06	9.376409E-03	-1.220233E+02
2.16653750000E+06	9.484933E-03	-1.226695E+02
2.16840625000E+06	9.499071E-03	-1.232057E+02
2.17027500000E+06	9.501524E-03	-1.210549E+02
2.17214375000E+06	9.379852E-03	-1.228361E+02
2.17401250000E+06	9.611236E-03	-1.217096E+02
2.17588125000E+06	9.466235E-03	-1.230023E+02
2.17775000000E+06	9.438652E-03	-1.213010E+02
2.17961875000E+06	9.570664E-03	-1.223547E+02
2.18148750000E+06	9.542802E-03	-1.228198E+02
2.18335625000E+06	9.659523E-03	-1.220916E+02
2.18522500000E+06	9.532105E-03	-1.231487E+02
2.18709375000E+06	9.725523E-03	-1.236016E+02
2.18896250000E+06	9.641457E-03	-1.231024E+02
2.19083125000E+06	9.642984E-03	-1.220818E+02
2.19270000000E+06	9.465259E-03	-1.220950E+02
2.19456875000E+06	9.771492E-03	-1.234604E+02
2.19643750000E+06	9.750440E-03	-1.234477E+02
2.19830625000E+06	9.943815E-03	-1.233954E+02
2.20017500000E+06	9.662466E-03	-1.230904E+02
2.20204375000E+06	9.783745E-03	-1.232758E+02
2.20391250000E+06	9.823358E-03	-1.229527E+02
2.20578125000E+06	9.589938E-03	-1.227744E+02
2.20765000000E+06	9.840244E-03	-1.221111E+02
2.20951875000E+06	9.726174E-03	-1.231132E+02
2.21138750000E+06	9.814506E-03	-1.236111E+02
2.21325625000E+06	9.766556E-03	-1.236585E+02
2.21512500000E+06	9.861373E-03	-1.228907E+02
2.21699375000E+06	9.835164E-03	-1.240626E+02
2.21886250000E+06	9.831870E-03	-1.228623E+02
2.22073125000E+06	9.799427E-03	-1.234432E+02
2.22260000000E+06	9.878861E-03	-1.237027E+02
2.22446875000E+06	9.825396E-03	-1.231363E+02
2.22633750000E+06	1.005814E-02	-1.237855E+02
2.22820625000E+06	9.865543E-03	-1.238258E+02
2.23007500000E+06	1.009366E-02	-1.228592E+02
2.23194375000E+06	9.798331E-03	-1.230529E+02
2.23381250000E+06	9.897065E-03	-1.239846E+02
2.23568125000E+06	9.854807E-03	-1.227106E+02
2.23755000000E+06	9.810522E-03	-1.237114E+02
2.23941875000E+06	9.902190E-03	-1.235340E+02
2.24128750000E+06	9.910615E-03	-1.236862E+02
2.24315625000E+06	9.740093E-03	-1.234109E+02
2.24502500000E+06	9.872849E-03	-1.242476E+02
2.24689375000E+06	1.002908E-02	-1.244260E+02
2.24876250000E+06	9.957600E-03	-1.241437E+02
2.25063125000E+06	9.925780E-03	-1.241762E+02
2.25250000000E+06	1.007323E-02	-1.239479E+02
2.25436875000E+06	1.008180E-02	-1.235032E+02
2.25623750000E+06	9.965384E-03	-1.242745E+02
2.25810625000E+06	9.993558E-03	-1.236979E+02
2.25997500000E+06	1.004703E-02	-1.234075E+02
2.26184375000E+06	1.014902E-02	-1.238604E+02
2.26371250000E+06	1.002265E-02	-1.244155E+02
2.26558125000E+06	1.011025E-02	-1.235043E+02
2.26745000000E+06	1.000553E-02	-1.232097E+02
2.26931875000E+06	1.004483E-02	-1.241980E+02
2.27118750000E+06	1.019952E-02	-1.244000E+02
2.27305625000E+06	1.015054E-02	-1.246388E+02
2.27492500000E+06	1.020733E-02	-1.247492E+02
2.27679375000E+06	1.000556E-02	-1.242043E+02
2.27866250000E+06	1.020041E-02	-1.253691E+02
2.28053125000E+06	1.017937E-02	-1.246079E+02
2.28240000000E+06	1.017945E-02	-1.244549E+02
2.28426875000E+06	1.014768E-02	-1.235245E+02
2.28613750000E+06	1.011698E-02	-1.249397E+02
2.28800625000E+06	1.027997E-02	-1.242554E+02
2.28987500000E+06	1.023439E-02	-1.241835E+02
2.29174375000E+06	1.024296E-02	-1.243091E+02
2.29361250000E+06	1.020576E-02	-1.251803E+02
2.29548125000E+06	1.039592E-02	-1.250069E+02
2.29735000000E+06	1.015175E-02	-1.254085E+02
2.29921875000E+06	1.021923E-02	-1.248634E+02
2.30108750000E+06	1.000701E-02	-1.242759E+02
2.30295625000E+06	1.035785E-02	-1.248695E+02
2.30482500000E+06	1.013226E-02	-1.249941E+02
2.30669375000E+06	1.030861E-02	-1.251132E+02
2.30856250000E+06	1.027732E-02	-1.249375E+02
2.31043125000E+06	1.035176E-02	-1.248035E+02
2.31230000000E+06	1.035214E-02	-1.256193E+02
2.31416875000E+06	1.012431E-02	-1.246843E+02
2.31603750000E+06	1.029572E-02	-1.243459E+02
2.31790625000E+06	1.028862E-02	-1.250980E+02
2.31977500000E+06	1.022925E-02	-1.253599E+02
2.32164375000E+06	1.044613E-02	-1.253283E+02
2.32351250000E+06	1.030310E-02	-1.257319E+02
2.32538125000E+06	1.039829E-02	-1.248435E+02
2.32725000000E+06	1.040856E-02	-1.253059E+02
2.32911875000E+06	1.038248E-02	-1.257978E+02
2.33098750000E+06	1.040433E-02	-1.250992E+02
2.33285625000E+06	1.045095E-02	-1.250521E+02
2.33472500000E+06	1.039665E-02	-1.259459E+02
2.33659375000E+06	1.044819E-02	-1.248902E+02
2.33846250000E+06	1.031033E-02	-1.263823E+02
2.34033125000E+06	1.037541E-02	-1.259105E+02
2.34220000000E+06	1.032907E-02	-1.251213E+02
2.34406875000E+06	1.053694E-02	-1.257193E+02
2.34593750000E+06	1.037649E-02	-1.266664E+02
2.34780625000E+06	1.035418E-02	-1.256466E+02
2.34967500000E+06	1.044848E-02	-1.265332E+02
2.35154375000E+06	1.031659E-02	-1.261278E+02
2.35341250000E+06	1.043471E-02	-1.255872E+02
2.35528125000E+06	1.053675E-02	-1.261509E+02
2.35715000000E+06	1.033955E-02	-1.266847E+02
2.35901875000E+06	1.053821E-02	-1.266417E+02
2.36088750000E+06	1.048161E-02	-1.255377E+02
2.36275625000E+06	1.058131E-02	-1.255366E+02
2.36462500000E+06	1.045768E-02	-1.259078E+02
2.36649375000E+06	1.046880E-02	-1.267103E+02
2.36836250000E+06	1.053656E-02	-1.261135E+02
2.37023125000E+06	1.058817E-02	-1.263298E+02
2.37210000000E+06	1.067632E-02	-1.267974E+02
2.37396875000E+06	1.064243E-02	-1.262136E+02
2.37583750000E+06	1.042771E-02	-1.259133E+02
2.37770625000E+06	1.069494E-02	-1.266219E+02
2.37957500000E+06	1.054324E-02	-1.258020E+02
2.38144375000E+06	1.056019E-02	-1.261877E+02
2.38331250000E+06	1.060797E-02	-1.268120E+02
2.38518125000E+06	1.056880E-02	-1.269389E+02
2.38705000000E+06	1.056028E-02	-1.270680E+02
2.38891875000E+06	1.065006E-02	-1.274404E+02
2.39078750000E+06	1.064574E-02	-1.265083E+02
2.39265625000E+06	1.066821E-02	-1.262896E+02
2.39452500000E+06	1.072578E-02	-1.261315E+02
2.39639375000E+06	1.049281E-02	-1.273523E+02
2.39826250000E+06	1.073472E-02	-1.277239E+02
2.40013125000E+06	1.081137E-02	-1.265382E+02
2.40200000000E+06	1.054272E-02	-1.272133E+02
2.40386875000E+06	1.084769E-02	-1.269629E+02
2.40573750000E+06	1.067115E-02	-1.266372E+02
2.40760625000E+06	1.053497E-02	-1.267102E+02
2.40947500000E+06	1.081909E-02	-1.266929E+02
2.41134375000E+06	1.060013E-02	-1.272694E+02
2.41321250000E+06	1.055968E-02	-1.274645E+02
2.41508125000E+06	1.077593E-02	-1.269313E+02
2.41695000000E+06	1.080398E-02	-1.265564E+02
2.41881875000E+06	1.074116E-02	-1.273552E+02
2.42068750000E+06	1.084214E-02	-1.264470E+02
2.42255625000E+06	1.076498E-02	-1.281420E+02
2.42442500000E+06	1.087962E-02	-1.265361E+02
2.42629375000E+06	1.107171E-02	-1.277432E+02
2.42816250000E+06	1.080017E-02	-1.271728E+02
2.43003125000E+06	1.068443E-02	-1.273120E+02
2.43190000000E+06	1.080439E-02	-1.273534E+02
2.43376875000E+06	1.072404E-02	-1.273458E+02
2.43563750000E+06	1.091647E-02	-1.281296E+02
2.43750625000E+06	1.077370E-02	-1.264191E+02
2.43937500000E+06	1.085361E-02	-1.277140E+02
2.44124375000E+06	1.101038E-02	-1.266705E+02
2.44311250000E+06	1.080990E-02	-1.274717E+02
2.44498125000E+06	1.097466E-02	-1.273807E+02
2.44685000000E+06	1.082317E-02	-1.274826E+02
2.44871875000E+06	1.087743E-02	-1.268321E+02
2.45058750000E+06	1.097694E-02	-1.279200E+02
2.45245625000E+06	1.077173E-02	-1.280248E+02
2.45432500000E+06	1.081383E-02	-1.284469E+02
2.45619375000E+06	1.089383E-02	-1.278992E+02
2.45806250000E+06	1.085060E-02	-1.270540E+02
2.45993125000E+06	1.088257E-02	-1.278975E+02
2.46180000000E+06	1.097226E-02	-1.271364E+02
2.46366875000E+06	1.102033E-02	-1.280723E+02
2.46553750000E+06	1.077294E-02	-1.282408E+02
2.46740625000E+06	1.080284E-02	-1.277640E+02
2.46927500000E+06	1.099771E-02	-1.279988E+02
2.47114375000E+06	1.099720E-02	-1.281232E+02
2.47301250000E+06	1.100326E-02	-1.281374E+02
2.47488125000E+06	1.101527E-02	-1.277311E+02
2.47675000000E+06	1.101618E-02	-1.277136E+02
2.47861875000E+06	1.107927E-02	-1.286837E+02
2.48048750000E+06	1.095934E-02	-1.278814E+02
2.48235625000E+06	1.093783E-02	-1.281678E+02
2.48422500000E+06	1.098317E-02	-1.284700E+02
2.48609375000E+06	1.087532E-02	-1.285986E+02
2.48796250000E+06	1.099211E-02	-1.278976E+02
2.48983125000E+06	1.088590E-02	-1.275176E+02
2.49170000000E+06	1.108559E-02	-1.280884E+02
2.49356875000E+06	1.114650E-02	-1.276884E+02
2.49543750000E+06	1.104519E-02	-1.285301E+02
2.49730625000E+06	1.094351E-02	-1.288554E+02
2.49917500000E+06	1.104553E-02	-1.286081E+02
2.50104375000E+06	1.105299E-02	-1.280369E+02
2.50291250000E+06	1.104694E-02	-1.282444E+02
2.50478125000E+06	1.104245E-02	-1.284195E+02
2.50665000000E+06	1.103556E-02	-1.285555E+02
2.50851875000E+06	1.112145E-02	-1.288479E+02
2.51038750000E+06	1.108911E-02	-1.283129E+02
2.51225625000E+06	1.107607E-02	-1.292967E+02
2.51412500000E+06	1.124015E-02	-1.282094E+02
2.51599375000E+06	1.105530E-02	-1.284930E+02
2.51786250000E+06	1.117913E-02	-1.288001E+02
2.51973125000E+06	1.113695E-02	-1.284115E+02
2.52160000000E+06	1.104995E-02	-1.287245E+02
2.52346875000E+06	1.122608E-02	-1.282442E+02
2.52533750000E+06	1.131524E-02	-1.281393E+02
2.52720625000E+06	1.132223E-02	-1.281369E+02
2.52907500000E+06	1.131408E-02	-1.284395E+02
2.53094375000E+06	1.118631E-02	-1.288827E+02
2.53281250000E+06	1.131117E-02	-1.289531E+02
2.53468125000E+06	1.119569E-02	-1.284786E+02
2.53655000000E+06	1.120996E-02	-1.294817E+02
2.53841875000E+06	1.116977E-02	-1.284966E+02
2.54028750000E+06	1.130706E-02	-1.285228E+02
2.54215625000E+06	1.131647E-02	-1.292426E+02
2.54402500000E+06	1.123506E-02	-1.285725E+02
2.54589375000E+06	1.119680E-02	-1.281846E+02
2.54776250000E+06	1.126698E-02	-1.286017E+02
2.54963125000E+06	1.139691E-02	-1.290337E+02
2.55150000000E+06	1.124574E-02	-1.286022E+02
2.55336875000E+06	1.131958E-02	-1.277942E+02
2.55523750000E+06	1.137199E-02	-1.297202E+02
2.55710625000E+06	1.117408E-02	-1.291988E+02
2.55897500000E+06	1.138324E-02	-1.297285E+02
2.56084375000E+06	1.132306E-02	-1.299200E+02
2.56271250000E+06	1.138815E-02	-1.292863E+02
2.56458125000E+06	1.129740E-02	-1.287868E+02
2.56645000000E+06	1.133700E-02	-1.287507E+02
2.56831875000E+06	1.135424E-02	-1.281498E+02
2.57018750000E+06	1.136651E-02	-1.291706E+02
2.57205625000E+06	1.144730E-02	-1.297030E+02
2.57392500000E+06	1.146495E-02	-1.290322E+02
2.57579375000E+06	1.136332E-02	-1.292598E+02
2.57766250000E+06	1.136761E-02	-1.292579E+02
2.57953125000E+06	1.125358E-02	-1.294257E+02
2.58140000000E+06	1.151310E-02	-1.293248E+02
2.58326875000E+06	1.143523E-02	-1.298110E+02
2.58513750000E+06	1.146142E-02	-1.292295E+02
2.58700625000E+06	1.146131E-02	-1.299098E+02
2.58887500000E+06	1.138362E-02	-1.285110E+02
2.59074375000E+06	1.143448E-02	-1.294260E+02
2.59261250000E+06	1.141768E-02	-1.283035E+02
2.59448125000E+06	1.150320E-02	-1.289161E+02
2.59635000000E+06	1.153680E-02	-1.291510E+02
2.59821875000E+06	1.148493E-02	-1.293838E+02
2.60008750000E+06	1.152539E-02	-1.295251E+02
2.60195625000E+06	1.156234E-02	-1.297299E+02
2.60382500000E+06	1.155509E-02	-1.289469E+02
2.60569375000E+06	1.148206E-02	-1.299006E+02
2.60756250000E+06	1.152704E-02	-1.296735E+02
2.60943125000E+06	1.159744E-02	-1.298199E+02
2.61130000000E+06	1.162622E-02	-1.298550E+02
2.61316875000E+06	1.163859E-02	-1.304134E+02
2.61503750000E+06	1.142325E-02	-1.299316E+02
2.61690625000E+06	1.160047E-02	-1.297579E+02
2.61877500000E+06	1.148532E-02	-1.286935E+02
2.62064375000E+06	1.155332E-02	-1.300972E+02
2.62251250000E+06	1.155804E-02	-1.302118E+02
2.62438125000E+06	1.151577E-02	-1.296072E+02
2.62625000000E+06	1.143473E-02	-1.297754E+02
2.62811875000E+06	1.176369E-02	-1.294046E+02
2.62998750000E+06	1.158089E-02	-1.298846E+02
2.63185625000E+06	1.172261E-02	-1.300657E+02
2.63372500000E+06	1.161202E-02	-1.296797E+02
2.63559375000E+06	1.164845E-02	-1.295055E+02
2.63746250000E+06	1.175637E-02	-1.309945E+02
2.63933125000E+06	1.150539E-02	-1.301918E+02
2.64120000000E+06	1.175470E-02	-1.304154E+02
2.64306875000E+06	1.161982E-02	-1.299135E+02
2.64493750000E+06	1.166860E-02	-1.302516E+02
2.64680625000E+06	1.169107E-02	-1.293102E+02
2.64867500000E+06	1.157692E-02	-1.297742E+02
2.65054375000E+06	1.163870E-02	-1.292889E+02
2.65241250000E+06	1.181969E-02	-1.303625E+02
2.65428125000E+06	1.185272E-02	-1.301891E+02
2.65615000000E+06	1.183107E-02	-1.298382E+02
2.65801875000E+06	1.186974E-02	-1.301895E+02
2.65988750000E+06	1.184094E-02	-1.299561E+02
2.66175625000E+06	1.191974E-02	-1.298934E+02
2.66362500000E+06	1.175216E-02	-1.303035E+02
2.66549375000E+06	1.179648E-02	-1.305071E+02
2.66736250000E+06	1.169011E-02	-1.305266E+02
2.66923125000E+06	1.171752E-02	-1.302611E+02
2.67110000000E+06	1.172747E-02	-1.300279E+02
2.67296875000E+06	1.179638E-02	-1.302510E+02
2.67483750000E+06	1.180086E-02	-1.301490E+02
2.67670625000E+06	1.180759E-02	-1.298429E+02
2.67857500000E+06	1.184651E-02	-1.307370E+02
2.68044375000E+06	1.175075E-02	-1.306753E+02
2.68231250000E+06	1.183426E-02	-1.309415E+02
2.68418125000E+06	1.181418E-02	-1.303226E+02
2.68605000000E+06	1.194707E-02	-1.304689E+02
2.68791875000E+06	1.208561E-02	-1.309024E+02
2.68978750000E+06	1.189792E-02	-1.307491E+02
2.69165625000E+06	1.187429E-02	-1.303649E+02
2.69352500000E+06	1.170490E-02	-1.302118E+02
2.69539375000E+06	1.185956E-02	-1.301854E+02
2.69726250000E+06	1.195400E-02	-1.300784E+02
2.69913125000E+06	1.189480E-02	-1.304335E+02
2.70100000000E+06	1.184024E-02	-1.307809E+02
2.70286875000E+06	1.202174E-02	-1.305806E+02
2.70473750000E+06	1.195107E-02	-1.305055E+02
2.70660625000E+06	1.200433E-02	-1.311097E+02
2.70847500000E+06	1.204814E-02	-1.305297E+02
2.71034375000E+06	1.204770E-02	-1.310604E+02
2.71221250000E+06	1.194526E-02	-1.309443E+02
2.71408125000E+06	1.202315E-02	-1.309286E+02
2.71595000000E+06	1.188351E-02	-1.312437E+02
2.71781875000E+06	1.191663E-02	-1.305849E+02
2.71968750000E+06	1.191767E-02	-1.309955E+02
2.72155625000E+06	1.211211E-02	-1.305588E+02
2.72342500000E+06	1.206967E-02	-1.299970E+02
2.72529375000E+06	1.197762E-02	-1.312247E+02
2.72716250000E+06	1.203581E-02	-1.306106E+02
2.72903125000E+06	1.195288E-02	-1.304789E+02
2.73090000000E+06	1.203370E-02	-1.306442E+02
2.73276875000E+06	1.212114E-02	-1.319063E+02
2.73463750000E+06	1.223897E-02	-1.305896E+02
2.73650625000E+06	1.213652E-02	-1.308858E+02
2.73837500000E+06	1.224918E-02	-1.308136E+02
2.74024375000E+06	1.227420E-02	-1.312541E+02
2.74211250000E+06	1.212580E-02	-1.306013E+02
2.74398125000E+06	1.222384E-02	-1.305794E+02
2.74585000000E+06	1.222090E-02	-1.313057E+02
2.74771875000E+06	1.228642E-02	-1.311463E+02
2.74958750000E+06	1.221701E-02	-1.313818E+02
2.75145625000E+06	1.237268E-02	-1.308957E+02
2.75332500000E+06	1.214666E-02	-1.312101E+02
2.75519375000E+06	1.223249E-02	-1.311395E+02
2.75706250000E+06	1.212581E-02	-1.312089E+02
2.75893125000E+06	1.214738E-02	-1.315336E+02
2.76080000000E+06	1.225903E-02	-1.311368E+02
2.76266875000E+06	1.232364E-02	-1.309035E+02
2.76453750000E+06	1.225002E-02	-1.310201E+02
2.76640625000E+06	1.219473E-02	-1.303065E+02
2.76827500000E+06	1.239655E-02	-1.313303E+02
2.77014375000E+06	1.229272E-02	-1.316269E+02
2.77201250000E+06	1.235758E-02	-1.313578E+02
2.77388125000E+06	1.244204E-02	-1.314694E+02
2.77575000000E+06	1.232840E-02	-1.309487E+02
2.77761875000E+06	1.236787E-02	-1.317390E+02
2.77948750000E+06	1.236161E-02	-1.312349E+02
2.78135625000E+06	1.246576E-02	-1.316549E+02
2.78322500000E+06	1.238442E-02	-1.316352E+02
2.78509375000E+06	1.229604E-02	-1.312822E+02
2.78696250000E+06	1.245893E-02	-1.302201E+02
2.78883125000E+06	1.226715E-02	-1.315545E+02
2.79070000000E+06	1.225515E-02	-1.315478E+02
2.79256875000E+06	1.252536E-02	-1.314748E+02
2.79443750000E+06	1.250963E-02	-1.312391E+02
2.79630625000E+06	1.235567E-02	-1.309069E+02
2.79817500000E+06	1.251456E-02	-1.312049E+02
2.80004375000E+06	1.258413E-02	-1.321699E+02
2.80191250000E+06	1.258899E-02	-1.320861E+02
2.80378125000E+06	1.252857E-02	-1.320353E+02
2.80565000000E+06	1.271071E-02	-1.312173E+02
2.80751875000E+06	1.258383E-02	-1.320110E+02
2.80938750000E+06	1.264234E-02	-1.319325E+02
2.81125625000E+06	1.257627E-02	-1.317134E+02
2.81312500000E+06	1.254569E-02	-1.310862E+02
2.81499375000E+06	1.256711E-02	-1.318681E+02
2.81686250000E+06	1.234190E-02	-1.319019E+02
2.81873125000E+06	1.268115E-02	-1.317113E+02
2.82060000000E+06	1.259464E-02	-1.324188E+02
2.82246875000E+06	1.262499E-02	-1.312016E+02
2.82433750000E+06	1.264219E-02	-1.321545E+02
2.82620625000E+06	1.267914E-02	-1.316458E+02
2.82807500000E+06	1.261921E-02	-1.311610E+02
2.82994375000E+06	1.269310E-02	-1.317210E+02
2.83181250000E+06	1.266616E-02	-1.314864E+02
2.83368125000E+06	1.269449E-02	-1.314583E+02
2.83555000000E+06	1.275857E-02	-1.311294E+02
2.83741875000E+06	1.255042E-02	-1.318314E+02
2.83928750000E+06	1.261979E-02	-1.315238E+02
2.84115625000E+06	1.276107E-02	-1.317331E+02
2.84302500000E+06	1.261653E-02	-1.322022E+02
2.84489375000E+06	1.260369E-02	-1.317568E+02
2.84676250000E+06	1.289503E-02	-1.317270E+02
2.84863125000E+06	1.266615E-02	-1.323454E+02
2.85050000000E+06	1.272985E-02	-1.318423E+02
2.85236875000E+06	1.261013E-02	-1.317659E+02
2.85423750000E+06	1.288114E-02	-1.317613E+02
2.85610625000E+06	1.284262E-02	-1.320745E+02
2.85797500000E+06	1.273913E-02	-1.318360E+02
2.85984375000E+06	1.283672E-02	-1.325149E+02
2.86171250000E+06	1.271689E-02	-1.316990E+02
2.86358125000E+06	1.290139E-02	-1.324947E+02
2.86545000000E+06	1.283307E-02	-1.321328E+02
2.86731875000E+06	1.275156E-02	-1.320723E+02
2.86918750000E+06	1.278007E-02	-1.322870E+02
2.87105625000E+06	1.291520E-02	-1.329410E+02
2.87292500000E+06	1.280958E-02	-1.329470E+02
2.87479375000E+06	1.280222E-02	-1.319855E+02
2.87666250000E+06	1.299592E-02	-1.322107E+02
2.87853125000E+06	1.298392E-02	-1.324426E+02
2.88040000000E+06	1.300323E-02	-1.324151E+02
2.88226875000E+06	1.316285E-02	-1.325604E+02
2.88413750000E+06	1.297251E-02	-1.327843E+02
2.88600625000E+06	1.297133E-02	-1.321419E+02
2.88787500000E+06	1.296146E-02	-1.323012E+02
2.88974375000E+06	1.291352E-02	-1.324236E+02
2.89161250000E+06	1.298036E-02	-1.323584E+02
2.89348125000E+06	1.290809E-02	-1.328236E+02
2.89535000000E+06	1.288265E-02	-1.322276E+02
2.89721875000E+06	1.292306E-02	-1.324164E+02
2.89908750000E+06	1.297783E-02	-1.326778E+02
2.90095625000E+06	1.310171E-02	-1.322613E+02
2.90282500000E+06	1.297863E-02	-1.326133E+02
2.90469375000E+06	1.300775E-02	-1.328754E+02
2.90656250000E+06	1.304276E-02	-1.325694E+02
2.90843125000E+06	1.309208E-02	-1.328987E+02
2.91030000000E+06	1.306700E-02	-1.332416E+02
2.91216875000E+06	1.316104E-02	-1.325482E+02
2.91403750000E+06	1.313510E-02	-1.330980E+02
2.91590625000E+06	1.317509E-02	-1.330816E+02
2.91777500000E+06	1.328864E-02	-1.328968E+02
2.91964375000E+06	1.321463E-02	-1.334833E+02
2.92151250000E+06	1.312465E-02	-1.327506E+02
2.92338125000E+06	1.316843E-02	-1.329410E+02
2.92525000000E+06	1.318344E-02	-1.328300E+02
2.92711875000E+06	1.326894E-02	-1.330926E+02
2.92898750000E+06	1.310382E-02	-1.335311E+02
2.93085625000E+06	1.326402E-02	-1.340686E+02
2.93272500000E+06	1.314755E-02	-1.327518E+02
2.93459375000E+06	1.312257E-02	-1.333250E+02
2.93646250000E+06	1.315604E-02	-1.333796E+02
2.93833125000E+06	1.327181E-02	-1.331561E+02
2.94020000000E+06	1.310214E-02	-1.326623E+02
2.94206875000E+06	1.320457E-02	-1.335878E+02
2.94393750000E+06	1.327380E-02	-1.334753E+02
2.94580625000E+06	1.330340E-02	-1.338310E+02
2.94767500000E+06	1.327510E-02	-1.334482E+02
2.94954375000E+06	1.336114E-02	-1.335034E+02
2.95141250000E+06	1.326456E-02	-1.332786E+02
2.95328125000E+06	1.333569E-02	-1.331873E+02
2.95515000000E+06	1.338212E-02	-1.336202E+02
2.95701875000E+06	1.325302E-02	-1.335913E+02
2.95888750000E+06	1.329639E-02	-1.330749E+02
2.96075625000E+06	1.333171E-02	-1.333232E+02
2.96262500000E+06	1.330597E-02	-1.335788E+02
2.96449375000E+06	1.336678E-02	-1.334547E+02
2.96636250000E+06	1.330189E-02	-1.337988E+02
2.96823125000E+06	1.349602E-02	-1.329043E+02
2.97010000000E+06	1.342477E-02	-1.331377E+02
2.97196875000E+06	1.338622E-02	-1.332879E+02
2.97383750000E+06	1.344787E-02	-1.339718E+02
2.97570625000E+06	1.356683E-02	-1.336122E+02
2.97757500000E+06	1.350720E-02	-1.337881E+02
2.97944375000E+06	1.354325E-02	-1.337076E+02
2.98131250000E+06	1.353219E-02	-1.339937E+02
2.98318125000E+06	1.350279E-02	-1.337746E+02
2.98505000000E+06	1.336446E-02	-1.342570E+02
2.98691875000E+06	1.352097E-02	-1.334429E+02
2.98878750000E+06	1.352256E-02	-1.342063E+02
2.99065625000E+06	1.352597E-02	-1.335647E+02
2.99252500000E+06	1.357188E-02	-1.333843E+02
2.99439375000E+06	1.359993E-02	-1.339306E+02
2.99626250000E+06	1.355061E-02	-1.337517E+02
2.99813125000E+06	1.363053E-02	-1.341926E+02
3.00000000000E+06	1.349131E-02	-1.333313E+02
