"E5100A REV3.14"
"DATE: Jul  3 2004"



"CHANNEL: 2"
"MEASURE TYPE: AR"
"FORMAT TYPE: LINMP"
"NUMBER of POINTS: 1601"
"SWEEP TIME:  3.458 s"
"SWEEP TYPE: LINF"
"SOURCE POWER: 0 dBm"
"IF BANDWIDTH: 500 Hz"

"Frequency"	"Main Array"	"Sub Array"
1.00000000000E+04	3.085424E-02	1.680140E+01
1.18687500000E+04	1.561985E-02	4.970960E+00
1.37375000000E+04	4.344245E-03	4.562909E+01
1.56062500000E+04	5.546993E-03	9.705537E+01
1.74750000000E+04	6.820789E-03	-3.813115E+01
1.93437500000E+04	1.351947E-03	-1.712122E+02
2.12125000000E+04	2.143841E-03	2.631417E+01
2.30812500000E+04	1.723938E-04	4.914738E+01
2.49500000000E+04	3.156781E-04	-1.237350E+02
2.68187500000E+04	1.381866E-03	4.414436E+01
2.86875000000E+04	1.674774E-03	-1.334465E+02
3.05562500000E+04	1.249946E-03	-7.683084E+01
3.24250000000E+04	9.520860E-04	-8.971134E+01
3.42937500000E+04	2.869944E-04	1.440898E+01
3.61625000000E+04	9.533352E-05	1.633179E+02
3.80312500000E+04	4.282237E-04	-1.027436E+02
3.99000000000E+04	2.719957E-04	6.020306E+00
4.17687500000E+04	1.377236E-03	-4.283815E+01
4.36375000000E+04	3.385431E-04	5.054153E+00
4.55062500000E+04	4.789480E-04	-7.756783E+01
4.73750000000E+04	1.358693E-03	-1.013726E+02
4.92437500000E+04	5.619670E-04	-1.025453E+02
5.11125000000E+04	9.328786E-04	-7.468007E+01
5.29812500000E+04	1.129212E-03	-6.789712E+01
5.48500000000E+04	8.144364E-04	-1.017699E+02
5.67187500000E+04	1.776539E-03	-1.079544E+02
5.85875000000E+04	1.229947E-03	-8.841085E+01
6.04562500000E+04	1.163004E-03	-1.141516E+02
6.23250000000E+04	1.177025E-03	-8.220242E+01
6.41937500000E+04	5.045638E-04	1.429353E+02
6.60625000000E+04	6.915720E-04	-1.403094E+02
6.79312500000E+04	5.695859E-04	-1.178376E+02
6.98000000000E+04	1.416234E-03	-8.814128E+01
7.16687500000E+04	1.259704E-03	-8.298498E+01
7.35375000000E+04	1.546580E-03	-7.545552E+01
7.54062500000E+04	5.930026E-04	-1.083977E+02
7.72750000000E+04	1.727788E-03	-8.267840E+01
7.91437500000E+04	1.163810E-03	-8.548584E+01
8.10125000000E+04	9.191023E-04	-7.959718E+01
8.28812500000E+04	9.036112E-04	-9.804607E+01
8.47500000000E+04	1.634735E-03	-7.512351E+01
8.66187500000E+04	1.651386E-03	-8.735173E+01
8.84875000000E+04	2.021379E-03	-7.729829E+01
9.03562500000E+04	1.224881E-03	-7.490234E+01
9.22250000000E+04	1.421137E-03	-9.421571E+01
9.40937500000E+04	1.949300E-03	-8.431078E+01
9.59625000000E+04	1.861626E-03	-9.224445E+01
9.78312500000E+04	1.904799E-03	-9.395396E+01
9.97000000000E+04	1.499360E-03	-9.349125E+01
1.01568750000E+05	1.620077E-03	-1.114721E+02
1.03437500000E+05	1.488093E-03	-9.353278E+01
1.05306250000E+05	9.747425E-04	-7.463147E+01
1.07175000000E+05	1.678348E-03	-8.117223E+01
1.09043750000E+05	1.847488E-03	-9.575793E+01
1.10912500000E+05	5.154692E-04	-3.694608E+01
1.12781250000E+05	1.841915E-03	-8.899752E+01
1.14650000000E+05	1.837665E-03	-9.999110E+01
1.16518750000E+05	1.556411E-03	-8.628880E+01
1.18387500000E+05	1.589552E-03	-7.495005E+01
1.20256250000E+05	2.000621E-03	-9.710035E+01
1.22125000000E+05	2.171588E-03	-8.084284E+01
1.23993750000E+05	2.251872E-03	-9.533099E+01
1.25862500000E+05	2.121280E-03	-9.591438E+01
1.27731250000E+05	2.370847E-03	-7.894044E+01
1.29600000000E+05	2.299303E-03	-9.087888E+01
1.31468750000E+05	2.186528E-03	-8.632563E+01
1.33337500000E+05	2.311208E-03	-8.974366E+01
1.35206250000E+05	2.299063E-03	-1.012032E+02
1.37075000000E+05	2.064304E-03	-9.261265E+01
1.38943750000E+05	2.687172E-03	-8.132553E+01
1.40812500000E+05	2.525314E-03	-1.050213E+02
1.42681250000E+05	2.428997E-03	-9.204684E+01
1.44550000000E+05	2.249271E-03	-7.309771E+01
1.46418750000E+05	2.343084E-03	-8.362951E+01
1.48287500000E+05	2.558823E-03	-9.589114E+01
1.50156250000E+05	2.678185E-03	-8.379537E+01
1.52025000000E+05	2.392136E-03	-9.527221E+01
1.53893750000E+05	2.573911E-03	-8.658188E+01
1.55762500000E+05	2.516753E-03	-9.017133E+01
1.57631250000E+05	2.963518E-03	-8.915029E+01
1.59500000000E+05	2.400043E-03	-8.353412E+01
1.61368750000E+05	2.661551E-03	-9.353736E+01
1.63237500000E+05	2.314254E-03	-8.087612E+01
1.65106250000E+05	2.383095E-03	-8.530782E+01
1.66975000000E+05	2.250706E-03	-8.132136E+01
1.68843750000E+05	2.639064E-03	-9.218462E+01
1.70712500000E+05	3.581745E-03	-8.398199E+01
1.72581250000E+05	3.073247E-03	-9.232029E+01
1.74450000000E+05	2.781952E-03	-9.312018E+01
1.76318750000E+05	3.209030E-03	-8.771259E+01
1.78187500000E+05	2.926023E-03	-9.703961E+01
1.80056250000E+05	2.889017E-03	-8.648824E+01
1.81925000000E+05	2.893543E-03	-8.997999E+01
1.83793750000E+05	3.160207E-03	-9.342299E+01
1.85662500000E+05	3.284014E-03	-8.861951E+01
1.87531250000E+05	3.484826E-03	-8.786802E+01
1.89400000000E+05	3.004654E-03	-8.682808E+01
1.91268750000E+05	3.130342E-03	-9.401308E+01
1.93137500000E+05	3.410266E-03	-8.605562E+01
1.95006250000E+05	3.255753E-03	-9.185606E+01
1.96875000000E+05	3.354471E-03	-8.580245E+01
1.98743750000E+05	3.164661E-03	-9.519729E+01
2.00612500000E+05	3.436828E-03	-8.638200E+01
2.02481250000E+05	3.154985E-03	-8.920642E+01
2.04350000000E+05	3.744799E-03	-9.161155E+01
2.06218750000E+05	3.497748E-03	-9.497182E+01
2.08087500000E+05	3.598215E-03	-8.799567E+01
2.09956250000E+05	3.859601E-03	-9.002784E+01
2.11825000000E+05	3.827325E-03	-8.764905E+01
2.13693750000E+05	3.750224E-03	-8.763494E+01
2.15562500000E+05	3.490040E-03	-9.310020E+01
2.17431250000E+05	3.556073E-03	-9.576292E+01
2.19300000000E+05	3.665489E-03	-8.862109E+01
2.21168750000E+05	3.884032E-03	-9.617632E+01
2.23037500000E+05	3.848824E-03	-9.115588E+01
2.24906250000E+05	3.720593E-03	-8.644232E+01
2.26775000000E+05	3.934122E-03	-8.950700E+01
2.28643750000E+05	3.785202E-03	-9.101237E+01
2.30512500000E+05	3.715775E-03	-9.194165E+01
2.32381250000E+05	3.923401E-03	-9.505785E+01
2.34250000000E+05	4.192160E-03	-8.705045E+01
2.36118750000E+05	4.247938E-03	-9.333439E+01
2.37987500000E+05	3.588396E-03	-9.161427E+01
2.39856250000E+05	4.261880E-03	-9.263466E+01
2.41725000000E+05	4.098936E-03	-8.861721E+01
2.43593750000E+05	4.166150E-03	-8.876987E+01
2.45462500000E+05	3.942129E-03	-9.083146E+01
2.47331250000E+05	4.048242E-03	-9.360271E+01
2.49200000000E+05	3.952346E-03	-8.869292E+01
2.51068750000E+05	4.082116E-03	-9.377737E+01
2.52937500000E+05	4.452708E-03	-8.789964E+01
2.54806250000E+05	4.490915E-03	-9.130699E+01
2.56675000000E+05	4.805394E-03	-9.136208E+01
2.58543750000E+05	4.169270E-03	-8.930211E+01
2.60412500000E+05	4.397878E-03	-9.281564E+01
2.62281250000E+05	4.568961E-03	-9.191395E+01
2.64150000000E+05	4.521434E-03	-9.344753E+01
2.66018750000E+05	4.506460E-03	-9.125723E+01
2.67887500000E+05	4.687677E-03	-9.302234E+01
2.69756250000E+05	4.452565E-03	-9.728465E+01
2.71625000000E+05	4.339897E-03	-8.756317E+01
2.73493750000E+05	4.948442E-03	-9.278135E+01
2.75362500000E+05	4.855168E-03	-9.062848E+01
2.77231250000E+05	4.790342E-03	-9.203309E+01
2.79100000000E+05	4.724745E-03	-9.301120E+01
2.80968750000E+05	4.679700E-03	-9.096066E+01
2.82837500000E+05	4.806891E-03	-9.228848E+01
2.84706250000E+05	5.115194E-03	-9.352578E+01
2.86575000000E+05	4.818805E-03	-9.191652E+01
2.88443750000E+05	5.088517E-03	-9.517838E+01
2.90312500000E+05	4.831885E-03	-9.374074E+01
2.92181250000E+05	5.042614E-03	-9.308279E+01
2.94050000000E+05	4.792487E-03	-9.340804E+01
2.95918750000E+05	4.766895E-03	-9.172642E+01
2.97787500000E+05	5.150365E-03	-9.100735E+01
2.99656250000E+05	5.374448E-03	-9.275930E+01
3.01525000000E+05	5.229294E-03	-9.217795E+01
3.03393750000E+05	5.138447E-03	-9.062200E+01
3.05262500000E+05	5.345900E-03	-9.223827E+01
3.07131250000E+05	5.002105E-03	-9.190930E+01
3.09000000000E+05	5.121769E-03	-9.223028E+01
3.10868750000E+05	5.284003E-03	-9.048229E+01
3.12737500000E+05	5.288260E-03	-9.417590E+01
3.14606250000E+05	5.244371E-03	-9.104937E+01
3.16475000000E+05	5.542161E-03	-9.294473E+01
3.18343750000E+05	5.567634E-03	-9.594405E+01
3.20212500000E+05	5.341526E-03	-9.324328E+01
3.22081250000E+05	5.688297E-03	-9.341061E+01
3.23950000000E+05	5.594993E-03	-9.064884E+01
3.25818750000E+05	5.505865E-03	-9.439336E+01
3.27687500000E+05	5.484949E-03	-9.193080E+01
3.29556250000E+05	5.823353E-03	-9.543391E+01
3.31425000000E+05	5.659875E-03	-9.314419E+01
3.33293750000E+05	5.688359E-03	-9.415021E+01
3.35162500000E+05	5.675746E-03	-9.221221E+01
3.37031250000E+05	5.639040E-03	-9.313760E+01
3.38900000000E+05	5.727108E-03	-9.324840E+01
3.40768750000E+05	5.639881E-03	-9.203873E+01
3.42637500000E+05	5.777649E-03	-9.299332E+01
3.44506250000E+05	5.923917E-03	-9.214079E+01
3.46375000000E+05	6.157779E-03	-9.193921E+01
3.48243750000E+05	5.956430E-03	-9.035535E+01
3.50112500000E+05	6.113660E-03	-9.247617E+01
3.51981250000E+05	5.864897E-03	-9.156758E+01
3.53850000000E+05	6.062069E-03	-9.247945E+01
3.55718750000E+05	6.257994E-03	-9.196348E+01
3.57587500000E+05	6.185474E-03	-9.311021E+01
3.59456250000E+05	6.102483E-03	-9.294952E+01
3.61325000000E+05	6.051658E-03	-9.468221E+01
3.63193750000E+05	6.288742E-03	-9.255328E+01
3.65062500000E+05	6.214669E-03	-9.443385E+01
3.66931250000E+05	6.352708E-03	-9.374647E+01
3.68800000000E+05	6.328991E-03	-9.330405E+01
3.70668750000E+05	6.379790E-03	-9.412085E+01
3.72537500000E+05	6.431569E-03	-9.194935E+01
3.74406250000E+05	6.439439E-03	-9.465067E+01
3.76275000000E+05	6.469857E-03	-9.249406E+01
3.78143750000E+05	6.406032E-03	-9.325833E+01
3.80012500000E+05	6.441579E-03	-9.318415E+01
3.81881250000E+05	6.343284E-03	-9.241685E+01
3.83750000000E+05	6.477997E-03	-9.375188E+01
3.85618750000E+05	6.785915E-03	-9.284785E+01
3.87487500000E+05	6.656555E-03	-9.262603E+01
3.89356250000E+05	6.872835E-03	-9.307556E+01
3.91225000000E+05	6.589990E-03	-9.319718E+01
3.93093750000E+05	6.922651E-03	-9.379689E+01
3.94962500000E+05	6.898440E-03	-9.327322E+01
3.96831250000E+05	6.886783E-03	-9.333543E+01
3.98700000000E+05	6.916874E-03	-9.357875E+01
4.00568750000E+05	6.839198E-03	-9.299921E+01
4.02437500000E+05	6.975927E-03	-9.316303E+01
4.04306250000E+05	6.734197E-03	-9.229920E+01
4.06175000000E+05	7.063161E-03	-9.344018E+01
4.08043750000E+05	6.970379E-03	-9.454363E+01
4.09912500000E+05	7.211694E-03	-9.313457E+01
4.11781250000E+05	7.006420E-03	-9.343703E+01
4.13650000000E+05	6.888797E-03	-9.383108E+01
4.15518750000E+05	7.227283E-03	-9.259616E+01
4.17387500000E+05	7.092174E-03	-9.405834E+01
4.19256250000E+05	7.209296E-03	-9.286281E+01
4.21125000000E+05	7.232689E-03	-9.454324E+01
4.22993750000E+05	7.056915E-03	-9.355231E+01
4.24862500000E+05	7.120516E-03	-9.379811E+01
4.26731250000E+05	7.355424E-03	-9.365679E+01
4.28600000000E+05	7.466362E-03	-9.414963E+01
4.30468750000E+05	7.294399E-03	-9.401924E+01
4.32337500000E+05	7.468468E-03	-9.556827E+01
4.34206250000E+05	7.485574E-03	-9.379856E+01
4.36075000000E+05	7.218311E-03	-9.442382E+01
4.37943750000E+05	7.424961E-03	-9.362558E+01
4.39812500000E+05	7.466508E-03	-9.391099E+01
4.41681250000E+05	7.497859E-03	-9.476749E+01
4.43550000000E+05	7.571916E-03	-9.563393E+01
4.45418750000E+05	7.580803E-03	-9.352221E+01
4.47287500000E+05	7.765043E-03	-9.360479E+01
4.49156250000E+05	7.609318E-03	-9.285945E+01
4.51025000000E+05	7.770097E-03	-9.732237E+01
4.52893750000E+05	7.874810E-03	-9.391167E+01
4.54762500000E+05	7.618817E-03	-9.455174E+01
4.56631250000E+05	7.786653E-03	-9.417040E+01
4.58500000000E+05	7.749453E-03	-9.414678E+01
4.60368750000E+05	7.811988E-03	-9.387598E+01
4.62237500000E+05	8.075304E-03	-9.455680E+01
4.64106250000E+05	7.827016E-03	-9.450861E+01
4.65975000000E+05	8.123165E-03	-9.425962E+01
4.67843750000E+05	8.150361E-03	-9.358768E+01
4.69712500000E+05	7.902755E-03	-9.648948E+01
4.71581250000E+05	8.211947E-03	-9.513991E+01
4.73450000000E+05	8.160788E-03	-9.588075E+01
4.75318750000E+05	8.170614E-03	-9.430859E+01
4.77187500000E+05	8.133864E-03	-9.526431E+01
4.79056250000E+05	8.153524E-03	-9.510732E+01
4.80925000000E+05	8.260662E-03	-9.544872E+01
4.82793750000E+05	8.139083E-03	-9.427654E+01
4.84662500000E+05	8.329296E-03	-9.427991E+01
4.86531250000E+05	8.446642E-03	-9.437790E+01
4.88400000000E+05	8.295609E-03	-9.559741E+01
4.90268750000E+05	8.366307E-03	-9.495464E+01
4.92137500000E+05	8.500062E-03	-9.472007E+01
4.94006250000E+05	8.342014E-03	-9.399412E+01
4.95875000000E+05	8.426622E-03	-9.490840E+01
4.97743750000E+05	8.481353E-03	-9.514899E+01
4.99612500000E+05	8.456878E-03	-9.528262E+01
5.01481250000E+05	8.427327E-03	-9.486832E+01
5.03350000000E+05	8.562395E-03	-9.623914E+01
5.05218750000E+05	8.766800E-03	-9.458587E+01
5.07087500000E+05	8.904170E-03	-9.571621E+01
5.08956250000E+05	8.615754E-03	-9.538486E+01
5.10825000000E+05	8.776988E-03	-9.625304E+01
5.12693750000E+05	8.894686E-03	-9.539761E+01
5.14562500000E+05	8.958048E-03	-9.487658E+01
5.16431250000E+05	8.885964E-03	-9.499084E+01
5.18300000000E+05	8.977895E-03	-9.455356E+01
5.20168750000E+05	8.950775E-03	-9.600605E+01
5.22037500000E+05	8.876823E-03	-9.614901E+01
5.23906250000E+05	8.815338E-03	-9.550432E+01
5.25775000000E+05	8.965162E-03	-9.536251E+01
5.27643750000E+05	9.001296E-03	-9.500300E+01
5.29512500000E+05	9.080620E-03	-9.560412E+01
5.31381250000E+05	9.065824E-03	-9.602551E+01
5.33250000000E+05	9.195413E-03	-9.501604E+01
5.35118750000E+05	9.306340E-03	-9.561613E+01
5.36987500000E+05	9.177826E-03	-9.536871E+01
5.38856250000E+05	9.265191E-03	-9.624078E+01
5.40725000000E+05	9.224598E-03	-9.597952E+01
5.42593750000E+05	9.374117E-03	-9.579168E+01
5.44462500000E+05	9.445448E-03	-9.444198E+01
5.46331250000E+05	9.468284E-03	-9.425973E+01
5.48200000000E+05	9.546562E-03	-9.495630E+01
5.50068750000E+05	9.446332E-03	-9.634188E+01
5.51937500000E+05	9.355980E-03	-9.544376E+01
5.53806250000E+05	9.444222E-03	-9.635645E+01
5.55675000000E+05	9.322343E-03	-9.659711E+01
5.57543750000E+05	9.710411E-03	-9.610410E+01
5.59412500000E+05	9.462650E-03	-9.560871E+01
5.61281250000E+05	9.678448E-03	-9.536685E+01
5.63150000000E+05	9.522052E-03	-9.631646E+01
5.65018750000E+05	9.640695E-03	-9.630782E+01
5.66887500000E+05	9.657553E-03	-9.673774E+01
5.68756250000E+05	9.791832E-03	-9.568433E+01
5.70625000000E+05	9.744978E-03	-9.577565E+01
5.72493750000E+05	9.934828E-03	-9.528831E+01
5.74362500000E+05	9.874996E-03	-9.582780E+01
5.76231250000E+05	9.891568E-03	-9.564642E+01
5.78100000000E+05	1.009456E-02	-9.557100E+01
5.79968750000E+05	1.004996E-02	-9.619736E+01
5.81837500000E+05	9.920214E-03	-9.602546E+01
5.83706250000E+05	9.995319E-03	-9.626810E+01
5.85575000000E+05	1.006413E-02	-9.599069E+01
5.87443750000E+05	1.005179E-02	-9.667893E+01
5.89312500000E+05	1.013118E-02	-9.520176E+01
5.91181250000E+05	1.009007E-02	-9.653617E+01
5.93050000000E+05	1.004398E-02	-9.566734E+01
5.94918750000E+05	1.024132E-02	-9.584811E+01
5.96787500000E+05	1.015550E-02	-9.633425E+01
5.98656250000E+05	1.027700E-02	-9.627003E+01
6.00525000000E+05	1.010196E-02	-9.555478E+01
6.02393750000E+05	1.038593E-02	-9.655103E+01
6.04262500000E+05	1.046735E-02	-9.559982E+01
6.06131250000E+05	1.044422E-02	-9.651307E+01
6.08000000000E+05	1.047286E-02	-9.667680E+01
6.09868750000E+05	1.045825E-02	-9.682173E+01
6.11737500000E+05	1.043606E-02	-9.697208E+01
6.13606250000E+05	1.052312E-02	-9.568707E+01
6.15475000000E+05	1.063439E-02	-9.683234E+01
6.17343750000E+05	1.046475E-02	-9.736710E+01
6.19212500000E+05	1.049614E-02	-9.602592E+01
6.21081250000E+05	1.081483E-02	-9.583419E+01
6.22950000000E+05	1.080754E-02	-9.628616E+01
6.24818750000E+05	1.072560E-02	-9.651697E+01
6.26687500000E+05	1.072453E-02	-9.671513E+01
6.28556250000E+05	1.052399E-02	-9.592152E+01
6.30425000000E+05	1.071775E-02	-9.676420E+01
6.32293750000E+05	1.086122E-02	-9.700672E+01
6.34162500000E+05	1.083356E-02	-9.619730E+01
6.36031250000E+05	1.092371E-02	-9.550428E+01
6.37900000000E+05	1.104357E-02	-9.703232E+01
6.39768750000E+05	1.098784E-02	-9.510685E+01
6.41637500000E+05	1.099640E-02	-9.734013E+01
6.43506250000E+05	1.112570E-02	-9.736176E+01
6.45375000000E+05	1.099548E-02	-9.677509E+01
6.47243750000E+05	1.114461E-02	-9.701876E+01
6.49112500000E+05	1.123524E-02	-9.637630E+01
6.50981250000E+05	1.116030E-02	-9.746576E+01
6.52850000000E+05	1.120984E-02	-9.661841E+01
6.54718750000E+05	1.119185E-02	-9.750493E+01
6.56587500000E+05	1.118520E-02	-9.732979E+01
6.58456250000E+05	1.125812E-02	-9.671669E+01
6.60325000000E+05	1.145875E-02	-9.784007E+01
6.62193750000E+05	1.155948E-02	-9.717749E+01
6.64062500000E+05	1.145965E-02	-9.698818E+01
6.65931250000E+05	1.122585E-02	-9.708163E+01
6.67800000000E+05	1.142778E-02	-9.728484E+01
6.69668750000E+05	1.150099E-02	-9.682307E+01
6.71537500000E+05	1.164515E-02	-9.661597E+01
6.73406250000E+05	1.156506E-02	-9.728833E+01
6.75275000000E+05	1.154892E-02	-9.690931E+01
6.77143750000E+05	1.147433E-02	-9.722764E+01
6.79012500000E+05	1.175935E-02	-9.640939E+01
6.80881250000E+05	1.183809E-02	-9.635430E+01
6.82750000000E+05	1.187582E-02	-9.607330E+01
6.84618750000E+05	1.175143E-02	-9.738993E+01
6.86487500000E+05	1.184340E-02	-9.752187E+01
6.88356250000E+05	1.175416E-02	-9.802427E+01
6.90225000000E+05	1.164689E-02	-9.810316E+01
6.92093750000E+05	1.183720E-02	-9.664432E+01
6.93962500000E+05	1.196838E-02	-9.654480E+01
6.95831250000E+05	1.186800E-02	-9.726387E+01
6.97700000000E+05	1.201967E-02	-9.787377E+01
6.99568750000E+05	1.207169E-02	-9.724601E+01
7.01437500000E+05	1.199248E-02	-9.756481E+01
7.03306250000E+05	1.212892E-02	-9.761441E+01
7.05175000000E+05	1.199380E-02	-9.708958E+01
7.07043750000E+05	1.221135E-02	-9.638062E+01
7.08912500000E+05	1.221136E-02	-9.791747E+01
7.10781250000E+05	1.230837E-02	-9.779291E+01
7.12650000000E+05	1.218908E-02	-9.732613E+01
7.14518750000E+05	1.216048E-02	-9.757928E+01
7.16387500000E+05	1.237704E-02	-9.764875E+01
7.18256250000E+05	1.227915E-02	-9.825002E+01
7.20125000000E+05	1.233744E-02	-9.891661E+01
7.21993750000E+05	1.237301E-02	-9.680979E+01
7.23862500000E+05	1.216837E-02	-9.787607E+01
7.25731250000E+05	1.248864E-02	-9.808762E+01
7.27600000000E+05	1.273158E-02	-9.819844E+01
7.29468750000E+05	1.270784E-02	-9.838895E+01
7.31337500000E+05	1.274515E-02	-9.833464E+01
7.33206250000E+05	1.263943E-02	-9.630167E+01
7.35075000000E+05	1.250686E-02	-9.798174E+01
7.36943750000E+05	1.272120E-02	-9.822046E+01
7.38812500000E+05	1.261377E-02	-9.800974E+01
7.40681250000E+05	1.269069E-02	-9.766103E+01
7.42550000000E+05	1.286261E-02	-9.795849E+01
7.44418750000E+05	1.260959E-02	-9.741844E+01
7.46287500000E+05	1.278340E-02	-9.794385E+01
7.48156250000E+05	1.289995E-02	-9.762556E+01
7.50025000000E+05	1.304966E-02	-9.772081E+01
7.51893750000E+05	1.295672E-02	-9.742365E+01
7.53762500000E+05	1.289563E-02	-9.851005E+01
7.55631250000E+05	1.287323E-02	-9.764742E+01
7.57500000000E+05	1.299464E-02	-9.855582E+01
7.59368750000E+05	1.305313E-02	-9.817984E+01
7.61237500000E+05	1.291416E-02	-9.748564E+01
7.63106250000E+05	1.325386E-02	-9.834931E+01
7.64975000000E+05	1.312462E-02	-9.759660E+01
7.66843750000E+05	1.309603E-02	-9.742945E+01
7.68712500000E+05	1.310691E-02	-9.794865E+01
7.70581250000E+05	1.310627E-02	-9.746415E+01
7.72450000000E+05	1.323062E-02	-9.833769E+01
7.74318750000E+05	1.349760E-02	-9.888194E+01
7.76187500000E+05	1.345570E-02	-9.859265E+01
7.78056250000E+05	1.342709E-02	-9.826114E+01
7.79925000000E+05	1.327601E-02	-9.845419E+01
7.81793750000E+05	1.348066E-02	-9.801268E+01
7.83662500000E+05	1.356416E-02	-9.912135E+01
7.85531250000E+05	1.352894E-02	-9.895565E+01
7.87400000000E+05	1.366707E-02	-9.819866E+01
7.89268750000E+05	1.346630E-02	-9.881661E+01
7.91137500000E+05	1.362286E-02	-9.784824E+01
7.93006250000E+05	1.339505E-02	-9.913863E+01
7.94875000000E+05	1.374861E-02	-9.852144E+01
7.96743750000E+05	1.372621E-02	-9.861580E+01
7.98612500000E+05	1.353479E-02	-9.943444E+01
8.00481250000E+05	1.377879E-02	-9.819733E+01
8.02350000000E+05	1.387021E-02	-9.839252E+01
8.04218750000E+05	1.373115E-02	-9.771252E+01
8.06087500000E+05	1.385081E-02	-9.800268E+01
8.07956250000E+05	1.395489E-02	-9.869495E+01
8.09825000000E+05	1.385002E-02	-9.831400E+01
8.11693750000E+05	1.392906E-02	-9.826911E+01
8.13562500000E+05	1.409177E-02	-9.929462E+01
8.15431250000E+05	1.389928E-02	-9.919281E+01
8.17300000000E+05	1.413627E-02	-9.894765E+01
8.19168750000E+05	1.411422E-02	-9.969334E+01
8.21037500000E+05	1.388288E-02	-9.838366E+01
8.22906250000E+05	1.423102E-02	-9.834088E+01
8.24775000000E+05	1.424901E-02	-9.868860E+01
8.26643750000E+05	1.390615E-02	-9.853129E+01
8.28512500000E+05	1.427657E-02	-9.825430E+01
8.30381250000E+05	1.442185E-02	-9.895679E+01
8.32250000000E+05	1.418962E-02	-9.986633E+01
8.34118750000E+05	1.419865E-02	-9.823048E+01
8.35987500000E+05	1.438256E-02	-9.925552E+01
8.37856250000E+05	1.449100E-02	-9.833515E+01
8.39725000000E+05	1.434983E-02	-9.912792E+01
8.41593750000E+05	1.452296E-02	-9.816563E+01
8.43462500000E+05	1.451699E-02	-9.874143E+01
8.45331250000E+05	1.482899E-02	-9.924516E+01
8.47200000000E+05	1.461904E-02	-9.893185E+01
8.49068750000E+05	1.465476E-02	-9.923301E+01
8.50937500000E+05	1.458063E-02	-9.929588E+01
8.52806250000E+05	1.474231E-02	-9.925091E+01
8.54675000000E+05	1.468429E-02	-9.977146E+01
8.56543750000E+05	1.476908E-02	-9.820071E+01
8.58412500000E+05	1.460290E-02	-9.854444E+01
8.60281250000E+05	1.480685E-02	-9.986788E+01
8.62150000000E+05	1.463448E-02	-9.855036E+01
8.64018750000E+05	1.491934E-02	-9.876284E+01
8.65887500000E+05	1.482395E-02	-9.934762E+01
8.67756250000E+05	1.500145E-02	-9.974426E+01
8.69625000000E+05	1.487218E-02	-9.936325E+01
8.71493750000E+05	1.508806E-02	-9.932270E+01
8.73362500000E+05	1.517784E-02	-9.977323E+01
8.75231250000E+05	1.505453E-02	-9.922932E+01
8.77100000000E+05	1.523613E-02	-9.951183E+01
8.78968750000E+05	1.496813E-02	-1.000975E+02
8.80837500000E+05	1.532516E-02	-9.913418E+01
8.82706250000E+05	1.515525E-02	-9.988798E+01
8.84575000000E+05	1.494698E-02	-9.911504E+01
8.86443750000E+05	1.530127E-02	-9.926853E+01
8.88312500000E+05	1.530578E-02	-1.002916E+02
8.90181250000E+05	1.543543E-02	-9.963741E+01
8.92050000000E+05	1.552614E-02	-9.931004E+01
8.93918750000E+05	1.528653E-02	-9.932243E+01
8.95787500000E+05	1.537589E-02	-1.001015E+02
8.97656250000E+05	1.548129E-02	-9.995534E+01
8.99525000000E+05	1.553805E-02	-9.904882E+01
9.01393750000E+05	1.552408E-02	-1.000107E+02
9.03262500000E+05	1.551501E-02	-9.946554E+01
9.05131250000E+05	1.572364E-02	-9.983603E+01
9.07000000000E+05	1.560959E-02	-9.948755E+01
9.08868750000E+05	1.537487E-02	-9.980166E+01
9.10737500000E+05	1.594849E-02	-9.908648E+01
9.12606250000E+05	1.589007E-02	-1.000616E+02
9.14475000000E+05	1.568216E-02	-1.000654E+02
9.16343750000E+05	1.576425E-02	-9.987903E+01
9.18212500000E+05	1.589290E-02	-1.005350E+02
9.20081250000E+05	1.604820E-02	-1.003558E+02
9.21950000000E+05	1.562299E-02	-9.956988E+01
9.23818750000E+05	1.613340E-02	-9.970831E+01
9.25687500000E+05	1.599181E-02	-9.987051E+01
9.27556250000E+05	1.611117E-02	-1.002060E+02
9.29425000000E+05	1.596755E-02	-1.003497E+02
9.31293750000E+05	1.600219E-02	-9.984556E+01
9.33162500000E+05	1.623136E-02	-1.000814E+02
9.35031250000E+05	1.609902E-02	-1.001383E+02
9.36900000000E+05	1.638840E-02	-9.983451E+01
9.38768750000E+05	1.597605E-02	-1.003357E+02
9.40637500000E+05	1.622896E-02	-1.000662E+02
9.42506250000E+05	1.603835E-02	-1.002294E+02
9.44375000000E+05	1.610739E-02	-9.953351E+01
9.46243750000E+05	1.633049E-02	-1.003885E+02
9.48112500000E+05	1.648302E-02	-9.979439E+01
9.49981250000E+05	1.626996E-02	-1.000139E+02
9.51850000000E+05	1.618723E-02	-9.979446E+01
9.53718750000E+05	1.653568E-02	-1.006048E+02
9.55587500000E+05	1.659223E-02	-1.000806E+02
9.57456250000E+05	1.644413E-02	-1.009744E+02
9.59325000000E+05	1.640823E-02	-1.000430E+02
9.61193750000E+05	1.683033E-02	-1.006060E+02
9.63062500000E+05	1.662698E-02	-1.010034E+02
9.64931250000E+05	1.645706E-02	-1.004777E+02
9.66800000000E+05	1.657591E-02	-1.003906E+02
9.68668750000E+05	1.657445E-02	-1.000206E+02
9.70537500000E+05	1.680993E-02	-1.002287E+02
9.72406250000E+05	1.673504E-02	-1.001955E+02
9.74275000000E+05	1.681993E-02	-1.005888E+02
9.76143750000E+05	1.699114E-02	-1.013423E+02
9.78012500000E+05	1.699002E-02	-1.007395E+02
9.79881250000E+05	1.699724E-02	-1.010930E+02
9.81750000000E+05	1.698815E-02	-1.004378E+02
9.83618750000E+05	1.702776E-02	-1.008281E+02
9.85487500000E+05	1.702799E-02	-1.010279E+02
9.87356250000E+05	1.672634E-02	-1.003780E+02
9.89225000000E+05	1.720797E-02	-1.005779E+02
9.91093750000E+05	1.729211E-02	-1.009227E+02
9.92962500000E+05	1.709676E-02	-1.007295E+02
9.94831250000E+05	1.712260E-02	-1.014921E+02
9.96700000000E+05	1.717673E-02	-1.003165E+02
9.98568750000E+05	1.730508E-02	-1.007237E+02
1.00043750000E+06	1.711518E-02	-1.009547E+02
1.00230625000E+06	1.751834E-02	-1.016559E+02
1.00417500000E+06	1.733647E-02	-1.011534E+02
1.00604375000E+06	1.726920E-02	-1.012431E+02
1.00791250000E+06	1.720857E-02	-1.005660E+02
1.00978125000E+06	1.731513E-02	-1.007681E+02
1.01165000000E+06	1.744733E-02	-1.007719E+02
1.01351875000E+06	1.745174E-02	-1.010973E+02
1.01538750000E+06	1.759875E-02	-9.988795E+01
1.01725625000E+06	1.775520E-02	-1.015062E+02
1.01912500000E+06	1.771327E-02	-1.005302E+02
1.02099375000E+06	1.753965E-02	-1.006099E+02
1.02286250000E+06	1.777597E-02	-1.015269E+02
1.02473125000E+06	1.762987E-02	-1.012698E+02
1.02660000000E+06	1.759970E-02	-1.017146E+02
1.02846875000E+06	1.790095E-02	-1.001504E+02
1.03033750000E+06	1.784148E-02	-1.014087E+02
1.03220625000E+06	1.789438E-02	-1.009855E+02
1.03407500000E+06	1.800934E-02	-1.016291E+02
1.03594375000E+06	1.802072E-02	-1.010396E+02
1.03781250000E+06	1.790128E-02	-1.008402E+02
1.03968125000E+06	1.800425E-02	-1.010859E+02
1.04155000000E+06	1.780141E-02	-1.014762E+02
1.04341875000E+06	1.811852E-02	-1.013415E+02
1.04528750000E+06	1.783112E-02	-1.013293E+02
1.04715625000E+06	1.821175E-02	-1.015284E+02
1.04902500000E+06	1.818004E-02	-1.003813E+02
1.05089375000E+06	1.813816E-02	-1.015423E+02
1.05276250000E+06	1.816399E-02	-1.018890E+02
1.05463125000E+06	1.831362E-02	-1.012975E+02
1.05650000000E+06	1.830037E-02	-1.019523E+02
1.05836875000E+06	1.839420E-02	-1.007924E+02
1.06023750000E+06	1.818378E-02	-1.021636E+02
1.06210625000E+06	1.816787E-02	-1.013262E+02
1.06397500000E+06	1.849744E-02	-1.010673E+02
1.06584375000E+06	1.839272E-02	-1.014960E+02
1.06771250000E+06	1.827357E-02	-1.015358E+02
1.06958125000E+06	1.857770E-02	-1.014020E+02
1.07145000000E+06	1.860346E-02	-1.021558E+02
1.07331875000E+06	1.836286E-02	-1.019632E+02
1.07518750000E+06	1.860462E-02	-1.018542E+02
1.07705625000E+06	1.845977E-02	-1.014630E+02
1.07892500000E+06	1.866266E-02	-1.023188E+02
1.08079375000E+06	1.847554E-02	-1.015003E+02
1.08266250000E+06	1.855109E-02	-1.018491E+02
1.08453125000E+06	1.869186E-02	-1.021788E+02
1.08640000000E+06	1.883677E-02	-1.013816E+02
1.08826875000E+06	1.887671E-02	-1.019621E+02
1.09013750000E+06	1.889719E-02	-1.016628E+02
1.09200625000E+06	1.892848E-02	-1.018599E+02
1.09387500000E+06	1.905806E-02	-1.015529E+02
1.09574375000E+06	1.898029E-02	-1.013828E+02
1.09761250000E+06	1.891031E-02	-1.014046E+02
1.09948125000E+06	1.917925E-02	-1.015210E+02
1.10135000000E+06	1.880854E-02	-1.021861E+02
1.10321875000E+06	1.919931E-02	-1.019969E+02
1.10508750000E+06	1.899420E-02	-1.023805E+02
1.10695625000E+06	1.905038E-02	-1.022980E+02
1.10882500000E+06	1.897807E-02	-1.014252E+02
1.11069375000E+06	1.928048E-02	-1.019195E+02
1.11256250000E+06	1.917103E-02	-1.024317E+02
1.11443125000E+06	1.935370E-02	-1.024631E+02
1.11630000000E+06	1.925623E-02	-1.023492E+02
1.11816875000E+06	1.954807E-02	-1.025311E+02
1.12003750000E+06	1.928208E-02	-1.022853E+02
1.12190625000E+06	1.923503E-02	-1.021496E+02
1.12377500000E+06	1.924057E-02	-1.013582E+02
1.12564375000E+06	1.956005E-02	-1.022797E+02
1.12751250000E+06	1.960740E-02	-1.021913E+02
1.12938125000E+06	1.959061E-02	-1.026461E+02
1.13125000000E+06	1.949539E-02	-1.016974E+02
1.13311875000E+06	1.981231E-02	-1.023055E+02
1.13498750000E+06	1.974793E-02	-1.016683E+02
1.13685625000E+06	1.958202E-02	-1.022184E+02
1.13872500000E+06	1.978274E-02	-1.015709E+02
1.14059375000E+06	1.963249E-02	-1.023107E+02
1.14246250000E+06	1.949521E-02	-1.023227E+02
1.14433125000E+06	1.989782E-02	-1.019885E+02
1.14620000000E+06	1.966366E-02	-1.022077E+02
1.14806875000E+06	1.970214E-02	-1.026405E+02
1.14993750000E+06	1.972631E-02	-1.028501E+02
1.15180625000E+06	1.980433E-02	-1.030289E+02
1.15367500000E+06	1.985338E-02	-1.023108E+02
1.15554375000E+06	1.984278E-02	-1.021941E+02
1.15741250000E+06	1.993276E-02	-1.028252E+02
1.15928125000E+06	2.013807E-02	-1.024599E+02
1.16115000000E+06	2.022679E-02	-1.032577E+02
1.16301875000E+06	2.002871E-02	-1.019135E+02
1.16488750000E+06	1.998990E-02	-1.028946E+02
1.16675625000E+06	2.018013E-02	-1.029104E+02
1.16862500000E+06	2.023886E-02	-1.025566E+02
1.17049375000E+06	2.010333E-02	-1.025798E+02
1.17236250000E+06	2.019054E-02	-1.026661E+02
1.17423125000E+06	2.034135E-02	-1.033316E+02
1.17610000000E+06	2.056764E-02	-1.023616E+02
1.17796875000E+06	2.058897E-02	-1.024381E+02
1.17983750000E+06	2.062787E-02	-1.026066E+02
1.18170625000E+06	2.022966E-02	-1.029883E+02
1.18357500000E+06	2.029081E-02	-1.027820E+02
1.18544375000E+06	2.045323E-02	-1.029977E+02
1.18731250000E+06	2.056443E-02	-1.019344E+02
1.18918125000E+06	2.046791E-02	-1.038444E+02
1.19105000000E+06	2.069639E-02	-1.028809E+02
1.19291875000E+06	2.066928E-02	-1.027248E+02
1.19478750000E+06	2.045587E-02	-1.021340E+02
1.19665625000E+06	2.078847E-02	-1.035544E+02
1.19852500000E+06	2.090957E-02	-1.034903E+02
1.20039375000E+06	2.071211E-02	-1.040555E+02
1.20226250000E+06	2.048624E-02	-1.038196E+02
1.20413125000E+06	2.081634E-02	-1.030242E+02
1.20600000000E+06	2.082648E-02	-1.025707E+02
1.20786875000E+06	2.070754E-02	-1.036755E+02
1.20973750000E+06	2.094188E-02	-1.027686E+02
1.21160625000E+06	2.087036E-02	-1.029768E+02
1.21347500000E+06	2.097136E-02	-1.022295E+02
1.21534375000E+06	2.100311E-02	-1.035418E+02
1.21721250000E+06	2.104339E-02	-1.027042E+02
1.21908125000E+06	2.127129E-02	-1.030998E+02
1.22095000000E+06	2.094680E-02	-1.036344E+02
1.22281875000E+06	2.112487E-02	-1.034879E+02
1.22468750000E+06	2.098543E-02	-1.041495E+02
1.22655625000E+06	2.129004E-02	-1.027654E+02
1.22842500000E+06	2.134793E-02	-1.035884E+02
1.23029375000E+06	2.145088E-02	-1.040329E+02
1.23216250000E+06	2.163382E-02	-1.036942E+02
1.23403125000E+06	2.125814E-02	-1.041397E+02
1.23590000000E+06	2.131344E-02	-1.036040E+02
1.23776875000E+06	2.138072E-02	-1.030708E+02
1.23963750000E+06	2.148938E-02	-1.034834E+02
1.24150625000E+06	2.158551E-02	-1.032733E+02
1.24337500000E+06	2.149189E-02	-1.036981E+02
1.24524375000E+06	2.150291E-02	-1.036225E+02
1.24711250000E+06	2.130536E-02	-1.036116E+02
1.24898125000E+06	2.158464E-02	-1.044345E+02
1.25085000000E+06	2.167669E-02	-1.033253E+02
1.25271875000E+06	2.161241E-02	-1.035965E+02
1.25458750000E+06	2.161656E-02	-1.035931E+02
1.25645625000E+06	2.166828E-02	-1.033562E+02
1.25832500000E+06	2.163664E-02	-1.035292E+02
1.26019375000E+06	2.202893E-02	-1.040346E+02
1.26206250000E+06	2.197585E-02	-1.044309E+02
1.26393125000E+06	2.183275E-02	-1.034793E+02
1.26580000000E+06	2.219843E-02	-1.046332E+02
1.26766875000E+06	2.180581E-02	-1.039239E+02
1.26953750000E+06	2.185014E-02	-1.038238E+02
1.27140625000E+06	2.192150E-02	-1.041554E+02
1.27327500000E+06	2.179367E-02	-1.041818E+02
1.27514375000E+06	2.199277E-02	-1.038849E+02
1.27701250000E+06	2.203627E-02	-1.039682E+02
1.27888125000E+06	2.202763E-02	-1.047379E+02
1.28075000000E+06	2.216330E-02	-1.035502E+02
1.28261875000E+06	2.213524E-02	-1.042076E+02
1.28448750000E+06	2.233455E-02	-1.041322E+02
1.28635625000E+06	2.236442E-02	-1.032323E+02
1.28822500000E+06	2.243436E-02	-1.042165E+02
1.29009375000E+06	2.250766E-02	-1.047710E+02
1.29196250000E+06	2.248308E-02	-1.042704E+02
1.29383125000E+06	2.238595E-02	-1.050798E+02
1.29570000000E+06	2.249496E-02	-1.052645E+02
1.29756875000E+06	2.220306E-02	-1.039576E+02
1.29943750000E+06	2.230785E-02	-1.044245E+02
1.30130625000E+06	2.264156E-02	-1.053031E+02
1.30317500000E+06	2.260692E-02	-1.037236E+02
1.30504375000E+06	2.258069E-02	-1.040353E+02
1.30691250000E+06	2.272849E-02	-1.047700E+02
1.30878125000E+06	2.252417E-02	-1.039880E+02
1.31065000000E+06	2.281982E-02	-1.036518E+02
1.31251875000E+06	2.294296E-02	-1.050067E+02
1.31438750000E+06	2.280440E-02	-1.043208E+02
1.31625625000E+06	2.281469E-02	-1.045067E+02
1.31812500000E+06	2.281315E-02	-1.042626E+02
1.31999375000E+06	2.270374E-02	-1.043857E+02
1.32186250000E+06	2.308710E-02	-1.047372E+02
1.32373125000E+06	2.310796E-02	-1.041349E+02
1.32560000000E+06	2.304167E-02	-1.041256E+02
1.32746875000E+06	2.324459E-02	-1.050462E+02
1.32933750000E+06	2.308572E-02	-1.046189E+02
1.33120625000E+06	2.281411E-02	-1.047520E+02
1.33307500000E+06	2.322699E-02	-1.041308E+02
1.33494375000E+06	2.298414E-02	-1.041451E+02
1.33681250000E+06	2.302921E-02	-1.053109E+02
1.33868125000E+06	2.314681E-02	-1.047967E+02
1.34055000000E+06	2.332717E-02	-1.045716E+02
1.34241875000E+06	2.329674E-02	-1.045918E+02
1.34428750000E+06	2.319236E-02	-1.044028E+02
1.34615625000E+06	2.355082E-02	-1.057796E+02
1.34802500000E+06	2.334018E-02	-1.044900E+02
1.34989375000E+06	2.358246E-02	-1.053681E+02
1.35176250000E+06	2.330038E-02	-1.053170E+02
1.35363125000E+06	2.349177E-02	-1.042762E+02
1.35550000000E+06	2.349726E-02	-1.048452E+02
1.35736875000E+06	2.357546E-02	-1.050284E+02
1.35923750000E+06	2.369229E-02	-1.049932E+02
1.36110625000E+06	2.360030E-02	-1.045564E+02
1.36297500000E+06	2.375832E-02	-1.054046E+02
1.36484375000E+06	2.376961E-02	-1.042290E+02
1.36671250000E+06	2.363418E-02	-1.051558E+02
1.36858125000E+06	2.372360E-02	-1.049421E+02
1.37045000000E+06	2.377581E-02	-1.044987E+02
1.37231875000E+06	2.418097E-02	-1.044377E+02
1.37418750000E+06	2.409747E-02	-1.052713E+02
1.37605625000E+06	2.398232E-02	-1.053642E+02
1.37792500000E+06	2.405781E-02	-1.047665E+02
1.37979375000E+06	2.394316E-02	-1.049098E+02
1.38166250000E+06	2.397432E-02	-1.051537E+02
1.38353125000E+06	2.415755E-02	-1.053337E+02
1.38540000000E+06	2.402766E-02	-1.052183E+02
1.38726875000E+06	2.421342E-02	-1.056470E+02
1.38913750000E+06	2.402413E-02	-1.056562E+02
1.39100625000E+06	2.402898E-02	-1.051592E+02
1.39287500000E+06	2.403120E-02	-1.050227E+02
1.39474375000E+06	2.433024E-02	-1.058673E+02
1.39661250000E+06	2.409458E-02	-1.052899E+02
1.39848125000E+06	2.451847E-02	-1.052330E+02
1.40035000000E+06	2.434963E-02	-1.051992E+02
1.40221875000E+06	2.429537E-02	-1.056283E+02
1.40408750000E+06	2.421526E-02	-1.050014E+02
1.40595625000E+06	2.434910E-02	-1.054700E+02
1.40782500000E+06	2.444481E-02	-1.055427E+02
1.40969375000E+06	2.415201E-02	-1.055318E+02
1.41156250000E+06	2.444346E-02	-1.059353E+02
1.41343125000E+06	2.467139E-02	-1.062010E+02
1.41530000000E+06	2.456731E-02	-1.056077E+02
1.41716875000E+06	2.459763E-02	-1.050332E+02
1.41903750000E+06	2.496621E-02	-1.053197E+02
1.42090625000E+06	2.450645E-02	-1.059621E+02
1.42277500000E+06	2.447262E-02	-1.055735E+02
1.42464375000E+06	2.478498E-02	-1.063652E+02
1.42651250000E+06	2.491742E-02	-1.055162E+02
1.42838125000E+06	2.499692E-02	-1.061944E+02
1.43025000000E+06	2.482743E-02	-1.054962E+02
1.43211875000E+06	2.491014E-02	-1.051435E+02
1.43398750000E+06	2.499750E-02	-1.062260E+02
1.43585625000E+06	2.493195E-02	-1.054123E+02
1.43772500000E+06	2.508199E-02	-1.060305E+02
1.43959375000E+06	2.502397E-02	-1.058345E+02
1.44146250000E+06	2.512709E-02	-1.053600E+02
1.44333125000E+06	2.513926E-02	-1.053221E+02
1.44520000000E+06	2.498137E-02	-1.064923E+02
1.44706875000E+06	2.525608E-02	-1.058484E+02
1.44893750000E+06	2.568956E-02	-1.061667E+02
1.45080625000E+06	2.506879E-02	-1.057693E+02
1.45267500000E+06	2.524984E-02	-1.058075E+02
1.45454375000E+06	2.524153E-02	-1.054622E+02
1.45641250000E+06	2.549913E-02	-1.064083E+02
1.45828125000E+06	2.575699E-02	-1.059429E+02
1.46015000000E+06	2.533059E-02	-1.063099E+02
1.46201875000E+06	2.525607E-02	-1.059522E+02
1.46388750000E+06	2.525833E-02	-1.056592E+02
1.46575625000E+06	2.547418E-02	-1.062209E+02
1.46762500000E+06	2.557768E-02	-1.066243E+02
1.46949375000E+06	2.546792E-02	-1.065316E+02
1.47136250000E+06	2.567711E-02	-1.058644E+02
1.47323125000E+06	2.544388E-02	-1.064046E+02
1.47510000000E+06	2.554194E-02	-1.061802E+02
1.47696875000E+06	2.572930E-02	-1.064508E+02
1.47883750000E+06	2.589042E-02	-1.062640E+02
1.48070625000E+06	2.582977E-02	-1.060720E+02
1.48257500000E+06	2.585003E-02	-1.066127E+02
1.48444375000E+06	2.568866E-02	-1.053940E+02
1.48631250000E+06	2.577577E-02	-1.062522E+02
1.48818125000E+06	2.598512E-02	-1.061713E+02
1.49005000000E+06	2.592415E-02	-1.063042E+02
1.49191875000E+06	2.601203E-02	-1.062284E+02
1.49378750000E+06	2.600989E-02	-1.063293E+02
1.49565625000E+06	2.631539E-02	-1.059328E+02
1.49752500000E+06	2.601201E-02	-1.062427E+02
1.49939375000E+06	2.609584E-02	-1.067023E+02
1.50126250000E+06	2.600120E-02	-1.064357E+02
1.50313125000E+06	2.615889E-02	-1.066621E+02
1.50500000000E+06	2.622793E-02	-1.064279E+02
1.50686875000E+06	2.606945E-02	-1.059946E+02
1.50873750000E+06	2.650185E-02	-1.068128E+02
1.51060625000E+06	2.643699E-02	-1.071557E+02
1.51247500000E+06	2.650131E-02	-1.065880E+02
1.51434375000E+06	2.631929E-02	-1.065703E+02
1.51621250000E+06	2.646499E-02	-1.068936E+02
1.51808125000E+06	2.647443E-02	-1.069624E+02
1.51995000000E+06	2.653770E-02	-1.069717E+02
1.52181875000E+06	2.649632E-02	-1.064663E+02
1.52368750000E+06	2.669034E-02	-1.069208E+02
1.52555625000E+06	2.664451E-02	-1.065952E+02
1.52742500000E+06	2.649162E-02	-1.073161E+02
1.52929375000E+06	2.664891E-02	-1.066223E+02
1.53116250000E+06	2.663756E-02	-1.069001E+02
1.53303125000E+06	2.688632E-02	-1.069869E+02
1.53490000000E+06	2.657972E-02	-1.067299E+02
1.53676875000E+06	2.690708E-02	-1.067652E+02
1.53863750000E+06	2.698101E-02	-1.073118E+02
1.54050625000E+06	2.692397E-02	-1.065923E+02
1.54237500000E+06	2.691356E-02	-1.069577E+02
1.54424375000E+06	2.690353E-02	-1.069659E+02
1.54611250000E+06	2.690790E-02	-1.071303E+02
1.54798125000E+06	2.720671E-02	-1.071931E+02
1.54985000000E+06	2.699366E-02	-1.068580E+02
1.55171875000E+06	2.704970E-02	-1.062805E+02
1.55358750000E+06	2.672056E-02	-1.070744E+02
1.55545625000E+06	2.675916E-02	-1.072464E+02
1.55732500000E+06	2.734253E-02	-1.063612E+02
1.55919375000E+06	2.732839E-02	-1.074410E+02
1.56106250000E+06	2.710671E-02	-1.066518E+02
1.56293125000E+06	2.697987E-02	-1.072536E+02
1.56480000000E+06	2.775973E-02	-1.076807E+02
1.56666875000E+06	2.710178E-02	-1.069939E+02
1.56853750000E+06	2.721415E-02	-1.072271E+02
1.57040625000E+06	2.747823E-02	-1.073714E+02
1.57227500000E+06	2.744083E-02	-1.078818E+02
1.57414375000E+06	2.742873E-02	-1.074607E+02
1.57601250000E+06	2.767793E-02	-1.075206E+02
1.57788125000E+06	2.772431E-02	-1.075217E+02
1.57975000000E+06	2.775686E-02	-1.075508E+02
1.58161875000E+06	2.789939E-02	-1.072687E+02
1.58348750000E+06	2.774146E-02	-1.074596E+02
1.58535625000E+06	2.760498E-02	-1.073702E+02
1.58722500000E+06	2.782867E-02	-1.072303E+02
1.58909375000E+06	2.785679E-02	-1.074526E+02
1.59096250000E+06	2.781470E-02	-1.073328E+02
1.59283125000E+06	2.792041E-02	-1.077394E+02
1.59470000000E+06	2.788659E-02	-1.076499E+02
1.59656875000E+06	2.788965E-02	-1.073895E+02
1.59843750000E+06	2.791229E-02	-1.076928E+02
1.60030625000E+06	2.797459E-02	-1.074041E+02
1.60217500000E+06	2.789526E-02	-1.077102E+02
1.60404375000E+06	2.837777E-02	-1.073360E+02
1.60591250000E+06	2.815787E-02	-1.072167E+02
1.60778125000E+06	2.804831E-02	-1.083621E+02
1.60965000000E+06	2.821167E-02	-1.073086E+02
1.61151875000E+06	2.819522E-02	-1.077043E+02
1.61338750000E+06	2.830692E-02	-1.079225E+02
1.61525625000E+06	2.801579E-02	-1.071771E+02
1.61712500000E+06	2.826122E-02	-1.072202E+02
1.61899375000E+06	2.832164E-02	-1.078229E+02
1.62086250000E+06	2.859562E-02	-1.078516E+02
1.62273125000E+06	2.866531E-02	-1.081386E+02
1.62460000000E+06	2.854716E-02	-1.083448E+02
1.62646875000E+06	2.874043E-02	-1.080187E+02
1.62833750000E+06	2.835031E-02	-1.083402E+02
1.63020625000E+06	2.870652E-02	-1.082762E+02
1.63207500000E+06	2.856696E-02	-1.081083E+02
1.63394375000E+06	2.863680E-02	-1.081953E+02
1.63581250000E+06	2.864570E-02	-1.077124E+02
1.63768125000E+06	2.890583E-02	-1.082212E+02
1.63955000000E+06	2.872170E-02	-1.081355E+02
1.64141875000E+06	2.865763E-02	-1.080713E+02
1.64328750000E+06	2.868534E-02	-1.082870E+02
1.64515625000E+06	2.877978E-02	-1.080679E+02
1.64702500000E+06	2.882376E-02	-1.088492E+02
1.64889375000E+06	2.886270E-02	-1.082926E+02
1.65076250000E+06	2.862613E-02	-1.079855E+02
1.65263125000E+06	2.895259E-02	-1.079504E+02
1.65450000000E+06	2.919168E-02	-1.081251E+02
1.65636875000E+06	2.909979E-02	-1.083741E+02
1.65823750000E+06	2.893363E-02	-1.081776E+02
1.66010625000E+06	2.921967E-02	-1.086061E+02
1.66197500000E+06	2.934492E-02	-1.080228E+02
1.66384375000E+06	2.906427E-02	-1.084203E+02
1.66571250000E+06	2.934625E-02	-1.083263E+02
1.66758125000E+06	2.935230E-02	-1.084790E+02
1.66945000000E+06	2.943398E-02	-1.085097E+02
1.67131875000E+06	2.938283E-02	-1.090690E+02
1.67318750000E+06	2.906979E-02	-1.079022E+02
1.67505625000E+06	2.928006E-02	-1.083996E+02
1.67692500000E+06	2.961298E-02	-1.083752E+02
1.67879375000E+06	2.975702E-02	-1.085762E+02
1.68066250000E+06	2.952619E-02	-1.085027E+02
1.68253125000E+06	2.980001E-02	-1.091078E+02
1.68440000000E+06	2.981147E-02	-1.089074E+02
1.68626875000E+06	2.945862E-02	-1.092207E+02
1.68813750000E+06	2.954845E-02	-1.087619E+02
1.69000625000E+06	2.942259E-02	-1.091634E+02
1.69187500000E+06	2.950886E-02	-1.084833E+02
1.69374375000E+06	2.948720E-02	-1.085830E+02
1.69561250000E+06	2.968347E-02	-1.086400E+02
1.69748125000E+06	2.989427E-02	-1.094138E+02
1.69935000000E+06	2.985041E-02	-1.083200E+02
1.70121875000E+06	3.001268E-02	-1.088396E+02
1.70308750000E+06	2.988090E-02	-1.087405E+02
1.70495625000E+06	2.992402E-02	-1.087053E+02
1.70682500000E+06	3.007140E-02	-1.092073E+02
1.70869375000E+06	2.977093E-02	-1.092263E+02
1.71056250000E+06	3.027024E-02	-1.088977E+02
1.71243125000E+06	3.004199E-02	-1.085084E+02
1.71430000000E+06	2.992416E-02	-1.091545E+02
1.71616875000E+06	3.003090E-02	-1.090599E+02
1.71803750000E+06	3.012452E-02	-1.092215E+02
1.71990625000E+06	3.008349E-02	-1.090505E+02
1.72177500000E+06	2.995289E-02	-1.095732E+02
1.72364375000E+06	3.018877E-02	-1.092303E+02
1.72551250000E+06	3.025023E-02	-1.091500E+02
1.72738125000E+06	3.029521E-02	-1.088819E+02
1.72925000000E+06	3.004909E-02	-1.093804E+02
1.73111875000E+06	3.027404E-02	-1.091974E+02
1.73298750000E+06	3.033323E-02	-1.093444E+02
1.73485625000E+06	3.050335E-02	-1.089854E+02
1.73672500000E+06	3.046437E-02	-1.090473E+02
1.73859375000E+06	3.055569E-02	-1.093348E+02
1.74046250000E+06	3.061555E-02	-1.092623E+02
1.74233125000E+06	3.075588E-02	-1.088732E+02
1.74420000000E+06	3.048645E-02	-1.095460E+02
1.74606875000E+06	3.056648E-02	-1.092038E+02
1.74793750000E+06	3.076072E-02	-1.090428E+02
1.74980625000E+06	3.084080E-02	-1.090494E+02
1.75167500000E+06	3.077473E-02	-1.097097E+02
1.75354375000E+06	3.090395E-02	-1.095899E+02
1.75541250000E+06	3.067644E-02	-1.096769E+02
1.75728125000E+06	3.090542E-02	-1.096861E+02
1.75915000000E+06	3.082651E-02	-1.095382E+02
1.76101875000E+06	3.084593E-02	-1.099119E+02
1.76288750000E+06	3.081953E-02	-1.101422E+02
1.76475625000E+06	3.098669E-02	-1.093613E+02
1.76662500000E+06	3.098232E-02	-1.096239E+02
1.76849375000E+06	3.096936E-02	-1.096172E+02
1.77036250000E+06	3.103779E-02	-1.096728E+02
1.77223125000E+06	3.091787E-02	-1.097427E+02
1.77410000000E+06	3.120235E-02	-1.096157E+02
1.77596875000E+06	3.117175E-02	-1.096800E+02
1.77783750000E+06	3.133903E-02	-1.094279E+02
1.77970625000E+06	3.132915E-02	-1.097431E+02
1.78157500000E+06	3.139638E-02	-1.096773E+02
1.78344375000E+06	3.139480E-02	-1.097475E+02
1.78531250000E+06	3.147976E-02	-1.099364E+02
1.78718125000E+06	3.135253E-02	-1.101919E+02
1.78905000000E+06	3.140980E-02	-1.095483E+02
1.79091875000E+06	3.151899E-02	-1.097287E+02
1.79278750000E+06	3.135046E-02	-1.102378E+02
1.79465625000E+06	3.149396E-02	-1.101052E+02
1.79652500000E+06	3.161006E-02	-1.102094E+02
1.79839375000E+06	3.169974E-02	-1.102785E+02
1.80026250000E+06	3.185892E-02	-1.101660E+02
1.80213125000E+06	3.148547E-02	-1.099001E+02
1.80400000000E+06	3.161272E-02	-1.102917E+02
1.80586875000E+06	3.162626E-02	-1.103658E+02
1.80773750000E+06	3.196343E-02	-1.099812E+02
1.80960625000E+06	3.167355E-02	-1.099865E+02
1.81147500000E+06	3.184182E-02	-1.105583E+02
1.81334375000E+06	3.197850E-02	-1.099054E+02
1.81521250000E+06	3.192848E-02	-1.097840E+02
1.81708125000E+06	3.213520E-02	-1.102143E+02
1.81895000000E+06	3.181103E-02	-1.100831E+02
1.82081875000E+06	3.185248E-02	-1.102450E+02
1.82268750000E+06	3.197246E-02	-1.098608E+02
1.82455625000E+06	3.203027E-02	-1.102375E+02
1.82642500000E+06	3.186379E-02	-1.098941E+02
1.82829375000E+06	3.236884E-02	-1.105346E+02
1.83016250000E+06	3.186655E-02	-1.103525E+02
1.83203125000E+06	3.238045E-02	-1.104216E+02
1.83390000000E+06	3.229034E-02	-1.101658E+02
1.83576875000E+06	3.249791E-02	-1.103188E+02
1.83763750000E+06	3.232317E-02	-1.107480E+02
1.83950625000E+06	3.258948E-02	-1.105028E+02
1.84137500000E+06	3.244887E-02	-1.106942E+02
1.84324375000E+06	3.256485E-02	-1.103580E+02
1.84511250000E+06	3.278192E-02	-1.111446E+02
1.84698125000E+06	3.230890E-02	-1.112637E+02
1.84885000000E+06	3.288158E-02	-1.106292E+02
1.85071875000E+06	3.250485E-02	-1.107501E+02
1.85258750000E+06	3.274537E-02	-1.110436E+02
1.85445625000E+06	3.269114E-02	-1.107135E+02
1.85632500000E+06	3.247745E-02	-1.103097E+02
1.85819375000E+06	3.260197E-02	-1.109772E+02
1.86006250000E+06	3.279876E-02	-1.105188E+02
1.86193125000E+06	3.293618E-02	-1.107854E+02
1.86380000000E+06	3.284665E-02	-1.110566E+02
1.86566875000E+06	3.286950E-02	-1.105979E+02
1.86753750000E+06	3.285073E-02	-1.113093E+02
1.86940625000E+06	3.261922E-02	-1.107148E+02
1.87127500000E+06	3.306740E-02	-1.111189E+02
1.87314375000E+06	3.329317E-02	-1.104733E+02
1.87501250000E+06	3.306931E-02	-1.111764E+02
1.87688125000E+06	3.308082E-02	-1.110751E+02
1.87875000000E+06	3.315469E-02	-1.112824E+02
1.88061875000E+06	3.320791E-02	-1.113425E+02
1.88248750000E+06	3.308045E-02	-1.111466E+02
1.88435625000E+06	3.312858E-02	-1.109297E+02
1.88622500000E+06	3.330145E-02	-1.110375E+02
1.88809375000E+06	3.346885E-02	-1.112865E+02
1.88996250000E+06	3.334346E-02	-1.107669E+02
1.89183125000E+06	3.336913E-02	-1.115372E+02
1.89370000000E+06	3.352521E-02	-1.116574E+02
1.89556875000E+06	3.328116E-02	-1.113218E+02
1.89743750000E+06	3.332560E-02	-1.112229E+02
1.89930625000E+06	3.342259E-02	-1.113472E+02
1.90117500000E+06	3.349190E-02	-1.118401E+02
1.90304375000E+06	3.389079E-02	-1.114571E+02
1.90491250000E+06	3.376731E-02	-1.114156E+02
1.90678125000E+06	3.388991E-02	-1.115344E+02
1.90865000000E+06	3.378345E-02	-1.113616E+02
1.91051875000E+06	3.372707E-02	-1.108447E+02
1.91238750000E+06	3.382662E-02	-1.111748E+02
1.91425625000E+06	3.378640E-02	-1.113692E+02
1.91612500000E+06	3.368221E-02	-1.116897E+02
1.91799375000E+06	3.369066E-02	-1.116447E+02
1.91986250000E+06	3.371899E-02	-1.117495E+02
1.92173125000E+06	3.377589E-02	-1.111618E+02
1.92360000000E+06	3.407772E-02	-1.112123E+02
1.92546875000E+06	3.397383E-02	-1.119040E+02
1.92733750000E+06	3.402665E-02	-1.116862E+02
1.92920625000E+06	3.407183E-02	-1.117215E+02
1.93107500000E+06	3.410963E-02	-1.115892E+02
1.93294375000E+06	3.403804E-02	-1.115713E+02
1.93481250000E+06	3.385382E-02	-1.117525E+02
1.93668125000E+06	3.422957E-02	-1.118085E+02
1.93855000000E+06	3.413337E-02	-1.119391E+02
1.94041875000E+06	3.418303E-02	-1.120317E+02
1.94228750000E+06	3.428550E-02	-1.119345E+02
1.94415625000E+06	3.439194E-02	-1.118713E+02
1.94602500000E+06	3.431507E-02	-1.116067E+02
1.94789375000E+06	3.462902E-02	-1.122331E+02
1.94976250000E+06	3.453594E-02	-1.116399E+02
1.95163125000E+06	3.431364E-02	-1.119667E+02
1.95350000000E+06	3.471450E-02	-1.119330E+02
1.95536875000E+06	3.430764E-02	-1.117565E+02
1.95723750000E+06	3.456381E-02	-1.118676E+02
1.95910625000E+06	3.441848E-02	-1.117652E+02
1.96097500000E+06	3.461196E-02	-1.119572E+02
1.96284375000E+06	3.488364E-02	-1.119013E+02
1.96471250000E+06	3.468065E-02	-1.116184E+02
1.96658125000E+06	3.472086E-02	-1.118832E+02
1.96845000000E+06	3.458295E-02	-1.122302E+02
1.97031875000E+06	3.475115E-02	-1.122565E+02
1.97218750000E+06	3.495713E-02	-1.121187E+02
1.97405625000E+06	3.508138E-02	-1.117824E+02
1.97592500000E+06	3.469918E-02	-1.119052E+02
1.97779375000E+06	3.491748E-02	-1.120800E+02
1.97966250000E+06	3.536407E-02	-1.122046E+02
1.98153125000E+06	3.490837E-02	-1.124175E+02
1.98340000000E+06	3.523166E-02	-1.124087E+02
1.98526875000E+06	3.484982E-02	-1.124606E+02
1.98713750000E+06	3.544881E-02	-1.120384E+02
1.98900625000E+06	3.523177E-02	-1.126576E+02
1.99087500000E+06	3.509342E-02	-1.119258E+02
1.99274375000E+06	3.549847E-02	-1.124517E+02
1.99461250000E+06	3.524701E-02	-1.119764E+02
1.99648125000E+06	3.532542E-02	-1.123568E+02
1.99835000000E+06	3.551205E-02	-1.121378E+02
2.00021875000E+06	3.549757E-02	-1.127326E+02
2.00208750000E+06	3.527018E-02	-1.123780E+02
2.00395625000E+06	3.536939E-02	-1.131592E+02
2.00582500000E+06	3.553436E-02	-1.126737E+02
2.00769375000E+06	3.547548E-02	-1.126480E+02
2.00956250000E+06	3.516454E-02	-1.123313E+02
2.01143125000E+06	3.541466E-02	-1.128049E+02
2.01330000000E+06	3.599206E-02	-1.124769E+02
2.01516875000E+06	3.572508E-02	-1.127218E+02
2.01703750000E+06	3.559444E-02	-1.122844E+02
2.01890625000E+06	3.544476E-02	-1.122348E+02
2.02077500000E+06	3.558978E-02	-1.129788E+02
2.02264375000E+06	3.578066E-02	-1.119574E+02
2.02451250000E+06	3.604677E-02	-1.122326E+02
2.02638125000E+06	3.605006E-02	-1.123227E+02
2.02825000000E+06	3.606629E-02	-1.125364E+02
2.03011875000E+06	3.604016E-02	-1.127409E+02
2.03198750000E+06	3.629002E-02	-1.131330E+02
2.03385625000E+06	3.605551E-02	-1.127889E+02
2.03572500000E+06	3.619833E-02	-1.131718E+02
2.03759375000E+06	3.624443E-02	-1.131467E+02
2.03946250000E+06	3.599806E-02	-1.127622E+02
2.04133125000E+06	3.604982E-02	-1.132849E+02
2.04320000000E+06	3.632165E-02	-1.129290E+02
2.04506875000E+06	3.601148E-02	-1.134487E+02
2.04693750000E+06	3.638854E-02	-1.128643E+02
2.04880625000E+06	3.609848E-02	-1.130087E+02
2.05067500000E+06	3.624089E-02	-1.130248E+02
2.05254375000E+06	3.608413E-02	-1.134145E+02
2.05441250000E+06	3.633399E-02	-1.130976E+02
2.05628125000E+06	3.638731E-02	-1.128203E+02
2.05815000000E+06	3.643036E-02	-1.132172E+02
2.06001875000E+06	3.649506E-02	-1.131966E+02
2.06188750000E+06	3.663900E-02	-1.130076E+02
2.06375625000E+06	3.663011E-02	-1.132803E+02
2.06562500000E+06	3.661890E-02	-1.135159E+02
2.06749375000E+06	3.654473E-02	-1.133950E+02
2.06936250000E+06	3.673287E-02	-1.131034E+02
2.07123125000E+06	3.662466E-02	-1.130586E+02
2.07310000000E+06	3.683783E-02	-1.130006E+02
2.07496875000E+06	3.669525E-02	-1.138316E+02
2.07683750000E+06	3.666216E-02	-1.135753E+02
2.07870625000E+06	3.665491E-02	-1.128801E+02
2.08057500000E+06	3.702516E-02	-1.133715E+02
2.08244375000E+06	3.698717E-02	-1.131969E+02
2.08431250000E+06	3.674966E-02	-1.131906E+02
2.08618125000E+06	3.698334E-02	-1.136129E+02
2.08805000000E+06	3.687417E-02	-1.133896E+02
2.08991875000E+06	3.719701E-02	-1.134551E+02
2.09178750000E+06	3.709791E-02	-1.139766E+02
2.09365625000E+06	3.708272E-02	-1.139366E+02
2.09552500000E+06	3.725571E-02	-1.135967E+02
2.09739375000E+06	3.714063E-02	-1.134797E+02
2.09926250000E+06	3.737365E-02	-1.137729E+02
2.10113125000E+06	3.724283E-02	-1.136397E+02
2.10300000000E+06	3.734888E-02	-1.140744E+02
2.10486875000E+06	3.722545E-02	-1.137249E+02
2.10673750000E+06	3.755485E-02	-1.135609E+02
2.10860625000E+06	3.722700E-02	-1.137946E+02
2.11047500000E+06	3.743330E-02	-1.136723E+02
2.11234375000E+06	3.731653E-02	-1.136759E+02
2.11421250000E+06	3.759123E-02	-1.135914E+02
2.11608125000E+06	3.742449E-02	-1.140297E+02
2.11795000000E+06	3.757495E-02	-1.137864E+02
2.11981875000E+06	3.750023E-02	-1.140582E+02
2.12168750000E+06	3.752164E-02	-1.136065E+02
2.12355625000E+06	3.749437E-02	-1.139566E+02
2.12542500000E+06	3.784953E-02	-1.139761E+02
2.12729375000E+06	3.773910E-02	-1.140557E+02
2.12916250000E+06	3.769583E-02	-1.140608E+02
2.13103125000E+06	3.769113E-02	-1.138766E+02
2.13290000000E+06	3.780936E-02	-1.142144E+02
2.13476875000E+06	3.776583E-02	-1.141375E+02
2.13663750000E+06	3.797643E-02	-1.142188E+02
2.13850625000E+06	3.799515E-02	-1.140660E+02
2.14037500000E+06	3.800106E-02	-1.140118E+02
2.14224375000E+06	3.819272E-02	-1.146190E+02
2.14411250000E+06	3.825920E-02	-1.140025E+02
2.14598125000E+06	3.823671E-02	-1.142659E+02
2.14785000000E+06	3.833391E-02	-1.141830E+02
2.14971875000E+06	3.820393E-02	-1.146701E+02
2.15158750000E+06	3.834397E-02	-1.142313E+02
2.15345625000E+06	3.847888E-02	-1.142330E+02
2.15532500000E+06	3.843090E-02	-1.147325E+02
2.15719375000E+06	3.826893E-02	-1.143744E+02
2.15906250000E+06	3.850942E-02	-1.145031E+02
2.16093125000E+06	3.855006E-02	-1.142220E+02
2.16280000000E+06	3.837899E-02	-1.142115E+02
2.16466875000E+06	3.808208E-02	-1.142813E+02
2.16653750000E+06	3.859428E-02	-1.145706E+02
2.16840625000E+06	3.857552E-02	-1.143701E+02
2.17027500000E+06	3.836219E-02	-1.146314E+02
2.17214375000E+06	3.830142E-02	-1.142029E+02
2.17401250000E+06	3.902893E-02	-1.144975E+02
2.17588125000E+06	3.883877E-02	-1.145327E+02
2.17775000000E+06	3.888528E-02	-1.146717E+02
2.17961875000E+06	3.880319E-02	-1.144793E+02
2.18148750000E+06	3.905678E-02	-1.146841E+02
2.18335625000E+06	3.887262E-02	-1.151050E+02
2.18522500000E+06	3.883665E-02	-1.148129E+02
2.18709375000E+06	3.900300E-02	-1.147718E+02
2.18896250000E+06	3.894918E-02	-1.149475E+02
2.19083125000E+06	3.885821E-02	-1.150295E+02
2.19270000000E+06	3.938069E-02	-1.147855E+02
2.19456875000E+06	3.916589E-02	-1.145230E+02
2.19643750000E+06	3.908803E-02	-1.144340E+02
2.19830625000E+06	3.927144E-02	-1.153424E+02
2.20017500000E+06	3.917305E-02	-1.152694E+02
2.20204375000E+06	3.949865E-02	-1.151827E+02
2.20391250000E+06	3.922093E-02	-1.150727E+02
2.20578125000E+06	3.905350E-02	-1.153339E+02
2.20765000000E+06	3.902436E-02	-1.149958E+02
2.20951875000E+06	3.934501E-02	-1.151885E+02
2.21138750000E+06	3.906394E-02	-1.155218E+02
2.21325625000E+06	3.918405E-02	-1.153180E+02
2.21512500000E+06	3.931885E-02	-1.156289E+02
2.21699375000E+06	3.959529E-02	-1.151090E+02
2.21886250000E+06	3.922819E-02	-1.151034E+02
2.22073125000E+06	3.933138E-02	-1.157581E+02
2.22260000000E+06	3.946349E-02	-1.151676E+02
2.22446875000E+06	3.956787E-02	-1.154869E+02
2.22633750000E+06	3.974401E-02	-1.152779E+02
2.22820625000E+06	3.977717E-02	-1.151751E+02
2.23007500000E+06	3.978698E-02	-1.150421E+02
2.23194375000E+06	3.967110E-02	-1.152481E+02
2.23381250000E+06	4.020797E-02	-1.155632E+02
2.23568125000E+06	4.013016E-02	-1.157060E+02
2.23755000000E+06	3.994452E-02	-1.153178E+02
2.23941875000E+06	3.991956E-02	-1.155528E+02
2.24128750000E+06	3.967590E-02	-1.154003E+02
2.24315625000E+06	3.986786E-02	-1.153547E+02
2.24502500000E+06	3.986845E-02	-1.154577E+02
2.24689375000E+06	3.983685E-02	-1.154639E+02
2.24876250000E+06	4.013918E-02	-1.153840E+02
2.25063125000E+06	3.996515E-02	-1.154667E+02
2.25250000000E+06	4.019964E-02	-1.154533E+02
2.25436875000E+06	4.029051E-02	-1.157772E+02
2.25623750000E+06	4.031084E-02	-1.156406E+02
2.25810625000E+06	4.015763E-02	-1.153392E+02
2.25997500000E+06	4.017909E-02	-1.157014E+02
2.26184375000E+06	4.023957E-02	-1.156689E+02
2.26371250000E+06	4.038244E-02	-1.159160E+02
2.26558125000E+06	4.019585E-02	-1.160052E+02
2.26745000000E+06	4.022108E-02	-1.156547E+02
2.26931875000E+06	4.066645E-02	-1.158669E+02
2.27118750000E+06	4.062824E-02	-1.157367E+02
2.27305625000E+06	4.070728E-02	-1.158641E+02
2.27492500000E+06	4.064004E-02	-1.160578E+02
2.27679375000E+06	4.071535E-02	-1.158361E+02
2.27866250000E+06	4.063308E-02	-1.160194E+02
2.28053125000E+06	4.057710E-02	-1.163501E+02
2.28240000000E+06	4.077960E-02	-1.157516E+02
2.28426875000E+06	4.049305E-02	-1.158355E+02
2.28613750000E+06	4.087029E-02	-1.158757E+02
2.28800625000E+06	4.063931E-02	-1.164838E+02
2.28987500000E+06	4.083357E-02	-1.162556E+02
2.29174375000E+06	4.068769E-02	-1.159629E+02
2.29361250000E+06	4.107191E-02	-1.160790E+02
2.29548125000E+06	4.097282E-02	-1.163714E+02
2.29735000000E+06	4.120940E-02	-1.159897E+02
2.29921875000E+06	4.081078E-02	-1.163275E+02
2.30108750000E+06	4.112653E-02	-1.163972E+02
2.30295625000E+06	4.107787E-02	-1.162080E+02
2.30482500000E+06	4.114568E-02	-1.166499E+02
2.30669375000E+06	4.110483E-02	-1.161153E+02
2.30856250000E+06	4.125058E-02	-1.163204E+02
2.31043125000E+06	4.135531E-02	-1.163939E+02
2.31230000000E+06	4.100889E-02	-1.162125E+02
2.31416875000E+06	4.136308E-02	-1.161639E+02
2.31603750000E+06	4.125284E-02	-1.164836E+02
2.31790625000E+06	4.126516E-02	-1.165050E+02
2.31977500000E+06	4.157696E-02	-1.166767E+02
2.32164375000E+06	4.146814E-02	-1.166185E+02
2.32351250000E+06	4.138040E-02	-1.164252E+02
2.32538125000E+06	4.152059E-02	-1.164188E+02
2.32725000000E+06	4.140918E-02	-1.163801E+02
2.32911875000E+06	4.160828E-02	-1.165156E+02
2.33098750000E+06	4.155413E-02	-1.162822E+02
2.33285625000E+06	4.161768E-02	-1.166471E+02
2.33472500000E+06	4.180016E-02	-1.163761E+02
2.33659375000E+06	4.184669E-02	-1.167106E+02
2.33846250000E+06	4.155795E-02	-1.167465E+02
2.34033125000E+06	4.168458E-02	-1.165562E+02
2.34220000000E+06	4.177979E-02	-1.166880E+02
2.34406875000E+06	4.192701E-02	-1.167321E+02
2.34593750000E+06	4.191572E-02	-1.165670E+02
2.34780625000E+06	4.190005E-02	-1.168972E+02
2.34967500000E+06	4.186528E-02	-1.168855E+02
2.35154375000E+06	4.185875E-02	-1.167626E+02
2.35341250000E+06	4.187088E-02	-1.166333E+02
2.35528125000E+06	4.214193E-02	-1.166980E+02
2.35715000000E+06	4.214149E-02	-1.167290E+02
2.35901875000E+06	4.210738E-02	-1.167541E+02
2.36088750000E+06	4.200256E-02	-1.172236E+02
2.36275625000E+06	4.214281E-02	-1.170676E+02
2.36462500000E+06	4.219890E-02	-1.170529E+02
2.36649375000E+06	4.236456E-02	-1.168775E+02
2.36836250000E+06	4.222822E-02	-1.169614E+02
2.37023125000E+06	4.234291E-02	-1.168752E+02
2.37210000000E+06	4.231972E-02	-1.170385E+02
2.37396875000E+06	4.227521E-02	-1.169598E+02
2.37583750000E+06	4.248688E-02	-1.170098E+02
2.37770625000E+06	4.240833E-02	-1.169438E+02
2.37957500000E+06	4.259092E-02	-1.173835E+02
2.38144375000E+06	4.236047E-02	-1.173311E+02
2.38331250000E+06	4.235962E-02	-1.173394E+02
2.38518125000E+06	4.265103E-02	-1.171804E+02
2.38705000000E+06	4.261735E-02	-1.171594E+02
2.38891875000E+06	4.241965E-02	-1.169348E+02
2.39078750000E+06	4.246629E-02	-1.172269E+02
2.39265625000E+06	4.268619E-02	-1.175880E+02
2.39452500000E+06	4.291626E-02	-1.170569E+02
2.39639375000E+06	4.290200E-02	-1.172843E+02
2.39826250000E+06	4.282983E-02	-1.172313E+02
2.40013125000E+06	4.294015E-02	-1.173067E+02
2.40200000000E+06	4.301329E-02	-1.172884E+02
2.40386875000E+06	4.288038E-02	-1.176945E+02
2.40573750000E+06	4.300134E-02	-1.169253E+02
2.40760625000E+06	4.312330E-02	-1.173442E+02
2.40947500000E+06	4.292165E-02	-1.176515E+02
2.41134375000E+06	4.286715E-02	-1.172697E+02
2.41321250000E+06	4.313318E-02	-1.176334E+02
2.41508125000E+06	4.287533E-02	-1.175856E+02
2.41695000000E+06	4.305412E-02	-1.180449E+02
2.41881875000E+06	4.301925E-02	-1.174700E+02
2.42068750000E+06	4.354528E-02	-1.175531E+02
2.42255625000E+06	4.295636E-02	-1.177162E+02
2.42442500000E+06	4.333714E-02	-1.176353E+02
2.42629375000E+06	4.324915E-02	-1.175729E+02
2.42816250000E+06	4.321662E-02	-1.172691E+02
2.43003125000E+06	4.374893E-02	-1.179688E+02
2.43190000000E+06	4.366065E-02	-1.176575E+02
2.43376875000E+06	4.354472E-02	-1.175839E+02
2.43563750000E+06	4.356454E-02	-1.175718E+02
2.43750625000E+06	4.343407E-02	-1.176992E+02
2.43937500000E+06	4.358816E-02	-1.177523E+02
2.44124375000E+06	4.379151E-02	-1.176224E+02
2.44311250000E+06	4.369655E-02	-1.176680E+02
2.44498125000E+06	4.372123E-02	-1.178651E+02
2.44685000000E+06	4.369727E-02	-1.177797E+02
2.44871875000E+06	4.368332E-02	-1.184975E+02
2.45058750000E+06	4.352520E-02	-1.179464E+02
2.45245625000E+06	4.373641E-02	-1.176879E+02
2.45432500000E+06	4.357691E-02	-1.178074E+02
2.45619375000E+06	4.373398E-02	-1.181870E+02
2.45806250000E+06	4.381558E-02	-1.178352E+02
2.45993125000E+06	4.400305E-02	-1.176379E+02
2.46180000000E+06	4.381246E-02	-1.176903E+02
2.46366875000E+06	4.407326E-02	-1.177949E+02
2.46553750000E+06	4.381122E-02	-1.178172E+02
2.46740625000E+06	4.414513E-02	-1.182224E+02
2.46927500000E+06	4.412616E-02	-1.181655E+02
2.47114375000E+06	4.403542E-02	-1.182502E+02
2.47301250000E+06	4.429534E-02	-1.182972E+02
2.47488125000E+06	4.391496E-02	-1.180010E+02
2.47675000000E+06	4.433756E-02	-1.181870E+02
2.47861875000E+06	4.435569E-02	-1.177896E+02
2.48048750000E+06	4.440559E-02	-1.182832E+02
2.48235625000E+06	4.439045E-02	-1.182286E+02
2.48422500000E+06	4.443784E-02	-1.180763E+02
2.48609375000E+06	4.462964E-02	-1.182160E+02
2.48796250000E+06	4.430941E-02	-1.183562E+02
2.48983125000E+06	4.452774E-02	-1.183372E+02
2.49170000000E+06	4.442253E-02	-1.182519E+02
2.49356875000E+06	4.455904E-02	-1.184457E+02
2.49543750000E+06	4.455562E-02	-1.184547E+02
2.49730625000E+06	4.469498E-02	-1.179674E+02
2.49917500000E+06	4.448134E-02	-1.182969E+02
2.50104375000E+06	4.464443E-02	-1.181622E+02
2.50291250000E+06	4.480223E-02	-1.183384E+02
2.50478125000E+06	4.453847E-02	-1.182023E+02
2.50665000000E+06	4.482123E-02	-1.184414E+02
2.50851875000E+06	4.475909E-02	-1.185550E+02
2.51038750000E+06	4.487823E-02	-1.182300E+02
2.51225625000E+06	4.494904E-02	-1.187593E+02
2.51412500000E+06	4.493418E-02	-1.185604E+02
2.51599375000E+06	4.526609E-02	-1.184155E+02
2.51786250000E+06	4.498823E-02	-1.185296E+02
2.51973125000E+06	4.512193E-02	-1.186695E+02
2.52160000000E+06	4.503255E-02	-1.182624E+02
2.52346875000E+06	4.516781E-02	-1.185910E+02
2.52533750000E+06	4.530681E-02	-1.185871E+02
2.52720625000E+06	4.530944E-02	-1.185697E+02
2.52907500000E+06	4.517249E-02	-1.185501E+02
2.53094375000E+06	4.541263E-02	-1.188991E+02
2.53281250000E+06	4.527152E-02	-1.189771E+02
2.53468125000E+06	4.525958E-02	-1.187560E+02
2.53655000000E+06	4.518937E-02	-1.186536E+02
2.53841875000E+06	4.532725E-02	-1.188559E+02
2.54028750000E+06	4.535226E-02	-1.186050E+02
2.54215625000E+06	4.561691E-02	-1.188311E+02
2.54402500000E+06	4.542452E-02	-1.185656E+02
2.54589375000E+06	4.546527E-02	-1.189585E+02
2.54776250000E+06	4.559886E-02	-1.188910E+02
2.54963125000E+06	4.583602E-02	-1.190151E+02
2.55150000000E+06	4.570637E-02	-1.191021E+02
2.55336875000E+06	4.578358E-02	-1.191590E+02
2.55523750000E+06	4.607076E-02	-1.190104E+02
2.55710625000E+06	4.592920E-02	-1.188674E+02
2.55897500000E+06	4.583838E-02	-1.190445E+02
2.56084375000E+06	4.587094E-02	-1.189602E+02
2.56271250000E+06	4.592451E-02	-1.189033E+02
2.56458125000E+06	4.594397E-02	-1.191029E+02
2.56645000000E+06	4.600447E-02	-1.192196E+02
2.56831875000E+06	4.590857E-02	-1.191207E+02
2.57018750000E+06	4.613555E-02	-1.189144E+02
2.57205625000E+06	4.620122E-02	-1.188095E+02
2.57392500000E+06	4.609507E-02	-1.190025E+02
2.57579375000E+06	4.604034E-02	-1.191990E+02
2.57766250000E+06	4.622452E-02	-1.194076E+02
2.57953125000E+06	4.626757E-02	-1.191833E+02
2.58140000000E+06	4.624186E-02	-1.191778E+02
2.58326875000E+06	4.639798E-02	-1.191725E+02
2.58513750000E+06	4.646865E-02	-1.192324E+02
2.58700625000E+06	4.629333E-02	-1.192759E+02
2.58887500000E+06	4.651961E-02	-1.192506E+02
2.59074375000E+06	4.659566E-02	-1.194100E+02
2.59261250000E+06	4.652314E-02	-1.195190E+02
2.59448125000E+06	4.654695E-02	-1.194426E+02
2.59635000000E+06	4.656657E-02	-1.195644E+02
2.59821875000E+06	4.681083E-02	-1.193514E+02
2.60008750000E+06	4.666415E-02	-1.195043E+02
2.60195625000E+06	4.667294E-02	-1.195424E+02
2.60382500000E+06	4.686260E-02	-1.194402E+02
2.60569375000E+06	4.703217E-02	-1.195653E+02
2.60756250000E+06	4.675360E-02	-1.197202E+02
2.60943125000E+06	4.667228E-02	-1.195798E+02
2.61130000000E+06	4.688221E-02	-1.195895E+02
2.61316875000E+06	4.689244E-02	-1.195826E+02
2.61503750000E+06	4.707522E-02	-1.195706E+02
2.61690625000E+06	4.716109E-02	-1.197439E+02
2.61877500000E+06	4.699440E-02	-1.197586E+02
2.62064375000E+06	4.717628E-02	-1.197172E+02
2.62251250000E+06	4.705308E-02	-1.197748E+02
2.62438125000E+06	4.732899E-02	-1.197881E+02
2.62625000000E+06	4.734281E-02	-1.199680E+02
2.62811875000E+06	4.731028E-02	-1.194669E+02
2.62998750000E+06	4.724427E-02	-1.198810E+02
2.63185625000E+06	4.737082E-02	-1.199023E+02
2.63372500000E+06	4.732125E-02	-1.199402E+02
2.63559375000E+06	4.747588E-02	-1.200512E+02
2.63746250000E+06	4.735313E-02	-1.198210E+02
2.63933125000E+06	4.752799E-02	-1.200160E+02
2.64120000000E+06	4.742966E-02	-1.199748E+02
2.64306875000E+06	4.733190E-02	-1.199828E+02
2.64493750000E+06	4.755897E-02	-1.199482E+02
2.64680625000E+06	4.767617E-02	-1.200887E+02
2.64867500000E+06	4.768370E-02	-1.198414E+02
2.65054375000E+06	4.777431E-02	-1.201127E+02
2.65241250000E+06	4.766828E-02	-1.200030E+02
2.65428125000E+06	4.772626E-02	-1.200288E+02
2.65615000000E+06	4.792719E-02	-1.200979E+02
2.65801875000E+06	4.777889E-02	-1.198653E+02
2.65988750000E+06	4.789552E-02	-1.200964E+02
2.66175625000E+06	4.792205E-02	-1.202704E+02
2.66362500000E+06	4.796062E-02	-1.201160E+02
2.66549375000E+06	4.806523E-02	-1.201209E+02
2.66736250000E+06	4.799755E-02	-1.202236E+02
2.66923125000E+06	4.823697E-02	-1.204231E+02
2.67110000000E+06	4.815579E-02	-1.202799E+02
2.67296875000E+06	4.825891E-02	-1.203500E+02
2.67483750000E+06	4.817098E-02	-1.203138E+02
2.67670625000E+06	4.837440E-02	-1.202242E+02
2.67857500000E+06	4.823071E-02	-1.202495E+02
2.68044375000E+06	4.824254E-02	-1.203379E+02
2.68231250000E+06	4.828530E-02	-1.201047E+02
2.68418125000E+06	4.831664E-02	-1.205506E+02
2.68605000000E+06	4.846596E-02	-1.202866E+02
2.68791875000E+06	4.859537E-02	-1.203302E+02
2.68978750000E+06	4.857189E-02	-1.206776E+02
2.69165625000E+06	4.850093E-02	-1.204916E+02
2.69352500000E+06	4.877912E-02	-1.207375E+02
2.69539375000E+06	4.865251E-02	-1.204316E+02
2.69726250000E+06	4.871144E-02	-1.208243E+02
2.69913125000E+06	4.866143E-02	-1.205709E+02
2.70100000000E+06	4.883203E-02	-1.207791E+02
2.70286875000E+06	4.866949E-02	-1.205669E+02
2.70473750000E+06	4.879655E-02	-1.203373E+02
2.70660625000E+06	4.892220E-02	-1.208501E+02
2.70847500000E+06	4.906349E-02	-1.206783E+02
2.71034375000E+06	4.879665E-02	-1.205304E+02
2.71221250000E+06	4.892386E-02	-1.207200E+02
2.71408125000E+06	4.918904E-02	-1.207073E+02
2.71595000000E+06	4.926591E-02	-1.207665E+02
2.71781875000E+06	4.912703E-02	-1.207462E+02
2.71968750000E+06	4.910374E-02	-1.208529E+02
2.72155625000E+06	4.917652E-02	-1.206944E+02
2.72342500000E+06	4.917542E-02	-1.211639E+02
2.72529375000E+06	4.919657E-02	-1.210503E+02
2.72716250000E+06	4.926808E-02	-1.207369E+02
2.72903125000E+06	4.926073E-02	-1.211795E+02
2.73090000000E+06	4.916481E-02	-1.207227E+02
2.73276875000E+06	4.931444E-02	-1.210562E+02
2.73463750000E+06	4.958479E-02	-1.213749E+02
2.73650625000E+06	4.926056E-02	-1.207253E+02
2.73837500000E+06	4.900632E-02	-1.211277E+02
2.74024375000E+06	4.944700E-02	-1.211377E+02
2.74211250000E+06	4.961844E-02	-1.213951E+02
2.74398125000E+06	4.950012E-02	-1.211702E+02
2.74585000000E+06	4.974841E-02	-1.212718E+02
2.74771875000E+06	4.950846E-02	-1.210293E+02
2.74958750000E+06	4.989783E-02	-1.213326E+02
2.75145625000E+06	4.957333E-02	-1.210789E+02
2.75332500000E+06	4.966368E-02	-1.213298E+02
2.75519375000E+06	4.966490E-02	-1.209903E+02
2.75706250000E+06	4.981798E-02	-1.207821E+02
2.75893125000E+06	5.013163E-02	-1.216628E+02
2.76080000000E+06	5.040137E-02	-1.213573E+02
2.76266875000E+06	5.001312E-02	-1.211945E+02
2.76453750000E+06	5.032052E-02	-1.216324E+02
2.76640625000E+06	5.022801E-02	-1.214430E+02
2.76827500000E+06	5.046204E-02	-1.213277E+02
2.77014375000E+06	5.027619E-02	-1.213675E+02
2.77201250000E+06	5.029191E-02	-1.213660E+02
2.77388125000E+06	5.016917E-02	-1.212920E+02
2.77575000000E+06	5.041882E-02	-1.215096E+02
2.77761875000E+06	5.026402E-02	-1.214670E+02
2.77948750000E+06	5.066498E-02	-1.215794E+02
2.78135625000E+06	5.050497E-02	-1.215492E+02
2.78322500000E+06	5.046844E-02	-1.214767E+02
2.78509375000E+06	5.060913E-02	-1.217211E+02
2.78696250000E+06	5.058587E-02	-1.216726E+02
2.78883125000E+06	5.080665E-02	-1.219075E+02
2.79070000000E+06	5.070566E-02	-1.216778E+02
2.79256875000E+06	5.059691E-02	-1.215916E+02
2.79443750000E+06	5.054476E-02	-1.217594E+02
2.79630625000E+06	5.070471E-02	-1.217307E+02
2.79817500000E+06	5.093115E-02	-1.214863E+02
2.80004375000E+06	5.100268E-02	-1.215647E+02
2.80191250000E+06	5.092053E-02	-1.218155E+02
2.80378125000E+06	5.098668E-02	-1.215541E+02
2.80565000000E+06	5.079621E-02	-1.218571E+02
2.80751875000E+06	5.098902E-02	-1.221073E+02
2.80938750000E+06	5.105391E-02	-1.220229E+02
2.81125625000E+06	5.117537E-02	-1.218615E+02
2.81312500000E+06	5.094196E-02	-1.218464E+02
2.81499375000E+06	5.086631E-02	-1.219757E+02
2.81686250000E+06	5.102288E-02	-1.220313E+02
2.81873125000E+06	5.118507E-02	-1.215784E+02
2.82060000000E+06	5.125684E-02	-1.217407E+02
2.82246875000E+06	5.136307E-02	-1.219245E+02
2.82433750000E+06	5.132385E-02	-1.220272E+02
2.82620625000E+06	5.144801E-02	-1.219061E+02
2.82807500000E+06	5.121925E-02	-1.221979E+02
2.82994375000E+06	5.138752E-02	-1.220594E+02
2.83181250000E+06	5.147688E-02	-1.219775E+02
2.83368125000E+06	5.164146E-02	-1.220224E+02
2.83555000000E+06	5.162619E-02	-1.225693E+02
2.83741875000E+06	5.160855E-02	-1.222514E+02
2.83928750000E+06	5.165152E-02	-1.224378E+02
2.84115625000E+06	5.165214E-02	-1.221367E+02
2.84302500000E+06	5.149719E-02	-1.220674E+02
2.84489375000E+06	5.150066E-02	-1.220380E+02
2.84676250000E+06	5.172212E-02	-1.223931E+02
2.84863125000E+06	5.169084E-02	-1.222831E+02
2.85050000000E+06	5.174203E-02	-1.222392E+02
2.85236875000E+06	5.178590E-02	-1.224078E+02
2.85423750000E+06	5.219574E-02	-1.224933E+02
2.85610625000E+06	5.203640E-02	-1.225597E+02
2.85797500000E+06	5.185020E-02	-1.226803E+02
2.85984375000E+06	5.194914E-02	-1.223755E+02
2.86171250000E+06	5.215167E-02	-1.226013E+02
2.86358125000E+06	5.223971E-02	-1.226129E+02
2.86545000000E+06	5.210871E-02	-1.224708E+02
2.86731875000E+06	5.244612E-02	-1.223922E+02
2.86918750000E+06	5.232275E-02	-1.224333E+02
2.87105625000E+06	5.202607E-02	-1.225561E+02
2.87292500000E+06	5.243437E-02	-1.227708E+02
2.87479375000E+06	5.236435E-02	-1.227063E+02
2.87666250000E+06	5.230137E-02	-1.227513E+02
2.87853125000E+06	5.251864E-02	-1.227252E+02
2.88040000000E+06	5.248420E-02	-1.227581E+02
2.88226875000E+06	5.240982E-02	-1.228138E+02
2.88413750000E+06	5.242367E-02	-1.226121E+02
2.88600625000E+06	5.263964E-02	-1.227597E+02
2.88787500000E+06	5.261788E-02	-1.227640E+02
2.88974375000E+06	5.262001E-02	-1.227832E+02
2.89161250000E+06	5.276478E-02	-1.229283E+02
2.89348125000E+06	5.265859E-02	-1.226067E+02
2.89535000000E+06	5.275985E-02	-1.228434E+02
2.89721875000E+06	5.293968E-02	-1.231209E+02
2.89908750000E+06	5.288307E-02	-1.229543E+02
2.90095625000E+06	5.280476E-02	-1.230639E+02
2.90282500000E+06	5.286634E-02	-1.231265E+02
2.90469375000E+06	5.308930E-02	-1.232738E+02
2.90656250000E+06	5.302395E-02	-1.229566E+02
2.90843125000E+06	5.307165E-02	-1.231011E+02
2.91030000000E+06	5.317457E-02	-1.229927E+02
2.91216875000E+06	5.297144E-02	-1.232027E+02
2.91403750000E+06	5.317019E-02	-1.232135E+02
2.91590625000E+06	5.320352E-02	-1.234520E+02
2.91777500000E+06	5.337005E-02	-1.231007E+02
2.91964375000E+06	5.329983E-02	-1.231464E+02
2.92151250000E+06	5.334985E-02	-1.234758E+02
2.92338125000E+06	5.342961E-02	-1.231774E+02
2.92525000000E+06	5.339929E-02	-1.234197E+02
2.92711875000E+06	5.355157E-02	-1.234658E+02
2.92898750000E+06	5.349661E-02	-1.234495E+02
2.93085625000E+06	5.354318E-02	-1.233706E+02
2.93272500000E+06	5.346564E-02	-1.234754E+02
2.93459375000E+06	5.357423E-02	-1.233945E+02
2.93646250000E+06	5.361047E-02	-1.233850E+02
2.93833125000E+06	5.379055E-02	-1.234925E+02
2.94020000000E+06	5.383188E-02	-1.234509E+02
2.94206875000E+06	5.379565E-02	-1.234748E+02
2.94393750000E+06	5.384856E-02	-1.236353E+02
2.94580625000E+06	5.388630E-02	-1.235494E+02
2.94767500000E+06	5.385592E-02	-1.236424E+02
2.94954375000E+06	5.382636E-02	-1.235885E+02
2.95141250000E+06	5.398308E-02	-1.236497E+02
2.95328125000E+06	5.405931E-02	-1.235491E+02
2.95515000000E+06	5.404049E-02	-1.237773E+02
2.95701875000E+06	5.403587E-02	-1.237967E+02
2.95888750000E+06	5.407577E-02	-1.237371E+02
2.96075625000E+06	5.405765E-02	-1.238094E+02
2.96262500000E+06	5.421554E-02	-1.236201E+02
2.96449375000E+06	5.414537E-02	-1.239125E+02
2.96636250000E+06	5.424687E-02	-1.236686E+02
2.96823125000E+06	5.434440E-02	-1.239068E+02
2.97010000000E+06	5.430233E-02	-1.237283E+02
2.97196875000E+06	5.434686E-02	-1.238764E+02
2.97383750000E+06	5.449140E-02	-1.238556E+02
2.97570625000E+06	5.449655E-02	-1.239532E+02
2.97757500000E+06	5.453151E-02	-1.238915E+02
2.97944375000E+06	5.450848E-02	-1.239867E+02
2.98131250000E+06	5.455404E-02	-1.240661E+02
2.98318125000E+06	5.465984E-02	-1.238854E+02
2.98505000000E+06	5.470664E-02	-1.239210E+02
2.98691875000E+06	5.470764E-02	-1.240609E+02
2.98878750000E+06	5.485739E-02	-1.241514E+02
2.99065625000E+06	5.480697E-02	-1.241504E+02
2.99252500000E+06	5.483080E-02	-1.241030E+02
2.99439375000E+06	5.476874E-02	-1.241479E+02
2.99626250000E+06	5.491782E-02	-1.242233E+02
2.99813125000E+06	5.492537E-02	-1.241059E+02
3.00000000000E+06	5.493570E-02	-1.241631E+02
