"E5100A REV3.14"
"DATE: Jul  3 2004"



"CHANNEL: 2"
"MEASURE TYPE: AR"
"FORMAT TYPE: LINMP"
"NUMBER of POINTS: 1601"
"SWEEP TIME:  3.458 s"
"SWEEP TYPE: LINF"
"SOURCE POWER: 0 dBm"
"IF BANDWIDTH: 500 Hz"

"Frequency"	"Main Array"	"Sub Array"
1.00000000000E+04	5.275730E-02	-7.340517E+01
1.18687500000E+04	1.385897E-02	4.151685E+01
1.37375000000E+04	1.508883E-02	1.165567E+02
1.56062500000E+04	5.761392E-03	1.782996E+02
1.74750000000E+04	3.047872E-03	1.753259E+02
1.93437500000E+04	3.689186E-03	1.151441E+02
2.12125000000E+04	1.847516E-03	-4.181886E+01
2.30812500000E+04	1.520188E-03	1.248821E+02
2.49500000000E+04	2.136740E-03	-1.303299E+02
2.68187500000E+04	1.786085E-03	2.380655E+01
2.86875000000E+04	1.074019E-03	1.509178E+02
3.05562500000E+04	1.125231E-03	1.111897E+02
3.24250000000E+04	6.572135E-04	1.302680E+01
3.42937500000E+04	1.880626E-04	1.305154E+02
3.61625000000E+04	1.000836E-03	-1.503293E+02
3.80312500000E+04	1.242078E-03	1.471137E+02
3.99000000000E+04	1.768566E-03	1.268829E+02
4.17687500000E+04	4.499716E-04	1.050122E+02
4.36375000000E+04	6.776798E-04	-5.260448E+01
4.55062500000E+04	1.187159E-03	1.515952E+02
4.73750000000E+04	7.336782E-05	-1.638128E+02
4.92437500000E+04	8.800399E-04	1.121824E+02
5.11125000000E+04	6.373401E-04	1.682037E+02
5.29812500000E+04	4.616322E-04	5.864769E+01
5.48500000000E+04	7.401397E-04	-1.714606E+02
5.67187500000E+04	1.013516E-03	1.039190E+02
5.85875000000E+04	7.740106E-04	9.644979E+01
6.04562500000E+04	7.003412E-04	1.165943E+02
6.23250000000E+04	1.451422E-03	7.530385E+01
6.41937500000E+04	4.535961E-04	1.034317E+02
6.60625000000E+04	1.457872E-03	8.249047E+01
6.79312500000E+04	1.102020E-03	-2.922288E+01
6.98000000000E+04	1.076023E-03	1.290940E+02
7.16687500000E+04	7.445210E-04	1.141789E+02
7.35375000000E+04	4.594529E-04	6.642014E+01
7.54062500000E+04	7.133559E-04	6.384898E+01
7.72750000000E+04	7.570221E-04	1.171725E+02
7.91437500000E+04	4.732057E-04	8.137419E+01
8.10125000000E+04	5.654913E-04	6.102065E+01
8.28812500000E+04	1.041591E-03	3.290427E+01
8.47500000000E+04	9.619120E-04	9.430704E+01
8.66187500000E+04	3.554844E-04	8.456805E+01
8.84875000000E+04	4.994402E-04	4.934433E+01
9.03562500000E+04	4.040003E-04	1.045659E+02
9.22250000000E+04	6.686046E-04	7.677850E+01
9.40937500000E+04	4.569733E-04	1.169978E+02
9.59625000000E+04	6.385882E-04	3.741574E+01
9.78312500000E+04	8.485897E-04	5.154702E+01
9.97000000000E+04	7.952977E-04	7.393413E+01
1.01568750000E+05	6.402884E-04	1.089599E+02
1.03437500000E+05	6.343969E-04	9.285661E+01
1.05306250000E+05	6.107870E-04	-8.358778E+01
1.07175000000E+05	1.016963E-03	9.201649E+01
1.09043750000E+05	3.034520E-04	1.774024E+02
1.10912500000E+05	1.531068E-03	1.629931E+02
1.12781250000E+05	4.594827E-04	6.748235E+01
1.14650000000E+05	5.552025E-04	6.349239E+01
1.16518750000E+05	7.146394E-04	9.925119E+01
1.18387500000E+05	3.928972E-04	8.082177E+01
1.20256250000E+05	8.796213E-04	6.832890E+01
1.22125000000E+05	4.506790E-04	8.898219E+01
1.23993750000E+05	7.127309E-04	7.991453E+01
1.25862500000E+05	6.961947E-04	4.891067E+01
1.27731250000E+05	6.904039E-04	9.661372E+01
1.29600000000E+05	9.572258E-04	8.584383E+01
1.31468750000E+05	6.485421E-04	6.433452E+01
1.33337500000E+05	2.594261E-04	1.656187E+00
1.35206250000E+05	7.953066E-04	6.053203E+01
1.37075000000E+05	6.325724E-04	9.341848E+01
1.38943750000E+05	1.098315E-03	8.416557E+01
1.40812500000E+05	1.794453E-04	4.958160E+01
1.42681250000E+05	7.116514E-04	9.437775E+01
1.44550000000E+05	8.223652E-04	1.076956E+02
1.46418750000E+05	1.058595E-03	7.636934E+01
1.48287500000E+05	4.277156E-04	7.623958E+01
1.50156250000E+05	5.746307E-04	2.453908E+01
1.52025000000E+05	9.882807E-04	6.631200E+01
1.53893750000E+05	1.009846E-03	1.136188E+02
1.55762500000E+05	7.457254E-04	1.166364E+02
1.57631250000E+05	5.919627E-04	8.496811E+01
1.59500000000E+05	8.533123E-04	5.123675E+01
1.61368750000E+05	6.679977E-04	5.386594E+01
1.63237500000E+05	1.236320E-03	8.149224E+01
1.65106250000E+05	6.231201E-04	1.025665E+02
1.66975000000E+05	7.110731E-04	1.068319E+02
1.68843750000E+05	8.773260E-04	6.928581E+01
1.70712500000E+05	1.141389E-03	8.140797E+01
1.72581250000E+05	7.462593E-04	9.143126E+01
1.74450000000E+05	1.136091E-03	9.291668E+01
1.76318750000E+05	1.089542E-03	6.194202E+01
1.78187500000E+05	9.999556E-04	8.058006E+01
1.80056250000E+05	6.420317E-04	9.319960E+01
1.81925000000E+05	6.699719E-04	8.737791E+01
1.83793750000E+05	9.993755E-04	6.917777E+01
1.85662500000E+05	8.402173E-04	7.935668E+01
1.87531250000E+05	8.692931E-04	8.449838E+01
1.89400000000E+05	9.726734E-04	7.420174E+01
1.91268750000E+05	9.505340E-04	9.829140E+01
1.93137500000E+05	1.082853E-03	8.269657E+01
1.95006250000E+05	8.604323E-04	9.755132E+01
1.96875000000E+05	1.320688E-03	7.807963E+01
1.98743750000E+05	1.120246E-03	9.451199E+01
2.00612500000E+05	1.058143E-03	7.499846E+01
2.02481250000E+05	1.523985E-03	7.048319E+01
2.04350000000E+05	1.103915E-03	8.349652E+01
2.06218750000E+05	8.764186E-04	7.271126E+01
2.08087500000E+05	9.240879E-04	7.731208E+01
2.09956250000E+05	1.125682E-03	9.343626E+01
2.11825000000E+05	1.536766E-03	8.915230E+01
2.13693750000E+05	1.250783E-03	6.366742E+01
2.15562500000E+05	1.097206E-03	7.203735E+01
2.17431250000E+05	1.153564E-03	8.782781E+01
2.19300000000E+05	1.511783E-03	9.089310E+01
2.21168750000E+05	1.014382E-03	9.664426E+01
2.23037500000E+05	1.349456E-03	8.885932E+01
2.24906250000E+05	1.264997E-03	1.038699E+02
2.26775000000E+05	1.355714E-03	8.838538E+01
2.28643750000E+05	1.062513E-03	8.674332E+01
2.30512500000E+05	1.355077E-03	8.796481E+01
2.32381250000E+05	1.078169E-03	8.992059E+01
2.34250000000E+05	1.597800E-03	8.236057E+01
2.36118750000E+05	1.190195E-03	8.466718E+01
2.37987500000E+05	1.214890E-03	7.823984E+01
2.39856250000E+05	8.082091E-04	7.239753E+01
2.41725000000E+05	1.149259E-03	1.058687E+02
2.43593750000E+05	1.630380E-03	8.858885E+01
2.45462500000E+05	1.032805E-03	8.342709E+01
2.47331250000E+05	1.242400E-03	6.658537E+01
2.49200000000E+05	1.320187E-03	8.908947E+01
2.51068750000E+05	1.177027E-03	9.596818E+01
2.52937500000E+05	7.589101E-04	8.389475E+01
2.54806250000E+05	1.597076E-03	8.679336E+01
2.56675000000E+05	1.458993E-03	8.385757E+01
2.58543750000E+05	1.437658E-03	8.658968E+01
2.60412500000E+05	1.219884E-03	1.012153E+02
2.62281250000E+05	1.475643E-03	8.934040E+01
2.64150000000E+05	1.509477E-03	9.351245E+01
2.66018750000E+05	1.380365E-03	8.487280E+01
2.67887500000E+05	1.440390E-03	7.868301E+01
2.69756250000E+05	1.386687E-03	8.409447E+01
2.71625000000E+05	1.487520E-03	8.174170E+01
2.73493750000E+05	1.515723E-03	8.154002E+01
2.75362500000E+05	1.507498E-03	8.865020E+01
2.77231250000E+05	1.325734E-03	9.812534E+01
2.79100000000E+05	1.417267E-03	9.357987E+01
2.80968750000E+05	1.395719E-03	8.530128E+01
2.82837500000E+05	1.431041E-03	8.241668E+01
2.84706250000E+05	1.472106E-03	1.034408E+02
2.86575000000E+05	1.610042E-03	8.675484E+01
2.88443750000E+05	1.439224E-03	8.190612E+01
2.90312500000E+05	1.504382E-03	8.604839E+01
2.92181250000E+05	1.558388E-03	8.817334E+01
2.94050000000E+05	1.513010E-03	8.408319E+01
2.95918750000E+05	1.413599E-03	8.575207E+01
2.97787500000E+05	1.178325E-03	8.706755E+01
2.99656250000E+05	1.655408E-03	8.747558E+01
3.01525000000E+05	1.756344E-03	9.386783E+01
3.03393750000E+05	1.697601E-03	8.864463E+01
3.05262500000E+05	1.647439E-03	8.792579E+01
3.07131250000E+05	1.448037E-03	8.638956E+01
3.09000000000E+05	1.758272E-03	8.366071E+01
3.10868750000E+05	1.575675E-03	9.171964E+01
3.12737500000E+05	1.425357E-03	8.576685E+01
3.14606250000E+05	1.534012E-03	8.428456E+01
3.16475000000E+05	1.491793E-03	9.655330E+01
3.18343750000E+05	1.568975E-03	8.865183E+01
3.20212500000E+05	1.626152E-03	8.858988E+01
3.22081250000E+05	1.740810E-03	8.324265E+01
3.23950000000E+05	1.756376E-03	9.074325E+01
3.25818750000E+05	1.897437E-03	8.922092E+01
3.27687500000E+05	1.660105E-03	8.359191E+01
3.29556250000E+05	1.751348E-03	8.550017E+01
3.31425000000E+05	1.850687E-03	9.159146E+01
3.33293750000E+05	1.759984E-03	8.067937E+01
3.35162500000E+05	1.407734E-03	8.770982E+01
3.37031250000E+05	1.780276E-03	8.836716E+01
3.38900000000E+05	1.902848E-03	8.704493E+01
3.40768750000E+05	1.910600E-03	8.736427E+01
3.42637500000E+05	1.766897E-03	8.025206E+01
3.44506250000E+05	1.695174E-03	8.863404E+01
3.46375000000E+05	1.924006E-03	8.359064E+01
3.48243750000E+05	1.783905E-03	8.441605E+01
3.50112500000E+05	1.948066E-03	8.669264E+01
3.51981250000E+05	1.717715E-03	7.788467E+01
3.53850000000E+05	1.956068E-03	8.171863E+01
3.55718750000E+05	1.891785E-03	8.945824E+01
3.57587500000E+05	1.815537E-03	8.595848E+01
3.59456250000E+05	1.730643E-03	8.473069E+01
3.61325000000E+05	2.003701E-03	8.424346E+01
3.63193750000E+05	1.697889E-03	8.819640E+01
3.65062500000E+05	1.874105E-03	9.237370E+01
3.66931250000E+05	1.929882E-03	8.363065E+01
3.68800000000E+05	1.688366E-03	8.790610E+01
3.70668750000E+05	1.986391E-03	9.048250E+01
3.72537500000E+05	1.940159E-03	8.832478E+01
3.74406250000E+05	2.036599E-03	8.608556E+01
3.76275000000E+05	2.123119E-03	8.606728E+01
3.78143750000E+05	1.879381E-03	8.910085E+01
3.80012500000E+05	1.826332E-03	8.255939E+01
3.81881250000E+05	2.195036E-03	8.835564E+01
3.83750000000E+05	1.900393E-03	9.126903E+01
3.85618750000E+05	2.093751E-03	8.378800E+01
3.87487500000E+05	1.939229E-03	8.759690E+01
3.89356250000E+05	2.267148E-03	8.395641E+01
3.91225000000E+05	1.897793E-03	8.712510E+01
3.93093750000E+05	1.954205E-03	8.578947E+01
3.94962500000E+05	1.858079E-03	8.863389E+01
3.96831250000E+05	1.937184E-03	8.745226E+01
3.98700000000E+05	2.078857E-03	7.913570E+01
4.00568750000E+05	2.080010E-03	8.454639E+01
4.02437500000E+05	2.040839E-03	8.574315E+01
4.04306250000E+05	1.946456E-03	8.749828E+01
4.06175000000E+05	2.068597E-03	8.719321E+01
4.08043750000E+05	1.924102E-03	8.585946E+01
4.09912500000E+05	2.072165E-03	8.324023E+01
4.11781250000E+05	2.186176E-03	8.499980E+01
4.13650000000E+05	2.166377E-03	8.545211E+01
4.15518750000E+05	2.198890E-03	8.709824E+01
4.17387500000E+05	2.048423E-03	8.668032E+01
4.19256250000E+05	1.981258E-03	8.922338E+01
4.21125000000E+05	2.032639E-03	8.436823E+01
4.22993750000E+05	2.193753E-03	8.669817E+01
4.24862500000E+05	2.041363E-03	8.604819E+01
4.26731250000E+05	2.244925E-03	8.268932E+01
4.28600000000E+05	2.110950E-03	8.774909E+01
4.30468750000E+05	2.384326E-03	8.434602E+01
4.32337500000E+05	2.182293E-03	7.816582E+01
4.34206250000E+05	2.473815E-03	8.729552E+01
4.36075000000E+05	2.358835E-03	8.818953E+01
4.37943750000E+05	2.248284E-03	8.295453E+01
4.39812500000E+05	2.268598E-03	8.388815E+01
4.41681250000E+05	2.222484E-03	8.708475E+01
4.43550000000E+05	2.476887E-03	8.463301E+01
4.45418750000E+05	2.145734E-03	8.837524E+01
4.47287500000E+05	2.261126E-03	8.681753E+01
4.49156250000E+05	2.066164E-03	8.842269E+01
4.51025000000E+05	2.286354E-03	8.459476E+01
4.52893750000E+05	2.132148E-03	8.728726E+01
4.54762500000E+05	2.339322E-03	8.455096E+01
4.56631250000E+05	2.387976E-03	8.799059E+01
4.58500000000E+05	2.279598E-03	8.651857E+01
4.60368750000E+05	2.378002E-03	8.746574E+01
4.62237500000E+05	2.302321E-03	8.307854E+01
4.64106250000E+05	2.338389E-03	8.242233E+01
4.65975000000E+05	2.405334E-03	8.523067E+01
4.67843750000E+05	2.358080E-03	9.014007E+01
4.69712500000E+05	2.389575E-03	8.530254E+01
4.71581250000E+05	2.397606E-03	8.900410E+01
4.73450000000E+05	2.325431E-03	8.606448E+01
4.75318750000E+05	2.383737E-03	8.777666E+01
4.77187500000E+05	2.435684E-03	8.654285E+01
4.79056250000E+05	2.574888E-03	8.644193E+01
4.80925000000E+05	2.555883E-03	8.526990E+01
4.82793750000E+05	2.573274E-03	9.139289E+01
4.84662500000E+05	2.407106E-03	8.462675E+01
4.86531250000E+05	2.723852E-03	8.464854E+01
4.88400000000E+05	2.376182E-03	8.403996E+01
4.90268750000E+05	2.602785E-03	8.416299E+01
4.92137500000E+05	2.827171E-03	8.318498E+01
4.94006250000E+05	2.260432E-03	8.563039E+01
4.95875000000E+05	2.464683E-03	8.298529E+01
4.97743750000E+05	2.547618E-03	8.569268E+01
4.99612500000E+05	2.649769E-03	8.482723E+01
5.01481250000E+05	2.573814E-03	8.334438E+01
5.03350000000E+05	2.454187E-03	8.519717E+01
5.05218750000E+05	2.755986E-03	7.958574E+01
5.07087500000E+05	2.473993E-03	8.350268E+01
5.08956250000E+05	2.643964E-03	8.178144E+01
5.10825000000E+05	2.516870E-03	8.234679E+01
5.12693750000E+05	2.549023E-03	8.581087E+01
5.14562500000E+05	2.859002E-03	8.769205E+01
5.16431250000E+05	2.616033E-03	8.373742E+01
5.18300000000E+05	2.639641E-03	8.860848E+01
5.20168750000E+05	2.640872E-03	8.463085E+01
5.22037500000E+05	2.830857E-03	8.397453E+01
5.23906250000E+05	2.698195E-03	8.750779E+01
5.25775000000E+05	2.675819E-03	8.717464E+01
5.27643750000E+05	2.773662E-03	8.437289E+01
5.29512500000E+05	2.727178E-03	8.533205E+01
5.31381250000E+05	2.658856E-03	8.570744E+01
5.33250000000E+05	2.771124E-03	8.309876E+01
5.35118750000E+05	2.826268E-03	8.275964E+01
5.36987500000E+05	2.687813E-03	8.490704E+01
5.38856250000E+05	2.858129E-03	8.777450E+01
5.40725000000E+05	2.688233E-03	8.262302E+01
5.42593750000E+05	2.781653E-03	8.339223E+01
5.44462500000E+05	2.840209E-03	8.110610E+01
5.46331250000E+05	2.710400E-03	8.293412E+01
5.48200000000E+05	2.795838E-03	8.603008E+01
5.50068750000E+05	2.632189E-03	8.517324E+01
5.51937500000E+05	2.908664E-03	8.654377E+01
5.53806250000E+05	2.937905E-03	8.519313E+01
5.55675000000E+05	2.853571E-03	8.355232E+01
5.57543750000E+05	2.984292E-03	8.249706E+01
5.59412500000E+05	2.844460E-03	8.467852E+01
5.61281250000E+05	2.941698E-03	8.872796E+01
5.63150000000E+05	2.797867E-03	8.400488E+01
5.65018750000E+05	2.846020E-03	8.327827E+01
5.66887500000E+05	2.879040E-03	8.213854E+01
5.68756250000E+05	2.877779E-03	8.191396E+01
5.70625000000E+05	3.078402E-03	8.231773E+01
5.72493750000E+05	2.899333E-03	8.603483E+01
5.74362500000E+05	3.011046E-03	8.385381E+01
5.76231250000E+05	2.898047E-03	8.379865E+01
5.78100000000E+05	2.917336E-03	8.323223E+01
5.79968750000E+05	3.001465E-03	8.409367E+01
5.81837500000E+05	2.933810E-03	8.206514E+01
5.83706250000E+05	2.930291E-03	8.520979E+01
5.85575000000E+05	2.959271E-03	8.601477E+01
5.87443750000E+05	2.963226E-03	8.255749E+01
5.89312500000E+05	2.797625E-03	8.579675E+01
5.91181250000E+05	2.858205E-03	8.194747E+01
5.93050000000E+05	3.056972E-03	8.791003E+01
5.94918750000E+05	3.020157E-03	8.447416E+01
5.96787500000E+05	3.206967E-03	8.578185E+01
5.98656250000E+05	3.193640E-03	8.174293E+01
6.00525000000E+05	3.147728E-03	8.467076E+01
6.02393750000E+05	3.042177E-03	8.115546E+01
6.04262500000E+05	2.969121E-03	8.341246E+01
6.06131250000E+05	3.287325E-03	8.411146E+01
6.08000000000E+05	3.222536E-03	8.243743E+01
6.09868750000E+05	3.050224E-03	8.426213E+01
6.11737500000E+05	3.159146E-03	8.087935E+01
6.13606250000E+05	3.308784E-03	8.578676E+01
6.15475000000E+05	3.224156E-03	8.617462E+01
6.17343750000E+05	3.103162E-03	8.163046E+01
6.19212500000E+05	3.099969E-03	8.650499E+01
6.21081250000E+05	3.259347E-03	8.348558E+01
6.22950000000E+05	3.107344E-03	8.195107E+01
6.24818750000E+05	3.345481E-03	8.350220E+01
6.26687500000E+05	3.468277E-03	8.352104E+01
6.28556250000E+05	3.371201E-03	8.549104E+01
6.30425000000E+05	3.185990E-03	8.406631E+01
6.32293750000E+05	3.136364E-03	8.369437E+01
6.34162500000E+05	3.395052E-03	8.511041E+01
6.36031250000E+05	3.286736E-03	8.340540E+01
6.37900000000E+05	3.323146E-03	8.276717E+01
6.39768750000E+05	3.292255E-03	8.525111E+01
6.41637500000E+05	3.367105E-03	8.219838E+01
6.43506250000E+05	3.261426E-03	8.142137E+01
6.45375000000E+05	3.145753E-03	8.637984E+01
6.47243750000E+05	3.470450E-03	8.266020E+01
6.49112500000E+05	3.235178E-03	8.259895E+01
6.50981250000E+05	3.344949E-03	8.359486E+01
6.52850000000E+05	3.515911E-03	8.275655E+01
6.54718750000E+05	3.231549E-03	8.120222E+01
6.56587500000E+05	3.382574E-03	8.446654E+01
6.58456250000E+05	3.414942E-03	8.151693E+01
6.60325000000E+05	3.250448E-03	8.038572E+01
6.62193750000E+05	3.385843E-03	8.097243E+01
6.64062500000E+05	3.385251E-03	8.236927E+01
6.65931250000E+05	3.271466E-03	8.332242E+01
6.67800000000E+05	3.471764E-03	8.391167E+01
6.69668750000E+05	3.322540E-03	8.615885E+01
6.71537500000E+05	3.365158E-03	8.403787E+01
6.73406250000E+05	3.438035E-03	8.289871E+01
6.75275000000E+05	3.710257E-03	8.358062E+01
6.77143750000E+05	3.431280E-03	8.384297E+01
6.79012500000E+05	3.722737E-03	8.065759E+01
6.80881250000E+05	3.509806E-03	8.164283E+01
6.82750000000E+05	3.463617E-03	8.227244E+01
6.84618750000E+05	3.551959E-03	7.970358E+01
6.86487500000E+05	3.376595E-03	8.190810E+01
6.88356250000E+05	3.458068E-03	8.189480E+01
6.90225000000E+05	3.338241E-03	8.405070E+01
6.92093750000E+05	3.638177E-03	8.239139E+01
6.93962500000E+05	3.549995E-03	8.327090E+01
6.95831250000E+05	3.579921E-03	8.185225E+01
6.97700000000E+05	3.568199E-03	8.333205E+01
6.99568750000E+05	3.401855E-03	8.337969E+01
7.01437500000E+05	3.606049E-03	7.901970E+01
7.03306250000E+05	3.637665E-03	8.310825E+01
7.05175000000E+05	3.601823E-03	8.256076E+01
7.07043750000E+05	3.761769E-03	8.090620E+01
7.08912500000E+05	3.541915E-03	8.138918E+01
7.10781250000E+05	3.591903E-03	8.368240E+01
7.12650000000E+05	3.725050E-03	8.484859E+01
7.14518750000E+05	3.688560E-03	8.188456E+01
7.16387500000E+05	3.930951E-03	8.263300E+01
7.18256250000E+05	3.686276E-03	8.585728E+01
7.20125000000E+05	3.596828E-03	8.497076E+01
7.21993750000E+05	3.703184E-03	8.244041E+01
7.23862500000E+05	3.693393E-03	8.318250E+01
7.25731250000E+05	3.614318E-03	8.435754E+01
7.27600000000E+05	3.689622E-03	8.330075E+01
7.29468750000E+05	3.727833E-03	8.359145E+01
7.31337500000E+05	3.772653E-03	7.992975E+01
7.33206250000E+05	3.737617E-03	8.175294E+01
7.35075000000E+05	3.653937E-03	8.313510E+01
7.36943750000E+05	3.647668E-03	8.483823E+01
7.38812500000E+05	3.731289E-03	8.253549E+01
7.40681250000E+05	3.802183E-03	8.021741E+01
7.42550000000E+05	4.027832E-03	8.601249E+01
7.44418750000E+05	3.676821E-03	8.304793E+01
7.46287500000E+05	3.608555E-03	8.153932E+01
7.48156250000E+05	3.705919E-03	8.156824E+01
7.50025000000E+05	3.669370E-03	8.291553E+01
7.51893750000E+05	3.809836E-03	8.267421E+01
7.53762500000E+05	3.798689E-03	8.247862E+01
7.55631250000E+05	3.778447E-03	8.236107E+01
7.57500000000E+05	3.930441E-03	8.369699E+01
7.59368750000E+05	3.738509E-03	8.125124E+01
7.61237500000E+05	4.067678E-03	8.265791E+01
7.63106250000E+05	4.020568E-03	8.177043E+01
7.64975000000E+05	4.021652E-03	7.892786E+01
7.66843750000E+05	3.755576E-03	8.388448E+01
7.68712500000E+05	3.830427E-03	8.274354E+01
7.70581250000E+05	3.816996E-03	8.216265E+01
7.72450000000E+05	4.090630E-03	8.046820E+01
7.74318750000E+05	4.118626E-03	8.320271E+01
7.76187500000E+05	3.710949E-03	8.170103E+01
7.78056250000E+05	4.150504E-03	8.137302E+01
7.79925000000E+05	3.971312E-03	8.056215E+01
7.81793750000E+05	3.983078E-03	7.978641E+01
7.83662500000E+05	4.054727E-03	8.328426E+01
7.85531250000E+05	3.691728E-03	8.262731E+01
7.87400000000E+05	3.971324E-03	8.542255E+01
7.89268750000E+05	3.869336E-03	7.965483E+01
7.91137500000E+05	4.195033E-03	8.298009E+01
7.93006250000E+05	4.154810E-03	8.115672E+01
7.94875000000E+05	4.106467E-03	8.020589E+01
7.96743750000E+05	4.109388E-03	8.335833E+01
7.98612500000E+05	3.987805E-03	8.229054E+01
8.00481250000E+05	3.954431E-03	8.419225E+01
8.02350000000E+05	4.124598E-03	8.215907E+01
8.04218750000E+05	4.139563E-03	8.328262E+01
8.06087500000E+05	4.061804E-03	8.083737E+01
8.07956250000E+05	4.183496E-03	7.936248E+01
8.09825000000E+05	4.275702E-03	7.997420E+01
8.11693750000E+05	4.055810E-03	8.069637E+01
8.13562500000E+05	4.128592E-03	8.495523E+01
8.15431250000E+05	4.117489E-03	8.041711E+01
8.17300000000E+05	4.159983E-03	8.029352E+01
8.19168750000E+05	4.205104E-03	7.989577E+01
8.21037500000E+05	4.194757E-03	8.191203E+01
8.22906250000E+05	4.061818E-03	8.232779E+01
8.24775000000E+05	4.269229E-03	8.200295E+01
8.26643750000E+05	4.224159E-03	8.058080E+01
8.28512500000E+05	4.324054E-03	7.947083E+01
8.30381250000E+05	4.243569E-03	8.318968E+01
8.32250000000E+05	4.268343E-03	8.259228E+01
8.34118750000E+05	4.205647E-03	8.080145E+01
8.35987500000E+05	4.191589E-03	7.771814E+01
8.37856250000E+05	4.161929E-03	8.339237E+01
8.39725000000E+05	4.333047E-03	8.077058E+01
8.41593750000E+05	4.335570E-03	7.994074E+01
8.43462500000E+05	4.182261E-03	8.418222E+01
8.45331250000E+05	4.464122E-03	8.118848E+01
8.47200000000E+05	4.259182E-03	8.190810E+01
8.49068750000E+05	4.333419E-03	8.189577E+01
8.50937500000E+05	4.359172E-03	7.960248E+01
8.52806250000E+05	4.280570E-03	8.040729E+01
8.54675000000E+05	4.486456E-03	8.232568E+01
8.56543750000E+05	4.252981E-03	8.210649E+01
8.58412500000E+05	4.269967E-03	7.990742E+01
8.60281250000E+05	4.507933E-03	8.035033E+01
8.62150000000E+05	4.516176E-03	7.886157E+01
8.64018750000E+05	4.391140E-03	8.226022E+01
8.65887500000E+05	4.529349E-03	8.004426E+01
8.67756250000E+05	4.330396E-03	7.915142E+01
8.69625000000E+05	4.540595E-03	8.214565E+01
8.71493750000E+05	4.441641E-03	8.238063E+01
8.73362500000E+05	4.473493E-03	7.951981E+01
8.75231250000E+05	4.453886E-03	8.031266E+01
8.77100000000E+05	4.480113E-03	7.929172E+01
8.78968750000E+05	4.512099E-03	8.230208E+01
8.80837500000E+05	4.399979E-03	8.101292E+01
8.82706250000E+05	4.361441E-03	8.541696E+01
8.84575000000E+05	4.669908E-03	8.224471E+01
8.86443750000E+05	4.660040E-03	7.767461E+01
8.88312500000E+05	4.335735E-03	8.057121E+01
8.90181250000E+05	4.381276E-03	8.177737E+01
8.92050000000E+05	4.230876E-03	8.220067E+01
8.93918750000E+05	4.600489E-03	8.108595E+01
8.95787500000E+05	4.444826E-03	8.178140E+01
8.97656250000E+05	4.475361E-03	7.974007E+01
8.99525000000E+05	4.674488E-03	8.162616E+01
9.01393750000E+05	4.635230E-03	7.950408E+01
9.03262500000E+05	4.557670E-03	7.867835E+01
9.05131250000E+05	4.615471E-03	8.074500E+01
9.07000000000E+05	4.291638E-03	7.999263E+01
9.08868750000E+05	4.702447E-03	8.157591E+01
9.10737500000E+05	4.577683E-03	8.108515E+01
9.12606250000E+05	4.637388E-03	8.232111E+01
9.14475000000E+05	4.449059E-03	7.946510E+01
9.16343750000E+05	4.777882E-03	8.354255E+01
9.18212500000E+05	4.630583E-03	7.991042E+01
9.20081250000E+05	4.672277E-03	7.993496E+01
9.21950000000E+05	4.895164E-03	8.173186E+01
9.23818750000E+05	4.639564E-03	8.083473E+01
9.25687500000E+05	4.771918E-03	8.015823E+01
9.27556250000E+05	4.857150E-03	8.121361E+01
9.29425000000E+05	4.681419E-03	7.996944E+01
9.31293750000E+05	4.737050E-03	8.066472E+01
9.33162500000E+05	4.923176E-03	7.775452E+01
9.35031250000E+05	4.766094E-03	8.085371E+01
9.36900000000E+05	4.820966E-03	7.882362E+01
9.38768750000E+05	4.858294E-03	7.977686E+01
9.40637500000E+05	4.903004E-03	8.036385E+01
9.42506250000E+05	4.440542E-03	7.936756E+01
9.44375000000E+05	5.002028E-03	8.301993E+01
9.46243750000E+05	4.760350E-03	7.837730E+01
9.48112500000E+05	4.991261E-03	8.197011E+01
9.49981250000E+05	4.896500E-03	7.964439E+01
9.51850000000E+05	4.658732E-03	8.073354E+01
9.53718750000E+05	4.823067E-03	8.079807E+01
9.55587500000E+05	4.736469E-03	8.075327E+01
9.57456250000E+05	4.858193E-03	8.027454E+01
9.59325000000E+05	4.747375E-03	7.923791E+01
9.61193750000E+05	4.936766E-03	8.364355E+01
9.63062500000E+05	4.655657E-03	8.077960E+01
9.64931250000E+05	4.933849E-03	8.148817E+01
9.66800000000E+05	4.998517E-03	8.279446E+01
9.68668750000E+05	5.015687E-03	7.972944E+01
9.70537500000E+05	4.830359E-03	8.134588E+01
9.72406250000E+05	5.018755E-03	7.766087E+01
9.74275000000E+05	4.948656E-03	7.900640E+01
9.76143750000E+05	5.015692E-03	8.024335E+01
9.78012500000E+05	4.898330E-03	7.918594E+01
9.79881250000E+05	4.802268E-03	8.028642E+01
9.81750000000E+05	4.861094E-03	8.014348E+01
9.83618750000E+05	5.124211E-03	7.839551E+01
9.85487500000E+05	4.932122E-03	8.228740E+01
9.87356250000E+05	5.267187E-03	7.975593E+01
9.89225000000E+05	5.103903E-03	8.043371E+01
9.91093750000E+05	5.006513E-03	8.070754E+01
9.92962500000E+05	5.078775E-03	7.963168E+01
9.94831250000E+05	4.966996E-03	7.924890E+01
9.96700000000E+05	4.996159E-03	7.889901E+01
9.98568750000E+05	5.029304E-03	8.052560E+01
1.00043750000E+06	5.163143E-03	7.738676E+01
1.00230625000E+06	4.843441E-03	7.927281E+01
1.00417500000E+06	5.276993E-03	8.111865E+01
1.00604375000E+06	5.278085E-03	8.001610E+01
1.00791250000E+06	5.303255E-03	7.807114E+01
1.00978125000E+06	5.014988E-03	8.058006E+01
1.01165000000E+06	5.083352E-03	8.205303E+01
1.01351875000E+06	5.042987E-03	8.208825E+01
1.01538750000E+06	5.208915E-03	7.846595E+01
1.01725625000E+06	5.047299E-03	8.056371E+01
1.01912500000E+06	5.162429E-03	8.065304E+01
1.02099375000E+06	5.179406E-03	7.895924E+01
1.02286250000E+06	5.059781E-03	7.884509E+01
1.02473125000E+06	5.349422E-03	8.147408E+01
1.02660000000E+06	5.215203E-03	8.249043E+01
1.02846875000E+06	5.149622E-03	7.871473E+01
1.03033750000E+06	5.165960E-03	8.134597E+01
1.03220625000E+06	5.120285E-03	8.062480E+01
1.03407500000E+06	5.213800E-03	7.812308E+01
1.03594375000E+06	5.480290E-03	8.150398E+01
1.03781250000E+06	5.333836E-03	8.079054E+01
1.03968125000E+06	5.212490E-03	7.909032E+01
1.04155000000E+06	5.382070E-03	8.028608E+01
1.04341875000E+06	5.291678E-03	7.929446E+01
1.04528750000E+06	5.355041E-03	8.151740E+01
1.04715625000E+06	5.140885E-03	7.652365E+01
1.04902500000E+06	5.395806E-03	7.869370E+01
1.05089375000E+06	5.211501E-03	7.580337E+01
1.05276250000E+06	5.442771E-03	7.758009E+01
1.05463125000E+06	5.490914E-03	7.956096E+01
1.05650000000E+06	5.169631E-03	7.928429E+01
1.05836875000E+06	5.339016E-03	7.983498E+01
1.06023750000E+06	5.333914E-03	7.888974E+01
1.06210625000E+06	5.231880E-03	7.999941E+01
1.06397500000E+06	5.371424E-03	7.944489E+01
1.06584375000E+06	5.418523E-03	7.878986E+01
1.06771250000E+06	5.569141E-03	7.816479E+01
1.06958125000E+06	5.599197E-03	7.943992E+01
1.07145000000E+06	5.499530E-03	8.077261E+01
1.07331875000E+06	5.520545E-03	7.757201E+01
1.07518750000E+06	5.349707E-03	7.756287E+01
1.07705625000E+06	5.560009E-03	7.782570E+01
1.07892500000E+06	5.281526E-03	7.907180E+01
1.08079375000E+06	5.550778E-03	8.021085E+01
1.08266250000E+06	5.633897E-03	7.938324E+01
1.08453125000E+06	5.557237E-03	7.873837E+01
1.08640000000E+06	5.541310E-03	7.863702E+01
1.08826875000E+06	5.527108E-03	7.786863E+01
1.09013750000E+06	5.443008E-03	7.758592E+01
1.09200625000E+06	5.480618E-03	8.114741E+01
1.09387500000E+06	5.394147E-03	7.837846E+01
1.09574375000E+06	5.631258E-03	7.909489E+01
1.09761250000E+06	6.011310E-03	7.976283E+01
1.09948125000E+06	5.670090E-03	7.849703E+01
1.10135000000E+06	5.662875E-03	7.941816E+01
1.10321875000E+06	5.487452E-03	7.834220E+01
1.10508750000E+06	5.547880E-03	7.888970E+01
1.10695625000E+06	5.739516E-03	7.672006E+01
1.10882500000E+06	5.410907E-03	7.762444E+01
1.11069375000E+06	5.570449E-03	7.710303E+01
1.11256250000E+06	5.610330E-03	7.663679E+01
1.11443125000E+06	5.629853E-03	7.867814E+01
1.11630000000E+06	5.759259E-03	7.805752E+01
1.11816875000E+06	5.644333E-03	7.855112E+01
1.12003750000E+06	5.703197E-03	8.128294E+01
1.12190625000E+06	5.763262E-03	7.790636E+01
1.12377500000E+06	5.603410E-03	7.725759E+01
1.12564375000E+06	5.822179E-03	7.755481E+01
1.12751250000E+06	5.847453E-03	7.787273E+01
1.12938125000E+06	5.525295E-03	7.476229E+01
1.13125000000E+06	6.008646E-03	7.868670E+01
1.13311875000E+06	5.687502E-03	7.852424E+01
1.13498750000E+06	5.936994E-03	7.837466E+01
1.13685625000E+06	5.746592E-03	8.091331E+01
1.13872500000E+06	6.099911E-03	7.895188E+01
1.14059375000E+06	5.737484E-03	7.857596E+01
1.14246250000E+06	5.836829E-03	7.694672E+01
1.14433125000E+06	5.879985E-03	8.181303E+01
1.14620000000E+06	5.743918E-03	7.979329E+01
1.14806875000E+06	5.854252E-03	7.856375E+01
1.14993750000E+06	5.798553E-03	7.723558E+01
1.15180625000E+06	5.846412E-03	7.867947E+01
1.15367500000E+06	5.520804E-03	7.685158E+01
1.15554375000E+06	6.115439E-03	7.965301E+01
1.15741250000E+06	5.611961E-03	7.754163E+01
1.15928125000E+06	5.747394E-03	8.112929E+01
1.16115000000E+06	5.747659E-03	7.754247E+01
1.16301875000E+06	5.864155E-03	7.656476E+01
1.16488750000E+06	5.943012E-03	7.762276E+01
1.16675625000E+06	5.966934E-03	7.753426E+01
1.16862500000E+06	5.932205E-03	7.853625E+01
1.17049375000E+06	5.655134E-03	7.708816E+01
1.17236250000E+06	5.789030E-03	7.565133E+01
1.17423125000E+06	5.950604E-03	7.713793E+01
1.17610000000E+06	6.017820E-03	8.093427E+01
1.17796875000E+06	6.349188E-03	7.760722E+01
1.17983750000E+06	5.822980E-03	7.673525E+01
1.18170625000E+06	5.879024E-03	7.939218E+01
1.18357500000E+06	5.914550E-03	7.758389E+01
1.18544375000E+06	5.899936E-03	7.935387E+01
1.18731250000E+06	6.093858E-03	8.044760E+01
1.18918125000E+06	5.830749E-03	7.731709E+01
1.19105000000E+06	5.822396E-03	7.603306E+01
1.19291875000E+06	6.092667E-03	7.957539E+01
1.19478750000E+06	5.974260E-03	7.763891E+01
1.19665625000E+06	5.929965E-03	7.598350E+01
1.19852500000E+06	6.036693E-03	7.591687E+01
1.20039375000E+06	6.111269E-03	7.897568E+01
1.20226250000E+06	6.123385E-03	7.766355E+01
1.20413125000E+06	6.016059E-03	7.961010E+01
1.20600000000E+06	6.370502E-03	7.535603E+01
1.20786875000E+06	6.118005E-03	7.804023E+01
1.20973750000E+06	6.121141E-03	7.950641E+01
1.21160625000E+06	6.176178E-03	7.758322E+01
1.21347500000E+06	6.308443E-03	7.615333E+01
1.21534375000E+06	6.105838E-03	7.968642E+01
1.21721250000E+06	6.173674E-03	7.820760E+01
1.21908125000E+06	5.975534E-03	7.830000E+01
1.22095000000E+06	6.056945E-03	7.723117E+01
1.22281875000E+06	6.164955E-03	7.683229E+01
1.22468750000E+06	6.521133E-03	7.782386E+01
1.22655625000E+06	6.029659E-03	7.574148E+01
1.22842500000E+06	6.148016E-03	7.628820E+01
1.23029375000E+06	6.376333E-03	7.710715E+01
1.23216250000E+06	6.301627E-03	7.783454E+01
1.23403125000E+06	6.279832E-03	7.748254E+01
1.23590000000E+06	6.171993E-03	7.875060E+01
1.23776875000E+06	6.274607E-03	7.665506E+01
1.23963750000E+06	6.229154E-03	7.703110E+01
1.24150625000E+06	6.300829E-03	7.705527E+01
1.24337500000E+06	6.439575E-03	7.755527E+01
1.24524375000E+06	6.238041E-03	7.714411E+01
1.24711250000E+06	6.233255E-03	7.634134E+01
1.24898125000E+06	6.270218E-03	7.647184E+01
1.25085000000E+06	6.389572E-03	7.792282E+01
1.25271875000E+06	6.488063E-03	7.807420E+01
1.25458750000E+06	6.280380E-03	7.747466E+01
1.25645625000E+06	6.359827E-03	7.628716E+01
1.25832500000E+06	6.318732E-03	7.777692E+01
1.26019375000E+06	6.454567E-03	7.694672E+01
1.26206250000E+06	6.381750E-03	7.892854E+01
1.26393125000E+06	6.363477E-03	7.641796E+01
1.26580000000E+06	6.413999E-03	7.692103E+01
1.26766875000E+06	6.314154E-03	7.703710E+01
1.26953750000E+06	6.700255E-03	7.891158E+01
1.27140625000E+06	6.498938E-03	7.726460E+01
1.27327500000E+06	6.701658E-03	7.743456E+01
1.27514375000E+06	6.391869E-03	7.799039E+01
1.27701250000E+06	6.516674E-03	7.591438E+01
1.27888125000E+06	6.373311E-03	7.722049E+01
1.28075000000E+06	6.489164E-03	7.783022E+01
1.28261875000E+06	6.365346E-03	7.739783E+01
1.28448750000E+06	6.563925E-03	7.664912E+01
1.28635625000E+06	6.655677E-03	7.734957E+01
1.28822500000E+06	6.330654E-03	7.509341E+01
1.29009375000E+06	6.800338E-03	7.722989E+01
1.29196250000E+06	6.426256E-03	7.851048E+01
1.29383125000E+06	6.653869E-03	7.616467E+01
1.29570000000E+06	6.647815E-03	7.796729E+01
1.29756875000E+06	6.502462E-03	7.507983E+01
1.29943750000E+06	6.523710E-03	7.549056E+01
1.30130625000E+06	6.654981E-03	7.723853E+01
1.30317500000E+06	6.446662E-03	7.710097E+01
1.30504375000E+06	6.313000E-03	7.754842E+01
1.30691250000E+06	6.458679E-03	7.655080E+01
1.30878125000E+06	6.712775E-03	7.693763E+01
1.31065000000E+06	6.791467E-03	7.521545E+01
1.31251875000E+06	6.614004E-03	7.630554E+01
1.31438750000E+06	6.551649E-03	7.721991E+01
1.31625625000E+06	6.709637E-03	7.613555E+01
1.31812500000E+06	6.597243E-03	7.676741E+01
1.31999375000E+06	6.813252E-03	7.644928E+01
1.32186250000E+06	6.756854E-03	7.698784E+01
1.32373125000E+06	6.622714E-03	7.663879E+01
1.32560000000E+06	6.923347E-03	7.787634E+01
1.32746875000E+06	6.674719E-03	7.638414E+01
1.32933750000E+06	6.818547E-03	7.673870E+01
1.33120625000E+06	6.719364E-03	7.743779E+01
1.33307500000E+06	6.831063E-03	7.601456E+01
1.33494375000E+06	6.582377E-03	7.687894E+01
1.33681250000E+06	6.906959E-03	7.687016E+01
1.33868125000E+06	6.938717E-03	7.558765E+01
1.34055000000E+06	6.747191E-03	7.508941E+01
1.34241875000E+06	6.864491E-03	7.567334E+01
1.34428750000E+06	6.708904E-03	7.610546E+01
1.34615625000E+06	6.851836E-03	7.732176E+01
1.34802500000E+06	6.797379E-03	7.603210E+01
1.34989375000E+06	6.939188E-03	7.659342E+01
1.35176250000E+06	7.040958E-03	7.673396E+01
1.35363125000E+06	7.028162E-03	7.534652E+01
1.35550000000E+06	6.925881E-03	7.581151E+01
1.35736875000E+06	6.893305E-03	7.624210E+01
1.35923750000E+06	6.742594E-03	7.580859E+01
1.36110625000E+06	6.848266E-03	7.488528E+01
1.36297500000E+06	6.794230E-03	7.538094E+01
1.36484375000E+06	6.890495E-03	7.686729E+01
1.36671250000E+06	7.095816E-03	7.592365E+01
1.36858125000E+06	7.128289E-03	7.412085E+01
1.37045000000E+06	6.930628E-03	7.613011E+01
1.37231875000E+06	6.758441E-03	7.717319E+01
1.37418750000E+06	6.941966E-03	7.480549E+01
1.37605625000E+06	6.871142E-03	7.628600E+01
1.37792500000E+06	7.061493E-03	7.708471E+01
1.37979375000E+06	6.962306E-03	7.795195E+01
1.38166250000E+06	6.842643E-03	7.608414E+01
1.38353125000E+06	6.769764E-03	7.591870E+01
1.38540000000E+06	7.029903E-03	7.811012E+01
1.38726875000E+06	6.781143E-03	7.549249E+01
1.38913750000E+06	7.078197E-03	7.740179E+01
1.39100625000E+06	7.066300E-03	7.598001E+01
1.39287500000E+06	6.942290E-03	7.745084E+01
1.39474375000E+06	7.186843E-03	7.645164E+01
1.39661250000E+06	7.030101E-03	7.612083E+01
1.39848125000E+06	7.031653E-03	7.762390E+01
1.40035000000E+06	7.380483E-03	7.540219E+01
1.40221875000E+06	7.188258E-03	7.580824E+01
1.40408750000E+06	7.271646E-03	7.299474E+01
1.40595625000E+06	7.141032E-03	7.647833E+01
1.40782500000E+06	7.070153E-03	7.733552E+01
1.40969375000E+06	7.145360E-03	7.711147E+01
1.41156250000E+06	7.124864E-03	7.574958E+01
1.41343125000E+06	7.163116E-03	7.395560E+01
1.41530000000E+06	7.028826E-03	7.646861E+01
1.41716875000E+06	6.924616E-03	7.592134E+01
1.41903750000E+06	7.255066E-03	7.164694E+01
1.42090625000E+06	7.175857E-03	7.599279E+01
1.42277500000E+06	7.230643E-03	7.346577E+01
1.42464375000E+06	7.120519E-03	7.651096E+01
1.42651250000E+06	7.274457E-03	7.613059E+01
1.42838125000E+06	7.139890E-03	7.650469E+01
1.43025000000E+06	7.194610E-03	7.509849E+01
1.43211875000E+06	7.362457E-03	7.656225E+01
1.43398750000E+06	7.352090E-03	7.345263E+01
1.43585625000E+06	7.282602E-03	7.523416E+01
1.43772500000E+06	7.220575E-03	7.551142E+01
1.43959375000E+06	7.345533E-03	7.583388E+01
1.44146250000E+06	7.426769E-03	7.457524E+01
1.44333125000E+06	7.253447E-03	7.459503E+01
1.44520000000E+06	7.227013E-03	7.463659E+01
1.44706875000E+06	7.307474E-03	7.601646E+01
1.44893750000E+06	7.386227E-03	7.484260E+01
1.45080625000E+06	7.666967E-03	7.404085E+01
1.45267500000E+06	7.229572E-03	7.696136E+01
1.45454375000E+06	7.268272E-03	7.569775E+01
1.45641250000E+06	7.647331E-03	7.422416E+01
1.45828125000E+06	7.367161E-03	7.528091E+01
1.46015000000E+06	7.290269E-03	7.632109E+01
1.46201875000E+06	7.431226E-03	7.579668E+01
1.46388750000E+06	7.449519E-03	7.495660E+01
1.46575625000E+06	7.444085E-03	7.733236E+01
1.46762500000E+06	7.093546E-03	7.470376E+01
1.46949375000E+06	7.463884E-03	7.723885E+01
1.47136250000E+06	7.493581E-03	7.298828E+01
1.47323125000E+06	7.410466E-03	7.512743E+01
1.47510000000E+06	6.929921E-03	7.553521E+01
1.47696875000E+06	7.509069E-03	7.615997E+01
1.47883750000E+06	7.698686E-03	7.513429E+01
1.48070625000E+06	7.365579E-03	7.584505E+01
1.48257500000E+06	7.492648E-03	7.429104E+01
1.48444375000E+06	7.615606E-03	7.668940E+01
1.48631250000E+06	7.545682E-03	7.685555E+01
1.48818125000E+06	7.377458E-03	7.514676E+01
1.49005000000E+06	7.489407E-03	7.593156E+01
1.49191875000E+06	7.517265E-03	7.384798E+01
1.49378750000E+06	7.684733E-03	7.392814E+01
1.49565625000E+06	7.520926E-03	7.520969E+01
1.49752500000E+06	7.621191E-03	7.420874E+01
1.49939375000E+06	7.542215E-03	7.361631E+01
1.50126250000E+06	7.494453E-03	7.457906E+01
1.50313125000E+06	7.477233E-03	7.496367E+01
1.50500000000E+06	7.781190E-03	7.575958E+01
1.50686875000E+06	7.559135E-03	7.642287E+01
1.50873750000E+06	7.285852E-03	7.551622E+01
1.51060625000E+06	7.720223E-03	7.536612E+01
1.51247500000E+06	7.579509E-03	7.465571E+01
1.51434375000E+06	7.891737E-03	7.385940E+01
1.51621250000E+06	7.773354E-03	7.414567E+01
1.51808125000E+06	7.465817E-03	7.312695E+01
1.51995000000E+06	7.676565E-03	7.463397E+01
1.52181875000E+06	7.734895E-03	7.283784E+01
1.52368750000E+06	7.765874E-03	7.512665E+01
1.52555625000E+06	7.650886E-03	7.459189E+01
1.52742500000E+06	7.396223E-03	7.422752E+01
1.52929375000E+06	7.970292E-03	7.427278E+01
1.53116250000E+06	7.784255E-03	7.357235E+01
1.53303125000E+06	7.754835E-03	7.375755E+01
1.53490000000E+06	7.683171E-03	7.371288E+01
1.53676875000E+06	7.754050E-03	7.403741E+01
1.53863750000E+06	7.731631E-03	7.463951E+01
1.54050625000E+06	7.859848E-03	7.366966E+01
1.54237500000E+06	7.916745E-03	7.407929E+01
1.54424375000E+06	7.622017E-03	7.393301E+01
1.54611250000E+06	7.850774E-03	7.537708E+01
1.54798125000E+06	7.780815E-03	7.584560E+01
1.54985000000E+06	7.950819E-03	7.483858E+01
1.55171875000E+06	7.739784E-03	7.412490E+01
1.55358750000E+06	7.481054E-03	7.416003E+01
1.55545625000E+06	7.753784E-03	7.450360E+01
1.55732500000E+06	7.462238E-03	7.456365E+01
1.55919375000E+06	7.811532E-03	7.525026E+01
1.56106250000E+06	7.885008E-03	7.516194E+01
1.56293125000E+06	7.996448E-03	7.514793E+01
1.56480000000E+06	8.019561E-03	7.491754E+01
1.56666875000E+06	7.649104E-03	7.608880E+01
1.56853750000E+06	7.956804E-03	7.301791E+01
1.57040625000E+06	7.939377E-03	7.378367E+01
1.57227500000E+06	7.872380E-03	7.302972E+01
1.57414375000E+06	7.968856E-03	7.558775E+01
1.57601250000E+06	7.945900E-03	7.454841E+01
1.57788125000E+06	7.913452E-03	7.432152E+01
1.57975000000E+06	8.188030E-03	7.367722E+01
1.58161875000E+06	8.318722E-03	7.294623E+01
1.58348750000E+06	8.082688E-03	7.327922E+01
1.58535625000E+06	8.091370E-03	7.181618E+01
1.58722500000E+06	8.341413E-03	7.288766E+01
1.58909375000E+06	8.224746E-03	7.241669E+01
1.59096250000E+06	7.809825E-03	7.287623E+01
1.59283125000E+06	7.855469E-03	7.143638E+01
1.59470000000E+06	8.054477E-03	7.376308E+01
1.59656875000E+06	8.064312E-03	7.434443E+01
1.59843750000E+06	7.869887E-03	7.458720E+01
1.60030625000E+06	7.968083E-03	7.319913E+01
1.60217500000E+06	7.950382E-03	7.452975E+01
1.60404375000E+06	8.263225E-03	7.494646E+01
1.60591250000E+06	8.121643E-03	7.295033E+01
1.60778125000E+06	7.821278E-03	7.385172E+01
1.60965000000E+06	8.132868E-03	7.523551E+01
1.61151875000E+06	8.192088E-03	7.629532E+01
1.61338750000E+06	7.914628E-03	7.325844E+01
1.61525625000E+06	8.104218E-03	7.267298E+01
1.61712500000E+06	7.850977E-03	7.446340E+01
1.61899375000E+06	8.149174E-03	7.457513E+01
1.62086250000E+06	7.896936E-03	7.478352E+01
1.62273125000E+06	8.108024E-03	7.350548E+01
1.62460000000E+06	8.270501E-03	7.415268E+01
1.62646875000E+06	8.105202E-03	7.298103E+01
1.62833750000E+06	8.083266E-03	7.123367E+01
1.63020625000E+06	8.244410E-03	7.383158E+01
1.63207500000E+06	8.041847E-03	7.604870E+01
1.63394375000E+06	8.227298E-03	7.241624E+01
1.63581250000E+06	8.325932E-03	7.333862E+01
1.63768125000E+06	8.198926E-03	7.327681E+01
1.63955000000E+06	8.215648E-03	7.451139E+01
1.64141875000E+06	8.127705E-03	7.262019E+01
1.64328750000E+06	8.192793E-03	7.371581E+01
1.64515625000E+06	8.318079E-03	7.324250E+01
1.64702500000E+06	8.262885E-03	7.420191E+01
1.64889375000E+06	8.230428E-03	7.354242E+01
1.65076250000E+06	8.291564E-03	7.355057E+01
1.65263125000E+06	8.434932E-03	7.411700E+01
1.65450000000E+06	8.256223E-03	7.269398E+01
1.65636875000E+06	8.347075E-03	7.368884E+01
1.65823750000E+06	8.184271E-03	7.290514E+01
1.66010625000E+06	8.379859E-03	7.200089E+01
1.66197500000E+06	8.253281E-03	7.248640E+01
1.66384375000E+06	8.234345E-03	7.301884E+01
1.66571250000E+06	8.391557E-03	7.336455E+01
1.66758125000E+06	8.200319E-03	7.335672E+01
1.66945000000E+06	8.463838E-03	7.319725E+01
1.67131875000E+06	8.326926E-03	7.433504E+01
1.67318750000E+06	8.255821E-03	7.380684E+01
1.67505625000E+06	8.508263E-03	7.178016E+01
1.67692500000E+06	8.461408E-03	7.377424E+01
1.67879375000E+06	8.359432E-03	7.236843E+01
1.68066250000E+06	8.280946E-03	7.336696E+01
1.68253125000E+06	8.334189E-03	7.398036E+01
1.68440000000E+06	8.212941E-03	7.333231E+01
1.68626875000E+06	8.534396E-03	7.391787E+01
1.68813750000E+06	8.436310E-03	7.315386E+01
1.69000625000E+06	8.568575E-03	7.276766E+01
1.69187500000E+06	8.329009E-03	7.297044E+01
1.69374375000E+06	8.382635E-03	7.517842E+01
1.69561250000E+06	8.719592E-03	7.303690E+01
1.69748125000E+06	8.431334E-03	7.472280E+01
1.69935000000E+06	8.500035E-03	7.245133E+01
1.70121875000E+06	8.373681E-03	7.474896E+01
1.70308750000E+06	8.521545E-03	7.119913E+01
1.70495625000E+06	8.622259E-03	7.235332E+01
1.70682500000E+06	8.934839E-03	7.407554E+01
1.70869375000E+06	8.792518E-03	7.434117E+01
1.71056250000E+06	8.572987E-03	7.309298E+01
1.71243125000E+06	8.724757E-03	7.193993E+01
1.71430000000E+06	8.600786E-03	7.346233E+01
1.71616875000E+06	8.575584E-03	7.467187E+01
1.71803750000E+06	8.556543E-03	7.369751E+01
1.71990625000E+06	8.369053E-03	6.956250E+01
1.72177500000E+06	8.706238E-03	7.362170E+01
1.72364375000E+06	8.803540E-03	7.152100E+01
1.72551250000E+06	8.745307E-03	7.181504E+01
1.72738125000E+06	8.374203E-03	7.175935E+01
1.72925000000E+06	8.784682E-03	7.320315E+01
1.73111875000E+06	8.707829E-03	7.397276E+01
1.73298750000E+06	8.440116E-03	7.403758E+01
1.73485625000E+06	8.634056E-03	7.289965E+01
1.73672500000E+06	8.868662E-03	7.234331E+01
1.73859375000E+06	8.524021E-03	7.290419E+01
1.74046250000E+06	8.526308E-03	7.329611E+01
1.74233125000E+06	8.764516E-03	7.233479E+01
1.74420000000E+06	8.706119E-03	7.352553E+01
1.74606875000E+06	8.636975E-03	7.355525E+01
1.74793750000E+06	8.669879E-03	7.130148E+01
1.74980625000E+06	8.822723E-03	7.302072E+01
1.75167500000E+06	8.724894E-03	7.220057E+01
1.75354375000E+06	8.789754E-03	7.182270E+01
1.75541250000E+06	8.726296E-03	7.274231E+01
1.75728125000E+06	8.926738E-03	7.136193E+01
1.75915000000E+06	8.740234E-03	7.154308E+01
1.76101875000E+06	8.803521E-03	7.332377E+01
1.76288750000E+06	8.778858E-03	7.207732E+01
1.76475625000E+06	8.919680E-03	7.258885E+01
1.76662500000E+06	8.743098E-03	7.394691E+01
1.76849375000E+06	8.684789E-03	7.254199E+01
1.77036250000E+06	8.970046E-03	7.229917E+01
1.77223125000E+06	8.822775E-03	7.201828E+01
1.77410000000E+06	8.838584E-03	7.244433E+01
1.77596875000E+06	8.685358E-03	7.203468E+01
1.77783750000E+06	8.884825E-03	7.058141E+01
1.77970625000E+06	8.951453E-03	7.180022E+01
1.78157500000E+06	8.980566E-03	7.281351E+01
1.78344375000E+06	8.834817E-03	7.203513E+01
1.78531250000E+06	8.851172E-03	7.237638E+01
1.78718125000E+06	8.874894E-03	7.353172E+01
1.78905000000E+06	8.868922E-03	7.218545E+01
1.79091875000E+06	9.049758E-03	7.148270E+01
1.79278750000E+06	8.894115E-03	7.272165E+01
1.79465625000E+06	8.927311E-03	7.160609E+01
1.79652500000E+06	9.155890E-03	7.138969E+01
1.79839375000E+06	8.974074E-03	7.126050E+01
1.80026250000E+06	9.066635E-03	7.123138E+01
1.80213125000E+06	9.080008E-03	7.139028E+01
1.80400000000E+06	9.049886E-03	7.133344E+01
1.80586875000E+06	9.041598E-03	7.086952E+01
1.80773750000E+06	8.962056E-03	7.176257E+01
1.80960625000E+06	8.956488E-03	7.312152E+01
1.81147500000E+06	9.063273E-03	7.150121E+01
1.81334375000E+06	9.088466E-03	7.140032E+01
1.81521250000E+06	9.072382E-03	7.230765E+01
1.81708125000E+06	9.150147E-03	7.232829E+01
1.81895000000E+06	8.922465E-03	7.086588E+01
1.82081875000E+06	9.014782E-03	7.228935E+01
1.82268750000E+06	9.217688E-03	7.115079E+01
1.82455625000E+06	9.056472E-03	7.331805E+01
1.82642500000E+06	9.130519E-03	7.234970E+01
1.82829375000E+06	9.096498E-03	7.123354E+01
1.83016250000E+06	9.118323E-03	7.245831E+01
1.83203125000E+06	9.116920E-03	7.101717E+01
1.83390000000E+06	9.287654E-03	7.126332E+01
1.83576875000E+06	9.243952E-03	7.284393E+01
1.83763750000E+06	9.207672E-03	7.287527E+01
1.83950625000E+06	8.888897E-03	7.129825E+01
1.84137500000E+06	9.124843E-03	7.018855E+01
1.84324375000E+06	9.177240E-03	7.005467E+01
1.84511250000E+06	9.134538E-03	7.039201E+01
1.84698125000E+06	9.157200E-03	7.131888E+01
1.84885000000E+06	9.136117E-03	7.121309E+01
1.85071875000E+06	9.152306E-03	7.104440E+01
1.85258750000E+06	9.177183E-03	7.059508E+01
1.85445625000E+06	9.084756E-03	7.334335E+01
1.85632500000E+06	9.100069E-03	7.077972E+01
1.85819375000E+06	9.385042E-03	6.979549E+01
1.86006250000E+06	9.370129E-03	7.199235E+01
1.86193125000E+06	9.187071E-03	7.339897E+01
1.86380000000E+06	9.226234E-03	7.377789E+01
1.86566875000E+06	9.163778E-03	7.024760E+01
1.86753750000E+06	9.272506E-03	7.048991E+01
1.86940625000E+06	9.442203E-03	7.060142E+01
1.87127500000E+06	9.415389E-03	7.283334E+01
1.87314375000E+06	9.550305E-03	7.148999E+01
1.87501250000E+06	9.181906E-03	7.090582E+01
1.87688125000E+06	9.347666E-03	7.100240E+01
1.87875000000E+06	9.318773E-03	7.109849E+01
1.88061875000E+06	9.353699E-03	7.162507E+01
1.88248750000E+06	9.368701E-03	7.181535E+01
1.88435625000E+06	9.563942E-03	7.149925E+01
1.88622500000E+06	9.385698E-03	7.163184E+01
1.88809375000E+06	9.064506E-03	7.182179E+01
1.88996250000E+06	9.244575E-03	7.054811E+01
1.89183125000E+06	9.471819E-03	7.078726E+01
1.89370000000E+06	9.466824E-03	7.109385E+01
1.89556875000E+06	9.423197E-03	7.149210E+01
1.89743750000E+06	9.477491E-03	7.127037E+01
1.89930625000E+06	9.310234E-03	7.107994E+01
1.90117500000E+06	9.408868E-03	7.150472E+01
1.90304375000E+06	9.395395E-03	7.063637E+01
1.90491250000E+06	9.417378E-03	7.069837E+01
1.90678125000E+06	9.682640E-03	7.159572E+01
1.90865000000E+06	9.701237E-03	7.112234E+01
1.91051875000E+06	9.754247E-03	7.077637E+01
1.91238750000E+06	9.561254E-03	7.167243E+01
1.91425625000E+06	9.640856E-03	7.100470E+01
1.91612500000E+06	9.653613E-03	7.079405E+01
1.91799375000E+06	9.534881E-03	7.103821E+01
1.91986250000E+06	9.467309E-03	6.907798E+01
1.92173125000E+06	9.717934E-03	7.046801E+01
1.92360000000E+06	9.510367E-03	7.111859E+01
1.92546875000E+06	9.549363E-03	7.105701E+01
1.92733750000E+06	9.818017E-03	7.153221E+01
1.92920625000E+06	9.674905E-03	7.155413E+01
1.93107500000E+06	9.651671E-03	7.062811E+01
1.93294375000E+06	9.766216E-03	7.069038E+01
1.93481250000E+06	9.857330E-03	7.089235E+01
1.93668125000E+06	9.673918E-03	7.088828E+01
1.93855000000E+06	9.666478E-03	7.039178E+01
1.94041875000E+06	9.805485E-03	6.944901E+01
1.94228750000E+06	9.782364E-03	7.040166E+01
1.94415625000E+06	9.554317E-03	6.983474E+01
1.94602500000E+06	9.733956E-03	7.152731E+01
1.94789375000E+06	9.676734E-03	7.000274E+01
1.94976250000E+06	9.920169E-03	7.038319E+01
1.95163125000E+06	9.793318E-03	6.987598E+01
1.95350000000E+06	9.805549E-03	7.037531E+01
1.95536875000E+06	9.802623E-03	7.026643E+01
1.95723750000E+06	9.817948E-03	7.057082E+01
1.95910625000E+06	9.657555E-03	7.198270E+01
1.96097500000E+06	9.780084E-03	7.104065E+01
1.96284375000E+06	9.779936E-03	7.075589E+01
1.96471250000E+06	9.729872E-03	7.034565E+01
1.96658125000E+06	9.937420E-03	7.037514E+01
1.96845000000E+06	9.923604E-03	6.984329E+01
1.97031875000E+06	9.700249E-03	6.953391E+01
1.97218750000E+06	9.853654E-03	6.871767E+01
1.97405625000E+06	9.657853E-03	6.994617E+01
1.97592500000E+06	1.005181E-02	7.085162E+01
1.97779375000E+06	1.011930E-02	7.110689E+01
1.97966250000E+06	9.949617E-03	6.965994E+01
1.98153125000E+06	1.019752E-02	6.972226E+01
1.98340000000E+06	9.922912E-03	7.024377E+01
1.98526875000E+06	9.985397E-03	6.991335E+01
1.98713750000E+06	9.785029E-03	7.019611E+01
1.98900625000E+06	1.022767E-02	6.951537E+01
1.99087500000E+06	9.844420E-03	6.851440E+01
1.99274375000E+06	1.018028E-02	7.005705E+01
1.99461250000E+06	1.035719E-02	6.915313E+01
1.99648125000E+06	9.978930E-03	7.173714E+01
1.99835000000E+06	1.006288E-02	6.899657E+01
2.00021875000E+06	9.618327E-03	6.783277E+01
2.00208750000E+06	1.029473E-02	7.126048E+01
2.00395625000E+06	9.825376E-03	7.092481E+01
2.00582500000E+06	1.000306E-02	7.133949E+01
2.00769375000E+06	1.015159E-02	7.102223E+01
2.00956250000E+06	1.017709E-02	6.803503E+01
2.01143125000E+06	9.916640E-03	6.836174E+01
2.01330000000E+06	1.033302E-02	7.064561E+01
2.01516875000E+06	1.052762E-02	7.075692E+01
2.01703750000E+06	1.004715E-02	7.030219E+01
2.01890625000E+06	9.789797E-03	6.835461E+01
2.02077500000E+06	1.009721E-02	7.048361E+01
2.02264375000E+06	1.008911E-02	7.035508E+01
2.02451250000E+06	1.011739E-02	6.831694E+01
2.02638125000E+06	1.006663E-02	7.034553E+01
2.02825000000E+06	1.022940E-02	6.907175E+01
2.03011875000E+06	1.053424E-02	6.955056E+01
2.03198750000E+06	1.025190E-02	6.996384E+01
2.03385625000E+06	1.018910E-02	6.982714E+01
2.03572500000E+06	1.029708E-02	7.038675E+01
2.03759375000E+06	1.005712E-02	6.912280E+01
2.03946250000E+06	1.028874E-02	7.203368E+01
2.04133125000E+06	1.003925E-02	6.840607E+01
2.04320000000E+06	1.011130E-02	6.950605E+01
2.04506875000E+06	1.027589E-02	6.728761E+01
2.04693750000E+06	1.007947E-02	6.990604E+01
2.04880625000E+06	1.058026E-02	7.003932E+01
2.05067500000E+06	1.051850E-02	7.023698E+01
2.05254375000E+06	1.010320E-02	6.937135E+01
2.05441250000E+06	1.063881E-02	6.856114E+01
2.05628125000E+06	1.021179E-02	6.847169E+01
2.05815000000E+06	1.004967E-02	6.955811E+01
2.06001875000E+06	1.022546E-02	6.996154E+01
2.06188750000E+06	1.033646E-02	6.879662E+01
2.06375625000E+06	1.056570E-02	6.779219E+01
2.06562500000E+06	1.036143E-02	7.043720E+01
2.06749375000E+06	1.014485E-02	6.838248E+01
2.06936250000E+06	1.040659E-02	6.946169E+01
2.07123125000E+06	1.040880E-02	6.785996E+01
2.07310000000E+06	1.041811E-02	6.799531E+01
2.07496875000E+06	1.037565E-02	6.889672E+01
2.07683750000E+06	1.024677E-02	6.911263E+01
2.07870625000E+06	1.035121E-02	6.798536E+01
2.08057500000E+06	1.044667E-02	6.894099E+01
2.08244375000E+06	1.059785E-02	6.839891E+01
2.08431250000E+06	1.039820E-02	6.870946E+01
2.08618125000E+06	1.023130E-02	6.884084E+01
2.08805000000E+06	1.033553E-02	6.813585E+01
2.08991875000E+06	1.042955E-02	6.837691E+01
2.09178750000E+06	1.051462E-02	6.960173E+01
2.09365625000E+06	1.044057E-02	6.819461E+01
2.09552500000E+06	1.031892E-02	6.832362E+01
2.09739375000E+06	1.045617E-02	6.940144E+01
2.09926250000E+06	1.055880E-02	6.954739E+01
2.10113125000E+06	1.043652E-02	6.782627E+01
2.10300000000E+06	1.042726E-02	6.902250E+01
2.10486875000E+06	1.059861E-02	6.793459E+01
2.10673750000E+06	1.050198E-02	6.841117E+01
2.10860625000E+06	1.053218E-02	6.957278E+01
2.11047500000E+06	1.054871E-02	6.963335E+01
2.11234375000E+06	1.045927E-02	6.846026E+01
2.11421250000E+06	1.054836E-02	6.900804E+01
2.11608125000E+06	1.045381E-02	6.867822E+01
2.11795000000E+06	1.055184E-02	6.916202E+01
2.11981875000E+06	1.066250E-02	6.873534E+01
2.12168750000E+06	1.050829E-02	6.903130E+01
2.12355625000E+06	1.058059E-02	6.857771E+01
2.12542500000E+06	1.059169E-02	6.899983E+01
2.12729375000E+06	1.053692E-02	6.843684E+01
2.12916250000E+06	1.069611E-02	6.840067E+01
2.13103125000E+06	1.062129E-02	6.820540E+01
2.13290000000E+06	1.061230E-02	6.847164E+01
2.13476875000E+06	1.054403E-02	6.902454E+01
2.13663750000E+06	1.071072E-02	6.804656E+01
2.13850625000E+06	1.068951E-02	6.886521E+01
2.14037500000E+06	1.066741E-02	6.905312E+01
2.14224375000E+06	1.066421E-02	6.908784E+01
2.14411250000E+06	1.084832E-02	6.850371E+01
2.14598125000E+06	1.070421E-02	6.877195E+01
2.14785000000E+06	1.073921E-02	6.864272E+01
2.14971875000E+06	1.070084E-02	6.833072E+01
2.15158750000E+06	1.084373E-02	6.836246E+01
2.15345625000E+06	1.074027E-02	6.831807E+01
2.15532500000E+06	1.079275E-02	6.778013E+01
2.15719375000E+06	1.084683E-02	6.831853E+01
2.15906250000E+06	1.078258E-02	6.780742E+01
2.16093125000E+06	1.086062E-02	6.865145E+01
2.16280000000E+06	1.084238E-02	6.868050E+01
2.16466875000E+06	1.078762E-02	6.797931E+01
2.16653750000E+06	1.082658E-02	6.883527E+01
2.16840625000E+06	1.096309E-02	6.769904E+01
2.17027500000E+06	1.077222E-02	6.812928E+01
2.17214375000E+06	1.089974E-02	6.779707E+01
2.17401250000E+06	1.093054E-02	6.902174E+01
2.17588125000E+06	1.096618E-02	6.810695E+01
2.17775000000E+06	1.070546E-02	6.677087E+01
2.17961875000E+06	1.073263E-02	6.718281E+01
2.18148750000E+06	1.082177E-02	6.791914E+01
2.18335625000E+06	1.094940E-02	6.854053E+01
2.18522500000E+06	1.111687E-02	6.708450E+01
2.18709375000E+06	1.097408E-02	6.887303E+01
2.18896250000E+06	1.092902E-02	6.809794E+01
2.19083125000E+06	1.092518E-02	6.831837E+01
2.19270000000E+06	1.067337E-02	6.755333E+01
2.19456875000E+06	1.118660E-02	6.770191E+01
2.19643750000E+06	1.118774E-02	6.899615E+01
2.19830625000E+06	1.083527E-02	6.794693E+01
2.20017500000E+06	1.081929E-02	6.827698E+01
2.20204375000E+06	1.082215E-02	6.576148E+01
2.20391250000E+06	1.068869E-02	6.902866E+01
2.20578125000E+06	1.088434E-02	6.597177E+01
2.20765000000E+06	1.087816E-02	6.720250E+01
2.20951875000E+06	1.086656E-02	6.799968E+01
2.21138750000E+06	1.110977E-02	6.771627E+01
2.21325625000E+06	1.052022E-02	6.853902E+01
2.21512500000E+06	1.107080E-02	6.799211E+01
2.21699375000E+06	1.106967E-02	6.764619E+01
2.21886250000E+06	1.088459E-02	6.698844E+01
2.22073125000E+06	1.100904E-02	6.694402E+01
2.22260000000E+06	1.122138E-02	6.731971E+01
2.22446875000E+06	1.114207E-02	6.719677E+01
2.22633750000E+06	1.114946E-02	6.836718E+01
2.22820625000E+06	1.113024E-02	6.777637E+01
2.23007500000E+06	1.100704E-02	6.654031E+01
2.23194375000E+06	1.130068E-02	6.707336E+01
2.23381250000E+06	1.101227E-02	6.629917E+01
2.23568125000E+06	1.106978E-02	6.780284E+01
2.23755000000E+06	1.121953E-02	6.801749E+01
2.23941875000E+06	1.092784E-02	6.725553E+01
2.24128750000E+06	1.105378E-02	6.750694E+01
2.24315625000E+06	1.118266E-02	6.837596E+01
2.24502500000E+06	1.109337E-02	6.539011E+01
2.24689375000E+06	1.104762E-02	6.773685E+01
2.24876250000E+06	1.120679E-02	6.692295E+01
2.25063125000E+06	1.130384E-02	6.850368E+01
2.25250000000E+06	1.120608E-02	6.733050E+01
2.25436875000E+06	1.138681E-02	6.823611E+01
2.25623750000E+06	1.145766E-02	6.694868E+01
2.25810625000E+06	1.123443E-02	6.757613E+01
2.25997500000E+06	1.144541E-02	6.705967E+01
2.26184375000E+06	1.116054E-02	6.742638E+01
2.26371250000E+06	1.121227E-02	6.770823E+01
2.26558125000E+06	1.136242E-02	6.744046E+01
2.26745000000E+06	1.138736E-02	6.707276E+01
2.26931875000E+06	1.119495E-02	6.760286E+01
2.27118750000E+06	1.130379E-02	6.803528E+01
2.27305625000E+06	1.140896E-02	6.810819E+01
2.27492500000E+06	1.146027E-02	6.833112E+01
2.27679375000E+06	1.122872E-02	6.622489E+01
2.27866250000E+06	1.158879E-02	6.739390E+01
2.28053125000E+06	1.112764E-02	6.822004E+01
2.28240000000E+06	1.141961E-02	6.866041E+01
2.28426875000E+06	1.140891E-02	6.655932E+01
2.28613750000E+06	1.137102E-02	6.822160E+01
2.28800625000E+06	1.140998E-02	6.681246E+01
2.28987500000E+06	1.131582E-02	6.705976E+01
2.29174375000E+06	1.130078E-02	6.785461E+01
2.29361250000E+06	1.112807E-02	6.773587E+01
2.29548125000E+06	1.153343E-02	6.681197E+01
2.29735000000E+06	1.140377E-02	6.636233E+01
2.29921875000E+06	1.154299E-02	6.760267E+01
2.30108750000E+06	1.126009E-02	6.698090E+01
2.30295625000E+06	1.132963E-02	6.710663E+01
2.30482500000E+06	1.161063E-02	6.625310E+01
2.30669375000E+06	1.172850E-02	6.707751E+01
2.30856250000E+06	1.139246E-02	6.872990E+01
2.31043125000E+06	1.144276E-02	6.688069E+01
2.31230000000E+06	1.167986E-02	6.859641E+01
2.31416875000E+06	1.152981E-02	6.698793E+01
2.31603750000E+06	1.161701E-02	6.646709E+01
2.31790625000E+06	1.142903E-02	6.743661E+01
2.31977500000E+06	1.155037E-02	6.686004E+01
2.32164375000E+06	1.169835E-02	6.732733E+01
2.32351250000E+06	1.159123E-02	6.733738E+01
2.32538125000E+06	1.175199E-02	6.649131E+01
2.32725000000E+06	1.167079E-02	6.554132E+01
2.32911875000E+06	1.170124E-02	6.579983E+01
2.33098750000E+06	1.156928E-02	6.676713E+01
2.33285625000E+06	1.177889E-02	6.720298E+01
2.33472500000E+06	1.168934E-02	6.626670E+01
2.33659375000E+06	1.173028E-02	6.642223E+01
2.33846250000E+06	1.177878E-02	6.633743E+01
2.34033125000E+06	1.165701E-02	6.602287E+01
2.34220000000E+06	1.183240E-02	6.734557E+01
2.34406875000E+06	1.183035E-02	6.697111E+01
2.34593750000E+06	1.187639E-02	6.629826E+01
2.34780625000E+06	1.165866E-02	6.684670E+01
2.34967500000E+06	1.167250E-02	6.608988E+01
2.35154375000E+06	1.174686E-02	6.700655E+01
2.35341250000E+06	1.178848E-02	6.702862E+01
2.35528125000E+06	1.180183E-02	6.597567E+01
2.35715000000E+06	1.186615E-02	6.690762E+01
2.35901875000E+06	1.178378E-02	6.666228E+01
2.36088750000E+06	1.178978E-02	6.638371E+01
2.36275625000E+06	1.166135E-02	6.679479E+01
2.36462500000E+06	1.183547E-02	6.594318E+01
2.36649375000E+06	1.185874E-02	6.637168E+01
2.36836250000E+06	1.178221E-02	6.662692E+01
2.37023125000E+06	1.184809E-02	6.631593E+01
2.37210000000E+06	1.185356E-02	6.618611E+01
2.37396875000E+06	1.200475E-02	6.649252E+01
2.37583750000E+06	1.195589E-02	6.591683E+01
2.37770625000E+06	1.195707E-02	6.670953E+01
2.37957500000E+06	1.190343E-02	6.648269E+01
2.38144375000E+06	1.194800E-02	6.627888E+01
2.38331250000E+06	1.215521E-02	6.662004E+01
2.38518125000E+06	1.189649E-02	6.578157E+01
2.38705000000E+06	1.208350E-02	6.625047E+01
2.38891875000E+06	1.203923E-02	6.640054E+01
2.39078750000E+06	1.200231E-02	6.621233E+01
2.39265625000E+06	1.190380E-02	6.619558E+01
2.39452500000E+06	1.206044E-02	6.618924E+01
2.39639375000E+06	1.182376E-02	6.589600E+01
2.39826250000E+06	1.203351E-02	6.627834E+01
2.40013125000E+06	1.221006E-02	6.529868E+01
2.40200000000E+06	1.207625E-02	6.573375E+01
2.40386875000E+06	1.206318E-02	6.652376E+01
2.40573750000E+06	1.210350E-02	6.658109E+01
2.40760625000E+06	1.219449E-02	6.549071E+01
2.40947500000E+06	1.198752E-02	6.626732E+01
2.41134375000E+06	1.222864E-02	6.530987E+01
2.41321250000E+06	1.211547E-02	6.530219E+01
2.41508125000E+06	1.218767E-02	6.662032E+01
2.41695000000E+06	1.218906E-02	6.481838E+01
2.41881875000E+06	1.208882E-02	6.610360E+01
2.42068750000E+06	1.197718E-02	6.525013E+01
2.42255625000E+06	1.201032E-02	6.483401E+01
2.42442500000E+06	1.229007E-02	6.471410E+01
2.42629375000E+06	1.231653E-02	6.510971E+01
2.42816250000E+06	1.214884E-02	6.627885E+01
2.43003125000E+06	1.223943E-02	6.530856E+01
2.43190000000E+06	1.264792E-02	6.367471E+01
2.43376875000E+06	1.215443E-02	6.394993E+01
2.43563750000E+06	1.221967E-02	6.453817E+01
2.43750625000E+06	1.237275E-02	6.485693E+01
2.43937500000E+06	1.217830E-02	6.521898E+01
2.44124375000E+06	1.225180E-02	6.681513E+01
2.44311250000E+06	1.213808E-02	6.506160E+01
2.44498125000E+06	1.216166E-02	6.598341E+01
2.44685000000E+06	1.242755E-02	6.615474E+01
2.44871875000E+06	1.220507E-02	6.741095E+01
2.45058750000E+06	1.229280E-02	6.521603E+01
2.45245625000E+06	1.213647E-02	6.413307E+01
2.45432500000E+06	1.243956E-02	6.478663E+01
2.45619375000E+06	1.254117E-02	6.503374E+01
2.45806250000E+06	1.230309E-02	6.338031E+01
2.45993125000E+06	1.243773E-02	6.428570E+01
2.46180000000E+06	1.220907E-02	6.570383E+01
2.46366875000E+06	1.233117E-02	6.401302E+01
2.46553750000E+06	1.236715E-02	6.556288E+01
2.46740625000E+06	1.228200E-02	6.470190E+01
2.46927500000E+06	1.235961E-02	6.452296E+01
2.47114375000E+06	1.243503E-02	6.489323E+01
2.47301250000E+06	1.243336E-02	6.586093E+01
2.47488125000E+06	1.243828E-02	6.602796E+01
2.47675000000E+06	1.235236E-02	6.485791E+01
2.47861875000E+06	1.234125E-02	6.417387E+01
2.48048750000E+06	1.297188E-02	6.463210E+01
2.48235625000E+06	1.252706E-02	6.445992E+01
2.48422500000E+06	1.235578E-02	6.489565E+01
2.48609375000E+06	1.237482E-02	6.500220E+01
2.48796250000E+06	1.259183E-02	6.425838E+01
2.48983125000E+06	1.284866E-02	6.513663E+01
2.49170000000E+06	1.250278E-02	6.597839E+01
2.49356875000E+06	1.272912E-02	6.555204E+01
2.49543750000E+06	1.254348E-02	6.482397E+01
2.49730625000E+06	1.267924E-02	6.428619E+01
2.49917500000E+06	1.252010E-02	6.473016E+01
2.50104375000E+06	1.244360E-02	6.398639E+01
2.50291250000E+06	1.269607E-02	6.451800E+01
2.50478125000E+06	1.234763E-02	6.484354E+01
2.50665000000E+06	1.266639E-02	6.401417E+01
2.50851875000E+06	1.234463E-02	6.458151E+01
2.51038750000E+06	1.254661E-02	6.394829E+01
2.51225625000E+06	1.271525E-02	6.471244E+01
2.51412500000E+06	1.283786E-02	6.498283E+01
2.51599375000E+06	1.270216E-02	6.522331E+01
2.51786250000E+06	1.272589E-02	6.452190E+01
2.51973125000E+06	1.252527E-02	6.491123E+01
2.52160000000E+06	1.237901E-02	6.436669E+01
2.52346875000E+06	1.256051E-02	6.439496E+01
2.52533750000E+06	1.280561E-02	6.358239E+01
2.52720625000E+06	1.271405E-02	6.354330E+01
2.52907500000E+06	1.288551E-02	6.311547E+01
2.53094375000E+06	1.261830E-02	6.394272E+01
2.53281250000E+06	1.257893E-02	6.493027E+01
2.53468125000E+06	1.284956E-02	6.408036E+01
2.53655000000E+06	1.280244E-02	6.429905E+01
2.53841875000E+06	1.282167E-02	6.424142E+01
2.54028750000E+06	1.286951E-02	6.400338E+01
2.54215625000E+06	1.282402E-02	6.369727E+01
2.54402500000E+06	1.295785E-02	6.291851E+01
2.54589375000E+06	1.261880E-02	6.321921E+01
2.54776250000E+06	1.275546E-02	6.289916E+01
2.54963125000E+06	1.269974E-02	6.266062E+01
2.55150000000E+06	1.300030E-02	6.338898E+01
2.55336875000E+06	1.296055E-02	6.380796E+01
2.55523750000E+06	1.267625E-02	6.379175E+01
2.55710625000E+06	1.289282E-02	6.323569E+01
2.55897500000E+06	1.303095E-02	6.374256E+01
2.56084375000E+06	1.284564E-02	6.362034E+01
2.56271250000E+06	1.283866E-02	6.404769E+01
2.56458125000E+06	1.279784E-02	6.416881E+01
2.56645000000E+06	1.295404E-02	6.388705E+01
2.56831875000E+06	1.299098E-02	6.430909E+01
2.57018750000E+06	1.296998E-02	6.283387E+01
2.57205625000E+06	1.297818E-02	6.494162E+01
2.57392500000E+06	1.270381E-02	6.399813E+01
2.57579375000E+06	1.305128E-02	6.366791E+01
2.57766250000E+06	1.292364E-02	6.308051E+01
2.57953125000E+06	1.284021E-02	6.302512E+01
2.58140000000E+06	1.282218E-02	6.319367E+01
2.58326875000E+06	1.306750E-02	6.312139E+01
2.58513750000E+06	1.306326E-02	6.274128E+01
2.58700625000E+06	1.305601E-02	6.362249E+01
2.58887500000E+06	1.296954E-02	6.317462E+01
2.59074375000E+06	1.313984E-02	6.375200E+01
2.59261250000E+06	1.285786E-02	6.302840E+01
2.59448125000E+06	1.303833E-02	6.281981E+01
2.59635000000E+06	1.303635E-02	6.326876E+01
2.59821875000E+06	1.317240E-02	6.357157E+01
2.60008750000E+06	1.279750E-02	6.319180E+01
2.60195625000E+06	1.300829E-02	6.263062E+01
2.60382500000E+06	1.331962E-02	6.315863E+01
2.60569375000E+06	1.318575E-02	6.290292E+01
2.60756250000E+06	1.306097E-02	6.334977E+01
2.60943125000E+06	1.303484E-02	6.270242E+01
2.61130000000E+06	1.300602E-02	6.245903E+01
2.61316875000E+06	1.314931E-02	6.286003E+01
2.61503750000E+06	1.306821E-02	6.210968E+01
2.61690625000E+06	1.299368E-02	6.377025E+01
2.61877500000E+06	1.306010E-02	6.242142E+01
2.62064375000E+06	1.305728E-02	6.251338E+01
2.62251250000E+06	1.312966E-02	6.261563E+01
2.62438125000E+06	1.300423E-02	6.294060E+01
2.62625000000E+06	1.318137E-02	6.244893E+01
2.62811875000E+06	1.315110E-02	6.319122E+01
2.62998750000E+06	1.308643E-02	6.250962E+01
2.63185625000E+06	1.301137E-02	6.275213E+01
2.63372500000E+06	1.329850E-02	6.260877E+01
2.63559375000E+06	1.316778E-02	6.291451E+01
2.63746250000E+06	1.324572E-02	6.273320E+01
2.63933125000E+06	1.317013E-02	6.236376E+01
2.64120000000E+06	1.320627E-02	6.208257E+01
2.64306875000E+06	1.322279E-02	6.248480E+01
2.64493750000E+06	1.337464E-02	6.201717E+01
2.64680625000E+06	1.334581E-02	6.255303E+01
2.64867500000E+06	1.342880E-02	6.169633E+01
2.65054375000E+06	1.324337E-02	6.227399E+01
2.65241250000E+06	1.338359E-02	6.164311E+01
2.65428125000E+06	1.328131E-02	6.258450E+01
2.65615000000E+06	1.332633E-02	6.230442E+01
2.65801875000E+06	1.329539E-02	6.198094E+01
2.65988750000E+06	1.325903E-02	6.239273E+01
2.66175625000E+06	1.328038E-02	6.251868E+01
2.66362500000E+06	1.343093E-02	6.251166E+01
2.66549375000E+06	1.335839E-02	6.207772E+01
2.66736250000E+06	1.337148E-02	6.217027E+01
2.66923125000E+06	1.343605E-02	6.216417E+01
2.67110000000E+06	1.335598E-02	6.235643E+01
2.67296875000E+06	1.333924E-02	6.246415E+01
2.67483750000E+06	1.334471E-02	6.174146E+01
2.67670625000E+06	1.337247E-02	6.181248E+01
2.67857500000E+06	1.349425E-02	6.215085E+01
2.68044375000E+06	1.342430E-02	6.138344E+01
2.68231250000E+06	1.342549E-02	6.139061E+01
2.68418125000E+06	1.344392E-02	6.187666E+01
2.68605000000E+06	1.356196E-02	6.195513E+01
2.68791875000E+06	1.330927E-02	6.109946E+01
2.68978750000E+06	1.335274E-02	6.110661E+01
2.69165625000E+06	1.357182E-02	6.134823E+01
2.69352500000E+06	1.345450E-02	6.124226E+01
2.69539375000E+06	1.355199E-02	6.140309E+01
2.69726250000E+06	1.345024E-02	6.132484E+01
2.69913125000E+06	1.351879E-02	6.150404E+01
2.70100000000E+06	1.346692E-02	6.129748E+01
2.70286875000E+06	1.358717E-02	6.201213E+01
2.70473750000E+06	1.350471E-02	6.164899E+01
2.70660625000E+06	1.355904E-02	6.097823E+01
2.70847500000E+06	1.366034E-02	6.084082E+01
2.71034375000E+06	1.351296E-02	6.099872E+01
2.71221250000E+06	1.338896E-02	6.190215E+01
2.71408125000E+06	1.367137E-02	6.080875E+01
2.71595000000E+06	1.357987E-02	6.134727E+01
2.71781875000E+06	1.359483E-02	6.236968E+01
2.71968750000E+06	1.354863E-02	6.194577E+01
2.72155625000E+06	1.383330E-02	6.150022E+01
2.72342500000E+06	1.366965E-02	6.105879E+01
2.72529375000E+06	1.377936E-02	6.140673E+01
2.72716250000E+06	1.357303E-02	6.196025E+01
2.72903125000E+06	1.366364E-02	6.074523E+01
2.73090000000E+06	1.344253E-02	6.193501E+01
2.73276875000E+06	1.346038E-02	6.037449E+01
2.73463750000E+06	1.374874E-02	6.130114E+01
2.73650625000E+06	1.360551E-02	6.227736E+01
2.73837500000E+06	1.363700E-02	6.240385E+01
2.74024375000E+06	1.392368E-02	6.153079E+01
2.74211250000E+06	1.322032E-02	5.938479E+01
2.74398125000E+06	1.374157E-02	6.301313E+01
2.74585000000E+06	1.345410E-02	6.132482E+01
2.74771875000E+06	1.376398E-02	6.072261E+01
2.74958750000E+06	1.383815E-02	6.046869E+01
2.75145625000E+06	1.373917E-02	6.193850E+01
2.75332500000E+06	1.369626E-02	6.174355E+01
2.75519375000E+06	1.375102E-02	6.052677E+01
2.75706250000E+06	1.391032E-02	6.150175E+01
2.75893125000E+06	1.367618E-02	6.073228E+01
2.76080000000E+06	1.384378E-02	6.094283E+01
2.76266875000E+06	1.375031E-02	6.159163E+01
2.76453750000E+06	1.376113E-02	5.997293E+01
2.76640625000E+06	1.376719E-02	6.087538E+01
2.76827500000E+06	1.402110E-02	6.133443E+01
2.77014375000E+06	1.362131E-02	6.249396E+01
2.77201250000E+06	1.369537E-02	6.117007E+01
2.77388125000E+06	1.362479E-02	6.197935E+01
2.77575000000E+06	1.414119E-02	5.981291E+01
2.77761875000E+06	1.365429E-02	6.046740E+01
2.77948750000E+06	1.400388E-02	6.029499E+01
2.78135625000E+06	1.373371E-02	6.018819E+01
2.78322500000E+06	1.377958E-02	5.928668E+01
2.78509375000E+06	1.400288E-02	5.985762E+01
2.78696250000E+06	1.386656E-02	6.096346E+01
2.78883125000E+06	1.356616E-02	6.030392E+01
2.79070000000E+06	1.378450E-02	5.975821E+01
2.79256875000E+06	1.390555E-02	5.959784E+01
2.79443750000E+06	1.386963E-02	6.071610E+01
2.79630625000E+06	1.424717E-02	6.070508E+01
2.79817500000E+06	1.384504E-02	5.905476E+01
2.80004375000E+06	1.393031E-02	5.901525E+01
2.80191250000E+06	1.362669E-02	6.108153E+01
2.80378125000E+06	1.384188E-02	6.146173E+01
2.80565000000E+06	1.368709E-02	6.099065E+01
2.80751875000E+06	1.401536E-02	5.881198E+01
2.80938750000E+06	1.375259E-02	5.903252E+01
2.81125625000E+06	1.401630E-02	6.049615E+01
2.81312500000E+06	1.396696E-02	6.033210E+01
2.81499375000E+06	1.367630E-02	6.107533E+01
2.81686250000E+06	1.413853E-02	6.054485E+01
2.81873125000E+06	1.402012E-02	6.033292E+01
2.82060000000E+06	1.384165E-02	6.092258E+01
2.82246875000E+06	1.383599E-02	6.044991E+01
2.82433750000E+06	1.388559E-02	6.000766E+01
2.82620625000E+06	1.389169E-02	5.985251E+01
2.82807500000E+06	1.421744E-02	6.038762E+01
2.82994375000E+06	1.357485E-02	6.039241E+01
2.83181250000E+06	1.398442E-02	6.011156E+01
2.83368125000E+06	1.390047E-02	6.003098E+01
2.83555000000E+06	1.406994E-02	5.976391E+01
2.83741875000E+06	1.399031E-02	6.004081E+01
2.83928750000E+06	1.400207E-02	5.972799E+01
2.84115625000E+06	1.410071E-02	5.925673E+01
2.84302500000E+06	1.422271E-02	5.984771E+01
2.84489375000E+06	1.418089E-02	5.936847E+01
2.84676250000E+06	1.394953E-02	5.992430E+01
2.84863125000E+06	1.420025E-02	5.982669E+01
2.85050000000E+06	1.412604E-02	6.008976E+01
2.85236875000E+06	1.395828E-02	5.982265E+01
2.85423750000E+06	1.420724E-02	5.910228E+01
2.85610625000E+06	1.413628E-02	5.877116E+01
2.85797500000E+06	1.430128E-02	6.003810E+01
2.85984375000E+06	1.432554E-02	5.979430E+01
2.86171250000E+06	1.424495E-02	5.922733E+01
2.86358125000E+06	1.418096E-02	5.882252E+01
2.86545000000E+06	1.413862E-02	6.044468E+01
2.86731875000E+06	1.427810E-02	5.878315E+01
2.86918750000E+06	1.427343E-02	5.957032E+01
2.87105625000E+06	1.439666E-02	5.927507E+01
2.87292500000E+06	1.427094E-02	5.968738E+01
2.87479375000E+06	1.432640E-02	5.914831E+01
2.87666250000E+06	1.401773E-02	5.837364E+01
2.87853125000E+06	1.426295E-02	5.881586E+01
2.88040000000E+06	1.412327E-02	5.965004E+01
2.88226875000E+06	1.438065E-02	5.977696E+01
2.88413750000E+06	1.430290E-02	5.978025E+01
2.88600625000E+06	1.424161E-02	5.857043E+01
2.88787500000E+06	1.426724E-02	5.950830E+01
2.88974375000E+06	1.419558E-02	5.926390E+01
2.89161250000E+06	1.432000E-02	5.897462E+01
2.89348125000E+06	1.418747E-02	5.950785E+01
2.89535000000E+06	1.436375E-02	5.887469E+01
2.89721875000E+06	1.428574E-02	5.910568E+01
2.89908750000E+06	1.437181E-02	5.852082E+01
2.90095625000E+06	1.434619E-02	5.943291E+01
2.90282500000E+06	1.421811E-02	5.861148E+01
2.90469375000E+06	1.426301E-02	6.029904E+01
2.90656250000E+06	1.445013E-02	5.814549E+01
2.90843125000E+06	1.451427E-02	5.905202E+01
2.91030000000E+06	1.451537E-02	5.874956E+01
2.91216875000E+06	1.418909E-02	5.967083E+01
2.91403750000E+06	1.430908E-02	5.850076E+01
2.91590625000E+06	1.445071E-02	5.911810E+01
2.91777500000E+06	1.426665E-02	5.859259E+01
2.91964375000E+06	1.443606E-02	5.934772E+01
2.92151250000E+06	1.452933E-02	5.780833E+01
2.92338125000E+06	1.457147E-02	5.915368E+01
2.92525000000E+06	1.446345E-02	5.828286E+01
2.92711875000E+06	1.454108E-02	5.948065E+01
2.92898750000E+06	1.452354E-02	5.863497E+01
2.93085625000E+06	1.448168E-02	5.884674E+01
2.93272500000E+06	1.425415E-02	5.821329E+01
2.93459375000E+06	1.447541E-02	5.831797E+01
2.93646250000E+06	1.452155E-02	5.868976E+01
2.93833125000E+06	1.442955E-02	5.813614E+01
2.94020000000E+06	1.446955E-02	5.868975E+01
2.94206875000E+06	1.451410E-02	5.877849E+01
2.94393750000E+06	1.441033E-02	5.848766E+01
2.94580625000E+06	1.426670E-02	5.893824E+01
2.94767500000E+06	1.468815E-02	5.834926E+01
2.94954375000E+06	1.448374E-02	5.849966E+01
2.95141250000E+06	1.451048E-02	5.854785E+01
2.95328125000E+06	1.457238E-02	5.864829E+01
2.95515000000E+06	1.459401E-02	5.840842E+01
2.95701875000E+06	1.454477E-02	5.896923E+01
2.95888750000E+06	1.450868E-02	5.814170E+01
2.96075625000E+06	1.448850E-02	5.782490E+01
2.96262500000E+06	1.452627E-02	5.887767E+01
2.96449375000E+06	1.470207E-02	5.858377E+01
2.96636250000E+06	1.459925E-02	5.859812E+01
2.96823125000E+06	1.452851E-02	5.871222E+01
2.97010000000E+06	1.486570E-02	5.834026E+01
2.97196875000E+06	1.462353E-02	5.810029E+01
2.97383750000E+06	1.453403E-02	5.851182E+01
2.97570625000E+06	1.470462E-02	5.789246E+01
2.97757500000E+06	1.464745E-02	5.807943E+01
2.97944375000E+06	1.453829E-02	5.888236E+01
2.98131250000E+06	1.459674E-02	5.783321E+01
2.98318125000E+06	1.473532E-02	5.829543E+01
2.98505000000E+06	1.468103E-02	5.828185E+01
2.98691875000E+06	1.474993E-02	5.778334E+01
2.98878750000E+06	1.479528E-02	5.843198E+01
2.99065625000E+06	1.470495E-02	5.791875E+01
2.99252500000E+06	1.474486E-02	5.770501E+01
2.99439375000E+06	1.487496E-02	5.775099E+01
2.99626250000E+06	1.473623E-02	5.857044E+01
2.99813125000E+06	1.467238E-02	5.780502E+01
3.00000000000E+06	1.466230E-02	5.784127E+01
