"E5100A REV3.14"
"DATE: Jul  3 2004"



"CHANNEL: 2"
"MEASURE TYPE: AR"
"FORMAT TYPE: LINMP"
"NUMBER of POINTS: 1601"
"SWEEP TIME:  3.458 s"
"SWEEP TYPE: LINF"
"SOURCE POWER: 0 dBm"
"IF BANDWIDTH: 500 Hz"

"Frequency"	"Main Array"	"Sub Array"
1.00000000000E+04	6.126087E-02	-1.786577E+02
1.18687500000E+04	1.512066E-02	-5.751540E+01
1.37375000000E+04	8.793534E-03	1.345733E+02
1.56062500000E+04	1.252204E-02	1.679943E+02
1.74750000000E+04	2.818420E-03	1.195207E+02
1.93437500000E+04	3.309613E-03	9.106108E+01
2.12125000000E+04	1.553940E-03	-1.429967E+01
2.30812500000E+04	1.660572E-03	1.310236E+02
2.49500000000E+04	1.741957E-03	6.219988E+01
2.68187500000E+04	2.106455E-03	-4.345153E+01
2.86875000000E+04	1.560669E-03	1.231750E+02
3.05562500000E+04	9.454857E-04	2.443467E+01
3.24250000000E+04	2.884758E-04	8.321488E+01
3.42937500000E+04	1.829500E-03	1.402241E+02
3.61625000000E+04	1.733057E-03	1.077548E+02
3.80312500000E+04	4.249101E-04	3.884137E+00
3.99000000000E+04	1.001047E-03	1.013875E+02
4.17687500000E+04	2.048319E-04	1.369220E+01
4.36375000000E+04	8.787914E-04	8.833214E+01
4.55062500000E+04	1.648785E-04	1.346248E+02
4.73750000000E+04	1.784011E-03	1.085293E+02
4.92437500000E+04	2.950846E-03	9.630061E+01
5.11125000000E+04	1.125972E-03	3.128853E+01
5.29812500000E+04	1.191606E-03	1.443889E+02
5.48500000000E+04	1.484918E-03	7.714419E+01
5.67187500000E+04	1.266899E-03	1.289117E+02
5.85875000000E+04	1.455403E-03	6.717252E+01
6.04562500000E+04	7.686358E-04	1.167834E+02
6.23250000000E+04	1.584998E-03	8.567242E+01
6.41937500000E+04	1.792579E-03	8.873872E+01
6.60625000000E+04	1.106769E-03	8.394762E+01
6.79312500000E+04	1.427495E-03	8.031865E+01
6.98000000000E+04	1.475551E-03	8.409182E+01
7.16687500000E+04	9.134059E-04	9.563950E+01
7.35375000000E+04	1.634326E-03	8.231969E+01
7.54062500000E+04	1.524471E-03	8.042635E+01
7.72750000000E+04	1.520417E-03	7.813973E+01
7.91437500000E+04	1.122348E-03	6.299784E+01
8.10125000000E+04	1.811677E-03	6.991983E+01
8.28812500000E+04	1.206781E-03	9.729987E+01
8.47500000000E+04	1.187704E-03	6.296282E+01
8.66187500000E+04	1.466920E-03	7.258320E+01
8.84875000000E+04	1.365189E-03	1.002431E+02
9.03562500000E+04	1.561864E-03	7.215498E+01
9.22250000000E+04	1.188735E-03	8.661883E+01
9.40937500000E+04	1.718600E-03	8.135106E+01
9.59625000000E+04	1.670422E-03	7.291414E+01
9.78312500000E+04	1.164182E-03	9.000993E+01
9.97000000000E+04	1.656521E-03	1.014766E+02
1.01568750000E+05	1.471832E-03	7.481075E+01
1.03437500000E+05	1.411354E-03	5.969739E+01
1.05306250000E+05	4.656166E-04	-6.035899E+01
1.07175000000E+05	1.278014E-03	8.433814E+01
1.09043750000E+05	1.457025E-03	9.699929E+01
1.10912500000E+05	1.521028E-03	1.871906E+01
1.12781250000E+05	1.407664E-03	8.858709E+01
1.14650000000E+05	1.763667E-03	8.145564E+01
1.16518750000E+05	1.850043E-03	6.878948E+01
1.18387500000E+05	2.082130E-03	8.867437E+01
1.20256250000E+05	1.714301E-03	8.080550E+01
1.22125000000E+05	1.878712E-03	9.011553E+01
1.23993750000E+05	1.497986E-03	9.319829E+01
1.25862500000E+05	1.594214E-03	8.572318E+01
1.27731250000E+05	1.908231E-03	9.065539E+01
1.29600000000E+05	1.712469E-03	8.692994E+01
1.31468750000E+05	2.391230E-03	8.633587E+01
1.33337500000E+05	1.398936E-03	9.327496E+01
1.35206250000E+05	2.003900E-03	8.989388E+01
1.37075000000E+05	1.960348E-03	9.052166E+01
1.38943750000E+05	2.147937E-03	9.602106E+01
1.40812500000E+05	1.723070E-03	8.156277E+01
1.42681250000E+05	2.118753E-03	8.633691E+01
1.44550000000E+05	2.069262E-03	8.775977E+01
1.46418750000E+05	2.238418E-03	8.157750E+01
1.48287500000E+05	2.034784E-03	8.676351E+01
1.50156250000E+05	2.036041E-03	7.491934E+01
1.52025000000E+05	1.820369E-03	8.665921E+01
1.53893750000E+05	2.357125E-03	9.689393E+01
1.55762500000E+05	2.110229E-03	8.779723E+01
1.57631250000E+05	2.324815E-03	9.417113E+01
1.59500000000E+05	2.196616E-03	8.552688E+01
1.61368750000E+05	2.134863E-03	8.990617E+01
1.63237500000E+05	2.175807E-03	9.319311E+01
1.65106250000E+05	2.305046E-03	9.194528E+01
1.66975000000E+05	2.297242E-03	8.796046E+01
1.68843750000E+05	2.392557E-03	7.811529E+01
1.70712500000E+05	2.709521E-03	9.526275E+01
1.72581250000E+05	2.479591E-03	9.353055E+01
1.74450000000E+05	2.544375E-03	8.996725E+01
1.76318750000E+05	2.795229E-03	8.666138E+01
1.78187500000E+05	2.111640E-03	9.390057E+01
1.80056250000E+05	2.385607E-03	8.053851E+01
1.81925000000E+05	2.427368E-03	9.097144E+01
1.83793750000E+05	2.694744E-03	8.295443E+01
1.85662500000E+05	2.629340E-03	9.002268E+01
1.87531250000E+05	2.862508E-03	8.377235E+01
1.89400000000E+05	2.869532E-03	9.266451E+01
1.91268750000E+05	2.692848E-03	9.101970E+01
1.93137500000E+05	2.837710E-03	8.834002E+01
1.95006250000E+05	2.811238E-03	8.831306E+01
1.96875000000E+05	2.571151E-03	8.241715E+01
1.98743750000E+05	2.833609E-03	8.332213E+01
2.00612500000E+05	2.703601E-03	8.640337E+01
2.02481250000E+05	2.886559E-03	8.357899E+01
2.04350000000E+05	2.723711E-03	8.687262E+01
2.06218750000E+05	2.891921E-03	9.212937E+01
2.08087500000E+05	2.738626E-03	8.834715E+01
2.09956250000E+05	3.421527E-03	8.841737E+01
2.11825000000E+05	3.127285E-03	8.827853E+01
2.13693750000E+05	2.706239E-03	8.720178E+01
2.15562500000E+05	3.185953E-03	8.523100E+01
2.17431250000E+05	3.112171E-03	9.210514E+01
2.19300000000E+05	3.165826E-03	9.074462E+01
2.21168750000E+05	3.214733E-03	8.822817E+01
2.23037500000E+05	3.311157E-03	8.959374E+01
2.24906250000E+05	2.942797E-03	8.817621E+01
2.26775000000E+05	3.234794E-03	9.247803E+01
2.28643750000E+05	3.079136E-03	8.862044E+01
2.30512500000E+05	3.299534E-03	8.636465E+01
2.32381250000E+05	3.268437E-03	9.040057E+01
2.34250000000E+05	3.244492E-03	9.604818E+01
2.36118750000E+05	3.426893E-03	9.048625E+01
2.37987500000E+05	3.464524E-03	9.022527E+01
2.39856250000E+05	3.456819E-03	8.671793E+01
2.41725000000E+05	3.693846E-03	8.875339E+01
2.43593750000E+05	3.432681E-03	8.859847E+01
2.45462500000E+05	3.707323E-03	9.008325E+01
2.47331250000E+05	3.474888E-03	9.581065E+01
2.49200000000E+05	3.419221E-03	9.232786E+01
2.51068750000E+05	3.448555E-03	8.949053E+01
2.52937500000E+05	3.974118E-03	8.913300E+01
2.54806250000E+05	3.641068E-03	8.999431E+01
2.56675000000E+05	3.863130E-03	8.741788E+01
2.58543750000E+05	3.526367E-03	8.903001E+01
2.60412500000E+05	3.688264E-03	8.564314E+01
2.62281250000E+05	3.821752E-03	9.350364E+01
2.64150000000E+05	3.857786E-03	8.589367E+01
2.66018750000E+05	3.745799E-03	8.722751E+01
2.67887500000E+05	3.676421E-03	8.921276E+01
2.69756250000E+05	3.837396E-03	8.994525E+01
2.71625000000E+05	3.653534E-03	9.417497E+01
2.73493750000E+05	3.906084E-03	8.918665E+01
2.75362500000E+05	3.900233E-03	8.468832E+01
2.77231250000E+05	3.967825E-03	8.715441E+01
2.79100000000E+05	3.935864E-03	8.622544E+01
2.80968750000E+05	4.235623E-03	9.002783E+01
2.82837500000E+05	4.041282E-03	8.542123E+01
2.84706250000E+05	4.164598E-03	8.658720E+01
2.86575000000E+05	4.370431E-03	9.072672E+01
2.88443750000E+05	4.041864E-03	8.754636E+01
2.90312500000E+05	4.162069E-03	8.966700E+01
2.92181250000E+05	4.282210E-03	8.829362E+01
2.94050000000E+05	4.211482E-03	9.197590E+01
2.95918750000E+05	4.209104E-03	8.729707E+01
2.97787500000E+05	4.027266E-03	8.979163E+01
2.99656250000E+05	4.256481E-03	9.101750E+01
3.01525000000E+05	4.418946E-03	9.137302E+01
3.03393750000E+05	4.598431E-03	8.776875E+01
3.05262500000E+05	4.245456E-03	8.702274E+01
3.07131250000E+05	4.371874E-03	8.882901E+01
3.09000000000E+05	4.251427E-03	8.845015E+01
3.10868750000E+05	4.555160E-03	9.136248E+01
3.12737500000E+05	4.407060E-03	8.513599E+01
3.14606250000E+05	4.168500E-03	8.664164E+01
3.16475000000E+05	4.673311E-03	8.910246E+01
3.18343750000E+05	4.601865E-03	8.780526E+01
3.20212500000E+05	4.621203E-03	9.075555E+01
3.22081250000E+05	4.540618E-03	8.679907E+01
3.23950000000E+05	4.817036E-03	8.771940E+01
3.25818750000E+05	4.719977E-03	8.965832E+01
3.27687500000E+05	4.945918E-03	8.867789E+01
3.29556250000E+05	4.712079E-03	8.993627E+01
3.31425000000E+05	4.908168E-03	8.789649E+01
3.33293750000E+05	4.815835E-03	8.587445E+01
3.35162500000E+05	4.788894E-03	8.866698E+01
3.37031250000E+05	5.048219E-03	8.850188E+01
3.38900000000E+05	4.911114E-03	8.710332E+01
3.40768750000E+05	4.790678E-03	8.732860E+01
3.42637500000E+05	4.840117E-03	8.472018E+01
3.44506250000E+05	4.775560E-03	9.025011E+01
3.46375000000E+05	4.993774E-03	8.781850E+01
3.48243750000E+05	4.954351E-03	8.757857E+01
3.50112500000E+05	4.987925E-03	8.539329E+01
3.51981250000E+05	5.123843E-03	8.748025E+01
3.53850000000E+05	5.144136E-03	8.660559E+01
3.55718750000E+05	4.983719E-03	8.965465E+01
3.57587500000E+05	4.958394E-03	8.806329E+01
3.59456250000E+05	5.053674E-03	8.669598E+01
3.61325000000E+05	4.869508E-03	8.665082E+01
3.63193750000E+05	5.115036E-03	8.679028E+01
3.65062500000E+05	4.976976E-03	8.914393E+01
3.66931250000E+05	5.267375E-03	8.739810E+01
3.68800000000E+05	5.223622E-03	8.801053E+01
3.70668750000E+05	5.343518E-03	8.465991E+01
3.72537500000E+05	5.533200E-03	8.634676E+01
3.74406250000E+05	5.403390E-03	8.567209E+01
3.76275000000E+05	5.352655E-03	8.548573E+01
3.78143750000E+05	5.470880E-03	8.608476E+01
3.80012500000E+05	5.300158E-03	8.476582E+01
3.81881250000E+05	5.270599E-03	8.744450E+01
3.83750000000E+05	5.673264E-03	8.586915E+01
3.85618750000E+05	5.862333E-03	8.279299E+01
3.87487500000E+05	5.448971E-03	8.836922E+01
3.89356250000E+05	5.538239E-03	8.730046E+01
3.91225000000E+05	5.961595E-03	8.766557E+01
3.93093750000E+05	5.726581E-03	8.646939E+01
3.94962500000E+05	5.878315E-03	8.497076E+01
3.96831250000E+05	5.653231E-03	8.570634E+01
3.98700000000E+05	5.693461E-03	8.696866E+01
4.00568750000E+05	5.659471E-03	8.672005E+01
4.02437500000E+05	5.852335E-03	8.719723E+01
4.04306250000E+05	6.113922E-03	8.501981E+01
4.06175000000E+05	5.954509E-03	8.656127E+01
4.08043750000E+05	5.838498E-03	8.575276E+01
4.09912500000E+05	5.841337E-03	8.464751E+01
4.11781250000E+05	5.602471E-03	8.447838E+01
4.13650000000E+05	6.157493E-03	8.687631E+01
4.15518750000E+05	6.082656E-03	8.612885E+01
4.17387500000E+05	6.096628E-03	8.650498E+01
4.19256250000E+05	6.025210E-03	8.515035E+01
4.21125000000E+05	5.976497E-03	8.585307E+01
4.22993750000E+05	6.233139E-03	8.635361E+01
4.24862500000E+05	6.240363E-03	8.666364E+01
4.26731250000E+05	6.245964E-03	8.718823E+01
4.28600000000E+05	6.162688E-03	8.594789E+01
4.30468750000E+05	6.227378E-03	8.593124E+01
4.32337500000E+05	6.190693E-03	8.648747E+01
4.34206250000E+05	6.392223E-03	8.783104E+01
4.36075000000E+05	6.254042E-03	8.634706E+01
4.37943750000E+05	6.323958E-03	8.728413E+01
4.39812500000E+05	6.336503E-03	8.649348E+01
4.41681250000E+05	6.510369E-03	8.576075E+01
4.43550000000E+05	6.354010E-03	8.587366E+01
4.45418750000E+05	6.177286E-03	8.413833E+01
4.47287500000E+05	6.464589E-03	8.739659E+01
4.49156250000E+05	6.665810E-03	8.527328E+01
4.51025000000E+05	6.485735E-03	8.542463E+01
4.52893750000E+05	6.641421E-03	8.703262E+01
4.54762500000E+05	6.520533E-03	8.543801E+01
4.56631250000E+05	6.578555E-03	8.637231E+01
4.58500000000E+05	6.574659E-03	8.409933E+01
4.60368750000E+05	6.558558E-03	8.648679E+01
4.62237500000E+05	6.798900E-03	8.731362E+01
4.64106250000E+05	6.786418E-03	8.516031E+01
4.65975000000E+05	6.518694E-03	8.525964E+01
4.67843750000E+05	6.825770E-03	8.514785E+01
4.69712500000E+05	6.772939E-03	8.567751E+01
4.71581250000E+05	6.935457E-03	8.536134E+01
4.73450000000E+05	6.888672E-03	8.533817E+01
4.75318750000E+05	6.941471E-03	8.550232E+01
4.77187500000E+05	7.079466E-03	8.531776E+01
4.79056250000E+05	7.038653E-03	8.578915E+01
4.80925000000E+05	6.809882E-03	8.607722E+01
4.82793750000E+05	6.935083E-03	8.493957E+01
4.84662500000E+05	6.927121E-03	8.668390E+01
4.86531250000E+05	7.138651E-03	8.586779E+01
4.88400000000E+05	7.165788E-03	8.534641E+01
4.90268750000E+05	7.031424E-03	8.413972E+01
4.92137500000E+05	7.145794E-03	8.341939E+01
4.94006250000E+05	7.137454E-03	8.468021E+01
4.95875000000E+05	7.198018E-03	8.518289E+01
4.97743750000E+05	7.189498E-03	8.422976E+01
4.99612500000E+05	7.193611E-03	8.526411E+01
5.01481250000E+05	7.318046E-03	8.442648E+01
5.03350000000E+05	7.465506E-03	8.463992E+01
5.05218750000E+05	7.051551E-03	8.475034E+01
5.07087500000E+05	7.258182E-03	8.481686E+01
5.08956250000E+05	7.215909E-03	8.425838E+01
5.10825000000E+05	7.443300E-03	8.590443E+01
5.12693750000E+05	7.414526E-03	8.465678E+01
5.14562500000E+05	7.282460E-03	8.562107E+01
5.16431250000E+05	7.499275E-03	8.522977E+01
5.18300000000E+05	7.421218E-03	8.475652E+01
5.20168750000E+05	7.467331E-03	8.507936E+01
5.22037500000E+05	7.745482E-03	8.478558E+01
5.23906250000E+05	7.618157E-03	8.450707E+01
5.25775000000E+05	7.676984E-03	8.594322E+01
5.27643750000E+05	7.435645E-03	8.459622E+01
5.29512500000E+05	7.718205E-03	8.471963E+01
5.31381250000E+05	7.675028E-03	8.630504E+01
5.33250000000E+05	7.775125E-03	8.538510E+01
5.35118750000E+05	7.685804E-03	8.561892E+01
5.36987500000E+05	7.823376E-03	8.507636E+01
5.38856250000E+05	7.722184E-03	8.502002E+01
5.40725000000E+05	7.793700E-03	8.420298E+01
5.42593750000E+05	7.822693E-03	8.414565E+01
5.44462500000E+05	7.942392E-03	8.403992E+01
5.46331250000E+05	7.791102E-03	8.517858E+01
5.48200000000E+05	7.796677E-03	8.613847E+01
5.50068750000E+05	7.879597E-03	8.556293E+01
5.51937500000E+05	7.787503E-03	8.369760E+01
5.53806250000E+05	7.884646E-03	8.486188E+01
5.55675000000E+05	8.032716E-03	8.487295E+01
5.57543750000E+05	8.111266E-03	8.509409E+01
5.59412500000E+05	8.081106E-03	8.537815E+01
5.61281250000E+05	8.064563E-03	8.489456E+01
5.63150000000E+05	8.168379E-03	8.478558E+01
5.65018750000E+05	8.123711E-03	8.428222E+01
5.66887500000E+05	8.152648E-03	8.355904E+01
5.68756250000E+05	8.274028E-03	8.382072E+01
5.70625000000E+05	8.111642E-03	8.377230E+01
5.72493750000E+05	7.998106E-03	8.433997E+01
5.74362500000E+05	8.341340E-03	8.436694E+01
5.76231250000E+05	8.277824E-03	8.479703E+01
5.78100000000E+05	8.335270E-03	8.332080E+01
5.79968750000E+05	8.361141E-03	8.459033E+01
5.81837500000E+05	8.487149E-03	8.506902E+01
5.83706250000E+05	8.505978E-03	8.427681E+01
5.85575000000E+05	8.512079E-03	8.389332E+01
5.87443750000E+05	8.417945E-03	8.305843E+01
5.89312500000E+05	8.430828E-03	8.354750E+01
5.91181250000E+05	8.546379E-03	8.572406E+01
5.93050000000E+05	8.487270E-03	8.441764E+01
5.94918750000E+05	8.504840E-03	8.391660E+01
5.96787500000E+05	8.723003E-03	8.317056E+01
5.98656250000E+05	8.686415E-03	8.468782E+01
6.00525000000E+05	8.775348E-03	8.344736E+01
6.02393750000E+05	8.428824E-03	8.460934E+01
6.04262500000E+05	8.839994E-03	8.472179E+01
6.06131250000E+05	8.710200E-03	8.519418E+01
6.08000000000E+05	8.786878E-03	8.475680E+01
6.09868750000E+05	8.778202E-03	8.441308E+01
6.11737500000E+05	8.869797E-03	8.475053E+01
6.13606250000E+05	8.908364E-03	8.454360E+01
6.15475000000E+05	8.964472E-03	8.496479E+01
6.17343750000E+05	9.096672E-03	8.335455E+01
6.19212500000E+05	8.775427E-03	8.415707E+01
6.21081250000E+05	9.036943E-03	8.458197E+01
6.22950000000E+05	9.153700E-03	8.458537E+01
6.24818750000E+05	9.029523E-03	8.412250E+01
6.26687500000E+05	9.201677E-03	8.422690E+01
6.28556250000E+05	9.097977E-03	8.372438E+01
6.30425000000E+05	9.108439E-03	8.474177E+01
6.32293750000E+05	9.047990E-03	8.480202E+01
6.34162500000E+05	9.032269E-03	8.437737E+01
6.36031250000E+05	9.250233E-03	8.437359E+01
6.37900000000E+05	9.245969E-03	8.359824E+01
6.39768750000E+05	9.304503E-03	8.366133E+01
6.41637500000E+05	9.232204E-03	8.451942E+01
6.43506250000E+05	9.338060E-03	8.330082E+01
6.45375000000E+05	9.260097E-03	8.461386E+01
6.47243750000E+05	9.411195E-03	8.370505E+01
6.49112500000E+05	9.256590E-03	8.433440E+01
6.50981250000E+05	9.300303E-03	8.330013E+01
6.52850000000E+05	9.413582E-03	8.486533E+01
6.54718750000E+05	9.446781E-03	8.469561E+01
6.56587500000E+05	9.388980E-03	8.346328E+01
6.58456250000E+05	9.630946E-03	8.353391E+01
6.60325000000E+05	9.524519E-03	8.383895E+01
6.62193750000E+05	9.433631E-03	8.364674E+01
6.64062500000E+05	9.646149E-03	8.368634E+01
6.65931250000E+05	9.574439E-03	8.352859E+01
6.67800000000E+05	9.600281E-03	8.388779E+01
6.69668750000E+05	9.728957E-03	8.272562E+01
6.71537500000E+05	9.673020E-03	8.317846E+01
6.73406250000E+05	9.856080E-03	8.415826E+01
6.75275000000E+05	9.817386E-03	8.327859E+01
6.77143750000E+05	9.892765E-03	8.334245E+01
6.79012500000E+05	9.896467E-03	8.328432E+01
6.80881250000E+05	9.849047E-03	8.275626E+01
6.82750000000E+05	9.966477E-03	8.354639E+01
6.84618750000E+05	1.001065E-02	8.278267E+01
6.86487500000E+05	9.837026E-03	8.398614E+01
6.88356250000E+05	1.012127E-02	8.446803E+01
6.90225000000E+05	1.001486E-02	8.391020E+01
6.92093750000E+05	1.001655E-02	8.348570E+01
6.93962500000E+05	9.940578E-03	8.433318E+01
6.95831250000E+05	9.871293E-03	8.192215E+01
6.97700000000E+05	1.018762E-02	8.413947E+01
6.99568750000E+05	1.007860E-02	8.358773E+01
7.01437500000E+05	1.017916E-02	8.338154E+01
7.03306250000E+05	1.028150E-02	8.252129E+01
7.05175000000E+05	1.027099E-02	8.345222E+01
7.07043750000E+05	9.956089E-03	8.362210E+01
7.08912500000E+05	1.040981E-02	8.260706E+01
7.10781250000E+05	1.031000E-02	8.322351E+01
7.12650000000E+05	1.023517E-02	8.308892E+01
7.14518750000E+05	1.021857E-02	8.302420E+01
7.16387500000E+05	1.042471E-02	8.381519E+01
7.18256250000E+05	1.053069E-02	8.265937E+01
7.20125000000E+05	1.043628E-02	8.363322E+01
7.21993750000E+05	1.051178E-02	8.228671E+01
7.23862500000E+05	1.041619E-02	8.298226E+01
7.25731250000E+05	1.054656E-02	8.279930E+01
7.27600000000E+05	1.053727E-02	8.433459E+01
7.29468750000E+05	1.069315E-02	8.314462E+01
7.31337500000E+05	1.053785E-02	8.311043E+01
7.33206250000E+05	1.049015E-02	8.281133E+01
7.35075000000E+05	1.075144E-02	8.328918E+01
7.36943750000E+05	1.050309E-02	8.288993E+01
7.38812500000E+05	1.072410E-02	8.260242E+01
7.40681250000E+05	1.061213E-02	8.383118E+01
7.42550000000E+05	1.066358E-02	8.304942E+01
7.44418750000E+05	1.067761E-02	8.280737E+01
7.46287500000E+05	1.073205E-02	8.326014E+01
7.48156250000E+05	1.077118E-02	8.264308E+01
7.50025000000E+05	1.065854E-02	8.223907E+01
7.51893750000E+05	1.080221E-02	8.314627E+01
7.53762500000E+05	1.093068E-02	8.277235E+01
7.55631250000E+05	1.091075E-02	8.292477E+01
7.57500000000E+05	1.089353E-02	8.259951E+01
7.59368750000E+05	1.098413E-02	8.365833E+01
7.61237500000E+05	1.098340E-02	8.315945E+01
7.63106250000E+05	1.106617E-02	8.156563E+01
7.64975000000E+05	1.131221E-02	8.228862E+01
7.66843750000E+05	1.100289E-02	8.232024E+01
7.68712500000E+05	1.103086E-02	8.278831E+01
7.70581250000E+05	1.099704E-02	8.302944E+01
7.72450000000E+05	1.129532E-02	8.143600E+01
7.74318750000E+05	1.115951E-02	8.192474E+01
7.76187500000E+05	1.125499E-02	8.249602E+01
7.78056250000E+05	1.125027E-02	8.147041E+01
7.79925000000E+05	1.126839E-02	8.218948E+01
7.81793750000E+05	1.130695E-02	8.227642E+01
7.83662500000E+05	1.142062E-02	8.211464E+01
7.85531250000E+05	1.120532E-02	8.215845E+01
7.87400000000E+05	1.137369E-02	8.141324E+01
7.89268750000E+05	1.142214E-02	8.179294E+01
7.91137500000E+05	1.144752E-02	8.291365E+01
7.93006250000E+05	1.152853E-02	8.181262E+01
7.94875000000E+05	1.156159E-02	8.237508E+01
7.96743750000E+05	1.156369E-02	8.304176E+01
7.98612500000E+05	1.161230E-02	8.244655E+01
8.00481250000E+05	1.161403E-02	8.246465E+01
8.02350000000E+05	1.160722E-02	8.237152E+01
8.04218750000E+05	1.167367E-02	8.141909E+01
8.06087500000E+05	1.173106E-02	8.186220E+01
8.07956250000E+05	1.172218E-02	8.250852E+01
8.09825000000E+05	1.168654E-02	8.218383E+01
8.11693750000E+05	1.189143E-02	8.212901E+01
8.13562500000E+05	1.172667E-02	8.244254E+01
8.15431250000E+05	1.173291E-02	8.285071E+01
8.17300000000E+05	1.174380E-02	8.163803E+01
8.19168750000E+05	1.179773E-02	8.280073E+01
8.21037500000E+05	1.191986E-02	8.138676E+01
8.22906250000E+05	1.199754E-02	8.246087E+01
8.24775000000E+05	1.192014E-02	8.127437E+01
8.26643750000E+05	1.215664E-02	8.142168E+01
8.28512500000E+05	1.208186E-02	8.134815E+01
8.30381250000E+05	1.196031E-02	8.184941E+01
8.32250000000E+05	1.207296E-02	8.185542E+01
8.34118750000E+05	1.200134E-02	8.176675E+01
8.35987500000E+05	1.206437E-02	8.239552E+01
8.37856250000E+05	1.214710E-02	8.140846E+01
8.39725000000E+05	1.224458E-02	8.177883E+01
8.41593750000E+05	1.217108E-02	8.145526E+01
8.43462500000E+05	1.241460E-02	8.110178E+01
8.45331250000E+05	1.227446E-02	8.126488E+01
8.47200000000E+05	1.195183E-02	8.130130E+01
8.49068750000E+05	1.227859E-02	8.146320E+01
8.50937500000E+05	1.218842E-02	8.218958E+01
8.52806250000E+05	1.238856E-02	8.145787E+01
8.54675000000E+05	1.236998E-02	8.144750E+01
8.56543750000E+05	1.236441E-02	8.135224E+01
8.58412500000E+05	1.238260E-02	8.052694E+01
8.60281250000E+05	1.247524E-02	8.158306E+01
8.62150000000E+05	1.250967E-02	8.226791E+01
8.64018750000E+05	1.238731E-02	8.214348E+01
8.65887500000E+05	1.260333E-02	8.117773E+01
8.67756250000E+05	1.247504E-02	8.213038E+01
8.69625000000E+05	1.257945E-02	8.101658E+01
8.71493750000E+05	1.252148E-02	8.111010E+01
8.73362500000E+05	1.266569E-02	8.131873E+01
8.75231250000E+05	1.262627E-02	8.196355E+01
8.77100000000E+05	1.238348E-02	8.097910E+01
8.78968750000E+05	1.257964E-02	8.093476E+01
8.80837500000E+05	1.276505E-02	7.962467E+01
8.82706250000E+05	1.264827E-02	8.168630E+01
8.84575000000E+05	1.287202E-02	8.144057E+01
8.86443750000E+05	1.280830E-02	8.087971E+01
8.88312500000E+05	1.293867E-02	8.080251E+01
8.90181250000E+05	1.298846E-02	8.114223E+01
8.92050000000E+05	1.285940E-02	8.145135E+01
8.93918750000E+05	1.301853E-02	8.067493E+01
8.95787500000E+05	1.292716E-02	8.110590E+01
8.97656250000E+05	1.305494E-02	8.110106E+01
8.99525000000E+05	1.299991E-02	8.104756E+01
9.01393750000E+05	1.288508E-02	8.162332E+01
9.03262500000E+05	1.330753E-02	8.198856E+01
9.05131250000E+05	1.327840E-02	8.062656E+01
9.07000000000E+05	1.288421E-02	8.185287E+01
9.08868750000E+05	1.322515E-02	8.118545E+01
9.10737500000E+05	1.326179E-02	8.135248E+01
9.12606250000E+05	1.318146E-02	8.129379E+01
9.14475000000E+05	1.345735E-02	8.042260E+01
9.16343750000E+05	1.338357E-02	8.096111E+01
9.18212500000E+05	1.340203E-02	8.161882E+01
9.20081250000E+05	1.330775E-02	8.057581E+01
9.21950000000E+05	1.337164E-02	8.038580E+01
9.23818750000E+05	1.328667E-02	7.976476E+01
9.25687500000E+05	1.335476E-02	8.026089E+01
9.27556250000E+05	1.349627E-02	8.135787E+01
9.29425000000E+05	1.335557E-02	8.025551E+01
9.31293750000E+05	1.323795E-02	8.135682E+01
9.33162500000E+05	1.351255E-02	8.142757E+01
9.35031250000E+05	1.366465E-02	8.078691E+01
9.36900000000E+05	1.344872E-02	8.030716E+01
9.38768750000E+05	1.359272E-02	8.063248E+01
9.40637500000E+05	1.348851E-02	8.075693E+01
9.42506250000E+05	1.374727E-02	8.087529E+01
9.44375000000E+05	1.346086E-02	8.016100E+01
9.46243750000E+05	1.353472E-02	8.019447E+01
9.48112500000E+05	1.366411E-02	8.027068E+01
9.49981250000E+05	1.390509E-02	8.016317E+01
9.51850000000E+05	1.375562E-02	8.052245E+01
9.53718750000E+05	1.380721E-02	8.067726E+01
9.55587500000E+05	1.385789E-02	7.982150E+01
9.57456250000E+05	1.393100E-02	8.062311E+01
9.59325000000E+05	1.383685E-02	8.022282E+01
9.61193750000E+05	1.397226E-02	8.118935E+01
9.63062500000E+05	1.400007E-02	8.008067E+01
9.64931250000E+05	1.378548E-02	8.050822E+01
9.66800000000E+05	1.388965E-02	8.172915E+01
9.68668750000E+05	1.394128E-02	7.974412E+01
9.70537500000E+05	1.397785E-02	8.121503E+01
9.72406250000E+05	1.396679E-02	7.962973E+01
9.74275000000E+05	1.422373E-02	8.084743E+01
9.76143750000E+05	1.404060E-02	7.983398E+01
9.78012500000E+05	1.411969E-02	8.046807E+01
9.79881250000E+05	1.427084E-02	8.008751E+01
9.81750000000E+05	1.398951E-02	8.060966E+01
9.83618750000E+05	1.415301E-02	8.029033E+01
9.85487500000E+05	1.419769E-02	7.987463E+01
9.87356250000E+05	1.427500E-02	8.058439E+01
9.89225000000E+05	1.447052E-02	7.971859E+01
9.91093750000E+05	1.424766E-02	7.959692E+01
9.92962500000E+05	1.429417E-02	7.970027E+01
9.94831250000E+05	1.429549E-02	7.973759E+01
9.96700000000E+05	1.439304E-02	8.034059E+01
9.98568750000E+05	1.442555E-02	7.994889E+01
1.00043750000E+06	1.463472E-02	7.954999E+01
1.00230625000E+06	1.441729E-02	7.949952E+01
1.00417500000E+06	1.443315E-02	8.027431E+01
1.00604375000E+06	1.469719E-02	8.036876E+01
1.00791250000E+06	1.454132E-02	8.025465E+01
1.00978125000E+06	1.450013E-02	8.038213E+01
1.01165000000E+06	1.490595E-02	7.981040E+01
1.01351875000E+06	1.455038E-02	8.021041E+01
1.01538750000E+06	1.465339E-02	8.003436E+01
1.01725625000E+06	1.456800E-02	7.898805E+01
1.01912500000E+06	1.481645E-02	8.053313E+01
1.02099375000E+06	1.476961E-02	8.050497E+01
1.02286250000E+06	1.464782E-02	8.009479E+01
1.02473125000E+06	1.505007E-02	7.931362E+01
1.02660000000E+06	1.490377E-02	8.046407E+01
1.02846875000E+06	1.497959E-02	7.920427E+01
1.03033750000E+06	1.492959E-02	7.947491E+01
1.03220625000E+06	1.482082E-02	7.978378E+01
1.03407500000E+06	1.491745E-02	7.936944E+01
1.03594375000E+06	1.500803E-02	8.074920E+01
1.03781250000E+06	1.498547E-02	7.907532E+01
1.03968125000E+06	1.501086E-02	8.001044E+01
1.04155000000E+06	1.482260E-02	7.925407E+01
1.04341875000E+06	1.498598E-02	7.916399E+01
1.04528750000E+06	1.514701E-02	7.884623E+01
1.04715625000E+06	1.528425E-02	7.977017E+01
1.04902500000E+06	1.520374E-02	7.964120E+01
1.05089375000E+06	1.521086E-02	7.891475E+01
1.05276250000E+06	1.533234E-02	7.994271E+01
1.05463125000E+06	1.523187E-02	7.935454E+01
1.05650000000E+06	1.518508E-02	7.988486E+01
1.05836875000E+06	1.527117E-02	7.932862E+01
1.06023750000E+06	1.529512E-02	7.928504E+01
1.06210625000E+06	1.543184E-02	7.976260E+01
1.06397500000E+06	1.516801E-02	8.022870E+01
1.06584375000E+06	1.572617E-02	7.937637E+01
1.06771250000E+06	1.538372E-02	7.941984E+01
1.06958125000E+06	1.554499E-02	7.855358E+01
1.07145000000E+06	1.559405E-02	7.988653E+01
1.07331875000E+06	1.549634E-02	7.949183E+01
1.07518750000E+06	1.526940E-02	7.910120E+01
1.07705625000E+06	1.571430E-02	7.938504E+01
1.07892500000E+06	1.578831E-02	7.928416E+01
1.08079375000E+06	1.583187E-02	7.975459E+01
1.08266250000E+06	1.567238E-02	7.922856E+01
1.08453125000E+06	1.570664E-02	7.894138E+01
1.08640000000E+06	1.562692E-02	7.931374E+01
1.08826875000E+06	1.559331E-02	7.872504E+01
1.09013750000E+06	1.558911E-02	7.910621E+01
1.09200625000E+06	1.589372E-02	7.869400E+01
1.09387500000E+06	1.586729E-02	7.872631E+01
1.09574375000E+06	1.584609E-02	7.877755E+01
1.09761250000E+06	1.595543E-02	7.866323E+01
1.09948125000E+06	1.581814E-02	7.942910E+01
1.10135000000E+06	1.609614E-02	7.877367E+01
1.10321875000E+06	1.597148E-02	7.903084E+01
1.10508750000E+06	1.603147E-02	7.895156E+01
1.10695625000E+06	1.603845E-02	7.871065E+01
1.10882500000E+06	1.596518E-02	7.922974E+01
1.11069375000E+06	1.604336E-02	7.838567E+01
1.11256250000E+06	1.618235E-02	7.875617E+01
1.11443125000E+06	1.621800E-02	7.849290E+01
1.11630000000E+06	1.616921E-02	7.884743E+01
1.11816875000E+06	1.630142E-02	7.892293E+01
1.12003750000E+06	1.627671E-02	7.885411E+01
1.12190625000E+06	1.623725E-02	7.876527E+01
1.12377500000E+06	1.641345E-02	7.911156E+01
1.12564375000E+06	1.632426E-02	7.887239E+01
1.12751250000E+06	1.646448E-02	7.866402E+01
1.12938125000E+06	1.631459E-02	7.865884E+01
1.13125000000E+06	1.647433E-02	7.896395E+01
1.13311875000E+06	1.649934E-02	7.883327E+01
1.13498750000E+06	1.653348E-02	7.856464E+01
1.13685625000E+06	1.632684E-02	7.863839E+01
1.13872500000E+06	1.641276E-02	7.810937E+01
1.14059375000E+06	1.639638E-02	7.881499E+01
1.14246250000E+06	1.636363E-02	7.831002E+01
1.14433125000E+06	1.631671E-02	7.817699E+01
1.14620000000E+06	1.658295E-02	7.808965E+01
1.14806875000E+06	1.666570E-02	7.876642E+01
1.14993750000E+06	1.657716E-02	7.891151E+01
1.15180625000E+06	1.643349E-02	7.828803E+01
1.15367500000E+06	1.668707E-02	7.868108E+01
1.15554375000E+06	1.676797E-02	7.809590E+01
1.15741250000E+06	1.669640E-02	7.821718E+01
1.15928125000E+06	1.663291E-02	7.797622E+01
1.16115000000E+06	1.680026E-02	7.847329E+01
1.16301875000E+06	1.672901E-02	7.786242E+01
1.16488750000E+06	1.692103E-02	7.812720E+01
1.16675625000E+06	1.679969E-02	7.881074E+01
1.16862500000E+06	1.667068E-02	7.808912E+01
1.17049375000E+06	1.697023E-02	7.826118E+01
1.17236250000E+06	1.678448E-02	7.772884E+01
1.17423125000E+06	1.694262E-02	7.813905E+01
1.17610000000E+06	1.707131E-02	7.866665E+01
1.17796875000E+06	1.715914E-02	7.713766E+01
1.17983750000E+06	1.712782E-02	7.828045E+01
1.18170625000E+06	1.709922E-02	7.824221E+01
1.18357500000E+06	1.705459E-02	7.866458E+01
1.18544375000E+06	1.713861E-02	7.784686E+01
1.18731250000E+06	1.710567E-02	7.814336E+01
1.18918125000E+06	1.718781E-02	7.761032E+01
1.19105000000E+06	1.735205E-02	7.792383E+01
1.19291875000E+06	1.712939E-02	7.833797E+01
1.19478750000E+06	1.733579E-02	7.757665E+01
1.19665625000E+06	1.709380E-02	7.749791E+01
1.19852500000E+06	1.754854E-02	7.828251E+01
1.20039375000E+06	1.717668E-02	7.784897E+01
1.20226250000E+06	1.716928E-02	7.822011E+01
1.20413125000E+06	1.746876E-02	7.806413E+01
1.20600000000E+06	1.735725E-02	7.814320E+01
1.20786875000E+06	1.767548E-02	7.810489E+01
1.20973750000E+06	1.736791E-02	7.776263E+01
1.21160625000E+06	1.740731E-02	7.785931E+01
1.21347500000E+06	1.723580E-02	7.755917E+01
1.21534375000E+06	1.754371E-02	7.744843E+01
1.21721250000E+06	1.757615E-02	7.769389E+01
1.21908125000E+06	1.759967E-02	7.824728E+01
1.22095000000E+06	1.768241E-02	7.780502E+01
1.22281875000E+06	1.769169E-02	7.748885E+01
1.22468750000E+06	1.785134E-02	7.760731E+01
1.22655625000E+06	1.772126E-02	7.782734E+01
1.22842500000E+06	1.766474E-02	7.813906E+01
1.23029375000E+06	1.778207E-02	7.754671E+01
1.23216250000E+06	1.763605E-02	7.774361E+01
1.23403125000E+06	1.797490E-02	7.780784E+01
1.23590000000E+06	1.794356E-02	7.724951E+01
1.23776875000E+06	1.778215E-02	7.736609E+01
1.23963750000E+06	1.782208E-02	7.747868E+01
1.24150625000E+06	1.803928E-02	7.802203E+01
1.24337500000E+06	1.790152E-02	7.778233E+01
1.24524375000E+06	1.807601E-02	7.709201E+01
1.24711250000E+06	1.797752E-02	7.701171E+01
1.24898125000E+06	1.802069E-02	7.718928E+01
1.25085000000E+06	1.806349E-02	7.681979E+01
1.25271875000E+06	1.804873E-02	7.769930E+01
1.25458750000E+06	1.816543E-02	7.735765E+01
1.25645625000E+06	1.814917E-02	7.743314E+01
1.25832500000E+06	1.835764E-02	7.730703E+01
1.26019375000E+06	1.797668E-02	7.705404E+01
1.26206250000E+06	1.835581E-02	7.774825E+01
1.26393125000E+06	1.824091E-02	7.687347E+01
1.26580000000E+06	1.826808E-02	7.736028E+01
1.26766875000E+06	1.860095E-02	7.707335E+01
1.26953750000E+06	1.850802E-02	7.764170E+01
1.27140625000E+06	1.825683E-02	7.732779E+01
1.27327500000E+06	1.856869E-02	7.772395E+01
1.27514375000E+06	1.844080E-02	7.666635E+01
1.27701250000E+06	1.850508E-02	7.650262E+01
1.27888125000E+06	1.842602E-02	7.676471E+01
1.28075000000E+06	1.850820E-02	7.639438E+01
1.28261875000E+06	1.839760E-02	7.676842E+01
1.28448750000E+06	1.832696E-02	7.775882E+01
1.28635625000E+06	1.849396E-02	7.672581E+01
1.28822500000E+06	1.859355E-02	7.653468E+01
1.29009375000E+06	1.843536E-02	7.716394E+01
1.29196250000E+06	1.887724E-02	7.639221E+01
1.29383125000E+06	1.868996E-02	7.630424E+01
1.29570000000E+06	1.885608E-02	7.687833E+01
1.29756875000E+06	1.884599E-02	7.756201E+01
1.29943750000E+06	1.886056E-02	7.747348E+01
1.30130625000E+06	1.881017E-02	7.703377E+01
1.30317500000E+06	1.876307E-02	7.687000E+01
1.30504375000E+06	1.888766E-02	7.751936E+01
1.30691250000E+06	1.893729E-02	7.715962E+01
1.30878125000E+06	1.882010E-02	7.677636E+01
1.31065000000E+06	1.912666E-02	7.692157E+01
1.31251875000E+06	1.900960E-02	7.630831E+01
1.31438750000E+06	1.902646E-02	7.678046E+01
1.31625625000E+06	1.907824E-02	7.647229E+01
1.31812500000E+06	1.924642E-02	7.684571E+01
1.31999375000E+06	1.903037E-02	7.642639E+01
1.32186250000E+06	1.900380E-02	7.674438E+01
1.32373125000E+06	1.908234E-02	7.677612E+01
1.32560000000E+06	1.920261E-02	7.605458E+01
1.32746875000E+06	1.923461E-02	7.626718E+01
1.32933750000E+06	1.910983E-02	7.707597E+01
1.33120625000E+06	1.939668E-02	7.632029E+01
1.33307500000E+06	1.913800E-02	7.706922E+01
1.33494375000E+06	1.908349E-02	7.671042E+01
1.33681250000E+06	1.936429E-02	7.609634E+01
1.33868125000E+06	1.937907E-02	7.692889E+01
1.34055000000E+06	1.944679E-02	7.653939E+01
1.34241875000E+06	1.954176E-02	7.645342E+01
1.34428750000E+06	1.933227E-02	7.658483E+01
1.34615625000E+06	1.950977E-02	7.649466E+01
1.34802500000E+06	1.939374E-02	7.618410E+01
1.34989375000E+06	1.963314E-02	7.645973E+01
1.35176250000E+06	1.937616E-02	7.631858E+01
1.35363125000E+06	1.952677E-02	7.584024E+01
1.35550000000E+06	1.971579E-02	7.580750E+01
1.35736875000E+06	1.965214E-02	7.593232E+01
1.35923750000E+06	1.966359E-02	7.663902E+01
1.36110625000E+06	1.984381E-02	7.615236E+01
1.36297500000E+06	1.961317E-02	7.633654E+01
1.36484375000E+06	1.983066E-02	7.574596E+01
1.36671250000E+06	1.984602E-02	7.564503E+01
1.36858125000E+06	1.965144E-02	7.558680E+01
1.37045000000E+06	1.983730E-02	7.669253E+01
1.37231875000E+06	2.000480E-02	7.600291E+01
1.37418750000E+06	2.005900E-02	7.540202E+01
1.37605625000E+06	1.963416E-02	7.600971E+01
1.37792500000E+06	1.993862E-02	7.619878E+01
1.37979375000E+06	1.999121E-02	7.636791E+01
1.38166250000E+06	1.994725E-02	7.628540E+01
1.38353125000E+06	1.989697E-02	7.611246E+01
1.38540000000E+06	2.004594E-02	7.658193E+01
1.38726875000E+06	2.021789E-02	7.579732E+01
1.38913750000E+06	2.001433E-02	7.572469E+01
1.39100625000E+06	2.008488E-02	7.600245E+01
1.39287500000E+06	2.019328E-02	7.593903E+01
1.39474375000E+06	2.010207E-02	7.620611E+01
1.39661250000E+06	2.005980E-02	7.543713E+01
1.39848125000E+06	2.012657E-02	7.592850E+01
1.40035000000E+06	2.027479E-02	7.589711E+01
1.40221875000E+06	2.031255E-02	7.568517E+01
1.40408750000E+06	2.023771E-02	7.564335E+01
1.40595625000E+06	2.036574E-02	7.579386E+01
1.40782500000E+06	2.041913E-02	7.553276E+01
1.40969375000E+06	2.040786E-02	7.576267E+01
1.41156250000E+06	2.053164E-02	7.545020E+01
1.41343125000E+06	2.053645E-02	7.555791E+01
1.41530000000E+06	2.042572E-02	7.548419E+01
1.41716875000E+06	2.032271E-02	7.486666E+01
1.41903750000E+06	2.066595E-02	7.558289E+01
1.42090625000E+06	2.065364E-02	7.561901E+01
1.42277500000E+06	2.064721E-02	7.506474E+01
1.42464375000E+06	2.072158E-02	7.576504E+01
1.42651250000E+06	2.047731E-02	7.546004E+01
1.42838125000E+06	2.066982E-02	7.513964E+01
1.43025000000E+06	2.075928E-02	7.555547E+01
1.43211875000E+06	2.076622E-02	7.614308E+01
1.43398750000E+06	2.064650E-02	7.504067E+01
1.43585625000E+06	2.075127E-02	7.528618E+01
1.43772500000E+06	2.091315E-02	7.565074E+01
1.43959375000E+06	2.087970E-02	7.537520E+01
1.44146250000E+06	2.097658E-02	7.486894E+01
1.44333125000E+06	2.064990E-02	7.531285E+01
1.44520000000E+06	2.093523E-02	7.513261E+01
1.44706875000E+06	2.102440E-02	7.522648E+01
1.44893750000E+06	2.081172E-02	7.537945E+01
1.45080625000E+06	2.110581E-02	7.501958E+01
1.45267500000E+06	2.102654E-02	7.485467E+01
1.45454375000E+06	2.116063E-02	7.478513E+01
1.45641250000E+06	2.111503E-02	7.558407E+01
1.45828125000E+06	2.127230E-02	7.502759E+01
1.46015000000E+06	2.137694E-02	7.484999E+01
1.46201875000E+06	2.120312E-02	7.420529E+01
1.46388750000E+06	2.123207E-02	7.477703E+01
1.46575625000E+06	2.119517E-02	7.451209E+01
1.46762500000E+06	2.124209E-02	7.531048E+01
1.46949375000E+06	2.136379E-02	7.482617E+01
1.47136250000E+06	2.147858E-02	7.521292E+01
1.47323125000E+06	2.133420E-02	7.527214E+01
1.47510000000E+06	2.129938E-02	7.517358E+01
1.47696875000E+06	2.160612E-02	7.548063E+01
1.47883750000E+06	2.141208E-02	7.496568E+01
1.48070625000E+06	2.148704E-02	7.507757E+01
1.48257500000E+06	2.143109E-02	7.507761E+01
1.48444375000E+06	2.140196E-02	7.468751E+01
1.48631250000E+06	2.162243E-02	7.466905E+01
1.48818125000E+06	2.146137E-02	7.504208E+01
1.49005000000E+06	2.170064E-02	7.552657E+01
1.49191875000E+06	2.173574E-02	7.478686E+01
1.49378750000E+06	2.160738E-02	7.465986E+01
1.49565625000E+06	2.154441E-02	7.444026E+01
1.49752500000E+06	2.172569E-02	7.468652E+01
1.49939375000E+06	2.180136E-02	7.464379E+01
1.50126250000E+06	2.173755E-02	7.445249E+01
1.50313125000E+06	2.164430E-02	7.449020E+01
1.50500000000E+06	2.190571E-02	7.454497E+01
1.50686875000E+06	2.195551E-02	7.468333E+01
1.50873750000E+06	2.187053E-02	7.444482E+01
1.51060625000E+06	2.180303E-02	7.435629E+01
1.51247500000E+06	2.200775E-02	7.463802E+01
1.51434375000E+06	2.203453E-02	7.449317E+01
1.51621250000E+06	2.196953E-02	7.446516E+01
1.51808125000E+06	2.198067E-02	7.486745E+01
1.51995000000E+06	2.177187E-02	7.467580E+01
1.52181875000E+06	2.210984E-02	7.412171E+01
1.52368750000E+06	2.210806E-02	7.448448E+01
1.52555625000E+06	2.214409E-02	7.489742E+01
1.52742500000E+06	2.212110E-02	7.449779E+01
1.52929375000E+06	2.214036E-02	7.455410E+01
1.53116250000E+06	2.223000E-02	7.473344E+01
1.53303125000E+06	2.221240E-02	7.423671E+01
1.53490000000E+06	2.222709E-02	7.444124E+01
1.53676875000E+06	2.236339E-02	7.445253E+01
1.53863750000E+06	2.220527E-02	7.432781E+01
1.54050625000E+06	2.222502E-02	7.460619E+01
1.54237500000E+06	2.235020E-02	7.454659E+01
1.54424375000E+06	2.246297E-02	7.349371E+01
1.54611250000E+06	2.216113E-02	7.433437E+01
1.54798125000E+06	2.211213E-02	7.407523E+01
1.54985000000E+06	2.246401E-02	7.444568E+01
1.55171875000E+06	2.241769E-02	7.374426E+01
1.55358750000E+06	2.252862E-02	7.387452E+01
1.55545625000E+06	2.243882E-02	7.397532E+01
1.55732500000E+06	2.253347E-02	7.398521E+01
1.55919375000E+06	2.263319E-02	7.406118E+01
1.56106250000E+06	2.266922E-02	7.371587E+01
1.56293125000E+06	2.262038E-02	7.387328E+01
1.56480000000E+06	2.262966E-02	7.398049E+01
1.56666875000E+06	2.242231E-02	7.392501E+01
1.56853750000E+06	2.269574E-02	7.365829E+01
1.57040625000E+06	2.244323E-02	7.365406E+01
1.57227500000E+06	2.284044E-02	7.432629E+01
1.57414375000E+06	2.275567E-02	7.419536E+01
1.57601250000E+06	2.288298E-02	7.376586E+01
1.57788125000E+06	2.288178E-02	7.413770E+01
1.57975000000E+06	2.308660E-02	7.363791E+01
1.58161875000E+06	2.289172E-02	7.340327E+01
1.58348750000E+06	2.320832E-02	7.437630E+01
1.58535625000E+06	2.304439E-02	7.402674E+01
1.58722500000E+06	2.266959E-02	7.383012E+01
1.58909375000E+06	2.308317E-02	7.395153E+01
1.59096250000E+06	2.301567E-02	7.433763E+01
1.59283125000E+06	2.320470E-02	7.404977E+01
1.59470000000E+06	2.307461E-02	7.378488E+01
1.59656875000E+06	2.332889E-02	7.347566E+01
1.59843750000E+06	2.296132E-02	7.349982E+01
1.60030625000E+06	2.316179E-02	7.397910E+01
1.60217500000E+06	2.312726E-02	7.368095E+01
1.60404375000E+06	2.316362E-02	7.394991E+01
1.60591250000E+06	2.319621E-02	7.354054E+01
1.60778125000E+06	2.318281E-02	7.372087E+01
1.60965000000E+06	2.332284E-02	7.365279E+01
1.61151875000E+06	2.319432E-02	7.288811E+01
1.61338750000E+06	2.332379E-02	7.377020E+01
1.61525625000E+06	2.331298E-02	7.390086E+01
1.61712500000E+06	2.337993E-02	7.333821E+01
1.61899375000E+06	2.344456E-02	7.321097E+01
1.62086250000E+06	2.367559E-02	7.319930E+01
1.62273125000E+06	2.360673E-02	7.310706E+01
1.62460000000E+06	2.344983E-02	7.327476E+01
1.62646875000E+06	2.325109E-02	7.383662E+01
1.62833750000E+06	2.355668E-02	7.344039E+01
1.63020625000E+06	2.362860E-02	7.342323E+01
1.63207500000E+06	2.376409E-02	7.355690E+01
1.63394375000E+06	2.373055E-02	7.302639E+01
1.63581250000E+06	2.367126E-02	7.351273E+01
1.63768125000E+06	2.366946E-02	7.343746E+01
1.63955000000E+06	2.369277E-02	7.326888E+01
1.64141875000E+06	2.372053E-02	7.307623E+01
1.64328750000E+06	2.386427E-02	7.324190E+01
1.64515625000E+06	2.374900E-02	7.324197E+01
1.64702500000E+06	2.382999E-02	7.234570E+01
1.64889375000E+06	2.400916E-02	7.294440E+01
1.65076250000E+06	2.381967E-02	7.293916E+01
1.65263125000E+06	2.385497E-02	7.277345E+01
1.65450000000E+06	2.389556E-02	7.269302E+01
1.65636875000E+06	2.401308E-02	7.316164E+01
1.65823750000E+06	2.402148E-02	7.318098E+01
1.66010625000E+06	2.410279E-02	7.311484E+01
1.66197500000E+06	2.410260E-02	7.315057E+01
1.66384375000E+06	2.404856E-02	7.318906E+01
1.66571250000E+06	2.427835E-02	7.228883E+01
1.66758125000E+06	2.404446E-02	7.340473E+01
1.66945000000E+06	2.414292E-02	7.326821E+01
1.67131875000E+06	2.417715E-02	7.257515E+01
1.67318750000E+06	2.435135E-02	7.317089E+01
1.67505625000E+06	2.425452E-02	7.251389E+01
1.67692500000E+06	2.435607E-02	7.275829E+01
1.67879375000E+06	2.411324E-02	7.303459E+01
1.68066250000E+06	2.458738E-02	7.261572E+01
1.68253125000E+06	2.435399E-02	7.287863E+01
1.68440000000E+06	2.417979E-02	7.245808E+01
1.68626875000E+06	2.443538E-02	7.298061E+01
1.68813750000E+06	2.436931E-02	7.240958E+01
1.69000625000E+06	2.428848E-02	7.226167E+01
1.69187500000E+06	2.437033E-02	7.279745E+01
1.69374375000E+06	2.433991E-02	7.286389E+01
1.69561250000E+06	2.462291E-02	7.280633E+01
1.69748125000E+06	2.436629E-02	7.255319E+01
1.69935000000E+06	2.481506E-02	7.221961E+01
1.70121875000E+06	2.466792E-02	7.322599E+01
1.70308750000E+06	2.464376E-02	7.234049E+01
1.70495625000E+06	2.495669E-02	7.273364E+01
1.70682500000E+06	2.451596E-02	7.289344E+01
1.70869375000E+06	2.475802E-02	7.292690E+01
1.71056250000E+06	2.474876E-02	7.218068E+01
1.71243125000E+06	2.480918E-02	7.294178E+01
1.71430000000E+06	2.497878E-02	7.220110E+01
1.71616875000E+06	2.486844E-02	7.195186E+01
1.71803750000E+06	2.486731E-02	7.224736E+01
1.71990625000E+06	2.500080E-02	7.254302E+01
1.72177500000E+06	2.520170E-02	7.238703E+01
1.72364375000E+06	2.473305E-02	7.266899E+01
1.72551250000E+06	2.487815E-02	7.221236E+01
1.72738125000E+06	2.523121E-02	7.249135E+01
1.72925000000E+06	2.486549E-02	7.210668E+01
1.73111875000E+06	2.495994E-02	7.215359E+01
1.73298750000E+06	2.533837E-02	7.261648E+01
1.73485625000E+06	2.490154E-02	7.200243E+01
1.73672500000E+06	2.529638E-02	7.198173E+01
1.73859375000E+06	2.512288E-02	7.214342E+01
1.74046250000E+06	2.527500E-02	7.254887E+01
1.74233125000E+06	2.527962E-02	7.225075E+01
1.74420000000E+06	2.534163E-02	7.189397E+01
1.74606875000E+06	2.533874E-02	7.189645E+01
1.74793750000E+06	2.546938E-02	7.189772E+01
1.74980625000E+06	2.533315E-02	7.192515E+01
1.75167500000E+06	2.526950E-02	7.197555E+01
1.75354375000E+06	2.543090E-02	7.212661E+01
1.75541250000E+06	2.560944E-02	7.229667E+01
1.75728125000E+06	2.529512E-02	7.153146E+01
1.75915000000E+06	2.553463E-02	7.193950E+01
1.76101875000E+06	2.548345E-02	7.229903E+01
1.76288750000E+06	2.548113E-02	7.206501E+01
1.76475625000E+06	2.555686E-02	7.210876E+01
1.76662500000E+06	2.573915E-02	7.185566E+01
1.76849375000E+06	2.569283E-02	7.211153E+01
1.77036250000E+06	2.574548E-02	7.211637E+01
1.77223125000E+06	2.541940E-02	7.146589E+01
1.77410000000E+06	2.582029E-02	7.231892E+01
1.77596875000E+06	2.565898E-02	7.151254E+01
1.77783750000E+06	2.565180E-02	7.176862E+01
1.77970625000E+06	2.580883E-02	7.166660E+01
1.78157500000E+06	2.583760E-02	7.171938E+01
1.78344375000E+06	2.572699E-02	7.204804E+01
1.78531250000E+06	2.573737E-02	7.170436E+01
1.78718125000E+06	2.583647E-02	7.162363E+01
1.78905000000E+06	2.597360E-02	7.170414E+01
1.79091875000E+06	2.582939E-02	7.193015E+01
1.79278750000E+06	2.601887E-02	7.153427E+01
1.79465625000E+06	2.619143E-02	7.138084E+01
1.79652500000E+06	2.598610E-02	7.172333E+01
1.79839375000E+06	2.595544E-02	7.233115E+01
1.80026250000E+06	2.596561E-02	7.163552E+01
1.80213125000E+06	2.602522E-02	7.154654E+01
1.80400000000E+06	2.633939E-02	7.167234E+01
1.80586875000E+06	2.607874E-02	7.132047E+01
1.80773750000E+06	2.608766E-02	7.150006E+01
1.80960625000E+06	2.610823E-02	7.152714E+01
1.81147500000E+06	2.614911E-02	7.160708E+01
1.81334375000E+06	2.623436E-02	7.134846E+01
1.81521250000E+06	2.600116E-02	7.157769E+01
1.81708125000E+06	2.645696E-02	7.127947E+01
1.81895000000E+06	2.618469E-02	7.133496E+01
1.82081875000E+06	2.615606E-02	7.096011E+01
1.82268750000E+06	2.656413E-02	7.090211E+01
1.82455625000E+06	2.648197E-02	7.123496E+01
1.82642500000E+06	2.643675E-02	7.162034E+01
1.82829375000E+06	2.652812E-02	7.067913E+01
1.83016250000E+06	2.631414E-02	7.089110E+01
1.83203125000E+06	2.650974E-02	7.093895E+01
1.83390000000E+06	2.663766E-02	7.116149E+01
1.83576875000E+06	2.666814E-02	7.098114E+01
1.83763750000E+06	2.658447E-02	7.045701E+01
1.83950625000E+06	2.645650E-02	7.145800E+01
1.84137500000E+06	2.664041E-02	7.143559E+01
1.84324375000E+06	2.684054E-02	7.122477E+01
1.84511250000E+06	2.671166E-02	7.070130E+01
1.84698125000E+06	2.674016E-02	7.111601E+01
1.84885000000E+06	2.690751E-02	7.097713E+01
1.85071875000E+06	2.669133E-02	7.059155E+01
1.85258750000E+06	2.674535E-02	7.085986E+01
1.85445625000E+06	2.683658E-02	7.075669E+01
1.85632500000E+06	2.678600E-02	7.091534E+01
1.85819375000E+06	2.673629E-02	7.096123E+01
1.86006250000E+06	2.710364E-02	7.089046E+01
1.86193125000E+06	2.681163E-02	7.132610E+01
1.86380000000E+06	2.711640E-02	7.109527E+01
1.86566875000E+06	2.699406E-02	7.047099E+01
1.86753750000E+06	2.696584E-02	7.079605E+01
1.86940625000E+06	2.711266E-02	7.076589E+01
1.87127500000E+06	2.702293E-02	7.100748E+01
1.87314375000E+06	2.700073E-02	7.131911E+01
1.87501250000E+06	2.692597E-02	7.066340E+01
1.87688125000E+06	2.728225E-02	7.059254E+01
1.87875000000E+06	2.717935E-02	7.070463E+01
1.88061875000E+06	2.696596E-02	7.132930E+01
1.88248750000E+06	2.742269E-02	7.054213E+01
1.88435625000E+06	2.744473E-02	7.057295E+01
1.88622500000E+06	2.734710E-02	7.086052E+01
1.88809375000E+06	2.729606E-02	7.072794E+01
1.88996250000E+06	2.731340E-02	7.079832E+01
1.89183125000E+06	2.735531E-02	7.054318E+01
1.89370000000E+06	2.740548E-02	7.024046E+01
1.89556875000E+06	2.751144E-02	7.080386E+01
1.89743750000E+06	2.758653E-02	7.041691E+01
1.89930625000E+06	2.755832E-02	7.070734E+01
1.90117500000E+06	2.766970E-02	7.098576E+01
1.90304375000E+06	2.753263E-02	7.053017E+01
1.90491250000E+06	2.767005E-02	7.021265E+01
1.90678125000E+06	2.741063E-02	7.025546E+01
1.90865000000E+06	2.758728E-02	7.029170E+01
1.91051875000E+06	2.768258E-02	7.054765E+01
1.91238750000E+06	2.755364E-02	7.065363E+01
1.91425625000E+06	2.772991E-02	7.044621E+01
1.91612500000E+06	2.778756E-02	7.045400E+01
1.91799375000E+06	2.780332E-02	7.065118E+01
1.91986250000E+06	2.795026E-02	7.020520E+01
1.92173125000E+06	2.799849E-02	7.030186E+01
1.92360000000E+06	2.794905E-02	6.994398E+01
1.92546875000E+06	2.794991E-02	7.053873E+01
1.92733750000E+06	2.804729E-02	7.026402E+01
1.92920625000E+06	2.797568E-02	7.027019E+01
1.93107500000E+06	2.789322E-02	7.046706E+01
1.93294375000E+06	2.809379E-02	6.969834E+01
1.93481250000E+06	2.799996E-02	7.021888E+01
1.93668125000E+06	2.814148E-02	7.042761E+01
1.93855000000E+06	2.831756E-02	6.985516E+01
1.94041875000E+06	2.801495E-02	6.993024E+01
1.94228750000E+06	2.822288E-02	6.983956E+01
1.94415625000E+06	2.818042E-02	7.003967E+01
1.94602500000E+06	2.825049E-02	6.997880E+01
1.94789375000E+06	2.821345E-02	6.983823E+01
1.94976250000E+06	2.818637E-02	7.005003E+01
1.95163125000E+06	2.843946E-02	6.971339E+01
1.95350000000E+06	2.843268E-02	7.041982E+01
1.95536875000E+06	2.829773E-02	7.019022E+01
1.95723750000E+06	2.844053E-02	7.022941E+01
1.95910625000E+06	2.848794E-02	6.993887E+01
1.96097500000E+06	2.850647E-02	6.942305E+01
1.96284375000E+06	2.850417E-02	6.959743E+01
1.96471250000E+06	2.856441E-02	6.988628E+01
1.96658125000E+06	2.850351E-02	6.951719E+01
1.96845000000E+06	2.848867E-02	6.950183E+01
1.97031875000E+06	2.884399E-02	6.982764E+01
1.97218750000E+06	2.860157E-02	6.998856E+01
1.97405625000E+06	2.854770E-02	6.953095E+01
1.97592500000E+06	2.852230E-02	6.982946E+01
1.97779375000E+06	2.880253E-02	6.948865E+01
1.97966250000E+06	2.889510E-02	6.963081E+01
1.98153125000E+06	2.897069E-02	6.960513E+01
1.98340000000E+06	2.880388E-02	6.957318E+01
1.98526875000E+06	2.893355E-02	6.950438E+01
1.98713750000E+06	2.871450E-02	6.952263E+01
1.98900625000E+06	2.877262E-02	6.936674E+01
1.99087500000E+06	2.905385E-02	6.946390E+01
1.99274375000E+06	2.889731E-02	6.933827E+01
1.99461250000E+06	2.889450E-02	6.952210E+01
1.99648125000E+06	2.891381E-02	6.919793E+01
1.99835000000E+06	2.894638E-02	6.947141E+01
2.00021875000E+06	2.898394E-02	6.907644E+01
2.00208750000E+06	2.895772E-02	6.935060E+01
2.00395625000E+06	2.908828E-02	6.964862E+01
2.00582500000E+06	2.918988E-02	6.925291E+01
2.00769375000E+06	2.900711E-02	6.996899E+01
2.00956250000E+06	2.874439E-02	6.917717E+01
2.01143125000E+06	2.918495E-02	6.958881E+01
2.01330000000E+06	2.913247E-02	6.892797E+01
2.01516875000E+06	2.926902E-02	6.902467E+01
2.01703750000E+06	2.943496E-02	6.963976E+01
2.01890625000E+06	2.912904E-02	6.911634E+01
2.02077500000E+06	2.927744E-02	6.934260E+01
2.02264375000E+06	2.943748E-02	6.922218E+01
2.02451250000E+06	2.933289E-02	6.919998E+01
2.02638125000E+06	2.922133E-02	6.902428E+01
2.02825000000E+06	2.939153E-02	6.963790E+01
2.03011875000E+06	2.950371E-02	6.891650E+01
2.03198750000E+06	2.959288E-02	6.930793E+01
2.03385625000E+06	2.966348E-02	6.938095E+01
2.03572500000E+06	2.951466E-02	6.899334E+01
2.03759375000E+06	2.961425E-02	6.917426E+01
2.03946250000E+06	2.977206E-02	6.898441E+01
2.04133125000E+06	2.944846E-02	6.879226E+01
2.04320000000E+06	2.940043E-02	6.895464E+01
2.04506875000E+06	2.960027E-02	6.877185E+01
2.04693750000E+06	2.971962E-02	6.858995E+01
2.04880625000E+06	2.970859E-02	6.877325E+01
2.05067500000E+06	2.979654E-02	6.897926E+01
2.05254375000E+06	2.984996E-02	6.877772E+01
2.05441250000E+06	2.970001E-02	6.894511E+01
2.05628125000E+06	2.998245E-02	6.864230E+01
2.05815000000E+06	2.987967E-02	6.842893E+01
2.06001875000E+06	2.978228E-02	6.886185E+01
2.06188750000E+06	2.988533E-02	6.855676E+01
2.06375625000E+06	3.006963E-02	6.863388E+01
2.06562500000E+06	2.990963E-02	6.876585E+01
2.06749375000E+06	3.008351E-02	6.875621E+01
2.06936250000E+06	3.010849E-02	6.876808E+01
2.07123125000E+06	3.004841E-02	6.861510E+01
2.07310000000E+06	2.987857E-02	6.875404E+01
2.07496875000E+06	3.017037E-02	6.837102E+01
2.07683750000E+06	3.025902E-02	6.902130E+01
2.07870625000E+06	3.023161E-02	6.820864E+01
2.08057500000E+06	3.019597E-02	6.852182E+01
2.08244375000E+06	3.025758E-02	6.864356E+01
2.08431250000E+06	3.021039E-02	6.850249E+01
2.08618125000E+06	3.041034E-02	6.836856E+01
2.08805000000E+06	3.037476E-02	6.829647E+01
2.08991875000E+06	3.033887E-02	6.842494E+01
2.09178750000E+06	3.025077E-02	6.813644E+01
2.09365625000E+06	3.035600E-02	6.861713E+01
2.09552500000E+06	3.028567E-02	6.821073E+01
2.09739375000E+06	3.050425E-02	6.852181E+01
2.09926250000E+06	3.065525E-02	6.819057E+01
2.10113125000E+06	3.045741E-02	6.809998E+01
2.10300000000E+06	3.065878E-02	6.826392E+01
2.10486875000E+06	3.040598E-02	6.841032E+01
2.10673750000E+06	3.063643E-02	6.812259E+01
2.10860625000E+06	3.057329E-02	6.786781E+01
2.11047500000E+06	3.050858E-02	6.840556E+01
2.11234375000E+06	3.090792E-02	6.826160E+01
2.11421250000E+06	3.060673E-02	6.812168E+01
2.11608125000E+06	3.071147E-02	6.835480E+01
2.11795000000E+06	3.077450E-02	6.870341E+01
2.11981875000E+06	3.070792E-02	6.818154E+01
2.12168750000E+06	3.081965E-02	6.783777E+01
2.12355625000E+06	3.106213E-02	6.848772E+01
2.12542500000E+06	3.094315E-02	6.755508E+01
2.12729375000E+06	3.088947E-02	6.795975E+01
2.12916250000E+06	3.103148E-02	6.792554E+01
2.13103125000E+06	3.094983E-02	6.791605E+01
2.13290000000E+06	3.097053E-02	6.801963E+01
2.13476875000E+06	3.104984E-02	6.774739E+01
2.13663750000E+06	3.103692E-02	6.788446E+01
2.13850625000E+06	3.102521E-02	6.786164E+01
2.14037500000E+06	3.099825E-02	6.790371E+01
2.14224375000E+06	3.115327E-02	6.797900E+01
2.14411250000E+06	3.116417E-02	6.799281E+01
2.14598125000E+06	3.130286E-02	6.792271E+01
2.14785000000E+06	3.126554E-02	6.774128E+01
2.14971875000E+06	3.122226E-02	6.763533E+01
2.15158750000E+06	3.125482E-02	6.748347E+01
2.15345625000E+06	3.139502E-02	6.779813E+01
2.15532500000E+06	3.139909E-02	6.794787E+01
2.15719375000E+06	3.131543E-02	6.771022E+01
2.15906250000E+06	3.140327E-02	6.767109E+01
2.16093125000E+06	3.143972E-02	6.786057E+01
2.16280000000E+06	3.135750E-02	6.786054E+01
2.16466875000E+06	3.146687E-02	6.800852E+01
2.16653750000E+06	3.151853E-02	6.749850E+01
2.16840625000E+06	3.158670E-02	6.726422E+01
2.17027500000E+06	3.143824E-02	6.740957E+01
2.17214375000E+06	3.156320E-02	6.783567E+01
2.17401250000E+06	3.168735E-02	6.740974E+01
2.17588125000E+06	3.144496E-02	6.800082E+01
2.17775000000E+06	3.147369E-02	6.754359E+01
2.17961875000E+06	3.165366E-02	6.740399E+01
2.18148750000E+06	3.173694E-02	6.732298E+01
2.18335625000E+06	3.182777E-02	6.771410E+01
2.18522500000E+06	3.157480E-02	6.784731E+01
2.18709375000E+06	3.179682E-02	6.738790E+01
2.18896250000E+06	3.160905E-02	6.732390E+01
2.19083125000E+06	3.189020E-02	6.767863E+01
2.19270000000E+06	3.179183E-02	6.734378E+01
2.19456875000E+06	3.212861E-02	6.736098E+01
2.19643750000E+06	3.206787E-02	6.696629E+01
2.19830625000E+06	3.180236E-02	6.735070E+01
2.20017500000E+06	3.198534E-02	6.711108E+01
2.20204375000E+06	3.184686E-02	6.714682E+01
2.20391250000E+06	3.195135E-02	6.755119E+01
2.20578125000E+06	3.196881E-02	6.742460E+01
2.20765000000E+06	3.210663E-02	6.689085E+01
2.20951875000E+06	3.202618E-02	6.720877E+01
2.21138750000E+06	3.239379E-02	6.705865E+01
2.21325625000E+06	3.219574E-02	6.671807E+01
2.21512500000E+06	3.235154E-02	6.705918E+01
2.21699375000E+06	3.216886E-02	6.721160E+01
2.21886250000E+06	3.233505E-02	6.742886E+01
2.22073125000E+06	3.216098E-02	6.699365E+01
2.22260000000E+06	3.264583E-02	6.703236E+01
2.22446875000E+06	3.235218E-02	6.661710E+01
2.22633750000E+06	3.248403E-02	6.718448E+01
2.22820625000E+06	3.220733E-02	6.694418E+01
2.23007500000E+06	3.243053E-02	6.688541E+01
2.23194375000E+06	3.237046E-02	6.644196E+01
2.23381250000E+06	3.254336E-02	6.627735E+01
2.23568125000E+06	3.246437E-02	6.699150E+01
2.23755000000E+06	3.267084E-02	6.695531E+01
2.23941875000E+06	3.247008E-02	6.690473E+01
2.24128750000E+06	3.248497E-02	6.695437E+01
2.24315625000E+06	3.282794E-02	6.706252E+01
2.24502500000E+06	3.274047E-02	6.671237E+01
2.24689375000E+06	3.266754E-02	6.659613E+01
2.24876250000E+06	3.286108E-02	6.693530E+01
2.25063125000E+06	3.285413E-02	6.700484E+01
2.25250000000E+06	3.279664E-02	6.663645E+01
2.25436875000E+06	3.275597E-02	6.659433E+01
2.25623750000E+06	3.261858E-02	6.666775E+01
2.25810625000E+06	3.273245E-02	6.657018E+01
2.25997500000E+06	3.281478E-02	6.696003E+01
2.26184375000E+06	3.304087E-02	6.698404E+01
2.26371250000E+06	3.276038E-02	6.665600E+01
2.26558125000E+06	3.290353E-02	6.653735E+01
2.26745000000E+06	3.303999E-02	6.683901E+01
2.26931875000E+06	3.316514E-02	6.685918E+01
2.27118750000E+06	3.291389E-02	6.628257E+01
2.27305625000E+06	3.296810E-02	6.673966E+01
2.27492500000E+06	3.306103E-02	6.675916E+01
2.27679375000E+06	3.309416E-02	6.653860E+01
2.27866250000E+06	3.305438E-02	6.649203E+01
2.28053125000E+06	3.296030E-02	6.632053E+01
2.28240000000E+06	3.323523E-02	6.629819E+01
2.28426875000E+06	3.330921E-02	6.674855E+01
2.28613750000E+06	3.324276E-02	6.664882E+01
2.28800625000E+06	3.327909E-02	6.631355E+01
2.28987500000E+06	3.336868E-02	6.645223E+01
2.29174375000E+06	3.348707E-02	6.612182E+01
2.29361250000E+06	3.345682E-02	6.658955E+01
2.29548125000E+06	3.358562E-02	6.682296E+01
2.29735000000E+06	3.322199E-02	6.657182E+01
2.29921875000E+06	3.351743E-02	6.581438E+01
2.30108750000E+06	3.343989E-02	6.650259E+01
2.30295625000E+06	3.392961E-02	6.596127E+01
2.30482500000E+06	3.378387E-02	6.623019E+01
2.30669375000E+06	3.356902E-02	6.645869E+01
2.30856250000E+06	3.367165E-02	6.608596E+01
2.31043125000E+06	3.362190E-02	6.631999E+01
2.31230000000E+06	3.367407E-02	6.636986E+01
2.31416875000E+06	3.375413E-02	6.602659E+01
2.31603750000E+06	3.382884E-02	6.609740E+01
2.31790625000E+06	3.374178E-02	6.660426E+01
2.31977500000E+06	3.379216E-02	6.572521E+01
2.32164375000E+06	3.375438E-02	6.623852E+01
2.32351250000E+06	3.393659E-02	6.585602E+01
2.32538125000E+06	3.399626E-02	6.590415E+01
2.32725000000E+06	3.377438E-02	6.623197E+01
2.32911875000E+06	3.391282E-02	6.584077E+01
2.33098750000E+06	3.378772E-02	6.577929E+01
2.33285625000E+06	3.403845E-02	6.591743E+01
2.33472500000E+06	3.401391E-02	6.595711E+01
2.33659375000E+06	3.404274E-02	6.599744E+01
2.33846250000E+06	3.427198E-02	6.587444E+01
2.34033125000E+06	3.397558E-02	6.556769E+01
2.34220000000E+06	3.416796E-02	6.610208E+01
2.34406875000E+06	3.417844E-02	6.584429E+01
2.34593750000E+06	3.424627E-02	6.561179E+01
2.34780625000E+06	3.426161E-02	6.577139E+01
2.34967500000E+06	3.430599E-02	6.540423E+01
2.35154375000E+06	3.418850E-02	6.550896E+01
2.35341250000E+06	3.420597E-02	6.563826E+01
2.35528125000E+06	3.426484E-02	6.565920E+01
2.35715000000E+06	3.431261E-02	6.568180E+01
2.35901875000E+06	3.450354E-02	6.556378E+01
2.36088750000E+06	3.440432E-02	6.559280E+01
2.36275625000E+06	3.436142E-02	6.552244E+01
2.36462500000E+06	3.459010E-02	6.547009E+01
2.36649375000E+06	3.463748E-02	6.521672E+01
2.36836250000E+06	3.447025E-02	6.533824E+01
2.37023125000E+06	3.466069E-02	6.566075E+01
2.37210000000E+06	3.486088E-02	6.544284E+01
2.37396875000E+06	3.467119E-02	6.559139E+01
2.37583750000E+06	3.469320E-02	6.519017E+01
2.37770625000E+06	3.467093E-02	6.533358E+01
2.37957500000E+06	3.478779E-02	6.560685E+01
2.38144375000E+06	3.480133E-02	6.564050E+01
2.38331250000E+06	3.502221E-02	6.526712E+01
2.38518125000E+06	3.492656E-02	6.537756E+01
2.38705000000E+06	3.463088E-02	6.525190E+01
2.38891875000E+06	3.501305E-02	6.555651E+01
2.39078750000E+06	3.483768E-02	6.501009E+01
2.39265625000E+06	3.496180E-02	6.516329E+01
2.39452500000E+06	3.515315E-02	6.542477E+01
2.39639375000E+06	3.500659E-02	6.521620E+01
2.39826250000E+06	3.518643E-02	6.528880E+01
2.40013125000E+06	3.519602E-02	6.504327E+01
2.40200000000E+06	3.501378E-02	6.498463E+01
2.40386875000E+06	3.529649E-02	6.507082E+01
2.40573750000E+06	3.546413E-02	6.499406E+01
2.40760625000E+06	3.518386E-02	6.510638E+01
2.40947500000E+06	3.524268E-02	6.487395E+01
2.41134375000E+06	3.531515E-02	6.471584E+01
2.41321250000E+06	3.518975E-02	6.476292E+01
2.41508125000E+06	3.526193E-02	6.495326E+01
2.41695000000E+06	3.517619E-02	6.502330E+01
2.41881875000E+06	3.524383E-02	6.478325E+01
2.42068750000E+06	3.537745E-02	6.484023E+01
2.42255625000E+06	3.525746E-02	6.497237E+01
2.42442500000E+06	3.565641E-02	6.523373E+01
2.42629375000E+06	3.552581E-02	6.458419E+01
2.42816250000E+06	3.555574E-02	6.487669E+01
2.43003125000E+06	3.569777E-02	6.457401E+01
2.43190000000E+06	3.574141E-02	6.429682E+01
2.43376875000E+06	3.561483E-02	6.476901E+01
2.43563750000E+06	3.576971E-02	6.459879E+01
2.43750625000E+06	3.564953E-02	6.469999E+01
2.43937500000E+06	3.576874E-02	6.465968E+01
2.44124375000E+06	3.584033E-02	6.493027E+01
2.44311250000E+06	3.580335E-02	6.457811E+01
2.44498125000E+06	3.571953E-02	6.477444E+01
2.44685000000E+06	3.605503E-02	6.420285E+01
2.44871875000E+06	3.582466E-02	6.440073E+01
2.45058750000E+06	3.589662E-02	6.429308E+01
2.45245625000E+06	3.564247E-02	6.438003E+01
2.45432500000E+06	3.591815E-02	6.434065E+01
2.45619375000E+06	3.592445E-02	6.457922E+01
2.45806250000E+06	3.579761E-02	6.419496E+01
2.45993125000E+06	3.607658E-02	6.458868E+01
2.46180000000E+06	3.605084E-02	6.412551E+01
2.46366875000E+06	3.610058E-02	6.445477E+01
2.46553750000E+06	3.627462E-02	6.428938E+01
2.46740625000E+06	3.609475E-02	6.425705E+01
2.46927500000E+06	3.604699E-02	6.419869E+01
2.47114375000E+06	3.628800E-02	6.391602E+01
2.47301250000E+06	3.633219E-02	6.446681E+01
2.47488125000E+06	3.618053E-02	6.425313E+01
2.47675000000E+06	3.651664E-02	6.403307E+01
2.47861875000E+06	3.635956E-02	6.462478E+01
2.48048750000E+06	3.602192E-02	6.422355E+01
2.48235625000E+06	3.635573E-02	6.374582E+01
2.48422500000E+06	3.614357E-02	6.431428E+01
2.48609375000E+06	3.662022E-02	6.371154E+01
2.48796250000E+06	3.663987E-02	6.405750E+01
2.48983125000E+06	3.638909E-02	6.399842E+01
2.49170000000E+06	3.635357E-02	6.353615E+01
2.49356875000E+06	3.674046E-02	6.397608E+01
2.49543750000E+06	3.654393E-02	6.357837E+01
2.49730625000E+06	3.663145E-02	6.414290E+01
2.49917500000E+06	3.667131E-02	6.424221E+01
2.50104375000E+06	3.672986E-02	6.408134E+01
2.50291250000E+06	3.664811E-02	6.373129E+01
2.50478125000E+06	3.649372E-02	6.420824E+01
2.50665000000E+06	3.679511E-02	6.376915E+01
2.50851875000E+06	3.687623E-02	6.391140E+01
2.51038750000E+06	3.679056E-02	6.358007E+01
2.51225625000E+06	3.687567E-02	6.367379E+01
2.51412500000E+06	3.690018E-02	6.380325E+01
2.51599375000E+06	3.686586E-02	6.350599E+01
2.51786250000E+06	3.697952E-02	6.367289E+01
2.51973125000E+06	3.699635E-02	6.377705E+01
2.52160000000E+06	3.709772E-02	6.365509E+01
2.52346875000E+06	3.700475E-02	6.344758E+01
2.52533750000E+06	3.701673E-02	6.335541E+01
2.52720625000E+06	3.696014E-02	6.345998E+01
2.52907500000E+06	3.707369E-02	6.371733E+01
2.53094375000E+06	3.706586E-02	6.334289E+01
2.53281250000E+06	3.705774E-02	6.324657E+01
2.53468125000E+06	3.736582E-02	6.332601E+01
2.53655000000E+06	3.726324E-02	6.328213E+01
2.53841875000E+06	3.730911E-02	6.342462E+01
2.54028750000E+06	3.738546E-02	6.303317E+01
2.54215625000E+06	3.716977E-02	6.323006E+01
2.54402500000E+06	3.726873E-02	6.299102E+01
2.54589375000E+06	3.721666E-02	6.350370E+01
2.54776250000E+06	3.735018E-02	6.317021E+01
2.54963125000E+06	3.742566E-02	6.328354E+01
2.55150000000E+06	3.733224E-02	6.356130E+01
2.55336875000E+06	3.750688E-02	6.290855E+01
2.55523750000E+06	3.749500E-02	6.318674E+01
2.55710625000E+06	3.762475E-02	6.316345E+01
2.55897500000E+06	3.749404E-02	6.298138E+01
2.56084375000E+06	3.752692E-02	6.278169E+01
2.56271250000E+06	3.749309E-02	6.319391E+01
2.56458125000E+06	3.772602E-02	6.284265E+01
2.56645000000E+06	3.750306E-02	6.304721E+01
2.56831875000E+06	3.759595E-02	6.287657E+01
2.57018750000E+06	3.783324E-02	6.287032E+01
2.57205625000E+06	3.777155E-02	6.290563E+01
2.57392500000E+06	3.780324E-02	6.288699E+01
2.57579375000E+06	3.780910E-02	6.273122E+01
2.57766250000E+06	3.776972E-02	6.290852E+01
2.57953125000E+06	3.783894E-02	6.295496E+01
2.58140000000E+06	3.773998E-02	6.281409E+01
2.58326875000E+06	3.792932E-02	6.271049E+01
2.58513750000E+06	3.807034E-02	6.280653E+01
2.58700625000E+06	3.801906E-02	6.287185E+01
2.58887500000E+06	3.815825E-02	6.297684E+01
2.59074375000E+06	3.812928E-02	6.262152E+01
2.59261250000E+06	3.792904E-02	6.273829E+01
2.59448125000E+06	3.784702E-02	6.276376E+01
2.59635000000E+06	3.798665E-02	6.255644E+01
2.59821875000E+06	3.829378E-02	6.282285E+01
2.60008750000E+06	3.813152E-02	6.278799E+01
2.60195625000E+06	3.807871E-02	6.271162E+01
2.60382500000E+06	3.813504E-02	6.259835E+01
2.60569375000E+06	3.802580E-02	6.272358E+01
2.60756250000E+06	3.820526E-02	6.259031E+01
2.60943125000E+06	3.852057E-02	6.269021E+01
2.61130000000E+06	3.838774E-02	6.239490E+01
2.61316875000E+06	3.821160E-02	6.245517E+01
2.61503750000E+06	3.826515E-02	6.234622E+01
2.61690625000E+06	3.828993E-02	6.235894E+01
2.61877500000E+06	3.848274E-02	6.193261E+01
2.62064375000E+06	3.847387E-02	6.241632E+01
2.62251250000E+06	3.846588E-02	6.209674E+01
2.62438125000E+06	3.842505E-02	6.224329E+01
2.62625000000E+06	3.839038E-02	6.199341E+01
2.62811875000E+06	3.842585E-02	6.198094E+01
2.62998750000E+06	3.840176E-02	6.232257E+01
2.63185625000E+06	3.869243E-02	6.199655E+01
2.63372500000E+06	3.848534E-02	6.212746E+01
2.63559375000E+06	3.869044E-02	6.209864E+01
2.63746250000E+06	3.852357E-02	6.211168E+01
2.63933125000E+06	3.864245E-02	6.225639E+01
2.64120000000E+06	3.882121E-02	6.215200E+01
2.64306875000E+06	3.875999E-02	6.199601E+01
2.64493750000E+06	3.877111E-02	6.211455E+01
2.64680625000E+06	3.863685E-02	6.199103E+01
2.64867500000E+06	3.873965E-02	6.212037E+01
2.65054375000E+06	3.879580E-02	6.188389E+01
2.65241250000E+06	3.903564E-02	6.183199E+01
2.65428125000E+06	3.889157E-02	6.189963E+01
2.65615000000E+06	3.905824E-02	6.184350E+01
2.65801875000E+06	3.894302E-02	6.196176E+01
2.65988750000E+06	3.906853E-02	6.181276E+01
2.66175625000E+06	3.884751E-02	6.183109E+01
2.66362500000E+06	3.911831E-02	6.167629E+01
2.66549375000E+06	3.906694E-02	6.172003E+01
2.66736250000E+06	3.916185E-02	6.174070E+01
2.66923125000E+06	3.904334E-02	6.162278E+01
2.67110000000E+06	3.911024E-02	6.162814E+01
2.67296875000E+06	3.919271E-02	6.173853E+01
2.67483750000E+06	3.919064E-02	6.175038E+01
2.67670625000E+06	3.934842E-02	6.143237E+01
2.67857500000E+06	3.923852E-02	6.168472E+01
2.68044375000E+06	3.926455E-02	6.140924E+01
2.68231250000E+06	3.918838E-02	6.141801E+01
2.68418125000E+06	3.933781E-02	6.160186E+01
2.68605000000E+06	3.920604E-02	6.143380E+01
2.68791875000E+06	3.952171E-02	6.153878E+01
2.68978750000E+06	3.937097E-02	6.133994E+01
2.69165625000E+06	3.954244E-02	6.153806E+01
2.69352500000E+06	3.963577E-02	6.125528E+01
2.69539375000E+06	3.950913E-02	6.125082E+01
2.69726250000E+06	3.943586E-02	6.130663E+01
2.69913125000E+06	3.939364E-02	6.123943E+01
2.70100000000E+06	3.958241E-02	6.141362E+01
2.70286875000E+06	3.954864E-02	6.140688E+01
2.70473750000E+06	3.979849E-02	6.133182E+01
2.70660625000E+06	3.946283E-02	6.128936E+01
2.70847500000E+06	3.965434E-02	6.102821E+01
2.71034375000E+06	3.983948E-02	6.101364E+01
2.71221250000E+06	3.978181E-02	6.101824E+01
2.71408125000E+06	3.974918E-02	6.088287E+01
2.71595000000E+06	3.973699E-02	6.131491E+01
2.71781875000E+06	3.983331E-02	6.096276E+01
2.71968750000E+06	3.965570E-02	6.119242E+01
2.72155625000E+06	3.996855E-02	6.104508E+01
2.72342500000E+06	3.991886E-02	6.098166E+01
2.72529375000E+06	3.985236E-02	6.086244E+01
2.72716250000E+06	4.013498E-02	6.103305E+01
2.72903125000E+06	3.999124E-02	6.130457E+01
2.73090000000E+06	4.015868E-02	6.085986E+01
2.73276875000E+06	4.007264E-02	6.104458E+01
2.73463750000E+06	3.996551E-02	6.095217E+01
2.73650625000E+06	4.031309E-02	6.109904E+01
2.73837500000E+06	4.033797E-02	6.066694E+01
2.74024375000E+06	3.980736E-02	6.113543E+01
2.74211250000E+06	3.993613E-02	6.091976E+01
2.74398125000E+06	4.012194E-02	6.092381E+01
2.74585000000E+06	4.016319E-02	6.092236E+01
2.74771875000E+06	4.048871E-02	6.076921E+01
2.74958750000E+06	4.038379E-02	6.067910E+01
2.75145625000E+06	4.037030E-02	6.101257E+01
2.75332500000E+06	4.053270E-02	6.074213E+01
2.75519375000E+06	4.076273E-02	6.096672E+01
2.75706250000E+06	4.035593E-02	6.070173E+01
2.75893125000E+06	4.019956E-02	6.074796E+01
2.76080000000E+06	4.049401E-02	6.030830E+01
2.76266875000E+06	4.048665E-02	6.062332E+01
2.76453750000E+06	4.042597E-02	6.040071E+01
2.76640625000E+06	4.074301E-02	6.042946E+01
2.76827500000E+06	4.062600E-02	6.056806E+01
2.77014375000E+06	4.073737E-02	6.055494E+01
2.77201250000E+06	4.058566E-02	6.017363E+01
2.77388125000E+06	4.076423E-02	6.049264E+01
2.77575000000E+06	4.061497E-02	6.033753E+01
2.77761875000E+06	4.089009E-02	6.023584E+01
2.77948750000E+06	4.057178E-02	6.045466E+01
2.78135625000E+06	4.071736E-02	6.047645E+01
2.78322500000E+06	4.065431E-02	6.020734E+01
2.78509375000E+06	4.080902E-02	6.018451E+01
2.78696250000E+06	4.069924E-02	5.982122E+01
2.78883125000E+06	4.089163E-02	6.011636E+01
2.79070000000E+06	4.087692E-02	6.024533E+01
2.79256875000E+06	4.114570E-02	6.029841E+01
2.79443750000E+06	4.091683E-02	6.008209E+01
2.79630625000E+06	4.095198E-02	6.021931E+01
2.79817500000E+06	4.103204E-02	6.011231E+01
2.80004375000E+06	4.106344E-02	6.007187E+01
2.80191250000E+06	4.114128E-02	6.003746E+01
2.80378125000E+06	4.101462E-02	6.021724E+01
2.80565000000E+06	4.139289E-02	5.991969E+01
2.80751875000E+06	4.108590E-02	5.951908E+01
2.80938750000E+06	4.083169E-02	6.003501E+01
2.81125625000E+06	4.110834E-02	6.000776E+01
2.81312500000E+06	4.130615E-02	6.001933E+01
2.81499375000E+06	4.118266E-02	5.981783E+01
2.81686250000E+06	4.129368E-02	5.991667E+01
2.81873125000E+06	4.128410E-02	5.978433E+01
2.82060000000E+06	4.110130E-02	5.977864E+01
2.82246875000E+06	4.147279E-02	5.984841E+01
2.82433750000E+06	4.138582E-02	5.979907E+01
2.82620625000E+06	4.149279E-02	5.971528E+01
2.82807500000E+06	4.140924E-02	5.992544E+01
2.82994375000E+06	4.138394E-02	5.965838E+01
2.83181250000E+06	4.164187E-02	5.987569E+01
2.83368125000E+06	4.146792E-02	5.978954E+01
2.83555000000E+06	4.151145E-02	5.953282E+01
2.83741875000E+06	4.160741E-02	5.981023E+01
2.83928750000E+06	4.158621E-02	5.935207E+01
2.84115625000E+06	4.152466E-02	5.956998E+01
2.84302500000E+06	4.175374E-02	5.971813E+01
2.84489375000E+06	4.164215E-02	5.963780E+01
2.84676250000E+06	4.176029E-02	5.957909E+01
2.84863125000E+06	4.172550E-02	5.959052E+01
2.85050000000E+06	4.179861E-02	5.947947E+01
2.85236875000E+06	4.191084E-02	5.912009E+01
2.85423750000E+06	4.192548E-02	5.947574E+01
2.85610625000E+06	4.185282E-02	5.954436E+01
2.85797500000E+06	4.187273E-02	5.936324E+01
2.85984375000E+06	4.191887E-02	5.913434E+01
2.86171250000E+06	4.206213E-02	5.930825E+01
2.86358125000E+06	4.185652E-02	5.893154E+01
2.86545000000E+06	4.206572E-02	5.919607E+01
2.86731875000E+06	4.207730E-02	5.950993E+01
2.86918750000E+06	4.200878E-02	5.926385E+01
2.87105625000E+06	4.210479E-02	5.938668E+01
2.87292500000E+06	4.218213E-02	5.905642E+01
2.87479375000E+06	4.213710E-02	5.927162E+01
2.87666250000E+06	4.232842E-02	5.898933E+01
2.87853125000E+06	4.225610E-02	5.921529E+01
2.88040000000E+06	4.234288E-02	5.913195E+01
2.88226875000E+06	4.239731E-02	5.927376E+01
2.88413750000E+06	4.231315E-02	5.888770E+01
2.88600625000E+06	4.241746E-02	5.912967E+01
2.88787500000E+06	4.229208E-02	5.908397E+01
2.88974375000E+06	4.236358E-02	5.891815E+01
2.89161250000E+06	4.251418E-02	5.888226E+01
2.89348125000E+06	4.256133E-02	5.894834E+01
2.89535000000E+06	4.267889E-02	5.890818E+01
2.89721875000E+06	4.264400E-02	5.862555E+01
2.89908750000E+06	4.262170E-02	5.883699E+01
2.90095625000E+06	4.251963E-02	5.877662E+01
2.90282500000E+06	4.248028E-02	5.858071E+01
2.90469375000E+06	4.282201E-02	5.867910E+01
2.90656250000E+06	4.271321E-02	5.867107E+01
2.90843125000E+06	4.248996E-02	5.900458E+01
2.91030000000E+06	4.271155E-02	5.864605E+01
2.91216875000E+06	4.285214E-02	5.878648E+01
2.91403750000E+06	4.264576E-02	5.852829E+01
2.91590625000E+06	4.287849E-02	5.870589E+01
2.91777500000E+06	4.274787E-02	5.901509E+01
2.91964375000E+06	4.277674E-02	5.860049E+01
2.92151250000E+06	4.280103E-02	5.858359E+01
2.92338125000E+06	4.299723E-02	5.890026E+01
2.92525000000E+06	4.287292E-02	5.853626E+01
2.92711875000E+06	4.299240E-02	5.830441E+01
2.92898750000E+06	4.301134E-02	5.868617E+01
2.93085625000E+06	4.304104E-02	5.822462E+01
2.93272500000E+06	4.299494E-02	5.812507E+01
2.93459375000E+06	4.308273E-02	5.843221E+01
2.93646250000E+06	4.320031E-02	5.877075E+01
2.93833125000E+06	4.311460E-02	5.834827E+01
2.94020000000E+06	4.312947E-02	5.859623E+01
2.94206875000E+06	4.321660E-02	5.829427E+01
2.94393750000E+06	4.304138E-02	5.832864E+01
2.94580625000E+06	4.302510E-02	5.846811E+01
2.94767500000E+06	4.309960E-02	5.818373E+01
2.94954375000E+06	4.317709E-02	5.822411E+01
2.95141250000E+06	4.343853E-02	5.816875E+01
2.95328125000E+06	4.323337E-02	5.832816E+01
2.95515000000E+06	4.316645E-02	5.794417E+01
2.95701875000E+06	4.325096E-02	5.837511E+01
2.95888750000E+06	4.330797E-02	5.812772E+01
2.96075625000E+06	4.344409E-02	5.807598E+01
2.96262500000E+06	4.342967E-02	5.812471E+01
2.96449375000E+06	4.321138E-02	5.827267E+01
2.96636250000E+06	4.348625E-02	5.800956E+01
2.96823125000E+06	4.342886E-02	5.800079E+01
2.97010000000E+06	4.350425E-02	5.812315E+01
2.97196875000E+06	4.339177E-02	5.828698E+01
2.97383750000E+06	4.360438E-02	5.801465E+01
2.97570625000E+06	4.366609E-02	5.789972E+01
2.97757500000E+06	4.353983E-02	5.807854E+01
2.97944375000E+06	4.356885E-02	5.794580E+01
2.98131250000E+06	4.365240E-02	5.789429E+01
2.98318125000E+06	4.372194E-02	5.775314E+01
2.98505000000E+06	4.364178E-02	5.792599E+01
2.98691875000E+06	4.355339E-02	5.787151E+01
2.98878750000E+06	4.375651E-02	5.766302E+01
2.99065625000E+06	4.374681E-02	5.780246E+01
2.99252500000E+06	4.368057E-02	5.800029E+01
2.99439375000E+06	4.375904E-02	5.778106E+01
2.99626250000E+06	4.390452E-02	5.792321E+01
2.99813125000E+06	4.378460E-02	5.774202E+01
3.00000000000E+06	4.387820E-02	5.765186E+01
