"E5100A REV3.14"
"DATE: Jun 24 2004"



"CHANNEL: 2"
"MEASURE TYPE: AR"
"FORMAT TYPE: LINMP"
"NUMBER of POINTS: 1601"
"SWEEP TIME:  3.458 s"
"SWEEP TYPE: LINF"
"SOURCE POWER: 0 dBm"
"IF BANDWIDTH: 500 Hz"

"Frequency"	"Main Array"	"Sub Array"
1.00000000000E+04	1.520862E-01	-7.528199E+01
1.18687500000E+04	1.007291E-01	1.628569E+02
1.37375000000E+04	6.622594E-02	1.658657E+02
1.56062500000E+04	1.940879E-02	1.613111E+02
1.74750000000E+04	3.410539E-02	1.421429E+02
1.93437500000E+04	3.533083E-02	1.135495E+02
2.12125000000E+04	8.751671E-03	1.413037E+02
2.30812500000E+04	7.467879E-03	-2.156162E+01
2.49500000000E+04	1.507890E-02	-8.741370E+01
2.68187500000E+04	1.727113E-02	-1.490406E+02
2.86875000000E+04	2.462314E-02	1.395419E+02
3.05562500000E+04	1.385268E-02	-9.554646E+00
3.24250000000E+04	1.979911E-02	-9.640037E+01
3.42937500000E+04	3.644193E-02	1.717777E+01
3.61625000000E+04	2.539106E-03	1.101760E+01
3.80312500000E+04	1.289563E-02	-1.509100E+02
3.99000000000E+04	1.008528E-02	-7.818848E+00
4.17687500000E+04	3.021413E-02	-1.211397E+02
4.36375000000E+04	1.177422E-02	-1.278135E+02
4.55062500000E+04	1.468981E-02	-4.564172E+01
4.73750000000E+04	2.606365E-02	-2.836833E+01
4.92437500000E+04	6.091647E-03	-1.036180E+01
5.11125000000E+04	2.322377E-03	1.200234E+02
5.29812500000E+04	1.667054E-02	-8.278996E+01
5.48500000000E+04	1.717086E-02	-1.032182E+02
5.67187500000E+04	1.166685E-02	-1.252073E+02
5.85875000000E+04	1.410312E-02	7.872418E-01
6.04562500000E+04	2.561753E-02	-8.619478E+01
6.23250000000E+04	2.090519E-02	-9.846178E+01
6.41937500000E+04	1.712160E-03	3.263871E+01
6.60625000000E+04	2.480727E-02	-3.307391E+01
6.79312500000E+04	1.795300E-02	-5.050174E+01
6.98000000000E+04	2.220961E-03	-8.725468E+01
7.16687500000E+04	1.907565E-02	-5.653635E+01
7.35375000000E+04	7.421225E-03	-7.975994E+01
7.54062500000E+04	1.480983E-02	-5.612932E+00
7.72750000000E+04	1.116525E-02	-8.717535E+01
7.91437500000E+04	1.258248E-02	-1.037493E+02
8.10125000000E+04	1.617100E-02	-6.021875E+01
8.28812500000E+04	2.596037E-02	-8.353207E+01
8.47500000000E+04	1.663127E-02	-8.512230E+01
8.66187500000E+04	2.550483E-02	-6.543885E+01
8.84875000000E+04	1.929146E-02	-6.344749E+01
9.03562500000E+04	1.490877E-02	-4.496329E+01
9.22250000000E+04	7.977524E-03	-8.399477E+01
9.40937500000E+04	1.456334E-02	-7.560549E+01
9.59625000000E+04	2.136639E-02	-6.129104E+01
9.78312500000E+04	1.729064E-02	-9.135880E+01
9.97000000000E+04	1.355668E-02	-6.287373E+01
1.01568750000E+05	2.387158E-02	-6.337786E+01
1.03437500000E+05	1.862545E-02	-4.037124E+01
1.05306250000E+05	2.339249E-02	-7.450540E+01
1.07175000000E+05	1.879762E-02	-5.631110E+01
1.09043750000E+05	2.000065E-02	-8.694830E+01
1.10912500000E+05	1.648900E-02	-6.852671E+01
1.12781250000E+05	1.211524E-02	-6.194209E+01
1.14650000000E+05	1.004633E-02	-8.633664E+01
1.16518750000E+05	2.109344E-02	-4.161019E+01
1.18387500000E+05	1.382639E-02	-5.374406E+01
1.20256250000E+05	1.007361E-02	-5.926020E+01
1.22125000000E+05	1.772647E-02	-8.543881E+01
1.23993750000E+05	1.492422E-02	-7.125130E+01
1.25862500000E+05	2.359637E-02	-7.634238E+01
1.27731250000E+05	2.070720E-02	-1.007707E+02
1.29600000000E+05	1.655457E-02	-1.254180E+02
1.31468750000E+05	3.124940E-02	-7.893122E+01
1.33337500000E+05	2.165189E-02	-8.852428E+01
1.35206250000E+05	2.573452E-02	-6.683071E+01
1.37075000000E+05	2.445186E-02	-8.505050E+01
1.38943750000E+05	2.377773E-02	-7.468221E+01
1.40812500000E+05	1.245091E-02	-9.655007E+01
1.42681250000E+05	2.794295E-02	-8.211771E+01
1.44550000000E+05	2.411203E-02	-6.670706E+01
1.46418750000E+05	1.960502E-02	-7.502577E+01
1.48287500000E+05	2.664686E-02	-9.220744E+01
1.50156250000E+05	1.681729E-02	-8.252833E+01
1.52025000000E+05	2.386670E-02	-1.062828E+02
1.53893750000E+05	1.740874E-02	-8.147945E+01
1.55762500000E+05	2.755787E-02	-6.974627E+01
1.57631250000E+05	2.438891E-02	-8.159772E+01
1.59500000000E+05	2.383301E-02	-8.001981E+01
1.61368750000E+05	2.444223E-02	-1.039969E+02
1.63237500000E+05	2.746072E-02	-8.030406E+01
1.65106250000E+05	3.087117E-02	-8.209241E+01
1.66975000000E+05	2.465513E-02	-8.590531E+01
1.68843750000E+05	2.468253E-02	-8.230312E+01
1.70712500000E+05	2.168054E-02	-6.957432E+01
1.72581250000E+05	2.986855E-02	-8.008299E+01
1.74450000000E+05	2.816316E-02	-7.037882E+01
1.76318750000E+05	2.485060E-02	-7.953245E+01
1.78187500000E+05	2.663527E-02	-8.343488E+01
1.80056250000E+05	3.223222E-02	-1.009326E+02
1.81925000000E+05	2.948844E-02	-8.093970E+01
1.83793750000E+05	2.398838E-02	-7.872295E+01
1.85662500000E+05	3.278556E-02	-8.591007E+01
1.87531250000E+05	3.755246E-02	-8.399915E+01
1.89400000000E+05	3.234012E-02	-8.210026E+01
1.91268750000E+05	3.550499E-02	-8.987927E+01
1.93137500000E+05	3.310034E-02	-9.546850E+01
1.95006250000E+05	2.723463E-02	-8.468018E+01
1.96875000000E+05	2.985179E-02	-8.207398E+01
1.98743750000E+05	2.852233E-02	-8.064847E+01
2.00612500000E+05	2.775826E-02	-8.360336E+01
2.02481250000E+05	3.297650E-02	-8.776453E+01
2.04350000000E+05	3.537076E-02	-8.218744E+01
2.06218750000E+05	4.049738E-02	-8.953344E+01
2.08087500000E+05	3.157178E-02	-7.257001E+01
2.09956250000E+05	3.272478E-02	-9.591542E+01
2.11825000000E+05	3.262014E-02	-7.257549E+01
2.13693750000E+05	3.411574E-02	-8.605234E+01
2.15562500000E+05	3.155828E-02	-8.828192E+01
2.17431250000E+05	3.089924E-02	-8.004429E+01
2.19300000000E+05	3.611512E-02	-8.956924E+01
2.21168750000E+05	4.093348E-02	-7.439964E+01
2.23037500000E+05	4.236395E-02	-8.623767E+01
2.24906250000E+05	3.185830E-02	-8.983344E+01
2.26775000000E+05	3.695759E-02	-7.866110E+01
2.28643750000E+05	3.675717E-02	-8.216601E+01
2.30512500000E+05	3.950741E-02	-9.331516E+01
2.32381250000E+05	3.832930E-02	-7.795005E+01
2.34250000000E+05	3.169404E-02	-8.174939E+01
2.36118750000E+05	3.531133E-02	-7.517297E+01
2.37987500000E+05	3.277064E-02	-9.115603E+01
2.39856250000E+05	4.387005E-02	-7.743774E+01
2.41725000000E+05	3.727599E-02	-8.818120E+01
2.43593750000E+05	3.245949E-02	-8.989961E+01
2.45462500000E+05	3.722472E-02	-9.462116E+01
2.47331250000E+05	3.895772E-02	-9.063000E+01
2.49200000000E+05	3.924677E-02	-8.616301E+01
2.51068750000E+05	3.738523E-02	-9.004620E+01
2.52937500000E+05	4.161065E-02	-9.211488E+01
2.54806250000E+05	3.753635E-02	-9.132410E+01
2.56675000000E+05	3.871964E-02	-8.042001E+01
2.58543750000E+05	4.018096E-02	-8.218245E+01
2.60412500000E+05	3.918394E-02	-8.601943E+01
2.62281250000E+05	3.824249E-02	-8.240350E+01
2.64150000000E+05	4.345583E-02	-8.581210E+01
2.66018750000E+05	4.285865E-02	-8.896160E+01
2.67887500000E+05	3.815361E-02	-9.816510E+01
2.69756250000E+05	4.459076E-02	-7.878529E+01
2.71625000000E+05	4.194419E-02	-8.721607E+01
2.73493750000E+05	4.371143E-02	-9.197701E+01
2.75362500000E+05	4.037094E-02	-9.298055E+01
2.77231250000E+05	4.034521E-02	-9.173260E+01
2.79100000000E+05	3.902826E-02	-8.871178E+01
2.80968750000E+05	4.335851E-02	-8.337276E+01
2.82837500000E+05	4.188529E-02	-8.706509E+01
2.84706250000E+05	4.097511E-02	-8.528257E+01
2.86575000000E+05	3.959963E-02	-9.214057E+01
2.88443750000E+05	4.342265E-02	-9.294474E+01
2.90312500000E+05	4.651977E-02	-8.662445E+01
2.92181250000E+05	4.317592E-02	-8.903773E+01
2.94050000000E+05	4.139434E-02	-9.357081E+01
2.95918750000E+05	4.473279E-02	-8.817474E+01
2.97787500000E+05	4.820262E-02	-9.339018E+01
2.99656250000E+05	4.816723E-02	-8.107637E+01
3.01525000000E+05	4.456211E-02	-9.282024E+01
3.03393750000E+05	5.000668E-02	-8.271085E+01
3.05262500000E+05	4.522734E-02	-7.806793E+01
3.07131250000E+05	4.686202E-02	-8.873859E+01
3.09000000000E+05	4.852569E-02	-8.820351E+01
3.10868750000E+05	4.169131E-02	-8.602753E+01
3.12737500000E+05	5.497238E-02	-8.085580E+01
3.14606250000E+05	5.100884E-02	-9.121204E+01
3.16475000000E+05	5.095124E-02	-8.392403E+01
3.18343750000E+05	5.188672E-02	-8.664863E+01
3.20212500000E+05	4.629201E-02	-8.794588E+01
3.22081250000E+05	5.022291E-02	-9.198818E+01
3.23950000000E+05	5.293402E-02	-7.972155E+01
3.25818750000E+05	5.764809E-02	-8.684869E+01
3.27687500000E+05	4.835944E-02	-8.472528E+01
3.29556250000E+05	4.874991E-02	-8.617803E+01
3.31425000000E+05	4.955010E-02	-8.532138E+01
3.33293750000E+05	4.728680E-02	-8.353573E+01
3.35162500000E+05	4.995438E-02	-8.146375E+01
3.37031250000E+05	4.660202E-02	-8.438598E+01
3.38900000000E+05	5.142507E-02	-8.611914E+01
3.40768750000E+05	4.982986E-02	-8.789848E+01
3.42637500000E+05	5.379182E-02	-8.730489E+01
3.44506250000E+05	5.328567E-02	-8.872848E+01
3.46375000000E+05	4.795834E-02	-8.676577E+01
3.48243750000E+05	5.576184E-02	-9.128379E+01
3.50112500000E+05	5.908258E-02	-9.068587E+01
3.51981250000E+05	5.470709E-02	-8.566571E+01
3.53850000000E+05	5.649167E-02	-8.830302E+01
3.55718750000E+05	5.168380E-02	-8.837853E+01
3.57587500000E+05	5.599541E-02	-8.563139E+01
3.59456250000E+05	5.476418E-02	-8.644992E+01
3.61325000000E+05	5.524139E-02	-9.560347E+01
3.63193750000E+05	5.638810E-02	-8.611359E+01
3.65062500000E+05	5.509327E-02	-8.698748E+01
3.66931250000E+05	5.719329E-02	-8.383480E+01
3.68800000000E+05	5.624415E-02	-8.640124E+01
3.70668750000E+05	5.491133E-02	-8.909406E+01
3.72537500000E+05	5.365125E-02	-8.617317E+01
3.74406250000E+05	5.211167E-02	-8.575152E+01
3.76275000000E+05	6.010494E-02	-9.011770E+01
3.78143750000E+05	5.495543E-02	-8.722118E+01
3.80012500000E+05	5.870495E-02	-8.736298E+01
3.81881250000E+05	5.870287E-02	-8.618724E+01
3.83750000000E+05	5.786029E-02	-8.637725E+01
3.85618750000E+05	5.235088E-02	-9.154800E+01
3.87487500000E+05	5.823836E-02	-9.021565E+01
3.89356250000E+05	6.032534E-02	-8.329234E+01
3.91225000000E+05	6.072760E-02	-8.159763E+01
3.93093750000E+05	6.095205E-02	-8.686413E+01
3.94962500000E+05	5.808539E-02	-8.633183E+01
3.96831250000E+05	6.113265E-02	-8.682806E+01
3.98700000000E+05	6.450275E-02	-8.821210E+01
4.00568750000E+05	6.190911E-02	-8.914793E+01
4.02437500000E+05	6.041754E-02	-8.745432E+01
4.04306250000E+05	5.917775E-02	-9.059238E+01
4.06175000000E+05	6.127016E-02	-8.850784E+01
4.08043750000E+05	6.055672E-02	-8.531558E+01
4.09912500000E+05	6.523874E-02	-9.072553E+01
4.11781250000E+05	6.207458E-02	-9.040678E+01
4.13650000000E+05	6.367603E-02	-8.946394E+01
4.15518750000E+05	6.496085E-02	-8.428262E+01
4.17387500000E+05	5.968881E-02	-8.700845E+01
4.19256250000E+05	6.698062E-02	-9.193071E+01
4.21125000000E+05	5.879385E-02	-8.673631E+01
4.22993750000E+05	6.000137E-02	-9.029520E+01
4.24862500000E+05	6.411573E-02	-8.895631E+01
4.26731250000E+05	6.991236E-02	-9.060904E+01
4.28600000000E+05	6.607418E-02	-8.828831E+01
4.30468750000E+05	6.591800E-02	-8.731823E+01
4.32337500000E+05	6.675568E-02	-8.556547E+01
4.34206250000E+05	6.250666E-02	-9.049342E+01
4.36075000000E+05	6.687094E-02	-8.593405E+01
4.37943750000E+05	6.879301E-02	-8.485499E+01
4.39812500000E+05	6.852008E-02	-8.924594E+01
4.41681250000E+05	6.885420E-02	-8.946355E+01
4.43550000000E+05	6.658521E-02	-8.860678E+01
4.45418750000E+05	7.182460E-02	-8.776129E+01
4.47287500000E+05	6.985486E-02	-8.882601E+01
4.49156250000E+05	6.096070E-02	-8.335470E+01
4.51025000000E+05	6.547380E-02	-8.775129E+01
4.52893750000E+05	6.478189E-02	-9.278097E+01
4.54762500000E+05	7.014019E-02	-8.561549E+01
4.56631250000E+05	6.584627E-02	-8.528037E+01
4.58500000000E+05	7.053937E-02	-8.633323E+01
4.60368750000E+05	7.205012E-02	-8.634599E+01
4.62237500000E+05	7.279447E-02	-8.914433E+01
4.64106250000E+05	7.325235E-02	-8.784329E+01
4.65975000000E+05	7.122097E-02	-8.729572E+01
4.67843750000E+05	7.114317E-02	-8.742266E+01
4.69712500000E+05	7.464375E-02	-8.834085E+01
4.71581250000E+05	6.926841E-02	-8.707826E+01
4.73450000000E+05	7.330707E-02	-8.812698E+01
4.75318750000E+05	7.031980E-02	-8.663345E+01
4.77187500000E+05	6.813709E-02	-8.926244E+01
4.79056250000E+05	7.315119E-02	-8.543475E+01
4.80925000000E+05	7.611595E-02	-9.317024E+01
4.82793750000E+05	6.848190E-02	-8.917647E+01
4.84662500000E+05	7.552761E-02	-9.118678E+01
4.86531250000E+05	7.270815E-02	-8.702704E+01
4.88400000000E+05	7.528258E-02	-8.804648E+01
4.90268750000E+05	7.638545E-02	-9.081503E+01
4.92137500000E+05	7.329694E-02	-9.063470E+01
4.94006250000E+05	7.484008E-02	-8.697694E+01
4.95875000000E+05	7.438888E-02	-8.831216E+01
4.97743750000E+05	7.646799E-02	-8.699789E+01
4.99612500000E+05	7.422747E-02	-9.070762E+01
5.01481250000E+05	7.438672E-02	-8.952888E+01
5.03350000000E+05	7.326315E-02	-8.848141E+01
5.05218750000E+05	7.777736E-02	-8.757844E+01
5.07087500000E+05	7.559046E-02	-8.858093E+01
5.08956250000E+05	7.607102E-02	-8.690352E+01
5.10825000000E+05	7.917614E-02	-8.742084E+01
5.12693750000E+05	7.618458E-02	-8.300898E+01
5.14562500000E+05	7.771903E-02	-8.984584E+01
5.16431250000E+05	8.225177E-02	-8.891254E+01
5.18300000000E+05	7.418692E-02	-8.928519E+01
5.20168750000E+05	8.093470E-02	-8.774636E+01
5.22037500000E+05	7.591042E-02	-8.956113E+01
5.23906250000E+05	8.271515E-02	-8.913876E+01
5.25775000000E+05	8.089427E-02	-8.985451E+01
5.27643750000E+05	8.132954E-02	-8.721778E+01
5.29512500000E+05	7.781304E-02	-8.871472E+01
5.31381250000E+05	8.058543E-02	-8.753162E+01
5.33250000000E+05	8.030283E-02	-8.701234E+01
5.35118750000E+05	8.034559E-02	-8.679334E+01
5.36987500000E+05	8.432599E-02	-8.628838E+01
5.38856250000E+05	8.205757E-02	-8.828510E+01
5.40725000000E+05	8.341002E-02	-8.607805E+01
5.42593750000E+05	8.219019E-02	-8.828703E+01
5.44462500000E+05	8.359999E-02	-8.983797E+01
5.46331250000E+05	8.691065E-02	-8.866631E+01
5.48200000000E+05	8.829097E-02	-8.824008E+01
5.50068750000E+05	8.092613E-02	-8.886629E+01
5.51937500000E+05	8.319286E-02	-8.792463E+01
5.53806250000E+05	8.582085E-02	-8.822029E+01
5.55675000000E+05	8.229288E-02	-8.794508E+01
5.57543750000E+05	8.629458E-02	-8.993519E+01
5.59412500000E+05	8.491289E-02	-8.788514E+01
5.61281250000E+05	8.826838E-02	-8.848756E+01
5.63150000000E+05	8.681472E-02	-8.971898E+01
5.65018750000E+05	8.731509E-02	-8.928520E+01
5.66887500000E+05	8.744381E-02	-9.053537E+01
5.68756250000E+05	8.702216E-02	-8.740927E+01
5.70625000000E+05	8.357902E-02	-8.888468E+01
5.72493750000E+05	8.163307E-02	-8.899745E+01
5.74362500000E+05	8.584394E-02	-8.716580E+01
5.76231250000E+05	8.582594E-02	-8.736791E+01
5.78100000000E+05	8.675774E-02	-8.898968E+01
5.79968750000E+05	8.794826E-02	-8.773975E+01
5.81837500000E+05	8.427139E-02	-8.808628E+01
5.83706250000E+05	8.695266E-02	-8.487963E+01
5.85575000000E+05	8.782604E-02	-8.928294E+01
5.87443750000E+05	8.913136E-02	-9.075347E+01
5.89312500000E+05	8.574382E-02	-9.146527E+01
5.91181250000E+05	9.069595E-02	-8.797050E+01
5.93050000000E+05	9.096615E-02	-8.912993E+01
5.94918750000E+05	9.192638E-02	-8.589465E+01
5.96787500000E+05	8.996221E-02	-8.948705E+01
5.98656250000E+05	9.169889E-02	-8.748052E+01
6.00525000000E+05	8.872338E-02	-8.691071E+01
6.02393750000E+05	9.384003E-02	-8.904913E+01
6.04262500000E+05	8.960640E-02	-9.007498E+01
6.06131250000E+05	9.119728E-02	-8.754716E+01
6.08000000000E+05	9.174085E-02	-8.852066E+01
6.09868750000E+05	9.002362E-02	-9.010994E+01
6.11737500000E+05	9.284719E-02	-8.800178E+01
6.13606250000E+05	8.982310E-02	-8.782822E+01
6.15475000000E+05	9.154598E-02	-8.722387E+01
6.17343750000E+05	9.194086E-02	-8.585289E+01
6.19212500000E+05	8.957642E-02	-8.831045E+01
6.21081250000E+05	9.543868E-02	-8.703107E+01
6.22950000000E+05	9.513125E-02	-8.931892E+01
6.24818750000E+05	9.330454E-02	-8.598096E+01
6.26687500000E+05	9.591633E-02	-8.841408E+01
6.28556250000E+05	9.192359E-02	-8.950201E+01
6.30425000000E+05	9.779065E-02	-8.845734E+01
6.32293750000E+05	9.245846E-02	-8.932958E+01
6.34162500000E+05	9.540055E-02	-8.769919E+01
6.36031250000E+05	9.347042E-02	-8.917651E+01
6.37900000000E+05	9.417127E-02	-8.693408E+01
6.39768750000E+05	9.538645E-02	-8.773321E+01
6.41637500000E+05	9.816329E-02	-8.699121E+01
6.43506250000E+05	9.221707E-02	-8.772858E+01
6.45375000000E+05	1.007266E-01	-8.862454E+01
6.47243750000E+05	9.958632E-02	-8.962305E+01
6.49112500000E+05	9.823475E-02	-8.768796E+01
6.50981250000E+05	9.951313E-02	-8.887039E+01
6.52850000000E+05	9.714023E-02	-8.804896E+01
6.54718750000E+05	9.860034E-02	-8.894687E+01
6.56587500000E+05	9.923391E-02	-8.942712E+01
6.58456250000E+05	1.012115E-01	-8.769202E+01
6.60325000000E+05	1.015949E-01	-8.754819E+01
6.62193750000E+05	1.008654E-01	-8.803398E+01
6.64062500000E+05	1.001783E-01	-9.025822E+01
6.65931250000E+05	1.015155E-01	-8.842030E+01
6.67800000000E+05	1.025503E-01	-8.682645E+01
6.69668750000E+05	1.013974E-01	-8.924938E+01
6.71537500000E+05	9.838885E-02	-8.825922E+01
6.73406250000E+05	9.933169E-02	-8.766708E+01
6.75275000000E+05	1.009441E-01	-8.880135E+01
6.77143750000E+05	1.044036E-01	-8.765701E+01
6.79012500000E+05	1.051486E-01	-8.897752E+01
6.80881250000E+05	1.059014E-01	-9.048837E+01
6.82750000000E+05	1.003016E-01	-8.777412E+01
6.84618750000E+05	1.026983E-01	-8.805336E+01
6.86487500000E+05	1.040355E-01	-8.930384E+01
6.88356250000E+05	1.033453E-01	-8.966998E+01
6.90225000000E+05	1.034912E-01	-8.822604E+01
6.92093750000E+05	1.032548E-01	-9.028424E+01
6.93962500000E+05	1.051818E-01	-8.822820E+01
6.95831250000E+05	1.088924E-01	-8.847042E+01
6.97700000000E+05	1.051640E-01	-8.736138E+01
6.99568750000E+05	1.047743E-01	-9.001883E+01
7.01437500000E+05	1.065084E-01	-8.853465E+01
7.03306250000E+05	1.068413E-01	-8.991692E+01
7.05175000000E+05	1.097607E-01	-8.743795E+01
7.07043750000E+05	1.076549E-01	-8.938916E+01
7.08912500000E+05	1.092914E-01	-8.780927E+01
7.10781250000E+05	1.075159E-01	-8.766347E+01
7.12650000000E+05	1.072441E-01	-8.929822E+01
7.14518750000E+05	1.089141E-01	-8.549469E+01
7.16387500000E+05	1.084127E-01	-8.825335E+01
7.18256250000E+05	1.072219E-01	-8.806147E+01
7.20125000000E+05	1.081468E-01	-8.935625E+01
7.21993750000E+05	1.067329E-01	-8.749519E+01
7.23862500000E+05	1.120693E-01	-9.062996E+01
7.25731250000E+05	1.071974E-01	-8.922695E+01
7.27600000000E+05	1.113961E-01	-8.826456E+01
7.29468750000E+05	1.069009E-01	-8.762670E+01
7.31337500000E+05	1.117318E-01	-8.808057E+01
7.33206250000E+05	1.118669E-01	-8.834363E+01
7.35075000000E+05	1.105560E-01	-8.966409E+01
7.36943750000E+05	1.093908E-01	-8.907482E+01
7.38812500000E+05	1.137428E-01	-8.735381E+01
7.40681250000E+05	1.124358E-01	-8.884288E+01
7.42550000000E+05	1.131218E-01	-8.813200E+01
7.44418750000E+05	1.109808E-01	-8.914697E+01
7.46287500000E+05	1.134177E-01	-8.834287E+01
7.48156250000E+05	1.115164E-01	-8.897984E+01
7.50025000000E+05	1.147879E-01	-8.778986E+01
7.51893750000E+05	1.139193E-01	-8.845309E+01
7.53762500000E+05	1.148492E-01	-8.856184E+01
7.55631250000E+05	1.145278E-01	-8.717899E+01
7.57500000000E+05	1.164712E-01	-8.761736E+01
7.59368750000E+05	1.157067E-01	-8.851790E+01
7.61237500000E+05	1.167093E-01	-8.860249E+01
7.63106250000E+05	1.154194E-01	-8.941660E+01
7.64975000000E+05	1.175082E-01	-8.798810E+01
7.66843750000E+05	1.143508E-01	-8.851823E+01
7.68712500000E+05	1.175369E-01	-8.887962E+01
7.70581250000E+05	1.178752E-01	-8.830997E+01
7.72450000000E+05	1.180816E-01	-8.981797E+01
7.74318750000E+05	1.168057E-01	-8.756416E+01
7.76187500000E+05	1.198896E-01	-8.868793E+01
7.78056250000E+05	1.173184E-01	-8.831375E+01
7.79925000000E+05	1.180552E-01	-8.996578E+01
7.81793750000E+05	1.175017E-01	-8.914377E+01
7.83662500000E+05	1.198163E-01	-8.833676E+01
7.85531250000E+05	1.161576E-01	-8.959541E+01
7.87400000000E+05	1.197220E-01	-8.958547E+01
7.89268750000E+05	1.238617E-01	-8.863817E+01
7.91137500000E+05	1.159885E-01	-9.099811E+01
7.93006250000E+05	1.195061E-01	-8.836940E+01
7.94875000000E+05	1.205085E-01	-8.945040E+01
7.96743750000E+05	1.167509E-01	-8.993981E+01
7.98612500000E+05	1.177462E-01	-8.797935E+01
8.00481250000E+05	1.176811E-01	-8.771165E+01
8.02350000000E+05	1.226863E-01	-8.933335E+01
8.04218750000E+05	1.199529E-01	-8.871152E+01
8.06087500000E+05	1.223410E-01	-8.945915E+01
8.07956250000E+05	1.216106E-01	-8.799680E+01
8.09825000000E+05	1.266263E-01	-8.785628E+01
8.11693750000E+05	1.223197E-01	-8.907611E+01
8.13562500000E+05	1.256219E-01	-8.922939E+01
8.15431250000E+05	1.238662E-01	-8.897686E+01
8.17300000000E+05	1.237959E-01	-8.805233E+01
8.19168750000E+05	1.259580E-01	-8.781501E+01
8.21037500000E+05	1.244029E-01	-8.835670E+01
8.22906250000E+05	1.224192E-01	-8.762759E+01
8.24775000000E+05	1.277996E-01	-8.761625E+01
8.26643750000E+05	1.260623E-01	-8.814102E+01
8.28512500000E+05	1.253415E-01	-8.877716E+01
8.30381250000E+05	1.233369E-01	-8.805853E+01
8.32250000000E+05	1.255961E-01	-8.844351E+01
8.34118750000E+05	1.282636E-01	-8.809021E+01
8.35987500000E+05	1.265431E-01	-8.869138E+01
8.37856250000E+05	1.269847E-01	-8.883920E+01
8.39725000000E+05	1.285032E-01	-8.947173E+01
8.41593750000E+05	1.269139E-01	-8.930424E+01
8.43462500000E+05	1.267136E-01	-8.773264E+01
8.45331250000E+05	1.276477E-01	-8.825267E+01
8.47200000000E+05	1.257625E-01	-8.894599E+01
8.49068750000E+05	1.273822E-01	-8.853546E+01
8.50937500000E+05	1.291962E-01	-8.723211E+01
8.52806250000E+05	1.270991E-01	-8.799591E+01
8.54675000000E+05	1.284918E-01	-8.799522E+01
8.56543750000E+05	1.311603E-01	-8.900790E+01
8.58412500000E+05	1.316716E-01	-8.863171E+01
8.60281250000E+05	1.318486E-01	-8.947466E+01
8.62150000000E+05	1.334326E-01	-8.779887E+01
8.64018750000E+05	1.317045E-01	-8.823898E+01
8.65887500000E+05	1.291477E-01	-8.949850E+01
8.67756250000E+05	1.330259E-01	-8.784416E+01
8.69625000000E+05	1.305185E-01	-8.672174E+01
8.71493750000E+05	1.319985E-01	-8.712227E+01
8.73362500000E+05	1.326788E-01	-8.900292E+01
8.75231250000E+05	1.327851E-01	-8.928758E+01
8.77100000000E+05	1.368158E-01	-8.709247E+01
8.78968750000E+05	1.338014E-01	-8.800423E+01
8.80837500000E+05	1.345150E-01	-8.850132E+01
8.82706250000E+05	1.315889E-01	-8.799548E+01
8.84575000000E+05	1.322152E-01	-8.891848E+01
8.86443750000E+05	1.322626E-01	-8.816186E+01
8.88312500000E+05	1.334161E-01	-8.829581E+01
8.90181250000E+05	1.332845E-01	-8.838586E+01
8.92050000000E+05	1.336025E-01	-8.809554E+01
8.93918750000E+05	1.345315E-01	-8.815894E+01
8.95787500000E+05	1.341536E-01	-8.919562E+01
8.97656250000E+05	1.310858E-01	-8.776661E+01
8.99525000000E+05	1.347615E-01	-8.893210E+01
9.01393750000E+05	1.369575E-01	-8.821715E+01
9.03262500000E+05	1.383003E-01	-8.720003E+01
9.05131250000E+05	1.368951E-01	-8.888767E+01
9.07000000000E+05	1.367615E-01	-8.740150E+01
9.08868750000E+05	1.389703E-01	-8.842350E+01
9.10737500000E+05	1.382374E-01	-8.845699E+01
9.12606250000E+05	1.370309E-01	-8.836870E+01
9.14475000000E+05	1.391657E-01	-8.769795E+01
9.16343750000E+05	1.391414E-01	-8.846629E+01
9.18212500000E+05	1.406251E-01	-8.832507E+01
9.20081250000E+05	1.420160E-01	-9.060928E+01
9.21950000000E+05	1.393353E-01	-8.867077E+01
9.23818750000E+05	1.402797E-01	-8.781835E+01
9.25687500000E+05	1.401975E-01	-8.849979E+01
9.27556250000E+05	1.398292E-01	-8.864032E+01
9.29425000000E+05	1.405148E-01	-8.808105E+01
9.31293750000E+05	1.427433E-01	-8.900033E+01
9.33162500000E+05	1.396724E-01	-8.905627E+01
9.35031250000E+05	1.426103E-01	-8.821095E+01
9.36900000000E+05	1.427202E-01	-8.787997E+01
9.38768750000E+05	1.437375E-01	-8.789232E+01
9.40637500000E+05	1.410256E-01	-8.876280E+01
9.42506250000E+05	1.435312E-01	-8.803012E+01
9.44375000000E+05	1.468170E-01	-8.813979E+01
9.46243750000E+05	1.432748E-01	-8.770457E+01
9.48112500000E+05	1.425850E-01	-8.741862E+01
9.49981250000E+05	1.424886E-01	-8.785956E+01
9.51850000000E+05	1.460039E-01	-8.854562E+01
9.53718750000E+05	1.431114E-01	-8.784858E+01
9.55587500000E+05	1.436614E-01	-8.906492E+01
9.57456250000E+05	1.452919E-01	-8.875036E+01
9.59325000000E+05	1.443001E-01	-8.731719E+01
9.61193750000E+05	1.466870E-01	-8.816443E+01
9.63062500000E+05	1.448710E-01	-8.701653E+01
9.64931250000E+05	1.447084E-01	-8.724171E+01
9.66800000000E+05	1.479450E-01	-8.857143E+01
9.68668750000E+05	1.472593E-01	-8.803972E+01
9.70537500000E+05	1.466134E-01	-8.806055E+01
9.72406250000E+05	1.450575E-01	-8.764423E+01
9.74275000000E+05	1.505803E-01	-8.903364E+01
9.76143750000E+05	1.476645E-01	-8.925297E+01
9.78012500000E+05	1.487795E-01	-8.870148E+01
9.79881250000E+05	1.493134E-01	-8.829945E+01
9.81750000000E+05	1.503022E-01	-8.931828E+01
9.83618750000E+05	1.506179E-01	-8.883614E+01
9.85487500000E+05	1.471841E-01	-8.957459E+01
9.87356250000E+05	1.474731E-01	-8.892632E+01
9.89225000000E+05	1.511036E-01	-8.842906E+01
9.91093750000E+05	1.494649E-01	-8.865823E+01
9.92962500000E+05	1.511022E-01	-8.893948E+01
9.94831250000E+05	1.538632E-01	-8.798184E+01
9.96700000000E+05	1.513667E-01	-8.892091E+01
9.98568750000E+05	1.521011E-01	-8.855025E+01
1.00043750000E+06	1.517695E-01	-8.781043E+01
1.00230625000E+06	1.498051E-01	-8.963259E+01
1.00417500000E+06	1.518552E-01	-8.755970E+01
1.00604375000E+06	1.505904E-01	-8.835401E+01
1.00791250000E+06	1.535966E-01	-8.841701E+01
1.00978125000E+06	1.517489E-01	-8.829124E+01
1.01165000000E+06	1.518605E-01	-8.870947E+01
1.01351875000E+06	1.550477E-01	-8.798354E+01
1.01538750000E+06	1.564094E-01	-8.895435E+01
1.01725625000E+06	1.557660E-01	-8.934721E+01
1.01912500000E+06	1.560319E-01	-8.847961E+01
1.02099375000E+06	1.551173E-01	-8.882150E+01
1.02286250000E+06	1.548345E-01	-8.889563E+01
1.02473125000E+06	1.545648E-01	-8.952303E+01
1.02660000000E+06	1.567237E-01	-8.840158E+01
1.02846875000E+06	1.541209E-01	-8.916737E+01
1.03033750000E+06	1.530950E-01	-8.822393E+01
1.03220625000E+06	1.550237E-01	-8.773660E+01
1.03407500000E+06	1.564025E-01	-8.737005E+01
1.03594375000E+06	1.564250E-01	-8.895659E+01
1.03781250000E+06	1.572536E-01	-8.866784E+01
1.03968125000E+06	1.543656E-01	-8.780249E+01
1.04155000000E+06	1.570525E-01	-8.752309E+01
1.04341875000E+06	1.573761E-01	-8.907645E+01
1.04528750000E+06	1.600848E-01	-8.789065E+01
1.04715625000E+06	1.600901E-01	-8.902565E+01
1.04902500000E+06	1.571906E-01	-8.832339E+01
1.05089375000E+06	1.607896E-01	-8.864037E+01
1.05276250000E+06	1.567221E-01	-8.861913E+01
1.05463125000E+06	1.585162E-01	-8.903761E+01
1.05650000000E+06	1.591449E-01	-8.909274E+01
1.05836875000E+06	1.608117E-01	-8.813289E+01
1.06023750000E+06	1.609934E-01	-8.855814E+01
1.06210625000E+06	1.618140E-01	-8.919604E+01
1.06397500000E+06	1.661517E-01	-8.798926E+01
1.06584375000E+06	1.611809E-01	-8.849380E+01
1.06771250000E+06	1.633206E-01	-8.928013E+01
1.06958125000E+06	1.622849E-01	-8.961782E+01
1.07145000000E+06	1.618163E-01	-8.877566E+01
1.07331875000E+06	1.652285E-01	-8.898545E+01
1.07518750000E+06	1.600095E-01	-8.972624E+01
1.07705625000E+06	1.610156E-01	-8.954233E+01
1.07892500000E+06	1.636233E-01	-8.875224E+01
1.08079375000E+06	1.623297E-01	-8.917570E+01
1.08266250000E+06	1.640317E-01	-8.941698E+01
1.08453125000E+06	1.642500E-01	-8.855781E+01
1.08640000000E+06	1.650548E-01	-8.842802E+01
1.08826875000E+06	1.642955E-01	-8.919536E+01
1.09013750000E+06	1.641155E-01	-8.914190E+01
1.09200625000E+06	1.663080E-01	-8.822220E+01
1.09387500000E+06	1.689565E-01	-8.957529E+01
1.09574375000E+06	1.648618E-01	-8.879781E+01
1.09761250000E+06	1.649250E-01	-8.992493E+01
1.09948125000E+06	1.684027E-01	-8.957214E+01
1.10135000000E+06	1.664692E-01	-8.839220E+01
1.10321875000E+06	1.695442E-01	-8.808565E+01
1.10508750000E+06	1.690484E-01	-9.015154E+01
1.10695625000E+06	1.677469E-01	-8.888716E+01
1.10882500000E+06	1.683545E-01	-8.907421E+01
1.11069375000E+06	1.662535E-01	-8.896555E+01
1.11256250000E+06	1.666125E-01	-8.874289E+01
1.11443125000E+06	1.688471E-01	-8.876236E+01
1.11630000000E+06	1.691448E-01	-8.909119E+01
1.11816875000E+06	1.722214E-01	-8.924480E+01
1.12003750000E+06	1.680444E-01	-8.882683E+01
1.12190625000E+06	1.705930E-01	-8.830901E+01
1.12377500000E+06	1.707665E-01	-8.958061E+01
1.12564375000E+06	1.712748E-01	-8.789979E+01
1.12751250000E+06	1.672158E-01	-8.835363E+01
1.12938125000E+06	1.685941E-01	-8.803647E+01
1.13125000000E+06	1.721071E-01	-8.859827E+01
1.13311875000E+06	1.727469E-01	-8.864984E+01
1.13498750000E+06	1.725780E-01	-8.899506E+01
1.13685625000E+06	1.733694E-01	-8.929010E+01
1.13872500000E+06	1.732132E-01	-8.885033E+01
1.14059375000E+06	1.719762E-01	-8.854065E+01
1.14246250000E+06	1.744749E-01	-8.860515E+01
1.14433125000E+06	1.748738E-01	-8.859039E+01
1.14620000000E+06	1.741778E-01	-8.812873E+01
1.14806875000E+06	1.751998E-01	-8.922498E+01
1.14993750000E+06	1.754934E-01	-8.826067E+01
1.15180625000E+06	1.778352E-01	-8.968957E+01
1.15367500000E+06	1.759080E-01	-8.942593E+01
1.15554375000E+06	1.750144E-01	-8.814146E+01
1.15741250000E+06	1.761642E-01	-8.840666E+01
1.15928125000E+06	1.745777E-01	-8.868221E+01
1.16115000000E+06	1.736646E-01	-8.853926E+01
1.16301875000E+06	1.772787E-01	-8.813854E+01
1.16488750000E+06	1.742514E-01	-8.860336E+01
1.16675625000E+06	1.772380E-01	-8.825976E+01
1.16862500000E+06	1.776335E-01	-8.904301E+01
1.17049375000E+06	1.765906E-01	-8.798121E+01
1.17236250000E+06	1.765708E-01	-8.865525E+01
1.17423125000E+06	1.789626E-01	-8.890884E+01
1.17610000000E+06	1.790932E-01	-8.850999E+01
1.17796875000E+06	1.777450E-01	-8.896568E+01
1.17983750000E+06	1.787704E-01	-8.898548E+01
1.18170625000E+06	1.785211E-01	-8.935947E+01
1.18357500000E+06	1.797872E-01	-8.879878E+01
1.18544375000E+06	1.785062E-01	-8.850967E+01
1.18731250000E+06	1.816769E-01	-8.891676E+01
1.18918125000E+06	1.805424E-01	-8.889791E+01
1.19105000000E+06	1.811968E-01	-8.876551E+01
1.19291875000E+06	1.810444E-01	-8.836417E+01
1.19478750000E+06	1.825520E-01	-8.790379E+01
1.19665625000E+06	1.825842E-01	-8.934946E+01
1.19852500000E+06	1.795166E-01	-8.913358E+01
1.20039375000E+06	1.801725E-01	-8.915842E+01
1.20226250000E+06	1.824464E-01	-8.895741E+01
1.20413125000E+06	1.806814E-01	-8.916965E+01
1.20600000000E+06	1.837396E-01	-8.847276E+01
1.20786875000E+06	1.850576E-01	-8.913045E+01
1.20973750000E+06	1.840195E-01	-8.849467E+01
1.21160625000E+06	1.827495E-01	-8.836977E+01
1.21347500000E+06	1.833497E-01	-8.913577E+01
1.21534375000E+06	1.846560E-01	-8.900510E+01
1.21721250000E+06	1.846507E-01	-8.903101E+01
1.21908125000E+06	1.837727E-01	-8.811745E+01
1.22095000000E+06	1.863392E-01	-8.861092E+01
1.22281875000E+06	1.864622E-01	-8.897431E+01
1.22468750000E+06	1.885604E-01	-8.959060E+01
1.22655625000E+06	1.857063E-01	-8.817843E+01
1.22842500000E+06	1.894646E-01	-8.969752E+01
1.23029375000E+06	1.882142E-01	-8.921254E+01
1.23216250000E+06	1.865184E-01	-8.883170E+01
1.23403125000E+06	1.896715E-01	-8.866367E+01
1.23590000000E+06	1.871668E-01	-8.868876E+01
1.23776875000E+06	1.876306E-01	-8.887141E+01
1.23963750000E+06	1.869644E-01	-8.888887E+01
1.24150625000E+06	1.880933E-01	-8.825391E+01
1.24337500000E+06	1.863936E-01	-8.821632E+01
1.24524375000E+06	1.898172E-01	-8.878838E+01
1.24711250000E+06	1.880696E-01	-8.845850E+01
1.24898125000E+06	1.903365E-01	-8.895390E+01
1.25085000000E+06	1.890513E-01	-8.883088E+01
1.25271875000E+06	1.900168E-01	-8.909805E+01
1.25458750000E+06	1.894930E-01	-8.846977E+01
1.25645625000E+06	1.899054E-01	-8.893871E+01
1.25832500000E+06	1.915868E-01	-8.902707E+01
1.26019375000E+06	1.922205E-01	-8.870734E+01
1.26206250000E+06	1.929909E-01	-8.837813E+01
1.26393125000E+06	1.926733E-01	-8.822723E+01
1.26580000000E+06	1.929239E-01	-8.916205E+01
1.26766875000E+06	1.922257E-01	-8.883878E+01
1.26953750000E+06	1.941598E-01	-8.869597E+01
1.27140625000E+06	1.916124E-01	-8.841166E+01
1.27327500000E+06	1.917232E-01	-8.836747E+01
1.27514375000E+06	1.942353E-01	-8.844821E+01
1.27701250000E+06	1.939121E-01	-8.872749E+01
1.27888125000E+06	1.907611E-01	-8.870406E+01
1.28075000000E+06	1.960748E-01	-8.783942E+01
1.28261875000E+06	1.956814E-01	-8.903130E+01
1.28448750000E+06	1.957771E-01	-8.926866E+01
1.28635625000E+06	1.943288E-01	-8.819652E+01
1.28822500000E+06	1.962677E-01	-8.851960E+01
1.29009375000E+06	1.951686E-01	-8.804351E+01
1.29196250000E+06	1.942841E-01	-8.946839E+01
1.29383125000E+06	1.982474E-01	-8.836944E+01
1.29570000000E+06	1.975614E-01	-8.899134E+01
1.29756875000E+06	1.977559E-01	-8.954348E+01
1.29943750000E+06	1.963661E-01	-8.856127E+01
1.30130625000E+06	1.973795E-01	-8.893431E+01
1.30317500000E+06	1.970493E-01	-8.825636E+01
1.30504375000E+06	1.991853E-01	-8.855008E+01
1.30691250000E+06	1.972606E-01	-8.863225E+01
1.30878125000E+06	1.987027E-01	-8.876019E+01
1.31065000000E+06	2.000519E-01	-8.870718E+01
1.31251875000E+06	1.997349E-01	-8.862577E+01
1.31438750000E+06	2.001943E-01	-8.910757E+01
1.31625625000E+06	2.006431E-01	-8.806547E+01
1.31812500000E+06	2.003960E-01	-8.815244E+01
1.31999375000E+06	2.013231E-01	-8.823110E+01
1.32186250000E+06	1.990554E-01	-8.856182E+01
1.32373125000E+06	2.010703E-01	-8.793345E+01
1.32560000000E+06	2.015897E-01	-8.894011E+01
1.32746875000E+06	2.032463E-01	-8.947391E+01
1.32933750000E+06	2.019163E-01	-8.831699E+01
1.33120625000E+06	2.018710E-01	-8.816519E+01
1.33307500000E+06	2.026419E-01	-8.882321E+01
1.33494375000E+06	2.025493E-01	-8.885664E+01
1.33681250000E+06	2.019214E-01	-8.805393E+01
1.33868125000E+06	2.044065E-01	-8.799382E+01
1.34055000000E+06	2.032170E-01	-8.888901E+01
1.34241875000E+06	2.013007E-01	-8.862176E+01
1.34428750000E+06	2.029497E-01	-8.896471E+01
1.34615625000E+06	2.041080E-01	-8.855591E+01
1.34802500000E+06	2.030960E-01	-8.884937E+01
1.34989375000E+06	2.041719E-01	-8.916687E+01
1.35176250000E+06	2.049544E-01	-8.851186E+01
1.35363125000E+06	2.040363E-01	-8.794188E+01
1.35550000000E+06	2.047825E-01	-8.851058E+01
1.35736875000E+06	2.035826E-01	-8.810280E+01
1.35923750000E+06	2.060939E-01	-8.913720E+01
1.36110625000E+06	2.081773E-01	-8.917575E+01
1.36297500000E+06	2.077907E-01	-8.854874E+01
1.36484375000E+06	2.087632E-01	-8.892892E+01
1.36671250000E+06	2.072962E-01	-8.935396E+01
1.36858125000E+06	2.077262E-01	-8.911590E+01
1.37045000000E+06	2.073167E-01	-8.912772E+01
1.37231875000E+06	2.081021E-01	-8.868439E+01
1.37418750000E+06	2.075042E-01	-8.843597E+01
1.37605625000E+06	2.083068E-01	-8.876060E+01
1.37792500000E+06	2.089408E-01	-8.870494E+01
1.37979375000E+06	2.093558E-01	-8.871995E+01
1.38166250000E+06	2.087014E-01	-8.865325E+01
1.38353125000E+06	2.093842E-01	-8.835460E+01
1.38540000000E+06	2.102324E-01	-8.834229E+01
1.38726875000E+06	2.093526E-01	-8.868016E+01
1.38913750000E+06	2.115193E-01	-8.886661E+01
1.39100625000E+06	2.096701E-01	-8.890780E+01
1.39287500000E+06	2.107205E-01	-8.904650E+01
1.39474375000E+06	2.121390E-01	-8.887397E+01
1.39661250000E+06	2.105043E-01	-8.845196E+01
1.39848125000E+06	2.139785E-01	-8.907349E+01
1.40035000000E+06	2.144735E-01	-8.926954E+01
1.40221875000E+06	2.133825E-01	-8.875777E+01
1.40408750000E+06	2.127852E-01	-8.932796E+01
1.40595625000E+06	2.138520E-01	-8.801942E+01
1.40782500000E+06	2.129567E-01	-8.852853E+01
1.40969375000E+06	2.146055E-01	-8.824908E+01
1.41156250000E+06	2.137757E-01	-8.917054E+01
1.41343125000E+06	2.150288E-01	-8.901187E+01
1.41530000000E+06	2.143618E-01	-8.876749E+01
1.41716875000E+06	2.150823E-01	-8.922140E+01
1.41903750000E+06	2.150313E-01	-8.786920E+01
1.42090625000E+06	2.167813E-01	-8.844765E+01
1.42277500000E+06	2.144199E-01	-8.839009E+01
1.42464375000E+06	2.147289E-01	-8.846390E+01
1.42651250000E+06	2.142804E-01	-8.872587E+01
1.42838125000E+06	2.193062E-01	-8.823525E+01
1.43025000000E+06	2.167374E-01	-8.892849E+01
1.43211875000E+06	2.160083E-01	-8.926921E+01
1.43398750000E+06	2.174904E-01	-8.906038E+01
1.43585625000E+06	2.172474E-01	-8.854884E+01
1.43772500000E+06	2.188643E-01	-8.883939E+01
1.43959375000E+06	2.197918E-01	-8.802820E+01
1.44146250000E+06	2.177768E-01	-8.820946E+01
1.44333125000E+06	2.210515E-01	-8.880923E+01
1.44520000000E+06	2.197142E-01	-8.898599E+01
1.44706875000E+06	2.205604E-01	-8.901200E+01
1.44893750000E+06	2.201751E-01	-8.852957E+01
1.45080625000E+06	2.199146E-01	-8.849753E+01
1.45267500000E+06	2.215844E-01	-8.862441E+01
1.45454375000E+06	2.198042E-01	-8.835826E+01
1.45641250000E+06	2.191354E-01	-8.821000E+01
1.45828125000E+06	2.220147E-01	-8.835117E+01
1.46015000000E+06	2.219264E-01	-8.878210E+01
1.46201875000E+06	2.215723E-01	-8.858119E+01
1.46388750000E+06	2.224605E-01	-8.819439E+01
1.46575625000E+06	2.234969E-01	-8.821043E+01
1.46762500000E+06	2.243045E-01	-8.823809E+01
1.46949375000E+06	2.234527E-01	-8.886964E+01
1.47136250000E+06	2.239002E-01	-8.860880E+01
1.47323125000E+06	2.253658E-01	-8.853652E+01
1.47510000000E+06	2.248469E-01	-8.876397E+01
1.47696875000E+06	2.237892E-01	-8.851090E+01
1.47883750000E+06	2.238199E-01	-8.879513E+01
1.48070625000E+06	2.230066E-01	-8.861448E+01
1.48257500000E+06	2.268385E-01	-8.879933E+01
1.48444375000E+06	2.257108E-01	-8.888576E+01
1.48631250000E+06	2.257668E-01	-8.808289E+01
1.48818125000E+06	2.256466E-01	-8.822369E+01
1.49005000000E+06	2.244109E-01	-8.824591E+01
1.49191875000E+06	2.279722E-01	-8.887118E+01
1.49378750000E+06	2.288252E-01	-8.875642E+01
1.49565625000E+06	2.269254E-01	-8.829375E+01
1.49752500000E+06	2.282344E-01	-8.863234E+01
1.49939375000E+06	2.289772E-01	-8.853528E+01
1.50126250000E+06	2.274052E-01	-8.869450E+01
1.50313125000E+06	2.277884E-01	-8.879848E+01
1.50500000000E+06	2.270821E-01	-8.859505E+01
1.50686875000E+06	2.296275E-01	-8.914603E+01
1.50873750000E+06	2.311923E-01	-8.871258E+01
1.51060625000E+06	2.309806E-01	-8.853242E+01
1.51247500000E+06	2.307072E-01	-8.888985E+01
1.51434375000E+06	2.304805E-01	-8.847070E+01
1.51621250000E+06	2.309860E-01	-8.868696E+01
1.51808125000E+06	2.303175E-01	-8.866492E+01
1.51995000000E+06	2.295038E-01	-8.852611E+01
1.52181875000E+06	2.315289E-01	-8.870325E+01
1.52368750000E+06	2.302797E-01	-8.841731E+01
1.52555625000E+06	2.313229E-01	-8.904597E+01
1.52742500000E+06	2.327692E-01	-8.825446E+01
1.52929375000E+06	2.322913E-01	-8.846717E+01
1.53116250000E+06	2.334085E-01	-8.903656E+01
1.53303125000E+06	2.318342E-01	-8.821164E+01
1.53490000000E+06	2.318845E-01	-8.819290E+01
1.53676875000E+06	2.350800E-01	-8.886490E+01
1.53863750000E+06	2.327529E-01	-8.860223E+01
1.54050625000E+06	2.330213E-01	-8.918806E+01
1.54237500000E+06	2.350023E-01	-8.869294E+01
1.54424375000E+06	2.362627E-01	-8.846050E+01
1.54611250000E+06	2.367273E-01	-8.874780E+01
1.54798125000E+06	2.352263E-01	-8.853367E+01
1.54985000000E+06	2.346901E-01	-8.820098E+01
1.55171875000E+06	2.354449E-01	-8.837970E+01
1.55358750000E+06	2.350361E-01	-8.814384E+01
1.55545625000E+06	2.364665E-01	-8.830878E+01
1.55732500000E+06	2.373493E-01	-8.834985E+01
1.55919375000E+06	2.357580E-01	-8.833137E+01
1.56106250000E+06	2.363836E-01	-8.857845E+01
1.56293125000E+06	2.396481E-01	-8.864754E+01
1.56480000000E+06	2.389761E-01	-8.830851E+01
1.56666875000E+06	2.386005E-01	-8.886462E+01
1.56853750000E+06	2.386958E-01	-8.811655E+01
1.57040625000E+06	2.405988E-01	-8.818361E+01
1.57227500000E+06	2.399646E-01	-8.838273E+01
1.57414375000E+06	2.410263E-01	-8.808076E+01
1.57601250000E+06	2.406631E-01	-8.832235E+01
1.57788125000E+06	2.402091E-01	-8.868960E+01
1.57975000000E+06	2.399010E-01	-8.883787E+01
1.58161875000E+06	2.419297E-01	-8.910419E+01
1.58348750000E+06	2.400495E-01	-8.821039E+01
1.58535625000E+06	2.402498E-01	-8.844693E+01
1.58722500000E+06	2.406269E-01	-8.828485E+01
1.58909375000E+06	2.409425E-01	-8.869279E+01
1.59096250000E+06	2.423396E-01	-8.839779E+01
1.59283125000E+06	2.411000E-01	-8.847778E+01
1.59470000000E+06	2.397121E-01	-8.862337E+01
1.59656875000E+06	2.430919E-01	-8.802254E+01
1.59843750000E+06	2.431060E-01	-8.846976E+01
1.60030625000E+06	2.449180E-01	-8.878786E+01
1.60217500000E+06	2.437027E-01	-8.839360E+01
1.60404375000E+06	2.458322E-01	-8.833899E+01
1.60591250000E+06	2.445992E-01	-8.829855E+01
1.60778125000E+06	2.451088E-01	-8.854733E+01
1.60965000000E+06	2.420875E-01	-8.790734E+01
1.61151875000E+06	2.457324E-01	-8.883810E+01
1.61338750000E+06	2.462330E-01	-8.878284E+01
1.61525625000E+06	2.463930E-01	-8.850368E+01
1.61712500000E+06	2.456194E-01	-8.853568E+01
1.61899375000E+06	2.444365E-01	-8.787886E+01
1.62086250000E+06	2.481020E-01	-8.832813E+01
1.62273125000E+06	2.469151E-01	-8.805310E+01
1.62460000000E+06	2.464829E-01	-8.880392E+01
1.62646875000E+06	2.477864E-01	-8.847727E+01
1.62833750000E+06	2.507754E-01	-8.856473E+01
1.63020625000E+06	2.487447E-01	-8.823264E+01
1.63207500000E+06	2.496427E-01	-8.834058E+01
1.63394375000E+06	2.492108E-01	-8.865269E+01
1.63581250000E+06	2.488959E-01	-8.853952E+01
1.63768125000E+06	2.506943E-01	-8.783462E+01
1.63955000000E+06	2.528790E-01	-8.806739E+01
1.64141875000E+06	2.482102E-01	-8.845955E+01
1.64328750000E+06	2.509874E-01	-8.851878E+01
1.64515625000E+06	2.514684E-01	-8.810031E+01
1.64702500000E+06	2.508653E-01	-8.874420E+01
1.64889375000E+06	2.510888E-01	-8.836507E+01
1.65076250000E+06	2.521350E-01	-8.838943E+01
1.65263125000E+06	2.520528E-01	-8.833194E+01
1.65450000000E+06	2.528202E-01	-8.851646E+01
1.65636875000E+06	2.521309E-01	-8.832357E+01
1.65823750000E+06	2.534443E-01	-8.858477E+01
1.66010625000E+06	2.527817E-01	-8.840533E+01
1.66197500000E+06	2.531092E-01	-8.827425E+01
1.66384375000E+06	2.539909E-01	-8.831465E+01
1.66571250000E+06	2.541180E-01	-8.817656E+01
1.66758125000E+06	2.551420E-01	-8.867171E+01
1.66945000000E+06	2.568818E-01	-8.859893E+01
1.67131875000E+06	2.561437E-01	-8.851611E+01
1.67318750000E+06	2.546988E-01	-8.854640E+01
1.67505625000E+06	2.563833E-01	-8.818596E+01
1.67692500000E+06	2.570136E-01	-8.820236E+01
1.67879375000E+06	2.552025E-01	-8.867822E+01
1.68066250000E+06	2.549068E-01	-8.787628E+01
1.68253125000E+06	2.547520E-01	-8.850315E+01
1.68440000000E+06	2.556219E-01	-8.856646E+01
1.68626875000E+06	2.559703E-01	-8.818977E+01
1.68813750000E+06	2.556649E-01	-8.851415E+01
1.69000625000E+06	2.580850E-01	-8.891953E+01
1.69187500000E+06	2.587551E-01	-8.853582E+01
1.69374375000E+06	2.597468E-01	-8.864005E+01
1.69561250000E+06	2.576497E-01	-8.849910E+01
1.69748125000E+06	2.596293E-01	-8.839306E+01
1.69935000000E+06	2.592567E-01	-8.856091E+01
1.70121875000E+06	2.586209E-01	-8.825687E+01
1.70308750000E+06	2.601407E-01	-8.858325E+01
1.70495625000E+06	2.587033E-01	-8.851706E+01
1.70682500000E+06	2.582034E-01	-8.838629E+01
1.70869375000E+06	2.577358E-01	-8.826450E+01
1.71056250000E+06	2.596239E-01	-8.837231E+01
1.71243125000E+06	2.600110E-01	-8.899442E+01
1.71430000000E+06	2.622794E-01	-8.865884E+01
1.71616875000E+06	2.605892E-01	-8.802859E+01
1.71803750000E+06	2.617969E-01	-8.830996E+01
1.71990625000E+06	2.629398E-01	-8.824577E+01
1.72177500000E+06	2.623805E-01	-8.862767E+01
1.72364375000E+06	2.614806E-01	-8.790251E+01
1.72551250000E+06	2.642737E-01	-8.839915E+01
1.72738125000E+06	2.651151E-01	-8.857005E+01
1.72925000000E+06	2.652675E-01	-8.821879E+01
1.73111875000E+06	2.661763E-01	-8.883500E+01
1.73298750000E+06	2.646578E-01	-8.841248E+01
1.73485625000E+06	2.651318E-01	-8.817455E+01
1.73672500000E+06	2.643505E-01	-8.844656E+01
1.73859375000E+06	2.639952E-01	-8.856606E+01
1.74046250000E+06	2.646418E-01	-8.812424E+01
1.74233125000E+06	2.647116E-01	-8.819829E+01
1.74420000000E+06	2.655410E-01	-8.887560E+01
1.74606875000E+06	2.678129E-01	-8.818427E+01
1.74793750000E+06	2.666841E-01	-8.811158E+01
1.74980625000E+06	2.670578E-01	-8.824492E+01
1.75167500000E+06	2.682962E-01	-8.843047E+01
1.75354375000E+06	2.685949E-01	-8.864329E+01
1.75541250000E+06	2.681457E-01	-8.828264E+01
1.75728125000E+06	2.663970E-01	-8.844286E+01
1.75915000000E+06	2.676300E-01	-8.793537E+01
1.76101875000E+06	2.654740E-01	-8.846474E+01
1.76288750000E+06	2.686484E-01	-8.824951E+01
1.76475625000E+06	2.702130E-01	-8.854153E+01
1.76662500000E+06	2.714441E-01	-8.799397E+01
1.76849375000E+06	2.704182E-01	-8.786243E+01
1.77036250000E+06	2.684024E-01	-8.825365E+01
1.77223125000E+06	2.702819E-01	-8.846524E+01
1.77410000000E+06	2.700038E-01	-8.800613E+01
1.77596875000E+06	2.692443E-01	-8.855080E+01
1.77783750000E+06	2.724279E-01	-8.827445E+01
1.77970625000E+06	2.724294E-01	-8.791721E+01
1.78157500000E+06	2.731678E-01	-8.822798E+01
1.78344375000E+06	2.711914E-01	-8.774822E+01
1.78531250000E+06	2.704917E-01	-8.837922E+01
1.78718125000E+06	2.747733E-01	-8.845325E+01
1.78905000000E+06	2.734937E-01	-8.820566E+01
1.79091875000E+06	2.723701E-01	-8.813181E+01
1.79278750000E+06	2.740454E-01	-8.842215E+01
1.79465625000E+06	2.736852E-01	-8.825295E+01
1.79652500000E+06	2.761577E-01	-8.793401E+01
1.79839375000E+06	2.749051E-01	-8.830362E+01
1.80026250000E+06	2.732180E-01	-8.835696E+01
1.80213125000E+06	2.761067E-01	-8.809484E+01
1.80400000000E+06	2.750652E-01	-8.803126E+01
1.80586875000E+06	2.744883E-01	-8.808778E+01
1.80773750000E+06	2.775170E-01	-8.808680E+01
1.80960625000E+06	2.747820E-01	-8.856462E+01
1.81147500000E+06	2.771381E-01	-8.849873E+01
1.81334375000E+06	2.764196E-01	-8.850976E+01
1.81521250000E+06	2.767504E-01	-8.836341E+01
1.81708125000E+06	2.753479E-01	-8.816444E+01
1.81895000000E+06	2.764532E-01	-8.873252E+01
1.82081875000E+06	2.755987E-01	-8.805109E+01
1.82268750000E+06	2.773718E-01	-8.846519E+01
1.82455625000E+06	2.779339E-01	-8.833488E+01
1.82642500000E+06	2.785685E-01	-8.815407E+01
1.82829375000E+06	2.777983E-01	-8.825658E+01
1.83016250000E+06	2.778644E-01	-8.767000E+01
1.83203125000E+06	2.778053E-01	-8.872360E+01
1.83390000000E+06	2.783200E-01	-8.816080E+01
1.83576875000E+06	2.810763E-01	-8.846819E+01
1.83763750000E+06	2.810107E-01	-8.837202E+01
1.83950625000E+06	2.816657E-01	-8.871249E+01
1.84137500000E+06	2.823085E-01	-8.827512E+01
1.84324375000E+06	2.785661E-01	-8.859951E+01
1.84511250000E+06	2.828479E-01	-8.805697E+01
1.84698125000E+06	2.828172E-01	-8.848846E+01
1.84885000000E+06	2.842440E-01	-8.831915E+01
1.85071875000E+06	2.804720E-01	-8.814581E+01
1.85258750000E+06	2.851551E-01	-8.788625E+01
1.85445625000E+06	2.826938E-01	-8.827170E+01
1.85632500000E+06	2.837029E-01	-8.876794E+01
1.85819375000E+06	2.842489E-01	-8.823528E+01
1.86006250000E+06	2.811865E-01	-8.847311E+01
1.86193125000E+06	2.835300E-01	-8.850364E+01
1.86380000000E+06	2.844114E-01	-8.823997E+01
1.86566875000E+06	2.853964E-01	-8.814519E+01
1.86753750000E+06	2.850175E-01	-8.794660E+01
1.86940625000E+06	2.856922E-01	-8.843494E+01
1.87127500000E+06	2.855216E-01	-8.846931E+01
1.87314375000E+06	2.875955E-01	-8.812753E+01
1.87501250000E+06	2.887215E-01	-8.832786E+01
1.87688125000E+06	2.874831E-01	-8.816152E+01
1.87875000000E+06	2.855076E-01	-8.821834E+01
1.88061875000E+06	2.866071E-01	-8.823157E+01
1.88248750000E+06	2.897428E-01	-8.795827E+01
1.88435625000E+06	2.861835E-01	-8.844222E+01
1.88622500000E+06	2.901396E-01	-8.812621E+01
1.88809375000E+06	2.882202E-01	-8.846973E+01
1.88996250000E+06	2.895063E-01	-8.821945E+01
1.89183125000E+06	2.873846E-01	-8.845922E+01
1.89370000000E+06	2.898632E-01	-8.802655E+01
1.89556875000E+06	2.900545E-01	-8.851787E+01
1.89743750000E+06	2.887620E-01	-8.831613E+01
1.89930625000E+06	2.899876E-01	-8.845335E+01
1.90117500000E+06	2.880310E-01	-8.802432E+01
1.90304375000E+06	2.917983E-01	-8.821623E+01
1.90491250000E+06	2.906576E-01	-8.793078E+01
1.90678125000E+06	2.929572E-01	-8.801169E+01
1.90865000000E+06	2.916244E-01	-8.809373E+01
1.91051875000E+06	2.932316E-01	-8.840397E+01
1.91238750000E+06	2.930925E-01	-8.801674E+01
1.91425625000E+06	2.930252E-01	-8.813985E+01
1.91612500000E+06	2.940871E-01	-8.812783E+01
1.91799375000E+06	2.936806E-01	-8.826742E+01
1.91986250000E+06	2.944173E-01	-8.847432E+01
1.92173125000E+06	2.951991E-01	-8.810227E+01
1.92360000000E+06	2.946940E-01	-8.847270E+01
1.92546875000E+06	2.936172E-01	-8.769115E+01
1.92733750000E+06	2.947695E-01	-8.794347E+01
1.92920625000E+06	2.953803E-01	-8.832255E+01
1.93107500000E+06	2.957182E-01	-8.822872E+01
1.93294375000E+06	2.967446E-01	-8.863594E+01
1.93481250000E+06	2.956763E-01	-8.777471E+01
1.93668125000E+06	2.967960E-01	-8.826239E+01
1.93855000000E+06	2.964010E-01	-8.794750E+01
1.94041875000E+06	2.942932E-01	-8.786599E+01
1.94228750000E+06	2.975960E-01	-8.837335E+01
1.94415625000E+06	2.969164E-01	-8.777641E+01
1.94602500000E+06	2.990746E-01	-8.798562E+01
1.94789375000E+06	2.954252E-01	-8.804938E+01
1.94976250000E+06	2.973114E-01	-8.813625E+01
1.95163125000E+06	2.980175E-01	-8.772876E+01
1.95350000000E+06	2.978742E-01	-8.784877E+01
1.95536875000E+06	3.002177E-01	-8.784386E+01
1.95723750000E+06	2.995929E-01	-8.813342E+01
1.95910625000E+06	2.985582E-01	-8.794061E+01
1.96097500000E+06	3.020079E-01	-8.799917E+01
1.96284375000E+06	3.014934E-01	-8.808872E+01
1.96471250000E+06	3.015131E-01	-8.806908E+01
1.96658125000E+06	3.001395E-01	-8.875826E+01
1.96845000000E+06	3.015307E-01	-8.834154E+01
1.97031875000E+06	3.041683E-01	-8.757658E+01
1.97218750000E+06	3.015659E-01	-8.807096E+01
1.97405625000E+06	3.013180E-01	-8.785939E+01
1.97592500000E+06	3.029111E-01	-8.803302E+01
1.97779375000E+06	3.024065E-01	-8.787487E+01
1.97966250000E+06	3.036146E-01	-8.859464E+01
1.98153125000E+06	3.025283E-01	-8.767327E+01
1.98340000000E+06	3.040047E-01	-8.803883E+01
1.98526875000E+06	3.048936E-01	-8.824865E+01
1.98713750000E+06	3.045214E-01	-8.822009E+01
1.98900625000E+06	3.043945E-01	-8.778917E+01
1.99087500000E+06	3.049624E-01	-8.798145E+01
1.99274375000E+06	3.053577E-01	-8.786906E+01
1.99461250000E+06	3.056549E-01	-8.806216E+01
1.99648125000E+06	3.050497E-01	-8.800401E+01
1.99835000000E+06	3.052452E-01	-8.808068E+01
2.00021875000E+06	3.073877E-01	-8.852251E+01
2.00208750000E+06	3.066533E-01	-8.817191E+01
2.00395625000E+06	3.070700E-01	-8.779344E+01
2.00582500000E+06	3.076485E-01	-8.805390E+01
2.00769375000E+06	3.082953E-01	-8.787276E+01
2.00956250000E+06	3.067782E-01	-8.858945E+01
2.01143125000E+06	3.079051E-01	-8.844072E+01
2.01330000000E+06	3.080198E-01	-8.814481E+01
2.01516875000E+06	3.085295E-01	-8.828914E+01
2.01703750000E+06	3.092641E-01	-8.806087E+01
2.01890625000E+06	3.081185E-01	-8.845463E+01
2.02077500000E+06	3.112431E-01	-8.834083E+01
2.02264375000E+06	3.086472E-01	-8.822145E+01
2.02451250000E+06	3.102456E-01	-8.759782E+01
2.02638125000E+06	3.095204E-01	-8.756004E+01
2.02825000000E+06	3.113300E-01	-8.778069E+01
2.03011875000E+06	3.102317E-01	-8.821592E+01
2.03198750000E+06	3.115790E-01	-8.824909E+01
2.03385625000E+06	3.098653E-01	-8.844003E+01
2.03572500000E+06	3.142816E-01	-8.763146E+01
2.03759375000E+06	3.115672E-01	-8.784229E+01
2.03946250000E+06	3.099612E-01	-8.818008E+01
2.04133125000E+06	3.114747E-01	-8.825751E+01
2.04320000000E+06	3.150431E-01	-8.804459E+01
2.04506875000E+06	3.137906E-01	-8.810253E+01
2.04693750000E+06	3.133503E-01	-8.814387E+01
2.04880625000E+06	3.124946E-01	-8.772318E+01
2.05067500000E+06	3.136209E-01	-8.836125E+01
2.05254375000E+06	3.156017E-01	-8.796760E+01
2.05441250000E+06	3.150831E-01	-8.825529E+01
2.05628125000E+06	3.156921E-01	-8.813609E+01
2.05815000000E+06	3.161671E-01	-8.808727E+01
2.06001875000E+06	3.167183E-01	-8.785265E+01
2.06188750000E+06	3.156914E-01	-8.807645E+01
2.06375625000E+06	3.150299E-01	-8.802458E+01
2.06562500000E+06	3.168159E-01	-8.795222E+01
2.06749375000E+06	3.153318E-01	-8.775832E+01
2.06936250000E+06	3.182007E-01	-8.786629E+01
2.07123125000E+06	3.166655E-01	-8.815684E+01
2.07310000000E+06	3.186393E-01	-8.781010E+01
2.07496875000E+06	3.175585E-01	-8.789413E+01
2.07683750000E+06	3.199070E-01	-8.807681E+01
2.07870625000E+06	3.187274E-01	-8.792799E+01
2.08057500000E+06	3.197924E-01	-8.771047E+01
2.08244375000E+06	3.206431E-01	-8.762695E+01
2.08431250000E+06	3.178141E-01	-8.789915E+01
2.08618125000E+06	3.193963E-01	-8.771797E+01
2.08805000000E+06	3.187598E-01	-8.792378E+01
2.08991875000E+06	3.235471E-01	-8.772155E+01
2.09178750000E+06	3.172106E-01	-8.790293E+01
2.09365625000E+06	3.204699E-01	-8.816530E+01
2.09552500000E+06	3.227125E-01	-8.789199E+01
2.09739375000E+06	3.217620E-01	-8.791724E+01
2.09926250000E+06	3.214167E-01	-8.770757E+01
2.10113125000E+06	3.205199E-01	-8.794482E+01
2.10300000000E+06	3.213064E-01	-8.759263E+01
2.10486875000E+06	3.240246E-01	-8.796666E+01
2.10673750000E+06	3.211872E-01	-8.802426E+01
2.10860625000E+06	3.235751E-01	-8.762560E+01
2.11047500000E+06	3.227873E-01	-8.793044E+01
2.11234375000E+06	3.233291E-01	-8.777544E+01
2.11421250000E+06	3.244014E-01	-8.798911E+01
2.11608125000E+06	3.239957E-01	-8.761300E+01
2.11795000000E+06	3.262099E-01	-8.802538E+01
2.11981875000E+06	3.262424E-01	-8.804035E+01
2.12168750000E+06	3.254600E-01	-8.789237E+01
2.12355625000E+06	3.251687E-01	-8.768266E+01
2.12542500000E+06	3.248615E-01	-8.758803E+01
2.12729375000E+06	3.266352E-01	-8.798540E+01
2.12916250000E+06	3.284793E-01	-8.774106E+01
2.13103125000E+06	3.272113E-01	-8.797900E+01
2.13290000000E+06	3.288427E-01	-8.828745E+01
2.13476875000E+06	3.272752E-01	-8.768819E+01
2.13663750000E+06	3.300020E-01	-8.784850E+01
2.13850625000E+06	3.285497E-01	-8.795897E+01
2.14037500000E+06	3.292008E-01	-8.790475E+01
2.14224375000E+06	3.302118E-01	-8.824663E+01
2.14411250000E+06	3.283834E-01	-8.810842E+01
2.14598125000E+06	3.312302E-01	-8.778364E+01
2.14785000000E+06	3.289601E-01	-8.828825E+01
2.14971875000E+06	3.289720E-01	-8.793002E+01
2.15158750000E+06	3.298050E-01	-8.753842E+01
2.15345625000E+06	3.302277E-01	-8.810734E+01
2.15532500000E+06	3.316332E-01	-8.782635E+01
2.15719375000E+06	3.316372E-01	-8.784583E+01
2.15906250000E+06	3.316247E-01	-8.760860E+01
2.16093125000E+06	3.341115E-01	-8.727502E+01
2.16280000000E+06	3.321891E-01	-8.773910E+01
2.16466875000E+06	3.334871E-01	-8.787822E+01
2.16653750000E+06	3.320367E-01	-8.776466E+01
2.16840625000E+06	3.312532E-01	-8.769701E+01
2.17027500000E+06	3.344499E-01	-8.804874E+01
2.17214375000E+06	3.333921E-01	-8.803657E+01
2.17401250000E+06	3.344193E-01	-8.760102E+01
2.17588125000E+06	3.330623E-01	-8.778320E+01
2.17775000000E+06	3.343093E-01	-8.798587E+01
2.17961875000E+06	3.326229E-01	-8.785684E+01
2.18148750000E+06	3.346257E-01	-8.770200E+01
2.18335625000E+06	3.353963E-01	-8.769580E+01
2.18522500000E+06	3.358617E-01	-8.799738E+01
2.18709375000E+06	3.363245E-01	-8.755247E+01
2.18896250000E+06	3.358853E-01	-8.762799E+01
2.19083125000E+06	3.357972E-01	-8.789572E+01
2.19270000000E+06	3.379963E-01	-8.772764E+01
2.19456875000E+06	3.359188E-01	-8.790752E+01
2.19643750000E+06	3.382095E-01	-8.790151E+01
2.19830625000E+06	3.402745E-01	-8.750797E+01
2.20017500000E+06	3.369425E-01	-8.763007E+01
2.20204375000E+06	3.374526E-01	-8.780634E+01
2.20391250000E+06	3.379451E-01	-8.798167E+01
2.20578125000E+06	3.388149E-01	-8.745812E+01
2.20765000000E+06	3.380451E-01	-8.776616E+01
2.20951875000E+06	3.391263E-01	-8.806947E+01
2.21138750000E+06	3.382027E-01	-8.819569E+01
2.21325625000E+06	3.409482E-01	-8.797369E+01
2.21512500000E+06	3.399310E-01	-8.797454E+01
2.21699375000E+06	3.410098E-01	-8.771086E+01
2.21886250000E+06	3.413365E-01	-8.758593E+01
2.22073125000E+06	3.413919E-01	-8.772845E+01
2.22260000000E+06	3.422368E-01	-8.744302E+01
2.22446875000E+06	3.424014E-01	-8.799943E+01
2.22633750000E+06	3.423341E-01	-8.776740E+01
2.22820625000E+06	3.425348E-01	-8.749401E+01
2.23007500000E+06	3.433079E-01	-8.778134E+01
2.23194375000E+06	3.447938E-01	-8.759684E+01
2.23381250000E+06	3.447067E-01	-8.787902E+01
2.23568125000E+06	3.448651E-01	-8.786127E+01
2.23755000000E+06	3.439603E-01	-8.757603E+01
2.23941875000E+06	3.450611E-01	-8.774148E+01
2.24128750000E+06	3.446780E-01	-8.786559E+01
2.24315625000E+06	3.459700E-01	-8.761605E+01
2.24502500000E+06	3.457864E-01	-8.734213E+01
2.24689375000E+06	3.488162E-01	-8.779778E+01
2.24876250000E+06	3.464735E-01	-8.765883E+01
2.25063125000E+06	3.471608E-01	-8.782105E+01
2.25250000000E+06	3.473229E-01	-8.750079E+01
2.25436875000E+06	3.474359E-01	-8.776865E+01
2.25623750000E+06	3.475271E-01	-8.774664E+01
2.25810625000E+06	3.468813E-01	-8.784290E+01
2.25997500000E+06	3.480293E-01	-8.771854E+01
2.26184375000E+06	3.480091E-01	-8.783542E+01
2.26371250000E+06	3.486988E-01	-8.790175E+01
2.26558125000E+06	3.491637E-01	-8.779792E+01
2.26745000000E+06	3.484834E-01	-8.772266E+01
2.26931875000E+06	3.485187E-01	-8.794093E+01
2.27118750000E+06	3.491147E-01	-8.791734E+01
2.27305625000E+06	3.510636E-01	-8.756078E+01
2.27492500000E+06	3.513309E-01	-8.777833E+01
2.27679375000E+06	3.525069E-01	-8.779519E+01
2.27866250000E+06	3.503618E-01	-8.760036E+01
2.28053125000E+06	3.525072E-01	-8.797617E+01
2.28240000000E+06	3.509495E-01	-8.785396E+01
2.28426875000E+06	3.520418E-01	-8.825441E+01
2.28613750000E+06	3.523375E-01	-8.760378E+01
2.28800625000E+06	3.520027E-01	-8.766283E+01
2.28987500000E+06	3.539309E-01	-8.761234E+01
2.29174375000E+06	3.506019E-01	-8.773708E+01
2.29361250000E+06	3.540798E-01	-8.763399E+01
2.29548125000E+06	3.541948E-01	-8.787769E+01
2.29735000000E+06	3.546506E-01	-8.767735E+01
2.29921875000E+06	3.533593E-01	-8.757302E+01
2.30108750000E+06	3.541101E-01	-8.751494E+01
2.30295625000E+06	3.540182E-01	-8.781647E+01
2.30482500000E+06	3.549668E-01	-8.798283E+01
2.30669375000E+06	3.549662E-01	-8.729732E+01
2.30856250000E+06	3.559690E-01	-8.749164E+01
2.31043125000E+06	3.573469E-01	-8.793686E+01
2.31230000000E+06	3.575522E-01	-8.775435E+01
2.31416875000E+06	3.570418E-01	-8.806181E+01
2.31603750000E+06	3.590372E-01	-8.762862E+01
2.31790625000E+06	3.570887E-01	-8.767068E+01
2.31977500000E+06	3.585379E-01	-8.757130E+01
2.32164375000E+06	3.573190E-01	-8.754367E+01
2.32351250000E+06	3.620735E-01	-8.764320E+01
2.32538125000E+06	3.584358E-01	-8.749340E+01
2.32725000000E+06	3.588083E-01	-8.755458E+01
2.32911875000E+06	3.587304E-01	-8.783501E+01
2.33098750000E+06	3.579749E-01	-8.741907E+01
2.33285625000E+06	3.618424E-01	-8.758351E+01
2.33472500000E+06	3.608819E-01	-8.758015E+01
2.33659375000E+06	3.599500E-01	-8.774364E+01
2.33846250000E+06	3.612064E-01	-8.771715E+01
2.34033125000E+06	3.605081E-01	-8.790271E+01
2.34220000000E+06	3.595761E-01	-8.742144E+01
2.34406875000E+06	3.613587E-01	-8.732977E+01
2.34593750000E+06	3.631057E-01	-8.749999E+01
2.34780625000E+06	3.626895E-01	-8.791670E+01
2.34967500000E+06	3.604712E-01	-8.739707E+01
2.35154375000E+06	3.621604E-01	-8.737893E+01
2.35341250000E+06	3.634208E-01	-8.785399E+01
2.35528125000E+06	3.635753E-01	-8.759508E+01
2.35715000000E+06	3.640409E-01	-8.773061E+01
2.35901875000E+06	3.632665E-01	-8.726574E+01
2.36088750000E+06	3.652268E-01	-8.752847E+01
2.36275625000E+06	3.646367E-01	-8.754252E+01
2.36462500000E+06	3.660212E-01	-8.747830E+01
2.36649375000E+06	3.649398E-01	-8.749651E+01
2.36836250000E+06	3.643875E-01	-8.739959E+01
2.37023125000E+06	3.652246E-01	-8.719745E+01
2.37210000000E+06	3.668229E-01	-8.766753E+01
2.37396875000E+06	3.662097E-01	-8.768947E+01
2.37583750000E+06	3.670244E-01	-8.739547E+01
2.37770625000E+06	3.670888E-01	-8.757655E+01
2.37957500000E+06	3.675875E-01	-8.742999E+01
2.38144375000E+06	3.658682E-01	-8.745472E+01
2.38331250000E+06	3.686868E-01	-8.744231E+01
2.38518125000E+06	3.673802E-01	-8.779957E+01
2.38705000000E+06	3.706856E-01	-8.787720E+01
2.38891875000E+06	3.715599E-01	-8.776174E+01
2.39078750000E+06	3.697630E-01	-8.711973E+01
2.39265625000E+06	3.707778E-01	-8.779010E+01
2.39452500000E+06	3.687401E-01	-8.742894E+01
2.39639375000E+06	3.707484E-01	-8.786292E+01
2.39826250000E+06	3.703297E-01	-8.766671E+01
2.40013125000E+06	3.713574E-01	-8.763960E+01
2.40200000000E+06	3.721892E-01	-8.788481E+01
2.40386875000E+06	3.719135E-01	-8.768266E+01
2.40573750000E+06	3.722374E-01	-8.768842E+01
2.40760625000E+06	3.723605E-01	-8.780155E+01
2.40947500000E+06	3.730730E-01	-8.763647E+01
2.41134375000E+06	3.740581E-01	-8.780968E+01
2.41321250000E+06	3.722742E-01	-8.757307E+01
2.41508125000E+06	3.743556E-01	-8.747404E+01
2.41695000000E+06	3.745886E-01	-8.762892E+01
2.41881875000E+06	3.753642E-01	-8.750635E+01
2.42068750000E+06	3.717459E-01	-8.758218E+01
2.42255625000E+06	3.756868E-01	-8.766949E+01
2.42442500000E+06	3.758589E-01	-8.764108E+01
2.42629375000E+06	3.761306E-01	-8.729092E+01
2.42816250000E+06	3.733924E-01	-8.797001E+01
2.43003125000E+06	3.755166E-01	-8.798080E+01
2.43190000000E+06	3.764133E-01	-8.764274E+01
2.43376875000E+06	3.772814E-01	-8.768512E+01
2.43563750000E+06	3.758504E-01	-8.759996E+01
2.43750625000E+06	3.785473E-01	-8.756946E+01
2.43937500000E+06	3.769133E-01	-8.772264E+01
2.44124375000E+06	3.784820E-01	-8.781184E+01
2.44311250000E+06	3.778588E-01	-8.770132E+01
2.44498125000E+06	3.781159E-01	-8.752425E+01
2.44685000000E+06	3.791290E-01	-8.738042E+01
2.44871875000E+06	3.786665E-01	-8.776987E+01
2.45058750000E+06	3.815772E-01	-8.755602E+01
2.45245625000E+06	3.796865E-01	-8.745979E+01
2.45432500000E+06	3.813007E-01	-8.784619E+01
2.45619375000E+06	3.795172E-01	-8.770255E+01
2.45806250000E+06	3.810813E-01	-8.733608E+01
2.45993125000E+06	3.807972E-01	-8.768308E+01
2.46180000000E+06	3.819251E-01	-8.758712E+01
2.46366875000E+06	3.815790E-01	-8.746050E+01
2.46553750000E+06	3.811167E-01	-8.755092E+01
2.46740625000E+06	3.811708E-01	-8.769339E+01
2.46927500000E+06	3.819126E-01	-8.726631E+01
2.47114375000E+06	3.811264E-01	-8.768008E+01
2.47301250000E+06	3.821903E-01	-8.778805E+01
2.47488125000E+06	3.840916E-01	-8.747340E+01
2.47675000000E+06	3.828456E-01	-8.753045E+01
2.47861875000E+06	3.846921E-01	-8.777441E+01
2.48048750000E+06	3.858421E-01	-8.741010E+01
2.48235625000E+06	3.830547E-01	-8.746583E+01
2.48422500000E+06	3.834670E-01	-8.755568E+01
2.48609375000E+06	3.853818E-01	-8.748519E+01
2.48796250000E+06	3.856985E-01	-8.774328E+01
2.48983125000E+06	3.855822E-01	-8.769968E+01
2.49170000000E+06	3.866768E-01	-8.707719E+01
2.49356875000E+06	3.892527E-01	-8.736915E+01
2.49543750000E+06	3.879449E-01	-8.731826E+01
2.49730625000E+06	3.857401E-01	-8.746291E+01
2.49917500000E+06	3.880846E-01	-8.746474E+01
2.50104375000E+06	3.877042E-01	-8.757151E+01
2.50291250000E+06	3.906334E-01	-8.748698E+01
2.50478125000E+06	3.904662E-01	-8.752060E+01
2.50665000000E+06	3.890499E-01	-8.737989E+01
2.50851875000E+06	3.894733E-01	-8.759199E+01
2.51038750000E+06	3.893762E-01	-8.740487E+01
2.51225625000E+06	3.894067E-01	-8.751474E+01
2.51412500000E+06	3.890989E-01	-8.761628E+01
2.51599375000E+06	3.915049E-01	-8.751266E+01
2.51786250000E+06	3.886237E-01	-8.744642E+01
2.51973125000E+06	3.904009E-01	-8.756312E+01
2.52160000000E+06	3.895837E-01	-8.780697E+01
2.52346875000E+06	3.906850E-01	-8.760155E+01
2.52533750000E+06	3.920362E-01	-8.749316E+01
2.52720625000E+06	3.907573E-01	-8.736703E+01
2.52907500000E+06	3.910103E-01	-8.722414E+01
2.53094375000E+06	3.933486E-01	-8.765678E+01
2.53281250000E+06	3.925064E-01	-8.756412E+01
2.53468125000E+06	3.933916E-01	-8.768404E+01
2.53655000000E+06	3.929592E-01	-8.745726E+01
2.53841875000E+06	3.946155E-01	-8.756576E+01
2.54028750000E+06	3.935165E-01	-8.742416E+01
2.54215625000E+06	3.942456E-01	-8.728644E+01
2.54402500000E+06	3.957547E-01	-8.752647E+01
2.54589375000E+06	3.940967E-01	-8.759657E+01
2.54776250000E+06	3.956947E-01	-8.756459E+01
2.54963125000E+06	3.968820E-01	-8.724390E+01
2.55150000000E+06	3.977091E-01	-8.756557E+01
2.55336875000E+06	3.979428E-01	-8.745707E+01
2.55523750000E+06	3.963265E-01	-8.735300E+01
2.55710625000E+06	3.986498E-01	-8.759920E+01
2.55897500000E+06	3.949758E-01	-8.740355E+01
2.56084375000E+06	3.968674E-01	-8.755542E+01
2.56271250000E+06	3.978830E-01	-8.744437E+01
2.56458125000E+06	3.978389E-01	-8.747333E+01
2.56645000000E+06	3.978473E-01	-8.746031E+01
2.56831875000E+06	3.995284E-01	-8.791048E+01
2.57018750000E+06	4.006132E-01	-8.748640E+01
2.57205625000E+06	3.991551E-01	-8.751643E+01
2.57392500000E+06	3.990899E-01	-8.754247E+01
2.57579375000E+06	3.983132E-01	-8.714819E+01
2.57766250000E+06	4.022477E-01	-8.753617E+01
2.57953125000E+06	4.008009E-01	-8.751330E+01
2.58140000000E+06	4.013420E-01	-8.733183E+01
2.58326875000E+06	4.017765E-01	-8.720905E+01
2.58513750000E+06	4.002900E-01	-8.762091E+01
2.58700625000E+06	4.040855E-01	-8.774345E+01
2.58887500000E+06	4.017884E-01	-8.737637E+01
2.59074375000E+06	4.028218E-01	-8.722230E+01
2.59261250000E+06	4.007847E-01	-8.714999E+01
2.59448125000E+06	4.033729E-01	-8.734585E+01
2.59635000000E+06	4.032861E-01	-8.759144E+01
2.59821875000E+06	4.045382E-01	-8.743952E+01
2.60008750000E+06	4.065591E-01	-8.754818E+01
2.60195625000E+06	4.037597E-01	-8.732053E+01
2.60382500000E+06	4.054058E-01	-8.726491E+01
2.60569375000E+06	4.027407E-01	-8.718936E+01
2.60756250000E+06	4.066190E-01	-8.712637E+01
2.60943125000E+06	4.050376E-01	-8.748133E+01
2.61130000000E+06	4.062808E-01	-8.770705E+01
2.61316875000E+06	4.074019E-01	-8.755639E+01
2.61503750000E+06	4.069812E-01	-8.740005E+01
2.61690625000E+06	4.054702E-01	-8.753586E+01
2.61877500000E+06	4.073858E-01	-8.759727E+01
2.62064375000E+06	4.063345E-01	-8.746786E+01
2.62251250000E+06	4.092708E-01	-8.737286E+01
2.62438125000E+06	4.071459E-01	-8.736227E+01
2.62625000000E+06	4.101715E-01	-8.744525E+01
2.62811875000E+06	4.084274E-01	-8.753594E+01
2.62998750000E+06	4.082477E-01	-8.728111E+01
2.63185625000E+06	4.106824E-01	-8.752221E+01
2.63372500000E+06	4.101670E-01	-8.739187E+01
2.63559375000E+06	4.100083E-01	-8.719808E+01
2.63746250000E+06	4.088338E-01	-8.757954E+01
2.63933125000E+06	4.092056E-01	-8.750717E+01
2.64120000000E+06	4.090571E-01	-8.746098E+01
2.64306875000E+06	4.130992E-01	-8.729866E+01
2.64493750000E+06	4.124463E-01	-8.727534E+01
2.64680625000E+06	4.103677E-01	-8.731938E+01
2.64867500000E+06	4.124822E-01	-8.735783E+01
2.65054375000E+06	4.118464E-01	-8.742034E+01
2.65241250000E+06	4.133847E-01	-8.727240E+01
2.65428125000E+06	4.126177E-01	-8.743349E+01
2.65615000000E+06	4.128685E-01	-8.739887E+01
2.65801875000E+06	4.153717E-01	-8.723802E+01
2.65988750000E+06	4.133020E-01	-8.728952E+01
2.66175625000E+06	4.159437E-01	-8.758076E+01
2.66362500000E+06	4.148636E-01	-8.745828E+01
2.66549375000E+06	4.139176E-01	-8.761357E+01
2.66736250000E+06	4.161624E-01	-8.735326E+01
2.66923125000E+06	4.153916E-01	-8.732713E+01
2.67110000000E+06	4.172304E-01	-8.745318E+01
2.67296875000E+06	4.189034E-01	-8.752076E+01
2.67483750000E+06	4.163829E-01	-8.747361E+01
2.67670625000E+06	4.166071E-01	-8.727920E+01
2.67857500000E+06	4.166503E-01	-8.743165E+01
2.68044375000E+06	4.192568E-01	-8.742111E+01
2.68231250000E+06	4.169126E-01	-8.731408E+01
2.68418125000E+06	4.171864E-01	-8.748323E+01
2.68605000000E+06	4.167818E-01	-8.728540E+01
2.68791875000E+06	4.195468E-01	-8.720587E+01
2.68978750000E+06	4.183677E-01	-8.723736E+01
2.69165625000E+06	4.192275E-01	-8.753864E+01
2.69352500000E+06	4.177734E-01	-8.753523E+01
2.69539375000E+06	4.186726E-01	-8.739445E+01
2.69726250000E+06	4.199782E-01	-8.735532E+01
2.69913125000E+06	4.198240E-01	-8.763283E+01
2.70100000000E+06	4.205921E-01	-8.750486E+01
2.70286875000E+06	4.218610E-01	-8.751348E+01
2.70473750000E+06	4.218873E-01	-8.738750E+01
2.70660625000E+06	4.210771E-01	-8.761948E+01
2.70847500000E+06	4.237257E-01	-8.744538E+01
2.71034375000E+06	4.216025E-01	-8.737637E+01
2.71221250000E+06	4.221663E-01	-8.735911E+01
2.71408125000E+06	4.209362E-01	-8.724763E+01
2.71595000000E+06	4.230585E-01	-8.762998E+01
2.71781875000E+06	4.236714E-01	-8.718620E+01
2.71968750000E+06	4.243995E-01	-8.703111E+01
2.72155625000E+06	4.231853E-01	-8.751637E+01
2.72342500000E+06	4.248623E-01	-8.737894E+01
2.72529375000E+06	4.243817E-01	-8.745794E+01
2.72716250000E+06	4.261769E-01	-8.748457E+01
2.72903125000E+06	4.260198E-01	-8.709089E+01
2.73090000000E+06	4.259762E-01	-8.740393E+01
2.73276875000E+06	4.265193E-01	-8.741313E+01
2.73463750000E+06	4.271818E-01	-8.724462E+01
2.73650625000E+06	4.263273E-01	-8.700582E+01
2.73837500000E+06	4.263571E-01	-8.707654E+01
2.74024375000E+06	4.278786E-01	-8.740327E+01
2.74211250000E+06	4.283811E-01	-8.726076E+01
2.74398125000E+06	4.279516E-01	-8.717088E+01
2.74585000000E+06	4.284438E-01	-8.741505E+01
2.74771875000E+06	4.294430E-01	-8.737504E+01
2.74958750000E+06	4.302934E-01	-8.693807E+01
2.75145625000E+06	4.288901E-01	-8.720724E+01
2.75332500000E+06	4.291471E-01	-8.727460E+01
2.75519375000E+06	4.299744E-01	-8.735918E+01
2.75706250000E+06	4.314799E-01	-8.751828E+01
2.75893125000E+06	4.313957E-01	-8.711770E+01
2.76080000000E+06	4.298780E-01	-8.732539E+01
2.76266875000E+06	4.307732E-01	-8.717071E+01
2.76453750000E+06	4.321276E-01	-8.705012E+01
2.76640625000E+06	4.332071E-01	-8.724147E+01
2.76827500000E+06	4.332271E-01	-8.737438E+01
2.77014375000E+06	4.321980E-01	-8.728815E+01
2.77201250000E+06	4.349296E-01	-8.727762E+01
2.77388125000E+06	4.344658E-01	-8.723079E+01
2.77575000000E+06	4.340807E-01	-8.727819E+01
2.77761875000E+06	4.329119E-01	-8.725760E+01
2.77948750000E+06	4.344660E-01	-8.749432E+01
2.78135625000E+06	4.333573E-01	-8.734568E+01
2.78322500000E+06	4.349691E-01	-8.707729E+01
2.78509375000E+06	4.349194E-01	-8.712486E+01
2.78696250000E+06	4.371890E-01	-8.707513E+01
2.78883125000E+06	4.344042E-01	-8.704509E+01
2.79070000000E+06	4.357580E-01	-8.715889E+01
2.79256875000E+06	4.371834E-01	-8.731922E+01
2.79443750000E+06	4.344339E-01	-8.725151E+01
2.79630625000E+06	4.380382E-01	-8.698384E+01
2.79817500000E+06	4.355139E-01	-8.709878E+01
2.80004375000E+06	4.373863E-01	-8.720778E+01
2.80191250000E+06	4.372188E-01	-8.719228E+01
2.80378125000E+06	4.387546E-01	-8.721695E+01
2.80565000000E+06	4.400396E-01	-8.702116E+01
2.80751875000E+06	4.369081E-01	-8.697653E+01
2.80938750000E+06	4.386782E-01	-8.720327E+01
2.81125625000E+06	4.396546E-01	-8.718830E+01
2.81312500000E+06	4.385937E-01	-8.729748E+01
2.81499375000E+06	4.391069E-01	-8.680089E+01
2.81686250000E+06	4.393597E-01	-8.746049E+01
2.81873125000E+06	4.403982E-01	-8.738966E+01
2.82060000000E+06	4.417402E-01	-8.721236E+01
2.82246875000E+06	4.395228E-01	-8.725370E+01
2.82433750000E+06	4.409530E-01	-8.688963E+01
2.82620625000E+06	4.445131E-01	-8.735954E+01
2.82807500000E+06	4.412079E-01	-8.749226E+01
2.82994375000E+06	4.418463E-01	-8.715575E+01
2.83181250000E+06	4.443700E-01	-8.706694E+01
2.83368125000E+06	4.418996E-01	-8.738174E+01
2.83555000000E+06	4.428184E-01	-8.681087E+01
2.83741875000E+06	4.441244E-01	-8.740438E+01
2.83928750000E+06	4.439124E-01	-8.728854E+01
2.84115625000E+06	4.435617E-01	-8.709897E+01
2.84302500000E+06	4.466941E-01	-8.709950E+01
2.84489375000E+06	4.467613E-01	-8.744554E+01
2.84676250000E+06	4.448799E-01	-8.716786E+01
2.84863125000E+06	4.469990E-01	-8.708222E+01
2.85050000000E+06	4.439926E-01	-8.682183E+01
2.85236875000E+06	4.459572E-01	-8.670506E+01
2.85423750000E+06	4.495446E-01	-8.711344E+01
2.85610625000E+06	4.463306E-01	-8.704371E+01
2.85797500000E+06	4.472442E-01	-8.689032E+01
2.85984375000E+06	4.467669E-01	-8.701931E+01
2.86171250000E+06	4.480290E-01	-8.693845E+01
2.86358125000E+06	4.467589E-01	-8.720074E+01
2.86545000000E+06	4.484074E-01	-8.712314E+01
2.86731875000E+06	4.489691E-01	-8.700790E+01
2.86918750000E+06	4.494768E-01	-8.691120E+01
2.87105625000E+06	4.517824E-01	-8.754327E+01
2.87292500000E+06	4.480985E-01	-8.726434E+01
2.87479375000E+06	4.501032E-01	-8.728425E+01
2.87666250000E+06	4.522260E-01	-8.693130E+01
2.87853125000E+06	4.519049E-01	-8.709270E+01
2.88040000000E+06	4.478713E-01	-8.703687E+01
2.88226875000E+06	4.536048E-01	-8.688496E+01
2.88413750000E+06	4.507771E-01	-8.722136E+01
2.88600625000E+06	4.511257E-01	-8.701547E+01
2.88787500000E+06	4.547185E-01	-8.721006E+01
2.88974375000E+06	4.506485E-01	-8.693083E+01
2.89161250000E+06	4.526186E-01	-8.708909E+01
2.89348125000E+06	4.534516E-01	-8.703760E+01
2.89535000000E+06	4.535101E-01	-8.704837E+01
2.89721875000E+06	4.537546E-01	-8.684094E+01
2.89908750000E+06	4.532607E-01	-8.687236E+01
2.90095625000E+06	4.532559E-01	-8.701339E+01
2.90282500000E+06	4.538437E-01	-8.719478E+01
2.90469375000E+06	4.535442E-01	-8.693199E+01
2.90656250000E+06	4.548138E-01	-8.686277E+01
2.90843125000E+06	4.546479E-01	-8.687850E+01
2.91030000000E+06	4.522693E-01	-8.679173E+01
2.91216875000E+06	4.540706E-01	-8.687614E+01
2.91403750000E+06	4.554934E-01	-8.718500E+01
2.91590625000E+06	4.550759E-01	-8.699816E+01
2.91777500000E+06	4.573374E-01	-8.702341E+01
2.91964375000E+06	4.572380E-01	-8.675971E+01
2.92151250000E+06	4.581342E-01	-8.715227E+01
2.92338125000E+06	4.580576E-01	-8.723456E+01
2.92525000000E+06	4.591502E-01	-8.699438E+01
2.92711875000E+06	4.580781E-01	-8.692570E+01
2.92898750000E+06	4.571803E-01	-8.693740E+01
2.93085625000E+06	4.597806E-01	-8.711533E+01
2.93272500000E+06	4.606122E-01	-8.688570E+01
2.93459375000E+06	4.601360E-01	-8.707364E+01
2.93646250000E+06	4.589867E-01	-8.723563E+01
2.93833125000E+06	4.614575E-01	-8.707654E+01
2.94020000000E+06	4.617793E-01	-8.703300E+01
2.94206875000E+06	4.610719E-01	-8.704001E+01
2.94393750000E+06	4.629226E-01	-8.688017E+01
2.94580625000E+06	4.620091E-01	-8.692234E+01
2.94767500000E+06	4.628413E-01	-8.689308E+01
2.94954375000E+06	4.625439E-01	-8.705862E+01
2.95141250000E+06	4.629026E-01	-8.692230E+01
2.95328125000E+06	4.649530E-01	-8.703992E+01
2.95515000000E+06	4.634413E-01	-8.690952E+01
2.95701875000E+06	4.636815E-01	-8.687720E+01
2.95888750000E+06	4.634736E-01	-8.702891E+01
2.96075625000E+06	4.636937E-01	-8.694073E+01
2.96262500000E+06	4.632374E-01	-8.700828E+01
2.96449375000E+06	4.631568E-01	-8.703886E+01
2.96636250000E+06	4.640044E-01	-8.694297E+01
2.96823125000E+06	4.646995E-01	-8.698972E+01
2.97010000000E+06	4.662158E-01	-8.686359E+01
2.97196875000E+06	4.655152E-01	-8.688297E+01
2.97383750000E+06	4.651714E-01	-8.696447E+01
2.97570625000E+06	4.647785E-01	-8.667596E+01
2.97757500000E+06	4.665362E-01	-8.677560E+01
2.97944375000E+06	4.647614E-01	-8.683652E+01
2.98131250000E+06	4.660081E-01	-8.687062E+01
2.98318125000E+06	4.689198E-01	-8.686759E+01
2.98505000000E+06	4.700931E-01	-8.671008E+01
2.98691875000E+06	4.660830E-01	-8.737347E+01
2.98878750000E+06	4.681740E-01	-8.714581E+01
2.99065625000E+06	4.680805E-01	-8.683355E+01
2.99252500000E+06	4.684455E-01	-8.672156E+01
2.99439375000E+06	4.675728E-01	-8.696912E+01
2.99626250000E+06	4.692216E-01	-8.696808E+01
2.99813125000E+06	4.713800E-01	-8.657285E+01
3.00000000000E+06	4.708154E-01	-8.678503E+01
