"E5100A REV3.14"
"DATE: Jun 24 2004"



"CHANNEL: 2"
"MEASURE TYPE: AR"
"FORMAT TYPE: LINMP"
"NUMBER of POINTS: 1601"
"SWEEP TIME:  3.458 s"
"SWEEP TYPE: LINF"
"SOURCE POWER: 0 dBm"
"IF BANDWIDTH: 500 Hz"

"Frequency"	"Main Array"	"Sub Array"
1.00000000000E+04	1.609693E-01	-9.762131E+00
1.18687500000E+04	1.023328E-01	-1.058058E+02
1.37375000000E+04	5.749897E-02	1.279855E+02
1.56062500000E+04	3.766038E-02	8.288743E+00
1.74750000000E+04	1.614141E-01	5.791245E+00
1.93437500000E+04	4.214592E-02	-3.614049E+01
2.12125000000E+04	2.965448E-02	1.289861E+02
2.30812500000E+04	6.246389E-02	1.355317E+02
2.49500000000E+04	3.522974E-02	-5.426061E+01
2.68187500000E+04	6.575432E-02	-1.001031E+02
2.86875000000E+04	2.905209E-02	-8.343129E+01
3.05562500000E+04	4.960902E-02	-2.738961E+01
3.24250000000E+04	2.120718E-02	-4.005537E+01
3.42937500000E+04	6.043129E-03	-1.302994E+02
3.61625000000E+04	2.551524E-02	-5.276313E+00
3.80312500000E+04	1.032601E-02	-1.668066E+02
3.99000000000E+04	6.051288E-03	6.381388E+01
4.17687500000E+04	3.246848E-02	-1.028394E+02
4.36375000000E+04	1.944147E-02	-1.689080E+01
4.55062500000E+04	1.693056E-02	1.758533E+02
4.73750000000E+04	1.025852E-02	-1.055450E+02
4.92437500000E+04	9.950735E-03	-1.152262E+02
5.11125000000E+04	1.783035E-02	1.186479E+02
5.29812500000E+04	1.930040E-02	-9.552419E+01
5.48500000000E+04	2.148720E-02	7.042889E+01
5.67187500000E+04	1.016737E-02	-1.445217E+02
5.85875000000E+04	5.667126E-03	1.343494E+02
6.04562500000E+04	7.395278E-03	-3.134868E+01
6.23250000000E+04	8.238206E-03	9.950936E+01
6.41937500000E+04	1.242687E-02	1.296516E+02
6.60625000000E+04	8.678601E-03	-1.060866E+02
6.79312500000E+04	1.420253E-02	-1.370739E+02
6.98000000000E+04	4.364742E-03	2.412294E+01
7.16687500000E+04	1.557250E-02	-2.694149E+01
7.35375000000E+04	6.209505E-03	-2.324970E+01
7.54062500000E+04	1.083644E-02	-1.745948E+02
7.72750000000E+04	1.136353E-02	-1.026109E+02
7.91437500000E+04	1.070720E-02	-5.516737E+01
8.10125000000E+04	1.233440E-02	-1.240437E+02
8.28812500000E+04	6.607274E-03	-1.148335E+01
8.47500000000E+04	1.448211E-02	-8.368105E+01
8.66187500000E+04	1.613637E-02	-9.316256E+01
8.84875000000E+04	5.819644E-03	-1.674212E+02
9.03562500000E+04	6.859618E-03	-1.342066E+02
9.22250000000E+04	1.350644E-02	-1.402006E+02
9.40937500000E+04	9.193083E-03	-2.097339E+01
9.59625000000E+04	9.433001E-03	-1.004480E+02
9.78312500000E+04	1.032089E-02	-6.964568E+01
9.97000000000E+04	2.586787E-03	1.658154E+02
1.01568750000E+05	7.385664E-03	-1.205111E+02
1.03437500000E+05	6.433398E-03	1.286174E+02
1.05306250000E+05	1.070472E-02	-1.177437E+02
1.07175000000E+05	3.678336E-03	-1.093310E+02
1.09043750000E+05	1.812308E-03	1.954710E+01
1.10912500000E+05	1.129701E-02	-9.542358E+01
1.12781250000E+05	9.596206E-03	-7.191306E+01
1.14650000000E+05	5.227402E-03	-1.699500E+02
1.16518750000E+05	2.654086E-03	1.642401E+02
1.18387500000E+05	3.165749E-03	-1.595482E+01
1.20256250000E+05	5.756185E-03	1.691337E+02
1.22125000000E+05	1.015144E-02	-6.657693E+01
1.23993750000E+05	1.596431E-02	-7.162338E+01
1.25862500000E+05	6.823275E-03	-1.240903E+02
1.27731250000E+05	7.969789E-03	-3.466120E+01
1.29600000000E+05	7.650954E-03	-1.426073E+02
1.31468750000E+05	1.296991E-02	-6.188644E+01
1.33337500000E+05	5.004332E-03	-1.608935E+02
1.35206250000E+05	1.881956E-03	-8.210078E+01
1.37075000000E+05	4.025430E-03	-1.608340E+01
1.38943750000E+05	6.013633E-03	-5.475324E+01
1.40812500000E+05	6.440493E-03	-6.380850E+01
1.42681250000E+05	1.437039E-02	-7.962909E+01
1.44550000000E+05	7.789314E-03	-1.551419E+02
1.46418750000E+05	6.271286E-03	-1.104399E+02
1.48287500000E+05	1.219275E-02	-9.391188E+01
1.50156250000E+05	7.091952E-03	-2.231532E+01
1.52025000000E+05	1.516392E-02	-1.257076E+02
1.53893750000E+05	1.430076E-02	-7.676329E+01
1.55762500000E+05	9.213299E-03	-5.062513E+01
1.57631250000E+05	6.174595E-03	-6.401292E+01
1.59500000000E+05	3.785571E-03	1.709605E+02
1.61368750000E+05	1.130374E-02	-6.981784E+01
1.63237500000E+05	7.350284E-03	-6.478049E+01
1.65106250000E+05	7.916288E-03	-5.671558E+01
1.66975000000E+05	6.573190E-03	-6.458401E+01
1.68843750000E+05	5.883090E-03	-6.186475E+01
1.70712500000E+05	1.759613E-02	-1.031418E+02
1.72581250000E+05	1.034390E-02	-6.502342E+01
1.74450000000E+05	5.172527E-03	-5.119062E+01
1.76318750000E+05	1.625082E-02	-1.156712E+02
1.78187500000E+05	1.108024E-02	-9.557865E+01
1.80056250000E+05	1.475569E-02	-7.270387E+01
1.81925000000E+05	1.308325E-02	-8.763390E+01
1.83793750000E+05	7.527921E-03	-6.369236E+01
1.85662500000E+05	1.537269E-02	-8.605014E+01
1.87531250000E+05	1.063475E-02	-9.561105E+01
1.89400000000E+05	1.513059E-03	-1.110078E+02
1.91268750000E+05	4.402377E-03	-8.645168E+01
1.93137500000E+05	4.067764E-03	-8.773466E+01
1.95006250000E+05	1.585282E-02	-1.247542E+02
1.96875000000E+05	1.202174E-02	-1.025863E+02
1.98743750000E+05	1.173312E-02	-5.895203E+01
2.00612500000E+05	1.350495E-02	-6.565963E+01
2.02481250000E+05	9.700227E-03	-1.127171E+02
2.04350000000E+05	5.788197E-03	-5.102370E+01
2.06218750000E+05	1.132509E-02	-1.107083E+02
2.08087500000E+05	8.498111E-03	-8.619569E+01
2.09956250000E+05	7.335513E-03	-1.003964E+02
2.11825000000E+05	1.290977E-02	-7.473435E+01
2.13693750000E+05	8.774568E-03	-5.860044E+01
2.15562500000E+05	1.627382E-02	-5.446895E+01
2.17431250000E+05	5.160351E-03	-8.990267E+01
2.19300000000E+05	8.040945E-03	-1.022425E+02
2.21168750000E+05	8.343377E-03	-9.098338E+01
2.23037500000E+05	7.137139E-03	-8.668823E+01
2.24906250000E+05	1.616164E-02	-1.011791E+02
2.26775000000E+05	1.357345E-02	-1.001402E+02
2.28643750000E+05	1.276787E-02	-8.116291E+01
2.30512500000E+05	1.164375E-02	-6.641966E+01
2.32381250000E+05	1.409034E-02	-1.014833E+02
2.34250000000E+05	7.685818E-03	-8.977894E+01
2.36118750000E+05	1.723494E-02	-1.020052E+02
2.37987500000E+05	1.204516E-02	-8.854519E+01
2.39856250000E+05	1.591406E-02	-1.060654E+02
2.41725000000E+05	1.475284E-02	-7.487769E+01
2.43593750000E+05	1.309491E-02	-7.008101E+01
2.45462500000E+05	9.590481E-03	-9.583075E+01
2.47331250000E+05	1.064061E-02	-1.058163E+02
2.49200000000E+05	8.858630E-03	-1.231007E+02
2.51068750000E+05	1.477357E-02	-9.696747E+01
2.52937500000E+05	1.660052E-02	-5.126874E+01
2.54806250000E+05	1.759049E-02	-7.785289E+01
2.56675000000E+05	1.981952E-02	-1.065917E+02
2.58543750000E+05	6.617128E-03	-5.389428E+01
2.60412500000E+05	1.009640E-02	-9.432889E+01
2.62281250000E+05	4.176328E-03	-1.203891E+02
2.64150000000E+05	1.395159E-02	-8.060183E+01
2.66018750000E+05	2.339341E-02	-7.804803E+01
2.67887500000E+05	1.022578E-02	-8.299517E+01
2.69756250000E+05	1.732573E-02	-8.237933E+01
2.71625000000E+05	1.214199E-02	-8.666802E+01
2.73493750000E+05	1.520380E-02	-9.275845E+01
2.75362500000E+05	1.367106E-02	-6.263679E+01
2.77231250000E+05	1.267949E-02	-8.909357E+01
2.79100000000E+05	1.339501E-02	-8.782526E+01
2.80968750000E+05	2.151215E-02	-1.042536E+02
2.82837500000E+05	9.216365E-03	-6.993779E+01
2.84706250000E+05	1.852068E-02	-7.290950E+01
2.86575000000E+05	1.193307E-02	-6.967764E+01
2.88443750000E+05	1.506182E-02	-8.357489E+01
2.90312500000E+05	1.182227E-02	-1.058764E+02
2.92181250000E+05	1.133033E-02	-5.545729E+01
2.94050000000E+05	1.779575E-02	-7.516714E+01
2.95918750000E+05	1.653085E-02	-8.089024E+01
2.97787500000E+05	1.317182E-02	-7.428448E+01
2.99656250000E+05	1.701410E-02	-7.133321E+01
3.01525000000E+05	1.652196E-02	-9.379964E+01
3.03393750000E+05	1.377980E-02	-1.049857E+02
3.05262500000E+05	1.328761E-02	-7.703868E+01
3.07131250000E+05	1.548213E-02	-6.834435E+01
3.09000000000E+05	2.078974E-02	-6.431890E+01
3.10868750000E+05	1.393810E-02	-6.952911E+01
3.12737500000E+05	2.010619E-02	-8.134974E+01
3.14606250000E+05	1.833155E-02	-9.623840E+01
3.16475000000E+05	1.891954E-02	-8.265054E+01
3.18343750000E+05	1.162542E-02	-9.057943E+01
3.20212500000E+05	2.038269E-02	-9.737614E+01
3.22081250000E+05	1.760628E-02	-8.210983E+01
3.23950000000E+05	1.424041E-02	-8.319613E+01
3.25818750000E+05	1.248088E-02	-9.875864E+01
3.27687500000E+05	1.257836E-02	-8.981124E+01
3.29556250000E+05	1.572019E-02	-7.272674E+01
3.31425000000E+05	1.987112E-02	-7.805282E+01
3.33293750000E+05	1.843779E-02	-8.417124E+01
3.35162500000E+05	1.302827E-02	-7.939649E+01
3.37031250000E+05	1.707010E-02	-8.714388E+01
3.38900000000E+05	1.572680E-02	-9.088439E+01
3.40768750000E+05	1.564136E-02	-8.458649E+01
3.42637500000E+05	2.287140E-02	-8.971725E+01
3.44506250000E+05	1.605949E-02	-9.710658E+01
3.46375000000E+05	1.285428E-02	-8.808559E+01
3.48243750000E+05	1.764058E-02	-8.507881E+01
3.50112500000E+05	1.650307E-02	-8.684808E+01
3.51981250000E+05	2.017666E-02	-8.264314E+01
3.53850000000E+05	1.324684E-02	-8.422070E+01
3.55718750000E+05	1.980741E-02	-8.855295E+01
3.57587500000E+05	1.728033E-02	-7.628996E+01
3.59456250000E+05	1.721722E-02	-9.783991E+01
3.61325000000E+05	1.391680E-02	-9.312546E+01
3.63193750000E+05	2.316119E-02	-8.971967E+01
3.65062500000E+05	1.936955E-02	-9.866478E+01
3.66931250000E+05	1.981385E-02	-8.160970E+01
3.68800000000E+05	1.442846E-02	-8.047463E+01
3.70668750000E+05	2.172223E-02	-8.146439E+01
3.72537500000E+05	2.045457E-02	-8.664735E+01
3.74406250000E+05	1.609101E-02	-9.185812E+01
3.76275000000E+05	2.138605E-02	-8.101022E+01
3.78143750000E+05	2.154720E-02	-9.324260E+01
3.80012500000E+05	1.369751E-02	-8.646255E+01
3.81881250000E+05	1.377736E-02	-9.163801E+01
3.83750000000E+05	2.176159E-02	-8.317149E+01
3.85618750000E+05	1.924761E-02	-1.035054E+02
3.87487500000E+05	1.950536E-02	-8.344896E+01
3.89356250000E+05	2.253447E-02	-9.512035E+01
3.91225000000E+05	1.753859E-02	-7.554833E+01
3.93093750000E+05	1.949102E-02	-9.598598E+01
3.94962500000E+05	2.401716E-02	-7.648773E+01
3.96831250000E+05	2.458290E-02	-1.024601E+02
3.98700000000E+05	1.876130E-02	-9.078671E+01
4.00568750000E+05	1.864092E-02	-9.670125E+01
4.02437500000E+05	1.919592E-02	-9.022786E+01
4.04306250000E+05	1.810046E-02	-8.297179E+01
4.06175000000E+05	1.629603E-02	-9.407129E+01
4.08043750000E+05	2.304039E-02	-8.715182E+01
4.09912500000E+05	2.102068E-02	-8.444077E+01
4.11781250000E+05	1.826270E-02	-1.002225E+02
4.13650000000E+05	2.020784E-02	-8.488375E+01
4.15518750000E+05	1.624208E-02	-9.921487E+01
4.17387500000E+05	1.935027E-02	-9.497456E+01
4.19256250000E+05	2.328149E-02	-8.291701E+01
4.21125000000E+05	1.868590E-02	-9.081048E+01
4.22993750000E+05	2.470873E-02	-8.650519E+01
4.24862500000E+05	2.163078E-02	-9.282857E+01
4.26731250000E+05	2.164234E-02	-8.539507E+01
4.28600000000E+05	2.027091E-02	-9.193769E+01
4.30468750000E+05	2.199971E-02	-9.090363E+01
4.32337500000E+05	2.280090E-02	-8.335465E+01
4.34206250000E+05	2.404769E-02	-8.502818E+01
4.36075000000E+05	1.590032E-02	-7.676829E+01
4.37943750000E+05	1.379515E-02	-8.558540E+01
4.39812500000E+05	1.889284E-02	-9.423977E+01
4.41681250000E+05	2.283711E-02	-8.704062E+01
4.43550000000E+05	2.572924E-02	-8.113893E+01
4.45418750000E+05	2.270718E-02	-8.947870E+01
4.47287500000E+05	2.218575E-02	-9.243629E+01
4.49156250000E+05	2.098420E-02	-8.826891E+01
4.51025000000E+05	2.337024E-02	-8.537585E+01
4.52893750000E+05	2.343853E-02	-9.633959E+01
4.54762500000E+05	2.162317E-02	-9.098737E+01
4.56631250000E+05	2.377115E-02	-9.506146E+01
4.58500000000E+05	2.275066E-02	-7.789332E+01
4.60368750000E+05	2.111512E-02	-8.582633E+01
4.62237500000E+05	2.324814E-02	-9.351245E+01
4.64106250000E+05	2.298126E-02	-7.796700E+01
4.65975000000E+05	2.365506E-02	-9.428740E+01
4.67843750000E+05	2.193138E-02	-9.232845E+01
4.69712500000E+05	2.472203E-02	-9.514477E+01
4.71581250000E+05	2.636765E-02	-8.643595E+01
4.73450000000E+05	2.055797E-02	-8.575791E+01
4.75318750000E+05	2.306306E-02	-9.311863E+01
4.77187500000E+05	2.621837E-02	-8.682433E+01
4.79056250000E+05	2.379592E-02	-8.777784E+01
4.80925000000E+05	2.331647E-02	-9.351063E+01
4.82793750000E+05	2.563995E-02	-9.142542E+01
4.84662500000E+05	2.247431E-02	-8.836218E+01
4.86531250000E+05	2.275307E-02	-9.772601E+01
4.88400000000E+05	2.195299E-02	-9.127360E+01
4.90268750000E+05	2.557066E-02	-8.890166E+01
4.92137500000E+05	2.070580E-02	-8.911416E+01
4.94006250000E+05	2.233684E-02	-8.241272E+01
4.95875000000E+05	2.800922E-02	-8.593214E+01
4.97743750000E+05	2.428158E-02	-8.929776E+01
4.99612500000E+05	2.403193E-02	-7.833591E+01
5.01481250000E+05	2.242749E-02	-8.240716E+01
5.03350000000E+05	2.317588E-02	-8.868168E+01
5.05218750000E+05	2.667169E-02	-9.563682E+01
5.07087500000E+05	2.263886E-02	-7.439381E+01
5.08956250000E+05	2.479297E-02	-8.606176E+01
5.10825000000E+05	1.968717E-02	-9.378014E+01
5.12693750000E+05	2.899551E-02	-7.977380E+01
5.14562500000E+05	2.861421E-02	-9.457479E+01
5.16431250000E+05	2.899734E-02	-9.095892E+01
5.18300000000E+05	2.413876E-02	-8.931267E+01
5.20168750000E+05	2.555800E-02	-8.271912E+01
5.22037500000E+05	2.218945E-02	-8.395723E+01
5.23906250000E+05	2.371415E-02	-9.092174E+01
5.25775000000E+05	2.614130E-02	-8.931256E+01
5.27643750000E+05	2.584371E-02	-8.659732E+01
5.29512500000E+05	2.683157E-02	-9.579516E+01
5.31381250000E+05	2.475515E-02	-8.916051E+01
5.33250000000E+05	2.918268E-02	-9.411507E+01
5.35118750000E+05	2.513830E-02	-8.437974E+01
5.36987500000E+05	2.887300E-02	-9.379471E+01
5.38856250000E+05	2.536859E-02	-8.031734E+01
5.40725000000E+05	2.555218E-02	-8.776076E+01
5.42593750000E+05	2.686901E-02	-8.824908E+01
5.44462500000E+05	2.746382E-02	-9.640014E+01
5.46331250000E+05	2.787697E-02	-9.073796E+01
5.48200000000E+05	2.555032E-02	-8.487356E+01
5.50068750000E+05	3.027823E-02	-9.123651E+01
5.51937500000E+05	2.871685E-02	-9.370502E+01
5.53806250000E+05	2.635029E-02	-9.494167E+01
5.55675000000E+05	2.877534E-02	-9.612293E+01
5.57543750000E+05	2.367057E-02	-8.453232E+01
5.59412500000E+05	2.818093E-02	-8.972103E+01
5.61281250000E+05	2.620137E-02	-8.368195E+01
5.63150000000E+05	2.468926E-02	-9.105877E+01
5.65018750000E+05	2.831737E-02	-8.230112E+01
5.66887500000E+05	2.842938E-02	-9.052435E+01
5.68756250000E+05	2.542415E-02	-9.260498E+01
5.70625000000E+05	2.912147E-02	-8.477912E+01
5.72493750000E+05	2.716579E-02	-9.285980E+01
5.74362500000E+05	2.921656E-02	-9.258542E+01
5.76231250000E+05	2.879391E-02	-9.059582E+01
5.78100000000E+05	3.220315E-02	-8.592730E+01
5.79968750000E+05	3.256486E-02	-8.817457E+01
5.81837500000E+05	2.698519E-02	-8.730820E+01
5.83706250000E+05	2.660004E-02	-8.606480E+01
5.85575000000E+05	3.075984E-02	-8.691001E+01
5.87443750000E+05	2.737289E-02	-9.421706E+01
5.89312500000E+05	2.970983E-02	-9.204565E+01
5.91181250000E+05	2.593816E-02	-8.714301E+01
5.93050000000E+05	2.877804E-02	-9.175207E+01
5.94918750000E+05	3.190982E-02	-9.439269E+01
5.96787500000E+05	2.653666E-02	-9.771600E+01
5.98656250000E+05	2.909385E-02	-8.542809E+01
6.00525000000E+05	2.932108E-02	-8.897392E+01
6.02393750000E+05	3.210649E-02	-9.361203E+01
6.04262500000E+05	2.640477E-02	-9.121745E+01
6.06131250000E+05	2.999610E-02	-9.604185E+01
6.08000000000E+05	3.261185E-02	-9.006878E+01
6.09868750000E+05	2.994646E-02	-8.416994E+01
6.11737500000E+05	2.843643E-02	-9.302711E+01
6.13606250000E+05	3.269943E-02	-8.402339E+01
6.15475000000E+05	2.803152E-02	-8.527801E+01
6.17343750000E+05	2.964247E-02	-9.118464E+01
6.19212500000E+05	2.884299E-02	-8.880058E+01
6.21081250000E+05	2.938486E-02	-9.108638E+01
6.22950000000E+05	3.062894E-02	-9.069357E+01
6.24818750000E+05	2.574366E-02	-9.179729E+01
6.26687500000E+05	2.963403E-02	-8.523100E+01
6.28556250000E+05	3.019286E-02	-9.264184E+01
6.30425000000E+05	3.245085E-02	-8.576980E+01
6.32293750000E+05	3.224583E-02	-8.518752E+01
6.34162500000E+05	2.991720E-02	-9.227805E+01
6.36031250000E+05	2.908962E-02	-9.786823E+01
6.37900000000E+05	3.227201E-02	-8.931948E+01
6.39768750000E+05	3.064102E-02	-9.624072E+01
6.41637500000E+05	3.246812E-02	-8.335303E+01
6.43506250000E+05	2.992252E-02	-8.674013E+01
6.45375000000E+05	3.043010E-02	-8.400361E+01
6.47243750000E+05	3.275690E-02	-8.960213E+01
6.49112500000E+05	3.030227E-02	-9.120139E+01
6.50981250000E+05	3.007869E-02	-9.116373E+01
6.52850000000E+05	2.768714E-02	-8.479426E+01
6.54718750000E+05	3.257692E-02	-9.304992E+01
6.56587500000E+05	3.278996E-02	-8.931116E+01
6.58456250000E+05	3.440446E-02	-9.047036E+01
6.60325000000E+05	3.311747E-02	-8.834193E+01
6.62193750000E+05	3.050068E-02	-8.797602E+01
6.64062500000E+05	3.501787E-02	-9.055106E+01
6.65931250000E+05	3.259824E-02	-8.389116E+01
6.67800000000E+05	3.401855E-02	-8.705821E+01
6.69668750000E+05	3.220410E-02	-9.219911E+01
6.71537500000E+05	3.629120E-02	-8.980724E+01
6.73406250000E+05	3.335792E-02	-9.865405E+01
6.75275000000E+05	3.133716E-02	-8.995889E+01
6.77143750000E+05	3.199257E-02	-8.721592E+01
6.79012500000E+05	3.487865E-02	-9.044900E+01
6.80881250000E+05	3.415344E-02	-9.426501E+01
6.82750000000E+05	3.083497E-02	-9.663969E+01
6.84618750000E+05	2.871951E-02	-8.788248E+01
6.86487500000E+05	3.451866E-02	-8.509598E+01
6.88356250000E+05	3.193126E-02	-8.954156E+01
6.90225000000E+05	3.746138E-02	-8.487421E+01
6.92093750000E+05	3.056228E-02	-9.001128E+01
6.93962500000E+05	3.336749E-02	-8.546049E+01
6.95831250000E+05	3.299440E-02	-9.312385E+01
6.97700000000E+05	3.098726E-02	-8.954518E+01
6.99568750000E+05	3.451490E-02	-9.161513E+01
7.01437500000E+05	2.924353E-02	-9.235372E+01
7.03306250000E+05	3.052080E-02	-8.452917E+01
7.05175000000E+05	3.332553E-02	-9.186808E+01
7.07043750000E+05	3.666361E-02	-9.268294E+01
7.08912500000E+05	3.433684E-02	-8.418876E+01
7.10781250000E+05	3.195476E-02	-9.075732E+01
7.12650000000E+05	3.547750E-02	-9.115487E+01
7.14518750000E+05	3.508551E-02	-8.872920E+01
7.16387500000E+05	3.387041E-02	-8.885346E+01
7.18256250000E+05	3.632986E-02	-8.531369E+01
7.20125000000E+05	3.492590E-02	-8.949464E+01
7.21993750000E+05	3.362497E-02	-9.159870E+01
7.23862500000E+05	3.641895E-02	-9.400033E+01
7.25731250000E+05	3.312727E-02	-9.269458E+01
7.27600000000E+05	3.350575E-02	-8.774976E+01
7.29468750000E+05	3.690828E-02	-8.837517E+01
7.31337500000E+05	3.664820E-02	-9.103632E+01
7.33206250000E+05	3.610758E-02	-9.101155E+01
7.35075000000E+05	3.401324E-02	-8.982700E+01
7.36943750000E+05	3.673897E-02	-9.138300E+01
7.38812500000E+05	3.713720E-02	-8.902756E+01
7.40681250000E+05	3.401200E-02	-8.664111E+01
7.42550000000E+05	3.646911E-02	-8.619970E+01
7.44418750000E+05	3.558853E-02	-8.752523E+01
7.46287500000E+05	4.018192E-02	-9.171490E+01
7.48156250000E+05	3.433262E-02	-9.134464E+01
7.50025000000E+05	3.865305E-02	-8.868674E+01
7.51893750000E+05	3.758908E-02	-8.950771E+01
7.53762500000E+05	3.830389E-02	-9.397430E+01
7.55631250000E+05	3.559202E-02	-9.367923E+01
7.57500000000E+05	3.506585E-02	-9.075370E+01
7.59368750000E+05	3.731487E-02	-9.069978E+01
7.61237500000E+05	3.726029E-02	-9.076489E+01
7.63106250000E+05	3.584505E-02	-8.924680E+01
7.64975000000E+05	3.609069E-02	-8.683341E+01
7.66843750000E+05	3.737681E-02	-9.183427E+01
7.68712500000E+05	3.549045E-02	-8.259320E+01
7.70581250000E+05	3.824649E-02	-9.558398E+01
7.72450000000E+05	3.786392E-02	-8.882120E+01
7.74318750000E+05	3.896953E-02	-9.023158E+01
7.76187500000E+05	3.809875E-02	-9.087232E+01
7.78056250000E+05	3.489667E-02	-9.140734E+01
7.79925000000E+05	3.669107E-02	-9.200932E+01
7.81793750000E+05	4.064181E-02	-8.909878E+01
7.83662500000E+05	3.641774E-02	-8.754880E+01
7.85531250000E+05	3.485076E-02	-9.542632E+01
7.87400000000E+05	3.707704E-02	-8.760295E+01
7.89268750000E+05	3.693346E-02	-8.941463E+01
7.91137500000E+05	3.871164E-02	-9.057104E+01
7.93006250000E+05	3.578642E-02	-9.362067E+01
7.94875000000E+05	3.909333E-02	-8.817236E+01
7.96743750000E+05	3.885534E-02	-9.139492E+01
7.98612500000E+05	3.526102E-02	-8.737632E+01
8.00481250000E+05	4.311410E-02	-8.919427E+01
8.02350000000E+05	3.787048E-02	-8.993433E+01
8.04218750000E+05	4.049109E-02	-9.358775E+01
8.06087500000E+05	4.026826E-02	-8.880249E+01
8.07956250000E+05	3.894987E-02	-9.373117E+01
8.09825000000E+05	3.852428E-02	-9.483698E+01
8.11693750000E+05	3.872631E-02	-8.616057E+01
8.13562500000E+05	3.871243E-02	-9.351985E+01
8.15431250000E+05	3.975414E-02	-8.731107E+01
8.17300000000E+05	3.935808E-02	-8.896484E+01
8.19168750000E+05	3.783708E-02	-8.634275E+01
8.21037500000E+05	4.051544E-02	-9.048118E+01
8.22906250000E+05	3.884503E-02	-8.907503E+01
8.24775000000E+05	4.386285E-02	-8.659415E+01
8.26643750000E+05	3.859787E-02	-9.142157E+01
8.28512500000E+05	3.873275E-02	-9.039761E+01
8.30381250000E+05	3.781916E-02	-9.097361E+01
8.32250000000E+05	3.998546E-02	-9.130236E+01
8.34118750000E+05	3.704926E-02	-9.073874E+01
8.35987500000E+05	4.151177E-02	-9.030566E+01
8.37856250000E+05	4.121907E-02	-9.000349E+01
8.39725000000E+05	4.200297E-02	-9.248912E+01
8.41593750000E+05	4.106903E-02	-9.568512E+01
8.43462500000E+05	3.755629E-02	-8.616834E+01
8.45331250000E+05	4.100559E-02	-9.072662E+01
8.47200000000E+05	4.148544E-02	-8.878320E+01
8.49068750000E+05	4.050626E-02	-9.368199E+01
8.50937500000E+05	4.273055E-02	-8.759240E+01
8.52806250000E+05	4.081262E-02	-8.691544E+01
8.54675000000E+05	4.411646E-02	-9.209383E+01
8.56543750000E+05	4.161355E-02	-9.016673E+01
8.58412500000E+05	4.049174E-02	-9.225316E+01
8.60281250000E+05	3.867218E-02	-8.976326E+01
8.62150000000E+05	4.171738E-02	-8.886483E+01
8.64018750000E+05	4.215588E-02	-8.912223E+01
8.65887500000E+05	4.033614E-02	-9.321851E+01
8.67756250000E+05	4.346896E-02	-8.766965E+01
8.69625000000E+05	4.014691E-02	-8.977514E+01
8.71493750000E+05	4.196142E-02	-9.300404E+01
8.73362500000E+05	4.261824E-02	-9.068978E+01
8.75231250000E+05	4.203903E-02	-9.128419E+01
8.77100000000E+05	3.989190E-02	-9.262250E+01
8.78968750000E+05	4.612754E-02	-9.029284E+01
8.80837500000E+05	4.360825E-02	-8.978554E+01
8.82706250000E+05	4.307254E-02	-8.893913E+01
8.84575000000E+05	4.367584E-02	-8.860571E+01
8.86443750000E+05	4.190961E-02	-8.934692E+01
8.88312500000E+05	4.267423E-02	-9.186791E+01
8.90181250000E+05	4.442579E-02	-8.678920E+01
8.92050000000E+05	4.705611E-02	-8.776549E+01
8.93918750000E+05	4.424194E-02	-8.949126E+01
8.95787500000E+05	4.434450E-02	-9.493486E+01
8.97656250000E+05	4.393234E-02	-8.889052E+01
8.99525000000E+05	4.251799E-02	-9.138343E+01
9.01393750000E+05	4.378064E-02	-9.057010E+01
9.03262500000E+05	4.248320E-02	-9.144624E+01
9.05131250000E+05	4.585277E-02	-8.935188E+01
9.07000000000E+05	4.413196E-02	-9.045101E+01
9.08868750000E+05	4.324063E-02	-8.684840E+01
9.10737500000E+05	4.642254E-02	-9.175429E+01
9.12606250000E+05	4.416062E-02	-8.727711E+01
9.14475000000E+05	4.626115E-02	-8.982473E+01
9.16343750000E+05	4.396074E-02	-9.040837E+01
9.18212500000E+05	4.423219E-02	-9.131827E+01
9.20081250000E+05	4.255583E-02	-8.797356E+01
9.21950000000E+05	4.545456E-02	-9.341019E+01
9.23818750000E+05	4.435846E-02	-8.954568E+01
9.25687500000E+05	4.657303E-02	-9.102451E+01
9.27556250000E+05	4.242682E-02	-8.694070E+01
9.29425000000E+05	4.562698E-02	-9.134142E+01
9.31293750000E+05	4.610076E-02	-9.123952E+01
9.33162500000E+05	4.500864E-02	-8.991685E+01
9.35031250000E+05	4.791367E-02	-9.250377E+01
9.36900000000E+05	4.257347E-02	-8.980246E+01
9.38768750000E+05	4.667359E-02	-9.018331E+01
9.40637500000E+05	4.456761E-02	-9.058532E+01
9.42506250000E+05	4.582446E-02	-8.834690E+01
9.44375000000E+05	4.450744E-02	-8.618263E+01
9.46243750000E+05	4.496332E-02	-9.517870E+01
9.48112500000E+05	4.954215E-02	-8.931441E+01
9.49981250000E+05	4.858140E-02	-9.300849E+01
9.51850000000E+05	4.719969E-02	-8.805387E+01
9.53718750000E+05	4.603729E-02	-9.176659E+01
9.55587500000E+05	4.804452E-02	-8.997462E+01
9.57456250000E+05	4.972634E-02	-9.189378E+01
9.59325000000E+05	4.548305E-02	-8.808572E+01
9.61193750000E+05	4.788915E-02	-9.401817E+01
9.63062500000E+05	4.581892E-02	-9.125143E+01
9.64931250000E+05	4.815574E-02	-9.344366E+01
9.66800000000E+05	4.895070E-02	-9.035321E+01
9.68668750000E+05	4.887515E-02	-9.078062E+01
9.70537500000E+05	5.119676E-02	-9.455477E+01
9.72406250000E+05	4.629734E-02	-8.884389E+01
9.74275000000E+05	4.558287E-02	-9.228320E+01
9.76143750000E+05	4.695180E-02	-9.105847E+01
9.78012500000E+05	4.649404E-02	-9.184961E+01
9.79881250000E+05	4.733793E-02	-9.092438E+01
9.81750000000E+05	4.747166E-02	-8.821035E+01
9.83618750000E+05	4.817803E-02	-8.789687E+01
9.85487500000E+05	4.882982E-02	-9.072035E+01
9.87356250000E+05	4.920477E-02	-8.762512E+01
9.89225000000E+05	4.861416E-02	-9.006993E+01
9.91093750000E+05	4.876983E-02	-9.271624E+01
9.92962500000E+05	4.907585E-02	-9.034595E+01
9.94831250000E+05	4.800993E-02	-9.328275E+01
9.96700000000E+05	5.024442E-02	-8.812874E+01
9.98568750000E+05	4.661196E-02	-9.421471E+01
1.00043750000E+06	4.979125E-02	-9.369775E+01
1.00230625000E+06	4.882675E-02	-8.877137E+01
1.00417500000E+06	4.963610E-02	-9.189682E+01
1.00604375000E+06	4.665791E-02	-9.269054E+01
1.00791250000E+06	4.935417E-02	-9.008586E+01
1.00978125000E+06	4.770809E-02	-8.770011E+01
1.01165000000E+06	5.140181E-02	-9.141846E+01
1.01351875000E+06	4.763277E-02	-9.037868E+01
1.01538750000E+06	5.160032E-02	-9.194559E+01
1.01725625000E+06	4.739825E-02	-8.762072E+01
1.01912500000E+06	5.070894E-02	-8.945365E+01
1.02099375000E+06	5.074380E-02	-8.759324E+01
1.02286250000E+06	4.946349E-02	-8.748195E+01
1.02473125000E+06	5.138639E-02	-9.105275E+01
1.02660000000E+06	5.101797E-02	-9.140009E+01
1.02846875000E+06	5.169258E-02	-8.967894E+01
1.03033750000E+06	5.035562E-02	-9.093336E+01
1.03220625000E+06	4.950958E-02	-9.113134E+01
1.03407500000E+06	4.988265E-02	-9.021094E+01
1.03594375000E+06	5.260678E-02	-9.216943E+01
1.03781250000E+06	5.072646E-02	-9.074248E+01
1.03968125000E+06	5.346489E-02	-9.115205E+01
1.04155000000E+06	5.108739E-02	-8.752933E+01
1.04341875000E+06	4.962191E-02	-8.695657E+01
1.04528750000E+06	5.006559E-02	-9.227261E+01
1.04715625000E+06	5.422963E-02	-9.208739E+01
1.04902500000E+06	5.030172E-02	-8.826817E+01
1.05089375000E+06	5.018298E-02	-9.345849E+01
1.05276250000E+06	4.982127E-02	-9.190849E+01
1.05463125000E+06	4.985290E-02	-9.514941E+01
1.05650000000E+06	5.079922E-02	-9.232143E+01
1.05836875000E+06	5.155932E-02	-9.148562E+01
1.06023750000E+06	5.146146E-02	-9.033429E+01
1.06210625000E+06	5.179841E-02	-9.165908E+01
1.06397500000E+06	5.427608E-02	-8.969438E+01
1.06584375000E+06	5.233650E-02	-9.423981E+01
1.06771250000E+06	5.263503E-02	-9.096478E+01
1.06958125000E+06	5.248572E-02	-9.263981E+01
1.07145000000E+06	5.395245E-02	-9.232368E+01
1.07331875000E+06	5.407531E-02	-9.225189E+01
1.07518750000E+06	5.587528E-02	-9.091205E+01
1.07705625000E+06	5.194902E-02	-8.494044E+01
1.07892500000E+06	5.213314E-02	-9.050323E+01
1.08079375000E+06	5.175379E-02	-9.069430E+01
1.08266250000E+06	5.360182E-02	-9.005739E+01
1.08453125000E+06	5.148025E-02	-8.947871E+01
1.08640000000E+06	5.195799E-02	-8.963998E+01
1.08826875000E+06	5.475458E-02	-9.014211E+01
1.09013750000E+06	5.393500E-02	-8.964333E+01
1.09200625000E+06	5.364475E-02	-9.169393E+01
1.09387500000E+06	5.368369E-02	-9.135531E+01
1.09574375000E+06	5.452338E-02	-9.132392E+01
1.09761250000E+06	5.557782E-02	-9.138890E+01
1.09948125000E+06	5.693282E-02	-9.104646E+01
1.10135000000E+06	5.448253E-02	-9.200102E+01
1.10321875000E+06	5.297731E-02	-8.996921E+01
1.10508750000E+06	5.367949E-02	-9.089073E+01
1.10695625000E+06	5.501377E-02	-8.869390E+01
1.10882500000E+06	5.418596E-02	-9.135293E+01
1.11069375000E+06	5.506382E-02	-8.940939E+01
1.11256250000E+06	5.565191E-02	-8.983690E+01
1.11443125000E+06	5.477350E-02	-8.726761E+01
1.11630000000E+06	5.650355E-02	-8.752064E+01
1.11816875000E+06	5.260606E-02	-8.989139E+01
1.12003750000E+06	5.209304E-02	-9.168658E+01
1.12190625000E+06	5.357784E-02	-8.808662E+01
1.12377500000E+06	5.559424E-02	-8.962051E+01
1.12564375000E+06	5.477714E-02	-8.853130E+01
1.12751250000E+06	5.632582E-02	-8.924146E+01
1.12938125000E+06	5.317192E-02	-9.146014E+01
1.13125000000E+06	5.590768E-02	-8.857936E+01
1.13311875000E+06	5.434441E-02	-9.108857E+01
1.13498750000E+06	5.472223E-02	-8.981944E+01
1.13685625000E+06	5.536615E-02	-9.173500E+01
1.13872500000E+06	5.653187E-02	-9.062919E+01
1.14059375000E+06	5.683704E-02	-9.055783E+01
1.14246250000E+06	5.451861E-02	-9.073631E+01
1.14433125000E+06	5.643395E-02	-9.141833E+01
1.14620000000E+06	5.692051E-02	-8.994930E+01
1.14806875000E+06	5.394691E-02	-9.093986E+01
1.14993750000E+06	5.726919E-02	-8.678923E+01
1.15180625000E+06	5.492958E-02	-9.209960E+01
1.15367500000E+06	5.730788E-02	-9.040476E+01
1.15554375000E+06	5.822246E-02	-9.238493E+01
1.15741250000E+06	5.660571E-02	-9.170826E+01
1.15928125000E+06	5.867922E-02	-9.024386E+01
1.16115000000E+06	5.868931E-02	-9.095390E+01
1.16301875000E+06	5.810958E-02	-9.032522E+01
1.16488750000E+06	5.627334E-02	-9.090546E+01
1.16675625000E+06	5.661821E-02	-9.214585E+01
1.16862500000E+06	5.762387E-02	-8.819032E+01
1.17049375000E+06	5.594812E-02	-9.221750E+01
1.17236250000E+06	5.514062E-02	-9.091553E+01
1.17423125000E+06	5.726477E-02	-9.182693E+01
1.17610000000E+06	5.811220E-02	-9.094930E+01
1.17796875000E+06	5.799434E-02	-8.946176E+01
1.17983750000E+06	5.952227E-02	-9.187215E+01
1.18170625000E+06	5.851990E-02	-9.082019E+01
1.18357500000E+06	5.971265E-02	-9.026665E+01
1.18544375000E+06	5.952460E-02	-9.169770E+01
1.18731250000E+06	5.782364E-02	-9.095908E+01
1.18918125000E+06	6.014176E-02	-8.964131E+01
1.19105000000E+06	6.004444E-02	-9.013861E+01
1.19291875000E+06	5.892571E-02	-9.184007E+01
1.19478750000E+06	5.609672E-02	-9.155130E+01
1.19665625000E+06	5.739535E-02	-9.359400E+01
1.19852500000E+06	5.680814E-02	-9.069273E+01
1.20039375000E+06	5.963784E-02	-9.101793E+01
1.20226250000E+06	6.076236E-02	-8.972163E+01
1.20413125000E+06	5.776690E-02	-9.190517E+01
1.20600000000E+06	5.853548E-02	-9.167485E+01
1.20786875000E+06	5.881434E-02	-9.089235E+01
1.20973750000E+06	6.144072E-02	-8.956596E+01
1.21160625000E+06	5.867580E-02	-9.258366E+01
1.21347500000E+06	5.750243E-02	-9.092306E+01
1.21534375000E+06	5.715805E-02	-9.121021E+01
1.21721250000E+06	6.134072E-02	-9.244367E+01
1.21908125000E+06	5.764185E-02	-9.044149E+01
1.22095000000E+06	6.055731E-02	-9.146613E+01
1.22281875000E+06	5.847096E-02	-8.981101E+01
1.22468750000E+06	6.234466E-02	-8.929835E+01
1.22655625000E+06	6.177793E-02	-8.987787E+01
1.22842500000E+06	6.076378E-02	-9.038905E+01
1.23029375000E+06	6.087462E-02	-9.182710E+01
1.23216250000E+06	5.863890E-02	-9.276182E+01
1.23403125000E+06	6.171633E-02	-9.259083E+01
1.23590000000E+06	6.241941E-02	-9.142799E+01
1.23776875000E+06	6.235966E-02	-9.059377E+01
1.23963750000E+06	6.067313E-02	-9.156481E+01
1.24150625000E+06	6.059557E-02	-9.095193E+01
1.24337500000E+06	5.969943E-02	-9.124749E+01
1.24524375000E+06	6.324618E-02	-9.059177E+01
1.24711250000E+06	6.169903E-02	-9.257072E+01
1.24898125000E+06	6.228423E-02	-9.296387E+01
1.25085000000E+06	6.375810E-02	-9.134930E+01
1.25271875000E+06	6.309381E-02	-9.174012E+01
1.25458750000E+06	6.217553E-02	-9.114434E+01
1.25645625000E+06	6.180916E-02	-9.092406E+01
1.25832500000E+06	6.193519E-02	-9.158735E+01
1.26019375000E+06	6.038905E-02	-9.054842E+01
1.26206250000E+06	6.244162E-02	-8.964688E+01
1.26393125000E+06	6.274407E-02	-9.123126E+01
1.26580000000E+06	6.535875E-02	-9.244526E+01
1.26766875000E+06	6.216964E-02	-9.155738E+01
1.26953750000E+06	6.236548E-02	-8.983985E+01
1.27140625000E+06	6.349685E-02	-9.149213E+01
1.27327500000E+06	6.080006E-02	-8.796555E+01
1.27514375000E+06	6.164176E-02	-9.211987E+01
1.27701250000E+06	6.355260E-02	-8.867378E+01
1.27888125000E+06	6.418394E-02	-9.133981E+01
1.28075000000E+06	6.075423E-02	-8.993664E+01
1.28261875000E+06	6.414111E-02	-9.340921E+01
1.28448750000E+06	6.510789E-02	-9.167307E+01
1.28635625000E+06	6.412864E-02	-9.067192E+01
1.28822500000E+06	6.260218E-02	-9.099622E+01
1.29009375000E+06	6.368845E-02	-9.075789E+01
1.29196250000E+06	6.237434E-02	-9.132842E+01
1.29383125000E+06	6.423981E-02	-9.034521E+01
1.29570000000E+06	6.369917E-02	-9.122421E+01
1.29756875000E+06	6.537072E-02	-8.891629E+01
1.29943750000E+06	6.599437E-02	-9.223164E+01
1.30130625000E+06	6.188853E-02	-8.851456E+01
1.30317500000E+06	6.235740E-02	-9.051223E+01
1.30504375000E+06	6.155758E-02	-9.322660E+01
1.30691250000E+06	6.340396E-02	-9.299546E+01
1.30878125000E+06	6.468615E-02	-9.054561E+01
1.31065000000E+06	6.422273E-02	-9.238220E+01
1.31251875000E+06	6.441197E-02	-9.220473E+01
1.31438750000E+06	6.562886E-02	-9.214531E+01
1.31625625000E+06	6.598941E-02	-9.025423E+01
1.31812500000E+06	6.541874E-02	-8.945744E+01
1.31999375000E+06	6.390587E-02	-9.152241E+01
1.32186250000E+06	6.400551E-02	-8.849635E+01
1.32373125000E+06	6.592169E-02	-9.271221E+01
1.32560000000E+06	6.688698E-02	-9.055478E+01
1.32746875000E+06	6.714225E-02	-9.114069E+01
1.32933750000E+06	6.632300E-02	-9.231533E+01
1.33120625000E+06	6.425923E-02	-8.978557E+01
1.33307500000E+06	6.825513E-02	-9.054144E+01
1.33494375000E+06	6.700263E-02	-8.898035E+01
1.33681250000E+06	6.634805E-02	-8.893828E+01
1.33868125000E+06	6.559071E-02	-8.964505E+01
1.34055000000E+06	6.330678E-02	-9.158399E+01
1.34241875000E+06	6.593895E-02	-9.069530E+01
1.34428750000E+06	6.630038E-02	-9.206458E+01
1.34615625000E+06	6.733739E-02	-9.061833E+01
1.34802500000E+06	6.597142E-02	-9.232108E+01
1.34989375000E+06	6.623455E-02	-9.071357E+01
1.35176250000E+06	6.609716E-02	-9.224754E+01
1.35363125000E+06	6.778547E-02	-9.017619E+01
1.35550000000E+06	6.697975E-02	-9.121809E+01
1.35736875000E+06	6.940289E-02	-9.039832E+01
1.35923750000E+06	6.753916E-02	-9.079166E+01
1.36110625000E+06	6.603364E-02	-9.089632E+01
1.36297500000E+06	6.841101E-02	-9.059663E+01
1.36484375000E+06	6.811383E-02	-9.138429E+01
1.36671250000E+06	6.680163E-02	-9.175893E+01
1.36858125000E+06	6.823290E-02	-9.144395E+01
1.37045000000E+06	6.961626E-02	-9.162334E+01
1.37231875000E+06	6.904522E-02	-9.014896E+01
1.37418750000E+06	6.854363E-02	-9.196033E+01
1.37605625000E+06	6.798492E-02	-8.973396E+01
1.37792500000E+06	6.770913E-02	-9.168769E+01
1.37979375000E+06	6.939401E-02	-9.214811E+01
1.38166250000E+06	6.685510E-02	-9.192909E+01
1.38353125000E+06	6.913538E-02	-9.061398E+01
1.38540000000E+06	6.868178E-02	-9.052695E+01
1.38726875000E+06	6.888319E-02	-9.073783E+01
1.38913750000E+06	7.000659E-02	-9.127750E+01
1.39100625000E+06	6.824204E-02	-9.182285E+01
1.39287500000E+06	7.119733E-02	-8.958326E+01
1.39474375000E+06	6.834114E-02	-9.205314E+01
1.39661250000E+06	6.965925E-02	-8.960378E+01
1.39848125000E+06	6.736715E-02	-9.027928E+01
1.40035000000E+06	7.098202E-02	-9.194244E+01
1.40221875000E+06	6.983960E-02	-9.056352E+01
1.40408750000E+06	6.789808E-02	-9.107981E+01
1.40595625000E+06	6.986545E-02	-9.189098E+01
1.40782500000E+06	6.910690E-02	-9.059988E+01
1.40969375000E+06	7.019486E-02	-8.991661E+01
1.41156250000E+06	7.002887E-02	-9.186388E+01
1.41343125000E+06	6.885679E-02	-9.076629E+01
1.41530000000E+06	6.952344E-02	-9.200189E+01
1.41716875000E+06	7.057552E-02	-9.238151E+01
1.41903750000E+06	7.062472E-02	-9.256907E+01
1.42090625000E+06	6.967893E-02	-9.103928E+01
1.42277500000E+06	6.940148E-02	-9.055627E+01
1.42464375000E+06	7.194570E-02	-9.184279E+01
1.42651250000E+06	6.830332E-02	-9.124770E+01
1.42838125000E+06	6.952965E-02	-9.237590E+01
1.43025000000E+06	7.145377E-02	-9.134708E+01
1.43211875000E+06	7.199972E-02	-9.119908E+01
1.43398750000E+06	6.990650E-02	-8.986710E+01
1.43585625000E+06	7.316505E-02	-9.076190E+01
1.43772500000E+06	7.191215E-02	-9.158933E+01
1.43959375000E+06	7.224123E-02	-9.078785E+01
1.44146250000E+06	7.161689E-02	-9.021811E+01
1.44333125000E+06	7.074929E-02	-9.124520E+01
1.44520000000E+06	7.039518E-02	-9.201620E+01
1.44706875000E+06	7.126869E-02	-9.189933E+01
1.44893750000E+06	7.281680E-02	-9.207626E+01
1.45080625000E+06	7.141270E-02	-8.985898E+01
1.45267500000E+06	7.253642E-02	-9.319999E+01
1.45454375000E+06	7.308918E-02	-8.950018E+01
1.45641250000E+06	7.415312E-02	-9.124829E+01
1.45828125000E+06	7.041024E-02	-9.062126E+01
1.46015000000E+06	7.219373E-02	-9.051776E+01
1.46201875000E+06	7.207900E-02	-9.036264E+01
1.46388750000E+06	7.533639E-02	-8.958231E+01
1.46575625000E+06	7.288913E-02	-9.380542E+01
1.46762500000E+06	7.352339E-02	-9.120005E+01
1.46949375000E+06	7.252219E-02	-9.226175E+01
1.47136250000E+06	7.369895E-02	-9.295294E+01
1.47323125000E+06	7.421760E-02	-9.148908E+01
1.47510000000E+06	7.399953E-02	-9.137055E+01
1.47696875000E+06	7.593948E-02	-8.965839E+01
1.47883750000E+06	7.120088E-02	-9.088699E+01
1.48070625000E+06	7.417262E-02	-9.299462E+01
1.48257500000E+06	7.555713E-02	-9.167590E+01
1.48444375000E+06	7.438575E-02	-8.903427E+01
1.48631250000E+06	7.517933E-02	-8.956554E+01
1.48818125000E+06	7.415211E-02	-9.054275E+01
1.49005000000E+06	7.425079E-02	-9.098425E+01
1.49191875000E+06	7.583358E-02	-9.280347E+01
1.49378750000E+06	7.350315E-02	-9.241548E+01
1.49565625000E+06	7.550942E-02	-9.135392E+01
1.49752500000E+06	7.410377E-02	-9.198392E+01
1.49939375000E+06	7.369459E-02	-9.101820E+01
1.50126250000E+06	7.288262E-02	-9.068069E+01
1.50313125000E+06	7.417534E-02	-9.070174E+01
1.50500000000E+06	7.576594E-02	-9.040736E+01
1.50686875000E+06	7.455114E-02	-8.905508E+01
1.50873750000E+06	7.474358E-02	-9.168856E+01
1.51060625000E+06	7.659263E-02	-9.050631E+01
1.51247500000E+06	7.478848E-02	-9.135818E+01
1.51434375000E+06	7.363445E-02	-8.921564E+01
1.51621250000E+06	7.450674E-02	-9.072940E+01
1.51808125000E+06	7.541564E-02	-9.133958E+01
1.51995000000E+06	7.829210E-02	-9.107763E+01
1.52181875000E+06	7.385878E-02	-9.159010E+01
1.52368750000E+06	7.478994E-02	-9.217723E+01
1.52555625000E+06	7.633428E-02	-8.954923E+01
1.52742500000E+06	7.704911E-02	-9.114949E+01
1.52929375000E+06	7.471643E-02	-9.218932E+01
1.53116250000E+06	7.830358E-02	-9.218098E+01
1.53303125000E+06	7.414120E-02	-9.073518E+01
1.53490000000E+06	7.587588E-02	-9.026305E+01
1.53676875000E+06	7.580560E-02	-9.080447E+01
1.53863750000E+06	7.519025E-02	-9.170952E+01
1.54050625000E+06	7.535378E-02	-9.165318E+01
1.54237500000E+06	7.525612E-02	-8.966031E+01
1.54424375000E+06	7.719671E-02	-8.971897E+01
1.54611250000E+06	7.669679E-02	-9.131252E+01
1.54798125000E+06	7.709318E-02	-9.191431E+01
1.54985000000E+06	7.831431E-02	-9.231902E+01
1.55171875000E+06	7.770343E-02	-9.095926E+01
1.55358750000E+06	7.610095E-02	-9.078376E+01
1.55545625000E+06	7.576146E-02	-9.047729E+01
1.55732500000E+06	7.611202E-02	-9.039116E+01
1.55919375000E+06	7.579153E-02	-9.276219E+01
1.56106250000E+06	7.676600E-02	-9.108000E+01
1.56293125000E+06	7.780037E-02	-9.128652E+01
1.56480000000E+06	7.696843E-02	-9.024191E+01
1.56666875000E+06	7.498974E-02	-9.061658E+01
1.56853750000E+06	7.645136E-02	-9.114479E+01
1.57040625000E+06	7.579064E-02	-9.181306E+01
1.57227500000E+06	7.911547E-02	-9.150068E+01
1.57414375000E+06	8.123735E-02	-9.139311E+01
1.57601250000E+06	8.047522E-02	-9.159961E+01
1.57788125000E+06	7.950563E-02	-9.208645E+01
1.57975000000E+06	8.087970E-02	-9.123319E+01
1.58161875000E+06	7.850790E-02	-9.088268E+01
1.58348750000E+06	7.966830E-02	-9.283083E+01
1.58535625000E+06	7.963522E-02	-8.905127E+01
1.58722500000E+06	7.976551E-02	-9.064738E+01
1.58909375000E+06	8.019936E-02	-9.161832E+01
1.59096250000E+06	7.802592E-02	-9.011468E+01
1.59283125000E+06	7.966636E-02	-9.048537E+01
1.59470000000E+06	7.974643E-02	-9.098386E+01
1.59656875000E+06	7.829282E-02	-9.086728E+01
1.59843750000E+06	7.995303E-02	-9.167928E+01
1.60030625000E+06	8.148463E-02	-9.171037E+01
1.60217500000E+06	7.967442E-02	-9.087618E+01
1.60404375000E+06	8.045218E-02	-9.150272E+01
1.60591250000E+06	7.889187E-02	-9.093492E+01
1.60778125000E+06	8.128005E-02	-9.220914E+01
1.60965000000E+06	8.123779E-02	-9.125832E+01
1.61151875000E+06	8.133151E-02	-9.086848E+01
1.61338750000E+06	8.283497E-02	-9.125270E+01
1.61525625000E+06	8.027329E-02	-9.206433E+01
1.61712500000E+06	8.002081E-02	-9.062569E+01
1.61899375000E+06	8.224302E-02	-9.189373E+01
1.62086250000E+06	8.331096E-02	-9.102412E+01
1.62273125000E+06	7.937037E-02	-9.213023E+01
1.62460000000E+06	8.061431E-02	-9.184280E+01
1.62646875000E+06	8.156817E-02	-9.018237E+01
1.62833750000E+06	8.040605E-02	-9.100715E+01
1.63020625000E+06	7.932395E-02	-9.016313E+01
1.63207500000E+06	8.024263E-02	-9.054530E+01
1.63394375000E+06	8.349700E-02	-8.965156E+01
1.63581250000E+06	8.150896E-02	-9.098508E+01
1.63768125000E+06	8.259174E-02	-9.093557E+01
1.63955000000E+06	8.351647E-02	-9.262928E+01
1.64141875000E+06	8.105387E-02	-9.047690E+01
1.64328750000E+06	8.335284E-02	-9.078065E+01
1.64515625000E+06	8.151647E-02	-9.155490E+01
1.64702500000E+06	8.278038E-02	-9.049435E+01
1.64889375000E+06	8.277770E-02	-9.131937E+01
1.65076250000E+06	8.342252E-02	-9.045377E+01
1.65263125000E+06	8.363785E-02	-8.980466E+01
1.65450000000E+06	8.265711E-02	-9.194427E+01
1.65636875000E+06	8.232919E-02	-9.089648E+01
1.65823750000E+06	8.408758E-02	-9.174261E+01
1.66010625000E+06	8.323664E-02	-9.181039E+01
1.66197500000E+06	8.430454E-02	-9.075115E+01
1.66384375000E+06	8.455247E-02	-9.107472E+01
1.66571250000E+06	8.249996E-02	-9.242081E+01
1.66758125000E+06	8.332352E-02	-9.041561E+01
1.66945000000E+06	8.435320E-02	-9.176449E+01
1.67131875000E+06	8.411514E-02	-8.995173E+01
1.67318750000E+06	8.577988E-02	-9.177633E+01
1.67505625000E+06	8.364180E-02	-9.156558E+01
1.67692500000E+06	8.413350E-02	-8.921732E+01
1.67879375000E+06	8.402067E-02	-9.152591E+01
1.68066250000E+06	8.306059E-02	-9.154452E+01
1.68253125000E+06	8.451184E-02	-9.082130E+01
1.68440000000E+06	8.522576E-02	-9.239355E+01
1.68626875000E+06	8.434331E-02	-9.170004E+01
1.68813750000E+06	8.581665E-02	-9.110432E+01
1.69000625000E+06	8.572079E-02	-9.181477E+01
1.69187500000E+06	8.386949E-02	-9.226871E+01
1.69374375000E+06	8.776222E-02	-8.995451E+01
1.69561250000E+06	8.477292E-02	-9.041634E+01
1.69748125000E+06	8.231818E-02	-9.257735E+01
1.69935000000E+06	8.558720E-02	-9.165971E+01
1.70121875000E+06	8.464590E-02	-9.191089E+01
1.70308750000E+06	8.706740E-02	-9.082037E+01
1.70495625000E+06	8.415313E-02	-9.183811E+01
1.70682500000E+06	8.434249E-02	-9.217928E+01
1.70869375000E+06	8.610716E-02	-9.131993E+01
1.71056250000E+06	8.588933E-02	-9.216045E+01
1.71243125000E+06	8.773944E-02	-9.230067E+01
1.71430000000E+06	8.621382E-02	-9.145966E+01
1.71616875000E+06	8.804271E-02	-9.152645E+01
1.71803750000E+06	8.584987E-02	-8.933474E+01
1.71990625000E+06	8.481828E-02	-9.085023E+01
1.72177500000E+06	8.529467E-02	-9.142500E+01
1.72364375000E+06	8.629548E-02	-9.212108E+01
1.72551250000E+06	8.789177E-02	-9.056028E+01
1.72738125000E+06	8.778522E-02	-9.128394E+01
1.72925000000E+06	8.623233E-02	-9.147126E+01
1.73111875000E+06	8.899320E-02	-9.164215E+01
1.73298750000E+06	8.677869E-02	-9.096504E+01
1.73485625000E+06	8.727703E-02	-9.174837E+01
1.73672500000E+06	8.750471E-02	-9.118687E+01
1.73859375000E+06	8.887067E-02	-9.194773E+01
1.74046250000E+06	8.725019E-02	-9.172863E+01
1.74233125000E+06	9.054625E-02	-9.106417E+01
1.74420000000E+06	8.859650E-02	-9.100424E+01
1.74606875000E+06	8.644158E-02	-9.125858E+01
1.74793750000E+06	8.942199E-02	-9.114849E+01
1.74980625000E+06	8.813878E-02	-9.055084E+01
1.75167500000E+06	8.879240E-02	-9.129472E+01
1.75354375000E+06	9.003118E-02	-9.150721E+01
1.75541250000E+06	8.846828E-02	-9.062528E+01
1.75728125000E+06	8.814568E-02	-9.191170E+01
1.75915000000E+06	8.828467E-02	-9.113568E+01
1.76101875000E+06	8.701699E-02	-9.084950E+01
1.76288750000E+06	9.246413E-02	-9.058392E+01
1.76475625000E+06	8.729788E-02	-9.055146E+01
1.76662500000E+06	9.035554E-02	-9.108627E+01
1.76849375000E+06	8.932186E-02	-9.087876E+01
1.77036250000E+06	9.063942E-02	-9.132001E+01
1.77223125000E+06	8.970918E-02	-9.056281E+01
1.77410000000E+06	9.005956E-02	-9.210828E+01
1.77596875000E+06	9.020194E-02	-9.202448E+01
1.77783750000E+06	8.961094E-02	-9.162571E+01
1.77970625000E+06	9.031177E-02	-9.122380E+01
1.78157500000E+06	8.971872E-02	-9.088746E+01
1.78344375000E+06	8.911797E-02	-9.072765E+01
1.78531250000E+06	9.002130E-02	-9.130434E+01
1.78718125000E+06	8.844966E-02	-9.024836E+01
1.78905000000E+06	8.978079E-02	-9.102468E+01
1.79091875000E+06	9.014816E-02	-9.144251E+01
1.79278750000E+06	8.964457E-02	-9.160299E+01
1.79465625000E+06	9.002055E-02	-9.233066E+01
1.79652500000E+06	9.137934E-02	-9.191785E+01
1.79839375000E+06	9.117788E-02	-9.201437E+01
1.80026250000E+06	8.914921E-02	-9.033696E+01
1.80213125000E+06	9.000303E-02	-9.226535E+01
1.80400000000E+06	9.218345E-02	-9.109346E+01
1.80586875000E+06	9.164149E-02	-9.161890E+01
1.80773750000E+06	9.185892E-02	-9.099837E+01
1.80960625000E+06	9.238680E-02	-8.997740E+01
1.81147500000E+06	9.202483E-02	-9.115061E+01
1.81334375000E+06	9.247031E-02	-9.249837E+01
1.81521250000E+06	9.241723E-02	-9.157933E+01
1.81708125000E+06	9.223181E-02	-9.014046E+01
1.81895000000E+06	9.183130E-02	-9.264837E+01
1.82081875000E+06	9.261385E-02	-9.085493E+01
1.82268750000E+06	9.171970E-02	-9.010639E+01
1.82455625000E+06	9.248402E-02	-9.123992E+01
1.82642500000E+06	9.298187E-02	-9.094681E+01
1.82829375000E+06	9.249766E-02	-8.955538E+01
1.83016250000E+06	9.246043E-02	-9.131252E+01
1.83203125000E+06	9.278242E-02	-9.137806E+01
1.83390000000E+06	9.310098E-02	-9.133006E+01
1.83576875000E+06	8.987661E-02	-9.237473E+01
1.83763750000E+06	9.490722E-02	-9.155399E+01
1.83950625000E+06	9.182866E-02	-9.133133E+01
1.84137500000E+06	9.367737E-02	-9.113821E+01
1.84324375000E+06	9.327280E-02	-9.052536E+01
1.84511250000E+06	9.388156E-02	-9.117632E+01
1.84698125000E+06	9.237372E-02	-9.140865E+01
1.84885000000E+06	9.195846E-02	-9.230172E+01
1.85071875000E+06	9.373600E-02	-9.054973E+01
1.85258750000E+06	9.316431E-02	-9.099773E+01
1.85445625000E+06	9.393461E-02	-9.138004E+01
1.85632500000E+06	9.351164E-02	-9.251459E+01
1.85819375000E+06	9.473021E-02	-9.094716E+01
1.86006250000E+06	9.614930E-02	-9.157361E+01
1.86193125000E+06	9.547083E-02	-9.151871E+01
1.86380000000E+06	9.376583E-02	-9.236025E+01
1.86566875000E+06	9.683231E-02	-9.115733E+01
1.86753750000E+06	9.289975E-02	-9.179259E+01
1.86940625000E+06	9.382281E-02	-9.154596E+01
1.87127500000E+06	9.371427E-02	-9.167023E+01
1.87314375000E+06	9.561101E-02	-9.095442E+01
1.87501250000E+06	9.660389E-02	-9.098087E+01
1.87688125000E+06	9.517577E-02	-9.204396E+01
1.87875000000E+06	9.401491E-02	-9.066713E+01
1.88061875000E+06	9.615143E-02	-9.097010E+01
1.88248750000E+06	9.451361E-02	-9.130013E+01
1.88435625000E+06	9.382632E-02	-9.156931E+01
1.88622500000E+06	9.689066E-02	-9.105869E+01
1.88809375000E+06	9.589686E-02	-9.151749E+01
1.88996250000E+06	9.514880E-02	-9.184668E+01
1.89183125000E+06	9.679188E-02	-9.220878E+01
1.89370000000E+06	9.601671E-02	-9.157651E+01
1.89556875000E+06	9.704121E-02	-9.095396E+01
1.89743750000E+06	9.589852E-02	-9.165643E+01
1.89930625000E+06	9.571539E-02	-9.168826E+01
1.90117500000E+06	9.784175E-02	-9.140083E+01
1.90304375000E+06	9.535547E-02	-9.152135E+01
1.90491250000E+06	9.578026E-02	-9.087393E+01
1.90678125000E+06	9.778108E-02	-9.092747E+01
1.90865000000E+06	9.768373E-02	-9.095207E+01
1.91051875000E+06	9.643410E-02	-9.164362E+01
1.91238750000E+06	9.922417E-02	-9.098653E+01
1.91425625000E+06	9.683955E-02	-9.171530E+01
1.91612500000E+06	1.002477E-01	-9.250245E+01
1.91799375000E+06	9.734455E-02	-9.137408E+01
1.91986250000E+06	9.552319E-02	-9.092805E+01
1.92173125000E+06	9.699915E-02	-9.184151E+01
1.92360000000E+06	9.788900E-02	-9.121497E+01
1.92546875000E+06	9.849595E-02	-9.098187E+01
1.92733750000E+06	1.000267E-01	-9.087183E+01
1.92920625000E+06	9.660931E-02	-9.110576E+01
1.93107500000E+06	9.714414E-02	-9.202279E+01
1.93294375000E+06	9.847613E-02	-9.243242E+01
1.93481250000E+06	9.793807E-02	-9.213166E+01
1.93668125000E+06	9.908432E-02	-9.062976E+01
1.93855000000E+06	9.821114E-02	-9.199596E+01
1.94041875000E+06	9.946568E-02	-9.047200E+01
1.94228750000E+06	9.918317E-02	-9.102786E+01
1.94415625000E+06	9.818596E-02	-9.167419E+01
1.94602500000E+06	9.785426E-02	-9.170997E+01
1.94789375000E+06	9.814323E-02	-9.205534E+01
1.94976250000E+06	9.896488E-02	-9.132023E+01
1.95163125000E+06	9.852824E-02	-9.094418E+01
1.95350000000E+06	9.946181E-02	-9.271102E+01
1.95536875000E+06	9.879851E-02	-9.113672E+01
1.95723750000E+06	9.945036E-02	-9.094839E+01
1.95910625000E+06	1.006626E-01	-9.105973E+01
1.96097500000E+06	9.912529E-02	-9.152447E+01
1.96284375000E+06	1.018556E-01	-9.019096E+01
1.96471250000E+06	1.022212E-01	-9.214130E+01
1.96658125000E+06	1.006745E-01	-9.053765E+01
1.96845000000E+06	1.009414E-01	-9.126538E+01
1.97031875000E+06	9.966834E-02	-9.042680E+01
1.97218750000E+06	9.811675E-02	-9.149667E+01
1.97405625000E+06	9.998764E-02	-9.181808E+01
1.97592500000E+06	1.019970E-01	-9.237356E+01
1.97779375000E+06	1.021625E-01	-9.076336E+01
1.97966250000E+06	9.931131E-02	-9.154257E+01
1.98153125000E+06	1.021048E-01	-9.199083E+01
1.98340000000E+06	1.012201E-01	-9.230074E+01
1.98526875000E+06	1.016408E-01	-9.209547E+01
1.98713750000E+06	1.012867E-01	-9.153992E+01
1.98900625000E+06	1.006574E-01	-9.130311E+01
1.99087500000E+06	1.014040E-01	-9.081980E+01
1.99274375000E+06	1.008392E-01	-9.206256E+01
1.99461250000E+06	1.036354E-01	-8.982080E+01
1.99648125000E+06	1.003639E-01	-9.106954E+01
1.99835000000E+06	1.019453E-01	-9.239525E+01
2.00021875000E+06	1.030522E-01	-9.109339E+01
2.00208750000E+06	1.035126E-01	-9.132616E+01
2.00395625000E+06	1.014201E-01	-9.162518E+01
2.00582500000E+06	1.056322E-01	-9.149148E+01
2.00769375000E+06	1.025444E-01	-9.165555E+01
2.00956250000E+06	1.016081E-01	-9.222555E+01
2.01143125000E+06	9.968928E-02	-9.219273E+01
2.01330000000E+06	1.049145E-01	-9.146131E+01
2.01516875000E+06	1.022531E-01	-9.111059E+01
2.01703750000E+06	1.048380E-01	-9.184614E+01
2.01890625000E+06	1.026649E-01	-9.193211E+01
2.02077500000E+06	1.023840E-01	-9.105299E+01
2.02264375000E+06	1.045495E-01	-9.076717E+01
2.02451250000E+06	1.036985E-01	-9.101548E+01
2.02638125000E+06	1.040115E-01	-9.077636E+01
2.02825000000E+06	1.038970E-01	-9.217180E+01
2.03011875000E+06	1.033481E-01	-9.124180E+01
2.03198750000E+06	1.036093E-01	-9.067181E+01
2.03385625000E+06	1.038034E-01	-9.127321E+01
2.03572500000E+06	1.041139E-01	-9.258591E+01
2.03759375000E+06	1.034803E-01	-9.062431E+01
2.03946250000E+06	1.037504E-01	-9.151165E+01
2.04133125000E+06	1.047721E-01	-9.220116E+01
2.04320000000E+06	1.024220E-01	-9.138795E+01
2.04506875000E+06	1.067211E-01	-9.157820E+01
2.04693750000E+06	1.064332E-01	-9.026407E+01
2.04880625000E+06	1.047714E-01	-9.177698E+01
2.05067500000E+06	1.046748E-01	-9.222601E+01
2.05254375000E+06	1.071873E-01	-9.097395E+01
2.05441250000E+06	1.055299E-01	-9.094579E+01
2.05628125000E+06	1.046943E-01	-9.080125E+01
2.05815000000E+06	1.055243E-01	-9.144462E+01
2.06001875000E+06	1.058481E-01	-9.182305E+01
2.06188750000E+06	1.051853E-01	-9.143681E+01
2.06375625000E+06	1.067398E-01	-9.118926E+01
2.06562500000E+06	1.052931E-01	-9.129784E+01
2.06749375000E+06	1.068131E-01	-9.114709E+01
2.06936250000E+06	1.074534E-01	-9.149278E+01
2.07123125000E+06	1.050929E-01	-9.200854E+01
2.07310000000E+06	1.083453E-01	-9.074695E+01
2.07496875000E+06	1.056051E-01	-9.175890E+01
2.07683750000E+06	1.074388E-01	-9.170295E+01
2.07870625000E+06	1.067290E-01	-9.156297E+01
2.08057500000E+06	1.055668E-01	-9.160536E+01
2.08244375000E+06	1.061317E-01	-9.224967E+01
2.08431250000E+06	1.068771E-01	-9.088642E+01
2.08618125000E+06	1.067097E-01	-9.300883E+01
2.08805000000E+06	1.070349E-01	-9.208366E+01
2.08991875000E+06	1.058608E-01	-9.001121E+01
2.09178750000E+06	1.084332E-01	-9.220586E+01
2.09365625000E+06	1.057883E-01	-9.139063E+01
2.09552500000E+06	1.079376E-01	-9.158395E+01
2.09739375000E+06	1.077218E-01	-9.096927E+01
2.09926250000E+06	1.085187E-01	-9.113061E+01
2.10113125000E+06	1.085865E-01	-9.018591E+01
2.10300000000E+06	1.076932E-01	-9.137265E+01
2.10486875000E+06	1.063401E-01	-9.259802E+01
2.10673750000E+06	1.097354E-01	-9.154748E+01
2.10860625000E+06	1.068798E-01	-9.134348E+01
2.11047500000E+06	1.081383E-01	-9.189372E+01
2.11234375000E+06	1.081744E-01	-9.165418E+01
2.11421250000E+06	1.088925E-01	-9.091257E+01
2.11608125000E+06	1.101402E-01	-9.068259E+01
2.11795000000E+06	1.101764E-01	-9.206303E+01
2.11981875000E+06	1.087039E-01	-9.023836E+01
2.12168750000E+06	1.113889E-01	-9.196777E+01
2.12355625000E+06	1.087309E-01	-9.171325E+01
2.12542500000E+06	1.096012E-01	-9.019096E+01
2.12729375000E+06	1.122087E-01	-9.185984E+01
2.12916250000E+06	1.084749E-01	-9.195971E+01
2.13103125000E+06	1.113806E-01	-9.096590E+01
2.13290000000E+06	1.093884E-01	-9.148166E+01
2.13476875000E+06	1.102614E-01	-9.239480E+01
2.13663750000E+06	1.092231E-01	-9.200844E+01
2.13850625000E+06	1.092768E-01	-9.088962E+01
2.14037500000E+06	1.111442E-01	-9.200990E+01
2.14224375000E+06	1.113915E-01	-9.151176E+01
2.14411250000E+06	1.108012E-01	-9.182029E+01
2.14598125000E+06	1.110550E-01	-9.225398E+01
2.14785000000E+06	1.100576E-01	-9.187309E+01
2.14971875000E+06	1.088460E-01	-9.147649E+01
2.15158750000E+06	1.110836E-01	-9.111746E+01
2.15345625000E+06	1.097325E-01	-9.182432E+01
2.15532500000E+06	1.097632E-01	-9.162181E+01
2.15719375000E+06	1.116049E-01	-9.304021E+01
2.15906250000E+06	1.110197E-01	-9.075737E+01
2.16093125000E+06	1.106519E-01	-9.221133E+01
2.16280000000E+06	1.124414E-01	-9.195925E+01
2.16466875000E+06	1.118260E-01	-9.113275E+01
2.16653750000E+06	1.133178E-01	-9.277469E+01
2.16840625000E+06	1.114169E-01	-9.169989E+01
2.17027500000E+06	1.131647E-01	-9.084299E+01
2.17214375000E+06	1.122331E-01	-9.061348E+01
2.17401250000E+06	1.124829E-01	-9.273547E+01
2.17588125000E+06	1.121463E-01	-9.119614E+01
2.17775000000E+06	1.120135E-01	-9.198232E+01
2.17961875000E+06	1.133598E-01	-9.144228E+01
2.18148750000E+06	1.126351E-01	-9.193343E+01
2.18335625000E+06	1.126026E-01	-9.228867E+01
2.18522500000E+06	1.110140E-01	-9.186831E+01
2.18709375000E+06	1.131937E-01	-9.086606E+01
2.18896250000E+06	1.136818E-01	-9.214059E+01
2.19083125000E+06	1.136565E-01	-9.059036E+01
2.19270000000E+06	1.123078E-01	-9.126138E+01
2.19456875000E+06	1.134399E-01	-9.145701E+01
2.19643750000E+06	1.150292E-01	-9.219733E+01
2.19830625000E+06	1.127874E-01	-9.226904E+01
2.20017500000E+06	1.153036E-01	-9.112292E+01
2.20204375000E+06	1.131973E-01	-9.092558E+01
2.20391250000E+06	1.142603E-01	-9.108727E+01
2.20578125000E+06	1.138958E-01	-9.176391E+01
2.20765000000E+06	1.139084E-01	-9.228868E+01
2.20951875000E+06	1.151139E-01	-9.026817E+01
2.21138750000E+06	1.148356E-01	-9.173929E+01
2.21325625000E+06	1.148866E-01	-9.137210E+01
2.21512500000E+06	1.149358E-01	-9.163106E+01
2.21699375000E+06	1.134225E-01	-9.104524E+01
2.21886250000E+06	1.159087E-01	-9.209345E+01
2.22073125000E+06	1.147614E-01	-9.199947E+01
2.22260000000E+06	1.142698E-01	-9.049729E+01
2.22446875000E+06	1.150390E-01	-9.163185E+01
2.22633750000E+06	1.172578E-01	-9.142487E+01
2.22820625000E+06	1.154417E-01	-9.142873E+01
2.23007500000E+06	1.154552E-01	-9.154772E+01
2.23194375000E+06	1.152236E-01	-9.142568E+01
2.23381250000E+06	1.170949E-01	-9.162717E+01
2.23568125000E+06	1.171612E-01	-9.118851E+01
2.23755000000E+06	1.185020E-01	-9.114743E+01
2.23941875000E+06	1.157727E-01	-9.102071E+01
2.24128750000E+06	1.172422E-01	-9.145002E+01
2.24315625000E+06	1.156484E-01	-9.193089E+01
2.24502500000E+06	1.166234E-01	-9.065994E+01
2.24689375000E+06	1.166470E-01	-9.188289E+01
2.24876250000E+06	1.176274E-01	-9.138971E+01
2.25063125000E+06	1.149586E-01	-9.168516E+01
2.25250000000E+06	1.190433E-01	-9.184182E+01
2.25436875000E+06	1.153353E-01	-9.121292E+01
2.25623750000E+06	1.155889E-01	-9.135986E+01
2.25810625000E+06	1.165522E-01	-9.159289E+01
2.25997500000E+06	1.191113E-01	-9.141867E+01
2.26184375000E+06	1.157159E-01	-9.189318E+01
2.26371250000E+06	1.179907E-01	-9.070881E+01
2.26558125000E+06	1.164880E-01	-9.121999E+01
2.26745000000E+06	1.178873E-01	-9.125458E+01
2.26931875000E+06	1.166629E-01	-9.174464E+01
2.27118750000E+06	1.168042E-01	-9.115341E+01
2.27305625000E+06	1.176134E-01	-9.250188E+01
2.27492500000E+06	1.189271E-01	-9.138924E+01
2.27679375000E+06	1.181859E-01	-9.213049E+01
2.27866250000E+06	1.175441E-01	-9.094473E+01
2.28053125000E+06	1.192263E-01	-9.152409E+01
2.28240000000E+06	1.186645E-01	-9.076949E+01
2.28426875000E+06	1.190185E-01	-9.196490E+01
2.28613750000E+06	1.180903E-01	-9.173711E+01
2.28800625000E+06	1.190879E-01	-9.190186E+01
2.28987500000E+06	1.187177E-01	-9.146223E+01
2.29174375000E+06	1.191334E-01	-9.088428E+01
2.29361250000E+06	1.191489E-01	-9.117784E+01
2.29548125000E+06	1.196758E-01	-9.092836E+01
2.29735000000E+06	1.190479E-01	-9.122813E+01
2.29921875000E+06	1.178086E-01	-9.128634E+01
2.30108750000E+06	1.199334E-01	-9.157017E+01
2.30295625000E+06	1.198547E-01	-9.157229E+01
2.30482500000E+06	1.210188E-01	-9.081228E+01
2.30669375000E+06	1.202755E-01	-9.112891E+01
2.30856250000E+06	1.225201E-01	-9.201743E+01
2.31043125000E+06	1.224602E-01	-9.083390E+01
2.31230000000E+06	1.226359E-01	-9.099837E+01
2.31416875000E+06	1.210579E-01	-9.196418E+01
2.31603750000E+06	1.207272E-01	-9.142371E+01
2.31790625000E+06	1.230763E-01	-9.153200E+01
2.31977500000E+06	1.213113E-01	-9.204082E+01
2.32164375000E+06	1.205061E-01	-9.253426E+01
2.32351250000E+06	1.196393E-01	-9.161347E+01
2.32538125000E+06	1.211984E-01	-9.184449E+01
2.32725000000E+06	1.219685E-01	-9.071831E+01
2.32911875000E+06	1.202309E-01	-9.109193E+01
2.33098750000E+06	1.226644E-01	-9.150549E+01
2.33285625000E+06	1.207907E-01	-9.138370E+01
2.33472500000E+06	1.224887E-01	-9.155309E+01
2.33659375000E+06	1.216203E-01	-9.193335E+01
2.33846250000E+06	1.226359E-01	-9.211919E+01
2.34033125000E+06	1.217286E-01	-9.197707E+01
2.34220000000E+06	1.232674E-01	-9.182587E+01
2.34406875000E+06	1.207380E-01	-9.099699E+01
2.34593750000E+06	1.239059E-01	-9.182875E+01
2.34780625000E+06	1.218730E-01	-9.177522E+01
2.34967500000E+06	1.215044E-01	-9.148914E+01
2.35154375000E+06	1.231460E-01	-9.182756E+01
2.35341250000E+06	1.234494E-01	-9.220957E+01
2.35528125000E+06	1.235069E-01	-9.087047E+01
2.35715000000E+06	1.228166E-01	-9.259383E+01
2.35901875000E+06	1.248279E-01	-9.187723E+01
2.36088750000E+06	1.243299E-01	-9.080669E+01
2.36275625000E+06	1.255309E-01	-9.178027E+01
2.36462500000E+06	1.233629E-01	-9.189540E+01
2.36649375000E+06	1.237257E-01	-9.151067E+01
2.36836250000E+06	1.225758E-01	-9.164198E+01
2.37023125000E+06	1.240696E-01	-9.162331E+01
2.37210000000E+06	1.227122E-01	-9.019566E+01
2.37396875000E+06	1.236453E-01	-9.239288E+01
2.37583750000E+06	1.224988E-01	-9.098770E+01
2.37770625000E+06	1.254859E-01	-9.174782E+01
2.37957500000E+06	1.236907E-01	-9.153465E+01
2.38144375000E+06	1.233639E-01	-9.167397E+01
2.38331250000E+06	1.241309E-01	-9.175031E+01
2.38518125000E+06	1.255352E-01	-9.161301E+01
2.38705000000E+06	1.261128E-01	-9.204713E+01
2.38891875000E+06	1.221828E-01	-9.182546E+01
2.39078750000E+06	1.258843E-01	-9.170567E+01
2.39265625000E+06	1.261661E-01	-9.174131E+01
2.39452500000E+06	1.263910E-01	-9.153934E+01
2.39639375000E+06	1.264175E-01	-9.125888E+01
2.39826250000E+06	1.265982E-01	-9.213726E+01
2.40013125000E+06	1.252212E-01	-9.145967E+01
2.40200000000E+06	1.273903E-01	-9.243089E+01
2.40386875000E+06	1.259163E-01	-9.196043E+01
2.40573750000E+06	1.254216E-01	-9.147034E+01
2.40760625000E+06	1.270959E-01	-9.200986E+01
2.40947500000E+06	1.256169E-01	-9.133630E+01
2.41134375000E+06	1.285214E-01	-9.164207E+01
2.41321250000E+06	1.256930E-01	-9.167274E+01
2.41508125000E+06	1.278244E-01	-9.191698E+01
2.41695000000E+06	1.261645E-01	-9.124625E+01
2.41881875000E+06	1.272827E-01	-9.183527E+01
2.42068750000E+06	1.281155E-01	-9.152456E+01
2.42255625000E+06	1.258524E-01	-9.160126E+01
2.42442500000E+06	1.292388E-01	-9.179601E+01
2.42629375000E+06	1.258022E-01	-9.189345E+01
2.42816250000E+06	1.277425E-01	-9.158337E+01
2.43003125000E+06	1.284558E-01	-9.120798E+01
2.43190000000E+06	1.263451E-01	-9.138369E+01
2.43376875000E+06	1.279845E-01	-9.149411E+01
2.43563750000E+06	1.299514E-01	-9.133686E+01
2.43750625000E+06	1.279512E-01	-9.230270E+01
2.43937500000E+06	1.261794E-01	-9.144745E+01
2.44124375000E+06	1.288002E-01	-9.203916E+01
2.44311250000E+06	1.298542E-01	-9.140002E+01
2.44498125000E+06	1.293950E-01	-9.053250E+01
2.44685000000E+06	1.314684E-01	-9.171884E+01
2.44871875000E+06	1.288781E-01	-9.166538E+01
2.45058750000E+06	1.298030E-01	-9.202544E+01
2.45245625000E+06	1.302539E-01	-9.191756E+01
2.45432500000E+06	1.268764E-01	-9.124812E+01
2.45619375000E+06	1.311448E-01	-9.125968E+01
2.45806250000E+06	1.303296E-01	-9.144447E+01
2.45993125000E+06	1.326415E-01	-9.104776E+01
2.46180000000E+06	1.295542E-01	-9.129123E+01
2.46366875000E+06	1.306561E-01	-9.080732E+01
2.46553750000E+06	1.303221E-01	-9.226122E+01
2.46740625000E+06	1.308457E-01	-9.137753E+01
2.46927500000E+06	1.321019E-01	-9.147112E+01
2.47114375000E+06	1.295596E-01	-9.093127E+01
2.47301250000E+06	1.294738E-01	-9.183451E+01
2.47488125000E+06	1.303743E-01	-9.188337E+01
2.47675000000E+06	1.302597E-01	-9.084091E+01
2.47861875000E+06	1.308114E-01	-9.161875E+01
2.48048750000E+06	1.296079E-01	-9.155516E+01
2.48235625000E+06	1.308699E-01	-9.201687E+01
2.48422500000E+06	1.308302E-01	-9.131570E+01
2.48609375000E+06	1.308606E-01	-9.144769E+01
2.48796250000E+06	1.299684E-01	-9.268744E+01
2.48983125000E+06	1.310446E-01	-9.145594E+01
2.49170000000E+06	1.305947E-01	-9.110278E+01
2.49356875000E+06	1.334766E-01	-9.146249E+01
2.49543750000E+06	1.327875E-01	-9.209763E+01
2.49730625000E+06	1.328837E-01	-9.156876E+01
2.49917500000E+06	1.326332E-01	-9.145264E+01
2.50104375000E+06	1.337174E-01	-9.171179E+01
2.50291250000E+06	1.338406E-01	-9.149483E+01
2.50478125000E+06	1.319909E-01	-9.165643E+01
2.50665000000E+06	1.314931E-01	-9.194754E+01
2.50851875000E+06	1.329111E-01	-9.118350E+01
2.51038750000E+06	1.332742E-01	-9.152842E+01
2.51225625000E+06	1.321357E-01	-9.182458E+01
2.51412500000E+06	1.327832E-01	-9.161122E+01
2.51599375000E+06	1.320634E-01	-9.175117E+01
2.51786250000E+06	1.333693E-01	-9.189046E+01
2.51973125000E+06	1.339247E-01	-9.157471E+01
2.52160000000E+06	1.310044E-01	-9.089470E+01
2.52346875000E+06	1.343953E-01	-9.131919E+01
2.52533750000E+06	1.341061E-01	-9.186394E+01
2.52720625000E+06	1.339582E-01	-9.152800E+01
2.52907500000E+06	1.345340E-01	-9.163564E+01
2.53094375000E+06	1.352794E-01	-9.119262E+01
2.53281250000E+06	1.339793E-01	-9.173946E+01
2.53468125000E+06	1.361163E-01	-9.231979E+01
2.53655000000E+06	1.347176E-01	-9.265329E+01
2.53841875000E+06	1.340427E-01	-9.228736E+01
2.54028750000E+06	1.338013E-01	-9.178814E+01
2.54215625000E+06	1.334490E-01	-9.137000E+01
2.54402500000E+06	1.353749E-01	-9.218496E+01
2.54589375000E+06	1.345637E-01	-9.209386E+01
2.54776250000E+06	1.345476E-01	-9.144603E+01
2.54963125000E+06	1.356870E-01	-9.156703E+01
2.55150000000E+06	1.342733E-01	-9.067063E+01
2.55336875000E+06	1.353738E-01	-9.139928E+01
2.55523750000E+06	1.348635E-01	-9.185535E+01
2.55710625000E+06	1.355711E-01	-9.217397E+01
2.55897500000E+06	1.386591E-01	-9.171237E+01
2.56084375000E+06	1.363783E-01	-9.167491E+01
2.56271250000E+06	1.354314E-01	-9.240689E+01
2.56458125000E+06	1.358062E-01	-9.159473E+01
2.56645000000E+06	1.359490E-01	-9.143509E+01
2.56831875000E+06	1.360986E-01	-9.155263E+01
2.57018750000E+06	1.355654E-01	-9.199676E+01
2.57205625000E+06	1.369539E-01	-9.199956E+01
2.57392500000E+06	1.364755E-01	-9.201260E+01
2.57579375000E+06	1.371520E-01	-9.205821E+01
2.57766250000E+06	1.382055E-01	-9.224247E+01
2.57953125000E+06	1.373772E-01	-9.221951E+01
2.58140000000E+06	1.375275E-01	-9.125383E+01
2.58326875000E+06	1.362677E-01	-9.154295E+01
2.58513750000E+06	1.366056E-01	-9.228622E+01
2.58700625000E+06	1.389321E-01	-9.156814E+01
2.58887500000E+06	1.385070E-01	-9.198495E+01
2.59074375000E+06	1.387080E-01	-9.166673E+01
2.59261250000E+06	1.385366E-01	-9.149748E+01
2.59448125000E+06	1.369935E-01	-9.179687E+01
2.59635000000E+06	1.397725E-01	-9.124908E+01
2.59821875000E+06	1.376214E-01	-9.095762E+01
2.60008750000E+06	1.387454E-01	-9.158884E+01
2.60195625000E+06	1.384179E-01	-9.200385E+01
2.60382500000E+06	1.382317E-01	-9.124860E+01
2.60569375000E+06	1.386101E-01	-9.210423E+01
2.60756250000E+06	1.383590E-01	-9.153946E+01
2.60943125000E+06	1.396483E-01	-9.187698E+01
2.61130000000E+06	1.390434E-01	-9.127771E+01
2.61316875000E+06	1.375029E-01	-9.209480E+01
2.61503750000E+06	1.398273E-01	-9.086726E+01
2.61690625000E+06	1.419168E-01	-9.179311E+01
2.61877500000E+06	1.386068E-01	-9.265552E+01
2.62064375000E+06	1.387734E-01	-9.115224E+01
2.62251250000E+06	1.382651E-01	-9.098185E+01
2.62438125000E+06	1.384484E-01	-9.113087E+01
2.62625000000E+06	1.402678E-01	-9.161073E+01
2.62811875000E+06	1.395649E-01	-9.195227E+01
2.62998750000E+06	1.395206E-01	-9.156885E+01
2.63185625000E+06	1.400896E-01	-9.129664E+01
2.63372500000E+06	1.392605E-01	-9.154282E+01
2.63559375000E+06	1.403103E-01	-9.185340E+01
2.63746250000E+06	1.400918E-01	-9.167136E+01
2.63933125000E+06	1.409981E-01	-9.182507E+01
2.64120000000E+06	1.407107E-01	-9.210114E+01
2.64306875000E+06	1.409575E-01	-9.036244E+01
2.64493750000E+06	1.410572E-01	-9.157819E+01
2.64680625000E+06	1.417330E-01	-9.169759E+01
2.64867500000E+06	1.410589E-01	-9.156730E+01
2.65054375000E+06	1.398070E-01	-9.192835E+01
2.65241250000E+06	1.406881E-01	-9.128410E+01
2.65428125000E+06	1.421465E-01	-9.183649E+01
2.65615000000E+06	1.425696E-01	-9.145049E+01
2.65801875000E+06	1.412444E-01	-9.138163E+01
2.65988750000E+06	1.421609E-01	-9.164828E+01
2.66175625000E+06	1.418619E-01	-9.160668E+01
2.66362500000E+06	1.435865E-01	-9.184581E+01
2.66549375000E+06	1.424900E-01	-9.129118E+01
2.66736250000E+06	1.427474E-01	-9.142560E+01
2.66923125000E+06	1.416849E-01	-9.184033E+01
2.67110000000E+06	1.447559E-01	-9.222396E+01
2.67296875000E+06	1.412572E-01	-9.183546E+01
2.67483750000E+06	1.426105E-01	-9.080328E+01
2.67670625000E+06	1.449547E-01	-9.145308E+01
2.67857500000E+06	1.418661E-01	-9.102401E+01
2.68044375000E+06	1.459613E-01	-9.195127E+01
2.68231250000E+06	1.433788E-01	-9.173004E+01
2.68418125000E+06	1.441963E-01	-9.204997E+01
2.68605000000E+06	1.434153E-01	-9.215676E+01
2.68791875000E+06	1.435808E-01	-9.152460E+01
2.68978750000E+06	1.439382E-01	-9.113386E+01
2.69165625000E+06	1.447064E-01	-9.178452E+01
2.69352500000E+06	1.438296E-01	-9.171507E+01
2.69539375000E+06	1.461240E-01	-9.154655E+01
2.69726250000E+06	1.439976E-01	-9.206953E+01
2.69913125000E+06	1.445921E-01	-9.203332E+01
2.70100000000E+06	1.443729E-01	-9.163023E+01
2.70286875000E+06	1.479516E-01	-9.154758E+01
2.70473750000E+06	1.457047E-01	-9.191505E+01
2.70660625000E+06	1.458447E-01	-9.188486E+01
2.70847500000E+06	1.463090E-01	-9.188632E+01
2.71034375000E+06	1.443354E-01	-9.121207E+01
2.71221250000E+06	1.448961E-01	-9.125483E+01
2.71408125000E+06	1.464352E-01	-9.203019E+01
2.71595000000E+06	1.452856E-01	-9.210995E+01
2.71781875000E+06	1.448129E-01	-9.166813E+01
2.71968750000E+06	1.474633E-01	-9.078516E+01
2.72155625000E+06	1.477584E-01	-9.170113E+01
2.72342500000E+06	1.463155E-01	-9.126093E+01
2.72529375000E+06	1.456536E-01	-9.205387E+01
2.72716250000E+06	1.471500E-01	-9.179771E+01
2.72903125000E+06	1.455998E-01	-9.149135E+01
2.73090000000E+06	1.466074E-01	-9.139573E+01
2.73276875000E+06	1.470377E-01	-9.186609E+01
2.73463750000E+06	1.466387E-01	-9.214030E+01
2.73650625000E+06	1.467961E-01	-9.154742E+01
2.73837500000E+06	1.472033E-01	-9.160960E+01
2.74024375000E+06	1.469226E-01	-9.181219E+01
2.74211250000E+06	1.472655E-01	-9.171237E+01
2.74398125000E+06	1.492707E-01	-9.203149E+01
2.74585000000E+06	1.465665E-01	-9.140836E+01
2.74771875000E+06	1.473187E-01	-9.183805E+01
2.74958750000E+06	1.469146E-01	-9.203327E+01
2.75145625000E+06	1.490051E-01	-9.076660E+01
2.75332500000E+06	1.491684E-01	-9.169511E+01
2.75519375000E+06	1.479884E-01	-9.227172E+01
2.75706250000E+06	1.485773E-01	-9.067342E+01
2.75893125000E+06	1.493402E-01	-9.178624E+01
2.76080000000E+06	1.497551E-01	-9.246220E+01
2.76266875000E+06	1.486452E-01	-9.135056E+01
2.76453750000E+06	1.484015E-01	-9.184436E+01
2.76640625000E+06	1.498775E-01	-9.151425E+01
2.76827500000E+06	1.505440E-01	-9.127383E+01
2.77014375000E+06	1.504076E-01	-9.238575E+01
2.77201250000E+06	1.492889E-01	-9.193587E+01
2.77388125000E+06	1.487933E-01	-9.142088E+01
2.77575000000E+06	1.515589E-01	-9.178688E+01
2.77761875000E+06	1.503622E-01	-9.208706E+01
2.77948750000E+06	1.495734E-01	-9.185023E+01
2.78135625000E+06	1.512430E-01	-9.176803E+01
2.78322500000E+06	1.530199E-01	-9.209435E+01
2.78509375000E+06	1.504943E-01	-9.205097E+01
2.78696250000E+06	1.508051E-01	-9.160786E+01
2.78883125000E+06	1.503299E-01	-9.162527E+01
2.79070000000E+06	1.504691E-01	-9.154050E+01
2.79256875000E+06	1.511530E-01	-9.141386E+01
2.79443750000E+06	1.517304E-01	-9.191716E+01
2.79630625000E+06	1.505717E-01	-9.138236E+01
2.79817500000E+06	1.513602E-01	-9.162379E+01
2.80004375000E+06	1.516010E-01	-9.124638E+01
2.80191250000E+06	1.519062E-01	-9.139847E+01
2.80378125000E+06	1.508071E-01	-9.182132E+01
2.80565000000E+06	1.510269E-01	-9.143295E+01
2.80751875000E+06	1.513914E-01	-9.150885E+01
2.80938750000E+06	1.510492E-01	-9.172303E+01
2.81125625000E+06	1.543593E-01	-9.150243E+01
2.81312500000E+06	1.540461E-01	-9.187008E+01
2.81499375000E+06	1.526252E-01	-9.189923E+01
2.81686250000E+06	1.531527E-01	-9.156248E+01
2.81873125000E+06	1.512188E-01	-9.229047E+01
2.82060000000E+06	1.528623E-01	-9.151057E+01
2.82246875000E+06	1.551103E-01	-9.162963E+01
2.82433750000E+06	1.536445E-01	-9.124897E+01
2.82620625000E+06	1.516535E-01	-9.186420E+01
2.82807500000E+06	1.539037E-01	-9.132716E+01
2.82994375000E+06	1.537681E-01	-9.213826E+01
2.83181250000E+06	1.539980E-01	-9.166905E+01
2.83368125000E+06	1.515167E-01	-9.183099E+01
2.83555000000E+06	1.527728E-01	-9.091296E+01
2.83741875000E+06	1.528877E-01	-9.154156E+01
2.83928750000E+06	1.539071E-01	-9.148961E+01
2.84115625000E+06	1.554639E-01	-9.129060E+01
2.84302500000E+06	1.523530E-01	-9.150585E+01
2.84489375000E+06	1.542171E-01	-9.154522E+01
2.84676250000E+06	1.556974E-01	-9.127782E+01
2.84863125000E+06	1.543082E-01	-9.208232E+01
2.85050000000E+06	1.553045E-01	-9.115881E+01
2.85236875000E+06	1.562466E-01	-9.083275E+01
2.85423750000E+06	1.546292E-01	-9.092384E+01
2.85610625000E+06	1.556821E-01	-9.172945E+01
2.85797500000E+06	1.550087E-01	-9.116058E+01
2.85984375000E+06	1.558894E-01	-9.149094E+01
2.86171250000E+06	1.543751E-01	-9.190611E+01
2.86358125000E+06	1.555586E-01	-9.112022E+01
2.86545000000E+06	1.559739E-01	-9.182725E+01
2.86731875000E+06	1.549444E-01	-9.179704E+01
2.86918750000E+06	1.571026E-01	-9.213759E+01
2.87105625000E+06	1.563999E-01	-9.119417E+01
2.87292500000E+06	1.563136E-01	-9.195488E+01
2.87479375000E+06	1.566827E-01	-9.140623E+01
2.87666250000E+06	1.574327E-01	-9.112289E+01
2.87853125000E+06	1.570544E-01	-9.169648E+01
2.88040000000E+06	1.556925E-01	-9.189548E+01
2.88226875000E+06	1.569856E-01	-9.170830E+01
2.88413750000E+06	1.570194E-01	-9.151218E+01
2.88600625000E+06	1.573827E-01	-9.149502E+01
2.88787500000E+06	1.567615E-01	-9.165575E+01
2.88974375000E+06	1.568747E-01	-9.114964E+01
2.89161250000E+06	1.573220E-01	-9.196017E+01
2.89348125000E+06	1.557813E-01	-9.143261E+01
2.89535000000E+06	1.578391E-01	-9.089823E+01
2.89721875000E+06	1.569520E-01	-9.137550E+01
2.89908750000E+06	1.556153E-01	-9.113177E+01
2.90095625000E+06	1.597703E-01	-9.185191E+01
2.90282500000E+06	1.579830E-01	-9.220516E+01
2.90469375000E+06	1.572552E-01	-9.127902E+01
2.90656250000E+06	1.585459E-01	-9.187794E+01
2.90843125000E+06	1.582878E-01	-9.199165E+01
2.91030000000E+06	1.584520E-01	-9.158158E+01
2.91216875000E+06	1.602614E-01	-9.151994E+01
2.91403750000E+06	1.575231E-01	-9.149213E+01
2.91590625000E+06	1.571375E-01	-9.139380E+01
2.91777500000E+06	1.579560E-01	-9.246191E+01
2.91964375000E+06	1.580120E-01	-9.098013E+01
2.92151250000E+06	1.580930E-01	-9.190365E+01
2.92338125000E+06	1.587305E-01	-9.121724E+01
2.92525000000E+06	1.596564E-01	-9.186578E+01
2.92711875000E+06	1.608838E-01	-9.148074E+01
2.92898750000E+06	1.580980E-01	-9.158891E+01
2.93085625000E+06	1.610452E-01	-9.096662E+01
2.93272500000E+06	1.590954E-01	-9.109850E+01
2.93459375000E+06	1.594933E-01	-9.164415E+01
2.93646250000E+06	1.607746E-01	-9.146072E+01
2.93833125000E+06	1.586982E-01	-9.106224E+01
2.94020000000E+06	1.609147E-01	-9.129532E+01
2.94206875000E+06	1.617806E-01	-9.132896E+01
2.94393750000E+06	1.612874E-01	-9.152489E+01
2.94580625000E+06	1.607303E-01	-9.088168E+01
2.94767500000E+06	1.614996E-01	-9.154487E+01
2.94954375000E+06	1.621713E-01	-9.148911E+01
2.95141250000E+06	1.613754E-01	-9.177068E+01
2.95328125000E+06	1.602750E-01	-9.100306E+01
2.95515000000E+06	1.605806E-01	-9.117924E+01
2.95701875000E+06	1.601111E-01	-9.170538E+01
2.95888750000E+06	1.607565E-01	-9.078431E+01
2.96075625000E+06	1.630428E-01	-9.115617E+01
2.96262500000E+06	1.613854E-01	-9.121294E+01
2.96449375000E+06	1.622824E-01	-9.154275E+01
2.96636250000E+06	1.631361E-01	-9.158958E+01
2.96823125000E+06	1.623668E-01	-9.177482E+01
2.97010000000E+06	1.593388E-01	-9.109457E+01
2.97196875000E+06	1.608877E-01	-9.120528E+01
2.97383750000E+06	1.605312E-01	-9.155411E+01
2.97570625000E+06	1.624953E-01	-9.165248E+01
2.97757500000E+06	1.621844E-01	-9.141713E+01
2.97944375000E+06	1.622126E-01	-9.111098E+01
2.98131250000E+06	1.647556E-01	-9.135268E+01
2.98318125000E+06	1.640693E-01	-9.113300E+01
2.98505000000E+06	1.643971E-01	-9.186772E+01
2.98691875000E+06	1.636595E-01	-9.174282E+01
2.98878750000E+06	1.642300E-01	-9.120586E+01
2.99065625000E+06	1.645453E-01	-9.169700E+01
2.99252500000E+06	1.636154E-01	-9.178012E+01
2.99439375000E+06	1.654000E-01	-9.183067E+01
2.99626250000E+06	1.650339E-01	-9.119795E+01
2.99813125000E+06	1.637229E-01	-9.185148E+01
3.00000000000E+06	1.640406E-01	-9.130037E+01
