"E5100A REV3.14"
"DATE: Jun 24 2004"



"CHANNEL: 2"
"MEASURE TYPE: AR"
"FORMAT TYPE: LINMP"
"NUMBER of POINTS: 1601"
"SWEEP TIME:  3.458 s"
"SWEEP TYPE: LINF"
"SOURCE POWER: 0 dBm"
"IF BANDWIDTH: 500 Hz"

"Frequency"	"Main Array"	"Sub Array"
1.00000000000E+04	1.442424E-01	1.628475E+02
1.18687500000E+04	2.177492E-01	-1.130279E+02
1.37375000000E+04	2.295877E-02	-5.835727E+01
1.56062500000E+04	3.032025E-02	1.679223E+02
1.74750000000E+04	4.648349E-02	-1.630566E+01
1.93437500000E+04	1.818719E-02	-1.639993E+02
2.12125000000E+04	6.213757E-02	8.151427E+01
2.30812500000E+04	1.310327E-02	1.558533E+01
2.49500000000E+04	1.011659E-02	-1.435614E+02
2.68187500000E+04	2.433195E-02	1.573521E+02
2.86875000000E+04	2.392616E-02	-1.486740E+02
3.05562500000E+04	4.527002E-02	-2.964039E+01
3.24250000000E+04	1.395887E-02	-1.190658E+02
3.42937500000E+04	7.893960E-03	1.720431E+02
3.61625000000E+04	9.272922E-03	1.613836E+02
3.80312500000E+04	2.180966E-02	-1.299293E+02
3.99000000000E+04	1.465244E-02	4.653451E+01
4.17687500000E+04	9.784983E-03	5.930096E+01
4.36375000000E+04	1.242811E-02	-1.088700E+02
4.55062500000E+04	1.203972E-02	3.663416E+01
4.73750000000E+04	1.705235E-02	1.633745E+02
4.92437500000E+04	1.036214E-02	1.327855E+02
5.11125000000E+04	1.346338E-02	-1.606376E+02
5.29812500000E+04	1.620933E-02	1.206799E+02
5.48500000000E+04	9.388699E-03	1.368549E+02
5.67187500000E+04	2.240185E-02	1.799022E+02
5.85875000000E+04	6.011286E-03	-6.676562E+01
6.04562500000E+04	1.125900E-02	-1.864858E+01
6.23250000000E+04	3.276394E-03	-1.145989E+02
6.41937500000E+04	1.250781E-02	1.036219E+02
6.60625000000E+04	5.754304E-03	1.163418E+02
6.79312500000E+04	1.227035E-02	-6.076098E+01
6.98000000000E+04	9.213144E-03	4.320165E+01
7.16687500000E+04	1.164159E-02	-5.449642E+01
7.35375000000E+04	8.614059E-03	1.757325E+02
7.54062500000E+04	1.202848E-02	2.654271E+01
7.72750000000E+04	7.559042E-03	-7.255760E+01
7.91437500000E+04	1.085948E-02	1.354212E+02
8.10125000000E+04	7.460592E-03	8.584323E+01
8.28812500000E+04	8.108809E-03	-1.460357E+02
8.47500000000E+04	4.945122E-03	-1.470055E+02
8.66187500000E+04	1.117993E-02	9.964989E+01
8.84875000000E+04	1.067995E-02	-5.932744E+01
9.03562500000E+04	5.914811E-03	2.156083E+01
9.22250000000E+04	3.292499E-03	6.129171E+01
9.40937500000E+04	9.490275E-03	-1.548716E+02
9.59625000000E+04	5.876758E-03	-1.766976E+02
9.78312500000E+04	8.277866E-03	1.185457E+02
9.97000000000E+04	1.104074E-02	6.645356E+01
1.01568750000E+05	1.767338E-02	4.462149E+01
1.03437500000E+05	1.130398E-02	4.452435E+00
1.05306250000E+05	1.623679E-02	3.028759E+01
1.07175000000E+05	1.612438E-02	1.293152E+02
1.09043750000E+05	9.957107E-03	9.891748E+01
1.10912500000E+05	1.093555E-02	1.231381E+02
1.12781250000E+05	1.191047E-02	9.243635E+01
1.14650000000E+05	6.801316E-03	-6.114250E+00
1.16518750000E+05	7.227199E-03	1.278242E+02
1.18387500000E+05	8.792699E-03	6.371112E+01
1.20256250000E+05	1.132812E-02	5.562056E+01
1.22125000000E+05	2.777254E-03	1.574159E+02
1.23993750000E+05	4.004622E-03	-5.966036E+01
1.25862500000E+05	9.661929E-03	5.419947E+01
1.27731250000E+05	1.355034E-02	9.757085E+01
1.29600000000E+05	3.162177E-03	4.572622E+01
1.31468750000E+05	4.515744E-03	2.072362E+01
1.33337500000E+05	6.866867E-03	1.146482E+02
1.35206250000E+05	9.289972E-03	9.513703E+01
1.37075000000E+05	7.947190E-03	4.826559E+01
1.38943750000E+05	1.141841E-02	-2.274834E+01
1.40812500000E+05	1.685440E-03	1.046015E+01
1.42681250000E+05	1.911495E-03	7.276209E+01
1.44550000000E+05	1.292043E-02	4.357331E+00
1.46418750000E+05	3.296469E-03	6.240198E+00
1.48287500000E+05	2.366012E-03	-7.011275E+01
1.50156250000E+05	3.745478E-03	-2.211814E-01
1.52025000000E+05	5.845767E-03	6.296263E+01
1.53893750000E+05	1.050287E-02	9.171866E+01
1.55762500000E+05	5.819336E-03	3.843387E+01
1.57631250000E+05	4.667375E-03	1.182140E+02
1.59500000000E+05	2.762016E-03	5.431987E+01
1.61368750000E+05	5.105054E-03	6.220113E+01
1.63237500000E+05	6.090679E-03	-3.155467E+01
1.65106250000E+05	2.272747E-03	6.474818E+01
1.66975000000E+05	6.352028E-03	1.779183E+02
1.68843750000E+05	5.489086E-03	1.012582E+02
1.70712500000E+05	1.102115E-02	1.260262E+02
1.72581250000E+05	5.068184E-03	-1.410882E+02
1.74450000000E+05	6.820587E-03	5.158205E+01
1.76318750000E+05	6.374060E-03	4.664948E+01
1.78187500000E+05	5.326440E-03	1.293703E+02
1.80056250000E+05	5.351678E-03	1.171498E+02
1.81925000000E+05	4.096846E-03	1.741549E+02
1.83793750000E+05	3.661278E-03	4.919952E+01
1.85662500000E+05	1.175499E-02	6.653603E+01
1.87531250000E+05	4.943221E-03	-4.323931E+01
1.89400000000E+05	2.016253E-03	5.919439E+01
1.91268750000E+05	3.496053E-03	1.493720E+02
1.93137500000E+05	8.881687E-03	6.965331E+01
1.95006250000E+05	4.208716E-03	5.752169E+01
1.96875000000E+05	4.100830E-03	2.457570E+01
1.98743750000E+05	6.253709E-03	6.847820E+01
2.00612500000E+05	7.251178E-03	-6.949506E-03
2.02481250000E+05	7.468462E-03	-1.776995E+02
2.04350000000E+05	2.863310E-04	1.000647E+02
2.06218750000E+05	1.259040E-02	1.080701E+02
2.08087500000E+05	8.089429E-03	1.605978E+02
2.09956250000E+05	5.577653E-03	-1.412962E+02
2.11825000000E+05	9.954154E-03	1.154195E+02
2.13693750000E+05	7.549976E-03	3.513282E+01
2.15562500000E+05	1.210079E-02	3.690055E+01
2.17431250000E+05	1.816475E-03	-3.671520E+01
2.19300000000E+05	1.024819E-02	2.634103E+01
2.21168750000E+05	4.905739E-03	2.620886E+01
2.23037500000E+05	5.019095E-03	5.969392E+01
2.24906250000E+05	5.460296E-03	5.213926E+01
2.26775000000E+05	6.539633E-03	5.985943E+01
2.28643750000E+05	1.011376E-03	-1.243787E+02
2.30512500000E+05	3.142470E-03	7.573159E+01
2.32381250000E+05	6.771010E-03	4.194798E+01
2.34250000000E+05	9.713228E-03	1.219460E+02
2.36118750000E+05	4.594461E-03	3.732619E+01
2.37987500000E+05	2.980330E-03	5.450800E+01
2.39856250000E+05	8.876752E-03	9.533836E+01
2.41725000000E+05	2.843531E-03	1.397037E+02
2.43593750000E+05	2.411135E-03	4.086591E-01
2.45462500000E+05	6.233995E-03	1.530464E+02
2.47331250000E+05	7.013271E-03	1.592936E+02
2.49200000000E+05	1.764245E-02	1.009878E+02
2.51068750000E+05	4.081173E-03	4.429350E+01
2.52937500000E+05	1.457611E-02	5.795426E+01
2.54806250000E+05	1.015951E-02	8.807738E+01
2.56675000000E+05	6.726542E-03	5.315073E+01
2.58543750000E+05	6.720603E-03	4.536039E+01
2.60412500000E+05	3.357137E-03	1.087572E+02
2.62281250000E+05	6.837540E-03	3.306205E+01
2.64150000000E+05	8.468098E-03	6.828432E+01
2.66018750000E+05	5.986406E-03	1.001994E+02
2.67887500000E+05	1.395773E-02	9.313085E+01
2.69756250000E+05	6.916141E-03	1.087455E+02
2.71625000000E+05	6.773474E-03	5.786068E+01
2.73493750000E+05	2.022829E-03	5.956229E+01
2.75362500000E+05	6.182280E-03	7.085004E+01
2.77231250000E+05	6.841574E-03	1.269152E+02
2.79100000000E+05	8.093421E-03	6.562816E+01
2.80968750000E+05	6.356357E-03	6.206292E+01
2.82837500000E+05	7.931883E-03	8.541570E+01
2.84706250000E+05	4.870446E-03	9.628258E+01
2.86575000000E+05	7.647310E-03	5.122293E+01
2.88443750000E+05	8.157390E-03	2.977225E+00
2.90312500000E+05	8.584831E-03	5.236761E+01
2.92181250000E+05	5.365386E-03	9.019050E+01
2.94050000000E+05	5.260944E-03	9.133234E+01
2.95918750000E+05	1.295648E-02	4.980717E+01
2.97787500000E+05	3.081727E-03	6.152186E+01
2.99656250000E+05	6.519818E-03	8.983288E+01
3.01525000000E+05	1.612041E-02	1.336436E+02
3.03393750000E+05	1.012923E-02	1.147860E+02
3.05262500000E+05	6.269359E-03	1.065664E+02
3.07131250000E+05	1.345933E-02	9.311443E+01
3.09000000000E+05	9.296486E-03	8.793594E+01
3.10868750000E+05	3.956349E-03	1.329899E+02
3.12737500000E+05	6.305158E-03	1.174063E+02
3.14606250000E+05	4.755699E-03	9.901084E+01
3.16475000000E+05	1.346327E-02	8.836929E+01
3.18343750000E+05	8.502627E-03	5.643558E+01
3.20212500000E+05	8.719174E-03	8.443371E+01
3.22081250000E+05	1.204236E-02	9.046941E+01
3.23950000000E+05	5.301193E-03	8.151454E+01
3.25818750000E+05	9.380094E-03	7.837262E+01
3.27687500000E+05	7.159017E-03	7.123327E+01
3.29556250000E+05	7.374402E-03	7.652682E+01
3.31425000000E+05	7.090827E-03	6.582880E+01
3.33293750000E+05	5.459521E-03	7.417345E+01
3.35162500000E+05	5.617694E-03	4.419897E+01
3.37031250000E+05	7.348541E-03	9.715041E+01
3.38900000000E+05	8.158155E-03	9.130424E+01
3.40768750000E+05	1.429407E-02	8.115741E+01
3.42637500000E+05	1.033391E-02	8.704598E+01
3.44506250000E+05	1.009758E-02	9.696562E+01
3.46375000000E+05	1.314927E-02	9.585904E+01
3.48243750000E+05	8.252851E-03	6.034230E+01
3.50112500000E+05	6.406759E-03	7.358884E+01
3.51981250000E+05	8.501288E-03	8.093032E+01
3.53850000000E+05	9.244788E-03	6.748723E+01
3.55718750000E+05	1.088354E-02	8.078329E+01
3.57587500000E+05	1.020640E-02	8.769935E+01
3.59456250000E+05	1.075927E-02	6.594359E+01
3.61325000000E+05	1.276469E-02	4.273870E+01
3.63193750000E+05	5.764928E-03	6.459034E+01
3.65062500000E+05	6.197159E-03	1.180860E+02
3.66931250000E+05	6.893683E-03	9.455286E+01
3.68800000000E+05	5.928416E-03	7.309241E+01
3.70668750000E+05	1.368457E-02	7.320479E+01
3.72537500000E+05	4.875492E-03	8.599136E+01
3.74406250000E+05	9.660521E-03	9.369762E+01
3.76275000000E+05	7.772064E-03	1.222794E+02
3.78143750000E+05	8.881588E-03	7.525359E+01
3.80012500000E+05	1.259373E-02	7.832748E+01
3.81881250000E+05	1.482892E-02	7.393859E+01
3.83750000000E+05	8.160071E-03	9.989752E+01
3.85618750000E+05	1.099247E-02	7.907319E+01
3.87487500000E+05	6.666705E-03	9.699599E+01
3.89356250000E+05	6.915933E-03	7.021374E+01
3.91225000000E+05	3.925176E-03	6.238788E+01
3.93093750000E+05	7.468272E-03	6.553460E+01
3.94962500000E+05	8.527976E-03	8.856407E+01
3.96831250000E+05	5.700121E-03	1.355276E+02
3.98700000000E+05	7.193496E-03	1.183250E+02
4.00568750000E+05	8.705481E-03	1.067188E+02
4.02437500000E+05	4.988513E-03	8.411974E+01
4.04306250000E+05	6.302476E-03	1.022793E+02
4.06175000000E+05	1.089894E-02	9.890200E+01
4.08043750000E+05	1.163877E-02	9.654142E+01
4.09912500000E+05	6.722121E-03	6.195211E+01
4.11781250000E+05	7.889275E-03	4.293956E+01
4.13650000000E+05	7.797091E-03	1.031784E+02
4.15518750000E+05	1.151663E-02	9.602409E+01
4.17387500000E+05	6.400789E-03	6.458993E+01
4.19256250000E+05	1.178916E-02	6.481883E+01
4.21125000000E+05	9.363347E-03	1.172459E+02
4.22993750000E+05	1.420154E-02	9.039715E+01
4.24862500000E+05	1.286424E-02	8.181850E+01
4.26731250000E+05	1.406741E-02	9.541102E+01
4.28600000000E+05	1.023064E-02	8.496313E+01
4.30468750000E+05	8.601341E-03	7.642828E+01
4.32337500000E+05	1.040472E-02	8.325291E+01
4.34206250000E+05	9.607168E-03	7.694873E+01
4.36075000000E+05	1.546504E-02	9.626139E+01
4.37943750000E+05	1.059038E-02	7.922302E+01
4.39812500000E+05	1.358646E-02	7.650961E+01
4.41681250000E+05	1.158228E-02	8.923878E+01
4.43550000000E+05	1.136161E-02	9.844868E+01
4.45418750000E+05	9.801351E-03	7.044164E+01
4.47287500000E+05	1.365108E-02	8.366947E+01
4.49156250000E+05	1.239210E-02	9.158931E+01
4.51025000000E+05	1.040938E-02	7.578249E+01
4.52893750000E+05	1.185837E-02	7.289370E+01
4.54762500000E+05	1.383214E-02	9.690902E+01
4.56631250000E+05	1.079317E-02	8.014756E+01
4.58500000000E+05	9.060399E-03	9.221466E+01
4.60368750000E+05	1.385051E-02	7.574870E+01
4.62237500000E+05	1.185147E-02	1.030676E+02
4.64106250000E+05	1.119636E-02	9.134778E+01
4.65975000000E+05	8.615969E-03	7.941048E+01
4.67843750000E+05	1.417786E-02	6.723306E+01
4.69712500000E+05	1.515916E-02	9.550135E+01
4.71581250000E+05	1.409473E-02	8.206600E+01
4.73450000000E+05	1.244899E-02	7.636549E+01
4.75318750000E+05	1.166387E-02	7.291846E+01
4.77187500000E+05	1.020832E-02	9.928304E+01
4.79056250000E+05	1.136332E-02	8.665182E+01
4.80925000000E+05	1.607050E-02	8.538470E+01
4.82793750000E+05	9.942096E-03	8.972317E+01
4.84662500000E+05	9.007354E-03	7.752698E+01
4.86531250000E+05	1.103709E-02	1.052942E+02
4.88400000000E+05	1.154410E-02	8.079459E+01
4.90268750000E+05	1.287392E-02	7.299810E+01
4.92137500000E+05	1.125168E-02	8.699152E+01
4.94006250000E+05	1.173670E-02	1.017699E+02
4.95875000000E+05	9.508798E-03	1.022823E+02
4.97743750000E+05	1.264290E-02	8.441184E+01
4.99612500000E+05	1.180007E-02	1.097240E+02
5.01481250000E+05	1.181768E-02	8.145716E+01
5.03350000000E+05	1.283759E-02	8.905458E+01
5.05218750000E+05	1.180214E-02	8.946552E+01
5.07087500000E+05	1.065027E-02	9.547988E+01
5.08956250000E+05	1.347999E-02	8.957905E+01
5.10825000000E+05	1.197702E-02	9.225210E+01
5.12693750000E+05	1.222179E-02	9.478364E+01
5.14562500000E+05	1.409762E-02	9.559118E+01
5.16431250000E+05	1.166517E-02	9.541637E+01
5.18300000000E+05	1.177610E-02	8.651205E+01
5.20168750000E+05	1.045989E-02	9.442023E+01
5.22037500000E+05	1.492226E-02	9.086340E+01
5.23906250000E+05	1.307194E-02	9.139472E+01
5.25775000000E+05	1.198117E-02	8.644979E+01
5.27643750000E+05	1.227534E-02	9.883572E+01
5.29512500000E+05	1.611102E-02	8.582619E+01
5.31381250000E+05	1.850706E-02	9.538148E+01
5.33250000000E+05	1.146586E-02	1.062400E+02
5.35118750000E+05	1.095793E-02	8.474384E+01
5.36987500000E+05	1.118974E-02	8.632153E+01
5.38856250000E+05	1.186221E-02	8.640721E+01
5.40725000000E+05	1.363658E-02	8.465005E+01
5.42593750000E+05	1.202387E-02	8.552429E+01
5.44462500000E+05	1.443040E-02	1.010046E+02
5.46331250000E+05	1.214376E-02	8.297144E+01
5.48200000000E+05	1.205720E-02	1.004511E+02
5.50068750000E+05	1.238238E-02	9.186074E+01
5.51937500000E+05	9.997649E-03	1.006800E+02
5.53806250000E+05	8.815192E-03	9.871872E+01
5.55675000000E+05	9.476118E-03	1.020452E+02
5.57543750000E+05	1.346135E-02	1.058861E+02
5.59412500000E+05	1.287962E-02	8.763813E+01
5.61281250000E+05	1.349082E-02	8.141602E+01
5.63150000000E+05	1.280929E-02	8.498388E+01
5.65018750000E+05	1.494752E-02	9.013365E+01
5.66887500000E+05	1.499791E-02	9.238421E+01
5.68756250000E+05	1.252222E-02	8.319249E+01
5.70625000000E+05	1.530243E-02	8.083655E+01
5.72493750000E+05	1.687878E-02	9.161269E+01
5.74362500000E+05	1.358110E-02	8.352416E+01
5.76231250000E+05	1.249170E-02	7.979244E+01
5.78100000000E+05	1.177362E-02	1.033942E+02
5.79968750000E+05	1.445950E-02	8.946120E+01
5.81837500000E+05	1.365978E-02	8.941966E+01
5.83706250000E+05	8.293693E-03	7.272310E+01
5.85575000000E+05	1.574218E-02	8.181320E+01
5.87443750000E+05	1.324877E-02	9.865043E+01
5.89312500000E+05	1.156849E-02	1.027859E+02
5.91181250000E+05	1.379540E-02	9.024129E+01
5.93050000000E+05	1.239349E-02	8.576936E+01
5.94918750000E+05	1.879494E-02	9.328953E+01
5.96787500000E+05	1.687613E-02	9.204885E+01
5.98656250000E+05	1.484119E-02	9.578051E+01
6.00525000000E+05	1.246443E-02	9.156256E+01
6.02393750000E+05	1.636470E-02	9.398374E+01
6.04262500000E+05	1.603939E-02	8.517401E+01
6.06131250000E+05	1.533509E-02	8.626191E+01
6.08000000000E+05	1.491410E-02	8.771851E+01
6.09868750000E+05	1.651554E-02	8.852761E+01
6.11737500000E+05	1.113646E-02	8.816318E+01
6.13606250000E+05	1.217618E-02	9.790668E+01
6.15475000000E+05	1.509305E-02	8.896062E+01
6.17343750000E+05	1.340796E-02	7.600684E+01
6.19212500000E+05	1.570570E-02	7.621980E+01
6.21081250000E+05	1.417239E-02	9.127775E+01
6.22950000000E+05	1.557817E-02	8.078124E+01
6.24818750000E+05	1.256619E-02	8.158951E+01
6.26687500000E+05	1.602186E-02	8.315883E+01
6.28556250000E+05	1.356965E-02	8.760225E+01
6.30425000000E+05	1.253578E-02	8.267345E+01
6.32293750000E+05	1.428140E-02	9.682240E+01
6.34162500000E+05	1.452320E-02	8.925509E+01
6.36031250000E+05	1.219038E-02	8.394191E+01
6.37900000000E+05	1.352884E-02	9.274391E+01
6.39768750000E+05	1.415929E-02	9.428532E+01
6.41637500000E+05	1.375302E-02	8.835296E+01
6.43506250000E+05	1.237536E-02	8.723566E+01
6.45375000000E+05	1.772872E-02	8.857632E+01
6.47243750000E+05	1.357035E-02	8.441270E+01
6.49112500000E+05	1.545514E-02	8.176993E+01
6.50981250000E+05	1.520557E-02	8.744719E+01
6.52850000000E+05	1.223056E-02	8.602427E+01
6.54718750000E+05	1.804732E-02	8.488229E+01
6.56587500000E+05	1.588728E-02	9.692338E+01
6.58456250000E+05	1.552470E-02	8.469929E+01
6.60325000000E+05	1.799198E-02	8.697573E+01
6.62193750000E+05	1.386645E-02	9.884901E+01
6.64062500000E+05	1.498407E-02	1.015588E+02
6.65931250000E+05	1.491367E-02	8.732838E+01
6.67800000000E+05	1.718537E-02	8.645315E+01
6.69668750000E+05	1.702325E-02	9.870996E+01
6.71537500000E+05	1.546289E-02	9.256296E+01
6.73406250000E+05	1.368639E-02	1.027600E+02
6.75275000000E+05	1.689793E-02	9.862748E+01
6.77143750000E+05	1.403626E-02	9.483215E+01
6.79012500000E+05	1.564264E-02	8.532964E+01
6.80881250000E+05	1.802200E-02	8.859950E+01
6.82750000000E+05	1.864420E-02	9.119595E+01
6.84618750000E+05	1.436054E-02	7.654720E+01
6.86487500000E+05	1.545283E-02	9.288538E+01
6.88356250000E+05	1.781469E-02	8.929101E+01
6.90225000000E+05	1.649022E-02	9.110452E+01
6.92093750000E+05	1.384388E-02	8.110493E+01
6.93962500000E+05	1.504511E-02	8.655985E+01
6.95831250000E+05	1.434791E-02	8.562517E+01
6.97700000000E+05	1.434221E-02	1.050445E+02
6.99568750000E+05	1.895609E-02	8.534343E+01
7.01437500000E+05	1.318943E-02	8.485744E+01
7.03306250000E+05	1.440454E-02	9.220897E+01
7.05175000000E+05	1.586259E-02	8.453043E+01
7.07043750000E+05	1.656831E-02	1.020838E+02
7.08912500000E+05	1.768028E-02	8.503109E+01
7.10781250000E+05	1.646486E-02	8.705149E+01
7.12650000000E+05	1.737473E-02	9.624779E+01
7.14518750000E+05	1.928833E-02	9.660608E+01
7.16387500000E+05	1.638475E-02	7.814174E+01
7.18256250000E+05	1.921780E-02	8.815341E+01
7.20125000000E+05	1.648676E-02	7.413235E+01
7.21993750000E+05	1.697848E-02	9.223639E+01
7.23862500000E+05	1.489925E-02	9.419669E+01
7.25731250000E+05	1.556050E-02	1.008059E+02
7.27600000000E+05	1.544305E-02	1.010361E+02
7.29468750000E+05	1.810460E-02	8.357043E+01
7.31337500000E+05	1.709811E-02	9.174254E+01
7.33206250000E+05	1.736496E-02	9.157175E+01
7.35075000000E+05	1.566506E-02	8.699774E+01
7.36943750000E+05	1.771162E-02	8.996979E+01
7.38812500000E+05	1.667765E-02	8.974825E+01
7.40681250000E+05	1.587224E-02	9.289027E+01
7.42550000000E+05	1.479213E-02	1.001476E+02
7.44418750000E+05	1.984063E-02	8.911308E+01
7.46287500000E+05	2.072923E-02	8.886845E+01
7.48156250000E+05	1.693035E-02	9.250092E+01
7.50025000000E+05	2.039197E-02	9.055740E+01
7.51893750000E+05	1.651713E-02	8.168021E+01
7.53762500000E+05	1.400947E-02	8.799945E+01
7.55631250000E+05	1.647988E-02	9.347078E+01
7.57500000000E+05	1.793496E-02	9.928732E+01
7.59368750000E+05	1.895066E-02	9.600785E+01
7.61237500000E+05	1.565262E-02	8.947491E+01
7.63106250000E+05	1.827565E-02	8.865509E+01
7.64975000000E+05	1.977693E-02	9.007877E+01
7.66843750000E+05	1.877380E-02	8.463773E+01
7.68712500000E+05	1.822498E-02	8.948074E+01
7.70581250000E+05	1.692734E-02	8.908805E+01
7.72450000000E+05	1.823029E-02	8.841865E+01
7.74318750000E+05	1.473616E-02	8.474445E+01
7.76187500000E+05	1.746938E-02	9.119235E+01
7.78056250000E+05	1.680317E-02	9.626961E+01
7.79925000000E+05	1.537669E-02	8.385217E+01
7.81793750000E+05	1.737067E-02	8.660435E+01
7.83662500000E+05	1.704475E-02	8.746084E+01
7.85531250000E+05	1.746526E-02	8.887490E+01
7.87400000000E+05	1.554733E-02	9.069195E+01
7.89268750000E+05	1.679222E-02	8.813058E+01
7.91137500000E+05	1.819037E-02	8.879813E+01
7.93006250000E+05	1.699219E-02	8.897201E+01
7.94875000000E+05	1.708441E-02	8.483060E+01
7.96743750000E+05	2.265933E-02	8.592799E+01
7.98612500000E+05	1.868295E-02	9.383160E+01
8.00481250000E+05	1.863685E-02	8.861770E+01
8.02350000000E+05	1.774143E-02	8.827722E+01
8.04218750000E+05	1.495220E-02	8.140859E+01
8.06087500000E+05	2.092548E-02	8.840176E+01
8.07956250000E+05	1.936895E-02	9.580327E+01
8.09825000000E+05	1.679864E-02	9.100803E+01
8.11693750000E+05	1.871379E-02	8.990054E+01
8.13562500000E+05	1.778438E-02	9.312337E+01
8.15431250000E+05	1.554842E-02	8.948411E+01
8.17300000000E+05	1.841794E-02	8.655319E+01
8.19168750000E+05	1.923983E-02	9.115228E+01
8.21037500000E+05	1.701559E-02	9.264969E+01
8.22906250000E+05	1.961697E-02	9.120213E+01
8.24775000000E+05	1.957324E-02	8.797433E+01
8.26643750000E+05	1.902758E-02	9.642989E+01
8.28512500000E+05	1.992251E-02	8.930739E+01
8.30381250000E+05	1.954108E-02	9.713021E+01
8.32250000000E+05	1.930886E-02	9.223919E+01
8.34118750000E+05	1.550216E-02	1.035027E+02
8.35987500000E+05	1.406711E-02	7.733329E+01
8.37856250000E+05	2.011637E-02	8.536338E+01
8.39725000000E+05	1.876794E-02	9.156632E+01
8.41593750000E+05	1.895482E-02	8.897878E+01
8.43462500000E+05	1.813565E-02	8.382618E+01
8.45331250000E+05	2.098824E-02	8.797767E+01
8.47200000000E+05	1.912318E-02	8.761002E+01
8.49068750000E+05	1.995978E-02	8.581045E+01
8.50937500000E+05	2.082399E-02	1.010766E+02
8.52806250000E+05	2.104704E-02	9.008047E+01
8.54675000000E+05	1.811295E-02	8.439191E+01
8.56543750000E+05	1.439894E-02	8.971147E+01
8.58412500000E+05	1.876615E-02	8.532151E+01
8.60281250000E+05	2.088917E-02	8.471204E+01
8.62150000000E+05	2.127568E-02	9.241548E+01
8.64018750000E+05	2.197170E-02	9.176987E+01
8.65887500000E+05	1.951141E-02	1.028869E+02
8.67756250000E+05	1.816718E-02	9.006613E+01
8.69625000000E+05	1.991295E-02	9.552448E+01
8.71493750000E+05	1.877041E-02	8.811687E+01
8.73362500000E+05	2.014123E-02	7.992516E+01
8.75231250000E+05	1.904261E-02	1.038501E+02
8.77100000000E+05	2.182984E-02	9.063223E+01
8.78968750000E+05	2.085850E-02	8.850143E+01
8.80837500000E+05	1.725299E-02	8.809677E+01
8.82706250000E+05	1.954113E-02	9.517231E+01
8.84575000000E+05	2.291929E-02	9.247381E+01
8.86443750000E+05	1.727570E-02	9.032674E+01
8.88312500000E+05	2.145318E-02	8.974944E+01
8.90181250000E+05	1.776102E-02	9.177431E+01
8.92050000000E+05	2.069974E-02	7.546061E+01
8.93918750000E+05	1.871126E-02	9.135640E+01
8.95787500000E+05	2.118959E-02	8.832439E+01
8.97656250000E+05	1.896121E-02	8.748799E+01
8.99525000000E+05	2.175573E-02	8.347910E+01
9.01393750000E+05	2.345577E-02	8.915982E+01
9.03262500000E+05	2.353796E-02	9.524814E+01
9.05131250000E+05	2.049999E-02	9.183987E+01
9.07000000000E+05	2.030487E-02	7.856686E+01
9.08868750000E+05	1.964112E-02	9.233394E+01
9.10737500000E+05	2.075471E-02	8.904581E+01
9.12606250000E+05	2.066034E-02	9.052341E+01
9.14475000000E+05	2.039703E-02	9.686079E+01
9.16343750000E+05	2.055588E-02	8.850016E+01
9.18212500000E+05	2.119747E-02	8.340845E+01
9.20081250000E+05	1.958588E-02	9.074481E+01
9.21950000000E+05	2.143889E-02	8.937722E+01
9.23818750000E+05	2.221513E-02	9.198133E+01
9.25687500000E+05	2.322193E-02	9.683543E+01
9.27556250000E+05	2.202464E-02	9.402158E+01
9.29425000000E+05	2.101795E-02	8.539836E+01
9.31293750000E+05	2.153041E-02	9.134895E+01
9.33162500000E+05	1.987489E-02	9.332652E+01
9.35031250000E+05	1.970365E-02	9.024899E+01
9.36900000000E+05	2.089455E-02	9.044146E+01
9.38768750000E+05	2.176787E-02	8.695448E+01
9.40637500000E+05	1.765002E-02	8.103913E+01
9.42506250000E+05	1.933715E-02	9.576694E+01
9.44375000000E+05	2.286764E-02	8.781512E+01
9.46243750000E+05	2.067641E-02	8.617349E+01
9.48112500000E+05	2.132614E-02	8.969316E+01
9.49981250000E+05	2.295571E-02	9.474821E+01
9.51850000000E+05	2.244762E-02	9.621036E+01
9.53718750000E+05	2.267092E-02	9.156395E+01
9.55587500000E+05	2.133545E-02	8.527846E+01
9.57456250000E+05	2.182292E-02	8.584283E+01
9.59325000000E+05	1.914107E-02	9.107570E+01
9.61193750000E+05	2.171529E-02	9.216700E+01
9.63062500000E+05	2.374346E-02	9.258433E+01
9.64931250000E+05	2.191711E-02	8.467705E+01
9.66800000000E+05	2.204701E-02	9.361275E+01
9.68668750000E+05	1.999091E-02	8.778799E+01
9.70537500000E+05	2.327694E-02	8.765067E+01
9.72406250000E+05	1.954681E-02	8.832758E+01
9.74275000000E+05	1.915833E-02	9.855186E+01
9.76143750000E+05	2.215116E-02	8.993966E+01
9.78012500000E+05	2.201606E-02	9.564658E+01
9.79881250000E+05	2.456399E-02	9.013757E+01
9.81750000000E+05	2.312710E-02	9.022969E+01
9.83618750000E+05	2.110402E-02	9.135719E+01
9.85487500000E+05	2.284379E-02	8.987011E+01
9.87356250000E+05	2.218640E-02	9.384239E+01
9.89225000000E+05	2.124147E-02	9.525828E+01
9.91093750000E+05	2.440499E-02	8.793065E+01
9.92962500000E+05	2.258081E-02	9.277154E+01
9.94831250000E+05	2.269533E-02	9.896775E+01
9.96700000000E+05	2.146267E-02	9.315794E+01
9.98568750000E+05	2.446116E-02	9.433036E+01
1.00043750000E+06	2.117964E-02	9.054687E+01
1.00230625000E+06	2.424996E-02	8.970996E+01
1.00417500000E+06	2.327271E-02	8.956709E+01
1.00604375000E+06	2.049442E-02	8.295271E+01
1.00791250000E+06	2.045187E-02	9.238689E+01
1.00978125000E+06	1.919388E-02	9.142271E+01
1.01165000000E+06	2.131884E-02	9.186438E+01
1.01351875000E+06	2.407424E-02	9.109423E+01
1.01538750000E+06	2.356630E-02	9.170338E+01
1.01725625000E+06	2.342782E-02	8.513267E+01
1.01912500000E+06	2.225711E-02	9.053915E+01
1.02099375000E+06	1.919966E-02	8.900265E+01
1.02286250000E+06	1.991661E-02	9.809013E+01
1.02473125000E+06	2.483737E-02	8.921951E+01
1.02660000000E+06	2.149968E-02	8.552676E+01
1.02846875000E+06	2.084153E-02	9.294517E+01
1.03033750000E+06	2.397370E-02	9.498152E+01
1.03220625000E+06	2.089605E-02	8.919588E+01
1.03407500000E+06	2.254428E-02	9.143436E+01
1.03594375000E+06	2.071465E-02	9.482520E+01
1.03781250000E+06	2.413443E-02	9.203679E+01
1.03968125000E+06	2.214135E-02	9.076411E+01
1.04155000000E+06	2.182699E-02	9.117605E+01
1.04341875000E+06	2.588557E-02	8.964518E+01
1.04528750000E+06	2.431676E-02	9.315148E+01
1.04715625000E+06	2.115840E-02	9.410785E+01
1.04902500000E+06	2.444323E-02	9.167383E+01
1.05089375000E+06	2.103077E-02	9.508715E+01
1.05276250000E+06	2.384423E-02	9.262328E+01
1.05463125000E+06	2.510615E-02	8.996349E+01
1.05650000000E+06	2.333478E-02	9.408151E+01
1.05836875000E+06	2.034897E-02	9.159880E+01
1.06023750000E+06	2.527640E-02	8.874648E+01
1.06210625000E+06	2.291579E-02	8.678433E+01
1.06397500000E+06	2.362190E-02	9.046184E+01
1.06584375000E+06	2.200764E-02	9.104887E+01
1.06771250000E+06	2.243364E-02	9.021314E+01
1.06958125000E+06	2.273002E-02	8.847377E+01
1.07145000000E+06	2.363583E-02	9.202010E+01
1.07331875000E+06	2.040530E-02	8.581404E+01
1.07518750000E+06	2.501814E-02	8.916447E+01
1.07705625000E+06	2.607776E-02	9.294284E+01
1.07892500000E+06	2.538270E-02	9.155451E+01
1.08079375000E+06	2.414176E-02	9.014384E+01
1.08266250000E+06	2.454308E-02	9.214188E+01
1.08453125000E+06	2.338458E-02	9.679810E+01
1.08640000000E+06	2.260672E-02	8.913058E+01
1.08826875000E+06	2.448919E-02	9.207439E+01
1.09013750000E+06	2.550085E-02	8.560824E+01
1.09200625000E+06	2.353412E-02	8.614665E+01
1.09387500000E+06	2.565772E-02	8.601032E+01
1.09574375000E+06	2.325254E-02	8.841370E+01
1.09761250000E+06	2.305127E-02	8.635847E+01
1.09948125000E+06	2.481453E-02	9.215300E+01
1.10135000000E+06	2.496916E-02	9.088544E+01
1.10321875000E+06	2.652941E-02	9.133772E+01
1.10508750000E+06	2.537839E-02	9.322198E+01
1.10695625000E+06	2.157723E-02	9.361843E+01
1.10882500000E+06	2.333719E-02	9.140910E+01
1.11069375000E+06	2.397757E-02	8.991758E+01
1.11256250000E+06	2.421009E-02	9.300992E+01
1.11443125000E+06	2.737807E-02	8.807977E+01
1.11630000000E+06	2.554881E-02	8.592401E+01
1.11816875000E+06	2.486071E-02	9.055986E+01
1.12003750000E+06	2.622172E-02	8.676718E+01
1.12190625000E+06	2.381767E-02	8.861749E+01
1.12377500000E+06	2.299976E-02	9.249000E+01
1.12564375000E+06	2.233535E-02	9.490369E+01
1.12751250000E+06	2.772791E-02	8.888842E+01
1.12938125000E+06	2.517061E-02	8.775994E+01
1.13125000000E+06	2.473082E-02	8.989610E+01
1.13311875000E+06	2.476681E-02	9.544409E+01
1.13498750000E+06	2.556524E-02	8.859628E+01
1.13685625000E+06	2.548198E-02	9.269395E+01
1.13872500000E+06	2.591825E-02	9.233035E+01
1.14059375000E+06	2.437435E-02	8.905296E+01
1.14246250000E+06	2.622311E-02	9.307259E+01
1.14433125000E+06	2.451297E-02	9.158392E+01
1.14620000000E+06	2.734658E-02	9.024094E+01
1.14806875000E+06	2.560557E-02	9.307455E+01
1.14993750000E+06	2.599549E-02	9.175073E+01
1.15180625000E+06	2.531121E-02	9.342832E+01
1.15367500000E+06	2.546239E-02	8.495084E+01
1.15554375000E+06	2.346643E-02	9.543276E+01
1.15741250000E+06	2.603815E-02	9.190524E+01
1.15928125000E+06	2.472229E-02	8.948389E+01
1.16115000000E+06	2.571239E-02	9.375861E+01
1.16301875000E+06	2.464885E-02	9.176159E+01
1.16488750000E+06	2.742802E-02	9.761953E+01
1.16675625000E+06	2.646826E-02	9.292404E+01
1.16862500000E+06	2.825028E-02	8.898821E+01
1.17049375000E+06	2.400615E-02	9.260416E+01
1.17236250000E+06	2.489627E-02	8.929247E+01
1.17423125000E+06	2.509584E-02	9.603471E+01
1.17610000000E+06	2.566852E-02	9.684409E+01
1.17796875000E+06	2.533721E-02	8.835548E+01
1.17983750000E+06	2.572066E-02	9.164294E+01
1.18170625000E+06	2.528128E-02	9.422055E+01
1.18357500000E+06	2.622278E-02	8.787753E+01
1.18544375000E+06	2.579314E-02	8.739476E+01
1.18731250000E+06	2.578144E-02	9.281022E+01
1.18918125000E+06	2.760618E-02	9.515396E+01
1.19105000000E+06	2.733582E-02	9.646780E+01
1.19291875000E+06	2.673187E-02	8.667705E+01
1.19478750000E+06	2.576190E-02	9.222764E+01
1.19665625000E+06	2.626335E-02	9.389715E+01
1.19852500000E+06	2.611314E-02	8.914340E+01
1.20039375000E+06	2.459669E-02	8.887423E+01
1.20226250000E+06	2.527620E-02	9.477952E+01
1.20413125000E+06	2.717209E-02	8.693286E+01
1.20600000000E+06	2.738845E-02	9.171678E+01
1.20786875000E+06	2.586667E-02	9.076866E+01
1.20973750000E+06	2.604634E-02	8.986879E+01
1.21160625000E+06	2.653183E-02	9.068491E+01
1.21347500000E+06	2.569243E-02	8.903480E+01
1.21534375000E+06	2.836615E-02	9.352504E+01
1.21721250000E+06	2.891248E-02	9.438135E+01
1.21908125000E+06	2.690100E-02	9.488634E+01
1.22095000000E+06	2.617710E-02	9.240141E+01
1.22281875000E+06	2.744801E-02	8.954146E+01
1.22468750000E+06	2.401097E-02	9.269152E+01
1.22655625000E+06	2.644750E-02	9.337354E+01
1.22842500000E+06	2.627774E-02	9.392202E+01
1.23029375000E+06	2.802390E-02	9.046417E+01
1.23216250000E+06	2.571070E-02	9.357540E+01
1.23403125000E+06	2.722618E-02	8.993394E+01
1.23590000000E+06	2.708786E-02	9.076708E+01
1.23776875000E+06	2.465722E-02	8.939680E+01
1.23963750000E+06	2.660256E-02	9.138760E+01
1.24150625000E+06	2.892286E-02	8.873942E+01
1.24337500000E+06	2.695709E-02	9.404567E+01
1.24524375000E+06	2.628268E-02	9.108389E+01
1.24711250000E+06	2.626483E-02	9.288435E+01
1.24898125000E+06	2.848686E-02	8.960805E+01
1.25085000000E+06	2.703894E-02	9.727707E+01
1.25271875000E+06	2.761870E-02	9.100338E+01
1.25458750000E+06	2.600778E-02	9.400922E+01
1.25645625000E+06	2.732112E-02	9.207546E+01
1.25832500000E+06	2.690497E-02	9.448743E+01
1.26019375000E+06	2.887188E-02	9.034919E+01
1.26206250000E+06	2.889182E-02	9.025327E+01
1.26393125000E+06	2.765835E-02	8.839828E+01
1.26580000000E+06	2.648596E-02	9.733070E+01
1.26766875000E+06	2.710111E-02	9.287513E+01
1.26953750000E+06	2.870646E-02	8.841650E+01
1.27140625000E+06	2.770959E-02	8.753279E+01
1.27327500000E+06	2.687503E-02	8.906490E+01
1.27514375000E+06	2.805136E-02	9.387760E+01
1.27701250000E+06	2.829815E-02	9.274175E+01
1.27888125000E+06	2.881188E-02	9.367691E+01
1.28075000000E+06	2.811875E-02	8.554187E+01
1.28261875000E+06	2.801341E-02	9.437939E+01
1.28448750000E+06	2.877248E-02	9.394572E+01
1.28635625000E+06	2.545930E-02	9.027001E+01
1.28822500000E+06	2.798034E-02	9.741893E+01
1.29009375000E+06	2.687794E-02	9.493699E+01
1.29196250000E+06	2.651003E-02	9.398457E+01
1.29383125000E+06	2.840827E-02	9.009800E+01
1.29570000000E+06	2.695597E-02	8.692308E+01
1.29756875000E+06	2.672282E-02	9.096164E+01
1.29943750000E+06	2.578046E-02	9.222642E+01
1.30130625000E+06	2.676375E-02	9.415775E+01
1.30317500000E+06	2.633395E-02	9.496471E+01
1.30504375000E+06	2.666369E-02	9.479608E+01
1.30691250000E+06	2.795819E-02	9.301953E+01
1.30878125000E+06	2.834367E-02	9.264760E+01
1.31065000000E+06	2.722038E-02	9.043888E+01
1.31251875000E+06	2.720212E-02	8.857716E+01
1.31438750000E+06	2.772369E-02	9.401077E+01
1.31625625000E+06	2.603585E-02	9.698435E+01
1.31812500000E+06	2.883178E-02	9.390105E+01
1.31999375000E+06	2.857365E-02	9.107231E+01
1.32186250000E+06	3.053143E-02	9.396956E+01
1.32373125000E+06	3.127834E-02	9.175507E+01
1.32560000000E+06	2.813383E-02	9.436050E+01
1.32746875000E+06	2.860938E-02	9.554623E+01
1.32933750000E+06	2.830496E-02	9.223766E+01
1.33120625000E+06	2.793393E-02	9.245319E+01
1.33307500000E+06	2.564837E-02	9.097366E+01
1.33494375000E+06	2.748741E-02	9.448595E+01
1.33681250000E+06	2.717674E-02	9.256100E+01
1.33868125000E+06	2.869066E-02	9.038174E+01
1.34055000000E+06	2.899590E-02	9.484223E+01
1.34241875000E+06	3.055781E-02	9.374966E+01
1.34428750000E+06	2.825093E-02	9.687379E+01
1.34615625000E+06	2.974087E-02	9.486706E+01
1.34802500000E+06	2.808272E-02	9.176997E+01
1.34989375000E+06	2.647969E-02	9.158020E+01
1.35176250000E+06	2.770715E-02	9.407372E+01
1.35363125000E+06	2.911515E-02	8.910971E+01
1.35550000000E+06	2.750895E-02	8.861262E+01
1.35736875000E+06	2.995742E-02	8.869053E+01
1.35923750000E+06	2.949387E-02	8.981795E+01
1.36110625000E+06	2.931185E-02	9.235169E+01
1.36297500000E+06	2.864261E-02	9.290697E+01
1.36484375000E+06	2.799141E-02	9.188515E+01
1.36671250000E+06	2.851720E-02	9.597060E+01
1.36858125000E+06	2.942603E-02	9.610835E+01
1.37045000000E+06	2.928069E-02	9.269044E+01
1.37231875000E+06	2.944275E-02	9.254039E+01
1.37418750000E+06	2.885938E-02	9.411281E+01
1.37605625000E+06	2.868016E-02	9.108821E+01
1.37792500000E+06	3.085754E-02	9.507091E+01
1.37979375000E+06	3.013409E-02	8.916805E+01
1.38166250000E+06	2.894237E-02	9.453786E+01
1.38353125000E+06	3.056338E-02	8.703806E+01
1.38540000000E+06	2.910400E-02	9.105610E+01
1.38726875000E+06	2.946490E-02	9.384216E+01
1.38913750000E+06	2.880259E-02	9.224403E+01
1.39100625000E+06	3.145953E-02	9.705616E+01
1.39287500000E+06	3.024079E-02	9.005851E+01
1.39474375000E+06	2.898300E-02	9.606125E+01
1.39661250000E+06	3.061290E-02	9.171250E+01
1.39848125000E+06	3.004490E-02	8.889660E+01
1.40035000000E+06	2.937045E-02	9.335860E+01
1.40221875000E+06	3.097649E-02	8.799342E+01
1.40408750000E+06	3.112682E-02	9.095268E+01
1.40595625000E+06	3.101387E-02	9.226293E+01
1.40782500000E+06	2.767556E-02	9.496862E+01
1.40969375000E+06	3.110111E-02	9.346954E+01
1.41156250000E+06	2.974994E-02	9.170193E+01
1.41343125000E+06	3.075069E-02	9.344990E+01
1.41530000000E+06	2.925969E-02	9.090285E+01
1.41716875000E+06	3.150287E-02	9.344059E+01
1.41903750000E+06	3.308970E-02	9.349484E+01
1.42090625000E+06	3.080680E-02	8.832149E+01
1.42277500000E+06	2.929364E-02	9.270586E+01
1.42464375000E+06	2.827083E-02	8.921458E+01
1.42651250000E+06	3.054493E-02	9.379258E+01
1.42838125000E+06	3.061971E-02	9.084769E+01
1.43025000000E+06	3.079949E-02	9.335172E+01
1.43211875000E+06	3.038632E-02	9.218790E+01
1.43398750000E+06	2.963649E-02	8.901535E+01
1.43585625000E+06	3.303431E-02	9.212201E+01
1.43772500000E+06	3.143159E-02	9.521159E+01
1.43959375000E+06	3.027800E-02	9.256424E+01
1.44146250000E+06	3.067631E-02	9.306838E+01
1.44333125000E+06	3.198928E-02	9.520385E+01
1.44520000000E+06	3.127537E-02	9.087263E+01
1.44706875000E+06	3.032465E-02	8.994971E+01
1.44893750000E+06	2.826367E-02	9.083717E+01
1.45080625000E+06	3.262616E-02	9.548470E+01
1.45267500000E+06	2.873789E-02	9.438441E+01
1.45454375000E+06	3.165481E-02	9.216993E+01
1.45641250000E+06	2.985564E-02	9.410306E+01
1.45828125000E+06	3.031476E-02	9.343751E+01
1.46015000000E+06	3.030582E-02	8.955350E+01
1.46201875000E+06	3.205818E-02	9.760836E+01
1.46388750000E+06	3.159003E-02	9.471609E+01
1.46575625000E+06	3.163001E-02	9.086921E+01
1.46762500000E+06	2.973244E-02	9.458178E+01
1.46949375000E+06	3.134254E-02	9.378304E+01
1.47136250000E+06	3.030189E-02	9.180860E+01
1.47323125000E+06	3.030907E-02	9.343188E+01
1.47510000000E+06	3.281216E-02	9.154528E+01
1.47696875000E+06	3.077394E-02	9.677551E+01
1.47883750000E+06	2.798946E-02	9.452460E+01
1.48070625000E+06	3.154033E-02	9.584018E+01
1.48257500000E+06	3.174749E-02	9.031429E+01
1.48444375000E+06	3.136345E-02	1.004049E+02
1.48631250000E+06	3.358746E-02	9.287592E+01
1.48818125000E+06	3.123629E-02	9.586762E+01
1.49005000000E+06	3.268959E-02	9.165299E+01
1.49191875000E+06	3.269327E-02	9.590633E+01
1.49378750000E+06	3.162860E-02	9.294869E+01
1.49565625000E+06	3.240874E-02	9.801730E+01
1.49752500000E+06	3.111743E-02	9.797526E+01
1.49939375000E+06	3.144415E-02	9.581068E+01
1.50126250000E+06	3.108272E-02	9.647882E+01
1.50313125000E+06	3.070815E-02	9.162412E+01
1.50500000000E+06	3.045699E-02	8.825880E+01
1.50686875000E+06	3.164852E-02	9.416674E+01
1.50873750000E+06	3.222311E-02	9.228848E+01
1.51060625000E+06	2.973561E-02	9.297800E+01
1.51247500000E+06	3.135163E-02	9.635612E+01
1.51434375000E+06	3.145718E-02	9.457536E+01
1.51621250000E+06	3.222895E-02	9.528582E+01
1.51808125000E+06	3.069260E-02	9.046545E+01
1.51995000000E+06	3.078756E-02	9.354447E+01
1.52181875000E+06	3.156460E-02	9.410487E+01
1.52368750000E+06	3.209455E-02	9.263792E+01
1.52555625000E+06	3.427299E-02	9.597965E+01
1.52742500000E+06	3.267577E-02	9.320964E+01
1.52929375000E+06	3.171448E-02	9.253905E+01
1.53116250000E+06	3.411103E-02	9.210406E+01
1.53303125000E+06	3.364197E-02	8.977847E+01
1.53490000000E+06	3.422356E-02	9.440724E+01
1.53676875000E+06	3.182352E-02	8.996507E+01
1.53863750000E+06	3.045722E-02	9.492953E+01
1.54050625000E+06	3.069920E-02	9.280392E+01
1.54237500000E+06	2.942544E-02	9.566975E+01
1.54424375000E+06	3.282922E-02	9.322781E+01
1.54611250000E+06	3.338930E-02	8.766926E+01
1.54798125000E+06	3.288464E-02	9.620860E+01
1.54985000000E+06	3.175943E-02	9.077065E+01
1.55171875000E+06	3.180220E-02	9.800816E+01
1.55358750000E+06	3.478127E-02	9.065744E+01
1.55545625000E+06	3.128034E-02	9.709887E+01
1.55732500000E+06	3.465180E-02	9.174677E+01
1.55919375000E+06	3.135472E-02	9.296503E+01
1.56106250000E+06	3.334673E-02	9.833003E+01
1.56293125000E+06	3.125528E-02	9.122487E+01
1.56480000000E+06	3.192181E-02	9.680754E+01
1.56666875000E+06	3.106713E-02	8.860755E+01
1.56853750000E+06	3.293522E-02	9.234196E+01
1.57040625000E+06	3.306663E-02	9.908286E+01
1.57227500000E+06	3.345101E-02	9.310178E+01
1.57414375000E+06	3.226732E-02	8.901489E+01
1.57601250000E+06	3.202605E-02	9.323495E+01
1.57788125000E+06	3.458731E-02	9.503345E+01
1.57975000000E+06	3.437262E-02	9.079494E+01
1.58161875000E+06	3.232036E-02	9.656702E+01
1.58348750000E+06	3.345958E-02	9.198006E+01
1.58535625000E+06	3.304861E-02	9.340192E+01
1.58722500000E+06	3.404527E-02	9.589249E+01
1.58909375000E+06	3.312366E-02	9.604831E+01
1.59096250000E+06	3.333040E-02	9.356530E+01
1.59283125000E+06	3.149819E-02	9.107154E+01
1.59470000000E+06	3.236648E-02	9.589199E+01
1.59656875000E+06	3.208568E-02	9.206496E+01
1.59843750000E+06	3.130490E-02	9.453215E+01
1.60030625000E+06	3.517700E-02	9.701797E+01
1.60217500000E+06	3.317049E-02	8.856964E+01
1.60404375000E+06	2.926756E-02	9.313269E+01
1.60591250000E+06	3.359720E-02	9.888522E+01
1.60778125000E+06	3.290056E-02	9.465941E+01
1.60965000000E+06	3.382434E-02	9.350163E+01
1.61151875000E+06	3.226490E-02	9.442021E+01
1.61338750000E+06	3.539655E-02	9.563068E+01
1.61525625000E+06	3.384260E-02	9.484863E+01
1.61712500000E+06	3.327206E-02	9.304065E+01
1.61899375000E+06	3.275531E-02	9.535160E+01
1.62086250000E+06	3.162628E-02	9.385509E+01
1.62273125000E+06	3.338787E-02	9.194677E+01
1.62460000000E+06	3.361108E-02	9.616832E+01
1.62646875000E+06	3.260405E-02	9.391625E+01
1.62833750000E+06	3.392682E-02	9.336661E+01
1.63020625000E+06	3.310555E-02	9.478705E+01
1.63207500000E+06	3.533609E-02	9.483125E+01
1.63394375000E+06	3.373282E-02	9.605678E+01
1.63581250000E+06	3.201930E-02	9.357011E+01
1.63768125000E+06	3.581612E-02	9.733621E+01
1.63955000000E+06	3.217510E-02	9.463916E+01
1.64141875000E+06	3.349263E-02	9.260674E+01
1.64328750000E+06	3.401088E-02	9.248554E+01
1.64515625000E+06	3.530421E-02	9.207468E+01
1.64702500000E+06	3.397168E-02	9.465137E+01
1.64889375000E+06	3.321767E-02	9.355354E+01
1.65076250000E+06	3.533098E-02	9.081571E+01
1.65263125000E+06	3.435120E-02	9.377713E+01
1.65450000000E+06	3.557920E-02	9.308382E+01
1.65636875000E+06	3.335466E-02	9.495750E+01
1.65823750000E+06	3.488776E-02	9.258457E+01
1.66010625000E+06	3.479683E-02	9.711046E+01
1.66197500000E+06	3.328590E-02	9.422073E+01
1.66384375000E+06	3.493129E-02	9.329171E+01
1.66571250000E+06	3.553883E-02	9.524778E+01
1.66758125000E+06	3.370130E-02	9.122784E+01
1.66945000000E+06	3.220670E-02	9.471458E+01
1.67131875000E+06	3.338308E-02	9.168069E+01
1.67318750000E+06	3.397789E-02	9.274239E+01
1.67505625000E+06	3.389821E-02	9.232887E+01
1.67692500000E+06	3.430942E-02	9.382539E+01
1.67879375000E+06	3.532382E-02	9.555254E+01
1.68066250000E+06	3.527553E-02	9.548581E+01
1.68253125000E+06	3.320376E-02	9.353194E+01
1.68440000000E+06	3.651282E-02	9.329712E+01
1.68626875000E+06	3.392415E-02	9.160129E+01
1.68813750000E+06	3.365492E-02	9.684208E+01
1.69000625000E+06	3.373797E-02	9.227171E+01
1.69187500000E+06	3.234459E-02	9.284478E+01
1.69374375000E+06	3.376952E-02	9.305845E+01
1.69561250000E+06	3.505377E-02	9.746725E+01
1.69748125000E+06	3.398244E-02	9.207764E+01
1.69935000000E+06	3.290997E-02	9.820782E+01
1.70121875000E+06	3.647134E-02	9.341466E+01
1.70308750000E+06	3.124413E-02	9.267642E+01
1.70495625000E+06	3.570439E-02	9.092214E+01
1.70682500000E+06	3.250241E-02	9.453854E+01
1.70869375000E+06	3.549698E-02	9.456417E+01
1.71056250000E+06	3.442850E-02	9.319843E+01
1.71243125000E+06	3.489095E-02	9.333698E+01
1.71430000000E+06	3.296397E-02	9.532452E+01
1.71616875000E+06	3.543208E-02	9.340697E+01
1.71803750000E+06	3.493261E-02	9.654401E+01
1.71990625000E+06	3.642556E-02	9.214283E+01
1.72177500000E+06	3.508521E-02	9.873613E+01
1.72364375000E+06	3.566347E-02	9.420989E+01
1.72551250000E+06	3.489722E-02	9.017023E+01
1.72738125000E+06	3.501495E-02	9.535614E+01
1.72925000000E+06	3.691861E-02	9.597429E+01
1.73111875000E+06	3.462402E-02	9.569152E+01
1.73298750000E+06	3.521293E-02	9.272115E+01
1.73485625000E+06	3.695169E-02	9.443050E+01
1.73672500000E+06	3.612560E-02	9.252324E+01
1.73859375000E+06	3.446067E-02	9.778658E+01
1.74046250000E+06	3.502771E-02	9.361810E+01
1.74233125000E+06	3.707964E-02	9.450232E+01
1.74420000000E+06	3.640167E-02	9.665505E+01
1.74606875000E+06	3.486631E-02	9.281108E+01
1.74793750000E+06	3.371192E-02	9.564236E+01
1.74980625000E+06	3.545743E-02	9.784840E+01
1.75167500000E+06	3.381702E-02	9.398002E+01
1.75354375000E+06	3.597844E-02	9.504999E+01
1.75541250000E+06	3.477443E-02	9.404404E+01
1.75728125000E+06	3.451347E-02	9.525986E+01
1.75915000000E+06	3.685914E-02	9.336199E+01
1.76101875000E+06	3.473062E-02	9.944913E+01
1.76288750000E+06	3.693548E-02	9.285298E+01
1.76475625000E+06	3.497110E-02	9.480522E+01
1.76662500000E+06	3.561851E-02	9.608630E+01
1.76849375000E+06	3.531147E-02	9.610336E+01
1.77036250000E+06	3.710232E-02	9.206353E+01
1.77223125000E+06	3.595529E-02	9.598414E+01
1.77410000000E+06	3.489693E-02	9.329661E+01
1.77596875000E+06	3.599373E-02	9.412077E+01
1.77783750000E+06	3.611431E-02	9.483380E+01
1.77970625000E+06	3.392923E-02	9.250220E+01
1.78157500000E+06	3.445253E-02	9.677153E+01
1.78344375000E+06	3.625311E-02	9.564812E+01
1.78531250000E+06	3.611945E-02	9.372833E+01
1.78718125000E+06	3.546814E-02	9.633157E+01
1.78905000000E+06	3.704643E-02	9.172241E+01
1.79091875000E+06	3.784465E-02	9.206364E+01
1.79278750000E+06	3.588301E-02	9.455939E+01
1.79465625000E+06	3.664557E-02	9.339329E+01
1.79652500000E+06	3.397225E-02	9.734087E+01
1.79839375000E+06	3.754498E-02	9.459478E+01
1.80026250000E+06	3.546710E-02	9.414263E+01
1.80213125000E+06	3.586358E-02	9.538786E+01
1.80400000000E+06	3.832161E-02	9.524818E+01
1.80586875000E+06	3.590440E-02	9.094518E+01
1.80773750000E+06	3.451182E-02	9.577840E+01
1.80960625000E+06	3.560076E-02	9.173584E+01
1.81147500000E+06	3.365867E-02	9.879242E+01
1.81334375000E+06	3.548555E-02	9.640522E+01
1.81521250000E+06	3.778968E-02	9.459236E+01
1.81708125000E+06	3.450570E-02	9.638782E+01
1.81895000000E+06	3.648084E-02	9.695110E+01
1.82081875000E+06	3.551505E-02	9.290990E+01
1.82268750000E+06	3.412633E-02	9.295523E+01
1.82455625000E+06	3.658699E-02	9.359087E+01
1.82642500000E+06	3.734083E-02	9.523409E+01
1.82829375000E+06	3.690469E-02	9.481230E+01
1.83016250000E+06	3.727640E-02	9.533485E+01
1.83203125000E+06	3.683538E-02	9.368191E+01
1.83390000000E+06	3.625563E-02	9.350687E+01
1.83576875000E+06	3.702964E-02	9.506681E+01
1.83763750000E+06	3.539760E-02	9.647874E+01
1.83950625000E+06	3.773366E-02	9.300590E+01
1.84137500000E+06	3.694471E-02	9.684126E+01
1.84324375000E+06	3.518590E-02	9.462642E+01
1.84511250000E+06	3.552588E-02	9.372576E+01
1.84698125000E+06	3.757798E-02	9.482008E+01
1.84885000000E+06	3.728515E-02	9.465757E+01
1.85071875000E+06	3.604796E-02	9.557861E+01
1.85258750000E+06	3.702651E-02	9.577374E+01
1.85445625000E+06	3.560965E-02	9.578194E+01
1.85632500000E+06	3.878210E-02	9.442244E+01
1.85819375000E+06	3.765258E-02	9.359995E+01
1.86006250000E+06	3.914417E-02	9.575298E+01
1.86193125000E+06	3.921389E-02	9.300987E+01
1.86380000000E+06	3.565593E-02	9.664373E+01
1.86566875000E+06	3.523211E-02	9.315827E+01
1.86753750000E+06	3.569550E-02	9.371535E+01
1.86940625000E+06	3.796929E-02	9.773797E+01
1.87127500000E+06	3.945545E-02	9.719340E+01
1.87314375000E+06	3.591341E-02	9.421653E+01
1.87501250000E+06	3.592375E-02	9.428888E+01
1.87688125000E+06	3.580972E-02	9.523294E+01
1.87875000000E+06	3.659013E-02	9.879607E+01
1.88061875000E+06	3.747081E-02	9.644968E+01
1.88248750000E+06	3.874230E-02	9.591064E+01
1.88435625000E+06	3.479144E-02	9.419707E+01
1.88622500000E+06	3.663889E-02	9.455474E+01
1.88809375000E+06	3.676916E-02	9.395963E+01
1.88996250000E+06	3.847229E-02	9.617995E+01
1.89183125000E+06	3.921603E-02	9.988904E+01
1.89370000000E+06	3.693030E-02	9.841965E+01
1.89556875000E+06	3.714495E-02	9.747836E+01
1.89743750000E+06	3.681745E-02	9.316929E+01
1.89930625000E+06	4.149005E-02	9.551057E+01
1.90117500000E+06	3.735606E-02	9.463620E+01
1.90304375000E+06	3.744274E-02	9.476485E+01
1.90491250000E+06	3.936715E-02	9.442567E+01
1.90678125000E+06	3.705864E-02	9.779702E+01
1.90865000000E+06	3.819287E-02	9.836371E+01
1.91051875000E+06	3.783499E-02	9.616753E+01
1.91238750000E+06	3.692909E-02	9.894445E+01
1.91425625000E+06	3.653011E-02	9.447252E+01
1.91612500000E+06	3.536632E-02	9.517525E+01
1.91799375000E+06	3.939212E-02	9.429692E+01
1.91986250000E+06	4.001571E-02	9.515926E+01
1.92173125000E+06	3.643382E-02	9.323595E+01
1.92360000000E+06	3.657300E-02	9.705916E+01
1.92546875000E+06	3.651276E-02	9.349271E+01
1.92733750000E+06	3.949226E-02	9.423104E+01
1.92920625000E+06	3.735653E-02	9.541862E+01
1.93107500000E+06	3.741715E-02	9.508613E+01
1.93294375000E+06	3.754184E-02	1.008456E+02
1.93481250000E+06	3.775018E-02	9.524525E+01
1.93668125000E+06	3.821024E-02	9.797868E+01
1.93855000000E+06	3.755043E-02	9.569519E+01
1.94041875000E+06	3.662390E-02	9.891022E+01
1.94228750000E+06	3.781052E-02	9.103559E+01
1.94415625000E+06	3.724559E-02	9.430561E+01
1.94602500000E+06	3.934246E-02	9.737430E+01
1.94789375000E+06	3.936907E-02	9.304379E+01
1.94976250000E+06	3.648026E-02	9.513985E+01
1.95163125000E+06	3.469557E-02	9.501815E+01
1.95350000000E+06	3.872753E-02	9.645329E+01
1.95536875000E+06	3.876087E-02	9.790426E+01
1.95723750000E+06	3.844550E-02	9.699019E+01
1.95910625000E+06	3.638935E-02	9.626026E+01
1.96097500000E+06	3.791045E-02	9.788760E+01
1.96284375000E+06	3.876863E-02	9.272512E+01
1.96471250000E+06	3.890727E-02	9.633627E+01
1.96658125000E+06	3.832371E-02	9.755445E+01
1.96845000000E+06	3.647481E-02	9.113986E+01
1.97031875000E+06	3.596127E-02	9.630717E+01
1.97218750000E+06	3.908445E-02	9.839532E+01
1.97405625000E+06	3.709780E-02	9.512679E+01
1.97592500000E+06	3.710530E-02	9.771526E+01
1.97779375000E+06	4.057971E-02	9.660725E+01
1.97966250000E+06	3.649277E-02	9.205814E+01
1.98153125000E+06	3.573306E-02	9.293790E+01
1.98340000000E+06	3.821353E-02	9.378969E+01
1.98526875000E+06	3.829295E-02	9.449433E+01
1.98713750000E+06	3.754298E-02	9.627082E+01
1.98900625000E+06	3.571164E-02	9.742724E+01
1.99087500000E+06	3.832121E-02	9.597646E+01
1.99274375000E+06	3.658309E-02	9.774405E+01
1.99461250000E+06	3.716807E-02	9.449773E+01
1.99648125000E+06	3.889259E-02	9.885759E+01
1.99835000000E+06	3.800586E-02	9.844282E+01
2.00021875000E+06	3.882755E-02	9.790299E+01
2.00208750000E+06	3.817873E-02	9.448588E+01
2.00395625000E+06	3.892464E-02	9.627013E+01
2.00582500000E+06	3.812458E-02	9.460016E+01
2.00769375000E+06	3.882466E-02	9.606758E+01
2.00956250000E+06	3.946901E-02	9.599307E+01
2.01143125000E+06	3.667141E-02	9.435886E+01
2.01330000000E+06	3.904099E-02	9.794720E+01
2.01516875000E+06	3.708771E-02	9.924724E+01
2.01703750000E+06	3.803787E-02	9.569515E+01
2.01890625000E+06	3.880103E-02	9.590350E+01
2.02077500000E+06	3.977466E-02	9.667897E+01
2.02264375000E+06	3.791219E-02	9.383611E+01
2.02451250000E+06	3.854774E-02	9.652101E+01
2.02638125000E+06	3.913677E-02	9.745019E+01
2.02825000000E+06	3.792446E-02	9.977751E+01
2.03011875000E+06	4.033789E-02	9.660123E+01
2.03198750000E+06	4.056798E-02	9.684212E+01
2.03385625000E+06	3.986647E-02	9.568198E+01
2.03572500000E+06	3.960891E-02	9.352547E+01
2.03759375000E+06	4.060502E-02	9.646835E+01
2.03946250000E+06	3.802156E-02	9.622168E+01
2.04133125000E+06	4.126300E-02	9.683823E+01
2.04320000000E+06	3.886735E-02	9.706483E+01
2.04506875000E+06	3.977056E-02	9.531801E+01
2.04693750000E+06	3.727046E-02	9.527586E+01
2.04880625000E+06	3.957421E-02	9.853852E+01
2.05067500000E+06	3.906087E-02	9.611443E+01
2.05254375000E+06	4.031320E-02	9.518765E+01
2.05441250000E+06	3.945456E-02	9.601362E+01
2.05628125000E+06	3.774428E-02	9.824524E+01
2.05815000000E+06	3.832064E-02	9.747635E+01
2.06001875000E+06	3.871377E-02	9.368876E+01
2.06188750000E+06	3.937380E-02	9.678596E+01
2.06375625000E+06	3.633268E-02	1.020248E+02
2.06562500000E+06	3.923708E-02	9.540833E+01
2.06749375000E+06	3.955229E-02	9.566022E+01
2.06936250000E+06	4.143262E-02	9.574036E+01
2.07123125000E+06	3.993092E-02	9.736556E+01
2.07310000000E+06	3.781787E-02	9.727948E+01
2.07496875000E+06	3.875518E-02	9.667353E+01
2.07683750000E+06	3.933693E-02	9.726545E+01
2.07870625000E+06	3.891531E-02	9.620210E+01
2.08057500000E+06	3.912423E-02	9.678492E+01
2.08244375000E+06	3.954381E-02	9.577834E+01
2.08431250000E+06	3.838011E-02	9.765752E+01
2.08618125000E+06	3.909544E-02	9.655556E+01
2.08805000000E+06	4.004145E-02	9.724541E+01
2.08991875000E+06	4.058063E-02	9.319200E+01
2.09178750000E+06	4.001238E-02	9.330043E+01
2.09365625000E+06	3.963085E-02	9.468053E+01
2.09552500000E+06	4.102196E-02	9.604498E+01
2.09739375000E+06	3.814683E-02	9.637142E+01
2.09926250000E+06	3.918314E-02	9.836825E+01
2.10113125000E+06	3.920294E-02	9.710959E+01
2.10300000000E+06	4.002547E-02	9.997511E+01
2.10486875000E+06	3.778287E-02	9.552662E+01
2.10673750000E+06	4.011826E-02	9.865375E+01
2.10860625000E+06	3.950500E-02	9.597731E+01
2.11047500000E+06	4.001816E-02	9.734244E+01
2.11234375000E+06	4.003784E-02	9.984743E+01
2.11421250000E+06	3.768770E-02	9.731174E+01
2.11608125000E+06	4.027988E-02	9.551492E+01
2.11795000000E+06	3.783080E-02	9.740877E+01
2.11981875000E+06	3.997386E-02	9.655807E+01
2.12168750000E+06	4.045328E-02	9.634554E+01
2.12355625000E+06	4.023065E-02	9.819366E+01
2.12542500000E+06	3.984601E-02	9.438715E+01
2.12729375000E+06	3.949772E-02	9.823363E+01
2.12916250000E+06	3.983719E-02	9.567059E+01
2.13103125000E+06	4.016791E-02	9.941222E+01
2.13290000000E+06	4.171545E-02	9.582642E+01
2.13476875000E+06	4.050969E-02	9.756879E+01
2.13663750000E+06	4.025377E-02	9.905978E+01
2.13850625000E+06	4.089633E-02	9.745310E+01
2.14037500000E+06	3.874480E-02	9.698245E+01
2.14224375000E+06	4.002548E-02	9.513120E+01
2.14411250000E+06	3.902118E-02	9.432412E+01
2.14598125000E+06	3.995168E-02	9.572796E+01
2.14785000000E+06	4.027232E-02	9.808948E+01
2.14971875000E+06	4.026166E-02	9.712392E+01
2.15158750000E+06	4.016078E-02	9.585814E+01
2.15345625000E+06	3.984971E-02	9.785577E+01
2.15532500000E+06	4.002443E-02	9.864195E+01
2.15719375000E+06	4.127547E-02	9.448071E+01
2.15906250000E+06	3.994717E-02	9.531765E+01
2.16093125000E+06	4.029784E-02	9.544426E+01
2.16280000000E+06	4.008005E-02	9.666074E+01
2.16466875000E+06	3.924552E-02	9.407214E+01
2.16653750000E+06	3.979095E-02	1.012472E+02
2.16840625000E+06	3.932128E-02	9.673003E+01
2.17027500000E+06	3.933445E-02	1.006853E+02
2.17214375000E+06	4.313419E-02	9.927100E+01
2.17401250000E+06	4.241820E-02	9.868800E+01
2.17588125000E+06	3.893674E-02	9.736623E+01
2.17775000000E+06	4.040467E-02	9.767314E+01
2.17961875000E+06	4.098486E-02	9.728090E+01
2.18148750000E+06	3.921063E-02	9.673357E+01
2.18335625000E+06	4.079896E-02	9.976060E+01
2.18522500000E+06	3.800745E-02	9.801464E+01
2.18709375000E+06	3.999154E-02	9.669556E+01
2.18896250000E+06	4.079859E-02	9.873215E+01
2.19083125000E+06	3.863723E-02	9.977395E+01
2.19270000000E+06	4.075544E-02	9.783740E+01
2.19456875000E+06	4.162059E-02	9.669209E+01
2.19643750000E+06	4.088129E-02	9.983385E+01
2.19830625000E+06	4.032421E-02	9.727448E+01
2.20017500000E+06	3.940550E-02	9.682523E+01
2.20204375000E+06	3.945611E-02	9.843995E+01
2.20391250000E+06	4.220034E-02	9.841901E+01
2.20578125000E+06	4.108582E-02	9.705530E+01
2.20765000000E+06	3.897945E-02	9.778001E+01
2.20951875000E+06	4.274649E-02	9.814252E+01
2.21138750000E+06	3.981875E-02	9.866695E+01
2.21325625000E+06	4.151457E-02	9.919843E+01
2.21512500000E+06	4.056372E-02	9.913670E+01
2.21699375000E+06	4.030053E-02	9.607473E+01
2.21886250000E+06	3.880136E-02	9.927399E+01
2.22073125000E+06	4.042629E-02	9.533561E+01
2.22260000000E+06	4.108717E-02	9.860126E+01
2.22446875000E+06	4.058515E-02	9.722180E+01
2.22633750000E+06	4.062327E-02	9.761436E+01
2.22820625000E+06	4.023039E-02	1.001373E+02
2.23007500000E+06	4.131363E-02	9.621942E+01
2.23194375000E+06	4.038209E-02	9.711877E+01
2.23381250000E+06	3.841177E-02	9.533095E+01
2.23568125000E+06	4.092231E-02	9.800111E+01
2.23755000000E+06	3.991568E-02	9.857082E+01
2.23941875000E+06	4.237308E-02	9.576815E+01
2.24128750000E+06	3.885864E-02	9.740880E+01
2.24315625000E+06	4.075840E-02	1.002000E+02
2.24502500000E+06	4.069217E-02	9.671889E+01
2.24689375000E+06	4.148813E-02	9.617036E+01
2.24876250000E+06	4.163815E-02	9.948968E+01
2.25063125000E+06	4.041419E-02	1.007335E+02
2.25250000000E+06	4.109538E-02	1.023436E+02
2.25436875000E+06	4.171468E-02	9.639864E+01
2.25623750000E+06	4.070630E-02	9.547038E+01
2.25810625000E+06	4.077035E-02	9.647755E+01
2.25997500000E+06	4.084113E-02	9.908042E+01
2.26184375000E+06	4.169456E-02	9.578773E+01
2.26371250000E+06	4.135671E-02	9.856815E+01
2.26558125000E+06	3.782280E-02	1.014854E+02
2.26745000000E+06	4.103544E-02	1.001771E+02
2.26931875000E+06	4.058213E-02	9.837145E+01
2.27118750000E+06	4.194881E-02	9.675219E+01
2.27305625000E+06	4.184062E-02	9.689098E+01
2.27492500000E+06	4.091619E-02	9.771875E+01
2.27679375000E+06	4.033465E-02	9.781875E+01
2.27866250000E+06	3.794917E-02	1.012546E+02
2.28053125000E+06	4.037138E-02	9.699210E+01
2.28240000000E+06	4.274121E-02	9.712643E+01
2.28426875000E+06	3.993712E-02	9.687590E+01
2.28613750000E+06	4.261569E-02	9.732889E+01
2.28800625000E+06	4.109912E-02	9.851363E+01
2.28987500000E+06	4.442313E-02	9.890723E+01
2.29174375000E+06	4.326423E-02	9.717573E+01
2.29361250000E+06	4.162976E-02	9.750716E+01
2.29548125000E+06	4.072870E-02	9.975509E+01
2.29735000000E+06	4.177743E-02	9.760334E+01
2.29921875000E+06	4.203727E-02	9.903896E+01
2.30108750000E+06	4.010592E-02	9.727731E+01
2.30295625000E+06	4.151325E-02	9.920724E+01
2.30482500000E+06	4.162217E-02	9.874609E+01
2.30669375000E+06	4.011974E-02	9.720528E+01
2.30856250000E+06	4.319450E-02	9.650829E+01
2.31043125000E+06	4.158697E-02	9.877119E+01
2.31230000000E+06	4.136122E-02	9.850578E+01
2.31416875000E+06	4.196512E-02	9.844716E+01
2.31603750000E+06	4.081299E-02	9.909744E+01
2.31790625000E+06	4.226406E-02	9.726608E+01
2.31977500000E+06	4.250298E-02	1.005143E+02
2.32164375000E+06	4.293061E-02	1.010084E+02
2.32351250000E+06	4.162898E-02	9.904691E+01
2.32538125000E+06	4.187572E-02	9.886843E+01
2.32725000000E+06	4.133689E-02	9.743464E+01
2.32911875000E+06	4.215867E-02	1.008705E+02
2.33098750000E+06	3.990663E-02	9.903685E+01
2.33285625000E+06	4.241880E-02	1.014752E+02
2.33472500000E+06	4.173094E-02	1.000963E+02
2.33659375000E+06	4.187278E-02	9.747068E+01
2.33846250000E+06	3.973591E-02	9.732680E+01
2.34033125000E+06	4.002747E-02	9.914632E+01
2.34220000000E+06	3.976943E-02	9.832484E+01
2.34406875000E+06	4.296364E-02	9.668566E+01
2.34593750000E+06	4.205435E-02	9.997402E+01
2.34780625000E+06	4.074643E-02	9.493738E+01
2.34967500000E+06	4.345973E-02	9.781622E+01
2.35154375000E+06	4.207706E-02	1.005053E+02
2.35341250000E+06	4.049876E-02	9.280664E+01
2.35528125000E+06	4.036472E-02	9.831012E+01
2.35715000000E+06	4.125502E-02	9.931132E+01
2.35901875000E+06	4.069765E-02	1.004185E+02
2.36088750000E+06	4.087873E-02	1.008726E+02
2.36275625000E+06	4.141432E-02	9.965285E+01
2.36462500000E+06	4.165552E-02	9.869147E+01
2.36649375000E+06	4.224890E-02	9.984104E+01
2.36836250000E+06	4.237636E-02	9.858779E+01
2.37023125000E+06	4.265681E-02	9.740382E+01
2.37210000000E+06	4.184740E-02	1.005081E+02
2.37396875000E+06	4.096639E-02	9.950756E+01
2.37583750000E+06	4.115247E-02	9.546957E+01
2.37770625000E+06	4.231737E-02	9.885938E+01
2.37957500000E+06	4.210509E-02	9.848956E+01
2.38144375000E+06	4.070456E-02	9.903215E+01
2.38331250000E+06	4.335643E-02	1.000522E+02
2.38518125000E+06	4.156949E-02	1.007841E+02
2.38705000000E+06	4.268270E-02	9.868168E+01
2.38891875000E+06	4.298019E-02	9.937917E+01
2.39078750000E+06	4.246464E-02	9.996651E+01
2.39265625000E+06	4.396724E-02	9.783871E+01
2.39452500000E+06	4.304028E-02	9.832531E+01
2.39639375000E+06	4.145986E-02	1.010124E+02
2.39826250000E+06	4.074189E-02	9.946467E+01
2.40013125000E+06	3.961911E-02	9.883050E+01
2.40200000000E+06	4.042339E-02	9.911030E+01
2.40386875000E+06	4.094850E-02	9.886578E+01
2.40573750000E+06	4.242178E-02	1.006539E+02
2.40760625000E+06	4.066262E-02	9.902872E+01
2.40947500000E+06	4.123857E-02	9.935264E+01
2.41134375000E+06	4.302615E-02	9.680199E+01
2.41321250000E+06	4.123183E-02	1.014457E+02
2.41508125000E+06	4.518894E-02	1.005178E+02
2.41695000000E+06	4.121849E-02	9.800192E+01
2.41881875000E+06	4.207018E-02	9.922511E+01
2.42068750000E+06	4.079519E-02	9.624178E+01
2.42255625000E+06	4.441396E-02	1.001677E+02
2.42442500000E+06	4.331405E-02	9.888448E+01
2.42629375000E+06	4.399863E-02	9.917606E+01
2.42816250000E+06	4.238788E-02	9.851144E+01
2.43003125000E+06	4.280410E-02	9.872494E+01
2.43190000000E+06	4.379060E-02	9.986958E+01
2.43376875000E+06	4.249145E-02	9.977250E+01
2.43563750000E+06	4.141325E-02	1.005464E+02
2.43750625000E+06	4.380691E-02	9.925531E+01
2.43937500000E+06	4.146307E-02	9.684897E+01
2.44124375000E+06	4.272655E-02	1.007436E+02
2.44311250000E+06	4.330627E-02	9.820687E+01
2.44498125000E+06	4.208430E-02	1.010562E+02
2.44685000000E+06	4.205560E-02	1.025735E+02
2.44871875000E+06	4.196230E-02	9.626513E+01
2.45058750000E+06	4.107565E-02	9.847964E+01
2.45245625000E+06	4.087193E-02	1.000613E+02
2.45432500000E+06	4.300939E-02	1.040899E+02
2.45619375000E+06	4.199912E-02	1.005727E+02
2.45806250000E+06	4.333504E-02	9.943548E+01
2.45993125000E+06	4.251996E-02	1.001939E+02
2.46180000000E+06	4.244772E-02	9.988174E+01
2.46366875000E+06	4.297511E-02	9.922797E+01
2.46553750000E+06	4.326333E-02	9.942514E+01
2.46740625000E+06	4.420075E-02	9.971736E+01
2.46927500000E+06	4.402202E-02	9.812177E+01
2.47114375000E+06	4.177556E-02	1.004856E+02
2.47301250000E+06	4.209695E-02	9.935496E+01
2.47488125000E+06	4.310005E-02	9.844471E+01
2.47675000000E+06	4.220582E-02	9.917699E+01
2.47861875000E+06	4.123533E-02	1.002666E+02
2.48048750000E+06	4.279964E-02	9.933672E+01
2.48235625000E+06	4.194565E-02	9.970174E+01
2.48422500000E+06	4.063625E-02	1.010018E+02
2.48609375000E+06	4.185443E-02	1.005985E+02
2.48796250000E+06	4.435915E-02	9.905297E+01
2.48983125000E+06	4.379291E-02	9.925484E+01
2.49170000000E+06	4.292612E-02	1.031337E+02
2.49356875000E+06	4.163333E-02	9.995648E+01
2.49543750000E+06	4.216966E-02	1.000041E+02
2.49730625000E+06	4.166186E-02	1.014214E+02
2.49917500000E+06	4.324544E-02	1.001654E+02
2.50104375000E+06	4.200221E-02	1.000746E+02
2.50291250000E+06	4.170529E-02	1.004301E+02
2.50478125000E+06	4.167727E-02	1.028856E+02
2.50665000000E+06	4.156923E-02	1.005653E+02
2.50851875000E+06	4.116782E-02	9.869114E+01
2.51038750000E+06	4.324689E-02	1.029082E+02
2.51225625000E+06	4.322350E-02	9.955289E+01
2.51412500000E+06	4.309024E-02	1.005531E+02
2.51599375000E+06	4.296769E-02	9.792020E+01
2.51786250000E+06	4.336041E-02	1.004171E+02
2.51973125000E+06	4.287724E-02	1.022522E+02
2.52160000000E+06	4.318235E-02	1.026097E+02
2.52346875000E+06	4.463279E-02	1.014910E+02
2.52533750000E+06	4.379836E-02	9.966457E+01
2.52720625000E+06	4.020892E-02	1.018425E+02
2.52907500000E+06	4.152594E-02	9.978268E+01
2.53094375000E+06	4.278838E-02	9.838011E+01
2.53281250000E+06	4.369597E-02	1.023468E+02
2.53468125000E+06	4.500048E-02	1.020334E+02
2.53655000000E+06	4.325593E-02	9.932491E+01
2.53841875000E+06	4.199582E-02	1.008685E+02
2.54028750000E+06	4.237064E-02	9.989245E+01
2.54215625000E+06	4.329204E-02	9.890995E+01
2.54402500000E+06	4.309857E-02	1.013842E+02
2.54589375000E+06	4.050046E-02	9.862420E+01
2.54776250000E+06	4.182564E-02	1.012962E+02
2.54963125000E+06	4.301767E-02	1.022689E+02
2.55150000000E+06	4.243343E-02	9.891523E+01
2.55336875000E+06	4.217885E-02	1.011495E+02
2.55523750000E+06	4.395186E-02	1.009034E+02
2.55710625000E+06	4.268871E-02	1.010826E+02
2.55897500000E+06	4.201024E-02	1.013162E+02
2.56084375000E+06	4.183531E-02	9.794445E+01
2.56271250000E+06	4.464764E-02	9.957706E+01
2.56458125000E+06	4.233427E-02	1.014143E+02
2.56645000000E+06	4.309284E-02	1.031315E+02
2.56831875000E+06	4.377018E-02	1.002668E+02
2.57018750000E+06	4.266573E-02	1.005383E+02
2.57205625000E+06	4.167405E-02	1.009739E+02
2.57392500000E+06	4.383987E-02	1.006241E+02
2.57579375000E+06	4.480213E-02	1.019182E+02
2.57766250000E+06	4.209318E-02	9.780255E+01
2.57953125000E+06	4.193284E-02	1.018413E+02
2.58140000000E+06	4.523115E-02	1.012665E+02
2.58326875000E+06	4.153039E-02	1.033263E+02
2.58513750000E+06	4.271713E-02	1.012800E+02
2.58700625000E+06	4.304051E-02	9.957426E+01
2.58887500000E+06	4.454881E-02	1.000667E+02
2.59074375000E+06	4.384530E-02	1.004844E+02
2.59261250000E+06	4.302769E-02	1.015656E+02
2.59448125000E+06	4.271395E-02	1.020016E+02
2.59635000000E+06	4.416284E-02	1.005865E+02
2.59821875000E+06	4.236346E-02	1.019925E+02
2.60008750000E+06	4.259228E-02	1.011402E+02
2.60195625000E+06	4.295505E-02	1.006019E+02
2.60382500000E+06	4.276133E-02	9.968226E+01
2.60569375000E+06	4.394664E-02	1.032304E+02
2.60756250000E+06	4.533279E-02	1.014596E+02
2.60943125000E+06	4.325804E-02	1.011935E+02
2.61130000000E+06	4.389592E-02	1.016417E+02
2.61316875000E+06	4.298319E-02	1.014879E+02
2.61503750000E+06	4.357444E-02	1.025605E+02
2.61690625000E+06	4.369466E-02	9.999241E+01
2.61877500000E+06	4.473165E-02	1.026837E+02
2.62064375000E+06	4.322397E-02	9.922897E+01
2.62251250000E+06	4.479897E-02	1.024768E+02
2.62438125000E+06	4.507770E-02	1.003580E+02
2.62625000000E+06	4.470881E-02	1.039548E+02
2.62811875000E+06	4.286562E-02	1.021573E+02
2.62998750000E+06	4.423256E-02	1.022728E+02
2.63185625000E+06	4.316451E-02	1.001717E+02
2.63372500000E+06	4.447782E-02	1.024768E+02
2.63559375000E+06	4.423822E-02	1.009900E+02
2.63746250000E+06	4.283651E-02	1.003641E+02
2.63933125000E+06	4.341399E-02	1.042586E+02
2.64120000000E+06	4.344247E-02	1.007001E+02
2.64306875000E+06	4.403153E-02	1.033098E+02
2.64493750000E+06	4.285017E-02	9.958658E+01
2.64680625000E+06	4.193652E-02	9.954486E+01
2.64867500000E+06	4.430251E-02	1.022446E+02
2.65054375000E+06	4.396829E-02	9.867508E+01
2.65241250000E+06	4.300766E-02	1.009257E+02
2.65428125000E+06	4.248147E-02	1.000739E+02
2.65615000000E+06	4.418074E-02	1.012515E+02
2.65801875000E+06	4.404216E-02	1.006170E+02
2.65988750000E+06	4.334165E-02	1.019705E+02
2.66175625000E+06	4.216766E-02	1.021448E+02
2.66362500000E+06	4.349259E-02	1.024318E+02
2.66549375000E+06	4.198037E-02	1.011201E+02
2.66736250000E+06	4.306450E-02	9.843713E+01
2.66923125000E+06	4.507846E-02	1.020576E+02
2.67110000000E+06	4.377808E-02	1.017312E+02
2.67296875000E+06	4.437673E-02	9.945004E+01
2.67483750000E+06	4.494508E-02	9.645622E+01
2.67670625000E+06	4.464582E-02	1.002761E+02
2.67857500000E+06	4.543879E-02	1.004151E+02
2.68044375000E+06	4.334328E-02	1.021585E+02
2.68231250000E+06	4.463637E-02	1.015161E+02
2.68418125000E+06	4.458329E-02	1.016227E+02
2.68605000000E+06	4.404520E-02	1.011758E+02
2.68791875000E+06	4.233607E-02	1.027219E+02
2.68978750000E+06	4.488555E-02	1.017046E+02
2.69165625000E+06	4.488719E-02	1.022427E+02
2.69352500000E+06	4.340217E-02	1.037639E+02
2.69539375000E+06	4.557269E-02	1.011520E+02
2.69726250000E+06	4.526659E-02	1.035483E+02
2.69913125000E+06	4.436518E-02	1.049442E+02
2.70100000000E+06	4.352956E-02	1.040518E+02
2.70286875000E+06	4.560916E-02	1.013376E+02
2.70473750000E+06	4.359815E-02	1.022898E+02
2.70660625000E+06	4.232640E-02	1.035979E+02
2.70847500000E+06	4.264723E-02	9.976929E+01
2.71034375000E+06	4.272367E-02	1.018080E+02
2.71221250000E+06	4.347087E-02	1.024267E+02
2.71408125000E+06	4.282092E-02	1.008295E+02
2.71595000000E+06	4.448335E-02	1.023864E+02
2.71781875000E+06	4.404639E-02	1.035165E+02
2.71968750000E+06	4.309753E-02	1.024205E+02
2.72155625000E+06	4.492069E-02	1.034909E+02
2.72342500000E+06	4.445539E-02	1.025039E+02
2.72529375000E+06	4.362846E-02	1.021713E+02
2.72716250000E+06	4.355576E-02	1.023396E+02
2.72903125000E+06	4.468086E-02	1.032320E+02
2.73090000000E+06	4.375558E-02	1.028483E+02
2.73276875000E+06	4.377296E-02	1.027085E+02
2.73463750000E+06	4.584030E-02	1.010688E+02
2.73650625000E+06	4.376268E-02	1.024788E+02
2.73837500000E+06	4.294346E-02	1.012609E+02
2.74024375000E+06	4.423663E-02	1.005748E+02
2.74211250000E+06	4.175768E-02	1.044736E+02
2.74398125000E+06	4.322881E-02	1.037233E+02
2.74585000000E+06	4.470830E-02	1.035249E+02
2.74771875000E+06	4.290969E-02	1.019903E+02
2.74958750000E+06	4.365861E-02	1.018593E+02
2.75145625000E+06	4.320214E-02	1.004505E+02
2.75332500000E+06	4.446299E-02	1.015979E+02
2.75519375000E+06	4.461801E-02	1.024805E+02
2.75706250000E+06	4.255343E-02	1.026824E+02
2.75893125000E+06	4.328419E-02	9.993835E+01
2.76080000000E+06	4.264476E-02	1.035193E+02
2.76266875000E+06	4.259308E-02	1.025480E+02
2.76453750000E+06	4.491197E-02	1.036306E+02
2.76640625000E+06	4.355719E-02	1.018695E+02
2.76827500000E+06	4.279366E-02	1.030363E+02
2.77014375000E+06	4.417970E-02	1.023338E+02
2.77201250000E+06	4.422829E-02	1.029715E+02
2.77388125000E+06	4.463137E-02	1.030012E+02
2.77575000000E+06	4.400892E-02	1.025688E+02
2.77761875000E+06	4.299704E-02	1.018673E+02
2.77948750000E+06	4.327933E-02	1.040294E+02
2.78135625000E+06	4.273159E-02	1.034807E+02
2.78322500000E+06	4.565205E-02	1.038246E+02
2.78509375000E+06	4.379598E-02	1.037651E+02
2.78696250000E+06	4.512135E-02	1.033923E+02
2.78883125000E+06	4.513691E-02	1.022880E+02
2.79070000000E+06	4.313141E-02	1.071544E+02
2.79256875000E+06	4.335461E-02	1.040989E+02
2.79443750000E+06	4.634294E-02	1.017210E+02
2.79630625000E+06	4.385624E-02	1.033592E+02
2.79817500000E+06	4.217261E-02	1.037234E+02
2.80004375000E+06	4.370673E-02	1.006762E+02
2.80191250000E+06	4.578752E-02	1.043211E+02
2.80378125000E+06	4.451513E-02	1.000473E+02
2.80565000000E+06	4.530492E-02	1.015711E+02
2.80751875000E+06	4.415768E-02	1.049063E+02
2.80938750000E+06	4.380412E-02	1.013006E+02
2.81125625000E+06	4.519620E-02	1.023716E+02
2.81312500000E+06	4.516667E-02	1.027491E+02
2.81499375000E+06	4.380813E-02	1.034853E+02
2.81686250000E+06	4.501514E-02	1.037179E+02
2.81873125000E+06	4.305392E-02	1.052997E+02
2.82060000000E+06	4.459729E-02	1.030676E+02
2.82246875000E+06	4.432309E-02	1.028887E+02
2.82433750000E+06	4.472442E-02	1.033777E+02
2.82620625000E+06	4.387228E-02	1.030672E+02
2.82807500000E+06	4.515290E-02	1.034927E+02
2.82994375000E+06	4.509005E-02	1.022249E+02
2.83181250000E+06	4.397641E-02	1.018216E+02
2.83368125000E+06	4.238481E-02	1.044449E+02
2.83555000000E+06	4.352489E-02	1.022417E+02
2.83741875000E+06	4.428081E-02	1.055038E+02
2.83928750000E+06	4.460299E-02	1.021533E+02
2.84115625000E+06	4.288668E-02	1.023167E+02
2.84302500000E+06	4.383660E-02	1.043281E+02
2.84489375000E+06	4.351805E-02	1.037679E+02
2.84676250000E+06	4.320478E-02	1.051264E+02
2.84863125000E+06	4.456310E-02	1.031450E+02
2.85050000000E+06	4.482492E-02	1.009678E+02
2.85236875000E+06	4.380110E-02	1.033813E+02
2.85423750000E+06	4.243265E-02	1.031793E+02
2.85610625000E+06	4.436354E-02	1.032287E+02
2.85797500000E+06	4.354307E-02	1.020887E+02
2.85984375000E+06	4.459857E-02	1.018971E+02
2.86171250000E+06	4.544133E-02	1.028719E+02
2.86358125000E+06	4.595108E-02	1.050747E+02
2.86545000000E+06	4.535845E-02	1.038969E+02
2.86731875000E+06	4.583507E-02	1.052686E+02
2.86918750000E+06	4.406675E-02	1.017600E+02
2.87105625000E+06	4.313947E-02	1.040126E+02
2.87292500000E+06	4.463743E-02	1.026047E+02
2.87479375000E+06	4.482924E-02	1.034585E+02
2.87666250000E+06	4.524434E-02	1.023614E+02
2.87853125000E+06	4.213398E-02	1.029277E+02
2.88040000000E+06	4.496389E-02	1.058199E+02
2.88226875000E+06	4.312916E-02	1.033085E+02
2.88413750000E+06	4.353980E-02	1.041986E+02
2.88600625000E+06	4.354809E-02	1.025741E+02
2.88787500000E+06	4.310731E-02	1.052231E+02
2.88974375000E+06	4.458666E-02	1.043915E+02
2.89161250000E+06	4.418836E-02	1.058470E+02
2.89348125000E+06	4.355244E-02	1.040041E+02
2.89535000000E+06	4.500291E-02	1.036113E+02
2.89721875000E+06	4.499054E-02	1.043487E+02
2.89908750000E+06	4.400707E-02	1.030571E+02
2.90095625000E+06	4.517547E-02	1.032987E+02
2.90282500000E+06	4.315331E-02	1.033755E+02
2.90469375000E+06	4.208944E-02	1.064085E+02
2.90656250000E+06	4.493376E-02	1.016404E+02
2.90843125000E+06	4.242222E-02	1.046424E+02
2.91030000000E+06	4.495875E-02	1.044944E+02
2.91216875000E+06	4.315273E-02	1.049647E+02
2.91403750000E+06	4.401473E-02	1.030302E+02
2.91590625000E+06	4.575775E-02	1.046143E+02
2.91777500000E+06	4.235177E-02	1.026584E+02
2.91964375000E+06	4.355795E-02	1.048598E+02
2.92151250000E+06	4.408186E-02	1.036077E+02
2.92338125000E+06	4.480293E-02	1.058341E+02
2.92525000000E+06	4.295703E-02	1.015665E+02
2.92711875000E+06	4.440841E-02	1.038492E+02
2.92898750000E+06	4.409369E-02	1.036120E+02
2.93085625000E+06	4.343142E-02	1.050506E+02
2.93272500000E+06	4.501623E-02	1.040531E+02
2.93459375000E+06	4.454790E-02	1.046542E+02
2.93646250000E+06	4.318533E-02	1.029958E+02
2.93833125000E+06	4.533127E-02	1.049499E+02
2.94020000000E+06	4.475363E-02	1.044473E+02
2.94206875000E+06	4.434855E-02	1.061146E+02
2.94393750000E+06	4.411522E-02	1.044572E+02
2.94580625000E+06	4.549197E-02	1.044989E+02
2.94767500000E+06	4.437474E-02	1.042239E+02
2.94954375000E+06	4.341960E-02	1.076203E+02
2.95141250000E+06	4.486889E-02	1.024008E+02
2.95328125000E+06	4.243569E-02	1.073353E+02
2.95515000000E+06	4.626056E-02	1.067204E+02
2.95701875000E+06	4.419813E-02	1.046913E+02
2.95888750000E+06	4.684077E-02	1.034852E+02
2.96075625000E+06	4.280997E-02	1.048745E+02
2.96262500000E+06	4.353358E-02	1.029134E+02
2.96449375000E+06	4.537527E-02	1.040965E+02
2.96636250000E+06	4.552154E-02	1.042169E+02
2.96823125000E+06	4.287912E-02	1.072892E+02
2.97010000000E+06	4.412914E-02	1.049219E+02
2.97196875000E+06	4.362356E-02	1.071753E+02
2.97383750000E+06	4.381854E-02	1.050696E+02
2.97570625000E+06	4.537905E-02	1.043604E+02
2.97757500000E+06	4.464781E-02	1.034307E+02
2.97944375000E+06	4.381533E-02	1.034236E+02
2.98131250000E+06	4.264716E-02	1.048043E+02
2.98318125000E+06	4.301720E-02	1.023136E+02
2.98505000000E+06	4.420013E-02	1.050515E+02
2.98691875000E+06	4.363587E-02	1.064751E+02
2.98878750000E+06	4.472062E-02	1.011463E+02
2.99065625000E+06	4.350241E-02	1.061663E+02
2.99252500000E+06	4.430249E-02	1.061753E+02
2.99439375000E+06	4.382939E-02	1.059036E+02
2.99626250000E+06	4.350502E-02	1.053364E+02
2.99813125000E+06	4.559430E-02	1.034641E+02
3.00000000000E+06	4.387837E-02	1.043563E+02
