"E5100A REV3.14"
"DATE: Jun 24 2004"



"CHANNEL: 2"
"MEASURE TYPE: AR"
"FORMAT TYPE: LINMP"
"NUMBER of POINTS: 1601"
"SWEEP TIME:  3.458 s"
"SWEEP TYPE: LINF"
"SOURCE POWER: 0 dBm"
"IF BANDWIDTH: 500 Hz"

"Frequency"	"Main Array"	"Sub Array"
1.00000000000E+04	5.010377E-01	1.459702E+02
1.18687500000E+04	2.232246E-01	-5.380330E+01
1.37375000000E+04	1.154096E-01	1.577969E+02
1.56062500000E+04	1.326223E-01	-7.645660E+01
1.74750000000E+04	4.982902E-02	5.953711E+01
1.93437500000E+04	4.589858E-02	-3.843843E+00
2.12125000000E+04	4.379921E-02	-1.069285E+02
2.30812500000E+04	1.652298E-02	-4.938033E+01
2.49500000000E+04	1.190871E-02	-5.934992E+01
2.68187500000E+04	5.226115E-02	-8.354789E+01
2.86875000000E+04	7.849831E-02	-1.055695E+02
3.05562500000E+04	1.822947E-02	1.463911E+02
3.24250000000E+04	2.346621E-02	-1.230704E+02
3.42937500000E+04	2.534338E-02	-6.243451E+01
3.61625000000E+04	1.597645E-02	-1.749711E+02
3.80312500000E+04	6.275373E-03	1.473176E+02
3.99000000000E+04	1.798077E-02	1.408413E+02
4.17687500000E+04	1.365647E-02	-1.601826E+02
4.36375000000E+04	2.551561E-02	-1.378456E+02
4.55062500000E+04	5.706223E-03	2.477743E+01
4.73750000000E+04	8.293303E-03	-4.325831E+01
4.92437500000E+04	1.868583E-03	-6.596450E+01
5.11125000000E+04	9.068228E-03	-1.166406E+02
5.29812500000E+04	7.987300E-03	1.312022E+02
5.48500000000E+04	2.133511E-02	1.676743E+02
5.67187500000E+04	6.590238E-03	-1.486417E+01
5.85875000000E+04	4.631780E-03	1.527451E+02
6.04562500000E+04	3.745337E-03	-3.488568E+01
6.23250000000E+04	1.826298E-02	1.124537E+02
6.41937500000E+04	1.302286E-02	1.592845E+02
6.60625000000E+04	1.634238E-02	-4.139290E+00
6.79312500000E+04	1.913207E-02	-1.513661E+02
6.98000000000E+04	2.424972E-03	1.427650E+02
7.16687500000E+04	1.082877E-02	7.525622E+01
7.35375000000E+04	1.049097E-02	-9.163001E+01
7.54062500000E+04	1.975103E-02	6.933979E+01
7.72750000000E+04	7.568310E-03	5.552469E+01
7.91437500000E+04	7.224547E-03	1.397559E+01
8.10125000000E+04	4.547035E-03	2.512220E+00
8.28812500000E+04	1.494994E-02	6.857970E+01
8.47500000000E+04	5.803769E-03	8.147133E+00
8.66187500000E+04	6.451541E-03	3.228568E+01
8.84875000000E+04	1.139844E-02	3.431197E+01
9.03562500000E+04	3.813314E-03	1.578752E+01
9.22250000000E+04	4.866393E-03	4.211980E+01
9.40937500000E+04	1.787323E-02	-1.690267E+02
9.59625000000E+04	6.243501E-03	1.505063E+02
9.78312500000E+04	8.176944E-03	1.679021E+02
9.97000000000E+04	3.416181E-03	1.931659E+01
1.01568750000E+05	1.981512E-02	6.763349E+01
1.03437500000E+05	7.948076E-03	-8.584841E+01
1.05306250000E+05	2.715746E-03	1.212366E+02
1.07175000000E+05	1.637719E-02	9.263538E+01
1.09043750000E+05	1.021387E-02	6.982984E+01
1.10912500000E+05	8.675638E-03	-4.926044E+01
1.12781250000E+05	8.176457E-03	1.230295E+02
1.14650000000E+05	1.497395E-02	2.692176E+01
1.16518750000E+05	9.831440E-04	1.210638E+02
1.18387500000E+05	1.499163E-02	3.985378E+01
1.20256250000E+05	8.796349E-03	-8.935866E+01
1.22125000000E+05	3.596411E-03	1.202235E+02
1.23993750000E+05	6.051735E-03	7.094756E+01
1.25862500000E+05	1.646579E-03	-1.370646E+01
1.27731250000E+05	5.765438E-03	1.094192E+02
1.29600000000E+05	4.980715E-03	9.745956E+01
1.31468750000E+05	1.040293E-02	4.219197E+01
1.33337500000E+05	6.234288E-03	8.303025E+01
1.35206250000E+05	1.139722E-02	3.339189E+01
1.37075000000E+05	2.653057E-03	-1.094719E+01
1.38943750000E+05	2.712410E-03	7.440845E+01
1.40812500000E+05	1.113156E-02	9.798312E+01
1.42681250000E+05	2.864735E-03	-4.522063E+01
1.44550000000E+05	3.999198E-03	7.055382E+01
1.46418750000E+05	2.397321E-03	2.476116E+01
1.48287500000E+05	3.001711E-03	1.499145E+02
1.50156250000E+05	6.295333E-03	5.389587E+01
1.52025000000E+05	5.080722E-03	6.463650E+01
1.53893750000E+05	8.497085E-03	5.205236E+01
1.55762500000E+05	1.243894E-02	1.029678E+02
1.57631250000E+05	7.979603E-03	6.897607E+01
1.59500000000E+05	7.392467E-03	4.503500E+01
1.61368750000E+05	8.310395E-03	4.548166E+01
1.63237500000E+05	9.985426E-03	2.494438E+01
1.65106250000E+05	6.964638E-03	7.754031E+01
1.66975000000E+05	1.289320E-03	9.115483E+01
1.68843750000E+05	1.249870E-02	6.494639E+01
1.70712500000E+05	7.562352E-03	-9.457614E+00
1.72581250000E+05	8.454956E-03	1.639308E+02
1.74450000000E+05	4.219570E-03	1.770929E+02
1.76318750000E+05	1.099693E-02	9.657027E+01
1.78187500000E+05	4.163281E-03	7.675410E+01
1.80056250000E+05	6.204806E-03	8.285159E+01
1.81925000000E+05	7.958665E-03	1.074417E+02
1.83793750000E+05	6.124418E-03	6.693916E+01
1.85662500000E+05	5.900158E-03	8.161956E+01
1.87531250000E+05	4.724428E-03	1.147792E+02
1.89400000000E+05	4.718406E-03	1.094429E+02
1.91268750000E+05	7.608329E-03	9.306004E+01
1.93137500000E+05	5.837890E-03	9.702696E+01
1.95006250000E+05	1.714307E-02	5.681474E+01
1.96875000000E+05	6.732054E-03	3.743822E+01
1.98743750000E+05	8.129586E-03	8.719240E+01
2.00612500000E+05	1.102586E-02	4.733914E+01
2.02481250000E+05	4.124136E-03	-2.222057E+01
2.04350000000E+05	5.966965E-03	7.661884E+01
2.06218750000E+05	1.361273E-02	8.994752E+01
2.08087500000E+05	2.024184E-03	7.421296E+01
2.09956250000E+05	1.001378E-02	4.661395E+01
2.11825000000E+05	1.022234E-02	1.195321E+02
2.13693750000E+05	9.751719E-03	8.530470E+01
2.15562500000E+05	4.745076E-03	1.673955E+02
2.17431250000E+05	7.849263E-03	9.477542E+01
2.19300000000E+05	1.642715E-02	1.003137E+02
2.21168750000E+05	8.595878E-03	5.799251E+01
2.23037500000E+05	9.494483E-03	9.640019E+01
2.24906250000E+05	1.291519E-02	1.055744E+02
2.26775000000E+05	1.481528E-02	8.708896E+01
2.28643750000E+05	1.139790E-02	6.587377E+01
2.30512500000E+05	6.122668E-03	9.246457E+01
2.32381250000E+05	1.073568E-02	8.642408E+01
2.34250000000E+05	3.127228E-03	5.601654E+01
2.36118750000E+05	9.671238E-03	8.904927E+01
2.37987500000E+05	6.492444E-03	9.444902E+01
2.39856250000E+05	1.285368E-02	1.087934E+02
2.41725000000E+05	1.079303E-02	1.007136E+02
2.43593750000E+05	8.465282E-03	8.296616E+01
2.45462500000E+05	9.265322E-03	6.685979E+01
2.47331250000E+05	1.251748E-02	8.350056E+01
2.49200000000E+05	7.939178E-03	5.058320E+01
2.51068750000E+05	1.049150E-02	8.806611E+01
2.52937500000E+05	1.198361E-02	9.051587E+01
2.54806250000E+05	8.081098E-03	6.017492E+01
2.56675000000E+05	5.871130E-03	4.447857E+01
2.58543750000E+05	6.379988E-03	7.774767E+01
2.60412500000E+05	1.010949E-02	6.137907E+01
2.62281250000E+05	1.668808E-02	8.483027E+01
2.64150000000E+05	1.410945E-02	6.545207E+01
2.66018750000E+05	1.351039E-02	9.728201E+01
2.67887500000E+05	6.461337E-03	9.906356E+01
2.69756250000E+05	7.246512E-03	9.657059E+01
2.71625000000E+05	4.697866E-03	1.097601E+02
2.73493750000E+05	1.155777E-02	1.174867E+02
2.75362500000E+05	1.255264E-02	1.077725E+02
2.77231250000E+05	6.845156E-03	1.121872E+02
2.79100000000E+05	5.867510E-03	7.638300E+01
2.80968750000E+05	5.671906E-03	1.333450E+02
2.82837500000E+05	5.676031E-03	5.330432E+01
2.84706250000E+05	7.704522E-03	8.019907E+01
2.86575000000E+05	1.520588E-02	8.736800E+01
2.88443750000E+05	1.333269E-02	8.697883E+01
2.90312500000E+05	9.847325E-03	9.690072E+01
2.92181250000E+05	9.790536E-03	5.296761E+01
2.94050000000E+05	1.268035E-02	6.602192E+01
2.95918750000E+05	2.112652E-02	1.073740E+02
2.97787500000E+05	4.857154E-03	5.554319E+01
2.99656250000E+05	7.490844E-03	7.023073E+01
3.01525000000E+05	6.515909E-03	8.310847E+01
3.03393750000E+05	9.644997E-03	1.036228E+02
3.05262500000E+05	9.338520E-03	1.175327E+02
3.07131250000E+05	1.164787E-02	9.395197E+01
3.09000000000E+05	1.381416E-02	9.935909E+01
3.10868750000E+05	8.371607E-03	1.341244E+02
3.12737500000E+05	9.207130E-03	1.065650E+02
3.14606250000E+05	1.376043E-02	6.669923E+01
3.16475000000E+05	1.076342E-02	8.906343E+01
3.18343750000E+05	1.294417E-02	8.115830E+01
3.20212500000E+05	9.825664E-03	7.748348E+01
3.22081250000E+05	1.290192E-02	6.639297E+01
3.23950000000E+05	5.858925E-03	5.228578E+01
3.25818750000E+05	1.073226E-02	7.452215E+01
3.27687500000E+05	1.077427E-02	7.313183E+01
3.29556250000E+05	1.349545E-02	8.359296E+01
3.31425000000E+05	1.234174E-02	7.436787E+01
3.33293750000E+05	1.642855E-02	7.998693E+01
3.35162500000E+05	1.096735E-02	8.404638E+01
3.37031250000E+05	1.123538E-02	8.117214E+01
3.38900000000E+05	1.020405E-02	8.329417E+01
3.40768750000E+05	1.272310E-02	1.214808E+02
3.42637500000E+05	1.221013E-02	8.387846E+01
3.44506250000E+05	8.922356E-03	8.246783E+01
3.46375000000E+05	1.126377E-02	9.966384E+01
3.48243750000E+05	1.545055E-02	8.011092E+01
3.50112500000E+05	9.314213E-03	8.785385E+01
3.51981250000E+05	1.176634E-02	9.011442E+01
3.53850000000E+05	1.269728E-02	9.348639E+01
3.55718750000E+05	9.978882E-03	9.269040E+01
3.57587500000E+05	1.342366E-02	1.115046E+02
3.59456250000E+05	1.423233E-02	7.702557E+01
3.61325000000E+05	8.981623E-03	6.485825E+01
3.63193750000E+05	1.106266E-02	7.951353E+01
3.65062500000E+05	1.478676E-02	8.126748E+01
3.66931250000E+05	1.023228E-02	9.380231E+01
3.68800000000E+05	1.311686E-02	6.631691E+01
3.70668750000E+05	1.428948E-02	8.820840E+01
3.72537500000E+05	1.742692E-02	9.462843E+01
3.74406250000E+05	1.472876E-02	8.237039E+01
3.76275000000E+05	1.463191E-02	7.846443E+01
3.78143750000E+05	1.204613E-02	9.221729E+01
3.80012500000E+05	1.424413E-02	8.302772E+01
3.81881250000E+05	6.646353E-03	1.082641E+02
3.83750000000E+05	1.525850E-02	1.120340E+02
3.85618750000E+05	1.790772E-02	7.572691E+01
3.87487500000E+05	1.140745E-02	8.985483E+01
3.89356250000E+05	1.368510E-02	7.079507E+01
3.91225000000E+05	6.390866E-03	1.084338E+02
3.93093750000E+05	1.489834E-02	9.962708E+01
3.94962500000E+05	9.543448E-03	9.303222E+01
3.96831250000E+05	1.293416E-02	8.597706E+01
3.98700000000E+05	1.027806E-02	7.685635E+01
4.00568750000E+05	1.684309E-02	8.964323E+01
4.02437500000E+05	1.337977E-02	7.903477E+01
4.04306250000E+05	1.507335E-02	9.873619E+01
4.06175000000E+05	1.221176E-02	7.850307E+01
4.08043750000E+05	1.193775E-02	8.923986E+01
4.09912500000E+05	1.327642E-02	9.817274E+01
4.11781250000E+05	1.048025E-02	9.176750E+01
4.13650000000E+05	1.381324E-02	7.696883E+01
4.15518750000E+05	1.629273E-02	9.462200E+01
4.17387500000E+05	1.343135E-02	1.017901E+02
4.19256250000E+05	1.843279E-02	1.014406E+02
4.21125000000E+05	1.233843E-02	1.142759E+02
4.22993750000E+05	1.357914E-02	9.264581E+01
4.24862500000E+05	1.859737E-02	9.453807E+01
4.26731250000E+05	1.312689E-02	7.406071E+01
4.28600000000E+05	1.538055E-02	9.835863E+01
4.30468750000E+05	1.343519E-02	8.803498E+01
4.32337500000E+05	1.413712E-02	1.029071E+02
4.34206250000E+05	1.508726E-02	8.738819E+01
4.36075000000E+05	1.414662E-02	1.090814E+02
4.37943750000E+05	1.043683E-02	8.624702E+01
4.39812500000E+05	1.828154E-02	9.559703E+01
4.41681250000E+05	1.329324E-02	9.358817E+01
4.43550000000E+05	1.788180E-02	8.592199E+01
4.45418750000E+05	1.596990E-02	1.078807E+02
4.47287500000E+05	1.498233E-02	8.074279E+01
4.49156250000E+05	1.917078E-02	9.555733E+01
4.51025000000E+05	1.482403E-02	9.521456E+01
4.52893750000E+05	1.986172E-02	9.902415E+01
4.54762500000E+05	1.719156E-02	1.004891E+02
4.56631250000E+05	1.373470E-02	9.810844E+01
4.58500000000E+05	1.426050E-02	8.409156E+01
4.60368750000E+05	1.494694E-02	8.856744E+01
4.62237500000E+05	1.619500E-02	8.079885E+01
4.64106250000E+05	1.527340E-02	8.614825E+01
4.65975000000E+05	1.512039E-02	9.918515E+01
4.67843750000E+05	1.764918E-02	7.897208E+01
4.69712500000E+05	1.513730E-02	8.440845E+01
4.71581250000E+05	1.715407E-02	9.938959E+01
4.73450000000E+05	1.199325E-02	8.894668E+01
4.75318750000E+05	1.700369E-02	9.241111E+01
4.77187500000E+05	1.561739E-02	8.348240E+01
4.79056250000E+05	1.323359E-02	8.721206E+01
4.80925000000E+05	1.449586E-02	8.703351E+01
4.82793750000E+05	1.413663E-02	7.749961E+01
4.84662500000E+05	1.526890E-02	7.667863E+01
4.86531250000E+05	1.942322E-02	8.451801E+01
4.88400000000E+05	1.848514E-02	8.761723E+01
4.90268750000E+05	1.767635E-02	9.465964E+01
4.92137500000E+05	1.315391E-02	9.643201E+01
4.94006250000E+05	1.278889E-02	6.835967E+01
4.95875000000E+05	1.821317E-02	1.000718E+02
4.97743750000E+05	1.428896E-02	9.196996E+01
4.99612500000E+05	1.737864E-02	9.565289E+01
5.01481250000E+05	1.455997E-02	7.163435E+01
5.03350000000E+05	1.521200E-02	8.722678E+01
5.05218750000E+05	1.935630E-02	8.742587E+01
5.07087500000E+05	1.661843E-02	9.129888E+01
5.08956250000E+05	1.324228E-02	8.976445E+01
5.10825000000E+05	1.344131E-02	9.622847E+01
5.12693750000E+05	1.736159E-02	9.133113E+01
5.14562500000E+05	1.966734E-02	7.911884E+01
5.16431250000E+05	1.772108E-02	7.539006E+01
5.18300000000E+05	1.875289E-02	9.742198E+01
5.20168750000E+05	1.712222E-02	9.019971E+01
5.22037500000E+05	1.770536E-02	9.609880E+01
5.23906250000E+05	2.085038E-02	8.227402E+01
5.25775000000E+05	1.764710E-02	9.220912E+01
5.27643750000E+05	1.636437E-02	8.983115E+01
5.29512500000E+05	1.618893E-02	1.042788E+02
5.31381250000E+05	1.560009E-02	9.279892E+01
5.33250000000E+05	1.792036E-02	7.322372E+01
5.35118750000E+05	2.052859E-02	9.038160E+01
5.36987500000E+05	1.940061E-02	8.138036E+01
5.38856250000E+05	1.639832E-02	9.525031E+01
5.40725000000E+05	1.665475E-02	8.633605E+01
5.42593750000E+05	2.072232E-02	9.462382E+01
5.44462500000E+05	1.876104E-02	7.353286E+01
5.46331250000E+05	1.936085E-02	9.466376E+01
5.48200000000E+05	1.801211E-02	8.200357E+01
5.50068750000E+05	1.756426E-02	9.979292E+01
5.51937500000E+05	1.894010E-02	8.056837E+01
5.53806250000E+05	1.781710E-02	1.024604E+02
5.55675000000E+05	2.107038E-02	9.058822E+01
5.57543750000E+05	1.727229E-02	8.410660E+01
5.59412500000E+05	1.660532E-02	8.641118E+01
5.61281250000E+05	1.978212E-02	9.441961E+01
5.63150000000E+05	1.839179E-02	9.392849E+01
5.65018750000E+05	1.675698E-02	9.102967E+01
5.66887500000E+05	1.956565E-02	7.570730E+01
5.68756250000E+05	2.104270E-02	8.307076E+01
5.70625000000E+05	1.555562E-02	9.418284E+01
5.72493750000E+05	1.880268E-02	9.201971E+01
5.74362500000E+05	2.236413E-02	9.415817E+01
5.76231250000E+05	1.576101E-02	8.321739E+01
5.78100000000E+05	1.963138E-02	8.810828E+01
5.79968750000E+05	1.973637E-02	8.840606E+01
5.81837500000E+05	2.003654E-02	8.469927E+01
5.83706250000E+05	2.104725E-02	8.789374E+01
5.85575000000E+05	1.830257E-02	8.447947E+01
5.87443750000E+05	1.943777E-02	8.051768E+01
5.89312500000E+05	2.146217E-02	9.537762E+01
5.91181250000E+05	1.894578E-02	9.069224E+01
5.93050000000E+05	1.963523E-02	8.457879E+01
5.94918750000E+05	2.012978E-02	9.516493E+01
5.96787500000E+05	1.914839E-02	9.011240E+01
5.98656250000E+05	1.675897E-02	1.094760E+02
6.00525000000E+05	1.840459E-02	8.708395E+01
6.02393750000E+05	2.076329E-02	8.660320E+01
6.04262500000E+05	1.733559E-02	9.260236E+01
6.06131250000E+05	1.932938E-02	7.490082E+01
6.08000000000E+05	1.700042E-02	9.782088E+01
6.09868750000E+05	1.850389E-02	8.553426E+01
6.11737500000E+05	1.604775E-02	9.447723E+01
6.13606250000E+05	1.877443E-02	8.855744E+01
6.15475000000E+05	2.016920E-02	8.916948E+01
6.17343750000E+05	2.073408E-02	8.333553E+01
6.19212500000E+05	2.143572E-02	8.569620E+01
6.21081250000E+05	2.117489E-02	9.808054E+01
6.22950000000E+05	2.152308E-02	9.473347E+01
6.24818750000E+05	1.970158E-02	9.885543E+01
6.26687500000E+05	2.215674E-02	1.035326E+02
6.28556250000E+05	1.891898E-02	8.542023E+01
6.30425000000E+05	1.965637E-02	9.297117E+01
6.32293750000E+05	2.240377E-02	9.487804E+01
6.34162500000E+05	1.890008E-02	9.246283E+01
6.36031250000E+05	2.331856E-02	9.049557E+01
6.37900000000E+05	1.952143E-02	9.716586E+01
6.39768750000E+05	1.970463E-02	8.417181E+01
6.41637500000E+05	2.106257E-02	1.011915E+02
6.43506250000E+05	2.002125E-02	8.740149E+01
6.45375000000E+05	2.169366E-02	9.289563E+01
6.47243750000E+05	2.322057E-02	9.152938E+01
6.49112500000E+05	2.207824E-02	9.001858E+01
6.50981250000E+05	1.941948E-02	9.552897E+01
6.52850000000E+05	2.233635E-02	8.824532E+01
6.54718750000E+05	2.251581E-02	9.621868E+01
6.56587500000E+05	1.914463E-02	9.640052E+01
6.58456250000E+05	2.152824E-02	8.969943E+01
6.60325000000E+05	1.814499E-02	8.284322E+01
6.62193750000E+05	2.374971E-02	8.108557E+01
6.64062500000E+05	2.027317E-02	7.362422E+01
6.65931250000E+05	2.153914E-02	8.832681E+01
6.67800000000E+05	2.185934E-02	8.459615E+01
6.69668750000E+05	2.056033E-02	9.732178E+01
6.71537500000E+05	2.100584E-02	8.251382E+01
6.73406250000E+05	2.074255E-02	8.975143E+01
6.75275000000E+05	2.492997E-02	9.291344E+01
6.77143750000E+05	1.993862E-02	9.083397E+01
6.79012500000E+05	2.057343E-02	9.072517E+01
6.80881250000E+05	2.289813E-02	9.291263E+01
6.82750000000E+05	2.507182E-02	9.331087E+01
6.84618750000E+05	2.377405E-02	9.939532E+01
6.86487500000E+05	2.095168E-02	8.681828E+01
6.88356250000E+05	2.209585E-02	9.022237E+01
6.90225000000E+05	1.970447E-02	9.142731E+01
6.92093750000E+05	2.077750E-02	9.131950E+01
6.93962500000E+05	2.627304E-02	9.118929E+01
6.95831250000E+05	2.107986E-02	9.059155E+01
6.97700000000E+05	1.962830E-02	9.547522E+01
6.99568750000E+05	2.049036E-02	9.080783E+01
7.01437500000E+05	2.259076E-02	9.224578E+01
7.03306250000E+05	2.171254E-02	9.378433E+01
7.05175000000E+05	2.563083E-02	8.518124E+01
7.07043750000E+05	2.080346E-02	9.190728E+01
7.08912500000E+05	2.224873E-02	9.081026E+01
7.10781250000E+05	2.266933E-02	9.013358E+01
7.12650000000E+05	1.931104E-02	8.887938E+01
7.14518750000E+05	2.207430E-02	9.256863E+01
7.16387500000E+05	2.313254E-02	8.774178E+01
7.18256250000E+05	2.012106E-02	8.885305E+01
7.20125000000E+05	2.223111E-02	8.796586E+01
7.21993750000E+05	2.183026E-02	9.221246E+01
7.23862500000E+05	2.260273E-02	8.510848E+01
7.25731250000E+05	2.815103E-02	8.846070E+01
7.27600000000E+05	2.273217E-02	9.150455E+01
7.29468750000E+05	2.734210E-02	8.779286E+01
7.31337500000E+05	2.261873E-02	9.008291E+01
7.33206250000E+05	2.297914E-02	9.465473E+01
7.35075000000E+05	2.668574E-02	9.578007E+01
7.36943750000E+05	2.174872E-02	8.816690E+01
7.38812500000E+05	2.468902E-02	9.469001E+01
7.40681250000E+05	1.635918E-02	9.341576E+01
7.42550000000E+05	2.378078E-02	9.033443E+01
7.44418750000E+05	2.136823E-02	9.460778E+01
7.46287500000E+05	2.387690E-02	8.829359E+01
7.48156250000E+05	2.177054E-02	9.128060E+01
7.50025000000E+05	2.362642E-02	9.816201E+01
7.51893750000E+05	2.512099E-02	9.343643E+01
7.53762500000E+05	2.566766E-02	9.350881E+01
7.55631250000E+05	2.557214E-02	9.618352E+01
7.57500000000E+05	2.146132E-02	9.546684E+01
7.59368750000E+05	2.410029E-02	8.881596E+01
7.61237500000E+05	2.822220E-02	8.516416E+01
7.63106250000E+05	2.715708E-02	8.798627E+01
7.64975000000E+05	2.382084E-02	9.331754E+01
7.66843750000E+05	2.601400E-02	9.761033E+01
7.68712500000E+05	2.259363E-02	9.093256E+01
7.70581250000E+05	2.691608E-02	9.160642E+01
7.72450000000E+05	2.418207E-02	8.616172E+01
7.74318750000E+05	2.311974E-02	9.294969E+01
7.76187500000E+05	2.252022E-02	8.597076E+01
7.78056250000E+05	2.689783E-02	8.853875E+01
7.79925000000E+05	2.437795E-02	9.282384E+01
7.81793750000E+05	2.526009E-02	9.012759E+01
7.83662500000E+05	2.350437E-02	9.584573E+01
7.85531250000E+05	2.547986E-02	8.823348E+01
7.87400000000E+05	2.446424E-02	8.173100E+01
7.89268750000E+05	2.554723E-02	9.817606E+01
7.91137500000E+05	2.253991E-02	9.062262E+01
7.93006250000E+05	2.423071E-02	9.939392E+01
7.94875000000E+05	2.444362E-02	8.735249E+01
7.96743750000E+05	2.388657E-02	9.511003E+01
7.98612500000E+05	2.577559E-02	8.931098E+01
8.00481250000E+05	2.611896E-02	8.926441E+01
8.02350000000E+05	2.726407E-02	9.116274E+01
8.04218750000E+05	2.414929E-02	8.987754E+01
8.06087500000E+05	2.786467E-02	9.354863E+01
8.07956250000E+05	2.580076E-02	9.755511E+01
8.09825000000E+05	2.745702E-02	9.730287E+01
8.11693750000E+05	2.608440E-02	9.586776E+01
8.13562500000E+05	2.459169E-02	9.301561E+01
8.15431250000E+05	2.525984E-02	9.192446E+01
8.17300000000E+05	2.674954E-02	9.115633E+01
8.19168750000E+05	2.336121E-02	9.258090E+01
8.21037500000E+05	2.708438E-02	9.272162E+01
8.22906250000E+05	2.491594E-02	9.457044E+01
8.24775000000E+05	2.784422E-02	8.840302E+01
8.26643750000E+05	2.265828E-02	8.779638E+01
8.28512500000E+05	2.741630E-02	9.513517E+01
8.30381250000E+05	2.481038E-02	8.804863E+01
8.32250000000E+05	2.801870E-02	8.685319E+01
8.34118750000E+05	2.601626E-02	8.395557E+01
8.35987500000E+05	2.906895E-02	9.098050E+01
8.37856250000E+05	2.317630E-02	9.409958E+01
8.39725000000E+05	2.872423E-02	9.247576E+01
8.41593750000E+05	2.930670E-02	9.379018E+01
8.43462500000E+05	2.835204E-02	9.426550E+01
8.45331250000E+05	2.613208E-02	8.657867E+01
8.47200000000E+05	2.900262E-02	9.236365E+01
8.49068750000E+05	2.761746E-02	8.725978E+01
8.50937500000E+05	2.514509E-02	9.323164E+01
8.52806250000E+05	2.614232E-02	9.015957E+01
8.54675000000E+05	2.608084E-02	9.159615E+01
8.56543750000E+05	2.723928E-02	8.812255E+01
8.58412500000E+05	2.927053E-02	8.996484E+01
8.60281250000E+05	2.938834E-02	8.557446E+01
8.62150000000E+05	2.891411E-02	9.634856E+01
8.64018750000E+05	2.852961E-02	9.190673E+01
8.65887500000E+05	2.693325E-02	9.296253E+01
8.67756250000E+05	2.801785E-02	9.265645E+01
8.69625000000E+05	3.034138E-02	9.396948E+01
8.71493750000E+05	2.858321E-02	9.524658E+01
8.73362500000E+05	2.553104E-02	8.986163E+01
8.75231250000E+05	2.647532E-02	8.653355E+01
8.77100000000E+05	2.823367E-02	9.058099E+01
8.78968750000E+05	2.753795E-02	9.204311E+01
8.80837500000E+05	2.773578E-02	9.191174E+01
8.82706250000E+05	2.836994E-02	9.403964E+01
8.84575000000E+05	2.735496E-02	9.119481E+01
8.86443750000E+05	3.000191E-02	9.242192E+01
8.88312500000E+05	3.225731E-02	9.499092E+01
8.90181250000E+05	2.627018E-02	9.086544E+01
8.92050000000E+05	2.908813E-02	9.022919E+01
8.93918750000E+05	3.087765E-02	9.050164E+01
8.95787500000E+05	2.620002E-02	9.744158E+01
8.97656250000E+05	2.754837E-02	9.161722E+01
8.99525000000E+05	2.712409E-02	9.298051E+01
9.01393750000E+05	2.657117E-02	9.319315E+01
9.03262500000E+05	3.075544E-02	8.658591E+01
9.05131250000E+05	2.932590E-02	9.509254E+01
9.07000000000E+05	3.145373E-02	9.168707E+01
9.08868750000E+05	3.054160E-02	8.986659E+01
9.10737500000E+05	3.057865E-02	9.208900E+01
9.12606250000E+05	2.897700E-02	9.114285E+01
9.14475000000E+05	3.041066E-02	9.558691E+01
9.16343750000E+05	2.999191E-02	8.561851E+01
9.18212500000E+05	2.824196E-02	9.093938E+01
9.20081250000E+05	2.984035E-02	8.876626E+01
9.21950000000E+05	2.949236E-02	9.249916E+01
9.23818750000E+05	3.126876E-02	8.966811E+01
9.25687500000E+05	2.918183E-02	9.759974E+01
9.27556250000E+05	3.179729E-02	9.136459E+01
9.29425000000E+05	2.974251E-02	9.785471E+01
9.31293750000E+05	2.939445E-02	9.101010E+01
9.33162500000E+05	2.866629E-02	9.101970E+01
9.35031250000E+05	2.950669E-02	9.181227E+01
9.36900000000E+05	2.868074E-02	8.909232E+01
9.38768750000E+05	2.905839E-02	9.027895E+01
9.40637500000E+05	3.182345E-02	9.622935E+01
9.42506250000E+05	2.992253E-02	9.403698E+01
9.44375000000E+05	3.127856E-02	9.236929E+01
9.46243750000E+05	3.161244E-02	9.099281E+01
9.48112500000E+05	2.840957E-02	8.888827E+01
9.49981250000E+05	3.116157E-02	9.314677E+01
9.51850000000E+05	2.936101E-02	9.257040E+01
9.53718750000E+05	3.143678E-02	9.079061E+01
9.55587500000E+05	2.899354E-02	9.729050E+01
9.57456250000E+05	2.994687E-02	9.408630E+01
9.59325000000E+05	2.920562E-02	9.427824E+01
9.61193750000E+05	3.226225E-02	9.284002E+01
9.63062500000E+05	3.082961E-02	9.559037E+01
9.64931250000E+05	3.108132E-02	8.985272E+01
9.66800000000E+05	2.858000E-02	9.415000E+01
9.68668750000E+05	3.071649E-02	9.462167E+01
9.70537500000E+05	3.088999E-02	9.074670E+01
9.72406250000E+05	3.089196E-02	9.602650E+01
9.74275000000E+05	3.244511E-02	9.360175E+01
9.76143750000E+05	3.029220E-02	9.038794E+01
9.78012500000E+05	3.419188E-02	9.196376E+01
9.79881250000E+05	2.947136E-02	8.587874E+01
9.81750000000E+05	3.211876E-02	9.214020E+01
9.83618750000E+05	3.023218E-02	9.117384E+01
9.85487500000E+05	3.188765E-02	9.189249E+01
9.87356250000E+05	3.231845E-02	9.120780E+01
9.89225000000E+05	3.084146E-02	8.980830E+01
9.91093750000E+05	3.353139E-02	8.970477E+01
9.92962500000E+05	3.003819E-02	8.949885E+01
9.94831250000E+05	3.119961E-02	9.085522E+01
9.96700000000E+05	3.183540E-02	9.463554E+01
9.98568750000E+05	3.103869E-02	9.509103E+01
1.00043750000E+06	3.126838E-02	9.252359E+01
1.00230625000E+06	3.183560E-02	8.877209E+01
1.00417500000E+06	3.078670E-02	9.499190E+01
1.00604375000E+06	3.355198E-02	9.502380E+01
1.00791250000E+06	3.215215E-02	9.448443E+01
1.00978125000E+06	3.262749E-02	9.695905E+01
1.01165000000E+06	3.084384E-02	8.908885E+01
1.01351875000E+06	3.398144E-02	9.303911E+01
1.01538750000E+06	3.065361E-02	9.713359E+01
1.01725625000E+06	3.422448E-02	9.389706E+01
1.01912500000E+06	3.076842E-02	9.408734E+01
1.02099375000E+06	3.279925E-02	9.253912E+01
1.02286250000E+06	3.348683E-02	9.256752E+01
1.02473125000E+06	3.171522E-02	9.297505E+01
1.02660000000E+06	3.242876E-02	8.875443E+01
1.02846875000E+06	3.147321E-02	9.515100E+01
1.03033750000E+06	3.252203E-02	9.473781E+01
1.03220625000E+06	3.276017E-02	9.229777E+01
1.03407500000E+06	3.130604E-02	9.692555E+01
1.03594375000E+06	3.238265E-02	9.142810E+01
1.03781250000E+06	3.147350E-02	9.188116E+01
1.03968125000E+06	3.261297E-02	9.164347E+01
1.04155000000E+06	3.351805E-02	9.172439E+01
1.04341875000E+06	3.318993E-02	9.413547E+01
1.04528750000E+06	3.298658E-02	9.219609E+01
1.04715625000E+06	3.009646E-02	9.228954E+01
1.04902500000E+06	3.516563E-02	9.788072E+01
1.05089375000E+06	3.465307E-02	9.547250E+01
1.05276250000E+06	3.390955E-02	9.195107E+01
1.05463125000E+06	3.629382E-02	9.042514E+01
1.05650000000E+06	3.275892E-02	9.539537E+01
1.05836875000E+06	3.296690E-02	9.173566E+01
1.06023750000E+06	3.454742E-02	8.890380E+01
1.06210625000E+06	3.295899E-02	9.432410E+01
1.06397500000E+06	3.432893E-02	9.327486E+01
1.06584375000E+06	3.285404E-02	9.531112E+01
1.06771250000E+06	3.514917E-02	9.441133E+01
1.06958125000E+06	3.442053E-02	9.374622E+01
1.07145000000E+06	3.310452E-02	9.472722E+01
1.07331875000E+06	3.595648E-02	9.325138E+01
1.07518750000E+06	3.687640E-02	9.366344E+01
1.07705625000E+06	3.354761E-02	9.291122E+01
1.07892500000E+06	3.488327E-02	9.156379E+01
1.08079375000E+06	3.456521E-02	9.846501E+01
1.08266250000E+06	3.328445E-02	9.715887E+01
1.08453125000E+06	3.045722E-02	8.597803E+01
1.08640000000E+06	3.418612E-02	9.294343E+01
1.08826875000E+06	3.458584E-02	9.323672E+01
1.09013750000E+06	3.333658E-02	9.255682E+01
1.09200625000E+06	3.351681E-02	8.804330E+01
1.09387500000E+06	3.526711E-02	9.520203E+01
1.09574375000E+06	3.472116E-02	9.069172E+01
1.09761250000E+06	3.530079E-02	9.051112E+01
1.09948125000E+06	3.757239E-02	8.873490E+01
1.10135000000E+06	3.576202E-02	9.126260E+01
1.10321875000E+06	3.502011E-02	9.221641E+01
1.10508750000E+06	3.343936E-02	9.658026E+01
1.10695625000E+06	3.561691E-02	8.916983E+01
1.10882500000E+06	3.522350E-02	9.571252E+01
1.11069375000E+06	3.544709E-02	9.153460E+01
1.11256250000E+06	3.687440E-02	9.425850E+01
1.11443125000E+06	3.551452E-02	9.434483E+01
1.11630000000E+06	3.359933E-02	9.047089E+01
1.11816875000E+06	3.559733E-02	9.720933E+01
1.12003750000E+06	3.560805E-02	9.362254E+01
1.12190625000E+06	3.457630E-02	9.229829E+01
1.12377500000E+06	3.323497E-02	9.650884E+01
1.12564375000E+06	3.709058E-02	9.397446E+01
1.12751250000E+06	3.687328E-02	9.487209E+01
1.12938125000E+06	3.541215E-02	9.556290E+01
1.13125000000E+06	3.687168E-02	8.857118E+01
1.13311875000E+06	3.472192E-02	9.498843E+01
1.13498750000E+06	3.609896E-02	9.717716E+01
1.13685625000E+06	3.739119E-02	9.348963E+01
1.13872500000E+06	3.667671E-02	9.057413E+01
1.14059375000E+06	3.613557E-02	9.397192E+01
1.14246250000E+06	3.434722E-02	8.956901E+01
1.14433125000E+06	3.761888E-02	9.398332E+01
1.14620000000E+06	3.408842E-02	9.838165E+01
1.14806875000E+06	3.574134E-02	9.300732E+01
1.14993750000E+06	3.677056E-02	9.658558E+01
1.15180625000E+06	3.758559E-02	9.409392E+01
1.15367500000E+06	3.792893E-02	9.171221E+01
1.15554375000E+06	3.570789E-02	9.499858E+01
1.15741250000E+06	3.596020E-02	9.182295E+01
1.15928125000E+06	3.649638E-02	9.344538E+01
1.16115000000E+06	3.580182E-02	9.043124E+01
1.16301875000E+06	3.429334E-02	9.524055E+01
1.16488750000E+06	3.760136E-02	9.012848E+01
1.16675625000E+06	3.629728E-02	9.410902E+01
1.16862500000E+06	3.880651E-02	9.435453E+01
1.17049375000E+06	3.569281E-02	9.334189E+01
1.17236250000E+06	3.820854E-02	9.249240E+01
1.17423125000E+06	3.560049E-02	9.319653E+01
1.17610000000E+06	3.605616E-02	9.120203E+01
1.17796875000E+06	3.958674E-02	9.235188E+01
1.17983750000E+06	3.373878E-02	9.233462E+01
1.18170625000E+06	3.719097E-02	9.340292E+01
1.18357500000E+06	3.730885E-02	9.417645E+01
1.18544375000E+06	3.899431E-02	9.345930E+01
1.18731250000E+06	3.502349E-02	9.363532E+01
1.18918125000E+06	3.663551E-02	9.294772E+01
1.19105000000E+06	3.791471E-02	9.266261E+01
1.19291875000E+06	3.715370E-02	9.503664E+01
1.19478750000E+06	3.911978E-02	9.352194E+01
1.19665625000E+06	3.843511E-02	9.119284E+01
1.19852500000E+06	3.639048E-02	9.327559E+01
1.20039375000E+06	3.832893E-02	9.044079E+01
1.20226250000E+06	3.675717E-02	9.495897E+01
1.20413125000E+06	3.856909E-02	9.156313E+01
1.20600000000E+06	3.666006E-02	9.357813E+01
1.20786875000E+06	3.952219E-02	9.332315E+01
1.20973750000E+06	3.866544E-02	9.027038E+01
1.21160625000E+06	4.009108E-02	9.263376E+01
1.21347500000E+06	3.762739E-02	8.800824E+01
1.21534375000E+06	3.896251E-02	9.703500E+01
1.21721250000E+06	3.932774E-02	9.356350E+01
1.21908125000E+06	3.786066E-02	9.456543E+01
1.22095000000E+06	3.787760E-02	9.518638E+01
1.22281875000E+06	4.028686E-02	9.210072E+01
1.22468750000E+06	3.798158E-02	9.140621E+01
1.22655625000E+06	3.764234E-02	9.244503E+01
1.22842500000E+06	3.902838E-02	9.472977E+01
1.23029375000E+06	3.853936E-02	8.990109E+01
1.23216250000E+06	3.644890E-02	9.130347E+01
1.23403125000E+06	3.856570E-02	9.320893E+01
1.23590000000E+06	3.861102E-02	9.240525E+01
1.23776875000E+06	3.880973E-02	9.445522E+01
1.23963750000E+06	3.823101E-02	9.023083E+01
1.24150625000E+06	3.998885E-02	9.023094E+01
1.24337500000E+06	4.165646E-02	9.371470E+01
1.24524375000E+06	3.998899E-02	9.429431E+01
1.24711250000E+06	3.862384E-02	9.350718E+01
1.24898125000E+06	3.890103E-02	9.316598E+01
1.25085000000E+06	3.719640E-02	9.475600E+01
1.25271875000E+06	3.978695E-02	9.350984E+01
1.25458750000E+06	3.671634E-02	9.129911E+01
1.25645625000E+06	3.932557E-02	9.103992E+01
1.25832500000E+06	3.938005E-02	9.377744E+01
1.26019375000E+06	3.780976E-02	8.860866E+01
1.26206250000E+06	3.860473E-02	9.585995E+01
1.26393125000E+06	4.083771E-02	9.234706E+01
1.26580000000E+06	3.863620E-02	9.545132E+01
1.26766875000E+06	3.968787E-02	9.316202E+01
1.26953750000E+06	3.671748E-02	9.559538E+01
1.27140625000E+06	4.022757E-02	9.829218E+01
1.27327500000E+06	3.761898E-02	9.523336E+01
1.27514375000E+06	3.954853E-02	9.046342E+01
1.27701250000E+06	3.861014E-02	9.445163E+01
1.27888125000E+06	3.977039E-02	9.368146E+01
1.28075000000E+06	3.855914E-02	9.602904E+01
1.28261875000E+06	4.087247E-02	9.018823E+01
1.28448750000E+06	3.995010E-02	9.484488E+01
1.28635625000E+06	4.078282E-02	9.268898E+01
1.28822500000E+06	3.953768E-02	9.568361E+01
1.29009375000E+06	4.009655E-02	9.285047E+01
1.29196250000E+06	4.064433E-02	9.371983E+01
1.29383125000E+06	4.189027E-02	9.371078E+01
1.29570000000E+06	4.131077E-02	9.656619E+01
1.29756875000E+06	4.319486E-02	9.397187E+01
1.29943750000E+06	4.041543E-02	9.553535E+01
1.30130625000E+06	3.949837E-02	9.397952E+01
1.30317500000E+06	4.192058E-02	9.301492E+01
1.30504375000E+06	4.068271E-02	9.423316E+01
1.30691250000E+06	4.092531E-02	9.331255E+01
1.30878125000E+06	3.913436E-02	9.867845E+01
1.31065000000E+06	4.066302E-02	9.281954E+01
1.31251875000E+06	4.160255E-02	9.232378E+01
1.31438750000E+06	4.109338E-02	9.385731E+01
1.31625625000E+06	4.225887E-02	9.080492E+01
1.31812500000E+06	4.273816E-02	9.388887E+01
1.31999375000E+06	3.826678E-02	9.407889E+01
1.32186250000E+06	3.940054E-02	9.428841E+01
1.32373125000E+06	3.890382E-02	9.442626E+01
1.32560000000E+06	3.954812E-02	9.260642E+01
1.32746875000E+06	4.028071E-02	9.071062E+01
1.32933750000E+06	4.273830E-02	9.460716E+01
1.33120625000E+06	4.149025E-02	9.435352E+01
1.33307500000E+06	4.056757E-02	9.434557E+01
1.33494375000E+06	4.041779E-02	9.390911E+01
1.33681250000E+06	4.088547E-02	9.465486E+01
1.33868125000E+06	4.153877E-02	9.460124E+01
1.34055000000E+06	4.171719E-02	9.436686E+01
1.34241875000E+06	4.023881E-02	9.507026E+01
1.34428750000E+06	4.287244E-02	9.648000E+01
1.34615625000E+06	4.030028E-02	9.314223E+01
1.34802500000E+06	4.200783E-02	9.447823E+01
1.34989375000E+06	4.323194E-02	9.416510E+01
1.35176250000E+06	4.064215E-02	9.471368E+01
1.35363125000E+06	4.228876E-02	9.292003E+01
1.35550000000E+06	4.260399E-02	9.296281E+01
1.35736875000E+06	4.175296E-02	9.470410E+01
1.35923750000E+06	4.004329E-02	9.313477E+01
1.36110625000E+06	4.018843E-02	9.380364E+01
1.36297500000E+06	4.302723E-02	9.419685E+01
1.36484375000E+06	4.207855E-02	9.229380E+01
1.36671250000E+06	4.003257E-02	8.971497E+01
1.36858125000E+06	4.223340E-02	9.653855E+01
1.37045000000E+06	4.160229E-02	9.391971E+01
1.37231875000E+06	4.371158E-02	9.534760E+01
1.37418750000E+06	4.111344E-02	9.716428E+01
1.37605625000E+06	4.421533E-02	9.330782E+01
1.37792500000E+06	4.271363E-02	9.327806E+01
1.37979375000E+06	4.363437E-02	9.142666E+01
1.38166250000E+06	4.138355E-02	9.258434E+01
1.38353125000E+06	4.352633E-02	9.217126E+01
1.38540000000E+06	4.464323E-02	9.397836E+01
1.38726875000E+06	4.383650E-02	9.327431E+01
1.38913750000E+06	4.268041E-02	9.491487E+01
1.39100625000E+06	4.189596E-02	9.677357E+01
1.39287500000E+06	4.321457E-02	9.246319E+01
1.39474375000E+06	4.369899E-02	9.418062E+01
1.39661250000E+06	4.563628E-02	9.594482E+01
1.39848125000E+06	4.262810E-02	9.594914E+01
1.40035000000E+06	4.226612E-02	9.151572E+01
1.40221875000E+06	4.296957E-02	9.233631E+01
1.40408750000E+06	4.197662E-02	9.355090E+01
1.40595625000E+06	4.098686E-02	9.484277E+01
1.40782500000E+06	4.242345E-02	9.365260E+01
1.40969375000E+06	4.188370E-02	9.140380E+01
1.41156250000E+06	4.172454E-02	9.317607E+01
1.41343125000E+06	4.274883E-02	9.235124E+01
1.41530000000E+06	4.319154E-02	9.608616E+01
1.41716875000E+06	4.319644E-02	9.328542E+01
1.41903750000E+06	4.264911E-02	9.285207E+01
1.42090625000E+06	4.316879E-02	9.803631E+01
1.42277500000E+06	4.388712E-02	9.426476E+01
1.42464375000E+06	4.400340E-02	9.369704E+01
1.42651250000E+06	4.467746E-02	9.478294E+01
1.42838125000E+06	4.450815E-02	9.546494E+01
1.43025000000E+06	4.111067E-02	9.625414E+01
1.43211875000E+06	4.466337E-02	9.648037E+01
1.43398750000E+06	4.366785E-02	9.381636E+01
1.43585625000E+06	4.472519E-02	8.920622E+01
1.43772500000E+06	4.392373E-02	9.324559E+01
1.43959375000E+06	4.408769E-02	9.557047E+01
1.44146250000E+06	4.183265E-02	9.480598E+01
1.44333125000E+06	4.536085E-02	9.562869E+01
1.44520000000E+06	4.327804E-02	9.290463E+01
1.44706875000E+06	4.392062E-02	9.343351E+01
1.44893750000E+06	4.473315E-02	9.389976E+01
1.45080625000E+06	4.453213E-02	9.350022E+01
1.45267500000E+06	4.423441E-02	9.513012E+01
1.45454375000E+06	4.566310E-02	9.665926E+01
1.45641250000E+06	4.205111E-02	9.433540E+01
1.45828125000E+06	4.475136E-02	9.278218E+01
1.46015000000E+06	4.151791E-02	9.490252E+01
1.46201875000E+06	4.428578E-02	9.436342E+01
1.46388750000E+06	4.392906E-02	9.536825E+01
1.46575625000E+06	4.327529E-02	9.305874E+01
1.46762500000E+06	4.517577E-02	9.423056E+01
1.46949375000E+06	4.502573E-02	9.629783E+01
1.47136250000E+06	4.415058E-02	9.330502E+01
1.47323125000E+06	4.432147E-02	9.209611E+01
1.47510000000E+06	4.397779E-02	9.234051E+01
1.47696875000E+06	4.639056E-02	9.582468E+01
1.47883750000E+06	4.682011E-02	9.236156E+01
1.48070625000E+06	4.540950E-02	9.132973E+01
1.48257500000E+06	4.565967E-02	9.674612E+01
1.48444375000E+06	4.589115E-02	9.270770E+01
1.48631250000E+06	4.421836E-02	9.580293E+01
1.48818125000E+06	4.553451E-02	9.403100E+01
1.49005000000E+06	4.388596E-02	9.407713E+01
1.49191875000E+06	4.464398E-02	9.642242E+01
1.49378750000E+06	4.643941E-02	9.423992E+01
1.49565625000E+06	4.507608E-02	9.317107E+01
1.49752500000E+06	4.522983E-02	9.373668E+01
1.49939375000E+06	4.488017E-02	9.405742E+01
1.50126250000E+06	4.347393E-02	9.315726E+01
1.50313125000E+06	4.673462E-02	9.611820E+01
1.50500000000E+06	4.414708E-02	9.477802E+01
1.50686875000E+06	4.403057E-02	9.449694E+01
1.50873750000E+06	4.633684E-02	9.533033E+01
1.51060625000E+06	4.604958E-02	9.474557E+01
1.51247500000E+06	4.517936E-02	9.290183E+01
1.51434375000E+06	4.616192E-02	9.213965E+01
1.51621250000E+06	4.771823E-02	9.457813E+01
1.51808125000E+06	4.821610E-02	9.424894E+01
1.51995000000E+06	4.609830E-02	9.180986E+01
1.52181875000E+06	4.776919E-02	9.553246E+01
1.52368750000E+06	4.657742E-02	9.306956E+01
1.52555625000E+06	4.566436E-02	9.420145E+01
1.52742500000E+06	4.780396E-02	9.175765E+01
1.52929375000E+06	4.581401E-02	9.468179E+01
1.53116250000E+06	4.394358E-02	9.342455E+01
1.53303125000E+06	4.798738E-02	9.281102E+01
1.53490000000E+06	4.671231E-02	9.446791E+01
1.53676875000E+06	4.522448E-02	9.487266E+01
1.53863750000E+06	4.420181E-02	9.400258E+01
1.54050625000E+06	4.723545E-02	9.497948E+01
1.54237500000E+06	4.794926E-02	9.539217E+01
1.54424375000E+06	4.804445E-02	9.275378E+01
1.54611250000E+06	4.709675E-02	9.556631E+01
1.54798125000E+06	4.710230E-02	9.309539E+01
1.54985000000E+06	4.750803E-02	9.397652E+01
1.55171875000E+06	4.492694E-02	9.568141E+01
1.55358750000E+06	4.666981E-02	9.342455E+01
1.55545625000E+06	4.611380E-02	9.514089E+01
1.55732500000E+06	4.741306E-02	9.405220E+01
1.55919375000E+06	4.602886E-02	9.363837E+01
1.56106250000E+06	4.634207E-02	9.629713E+01
1.56293125000E+06	4.710770E-02	9.317912E+01
1.56480000000E+06	4.451567E-02	9.598244E+01
1.56666875000E+06	4.768919E-02	9.397989E+01
1.56853750000E+06	4.409794E-02	9.736363E+01
1.57040625000E+06	4.700579E-02	9.498094E+01
1.57227500000E+06	4.893124E-02	9.574306E+01
1.57414375000E+06	4.656992E-02	9.506653E+01
1.57601250000E+06	4.650410E-02	9.645890E+01
1.57788125000E+06	4.659738E-02	9.340802E+01
1.57975000000E+06	4.895993E-02	9.375344E+01
1.58161875000E+06	4.768862E-02	9.357260E+01
1.58348750000E+06	4.780193E-02	9.503667E+01
1.58535625000E+06	4.663171E-02	9.775180E+01
1.58722500000E+06	4.807549E-02	9.584469E+01
1.58909375000E+06	4.747962E-02	9.381863E+01
1.59096250000E+06	4.738129E-02	9.807748E+01
1.59283125000E+06	4.707029E-02	9.550723E+01
1.59470000000E+06	4.670973E-02	9.645115E+01
1.59656875000E+06	4.805205E-02	9.345374E+01
1.59843750000E+06	4.806688E-02	9.442841E+01
1.60030625000E+06	4.883724E-02	9.640656E+01
1.60217500000E+06	4.798940E-02	9.509691E+01
1.60404375000E+06	4.890162E-02	9.458355E+01
1.60591250000E+06	4.794523E-02	9.572620E+01
1.60778125000E+06	4.892469E-02	9.490793E+01
1.60965000000E+06	4.821566E-02	9.669437E+01
1.61151875000E+06	4.966447E-02	9.507707E+01
1.61338750000E+06	4.845387E-02	9.513889E+01
1.61525625000E+06	4.948382E-02	9.566805E+01
1.61712500000E+06	4.921948E-02	9.588998E+01
1.61899375000E+06	4.930415E-02	9.292764E+01
1.62086250000E+06	4.724012E-02	9.449792E+01
1.62273125000E+06	4.901036E-02	9.691981E+01
1.62460000000E+06	4.749116E-02	9.582991E+01
1.62646875000E+06	4.983700E-02	9.365313E+01
1.62833750000E+06	4.817129E-02	9.594396E+01
1.63020625000E+06	4.772342E-02	9.409151E+01
1.63207500000E+06	4.673720E-02	9.767423E+01
1.63394375000E+06	4.804711E-02	9.322974E+01
1.63581250000E+06	4.887557E-02	9.685982E+01
1.63768125000E+06	4.998125E-02	9.791174E+01
1.63955000000E+06	4.867364E-02	9.483548E+01
1.64141875000E+06	4.944070E-02	9.243893E+01
1.64328750000E+06	4.578819E-02	9.311726E+01
1.64515625000E+06	5.245647E-02	9.679542E+01
1.64702500000E+06	4.882810E-02	9.533035E+01
1.64889375000E+06	4.862257E-02	9.298095E+01
1.65076250000E+06	5.032162E-02	9.597665E+01
1.65263125000E+06	4.886002E-02	9.494653E+01
1.65450000000E+06	4.795345E-02	9.612598E+01
1.65636875000E+06	5.027340E-02	9.545570E+01
1.65823750000E+06	5.148147E-02	9.601361E+01
1.66010625000E+06	4.844976E-02	9.444157E+01
1.66197500000E+06	4.912540E-02	9.302049E+01
1.66384375000E+06	4.805429E-02	9.351418E+01
1.66571250000E+06	5.024443E-02	9.312637E+01
1.66758125000E+06	4.949362E-02	9.416467E+01
1.66945000000E+06	4.976280E-02	9.719144E+01
1.67131875000E+06	4.985289E-02	9.586862E+01
1.67318750000E+06	5.062672E-02	9.435109E+01
1.67505625000E+06	4.863054E-02	9.572003E+01
1.67692500000E+06	4.981931E-02	9.700046E+01
1.67879375000E+06	4.960046E-02	9.756202E+01
1.68066250000E+06	4.766172E-02	9.419854E+01
1.68253125000E+06	4.885621E-02	9.387074E+01
1.68440000000E+06	5.081851E-02	9.562014E+01
1.68626875000E+06	5.124033E-02	9.504654E+01
1.68813750000E+06	4.849104E-02	9.509650E+01
1.69000625000E+06	4.862770E-02	9.730265E+01
1.69187500000E+06	5.085228E-02	9.325529E+01
1.69374375000E+06	5.075730E-02	9.522193E+01
1.69561250000E+06	4.923958E-02	9.396870E+01
1.69748125000E+06	4.791834E-02	9.653975E+01
1.69935000000E+06	5.106773E-02	9.545937E+01
1.70121875000E+06	5.192314E-02	9.393126E+01
1.70308750000E+06	5.029400E-02	9.687658E+01
1.70495625000E+06	5.020146E-02	9.581153E+01
1.70682500000E+06	5.061320E-02	9.440315E+01
1.70869375000E+06	5.060486E-02	9.571873E+01
1.71056250000E+06	4.902056E-02	9.460762E+01
1.71243125000E+06	5.047399E-02	9.650428E+01
1.71430000000E+06	5.243546E-02	9.710329E+01
1.71616875000E+06	5.142011E-02	9.429797E+01
1.71803750000E+06	4.816372E-02	9.353312E+01
1.71990625000E+06	4.927827E-02	9.100235E+01
1.72177500000E+06	5.238907E-02	9.588217E+01
1.72364375000E+06	5.144402E-02	9.661121E+01
1.72551250000E+06	5.101956E-02	9.542451E+01
1.72738125000E+06	4.983621E-02	9.662337E+01
1.72925000000E+06	4.943317E-02	9.555199E+01
1.73111875000E+06	4.978626E-02	9.533379E+01
1.73298750000E+06	4.962375E-02	9.539426E+01
1.73485625000E+06	5.063453E-02	9.493380E+01
1.73672500000E+06	5.163312E-02	9.310257E+01
1.73859375000E+06	5.267701E-02	9.528822E+01
1.74046250000E+06	5.144044E-02	9.645158E+01
1.74233125000E+06	5.099204E-02	9.694946E+01
1.74420000000E+06	5.001893E-02	9.817786E+01
1.74606875000E+06	5.178287E-02	9.521145E+01
1.74793750000E+06	5.120678E-02	9.558514E+01
1.74980625000E+06	5.167887E-02	9.390984E+01
1.75167500000E+06	5.015947E-02	9.507673E+01
1.75354375000E+06	5.213050E-02	9.391626E+01
1.75541250000E+06	5.118117E-02	9.434164E+01
1.75728125000E+06	4.988225E-02	9.482341E+01
1.75915000000E+06	5.290921E-02	9.466589E+01
1.76101875000E+06	5.120166E-02	9.621708E+01
1.76288750000E+06	5.285303E-02	9.435348E+01
1.76475625000E+06	5.222633E-02	9.478811E+01
1.76662500000E+06	5.186410E-02	9.392740E+01
1.76849375000E+06	5.205910E-02	9.643887E+01
1.77036250000E+06	5.038532E-02	9.594424E+01
1.77223125000E+06	5.193898E-02	9.371527E+01
1.77410000000E+06	5.320090E-02	9.659640E+01
1.77596875000E+06	5.281838E-02	9.466109E+01
1.77783750000E+06	5.325200E-02	9.512132E+01
1.77970625000E+06	5.256746E-02	9.634967E+01
1.78157500000E+06	5.176348E-02	9.428594E+01
1.78344375000E+06	5.119514E-02	9.444614E+01
1.78531250000E+06	5.214785E-02	9.583275E+01
1.78718125000E+06	5.053034E-02	9.697966E+01
1.78905000000E+06	5.187525E-02	9.818542E+01
1.79091875000E+06	5.123344E-02	9.730834E+01
1.79278750000E+06	5.273211E-02	9.395035E+01
1.79465625000E+06	5.215662E-02	9.573010E+01
1.79652500000E+06	5.242296E-02	9.446874E+01
1.79839375000E+06	5.185988E-02	9.659025E+01
1.80026250000E+06	5.220334E-02	9.530788E+01
1.80213125000E+06	5.051756E-02	9.415320E+01
1.80400000000E+06	5.370082E-02	9.343037E+01
1.80586875000E+06	5.207159E-02	9.658861E+01
1.80773750000E+06	5.269923E-02	9.523244E+01
1.80960625000E+06	5.184603E-02	9.558138E+01
1.81147500000E+06	5.272427E-02	9.481321E+01
1.81334375000E+06	5.204961E-02	9.524055E+01
1.81521250000E+06	5.419243E-02	9.496533E+01
1.81708125000E+06	5.239576E-02	9.498244E+01
1.81895000000E+06	5.199486E-02	9.529771E+01
1.82081875000E+06	5.351737E-02	9.631832E+01
1.82268750000E+06	5.276496E-02	9.538900E+01
1.82455625000E+06	5.215126E-02	9.692887E+01
1.82642500000E+06	5.294865E-02	9.564606E+01
1.82829375000E+06	5.417943E-02	9.438837E+01
1.83016250000E+06	5.105858E-02	9.469073E+01
1.83203125000E+06	5.327018E-02	9.542207E+01
1.83390000000E+06	5.336893E-02	9.556521E+01
1.83576875000E+06	5.351856E-02	9.600034E+01
1.83763750000E+06	5.175389E-02	9.582005E+01
1.83950625000E+06	5.399960E-02	9.537959E+01
1.84137500000E+06	5.334561E-02	9.707759E+01
1.84324375000E+06	5.475727E-02	9.400051E+01
1.84511250000E+06	5.248582E-02	9.658643E+01
1.84698125000E+06	5.297580E-02	9.592657E+01
1.84885000000E+06	5.348581E-02	9.620246E+01
1.85071875000E+06	5.453965E-02	9.521374E+01
1.85258750000E+06	5.205181E-02	9.536037E+01
1.85445625000E+06	5.640706E-02	9.495506E+01
1.85632500000E+06	5.361430E-02	9.632806E+01
1.85819375000E+06	5.507853E-02	9.567729E+01
1.86006250000E+06	5.574945E-02	9.638809E+01
1.86193125000E+06	5.457043E-02	9.518354E+01
1.86380000000E+06	5.467176E-02	9.405320E+01
1.86566875000E+06	5.284449E-02	9.537914E+01
1.86753750000E+06	5.226363E-02	9.479211E+01
1.86940625000E+06	5.202693E-02	9.525709E+01
1.87127500000E+06	5.330407E-02	9.814192E+01
1.87314375000E+06	5.459682E-02	9.590474E+01
1.87501250000E+06	5.388553E-02	9.583736E+01
1.87688125000E+06	5.518422E-02	9.495929E+01
1.87875000000E+06	5.623591E-02	9.487867E+01
1.88061875000E+06	5.214817E-02	9.535535E+01
1.88248750000E+06	5.338641E-02	9.589194E+01
1.88435625000E+06	5.433670E-02	9.643443E+01
1.88622500000E+06	5.422582E-02	9.505266E+01
1.88809375000E+06	5.316961E-02	9.650937E+01
1.88996250000E+06	5.549075E-02	9.661014E+01
1.89183125000E+06	5.246278E-02	9.497390E+01
1.89370000000E+06	5.403267E-02	9.614407E+01
1.89556875000E+06	5.594900E-02	9.622396E+01
1.89743750000E+06	5.454457E-02	9.679329E+01
1.89930625000E+06	5.432036E-02	9.694314E+01
1.90117500000E+06	5.692434E-02	9.751716E+01
1.90304375000E+06	5.465079E-02	9.731982E+01
1.90491250000E+06	5.587443E-02	9.525352E+01
1.90678125000E+06	5.617123E-02	9.452790E+01
1.90865000000E+06	5.599655E-02	9.616103E+01
1.91051875000E+06	5.456806E-02	9.744262E+01
1.91238750000E+06	5.782095E-02	9.354066E+01
1.91425625000E+06	5.439932E-02	9.647218E+01
1.91612500000E+06	5.443503E-02	9.830513E+01
1.91799375000E+06	5.332156E-02	9.485197E+01
1.91986250000E+06	5.569065E-02	9.630958E+01
1.92173125000E+06	5.659262E-02	9.551067E+01
1.92360000000E+06	5.215298E-02	9.935346E+01
1.92546875000E+06	5.594483E-02	9.589743E+01
1.92733750000E+06	5.455132E-02	9.568646E+01
1.92920625000E+06	5.344436E-02	9.609404E+01
1.93107500000E+06	5.423418E-02	9.670066E+01
1.93294375000E+06	5.569857E-02	9.814731E+01
1.93481250000E+06	5.579311E-02	9.746000E+01
1.93668125000E+06	5.530426E-02	9.612878E+01
1.93855000000E+06	5.412373E-02	9.624509E+01
1.94041875000E+06	5.469587E-02	9.695641E+01
1.94228750000E+06	5.524949E-02	9.734180E+01
1.94415625000E+06	5.606280E-02	9.641972E+01
1.94602500000E+06	5.596550E-02	9.450438E+01
1.94789375000E+06	5.498766E-02	9.681457E+01
1.94976250000E+06	5.518087E-02	9.585701E+01
1.95163125000E+06	5.566893E-02	9.589171E+01
1.95350000000E+06	5.633651E-02	9.549872E+01
1.95536875000E+06	5.547075E-02	9.719773E+01
1.95723750000E+06	5.422657E-02	9.670595E+01
1.95910625000E+06	5.697860E-02	9.669447E+01
1.96097500000E+06	5.549723E-02	9.677114E+01
1.96284375000E+06	5.414194E-02	9.689740E+01
1.96471250000E+06	5.656144E-02	9.690955E+01
1.96658125000E+06	5.536228E-02	9.640001E+01
1.96845000000E+06	5.590208E-02	9.639896E+01
1.97031875000E+06	5.432904E-02	9.662048E+01
1.97218750000E+06	5.601337E-02	9.816944E+01
1.97405625000E+06	5.646250E-02	9.600180E+01
1.97592500000E+06	5.478081E-02	9.582321E+01
1.97779375000E+06	5.515921E-02	9.779696E+01
1.97966250000E+06	5.504620E-02	9.777155E+01
1.98153125000E+06	5.545650E-02	9.715201E+01
1.98340000000E+06	5.771924E-02	9.582218E+01
1.98526875000E+06	5.712095E-02	9.788799E+01
1.98713750000E+06	5.592810E-02	9.714263E+01
1.98900625000E+06	5.473829E-02	9.723593E+01
1.99087500000E+06	5.707622E-02	9.611256E+01
1.99274375000E+06	5.620588E-02	9.469503E+01
1.99461250000E+06	5.697564E-02	9.598814E+01
1.99648125000E+06	5.617745E-02	9.577174E+01
1.99835000000E+06	5.544866E-02	9.642253E+01
2.00021875000E+06	5.714165E-02	9.889893E+01
2.00208750000E+06	5.722744E-02	9.573528E+01
2.00395625000E+06	5.532490E-02	9.767953E+01
2.00582500000E+06	5.452858E-02	9.798292E+01
2.00769375000E+06	5.604822E-02	9.612741E+01
2.00956250000E+06	5.676573E-02	9.596098E+01
2.01143125000E+06	5.553870E-02	9.622694E+01
2.01330000000E+06	5.603966E-02	9.524272E+01
2.01516875000E+06	5.625675E-02	9.602402E+01
2.01703750000E+06	5.719307E-02	9.704977E+01
2.01890625000E+06	5.724468E-02	9.561153E+01
2.02077500000E+06	5.805812E-02	9.698371E+01
2.02264375000E+06	5.777604E-02	9.643776E+01
2.02451250000E+06	5.744436E-02	9.652849E+01
2.02638125000E+06	5.643302E-02	9.550572E+01
2.02825000000E+06	5.810252E-02	9.691718E+01
2.03011875000E+06	5.626395E-02	9.530298E+01
2.03198750000E+06	5.667749E-02	9.576199E+01
2.03385625000E+06	5.787043E-02	9.738951E+01
2.03572500000E+06	5.782979E-02	9.646226E+01
2.03759375000E+06	5.768298E-02	9.715167E+01
2.03946250000E+06	5.709133E-02	9.551111E+01
2.04133125000E+06	5.885791E-02	9.797269E+01
2.04320000000E+06	5.747824E-02	9.871516E+01
2.04506875000E+06	5.821157E-02	9.499183E+01
2.04693750000E+06	5.870038E-02	9.746812E+01
2.04880625000E+06	5.779910E-02	9.416039E+01
2.05067500000E+06	5.680026E-02	9.718570E+01
2.05254375000E+06	5.743683E-02	9.682987E+01
2.05441250000E+06	5.640452E-02	9.565272E+01
2.05628125000E+06	5.783996E-02	9.836233E+01
2.05815000000E+06	5.638844E-02	9.581795E+01
2.06001875000E+06	5.724294E-02	9.863932E+01
2.06188750000E+06	5.729977E-02	9.789981E+01
2.06375625000E+06	5.711396E-02	9.528448E+01
2.06562500000E+06	5.849773E-02	9.683302E+01
2.06749375000E+06	5.651290E-02	9.773018E+01
2.06936250000E+06	5.727880E-02	9.832478E+01
2.07123125000E+06	5.775581E-02	9.528134E+01
2.07310000000E+06	5.989944E-02	9.660201E+01
2.07496875000E+06	5.702239E-02	9.777180E+01
2.07683750000E+06	5.846935E-02	9.644888E+01
2.07870625000E+06	5.960137E-02	9.585548E+01
2.08057500000E+06	5.802141E-02	9.646475E+01
2.08244375000E+06	5.729150E-02	9.709660E+01
2.08431250000E+06	5.879011E-02	9.674583E+01
2.08618125000E+06	5.924852E-02	9.667833E+01
2.08805000000E+06	5.788380E-02	9.650812E+01
2.08991875000E+06	5.780271E-02	9.435990E+01
2.09178750000E+06	5.953453E-02	9.798534E+01
2.09365625000E+06	5.882208E-02	9.681279E+01
2.09552500000E+06	6.027186E-02	9.741797E+01
2.09739375000E+06	5.954225E-02	9.664640E+01
2.09926250000E+06	5.882759E-02	9.853083E+01
2.10113125000E+06	5.716935E-02	9.524299E+01
2.10300000000E+06	5.847001E-02	9.609251E+01
2.10486875000E+06	5.917140E-02	9.503885E+01
2.10673750000E+06	5.737333E-02	9.677847E+01
2.10860625000E+06	5.871560E-02	9.756844E+01
2.11047500000E+06	5.963930E-02	9.880253E+01
2.11234375000E+06	5.886090E-02	9.610964E+01
2.11421250000E+06	5.899302E-02	9.724349E+01
2.11608125000E+06	5.795186E-02	9.779458E+01
2.11795000000E+06	5.728838E-02	9.786883E+01
2.11981875000E+06	5.900140E-02	9.751527E+01
2.12168750000E+06	5.818634E-02	9.604086E+01
2.12355625000E+06	5.823679E-02	9.801908E+01
2.12542500000E+06	5.848152E-02	9.599931E+01
2.12729375000E+06	6.024507E-02	9.590822E+01
2.12916250000E+06	5.787633E-02	9.627639E+01
2.13103125000E+06	5.913956E-02	9.701415E+01
2.13290000000E+06	5.960913E-02	9.933040E+01
2.13476875000E+06	6.020281E-02	9.689948E+01
2.13663750000E+06	5.997968E-02	9.692326E+01
2.13850625000E+06	6.009555E-02	9.582650E+01
2.14037500000E+06	5.817674E-02	9.784414E+01
2.14224375000E+06	5.940381E-02	9.551180E+01
2.14411250000E+06	5.812697E-02	9.646352E+01
2.14598125000E+06	5.891749E-02	9.934103E+01
2.14785000000E+06	5.924771E-02	9.726192E+01
2.14971875000E+06	5.905542E-02	9.682379E+01
2.15158750000E+06	5.890548E-02	9.683633E+01
2.15345625000E+06	5.706473E-02	9.786819E+01
2.15532500000E+06	5.915709E-02	9.815964E+01
2.15719375000E+06	6.080585E-02	9.714240E+01
2.15906250000E+06	5.877575E-02	9.828976E+01
2.16093125000E+06	6.181640E-02	9.684827E+01
2.16280000000E+06	6.005791E-02	9.969476E+01
2.16466875000E+06	5.963372E-02	9.788143E+01
2.16653750000E+06	5.877263E-02	9.683887E+01
2.16840625000E+06	5.910217E-02	9.906470E+01
2.17027500000E+06	5.795249E-02	9.649568E+01
2.17214375000E+06	5.861313E-02	9.772511E+01
2.17401250000E+06	5.923809E-02	9.724502E+01
2.17588125000E+06	5.907715E-02	9.755973E+01
2.17775000000E+06	5.880480E-02	9.622443E+01
2.17961875000E+06	5.931203E-02	9.855573E+01
2.18148750000E+06	5.972446E-02	9.702425E+01
2.18335625000E+06	6.152501E-02	9.802516E+01
2.18522500000E+06	5.927553E-02	9.719843E+01
2.18709375000E+06	6.040655E-02	9.912270E+01
2.18896250000E+06	6.166225E-02	9.837167E+01
2.19083125000E+06	5.696476E-02	1.005200E+02
2.19270000000E+06	6.003908E-02	9.610474E+01
2.19456875000E+06	5.870449E-02	9.698186E+01
2.19643750000E+06	6.144562E-02	9.924908E+01
2.19830625000E+06	6.060832E-02	9.799244E+01
2.20017500000E+06	5.892571E-02	9.650990E+01
2.20204375000E+06	6.161414E-02	9.786585E+01
2.20391250000E+06	5.861925E-02	9.803725E+01
2.20578125000E+06	6.076984E-02	9.895265E+01
2.20765000000E+06	6.006756E-02	9.578888E+01
2.20951875000E+06	5.964245E-02	9.834719E+01
2.21138750000E+06	6.016534E-02	9.688663E+01
2.21325625000E+06	6.149093E-02	9.887392E+01
2.21512500000E+06	6.043518E-02	9.762046E+01
2.21699375000E+06	6.060303E-02	9.575171E+01
2.21886250000E+06	6.168439E-02	9.639609E+01
2.22073125000E+06	6.102319E-02	9.767524E+01
2.22260000000E+06	6.004723E-02	9.890891E+01
2.22446875000E+06	6.049382E-02	9.591157E+01
2.22633750000E+06	6.004794E-02	9.781812E+01
2.22820625000E+06	6.191156E-02	9.846190E+01
2.23007500000E+06	6.186139E-02	9.820865E+01
2.23194375000E+06	5.877426E-02	9.741709E+01
2.23381250000E+06	5.932252E-02	9.742250E+01
2.23568125000E+06	6.110376E-02	9.758202E+01
2.23755000000E+06	5.981308E-02	9.628570E+01
2.23941875000E+06	6.060955E-02	9.788824E+01
2.24128750000E+06	5.995850E-02	9.602003E+01
2.24315625000E+06	6.010347E-02	9.618032E+01
2.24502500000E+06	6.169809E-02	9.639521E+01
2.24689375000E+06	6.181095E-02	9.840485E+01
2.24876250000E+06	5.972433E-02	9.655011E+01
2.25063125000E+06	5.990931E-02	9.761295E+01
2.25250000000E+06	5.970743E-02	9.817213E+01
2.25436875000E+06	6.026672E-02	9.871148E+01
2.25623750000E+06	6.067255E-02	9.824686E+01
2.25810625000E+06	6.118861E-02	9.933036E+01
2.25997500000E+06	6.157050E-02	9.728814E+01
2.26184375000E+06	6.254259E-02	9.845216E+01
2.26371250000E+06	5.984790E-02	9.767616E+01
2.26558125000E+06	6.123595E-02	9.510081E+01
2.26745000000E+06	5.969182E-02	9.820979E+01
2.26931875000E+06	5.974220E-02	9.762785E+01
2.27118750000E+06	6.237404E-02	9.779388E+01
2.27305625000E+06	6.020688E-02	9.834901E+01
2.27492500000E+06	6.026062E-02	9.797253E+01
2.27679375000E+06	6.050559E-02	9.737854E+01
2.27866250000E+06	6.120215E-02	9.793041E+01
2.28053125000E+06	6.142833E-02	9.891228E+01
2.28240000000E+06	6.078648E-02	9.842703E+01
2.28426875000E+06	6.270672E-02	9.749723E+01
2.28613750000E+06	5.937747E-02	9.769142E+01
2.28800625000E+06	6.034309E-02	9.823059E+01
2.28987500000E+06	6.085649E-02	9.867691E+01
2.29174375000E+06	6.173636E-02	9.724007E+01
2.29361250000E+06	6.237753E-02	9.821133E+01
2.29548125000E+06	6.249323E-02	9.716097E+01
2.29735000000E+06	6.172631E-02	9.653784E+01
2.29921875000E+06	6.273672E-02	9.782336E+01
2.30108750000E+06	6.192676E-02	9.745572E+01
2.30295625000E+06	6.252281E-02	9.821297E+01
2.30482500000E+06	6.093125E-02	9.803166E+01
2.30669375000E+06	6.154019E-02	9.676815E+01
2.30856250000E+06	6.053247E-02	9.935606E+01
2.31043125000E+06	6.015706E-02	9.743954E+01
2.31230000000E+06	6.100170E-02	9.980498E+01
2.31416875000E+06	6.191669E-02	9.842091E+01
2.31603750000E+06	6.287760E-02	9.738730E+01
2.31790625000E+06	6.214080E-02	9.720308E+01
2.31977500000E+06	6.070162E-02	9.702765E+01
2.32164375000E+06	6.305069E-02	9.898603E+01
2.32351250000E+06	6.144554E-02	9.751905E+01
2.32538125000E+06	6.254747E-02	9.615472E+01
2.32725000000E+06	5.999127E-02	9.917190E+01
2.32911875000E+06	6.279589E-02	9.859933E+01
2.33098750000E+06	6.049257E-02	9.805917E+01
2.33285625000E+06	6.100326E-02	9.877824E+01
2.33472500000E+06	6.016941E-02	9.742207E+01
2.33659375000E+06	6.264538E-02	9.823286E+01
2.33846250000E+06	6.440492E-02	9.683131E+01
2.34033125000E+06	6.215747E-02	9.606684E+01
2.34220000000E+06	6.227650E-02	9.847942E+01
2.34406875000E+06	6.189582E-02	9.670089E+01
2.34593750000E+06	6.121708E-02	9.882719E+01
2.34780625000E+06	6.246483E-02	9.770591E+01
2.34967500000E+06	6.239801E-02	1.007136E+02
2.35154375000E+06	6.279678E-02	9.762069E+01
2.35341250000E+06	6.324764E-02	9.821135E+01
2.35528125000E+06	6.458315E-02	9.906831E+01
2.35715000000E+06	6.232624E-02	9.864343E+01
2.35901875000E+06	6.204396E-02	9.966392E+01
2.36088750000E+06	6.492143E-02	9.937004E+01
2.36275625000E+06	6.365367E-02	9.951945E+01
2.36462500000E+06	6.169421E-02	9.690494E+01
2.36649375000E+06	6.463854E-02	9.868254E+01
2.36836250000E+06	6.255393E-02	9.958470E+01
2.37023125000E+06	6.169214E-02	9.979762E+01
2.37210000000E+06	6.387054E-02	1.008325E+02
2.37396875000E+06	6.385100E-02	9.906125E+01
2.37583750000E+06	6.300462E-02	9.712938E+01
2.37770625000E+06	6.303316E-02	9.761617E+01
2.37957500000E+06	6.380619E-02	9.896841E+01
2.38144375000E+06	6.268786E-02	9.864162E+01
2.38331250000E+06	6.166402E-02	9.791615E+01
2.38518125000E+06	6.357247E-02	9.926876E+01
2.38705000000E+06	6.293534E-02	9.848888E+01
2.38891875000E+06	6.030216E-02	1.000145E+02
2.39078750000E+06	6.085287E-02	9.889190E+01
2.39265625000E+06	6.368732E-02	9.920251E+01
2.39452500000E+06	6.439313E-02	9.838520E+01
2.39639375000E+06	6.417111E-02	9.867043E+01
2.39826250000E+06	6.123456E-02	9.790945E+01
2.40013125000E+06	6.248280E-02	1.005978E+02
2.40200000000E+06	6.314006E-02	9.955663E+01
2.40386875000E+06	6.222312E-02	9.724471E+01
2.40573750000E+06	6.213463E-02	9.879501E+01
2.40760625000E+06	6.258935E-02	9.783296E+01
2.40947500000E+06	6.285922E-02	9.919153E+01
2.41134375000E+06	6.335545E-02	9.937350E+01
2.41321250000E+06	6.342387E-02	1.002237E+02
2.41508125000E+06	6.200469E-02	9.749181E+01
2.41695000000E+06	6.295337E-02	9.743697E+01
2.41881875000E+06	6.350486E-02	9.801532E+01
2.42068750000E+06	6.249083E-02	9.915113E+01
2.42255625000E+06	6.353032E-02	9.899500E+01
2.42442500000E+06	6.334880E-02	1.000278E+02
2.42629375000E+06	6.299990E-02	9.789725E+01
2.42816250000E+06	6.320867E-02	9.916975E+01
2.43003125000E+06	6.165023E-02	9.974133E+01
2.43190000000E+06	6.205151E-02	9.817155E+01
2.43376875000E+06	6.363764E-02	9.896156E+01
2.43563750000E+06	6.316953E-02	9.939669E+01
2.43750625000E+06	6.228950E-02	1.006052E+02
2.43937500000E+06	6.238722E-02	9.754536E+01
2.44124375000E+06	6.293157E-02	9.878355E+01
2.44311250000E+06	6.363414E-02	9.821167E+01
2.44498125000E+06	6.229380E-02	9.922352E+01
2.44685000000E+06	6.347861E-02	1.003174E+02
2.44871875000E+06	6.232420E-02	9.887358E+01
2.45058750000E+06	6.381127E-02	1.003129E+02
2.45245625000E+06	6.385522E-02	9.770672E+01
2.45432500000E+06	6.453124E-02	9.870422E+01
2.45619375000E+06	6.521867E-02	9.886469E+01
2.45806250000E+06	6.520972E-02	9.947990E+01
2.45993125000E+06	6.362417E-02	9.748724E+01
2.46180000000E+06	6.364245E-02	9.894808E+01
2.46366875000E+06	6.445896E-02	9.989890E+01
2.46553750000E+06	6.581531E-02	9.978169E+01
2.46740625000E+06	6.408486E-02	9.990816E+01
2.46927500000E+06	6.485491E-02	9.925364E+01
2.47114375000E+06	6.289809E-02	9.771111E+01
2.47301250000E+06	6.323332E-02	9.928540E+01
2.47488125000E+06	6.438311E-02	9.972075E+01
2.47675000000E+06	6.282534E-02	1.002691E+02
2.47861875000E+06	6.464338E-02	9.771347E+01
2.48048750000E+06	6.481382E-02	9.950248E+01
2.48235625000E+06	6.295207E-02	1.008005E+02
2.48422500000E+06	6.306928E-02	9.888343E+01
2.48609375000E+06	6.521769E-02	9.877277E+01
2.48796250000E+06	6.480733E-02	9.974891E+01
2.48983125000E+06	6.492684E-02	9.757762E+01
2.49170000000E+06	6.320306E-02	9.950208E+01
2.49356875000E+06	6.431955E-02	1.010897E+02
2.49543750000E+06	6.303388E-02	9.949314E+01
2.49730625000E+06	6.576860E-02	1.003453E+02
2.49917500000E+06	6.267750E-02	9.980958E+01
2.50104375000E+06	6.371358E-02	9.899063E+01
2.50291250000E+06	6.402008E-02	9.876611E+01
2.50478125000E+06	6.317685E-02	1.011156E+02
2.50665000000E+06	6.443087E-02	1.003968E+02
2.50851875000E+06	6.366578E-02	9.804305E+01
2.51038750000E+06	6.362585E-02	9.988490E+01
2.51225625000E+06	6.446245E-02	9.888184E+01
2.51412500000E+06	6.541348E-02	9.836968E+01
2.51599375000E+06	6.386232E-02	9.899157E+01
2.51786250000E+06	6.556792E-02	9.903079E+01
2.51973125000E+06	6.443288E-02	9.926044E+01
2.52160000000E+06	6.442302E-02	9.935082E+01
2.52346875000E+06	6.467237E-02	9.887798E+01
2.52533750000E+06	6.433409E-02	1.000849E+02
2.52720625000E+06	6.595282E-02	9.880807E+01
2.52907500000E+06	6.502034E-02	1.006868E+02
2.53094375000E+06	6.441039E-02	1.009465E+02
2.53281250000E+06	6.475923E-02	9.885078E+01
2.53468125000E+06	6.428388E-02	1.000255E+02
2.53655000000E+06	6.246033E-02	9.981976E+01
2.53841875000E+06	6.364767E-02	1.002398E+02
2.54028750000E+06	6.469405E-02	9.920565E+01
2.54215625000E+06	6.326701E-02	1.003412E+02
2.54402500000E+06	6.440511E-02	9.848860E+01
2.54589375000E+06	6.482872E-02	1.009461E+02
2.54776250000E+06	6.505402E-02	9.904909E+01
2.54963125000E+06	6.414515E-02	9.831979E+01
2.55150000000E+06	6.245409E-02	9.932689E+01
2.55336875000E+06	6.437735E-02	1.016213E+02
2.55523750000E+06	6.568475E-02	9.938414E+01
2.55710625000E+06	6.439669E-02	9.875121E+01
2.55897500000E+06	6.461278E-02	9.904339E+01
2.56084375000E+06	6.419525E-02	1.005213E+02
2.56271250000E+06	6.495403E-02	1.008922E+02
2.56458125000E+06	6.638952E-02	9.961897E+01
2.56645000000E+06	6.626979E-02	1.012716E+02
2.56831875000E+06	6.647704E-02	9.952119E+01
2.57018750000E+06	6.489155E-02	1.009831E+02
2.57205625000E+06	6.554599E-02	9.981685E+01
2.57392500000E+06	6.491475E-02	9.978573E+01
2.57579375000E+06	6.491613E-02	1.001690E+02
2.57766250000E+06	6.412124E-02	1.001009E+02
2.57953125000E+06	6.591669E-02	1.006422E+02
2.58140000000E+06	6.566826E-02	9.976428E+01
2.58326875000E+06	6.601983E-02	1.002589E+02
2.58513750000E+06	6.454044E-02	9.847614E+01
2.58700625000E+06	6.541623E-02	9.963294E+01
2.58887500000E+06	6.517190E-02	9.890688E+01
2.59074375000E+06	6.444996E-02	1.004495E+02
2.59261250000E+06	6.379873E-02	9.878967E+01
2.59448125000E+06	6.548543E-02	1.007944E+02
2.59635000000E+06	6.451052E-02	1.008170E+02
2.59821875000E+06	6.576162E-02	1.003293E+02
2.60008750000E+06	6.555176E-02	9.960236E+01
2.60195625000E+06	6.527852E-02	1.006162E+02
2.60382500000E+06	6.471352E-02	1.012786E+02
2.60569375000E+06	6.650411E-02	9.957789E+01
2.60756250000E+06	6.518479E-02	9.979706E+01
2.60943125000E+06	6.440742E-02	1.000107E+02
2.61130000000E+06	6.716207E-02	9.919289E+01
2.61316875000E+06	6.522544E-02	9.988612E+01
2.61503750000E+06	6.354472E-02	1.001470E+02
2.61690625000E+06	6.611515E-02	1.003865E+02
2.61877500000E+06	6.220021E-02	9.972132E+01
2.62064375000E+06	6.348208E-02	1.003332E+02
2.62251250000E+06	6.669275E-02	9.875786E+01
2.62438125000E+06	6.481705E-02	9.973473E+01
2.62625000000E+06	6.702825E-02	1.002395E+02
2.62811875000E+06	6.550612E-02	9.855824E+01
2.62998750000E+06	6.497768E-02	9.985668E+01
2.63185625000E+06	6.466170E-02	1.011085E+02
2.63372500000E+06	6.514277E-02	1.005944E+02
2.63559375000E+06	6.572376E-02	9.920708E+01
2.63746250000E+06	6.470903E-02	1.000783E+02
2.63933125000E+06	6.600391E-02	1.004195E+02
2.64120000000E+06	6.522734E-02	9.962704E+01
2.64306875000E+06	6.645523E-02	9.963667E+01
2.64493750000E+06	6.558689E-02	1.002408E+02
2.64680625000E+06	6.697951E-02	9.933170E+01
2.64867500000E+06	6.566215E-02	1.004407E+02
2.65054375000E+06	6.594088E-02	1.002636E+02
2.65241250000E+06	6.707834E-02	9.974692E+01
2.65428125000E+06	6.675591E-02	1.001979E+02
2.65615000000E+06	6.511892E-02	1.004758E+02
2.65801875000E+06	6.519131E-02	1.011066E+02
2.65988750000E+06	6.515431E-02	1.012351E+02
2.66175625000E+06	6.700893E-02	9.956480E+01
2.66362500000E+06	6.431921E-02	9.984290E+01
2.66549375000E+06	6.581920E-02	1.001514E+02
2.66736250000E+06	6.358813E-02	1.012303E+02
2.66923125000E+06	6.624439E-02	1.007281E+02
2.67110000000E+06	6.571199E-02	1.017065E+02
2.67296875000E+06	6.494148E-02	9.953221E+01
2.67483750000E+06	6.570563E-02	1.019747E+02
2.67670625000E+06	6.493480E-02	1.010714E+02
2.67857500000E+06	6.479192E-02	1.003646E+02
2.68044375000E+06	6.817376E-02	1.005825E+02
2.68231250000E+06	6.551804E-02	1.006087E+02
2.68418125000E+06	6.606300E-02	1.003694E+02
2.68605000000E+06	6.593431E-02	1.001585E+02
2.68791875000E+06	6.619698E-02	1.011860E+02
2.68978750000E+06	6.531341E-02	1.001982E+02
2.69165625000E+06	6.694478E-02	1.017563E+02
2.69352500000E+06	6.411660E-02	1.007876E+02
2.69539375000E+06	6.572359E-02	1.017561E+02
2.69726250000E+06	6.701647E-02	1.008930E+02
2.69913125000E+06	6.465744E-02	1.014076E+02
2.70100000000E+06	6.429293E-02	1.004105E+02
2.70286875000E+06	6.688651E-02	1.001447E+02
2.70473750000E+06	6.679007E-02	1.002008E+02
2.70660625000E+06	6.715285E-02	1.005533E+02
2.70847500000E+06	6.624790E-02	1.007515E+02
2.71034375000E+06	6.631213E-02	1.000367E+02
2.71221250000E+06	6.648239E-02	1.017029E+02
2.71408125000E+06	6.913996E-02	9.887020E+01
2.71595000000E+06	6.721475E-02	1.005206E+02
2.71781875000E+06	6.555801E-02	1.011982E+02
2.71968750000E+06	6.623790E-02	1.012218E+02
2.72155625000E+06	6.585362E-02	9.971765E+01
2.72342500000E+06	6.508849E-02	1.000056E+02
2.72529375000E+06	6.638781E-02	1.002562E+02
2.72716250000E+06	6.607711E-02	1.007153E+02
2.72903125000E+06	6.671500E-02	1.007590E+02
2.73090000000E+06	6.633475E-02	1.009399E+02
2.73276875000E+06	6.613895E-02	1.011033E+02
2.73463750000E+06	6.569395E-02	1.010063E+02
2.73650625000E+06	6.576061E-02	1.023179E+02
2.73837500000E+06	6.656555E-02	1.008624E+02
2.74024375000E+06	6.519208E-02	1.010378E+02
2.74211250000E+06	6.516319E-02	1.020070E+02
2.74398125000E+06	6.733515E-02	1.008207E+02
2.74585000000E+06	6.610454E-02	1.007878E+02
2.74771875000E+06	6.630707E-02	1.011033E+02
2.74958750000E+06	6.705733E-02	1.000255E+02
2.75145625000E+06	6.660547E-02	1.011514E+02
2.75332500000E+06	6.545606E-02	1.004034E+02
2.75519375000E+06	6.431106E-02	1.006055E+02
2.75706250000E+06	6.930959E-02	1.023070E+02
2.75893125000E+06	6.876773E-02	1.015914E+02
2.76080000000E+06	6.518261E-02	1.006840E+02
2.76266875000E+06	6.734906E-02	1.001898E+02
2.76453750000E+06	6.774685E-02	1.021872E+02
2.76640625000E+06	6.540993E-02	9.997199E+01
2.76827500000E+06	6.648996E-02	1.013796E+02
2.77014375000E+06	6.707353E-02	1.023732E+02
2.77201250000E+06	6.563864E-02	1.016447E+02
2.77388125000E+06	6.647156E-02	1.023220E+02
2.77575000000E+06	6.555307E-02	1.013523E+02
2.77761875000E+06	6.586071E-02	1.015505E+02
2.77948750000E+06	6.765267E-02	1.029092E+02
2.78135625000E+06	6.604804E-02	1.015945E+02
2.78322500000E+06	6.758989E-02	1.022750E+02
2.78509375000E+06	6.600442E-02	1.013609E+02
2.78696250000E+06	6.750254E-02	1.011382E+02
2.78883125000E+06	6.769279E-02	1.004795E+02
2.79070000000E+06	6.749309E-02	1.005639E+02
2.79256875000E+06	6.650678E-02	1.001530E+02
2.79443750000E+06	6.657559E-02	1.017074E+02
2.79630625000E+06	6.613103E-02	1.012672E+02
2.79817500000E+06	6.641665E-02	1.027541E+02
2.80004375000E+06	6.617789E-02	1.009390E+02
2.80191250000E+06	6.732107E-02	1.003079E+02
2.80378125000E+06	6.817833E-02	9.982682E+01
2.80565000000E+06	6.647772E-02	1.008979E+02
2.80751875000E+06	6.714662E-02	1.018152E+02
2.80938750000E+06	6.658601E-02	9.965667E+01
2.81125625000E+06	6.603367E-02	1.010102E+02
2.81312500000E+06	6.569386E-02	9.983491E+01
2.81499375000E+06	6.647312E-02	1.002762E+02
2.81686250000E+06	6.821799E-02	1.017027E+02
2.81873125000E+06	6.760008E-02	1.024548E+02
2.82060000000E+06	6.568601E-02	1.010986E+02
2.82246875000E+06	6.797420E-02	1.007639E+02
2.82433750000E+06	6.692845E-02	1.025697E+02
2.82620625000E+06	6.725202E-02	1.021510E+02
2.82807500000E+06	6.676002E-02	1.021159E+02
2.82994375000E+06	6.885535E-02	1.003586E+02
2.83181250000E+06	6.652753E-02	1.013270E+02
2.83368125000E+06	6.613841E-02	1.010832E+02
2.83555000000E+06	6.596340E-02	1.005487E+02
2.83741875000E+06	6.491821E-02	1.014237E+02
2.83928750000E+06	6.747495E-02	1.004218E+02
2.84115625000E+06	6.617779E-02	1.014781E+02
2.84302500000E+06	6.640289E-02	9.949232E+01
2.84489375000E+06	6.838738E-02	1.026602E+02
2.84676250000E+06	6.749053E-02	1.009458E+02
2.84863125000E+06	6.799583E-02	1.018771E+02
2.85050000000E+06	6.719836E-02	1.023703E+02
2.85236875000E+06	6.589013E-02	1.008684E+02
2.85423750000E+06	6.686007E-02	1.020111E+02
2.85610625000E+06	6.646903E-02	1.009367E+02
2.85797500000E+06	6.852172E-02	1.011934E+02
2.85984375000E+06	6.780823E-02	1.012082E+02
2.86171250000E+06	6.751309E-02	1.009738E+02
2.86358125000E+06	6.790489E-02	1.021462E+02
2.86545000000E+06	6.741393E-02	1.009859E+02
2.86731875000E+06	6.837962E-02	1.017977E+02
2.86918750000E+06	6.630379E-02	1.016544E+02
2.87105625000E+06	6.754066E-02	1.009308E+02
2.87292500000E+06	6.706011E-02	1.021213E+02
2.87479375000E+06	6.808735E-02	1.023252E+02
2.87666250000E+06	6.626111E-02	1.017760E+02
2.87853125000E+06	6.582287E-02	1.027648E+02
2.88040000000E+06	6.943823E-02	1.023093E+02
2.88226875000E+06	6.537935E-02	1.023846E+02
2.88413750000E+06	6.592292E-02	1.012015E+02
2.88600625000E+06	6.761041E-02	1.027033E+02
2.88787500000E+06	6.719291E-02	1.007729E+02
2.88974375000E+06	6.609668E-02	1.027460E+02
2.89161250000E+06	6.753870E-02	1.014134E+02
2.89348125000E+06	6.638950E-02	1.019608E+02
2.89535000000E+06	6.613895E-02	1.016473E+02
2.89721875000E+06	6.737413E-02	1.017085E+02
2.89908750000E+06	6.740308E-02	1.022153E+02
2.90095625000E+06	6.927877E-02	1.026769E+02
2.90282500000E+06	6.693991E-02	1.012828E+02
2.90469375000E+06	6.792875E-02	1.012993E+02
2.90656250000E+06	6.760980E-02	1.041341E+02
2.90843125000E+06	6.861714E-02	1.029728E+02
2.91030000000E+06	6.738319E-02	1.025333E+02
2.91216875000E+06	6.751810E-02	1.021535E+02
2.91403750000E+06	6.827159E-02	1.026189E+02
2.91590625000E+06	6.769534E-02	1.017289E+02
2.91777500000E+06	6.660611E-02	1.018231E+02
2.91964375000E+06	6.783924E-02	1.012857E+02
2.92151250000E+06	6.819111E-02	9.910837E+01
2.92338125000E+06	6.631617E-02	1.026973E+02
2.92525000000E+06	6.870423E-02	1.028418E+02
2.92711875000E+06	6.843895E-02	1.012906E+02
2.92898750000E+06	6.777084E-02	1.020792E+02
2.93085625000E+06	6.732504E-02	1.020946E+02
2.93272500000E+06	6.837250E-02	1.021889E+02
2.93459375000E+06	6.830181E-02	1.022367E+02
2.93646250000E+06	6.735930E-02	1.028962E+02
2.93833125000E+06	6.758764E-02	1.016284E+02
2.94020000000E+06	6.765042E-02	1.038673E+02
2.94206875000E+06	6.783677E-02	1.021496E+02
2.94393750000E+06	6.777917E-02	1.012163E+02
2.94580625000E+06	6.721649E-02	1.039237E+02
2.94767500000E+06	6.711059E-02	1.024948E+02
2.94954375000E+06	6.826422E-02	1.010080E+02
2.95141250000E+06	6.749203E-02	1.014203E+02
2.95328125000E+06	6.651781E-02	1.024321E+02
2.95515000000E+06	6.769069E-02	1.022637E+02
2.95701875000E+06	6.791169E-02	1.019073E+02
2.95888750000E+06	6.983358E-02	1.018207E+02
2.96075625000E+06	6.938787E-02	1.024005E+02
2.96262500000E+06	6.726535E-02	1.023366E+02
2.96449375000E+06	6.966487E-02	1.040126E+02
2.96636250000E+06	6.800382E-02	1.025128E+02
2.96823125000E+06	6.666590E-02	1.020950E+02
2.97010000000E+06	6.842771E-02	1.019151E+02
2.97196875000E+06	6.839111E-02	1.035702E+02
2.97383750000E+06	6.669343E-02	1.026551E+02
2.97570625000E+06	6.741333E-02	1.024478E+02
2.97757500000E+06	6.788404E-02	1.029783E+02
2.97944375000E+06	6.982181E-02	1.034593E+02
2.98131250000E+06	6.743062E-02	1.028124E+02
2.98318125000E+06	6.778289E-02	1.027655E+02
2.98505000000E+06	6.787634E-02	1.040712E+02
2.98691875000E+06	6.754277E-02	1.025191E+02
2.98878750000E+06	6.794417E-02	1.016992E+02
2.99065625000E+06	6.926142E-02	1.030012E+02
2.99252500000E+06	6.645007E-02	1.034846E+02
2.99439375000E+06	6.748354E-02	1.023153E+02
2.99626250000E+06	6.696251E-02	1.030026E+02
2.99813125000E+06	6.877408E-02	1.021071E+02
3.00000000000E+06	6.717467E-02	1.019562E+02
