"E5100A REV3.14"
"DATE: Jun 24 2004"



"CHANNEL: 2"
"MEASURE TYPE: AR"
"FORMAT TYPE: LINMP"
"NUMBER of POINTS: 1601"
"SWEEP TIME:  3.458 s"
"SWEEP TYPE: LINF"
"SOURCE POWER: 0 dBm"
"IF BANDWIDTH: 500 Hz"

"Frequency"	"Main Array"	"Sub Array"
1.00000000000E+04	1.744573E-01	-8.458934E+01
1.18687500000E+04	9.362978E-02	-1.101552E+02
1.37375000000E+04	1.039984E-01	-8.297129E+01
1.56062500000E+04	3.527451E-02	-1.578570E+02
1.74750000000E+04	5.140531E-02	-8.852641E+01
1.93437500000E+04	1.194778E-02	8.092604E+01
2.12125000000E+04	3.299014E-02	-1.368015E+02
2.30812500000E+04	6.659850E-02	1.145314E+02
2.49500000000E+04	3.617368E-02	-2.648136E+01
2.68187500000E+04	3.384972E-02	1.024702E+02
2.86875000000E+04	5.655233E-02	-7.300327E+01
3.05562500000E+04	5.288380E-02	1.186186E+02
3.24250000000E+04	1.648988E-02	-1.401605E+02
3.42937500000E+04	4.586148E-02	-7.892602E+01
3.61625000000E+04	2.585443E-02	-1.260845E+02
3.80312500000E+04	1.200460E-02	7.530599E+01
3.99000000000E+04	4.203326E-02	-1.231542E+02
4.17687500000E+04	1.379242E-02	-2.655696E+01
4.36375000000E+04	2.505350E-02	-1.703115E+02
4.55062500000E+04	6.258991E-03	-5.115182E+01
4.73750000000E+04	2.046023E-02	1.685592E+02
4.92437500000E+04	9.488070E-03	-1.340845E+02
5.11125000000E+04	1.633730E-02	3.385309E+01
5.29812500000E+04	1.137900E-02	-1.421047E+02
5.48500000000E+04	6.145848E-03	-1.452946E+02
5.67187500000E+04	4.035923E-03	1.696302E+02
5.85875000000E+04	7.183714E-03	-1.276942E+02
6.04562500000E+04	5.040386E-03	-5.296732E+01
6.23250000000E+04	4.092353E-02	-7.856977E+01
6.41937500000E+04	1.847494E-02	-5.663255E+01
6.60625000000E+04	3.361011E-02	-9.127580E+01
6.79312500000E+04	1.376069E-02	-9.783927E+01
6.98000000000E+04	1.715429E-02	-1.413355E+02
7.16687500000E+04	3.153602E-02	-9.885610E+01
7.35375000000E+04	1.660506E-02	1.634882E+02
7.54062500000E+04	2.126245E-02	-9.025962E+01
7.72750000000E+04	1.784323E-02	-4.822353E+01
7.91437500000E+04	1.937445E-02	-9.785464E+01
8.10125000000E+04	1.153668E-02	-8.346225E+01
8.28812500000E+04	2.130624E-02	-5.573895E+01
8.47500000000E+04	1.758541E-02	-7.271492E+01
8.66187500000E+04	1.261497E-02	-1.334069E+02
8.84875000000E+04	1.884687E-02	-5.044284E+01
9.03562500000E+04	1.082374E-02	-8.399254E+01
9.22250000000E+04	2.186200E-02	-1.005435E+02
9.40937500000E+04	1.937930E-02	-7.265497E+01
9.59625000000E+04	2.061669E-02	-8.617152E+01
9.78312500000E+04	1.700300E-02	-1.116415E+02
9.97000000000E+04	2.496801E-02	-7.322853E+01
1.01568750000E+05	2.895535E-02	-8.458038E+01
1.03437500000E+05	2.169413E-02	-9.395604E+01
1.05306250000E+05	3.249207E-02	-8.268655E+01
1.07175000000E+05	2.233748E-02	-7.949780E+01
1.09043750000E+05	1.746975E-02	-1.173839E+02
1.10912500000E+05	2.003830E-02	-9.477334E+01
1.12781250000E+05	1.793418E-02	-8.815683E+01
1.14650000000E+05	1.367655E-02	-8.635242E+01
1.16518750000E+05	2.267577E-02	-1.109187E+02
1.18387500000E+05	2.616842E-02	-9.984474E+01
1.20256250000E+05	1.097477E-02	-1.100153E+02
1.22125000000E+05	3.384590E-02	-8.147203E+01
1.23993750000E+05	2.827968E-02	-1.002840E+02
1.25862500000E+05	3.039505E-02	-8.536709E+01
1.27731250000E+05	2.407489E-02	-1.097096E+02
1.29600000000E+05	1.848037E-02	-6.989504E+01
1.31468750000E+05	3.042595E-02	-9.403531E+01
1.33337500000E+05	2.846396E-02	-8.094054E+01
1.35206250000E+05	3.082043E-02	-7.711744E+01
1.37075000000E+05	2.972967E-02	-9.520953E+01
1.38943750000E+05	2.559359E-02	-7.031906E+01
1.40812500000E+05	2.441241E-02	-9.287575E+01
1.42681250000E+05	2.897107E-02	-8.465752E+01
1.44550000000E+05	3.180479E-02	-8.463741E+01
1.46418750000E+05	3.056559E-02	-7.848591E+01
1.48287500000E+05	2.811490E-02	-1.082604E+02
1.50156250000E+05	2.771672E-02	-7.352080E+01
1.52025000000E+05	3.047302E-02	-7.119910E+01
1.53893750000E+05	2.385047E-02	-7.923753E+01
1.55762500000E+05	3.210690E-02	-1.014239E+02
1.57631250000E+05	2.601267E-02	-9.644109E+01
1.59500000000E+05	2.808033E-02	-8.009337E+01
1.61368750000E+05	3.038877E-02	-8.283685E+01
1.63237500000E+05	2.101561E-02	-9.028905E+01
1.65106250000E+05	2.441087E-02	-9.401450E+01
1.66975000000E+05	3.217673E-02	-8.225906E+01
1.68843750000E+05	2.929739E-02	-7.524254E+01
1.70712500000E+05	3.128822E-02	-8.279480E+01
1.72581250000E+05	3.303849E-02	-8.813650E+01
1.74450000000E+05	2.365504E-02	-8.936031E+01
1.76318750000E+05	3.850866E-02	-9.099995E+01
1.78187500000E+05	3.232536E-02	-9.911160E+01
1.80056250000E+05	3.613830E-02	-9.349368E+01
1.81925000000E+05	3.400291E-02	-9.489425E+01
1.83793750000E+05	3.488360E-02	-8.823223E+01
1.85662500000E+05	3.757038E-02	-8.883186E+01
1.87531250000E+05	3.496011E-02	-8.828335E+01
1.89400000000E+05	3.619955E-02	-9.166154E+01
1.91268750000E+05	3.756142E-02	-9.960081E+01
1.93137500000E+05	3.514233E-02	-8.533546E+01
1.95006250000E+05	4.320116E-02	-8.424696E+01
1.96875000000E+05	4.791582E-02	-8.483497E+01
1.98743750000E+05	3.022461E-02	-8.038828E+01
2.00612500000E+05	3.657390E-02	-7.989980E+01
2.02481250000E+05	3.726446E-02	-8.744970E+01
2.04350000000E+05	4.400006E-02	-8.104955E+01
2.06218750000E+05	4.171867E-02	-7.701797E+01
2.08087500000E+05	3.516934E-02	-9.480927E+01
2.09956250000E+05	5.185981E-02	-9.033662E+01
2.11825000000E+05	3.861741E-02	-8.892955E+01
2.13693750000E+05	4.408338E-02	-9.913025E+01
2.15562500000E+05	4.108440E-02	-7.692799E+01
2.17431250000E+05	4.002042E-02	-8.215781E+01
2.19300000000E+05	4.291172E-02	-8.510955E+01
2.21168750000E+05	4.287431E-02	-8.537331E+01
2.23037500000E+05	3.897942E-02	-8.790121E+01
2.24906250000E+05	4.796806E-02	-9.607403E+01
2.26775000000E+05	4.705290E-02	-8.815547E+01
2.28643750000E+05	4.692757E-02	-9.514153E+01
2.30512500000E+05	4.026037E-02	-9.107655E+01
2.32381250000E+05	4.462998E-02	-9.584945E+01
2.34250000000E+05	4.735501E-02	-8.917570E+01
2.36118750000E+05	4.604945E-02	-8.773972E+01
2.37987500000E+05	4.530273E-02	-8.677046E+01
2.39856250000E+05	4.806797E-02	-8.984968E+01
2.41725000000E+05	3.798312E-02	-8.756850E+01
2.43593750000E+05	4.601685E-02	-8.291115E+01
2.45462500000E+05	4.419139E-02	-9.234260E+01
2.47331250000E+05	5.049130E-02	-9.293528E+01
2.49200000000E+05	4.984896E-02	-8.661756E+01
2.51068750000E+05	5.177992E-02	-8.930917E+01
2.52937500000E+05	4.824010E-02	-8.896613E+01
2.54806250000E+05	4.649892E-02	-8.638849E+01
2.56675000000E+05	5.269798E-02	-8.860757E+01
2.58543750000E+05	5.094993E-02	-8.675307E+01
2.60412500000E+05	4.788581E-02	-8.853643E+01
2.62281250000E+05	5.127835E-02	-8.733478E+01
2.64150000000E+05	5.480528E-02	-8.556349E+01
2.66018750000E+05	5.068814E-02	-8.569571E+01
2.67887500000E+05	5.167588E-02	-9.037589E+01
2.69756250000E+05	5.149677E-02	-8.992665E+01
2.71625000000E+05	5.418571E-02	-8.657328E+01
2.73493750000E+05	4.895690E-02	-9.033911E+01
2.75362500000E+05	5.385808E-02	-8.478219E+01
2.77231250000E+05	5.517936E-02	-8.923923E+01
2.79100000000E+05	5.405767E-02	-9.321081E+01
2.80968750000E+05	5.411651E-02	-8.784104E+01
2.82837500000E+05	5.671101E-02	-9.609569E+01
2.84706250000E+05	5.299695E-02	-8.696004E+01
2.86575000000E+05	5.158829E-02	-8.485384E+01
2.88443750000E+05	5.375187E-02	-8.575000E+01
2.90312500000E+05	5.445952E-02	-8.270297E+01
2.92181250000E+05	5.705777E-02	-9.038438E+01
2.94050000000E+05	5.560267E-02	-8.435596E+01
2.95918750000E+05	5.391998E-02	-9.184412E+01
2.97787500000E+05	6.040932E-02	-8.531572E+01
2.99656250000E+05	5.509166E-02	-8.791669E+01
3.01525000000E+05	5.856833E-02	-9.035465E+01
3.03393750000E+05	5.585016E-02	-8.729756E+01
3.05262500000E+05	5.910475E-02	-9.231344E+01
3.07131250000E+05	6.209202E-02	-8.993085E+01
3.09000000000E+05	5.768134E-02	-8.815072E+01
3.10868750000E+05	6.189747E-02	-8.746781E+01
3.12737500000E+05	6.107945E-02	-9.293971E+01
3.14606250000E+05	6.335723E-02	-8.926337E+01
3.16475000000E+05	6.037231E-02	-8.792105E+01
3.18343750000E+05	5.909981E-02	-9.297653E+01
3.20212500000E+05	5.618270E-02	-9.242621E+01
3.22081250000E+05	6.261040E-02	-9.153603E+01
3.23950000000E+05	6.680270E-02	-8.972646E+01
3.25818750000E+05	6.278585E-02	-8.491732E+01
3.27687500000E+05	5.858337E-02	-8.787558E+01
3.29556250000E+05	6.610119E-02	-8.651031E+01
3.31425000000E+05	6.397313E-02	-9.312135E+01
3.33293750000E+05	6.655867E-02	-9.118167E+01
3.35162500000E+05	6.460164E-02	-8.567490E+01
3.37031250000E+05	6.646597E-02	-9.193790E+01
3.38900000000E+05	6.029455E-02	-8.721584E+01
3.40768750000E+05	6.774040E-02	-8.507834E+01
3.42637500000E+05	7.023348E-02	-9.217592E+01
3.44506250000E+05	6.582917E-02	-9.073891E+01
3.46375000000E+05	6.728107E-02	-9.274094E+01
3.48243750000E+05	6.451111E-02	-8.909112E+01
3.50112500000E+05	7.024445E-02	-8.938095E+01
3.51981250000E+05	6.675857E-02	-9.142462E+01
3.53850000000E+05	6.551958E-02	-8.713681E+01
3.55718750000E+05	7.104166E-02	-8.840970E+01
3.57587500000E+05	6.222137E-02	-8.879674E+01
3.59456250000E+05	6.802118E-02	-8.916113E+01
3.61325000000E+05	6.703039E-02	-9.026830E+01
3.63193750000E+05	6.770898E-02	-8.666336E+01
3.65062500000E+05	7.317706E-02	-8.896893E+01
3.66931250000E+05	7.570857E-02	-9.271066E+01
3.68800000000E+05	7.463130E-02	-8.710406E+01
3.70668750000E+05	7.115722E-02	-8.761441E+01
3.72537500000E+05	6.912043E-02	-8.999160E+01
3.74406250000E+05	7.205044E-02	-8.828470E+01
3.76275000000E+05	7.740713E-02	-9.030003E+01
3.78143750000E+05	6.819422E-02	-8.792713E+01
3.80012500000E+05	7.439320E-02	-9.290623E+01
3.81881250000E+05	7.531688E-02	-8.948407E+01
3.83750000000E+05	7.016237E-02	-9.106290E+01
3.85618750000E+05	6.974759E-02	-8.914702E+01
3.87487500000E+05	7.599130E-02	-8.966637E+01
3.89356250000E+05	8.192824E-02	-8.914831E+01
3.91225000000E+05	7.480460E-02	-8.627978E+01
3.93093750000E+05	7.807035E-02	-9.001877E+01
3.94962500000E+05	7.790343E-02	-9.098801E+01
3.96831250000E+05	7.631045E-02	-8.812142E+01
3.98700000000E+05	7.565248E-02	-9.066799E+01
4.00568750000E+05	7.753739E-02	-8.974343E+01
4.02437500000E+05	7.316726E-02	-8.759571E+01
4.04306250000E+05	7.985088E-02	-8.745059E+01
4.06175000000E+05	7.985914E-02	-8.827263E+01
4.08043750000E+05	8.060952E-02	-8.910945E+01
4.09912500000E+05	8.214688E-02	-9.042297E+01
4.11781250000E+05	7.589918E-02	-9.052341E+01
4.13650000000E+05	8.065988E-02	-8.977606E+01
4.15518750000E+05	7.637922E-02	-8.680614E+01
4.17387500000E+05	8.076067E-02	-8.693137E+01
4.19256250000E+05	7.806071E-02	-9.088371E+01
4.21125000000E+05	8.103925E-02	-8.944577E+01
4.22993750000E+05	8.488827E-02	-9.019476E+01
4.24862500000E+05	7.656067E-02	-8.967236E+01
4.26731250000E+05	8.628003E-02	-8.865945E+01
4.28600000000E+05	8.462213E-02	-9.082430E+01
4.30468750000E+05	8.261566E-02	-9.081632E+01
4.32337500000E+05	8.494322E-02	-9.022157E+01
4.34206250000E+05	8.265232E-02	-9.063415E+01
4.36075000000E+05	8.264803E-02	-8.985406E+01
4.37943750000E+05	8.151344E-02	-9.063907E+01
4.39812500000E+05	8.289994E-02	-8.938707E+01
4.41681250000E+05	8.924408E-02	-8.976674E+01
4.43550000000E+05	8.503643E-02	-8.748033E+01
4.45418750000E+05	8.927096E-02	-8.795376E+01
4.47287500000E+05	8.662256E-02	-9.006271E+01
4.49156250000E+05	8.495861E-02	-9.176997E+01
4.51025000000E+05	8.808886E-02	-8.842184E+01
4.52893750000E+05	8.465236E-02	-8.864011E+01
4.54762500000E+05	8.729665E-02	-8.930986E+01
4.56631250000E+05	8.684746E-02	-8.746237E+01
4.58500000000E+05	8.580153E-02	-8.718259E+01
4.60368750000E+05	8.540438E-02	-8.661300E+01
4.62237500000E+05	8.897801E-02	-8.978297E+01
4.64106250000E+05	8.769250E-02	-8.859622E+01
4.65975000000E+05	9.257633E-02	-8.897675E+01
4.67843750000E+05	9.257530E-02	-8.953516E+01
4.69712500000E+05	9.314424E-02	-9.010348E+01
4.71581250000E+05	9.287210E-02	-8.731948E+01
4.73450000000E+05	9.178769E-02	-9.139893E+01
4.75318750000E+05	9.537433E-02	-8.766666E+01
4.77187500000E+05	9.142695E-02	-9.084861E+01
4.79056250000E+05	9.204770E-02	-9.106744E+01
4.80925000000E+05	9.129480E-02	-9.114133E+01
4.82793750000E+05	9.058347E-02	-9.084431E+01
4.84662500000E+05	9.321903E-02	-8.976128E+01
4.86531250000E+05	9.367325E-02	-9.308311E+01
4.88400000000E+05	9.161715E-02	-8.930793E+01
4.90268750000E+05	9.397423E-02	-9.082048E+01
4.92137500000E+05	9.437013E-02	-8.850212E+01
4.94006250000E+05	9.626530E-02	-9.014745E+01
4.95875000000E+05	9.787773E-02	-8.862614E+01
4.97743750000E+05	9.171807E-02	-8.924015E+01
4.99612500000E+05	9.637073E-02	-8.731002E+01
5.01481250000E+05	9.972372E-02	-8.621303E+01
5.03350000000E+05	9.601708E-02	-9.054487E+01
5.05218750000E+05	9.511261E-02	-8.694875E+01
5.07087500000E+05	9.613103E-02	-8.540298E+01
5.08956250000E+05	1.018739E-01	-8.995898E+01
5.10825000000E+05	9.678867E-02	-8.834505E+01
5.12693750000E+05	9.564164E-02	-8.903734E+01
5.14562500000E+05	9.843220E-02	-8.910098E+01
5.16431250000E+05	9.992197E-02	-8.827425E+01
5.18300000000E+05	9.766641E-02	-8.995671E+01
5.20168750000E+05	9.991332E-02	-8.827256E+01
5.22037500000E+05	9.865563E-02	-8.906166E+01
5.23906250000E+05	1.007214E-01	-8.869320E+01
5.25775000000E+05	1.003414E-01	-8.834483E+01
5.27643750000E+05	1.012934E-01	-8.838024E+01
5.29512500000E+05	1.045518E-01	-8.865639E+01
5.31381250000E+05	9.718156E-02	-9.078423E+01
5.33250000000E+05	1.025060E-01	-8.920935E+01
5.35118750000E+05	1.042800E-01	-8.703934E+01
5.36987500000E+05	1.031701E-01	-8.962524E+01
5.38856250000E+05	1.035504E-01	-8.808872E+01
5.40725000000E+05	1.014759E-01	-9.046794E+01
5.42593750000E+05	1.002817E-01	-8.938021E+01
5.44462500000E+05	1.052080E-01	-8.894295E+01
5.46331250000E+05	1.024146E-01	-9.047917E+01
5.48200000000E+05	1.076416E-01	-8.881382E+01
5.50068750000E+05	1.074018E-01	-8.868069E+01
5.51937500000E+05	1.067320E-01	-8.943150E+01
5.53806250000E+05	1.067423E-01	-9.030359E+01
5.55675000000E+05	1.061051E-01	-8.890958E+01
5.57543750000E+05	1.101979E-01	-9.080485E+01
5.59412500000E+05	1.102700E-01	-8.865376E+01
5.61281250000E+05	1.065057E-01	-8.959601E+01
5.63150000000E+05	1.071279E-01	-8.824295E+01
5.65018750000E+05	1.098341E-01	-8.843083E+01
5.66887500000E+05	1.116973E-01	-9.044110E+01
5.68756250000E+05	1.083216E-01	-8.996603E+01
5.70625000000E+05	1.086502E-01	-9.013605E+01
5.72493750000E+05	1.069388E-01	-9.036930E+01
5.74362500000E+05	1.100272E-01	-8.947913E+01
5.76231250000E+05	1.116377E-01	-8.887626E+01
5.78100000000E+05	1.098338E-01	-8.908496E+01
5.79968750000E+05	1.100549E-01	-8.949657E+01
5.81837500000E+05	1.106014E-01	-8.684792E+01
5.83706250000E+05	1.120627E-01	-9.082591E+01
5.85575000000E+05	1.124668E-01	-8.970468E+01
5.87443750000E+05	1.154244E-01	-9.115498E+01
5.89312500000E+05	1.153421E-01	-8.800984E+01
5.91181250000E+05	1.128899E-01	-9.027653E+01
5.93050000000E+05	1.136908E-01	-8.777305E+01
5.94918750000E+05	1.130241E-01	-8.689899E+01
5.96787500000E+05	1.150758E-01	-8.713850E+01
5.98656250000E+05	1.169151E-01	-9.013398E+01
6.00525000000E+05	1.184042E-01	-8.798762E+01
6.02393750000E+05	1.163744E-01	-8.730692E+01
6.04262500000E+05	1.176456E-01	-8.985088E+01
6.06131250000E+05	1.145350E-01	-8.787854E+01
6.08000000000E+05	1.167241E-01	-8.900111E+01
6.09868750000E+05	1.151690E-01	-8.841774E+01
6.11737500000E+05	1.140796E-01	-8.945243E+01
6.13606250000E+05	1.185626E-01	-8.804028E+01
6.15475000000E+05	1.203336E-01	-8.764211E+01
6.17343750000E+05	1.188072E-01	-8.813062E+01
6.19212500000E+05	1.188555E-01	-8.975832E+01
6.21081250000E+05	1.196776E-01	-8.940133E+01
6.22950000000E+05	1.204861E-01	-8.964700E+01
6.24818750000E+05	1.169356E-01	-9.027503E+01
6.26687500000E+05	1.222175E-01	-8.925381E+01
6.28556250000E+05	1.233915E-01	-8.964425E+01
6.30425000000E+05	1.212302E-01	-8.881689E+01
6.32293750000E+05	1.242849E-01	-8.993237E+01
6.34162500000E+05	1.244176E-01	-9.027199E+01
6.36031250000E+05	1.262416E-01	-8.936324E+01
6.37900000000E+05	1.254865E-01	-8.795321E+01
6.39768750000E+05	1.266728E-01	-9.012386E+01
6.41637500000E+05	1.190791E-01	-9.006930E+01
6.43506250000E+05	1.220246E-01	-9.021047E+01
6.45375000000E+05	1.231644E-01	-8.915157E+01
6.47243750000E+05	1.247942E-01	-8.786086E+01
6.49112500000E+05	1.260113E-01	-8.957776E+01
6.50981250000E+05	1.244628E-01	-8.791846E+01
6.52850000000E+05	1.248476E-01	-8.923418E+01
6.54718750000E+05	1.250259E-01	-9.171043E+01
6.56587500000E+05	1.268509E-01	-8.920580E+01
6.58456250000E+05	1.278294E-01	-8.816869E+01
6.60325000000E+05	1.258635E-01	-8.978442E+01
6.62193750000E+05	1.268267E-01	-8.880578E+01
6.64062500000E+05	1.268899E-01	-8.880737E+01
6.65931250000E+05	1.287998E-01	-8.925973E+01
6.67800000000E+05	1.321043E-01	-8.927683E+01
6.69668750000E+05	1.295539E-01	-8.942957E+01
6.71537500000E+05	1.293545E-01	-8.872404E+01
6.73406250000E+05	1.291659E-01	-8.993353E+01
6.75275000000E+05	1.288198E-01	-8.902430E+01
6.77143750000E+05	1.286850E-01	-8.829024E+01
6.79012500000E+05	1.317086E-01	-8.947064E+01
6.80881250000E+05	1.346023E-01	-8.819136E+01
6.82750000000E+05	1.274346E-01	-8.838546E+01
6.84618750000E+05	1.303206E-01	-8.956763E+01
6.86487500000E+05	1.306632E-01	-8.940501E+01
6.88356250000E+05	1.311699E-01	-8.866227E+01
6.90225000000E+05	1.327945E-01	-8.772124E+01
6.92093750000E+05	1.365438E-01	-8.942645E+01
6.93962500000E+05	1.331953E-01	-8.975862E+01
6.95831250000E+05	1.316804E-01	-8.992409E+01
6.97700000000E+05	1.330852E-01	-8.801586E+01
6.99568750000E+05	1.356295E-01	-8.821489E+01
7.01437500000E+05	1.363079E-01	-8.923142E+01
7.03306250000E+05	1.347117E-01	-8.887382E+01
7.05175000000E+05	1.362803E-01	-8.990305E+01
7.07043750000E+05	1.364412E-01	-8.785596E+01
7.08912500000E+05	1.397284E-01	-8.850549E+01
7.10781250000E+05	1.391599E-01	-8.933025E+01
7.12650000000E+05	1.350011E-01	-8.870908E+01
7.14518750000E+05	1.359371E-01	-8.851064E+01
7.16387500000E+05	1.382784E-01	-8.923331E+01
7.18256250000E+05	1.370235E-01	-8.889869E+01
7.20125000000E+05	1.373244E-01	-9.039684E+01
7.21993750000E+05	1.392944E-01	-8.981834E+01
7.23862500000E+05	1.382773E-01	-8.915667E+01
7.25731250000E+05	1.410979E-01	-8.891304E+01
7.27600000000E+05	1.389200E-01	-9.095446E+01
7.29468750000E+05	1.377955E-01	-8.947235E+01
7.31337500000E+05	1.421753E-01	-8.976089E+01
7.33206250000E+05	1.419100E-01	-8.842296E+01
7.35075000000E+05	1.429522E-01	-8.887592E+01
7.36943750000E+05	1.422161E-01	-8.936143E+01
7.38812500000E+05	1.401205E-01	-8.804224E+01
7.40681250000E+05	1.447496E-01	-8.853378E+01
7.42550000000E+05	1.416514E-01	-8.880346E+01
7.44418750000E+05	1.448359E-01	-9.071638E+01
7.46287500000E+05	1.410651E-01	-9.010154E+01
7.48156250000E+05	1.440152E-01	-8.866660E+01
7.50025000000E+05	1.440276E-01	-8.957975E+01
7.51893750000E+05	1.470410E-01	-8.896879E+01
7.53762500000E+05	1.458689E-01	-8.950074E+01
7.55631250000E+05	1.459480E-01	-8.928808E+01
7.57500000000E+05	1.453152E-01	-8.855846E+01
7.59368750000E+05	1.443574E-01	-9.026397E+01
7.61237500000E+05	1.493629E-01	-8.732748E+01
7.63106250000E+05	1.458814E-01	-8.878532E+01
7.64975000000E+05	1.474415E-01	-8.826420E+01
7.66843750000E+05	1.496548E-01	-8.926919E+01
7.68712500000E+05	1.473146E-01	-9.049214E+01
7.70581250000E+05	1.472464E-01	-8.877299E+01
7.72450000000E+05	1.486045E-01	-8.914880E+01
7.74318750000E+05	1.496464E-01	-8.960485E+01
7.76187500000E+05	1.516057E-01	-9.015333E+01
7.78056250000E+05	1.496670E-01	-8.970447E+01
7.79925000000E+05	1.532400E-01	-8.883931E+01
7.81793750000E+05	1.496442E-01	-9.019454E+01
7.83662500000E+05	1.519956E-01	-9.042066E+01
7.85531250000E+05	1.514896E-01	-8.998513E+01
7.87400000000E+05	1.511358E-01	-8.900468E+01
7.89268750000E+05	1.552980E-01	-8.954987E+01
7.91137500000E+05	1.506208E-01	-8.892699E+01
7.93006250000E+05	1.534788E-01	-8.846539E+01
7.94875000000E+05	1.527492E-01	-8.968451E+01
7.96743750000E+05	1.526717E-01	-8.832671E+01
7.98612500000E+05	1.533391E-01	-8.898518E+01
8.00481250000E+05	1.545885E-01	-8.884863E+01
8.02350000000E+05	1.516634E-01	-8.963585E+01
8.04218750000E+05	1.565412E-01	-8.836536E+01
8.06087500000E+05	1.572290E-01	-8.893105E+01
8.07956250000E+05	1.546994E-01	-8.969496E+01
8.09825000000E+05	1.564867E-01	-8.935299E+01
8.11693750000E+05	1.565520E-01	-8.927132E+01
8.13562500000E+05	1.565508E-01	-8.810092E+01
8.15431250000E+05	1.559008E-01	-8.941177E+01
8.17300000000E+05	1.561442E-01	-8.990764E+01
8.19168750000E+05	1.561589E-01	-8.939032E+01
8.21037500000E+05	1.594180E-01	-8.877419E+01
8.22906250000E+05	1.583854E-01	-9.016600E+01
8.24775000000E+05	1.591788E-01	-8.953513E+01
8.26643750000E+05	1.586594E-01	-8.924126E+01
8.28512500000E+05	1.606240E-01	-8.923917E+01
8.30381250000E+05	1.593901E-01	-8.861761E+01
8.32250000000E+05	1.618166E-01	-8.871522E+01
8.34118750000E+05	1.633613E-01	-8.946681E+01
8.35987500000E+05	1.629459E-01	-8.901915E+01
8.37856250000E+05	1.600802E-01	-8.985746E+01
8.39725000000E+05	1.602800E-01	-8.861877E+01
8.41593750000E+05	1.609210E-01	-8.884925E+01
8.43462500000E+05	1.610598E-01	-8.950375E+01
8.45331250000E+05	1.636808E-01	-8.857120E+01
8.47200000000E+05	1.644596E-01	-8.896838E+01
8.49068750000E+05	1.628256E-01	-8.836578E+01
8.50937500000E+05	1.655845E-01	-8.889953E+01
8.52806250000E+05	1.672795E-01	-8.904025E+01
8.54675000000E+05	1.647656E-01	-8.825237E+01
8.56543750000E+05	1.660947E-01	-8.895955E+01
8.58412500000E+05	1.643618E-01	-8.914661E+01
8.60281250000E+05	1.656678E-01	-8.832264E+01
8.62150000000E+05	1.638128E-01	-8.851218E+01
8.64018750000E+05	1.689844E-01	-8.970035E+01
8.65887500000E+05	1.676849E-01	-8.898341E+01
8.67756250000E+05	1.676936E-01	-8.888190E+01
8.69625000000E+05	1.686623E-01	-8.855347E+01
8.71493750000E+05	1.700492E-01	-8.950053E+01
8.73362500000E+05	1.690348E-01	-8.834715E+01
8.75231250000E+05	1.699782E-01	-8.861971E+01
8.77100000000E+05	1.684027E-01	-8.935978E+01
8.78968750000E+05	1.691045E-01	-8.920468E+01
8.80837500000E+05	1.663536E-01	-8.894238E+01
8.82706250000E+05	1.693978E-01	-8.916282E+01
8.84575000000E+05	1.705751E-01	-8.914565E+01
8.86443750000E+05	1.737218E-01	-9.008090E+01
8.88312500000E+05	1.715609E-01	-8.913953E+01
8.90181250000E+05	1.702091E-01	-8.940289E+01
8.92050000000E+05	1.735578E-01	-8.870163E+01
8.93918750000E+05	1.745824E-01	-8.913724E+01
8.95787500000E+05	1.703624E-01	-9.009189E+01
8.97656250000E+05	1.743068E-01	-8.836625E+01
8.99525000000E+05	1.709234E-01	-8.918398E+01
9.01393750000E+05	1.755849E-01	-8.928020E+01
9.03262500000E+05	1.749110E-01	-8.886605E+01
9.05131250000E+05	1.721558E-01	-9.030068E+01
9.07000000000E+05	1.757003E-01	-8.833784E+01
9.08868750000E+05	1.747606E-01	-8.897410E+01
9.10737500000E+05	1.745996E-01	-8.929221E+01
9.12606250000E+05	1.726580E-01	-8.966593E+01
9.14475000000E+05	1.778828E-01	-8.881682E+01
9.16343750000E+05	1.763448E-01	-8.814302E+01
9.18212500000E+05	1.782327E-01	-8.883902E+01
9.20081250000E+05	1.773374E-01	-8.854562E+01
9.21950000000E+05	1.753960E-01	-8.777119E+01
9.23818750000E+05	1.774081E-01	-8.924087E+01
9.25687500000E+05	1.790835E-01	-8.905592E+01
9.27556250000E+05	1.790694E-01	-8.985911E+01
9.29425000000E+05	1.799550E-01	-8.855522E+01
9.31293750000E+05	1.830831E-01	-8.898058E+01
9.33162500000E+05	1.793165E-01	-8.883367E+01
9.35031250000E+05	1.818557E-01	-8.901831E+01
9.36900000000E+05	1.783291E-01	-8.878246E+01
9.38768750000E+05	1.813026E-01	-8.901631E+01
9.40637500000E+05	1.832568E-01	-8.954757E+01
9.42506250000E+05	1.801812E-01	-8.875948E+01
9.44375000000E+05	1.821388E-01	-8.777068E+01
9.46243750000E+05	1.826041E-01	-8.852347E+01
9.48112500000E+05	1.841648E-01	-8.868942E+01
9.49981250000E+05	1.831361E-01	-8.858194E+01
9.51850000000E+05	1.838045E-01	-8.827177E+01
9.53718750000E+05	1.841619E-01	-8.919080E+01
9.55587500000E+05	1.843016E-01	-8.925967E+01
9.57456250000E+05	1.868646E-01	-8.925482E+01
9.59325000000E+05	1.847498E-01	-8.989579E+01
9.61193750000E+05	1.858713E-01	-8.860658E+01
9.63062500000E+05	1.863896E-01	-8.864172E+01
9.64931250000E+05	1.875101E-01	-8.845538E+01
9.66800000000E+05	1.855571E-01	-8.813026E+01
9.68668750000E+05	1.876844E-01	-8.878441E+01
9.70537500000E+05	1.879400E-01	-8.859711E+01
9.72406250000E+05	1.880367E-01	-8.877137E+01
9.74275000000E+05	1.891641E-01	-8.965073E+01
9.76143750000E+05	1.882315E-01	-8.889269E+01
9.78012500000E+05	1.908035E-01	-8.834969E+01
9.79881250000E+05	1.907897E-01	-8.916187E+01
9.81750000000E+05	1.873580E-01	-8.884366E+01
9.83618750000E+05	1.882300E-01	-8.870699E+01
9.85487500000E+05	1.928515E-01	-8.882142E+01
9.87356250000E+05	1.900245E-01	-8.902365E+01
9.89225000000E+05	1.901713E-01	-8.883632E+01
9.91093750000E+05	1.917726E-01	-8.823998E+01
9.92962500000E+05	1.925834E-01	-8.904266E+01
9.94831250000E+05	1.941304E-01	-8.843432E+01
9.96700000000E+05	1.928827E-01	-8.872435E+01
9.98568750000E+05	1.950674E-01	-8.851524E+01
1.00043750000E+06	1.925899E-01	-8.847803E+01
1.00230625000E+06	1.916947E-01	-8.842510E+01
1.00417500000E+06	1.948812E-01	-8.938272E+01
1.00604375000E+06	1.966523E-01	-8.910167E+01
1.00791250000E+06	1.963385E-01	-8.942484E+01
1.00978125000E+06	1.933223E-01	-8.844502E+01
1.01165000000E+06	1.943977E-01	-8.879860E+01
1.01351875000E+06	1.955229E-01	-8.871395E+01
1.01538750000E+06	1.975678E-01	-8.889272E+01
1.01725625000E+06	1.960170E-01	-8.868794E+01
1.01912500000E+06	1.943329E-01	-8.900251E+01
1.02099375000E+06	1.961145E-01	-8.947072E+01
1.02286250000E+06	1.981174E-01	-8.862956E+01
1.02473125000E+06	1.962982E-01	-8.933897E+01
1.02660000000E+06	1.985669E-01	-8.885553E+01
1.02846875000E+06	1.977412E-01	-8.929739E+01
1.03033750000E+06	2.002398E-01	-8.916264E+01
1.03220625000E+06	1.994065E-01	-8.826923E+01
1.03407500000E+06	2.015042E-01	-8.869836E+01
1.03594375000E+06	2.008237E-01	-8.878149E+01
1.03781250000E+06	2.014364E-01	-8.888638E+01
1.03968125000E+06	2.014456E-01	-8.954279E+01
1.04155000000E+06	2.029519E-01	-8.869526E+01
1.04341875000E+06	2.025539E-01	-8.898104E+01
1.04528750000E+06	2.042511E-01	-8.951635E+01
1.04715625000E+06	2.009459E-01	-8.825652E+01
1.04902500000E+06	2.006041E-01	-8.906972E+01
1.05089375000E+06	2.047545E-01	-8.804877E+01
1.05276250000E+06	2.028739E-01	-8.849083E+01
1.05463125000E+06	2.017479E-01	-8.895078E+01
1.05650000000E+06	2.043569E-01	-8.940501E+01
1.05836875000E+06	2.062936E-01	-8.836317E+01
1.06023750000E+06	2.063484E-01	-8.953384E+01
1.06210625000E+06	2.058408E-01	-8.877399E+01
1.06397500000E+06	2.053496E-01	-8.909247E+01
1.06584375000E+06	2.076681E-01	-8.931517E+01
1.06771250000E+06	2.044360E-01	-8.885521E+01
1.06958125000E+06	2.066777E-01	-8.861397E+01
1.07145000000E+06	2.049849E-01	-8.892739E+01
1.07331875000E+06	2.067843E-01	-8.942718E+01
1.07518750000E+06	2.088820E-01	-8.869562E+01
1.07705625000E+06	2.091859E-01	-8.943835E+01
1.07892500000E+06	2.078466E-01	-8.847780E+01
1.08079375000E+06	2.102412E-01	-8.907155E+01
1.08266250000E+06	2.089857E-01	-8.897912E+01
1.08453125000E+06	2.089030E-01	-8.869421E+01
1.08640000000E+06	2.101160E-01	-8.914806E+01
1.08826875000E+06	2.100951E-01	-8.923891E+01
1.09013750000E+06	2.108331E-01	-8.798632E+01
1.09200625000E+06	2.103746E-01	-8.823454E+01
1.09387500000E+06	2.114670E-01	-8.863239E+01
1.09574375000E+06	2.092879E-01	-8.859032E+01
1.09761250000E+06	2.128701E-01	-8.870868E+01
1.09948125000E+06	2.141918E-01	-8.922588E+01
1.10135000000E+06	2.135394E-01	-8.880328E+01
1.10321875000E+06	2.099222E-01	-8.850861E+01
1.10508750000E+06	2.164464E-01	-8.800997E+01
1.10695625000E+06	2.131879E-01	-8.855096E+01
1.10882500000E+06	2.119716E-01	-8.845337E+01
1.11069375000E+06	2.141171E-01	-8.849391E+01
1.11256250000E+06	2.145708E-01	-8.850635E+01
1.11443125000E+06	2.118260E-01	-8.903233E+01
1.11630000000E+06	2.146686E-01	-8.933234E+01
1.11816875000E+06	2.144895E-01	-8.923790E+01
1.12003750000E+06	2.145775E-01	-8.828471E+01
1.12190625000E+06	2.168843E-01	-8.901720E+01
1.12377500000E+06	2.178885E-01	-8.891232E+01
1.12564375000E+06	2.176118E-01	-8.925440E+01
1.12751250000E+06	2.181577E-01	-8.859537E+01
1.12938125000E+06	2.193347E-01	-8.924366E+01
1.13125000000E+06	2.179024E-01	-8.924625E+01
1.13311875000E+06	2.195148E-01	-8.891107E+01
1.13498750000E+06	2.200604E-01	-8.914597E+01
1.13685625000E+06	2.178445E-01	-8.876308E+01
1.13872500000E+06	2.191101E-01	-8.862041E+01
1.14059375000E+06	2.181175E-01	-8.792162E+01
1.14246250000E+06	2.217517E-01	-8.898269E+01
1.14433125000E+06	2.193860E-01	-8.876783E+01
1.14620000000E+06	2.211661E-01	-8.888066E+01
1.14806875000E+06	2.205793E-01	-8.857208E+01
1.14993750000E+06	2.214071E-01	-8.867912E+01
1.15180625000E+06	2.245126E-01	-8.870279E+01
1.15367500000E+06	2.209917E-01	-8.835533E+01
1.15554375000E+06	2.218098E-01	-8.903741E+01
1.15741250000E+06	2.228861E-01	-8.917873E+01
1.15928125000E+06	2.249631E-01	-8.851503E+01
1.16115000000E+06	2.231826E-01	-8.889641E+01
1.16301875000E+06	2.244904E-01	-8.865949E+01
1.16488750000E+06	2.232901E-01	-8.849486E+01
1.16675625000E+06	2.250142E-01	-8.922730E+01
1.16862500000E+06	2.247605E-01	-8.853175E+01
1.17049375000E+06	2.263588E-01	-8.935500E+01
1.17236250000E+06	2.285243E-01	-8.927910E+01
1.17423125000E+06	2.269295E-01	-8.917091E+01
1.17610000000E+06	2.270076E-01	-8.835902E+01
1.17796875000E+06	2.267897E-01	-8.770870E+01
1.17983750000E+06	2.292297E-01	-8.869735E+01
1.18170625000E+06	2.299342E-01	-8.883246E+01
1.18357500000E+06	2.287742E-01	-8.881746E+01
1.18544375000E+06	2.277720E-01	-8.881552E+01
1.18731250000E+06	2.300977E-01	-8.898179E+01
1.18918125000E+06	2.299771E-01	-8.892097E+01
1.19105000000E+06	2.272886E-01	-8.858006E+01
1.19291875000E+06	2.318502E-01	-8.879948E+01
1.19478750000E+06	2.306513E-01	-8.874171E+01
1.19665625000E+06	2.332822E-01	-8.838161E+01
1.19852500000E+06	2.277528E-01	-8.861330E+01
1.20039375000E+06	2.323191E-01	-8.848328E+01
1.20226250000E+06	2.310313E-01	-8.877057E+01
1.20413125000E+06	2.352612E-01	-8.888680E+01
1.20600000000E+06	2.316020E-01	-8.847324E+01
1.20786875000E+06	2.326886E-01	-8.883568E+01
1.20973750000E+06	2.357001E-01	-8.847719E+01
1.21160625000E+06	2.343555E-01	-8.829482E+01
1.21347500000E+06	2.305510E-01	-8.853581E+01
1.21534375000E+06	2.345641E-01	-8.829946E+01
1.21721250000E+06	2.354236E-01	-8.854605E+01
1.21908125000E+06	2.335754E-01	-8.847726E+01
1.22095000000E+06	2.374902E-01	-8.869640E+01
1.22281875000E+06	2.357582E-01	-8.825584E+01
1.22468750000E+06	2.368890E-01	-8.876122E+01
1.22655625000E+06	2.393350E-01	-8.864075E+01
1.22842500000E+06	2.371348E-01	-8.873772E+01
1.23029375000E+06	2.390274E-01	-8.903739E+01
1.23216250000E+06	2.377302E-01	-8.906002E+01
1.23403125000E+06	2.375417E-01	-8.870551E+01
1.23590000000E+06	2.383942E-01	-8.904131E+01
1.23776875000E+06	2.394537E-01	-8.892522E+01
1.23963750000E+06	2.385764E-01	-8.832488E+01
1.24150625000E+06	2.414442E-01	-8.873335E+01
1.24337500000E+06	2.413990E-01	-8.885668E+01
1.24524375000E+06	2.401488E-01	-8.861893E+01
1.24711250000E+06	2.416446E-01	-8.872425E+01
1.24898125000E+06	2.407776E-01	-8.855779E+01
1.25085000000E+06	2.422853E-01	-8.861099E+01
1.25271875000E+06	2.410266E-01	-8.870914E+01
1.25458750000E+06	2.416629E-01	-8.867447E+01
1.25645625000E+06	2.414242E-01	-8.867648E+01
1.25832500000E+06	2.423968E-01	-8.889556E+01
1.26019375000E+06	2.410852E-01	-8.808160E+01
1.26206250000E+06	2.423853E-01	-8.834827E+01
1.26393125000E+06	2.432808E-01	-8.833151E+01
1.26580000000E+06	2.447264E-01	-8.826730E+01
1.26766875000E+06	2.452033E-01	-8.858197E+01
1.26953750000E+06	2.462128E-01	-8.876207E+01
1.27140625000E+06	2.473694E-01	-8.839849E+01
1.27327500000E+06	2.467461E-01	-8.848786E+01
1.27514375000E+06	2.437810E-01	-8.844621E+01
1.27701250000E+06	2.487693E-01	-8.835277E+01
1.27888125000E+06	2.459014E-01	-8.862245E+01
1.28075000000E+06	2.479715E-01	-8.824273E+01
1.28261875000E+06	2.469146E-01	-8.885742E+01
1.28448750000E+06	2.485682E-01	-8.856212E+01
1.28635625000E+06	2.474324E-01	-8.846421E+01
1.28822500000E+06	2.506144E-01	-8.820871E+01
1.29009375000E+06	2.472982E-01	-8.885675E+01
1.29196250000E+06	2.489964E-01	-8.886762E+01
1.29383125000E+06	2.499511E-01	-8.875677E+01
1.29570000000E+06	2.491585E-01	-8.873697E+01
1.29756875000E+06	2.496237E-01	-8.860467E+01
1.29943750000E+06	2.510262E-01	-8.842052E+01
1.30130625000E+06	2.509746E-01	-8.837544E+01
1.30317500000E+06	2.545685E-01	-8.802894E+01
1.30504375000E+06	2.511195E-01	-8.908735E+01
1.30691250000E+06	2.518855E-01	-8.854586E+01
1.30878125000E+06	2.530139E-01	-8.791670E+01
1.31065000000E+06	2.534160E-01	-8.774262E+01
1.31251875000E+06	2.557310E-01	-8.870269E+01
1.31438750000E+06	2.528879E-01	-8.869937E+01
1.31625625000E+06	2.563456E-01	-8.837965E+01
1.31812500000E+06	2.547556E-01	-8.861421E+01
1.31999375000E+06	2.567091E-01	-8.856451E+01
1.32186250000E+06	2.542726E-01	-8.884811E+01
1.32373125000E+06	2.557444E-01	-8.837212E+01
1.32560000000E+06	2.563042E-01	-8.872829E+01
1.32746875000E+06	2.562431E-01	-8.861382E+01
1.32933750000E+06	2.544644E-01	-8.892576E+01
1.33120625000E+06	2.563486E-01	-8.833907E+01
1.33307500000E+06	2.608702E-01	-8.793553E+01
1.33494375000E+06	2.572929E-01	-8.882832E+01
1.33681250000E+06	2.590344E-01	-8.832477E+01
1.33868125000E+06	2.596991E-01	-8.860882E+01
1.34055000000E+06	2.607386E-01	-8.819154E+01
1.34241875000E+06	2.596284E-01	-8.840298E+01
1.34428750000E+06	2.615267E-01	-8.902547E+01
1.34615625000E+06	2.595281E-01	-8.834500E+01
1.34802500000E+06	2.613641E-01	-8.843254E+01
1.34989375000E+06	2.592393E-01	-8.814333E+01
1.35176250000E+06	2.590625E-01	-8.852672E+01
1.35363125000E+06	2.622028E-01	-8.786321E+01
1.35550000000E+06	2.666039E-01	-8.843943E+01
1.35736875000E+06	2.622595E-01	-8.814039E+01
1.35923750000E+06	2.635379E-01	-8.835830E+01
1.36110625000E+06	2.624031E-01	-8.890701E+01
1.36297500000E+06	2.648813E-01	-8.843986E+01
1.36484375000E+06	2.630335E-01	-8.863829E+01
1.36671250000E+06	2.639086E-01	-8.873083E+01
1.36858125000E+06	2.671934E-01	-8.866389E+01
1.37045000000E+06	2.675361E-01	-8.845272E+01
1.37231875000E+06	2.661430E-01	-8.894785E+01
1.37418750000E+06	2.652384E-01	-8.854047E+01
1.37605625000E+06	2.663634E-01	-8.824283E+01
1.37792500000E+06	2.657128E-01	-8.893597E+01
1.37979375000E+06	2.674389E-01	-8.866069E+01
1.38166250000E+06	2.672987E-01	-8.872641E+01
1.38353125000E+06	2.671730E-01	-8.876046E+01
1.38540000000E+06	2.689551E-01	-8.878448E+01
1.38726875000E+06	2.701344E-01	-8.822049E+01
1.38913750000E+06	2.685978E-01	-8.860843E+01
1.39100625000E+06	2.696273E-01	-8.830431E+01
1.39287500000E+06	2.692254E-01	-8.860485E+01
1.39474375000E+06	2.708381E-01	-8.829018E+01
1.39661250000E+06	2.706047E-01	-8.782057E+01
1.39848125000E+06	2.719072E-01	-8.856043E+01
1.40035000000E+06	2.722128E-01	-8.849200E+01
1.40221875000E+06	2.708121E-01	-8.793972E+01
1.40408750000E+06	2.728806E-01	-8.806908E+01
1.40595625000E+06	2.714600E-01	-8.815628E+01
1.40782500000E+06	2.721587E-01	-8.843615E+01
1.40969375000E+06	2.726168E-01	-8.817860E+01
1.41156250000E+06	2.735181E-01	-8.797388E+01
1.41343125000E+06	2.714899E-01	-8.846096E+01
1.41530000000E+06	2.767235E-01	-8.899463E+01
1.41716875000E+06	2.739721E-01	-8.824583E+01
1.41903750000E+06	2.764171E-01	-8.864320E+01
1.42090625000E+06	2.767281E-01	-8.865806E+01
1.42277500000E+06	2.754942E-01	-8.816602E+01
1.42464375000E+06	2.760400E-01	-8.803036E+01
1.42651250000E+06	2.768106E-01	-8.822437E+01
1.42838125000E+06	2.760319E-01	-8.818970E+01
1.43025000000E+06	2.775553E-01	-8.818560E+01
1.43211875000E+06	2.756882E-01	-8.827519E+01
1.43398750000E+06	2.780696E-01	-8.805976E+01
1.43585625000E+06	2.786393E-01	-8.808234E+01
1.43772500000E+06	2.797534E-01	-8.803211E+01
1.43959375000E+06	2.783534E-01	-8.848612E+01
1.44146250000E+06	2.790450E-01	-8.797025E+01
1.44333125000E+06	2.787045E-01	-8.859977E+01
1.44520000000E+06	2.807077E-01	-8.836830E+01
1.44706875000E+06	2.813552E-01	-8.820316E+01
1.44893750000E+06	2.797575E-01	-8.839285E+01
1.45080625000E+06	2.828902E-01	-8.847879E+01
1.45267500000E+06	2.814341E-01	-8.834563E+01
1.45454375000E+06	2.810829E-01	-8.842823E+01
1.45641250000E+06	2.832149E-01	-8.755782E+01
1.45828125000E+06	2.835468E-01	-8.887035E+01
1.46015000000E+06	2.830923E-01	-8.850697E+01
1.46201875000E+06	2.830669E-01	-8.839709E+01
1.46388750000E+06	2.845871E-01	-8.822401E+01
1.46575625000E+06	2.857331E-01	-8.853879E+01
1.46762500000E+06	2.849433E-01	-8.852682E+01
1.46949375000E+06	2.843854E-01	-8.793326E+01
1.47136250000E+06	2.861052E-01	-8.804087E+01
1.47323125000E+06	2.849010E-01	-8.875938E+01
1.47510000000E+06	2.871104E-01	-8.834566E+01
1.47696875000E+06	2.858606E-01	-8.855930E+01
1.47883750000E+06	2.870305E-01	-8.831287E+01
1.48070625000E+06	2.862023E-01	-8.863840E+01
1.48257500000E+06	2.877365E-01	-8.881292E+01
1.48444375000E+06	2.883931E-01	-8.808926E+01
1.48631250000E+06	2.866210E-01	-8.835063E+01
1.48818125000E+06	2.889656E-01	-8.841325E+01
1.49005000000E+06	2.892250E-01	-8.860630E+01
1.49191875000E+06	2.896051E-01	-8.857890E+01
1.49378750000E+06	2.906699E-01	-8.825411E+01
1.49565625000E+06	2.895395E-01	-8.832368E+01
1.49752500000E+06	2.887889E-01	-8.785138E+01
1.49939375000E+06	2.904069E-01	-8.860214E+01
1.50126250000E+06	2.898487E-01	-8.832074E+01
1.50313125000E+06	2.898514E-01	-8.831846E+01
1.50500000000E+06	2.926475E-01	-8.858357E+01
1.50686875000E+06	2.925774E-01	-8.832844E+01
1.50873750000E+06	2.951404E-01	-8.833272E+01
1.51060625000E+06	2.924589E-01	-8.802144E+01
1.51247500000E+06	2.941723E-01	-8.837482E+01
1.51434375000E+06	2.932440E-01	-8.820901E+01
1.51621250000E+06	2.945696E-01	-8.828191E+01
1.51808125000E+06	2.941269E-01	-8.808549E+01
1.51995000000E+06	2.918627E-01	-8.825516E+01
1.52181875000E+06	2.967307E-01	-8.863398E+01
1.52368750000E+06	2.929153E-01	-8.808543E+01
1.52555625000E+06	2.955851E-01	-8.830233E+01
1.52742500000E+06	2.959614E-01	-8.823808E+01
1.52929375000E+06	2.950964E-01	-8.859042E+01
1.53116250000E+06	2.981466E-01	-8.871426E+01
1.53303125000E+06	2.979657E-01	-8.798393E+01
1.53490000000E+06	2.976528E-01	-8.806057E+01
1.53676875000E+06	2.990006E-01	-8.800205E+01
1.53863750000E+06	2.998152E-01	-8.790585E+01
1.54050625000E+06	2.969270E-01	-8.823521E+01
1.54237500000E+06	2.995037E-01	-8.820997E+01
1.54424375000E+06	2.980061E-01	-8.815726E+01
1.54611250000E+06	3.001687E-01	-8.843671E+01
1.54798125000E+06	3.011586E-01	-8.808874E+01
1.54985000000E+06	3.002260E-01	-8.787437E+01
1.55171875000E+06	3.014808E-01	-8.829559E+01
1.55358750000E+06	3.016305E-01	-8.863548E+01
1.55545625000E+06	3.018248E-01	-8.830618E+01
1.55732500000E+06	3.022852E-01	-8.818343E+01
1.55919375000E+06	3.035992E-01	-8.810056E+01
1.56106250000E+06	3.032234E-01	-8.817303E+01
1.56293125000E+06	3.042980E-01	-8.851283E+01
1.56480000000E+06	3.041514E-01	-8.818542E+01
1.56666875000E+06	3.036729E-01	-8.792174E+01
1.56853750000E+06	3.020485E-01	-8.817654E+01
1.57040625000E+06	3.051976E-01	-8.810474E+01
1.57227500000E+06	3.051645E-01	-8.854256E+01
1.57414375000E+06	3.049006E-01	-8.812611E+01
1.57601250000E+06	3.058260E-01	-8.814727E+01
1.57788125000E+06	3.079755E-01	-8.828652E+01
1.57975000000E+06	3.068641E-01	-8.800555E+01
1.58161875000E+06	3.064244E-01	-8.812548E+01
1.58348750000E+06	3.079448E-01	-8.837693E+01
1.58535625000E+06	3.078397E-01	-8.830768E+01
1.58722500000E+06	3.084143E-01	-8.819950E+01
1.58909375000E+06	3.099222E-01	-8.799360E+01
1.59096250000E+06	3.092672E-01	-8.820296E+01
1.59283125000E+06	3.100376E-01	-8.813615E+01
1.59470000000E+06	3.095511E-01	-8.836737E+01
1.59656875000E+06	3.087568E-01	-8.876154E+01
1.59843750000E+06	3.110020E-01	-8.831636E+01
1.60030625000E+06	3.105366E-01	-8.845178E+01
1.60217500000E+06	3.095511E-01	-8.826118E+01
1.60404375000E+06	3.120426E-01	-8.817017E+01
1.60591250000E+06	3.103850E-01	-8.839105E+01
1.60778125000E+06	3.124595E-01	-8.859037E+01
1.60965000000E+06	3.120467E-01	-8.803925E+01
1.61151875000E+06	3.138436E-01	-8.845660E+01
1.61338750000E+06	3.120234E-01	-8.863087E+01
1.61525625000E+06	3.147377E-01	-8.806780E+01
1.61712500000E+06	3.125484E-01	-8.835938E+01
1.61899375000E+06	3.152333E-01	-8.821856E+01
1.62086250000E+06	3.137707E-01	-8.862844E+01
1.62273125000E+06	3.150942E-01	-8.844100E+01
1.62460000000E+06	3.137848E-01	-8.831648E+01
1.62646875000E+06	3.168486E-01	-8.803037E+01
1.62833750000E+06	3.177851E-01	-8.811237E+01
1.63020625000E+06	3.160799E-01	-8.775798E+01
1.63207500000E+06	3.193938E-01	-8.811718E+01
1.63394375000E+06	3.161431E-01	-8.808130E+01
1.63581250000E+06	3.170683E-01	-8.803251E+01
1.63768125000E+06	3.159270E-01	-8.815518E+01
1.63955000000E+06	3.168000E-01	-8.816814E+01
1.64141875000E+06	3.196247E-01	-8.835777E+01
1.64328750000E+06	3.213899E-01	-8.819617E+01
1.64515625000E+06	3.199372E-01	-8.831407E+01
1.64702500000E+06	3.200358E-01	-8.815626E+01
1.64889375000E+06	3.207266E-01	-8.801399E+01
1.65076250000E+06	3.231886E-01	-8.834476E+01
1.65263125000E+06	3.214467E-01	-8.837371E+01
1.65450000000E+06	3.209670E-01	-8.859364E+01
1.65636875000E+06	3.205724E-01	-8.814101E+01
1.65823750000E+06	3.212182E-01	-8.830949E+01
1.66010625000E+06	3.209724E-01	-8.809045E+01
1.66197500000E+06	3.236952E-01	-8.816640E+01
1.66384375000E+06	3.238359E-01	-8.770832E+01
1.66571250000E+06	3.252336E-01	-8.840936E+01
1.66758125000E+06	3.260178E-01	-8.852169E+01
1.66945000000E+06	3.255979E-01	-8.820411E+01
1.67131875000E+06	3.220847E-01	-8.820692E+01
1.67318750000E+06	3.258213E-01	-8.828996E+01
1.67505625000E+06	3.244411E-01	-8.805611E+01
1.67692500000E+06	3.231631E-01	-8.791799E+01
1.67879375000E+06	3.257102E-01	-8.816489E+01
1.68066250000E+06	3.271928E-01	-8.794645E+01
1.68253125000E+06	3.272878E-01	-8.849895E+01
1.68440000000E+06	3.270165E-01	-8.814619E+01
1.68626875000E+06	3.278301E-01	-8.798277E+01
1.68813750000E+06	3.291153E-01	-8.820718E+01
1.69000625000E+06	3.291160E-01	-8.788240E+01
1.69187500000E+06	3.284403E-01	-8.820710E+01
1.69374375000E+06	3.295228E-01	-8.815072E+01
1.69561250000E+06	3.285467E-01	-8.813976E+01
1.69748125000E+06	3.315883E-01	-8.841347E+01
1.69935000000E+06	3.329585E-01	-8.812900E+01
1.70121875000E+06	3.302090E-01	-8.855354E+01
1.70308750000E+06	3.315737E-01	-8.822841E+01
1.70495625000E+06	3.315030E-01	-8.794996E+01
1.70682500000E+06	3.315521E-01	-8.800746E+01
1.70869375000E+06	3.332350E-01	-8.820086E+01
1.71056250000E+06	3.330646E-01	-8.843409E+01
1.71243125000E+06	3.340222E-01	-8.797043E+01
1.71430000000E+06	3.350952E-01	-8.824738E+01
1.71616875000E+06	3.344443E-01	-8.818903E+01
1.71803750000E+06	3.356039E-01	-8.796309E+01
1.71990625000E+06	3.327264E-01	-8.820651E+01
1.72177500000E+06	3.348333E-01	-8.820185E+01
1.72364375000E+06	3.344356E-01	-8.770676E+01
1.72551250000E+06	3.346163E-01	-8.827935E+01
1.72738125000E+06	3.370628E-01	-8.792551E+01
1.72925000000E+06	3.372279E-01	-8.817009E+01
1.73111875000E+06	3.393592E-01	-8.781124E+01
1.73298750000E+06	3.371331E-01	-8.803154E+01
1.73485625000E+06	3.383467E-01	-8.796874E+01
1.73672500000E+06	3.389021E-01	-8.805162E+01
1.73859375000E+06	3.382626E-01	-8.804176E+01
1.74046250000E+06	3.392232E-01	-8.795316E+01
1.74233125000E+06	3.372529E-01	-8.816103E+01
1.74420000000E+06	3.377166E-01	-8.811311E+01
1.74606875000E+06	3.397011E-01	-8.812719E+01
1.74793750000E+06	3.396325E-01	-8.803607E+01
1.74980625000E+06	3.393700E-01	-8.779856E+01
1.75167500000E+06	3.418338E-01	-8.780764E+01
1.75354375000E+06	3.433568E-01	-8.776206E+01
1.75541250000E+06	3.412864E-01	-8.812967E+01
1.75728125000E+06	3.436363E-01	-8.803701E+01
1.75915000000E+06	3.417903E-01	-8.811101E+01
1.76101875000E+06	3.403565E-01	-8.793182E+01
1.76288750000E+06	3.425978E-01	-8.788329E+01
1.76475625000E+06	3.445681E-01	-8.814180E+01
1.76662500000E+06	3.434016E-01	-8.797335E+01
1.76849375000E+06	3.452190E-01	-8.808057E+01
1.77036250000E+06	3.440977E-01	-8.816562E+01
1.77223125000E+06	3.465214E-01	-8.820774E+01
1.77410000000E+06	3.453589E-01	-8.817605E+01
1.77596875000E+06	3.471370E-01	-8.798168E+01
1.77783750000E+06	3.457761E-01	-8.822800E+01
1.77970625000E+06	3.460206E-01	-8.796852E+01
1.78157500000E+06	3.487933E-01	-8.806541E+01
1.78344375000E+06	3.496011E-01	-8.791338E+01
1.78531250000E+06	3.473215E-01	-8.807245E+01
1.78718125000E+06	3.480619E-01	-8.813298E+01
1.78905000000E+06	3.486969E-01	-8.806706E+01
1.79091875000E+06	3.491476E-01	-8.785193E+01
1.79278750000E+06	3.492922E-01	-8.796143E+01
1.79465625000E+06	3.475442E-01	-8.800002E+01
1.79652500000E+06	3.505198E-01	-8.777664E+01
1.79839375000E+06	3.501883E-01	-8.780426E+01
1.80026250000E+06	3.522556E-01	-8.779205E+01
1.80213125000E+06	3.516502E-01	-8.810291E+01
1.80400000000E+06	3.529926E-01	-8.798163E+01
1.80586875000E+06	3.528896E-01	-8.817720E+01
1.80773750000E+06	3.529311E-01	-8.765388E+01
1.80960625000E+06	3.537809E-01	-8.801809E+01
1.81147500000E+06	3.528351E-01	-8.778989E+01
1.81334375000E+06	3.545386E-01	-8.818739E+01
1.81521250000E+06	3.546985E-01	-8.784636E+01
1.81708125000E+06	3.548145E-01	-8.823516E+01
1.81895000000E+06	3.540404E-01	-8.784303E+01
1.82081875000E+06	3.552930E-01	-8.768882E+01
1.82268750000E+06	3.539540E-01	-8.814861E+01
1.82455625000E+06	3.556003E-01	-8.802263E+01
1.82642500000E+06	3.574445E-01	-8.781590E+01
1.82829375000E+06	3.571412E-01	-8.796637E+01
1.83016250000E+06	3.559782E-01	-8.764436E+01
1.83203125000E+06	3.570004E-01	-8.810382E+01
1.83390000000E+06	3.568483E-01	-8.783468E+01
1.83576875000E+06	3.581868E-01	-8.760334E+01
1.83763750000E+06	3.588842E-01	-8.788175E+01
1.83950625000E+06	3.584497E-01	-8.764513E+01
1.84137500000E+06	3.593713E-01	-8.791555E+01
1.84324375000E+06	3.605607E-01	-8.799018E+01
1.84511250000E+06	3.569969E-01	-8.800825E+01
1.84698125000E+06	3.594511E-01	-8.795310E+01
1.84885000000E+06	3.599885E-01	-8.795330E+01
1.85071875000E+06	3.609221E-01	-8.782191E+01
1.85258750000E+06	3.604040E-01	-8.787776E+01
1.85445625000E+06	3.601390E-01	-8.792918E+01
1.85632500000E+06	3.621290E-01	-8.795895E+01
1.85819375000E+06	3.618791E-01	-8.799978E+01
1.86006250000E+06	3.641176E-01	-8.788789E+01
1.86193125000E+06	3.633145E-01	-8.809084E+01
1.86380000000E+06	3.622634E-01	-8.786516E+01
1.86566875000E+06	3.636159E-01	-8.783825E+01
1.86753750000E+06	3.637330E-01	-8.781905E+01
1.86940625000E+06	3.656219E-01	-8.763834E+01
1.87127500000E+06	3.657880E-01	-8.791454E+01
1.87314375000E+06	3.677217E-01	-8.798537E+01
1.87501250000E+06	3.662810E-01	-8.810177E+01
1.87688125000E+06	3.674188E-01	-8.771501E+01
1.87875000000E+06	3.671566E-01	-8.815569E+01
1.88061875000E+06	3.657221E-01	-8.765552E+01
1.88248750000E+06	3.665988E-01	-8.797646E+01
1.88435625000E+06	3.677468E-01	-8.791897E+01
1.88622500000E+06	3.674629E-01	-8.786398E+01
1.88809375000E+06	3.689765E-01	-8.781943E+01
1.88996250000E+06	3.696192E-01	-8.817447E+01
1.89183125000E+06	3.709297E-01	-8.793169E+01
1.89370000000E+06	3.708718E-01	-8.771817E+01
1.89556875000E+06	3.691449E-01	-8.805537E+01
1.89743750000E+06	3.717164E-01	-8.803437E+01
1.89930625000E+06	3.691504E-01	-8.779126E+01
1.90117500000E+06	3.712512E-01	-8.785972E+01
1.90304375000E+06	3.717537E-01	-8.802473E+01
1.90491250000E+06	3.713485E-01	-8.783327E+01
1.90678125000E+06	3.712144E-01	-8.772595E+01
1.90865000000E+06	3.727481E-01	-8.786531E+01
1.91051875000E+06	3.725225E-01	-8.778648E+01
1.91238750000E+06	3.728361E-01	-8.786349E+01
1.91425625000E+06	3.746823E-01	-8.797562E+01
1.91612500000E+06	3.745202E-01	-8.772655E+01
1.91799375000E+06	3.739358E-01	-8.790243E+01
1.91986250000E+06	3.740044E-01	-8.809406E+01
1.92173125000E+06	3.740235E-01	-8.777449E+01
1.92360000000E+06	3.766850E-01	-8.771598E+01
1.92546875000E+06	3.753867E-01	-8.802433E+01
1.92733750000E+06	3.765096E-01	-8.774476E+01
1.92920625000E+06	3.776925E-01	-8.798249E+01
1.93107500000E+06	3.750329E-01	-8.789755E+01
1.93294375000E+06	3.766963E-01	-8.748450E+01
1.93481250000E+06	3.778210E-01	-8.777083E+01
1.93668125000E+06	3.773048E-01	-8.791031E+01
1.93855000000E+06	3.789118E-01	-8.806889E+01
1.94041875000E+06	3.794484E-01	-8.771165E+01
1.94228750000E+06	3.780038E-01	-8.772372E+01
1.94415625000E+06	3.793778E-01	-8.798347E+01
1.94602500000E+06	3.790796E-01	-8.776215E+01
1.94789375000E+06	3.793369E-01	-8.811420E+01
1.94976250000E+06	3.826268E-01	-8.781969E+01
1.95163125000E+06	3.805605E-01	-8.774703E+01
1.95350000000E+06	3.828854E-01	-8.782378E+01
1.95536875000E+06	3.821099E-01	-8.807078E+01
1.95723750000E+06	3.831840E-01	-8.764756E+01
1.95910625000E+06	3.840692E-01	-8.787707E+01
1.96097500000E+06	3.848410E-01	-8.793255E+01
1.96284375000E+06	3.854859E-01	-8.767280E+01
1.96471250000E+06	3.822772E-01	-8.784061E+01
1.96658125000E+06	3.849675E-01	-8.788930E+01
1.96845000000E+06	3.839507E-01	-8.784739E+01
1.97031875000E+06	3.846318E-01	-8.789403E+01
1.97218750000E+06	3.860539E-01	-8.771732E+01
1.97405625000E+06	3.856663E-01	-8.786798E+01
1.97592500000E+06	3.869901E-01	-8.780854E+01
1.97779375000E+06	3.876957E-01	-8.765631E+01
1.97966250000E+06	3.876920E-01	-8.806868E+01
1.98153125000E+06	3.875384E-01	-8.760478E+01
1.98340000000E+06	3.881765E-01	-8.763140E+01
1.98526875000E+06	3.891021E-01	-8.787011E+01
1.98713750000E+06	3.877522E-01	-8.783658E+01
1.98900625000E+06	3.887630E-01	-8.778552E+01
1.99087500000E+06	3.911293E-01	-8.766422E+01
1.99274375000E+06	3.880053E-01	-8.784316E+01
1.99461250000E+06	3.879311E-01	-8.778868E+01
1.99648125000E+06	3.903553E-01	-8.770525E+01
1.99835000000E+06	3.903654E-01	-8.758109E+01
2.00021875000E+06	3.897957E-01	-8.787804E+01
2.00208750000E+06	3.915953E-01	-8.763978E+01
2.00395625000E+06	3.914755E-01	-8.748322E+01
2.00582500000E+06	3.926070E-01	-8.792357E+01
2.00769375000E+06	3.929734E-01	-8.785028E+01
2.00956250000E+06	3.928032E-01	-8.774498E+01
2.01143125000E+06	3.915649E-01	-8.761265E+01
2.01330000000E+06	3.932275E-01	-8.770500E+01
2.01516875000E+06	3.931320E-01	-8.785943E+01
2.01703750000E+06	3.945206E-01	-8.783887E+01
2.01890625000E+06	3.945921E-01	-8.764095E+01
2.02077500000E+06	3.942955E-01	-8.789317E+01
2.02264375000E+06	3.945537E-01	-8.761868E+01
2.02451250000E+06	3.949147E-01	-8.763483E+01
2.02638125000E+06	3.966451E-01	-8.751427E+01
2.02825000000E+06	3.961645E-01	-8.763342E+01
2.03011875000E+06	3.972768E-01	-8.783682E+01
2.03198750000E+06	3.979692E-01	-8.744154E+01
2.03385625000E+06	3.972843E-01	-8.782428E+01
2.03572500000E+06	3.990945E-01	-8.758598E+01
2.03759375000E+06	4.003147E-01	-8.741781E+01
2.03946250000E+06	3.991089E-01	-8.764443E+01
2.04133125000E+06	3.990149E-01	-8.750554E+01
2.04320000000E+06	4.013396E-01	-8.746455E+01
2.04506875000E+06	3.998209E-01	-8.769247E+01
2.04693750000E+06	3.999984E-01	-8.777453E+01
2.04880625000E+06	4.003336E-01	-8.758333E+01
2.05067500000E+06	4.010284E-01	-8.774998E+01
2.05254375000E+06	4.008169E-01	-8.732935E+01
2.05441250000E+06	4.009506E-01	-8.769495E+01
2.05628125000E+06	4.028602E-01	-8.769903E+01
2.05815000000E+06	4.047249E-01	-8.778011E+01
2.06001875000E+06	4.024493E-01	-8.774750E+01
2.06188750000E+06	4.034475E-01	-8.769153E+01
2.06375625000E+06	4.045302E-01	-8.772693E+01
2.06562500000E+06	4.041704E-01	-8.738132E+01
2.06749375000E+06	4.045399E-01	-8.776953E+01
2.06936250000E+06	4.050540E-01	-8.776439E+01
2.07123125000E+06	4.059933E-01	-8.742531E+01
2.07310000000E+06	4.056587E-01	-8.765792E+01
2.07496875000E+06	4.061027E-01	-8.773878E+01
2.07683750000E+06	4.073686E-01	-8.759798E+01
2.07870625000E+06	4.068880E-01	-8.756367E+01
2.08057500000E+06	4.072796E-01	-8.771362E+01
2.08244375000E+06	4.076569E-01	-8.754366E+01
2.08431250000E+06	4.095998E-01	-8.779435E+01
2.08618125000E+06	4.096127E-01	-8.774644E+01
2.08805000000E+06	4.077054E-01	-8.772807E+01
2.08991875000E+06	4.088914E-01	-8.766576E+01
2.09178750000E+06	4.100989E-01	-8.759078E+01
2.09365625000E+06	4.103191E-01	-8.755434E+01
2.09552500000E+06	4.113101E-01	-8.748679E+01
2.09739375000E+06	4.118330E-01	-8.772745E+01
2.09926250000E+06	4.110331E-01	-8.766547E+01
2.10113125000E+06	4.117880E-01	-8.756324E+01
2.10300000000E+06	4.111813E-01	-8.776658E+01
2.10486875000E+06	4.139530E-01	-8.769411E+01
2.10673750000E+06	4.126606E-01	-8.770980E+01
2.10860625000E+06	4.126557E-01	-8.749680E+01
2.11047500000E+06	4.126601E-01	-8.771185E+01
2.11234375000E+06	4.131142E-01	-8.755598E+01
2.11421250000E+06	4.130485E-01	-8.759878E+01
2.11608125000E+06	4.151763E-01	-8.760336E+01
2.11795000000E+06	4.140518E-01	-8.724322E+01
2.11981875000E+06	4.156222E-01	-8.766184E+01
2.12168750000E+06	4.167662E-01	-8.750402E+01
2.12355625000E+06	4.170430E-01	-8.734129E+01
2.12542500000E+06	4.166648E-01	-8.754115E+01
2.12729375000E+06	4.168516E-01	-8.767477E+01
2.12916250000E+06	4.177960E-01	-8.769969E+01
2.13103125000E+06	4.192915E-01	-8.741217E+01
2.13290000000E+06	4.170951E-01	-8.754629E+01
2.13476875000E+06	4.169461E-01	-8.760487E+01
2.13663750000E+06	4.187409E-01	-8.747199E+01
2.13850625000E+06	4.187748E-01	-8.772279E+01
2.14037500000E+06	4.187688E-01	-8.765071E+01
2.14224375000E+06	4.198912E-01	-8.755934E+01
2.14411250000E+06	4.191782E-01	-8.741190E+01
2.14598125000E+06	4.214035E-01	-8.779485E+01
2.14785000000E+06	4.218679E-01	-8.732565E+01
2.14971875000E+06	4.225728E-01	-8.744643E+01
2.15158750000E+06	4.220381E-01	-8.769178E+01
2.15345625000E+06	4.225732E-01	-8.746803E+01
2.15532500000E+06	4.241258E-01	-8.780526E+01
2.15719375000E+06	4.227797E-01	-8.752345E+01
2.15906250000E+06	4.245724E-01	-8.756747E+01
2.16093125000E+06	4.241784E-01	-8.741510E+01
2.16280000000E+06	4.234925E-01	-8.761324E+01
2.16466875000E+06	4.231706E-01	-8.759303E+01
2.16653750000E+06	4.236126E-01	-8.754845E+01
2.16840625000E+06	4.277481E-01	-8.769052E+01
2.17027500000E+06	4.235948E-01	-8.761129E+01
2.17214375000E+06	4.260580E-01	-8.761214E+01
2.17401250000E+06	4.262265E-01	-8.772331E+01
2.17588125000E+06	4.268960E-01	-8.753130E+01
2.17775000000E+06	4.282564E-01	-8.757635E+01
2.17961875000E+06	4.289181E-01	-8.765660E+01
2.18148750000E+06	4.297372E-01	-8.753068E+01
2.18335625000E+06	4.285733E-01	-8.777305E+01
2.18522500000E+06	4.290649E-01	-8.746663E+01
2.18709375000E+06	4.304849E-01	-8.739690E+01
2.18896250000E+06	4.311066E-01	-8.739773E+01
2.19083125000E+06	4.299778E-01	-8.746953E+01
2.19270000000E+06	4.316202E-01	-8.736893E+01
2.19456875000E+06	4.303307E-01	-8.762616E+01
2.19643750000E+06	4.300688E-01	-8.762537E+01
2.19830625000E+06	4.306934E-01	-8.741707E+01
2.20017500000E+06	4.327038E-01	-8.747150E+01
2.20204375000E+06	4.311390E-01	-8.763504E+01
2.20391250000E+06	4.315368E-01	-8.744401E+01
2.20578125000E+06	4.342735E-01	-8.737818E+01
2.20765000000E+06	4.333377E-01	-8.750719E+01
2.20951875000E+06	4.332514E-01	-8.743893E+01
2.21138750000E+06	4.360446E-01	-8.717842E+01
2.21325625000E+06	4.335492E-01	-8.757677E+01
2.21512500000E+06	4.361483E-01	-8.738380E+01
2.21699375000E+06	4.351537E-01	-8.730169E+01
2.21886250000E+06	4.356864E-01	-8.743980E+01
2.22073125000E+06	4.357606E-01	-8.760065E+01
2.22260000000E+06	4.376730E-01	-8.749774E+01
2.22446875000E+06	4.374729E-01	-8.746221E+01
2.22633750000E+06	4.369249E-01	-8.749705E+01
2.22820625000E+06	4.356731E-01	-8.750930E+01
2.23007500000E+06	4.382295E-01	-8.743814E+01
2.23194375000E+06	4.393437E-01	-8.733786E+01
2.23381250000E+06	4.383061E-01	-8.733060E+01
2.23568125000E+06	4.390464E-01	-8.743957E+01
2.23755000000E+06	4.388025E-01	-8.745316E+01
2.23941875000E+06	4.414308E-01	-8.734103E+01
2.24128750000E+06	4.412949E-01	-8.733818E+01
2.24315625000E+06	4.394926E-01	-8.744740E+01
2.24502500000E+06	4.410882E-01	-8.748746E+01
2.24689375000E+06	4.420403E-01	-8.742886E+01
2.24876250000E+06	4.432446E-01	-8.736445E+01
2.25063125000E+06	4.414572E-01	-8.742252E+01
2.25250000000E+06	4.403211E-01	-8.749537E+01
2.25436875000E+06	4.418120E-01	-8.731039E+01
2.25623750000E+06	4.409229E-01	-8.723357E+01
2.25810625000E+06	4.445569E-01	-8.724876E+01
2.25997500000E+06	4.441331E-01	-8.729868E+01
2.26184375000E+06	4.454743E-01	-8.743843E+01
2.26371250000E+06	4.440879E-01	-8.738647E+01
2.26558125000E+06	4.470265E-01	-8.719670E+01
2.26745000000E+06	4.460444E-01	-8.748820E+01
2.26931875000E+06	4.459473E-01	-8.755170E+01
2.27118750000E+06	4.467504E-01	-8.759860E+01
2.27305625000E+06	4.482264E-01	-8.747382E+01
2.27492500000E+06	4.467784E-01	-8.746284E+01
2.27679375000E+06	4.470363E-01	-8.737062E+01
2.27866250000E+06	4.470504E-01	-8.732054E+01
2.28053125000E+06	4.487737E-01	-8.712046E+01
2.28240000000E+06	4.502885E-01	-8.723606E+01
2.28426875000E+06	4.482852E-01	-8.742934E+01
2.28613750000E+06	4.499505E-01	-8.742019E+01
2.28800625000E+06	4.516636E-01	-8.729779E+01
2.28987500000E+06	4.505115E-01	-8.739108E+01
2.29174375000E+06	4.499417E-01	-8.720633E+01
2.29361250000E+06	4.504578E-01	-8.714211E+01
2.29548125000E+06	4.514626E-01	-8.735380E+01
2.29735000000E+06	4.527686E-01	-8.734960E+01
2.29921875000E+06	4.511298E-01	-8.741103E+01
2.30108750000E+06	4.516008E-01	-8.748507E+01
2.30295625000E+06	4.535122E-01	-8.733540E+01
2.30482500000E+06	4.539597E-01	-8.740353E+01
2.30669375000E+06	4.529124E-01	-8.748318E+01
2.30856250000E+06	4.543901E-01	-8.724560E+01
2.31043125000E+06	4.554770E-01	-8.739546E+01
2.31230000000E+06	4.555658E-01	-8.741350E+01
2.31416875000E+06	4.551023E-01	-8.741447E+01
2.31603750000E+06	4.562027E-01	-8.743649E+01
2.31790625000E+06	4.560502E-01	-8.734833E+01
2.31977500000E+06	4.559951E-01	-8.746691E+01
2.32164375000E+06	4.577518E-01	-8.734956E+01
2.32351250000E+06	4.575260E-01	-8.728548E+01
2.32538125000E+06	4.582773E-01	-8.717789E+01
2.32725000000E+06	4.574611E-01	-8.713816E+01
2.32911875000E+06	4.594074E-01	-8.725074E+01
2.33098750000E+06	4.591869E-01	-8.732972E+01
2.33285625000E+06	4.605620E-01	-8.739381E+01
2.33472500000E+06	4.595867E-01	-8.735927E+01
2.33659375000E+06	4.587566E-01	-8.711427E+01
2.33846250000E+06	4.602321E-01	-8.731512E+01
2.34033125000E+06	4.612746E-01	-8.736450E+01
2.34220000000E+06	4.614311E-01	-8.741346E+01
2.34406875000E+06	4.609544E-01	-8.733390E+01
2.34593750000E+06	4.614273E-01	-8.773668E+01
2.34780625000E+06	4.633443E-01	-8.737068E+01
2.34967500000E+06	4.632649E-01	-8.722311E+01
2.35154375000E+06	4.635113E-01	-8.734197E+01
2.35341250000E+06	4.643902E-01	-8.748011E+01
2.35528125000E+06	4.624219E-01	-8.731900E+01
2.35715000000E+06	4.635850E-01	-8.747441E+01
2.35901875000E+06	4.656378E-01	-8.744210E+01
2.36088750000E+06	4.634683E-01	-8.728397E+01
2.36275625000E+06	4.662582E-01	-8.726704E+01
2.36462500000E+06	4.656921E-01	-8.725859E+01
2.36649375000E+06	4.660012E-01	-8.733835E+01
2.36836250000E+06	4.667591E-01	-8.701452E+01
2.37023125000E+06	4.677259E-01	-8.748096E+01
2.37210000000E+06	4.679854E-01	-8.723440E+01
2.37396875000E+06	4.669800E-01	-8.747252E+01
2.37583750000E+06	4.685071E-01	-8.736163E+01
2.37770625000E+06	4.691724E-01	-8.722874E+01
2.37957500000E+06	4.701512E-01	-8.730669E+01
2.38144375000E+06	4.703425E-01	-8.752595E+01
2.38331250000E+06	4.701122E-01	-8.740781E+01
2.38518125000E+06	4.705610E-01	-8.726294E+01
2.38705000000E+06	4.700039E-01	-8.721519E+01
2.38891875000E+06	4.709131E-01	-8.740652E+01
2.39078750000E+06	4.723921E-01	-8.717132E+01
2.39265625000E+06	4.731232E-01	-8.716569E+01
2.39452500000E+06	4.722146E-01	-8.720694E+01
2.39639375000E+06	4.725893E-01	-8.727757E+01
2.39826250000E+06	4.740553E-01	-8.719581E+01
2.40013125000E+06	4.735897E-01	-8.727126E+01
2.40200000000E+06	4.735727E-01	-8.726763E+01
2.40386875000E+06	4.734955E-01	-8.718320E+01
2.40573750000E+06	4.743933E-01	-8.707410E+01
2.40760625000E+06	4.746341E-01	-8.693903E+01
2.40947500000E+06	4.742636E-01	-8.717722E+01
2.41134375000E+06	4.768142E-01	-8.712256E+01
2.41321250000E+06	4.769388E-01	-8.733914E+01
2.41508125000E+06	4.738345E-01	-8.708933E+01
2.41695000000E+06	4.778291E-01	-8.752074E+01
2.41881875000E+06	4.772376E-01	-8.720702E+01
2.42068750000E+06	4.779468E-01	-8.743566E+01
2.42255625000E+06	4.777875E-01	-8.748826E+01
2.42442500000E+06	4.795322E-01	-8.739810E+01
2.42629375000E+06	4.784265E-01	-8.757182E+01
2.42816250000E+06	4.804517E-01	-8.727322E+01
2.43003125000E+06	4.806369E-01	-8.725394E+01
2.43190000000E+06	4.818042E-01	-8.720632E+01
2.43376875000E+06	4.792588E-01	-8.744086E+01
2.43563750000E+06	4.811322E-01	-8.715020E+01
2.43750625000E+06	4.817038E-01	-8.732745E+01
2.43937500000E+06	4.826419E-01	-8.727048E+01
2.44124375000E+06	4.828411E-01	-8.699995E+01
2.44311250000E+06	4.828295E-01	-8.744375E+01
2.44498125000E+06	4.841200E-01	-8.736316E+01
2.44685000000E+06	4.841973E-01	-8.736671E+01
2.44871875000E+06	4.833270E-01	-8.719940E+01
2.45058750000E+06	4.836242E-01	-8.738664E+01
2.45245625000E+06	4.848862E-01	-8.737831E+01
2.45432500000E+06	4.841564E-01	-8.730804E+01
2.45619375000E+06	4.866679E-01	-8.714427E+01
2.45806250000E+06	4.862311E-01	-8.732388E+01
2.45993125000E+06	4.872687E-01	-8.731651E+01
2.46180000000E+06	4.877060E-01	-8.717403E+01
2.46366875000E+06	4.887137E-01	-8.721580E+01
2.46553750000E+06	4.875367E-01	-8.728499E+01
2.46740625000E+06	4.889124E-01	-8.705737E+01
2.46927500000E+06	4.888740E-01	-8.731506E+01
2.47114375000E+06	4.889554E-01	-8.730364E+01
2.47301250000E+06	4.894818E-01	-8.739255E+01
2.47488125000E+06	4.890797E-01	-8.736424E+01
2.47675000000E+06	4.908865E-01	-8.728083E+01
2.47861875000E+06	4.894609E-01	-8.724479E+01
2.48048750000E+06	4.909212E-01	-8.730264E+01
2.48235625000E+06	4.930072E-01	-8.730396E+01
2.48422500000E+06	4.915544E-01	-8.711582E+01
2.48609375000E+06	4.924310E-01	-8.720600E+01
2.48796250000E+06	4.901740E-01	-8.705923E+01
2.48983125000E+06	4.940404E-01	-8.726547E+01
2.49170000000E+06	4.929848E-01	-8.719854E+01
2.49356875000E+06	4.937275E-01	-8.716037E+01
2.49543750000E+06	4.920424E-01	-8.730529E+01
2.49730625000E+06	4.940847E-01	-8.699691E+01
2.49917500000E+06	4.923003E-01	-8.732627E+01
2.50104375000E+06	4.959898E-01	-8.726354E+01
2.50291250000E+06	4.947757E-01	-8.725183E+01
2.50478125000E+06	4.964525E-01	-8.710937E+01
2.50665000000E+06	4.973595E-01	-8.708432E+01
2.50851875000E+06	4.955836E-01	-8.718980E+01
2.51038750000E+06	4.977194E-01	-8.718842E+01
2.51225625000E+06	4.993275E-01	-8.693573E+01
2.51412500000E+06	4.962552E-01	-8.724339E+01
2.51599375000E+06	4.990371E-01	-8.714973E+01
2.51786250000E+06	4.966403E-01	-8.731168E+01
2.51973125000E+06	4.982119E-01	-8.727508E+01
2.52160000000E+06	4.990347E-01	-8.718282E+01
2.52346875000E+06	4.991161E-01	-8.704939E+01
2.52533750000E+06	4.997168E-01	-8.701895E+01
2.52720625000E+06	5.023287E-01	-8.710965E+01
2.52907500000E+06	4.992442E-01	-8.717455E+01
2.53094375000E+06	5.015391E-01	-8.719045E+01
2.53281250000E+06	5.004671E-01	-8.713042E+01
2.53468125000E+06	5.018293E-01	-8.705679E+01
2.53655000000E+06	5.020995E-01	-8.698391E+01
2.53841875000E+06	5.029976E-01	-8.714937E+01
2.54028750000E+06	5.046904E-01	-8.726926E+01
2.54215625000E+06	5.057156E-01	-8.706229E+01
2.54402500000E+06	5.046403E-01	-8.711045E+01
2.54589375000E+06	5.027422E-01	-8.714022E+01
2.54776250000E+06	5.057150E-01	-8.699532E+01
2.54963125000E+06	5.053941E-01	-8.703921E+01
2.55150000000E+06	5.070857E-01	-8.729913E+01
2.55336875000E+06	5.070271E-01	-8.723484E+01
2.55523750000E+06	5.043834E-01	-8.720141E+01
2.55710625000E+06	5.067731E-01	-8.699340E+01
2.55897500000E+06	5.069664E-01	-8.707365E+01
2.56084375000E+06	5.068368E-01	-8.730651E+01
2.56271250000E+06	5.086686E-01	-8.710313E+01
2.56458125000E+06	5.072548E-01	-8.729395E+01
2.56645000000E+06	5.071290E-01	-8.707597E+01
2.56831875000E+06	5.103248E-01	-8.729170E+01
2.57018750000E+06	5.083044E-01	-8.705721E+01
2.57205625000E+06	5.098159E-01	-8.706931E+01
2.57392500000E+06	5.094510E-01	-8.707988E+01
2.57579375000E+06	5.082090E-01	-8.704148E+01
2.57766250000E+06	5.126790E-01	-8.700547E+01
2.57953125000E+06	5.111772E-01	-8.706702E+01
2.58140000000E+06	5.113865E-01	-8.705009E+01
2.58326875000E+06	5.124675E-01	-8.721962E+01
2.58513750000E+06	5.139492E-01	-8.716760E+01
2.58700625000E+06	5.129341E-01	-8.707584E+01
2.58887500000E+06	5.130419E-01	-8.736271E+01
2.59074375000E+06	5.132867E-01	-8.698814E+01
2.59261250000E+06	5.142612E-01	-8.713821E+01
2.59448125000E+06	5.154899E-01	-8.717573E+01
2.59635000000E+06	5.158215E-01	-8.682355E+01
2.59821875000E+06	5.154770E-01	-8.716842E+01
2.60008750000E+06	5.165471E-01	-8.720473E+01
2.60195625000E+06	5.159895E-01	-8.704678E+01
2.60382500000E+06	5.160556E-01	-8.725973E+01
2.60569375000E+06	5.166109E-01	-8.719247E+01
2.60756250000E+06	5.177628E-01	-8.721787E+01
2.60943125000E+06	5.167361E-01	-8.706712E+01
2.61130000000E+06	5.173407E-01	-8.697825E+01
2.61316875000E+06	5.188211E-01	-8.704259E+01
2.61503750000E+06	5.197809E-01	-8.717688E+01
2.61690625000E+06	5.199468E-01	-8.705872E+01
2.61877500000E+06	5.203718E-01	-8.720287E+01
2.62064375000E+06	5.217682E-01	-8.696292E+01
2.62251250000E+06	5.209149E-01	-8.708306E+01
2.62438125000E+06	5.209769E-01	-8.687968E+01
2.62625000000E+06	5.221360E-01	-8.692915E+01
2.62811875000E+06	5.238655E-01	-8.694128E+01
2.62998750000E+06	5.197338E-01	-8.698155E+01
2.63185625000E+06	5.210053E-01	-8.709597E+01
2.63372500000E+06	5.224999E-01	-8.694499E+01
2.63559375000E+06	5.242615E-01	-8.708746E+01
2.63746250000E+06	5.242242E-01	-8.706036E+01
2.63933125000E+06	5.259944E-01	-8.701447E+01
2.64120000000E+06	5.239778E-01	-8.702316E+01
2.64306875000E+06	5.240107E-01	-8.720169E+01
2.64493750000E+06	5.242170E-01	-8.691694E+01
2.64680625000E+06	5.273380E-01	-8.704519E+01
2.64867500000E+06	5.263914E-01	-8.699726E+01
2.65054375000E+06	5.276308E-01	-8.703810E+01
2.65241250000E+06	5.281805E-01	-8.710227E+01
2.65428125000E+06	5.278902E-01	-8.695997E+01
2.65615000000E+06	5.283625E-01	-8.697149E+01
2.65801875000E+06	5.283630E-01	-8.698855E+01
2.65988750000E+06	5.286407E-01	-8.701456E+01
2.66175625000E+06	5.283032E-01	-8.693951E+01
2.66362500000E+06	5.284421E-01	-8.703630E+01
2.66549375000E+06	5.296580E-01	-8.723443E+01
2.66736250000E+06	5.316425E-01	-8.690876E+01
2.66923125000E+06	5.306861E-01	-8.678680E+01
2.67110000000E+06	5.297579E-01	-8.702169E+01
2.67296875000E+06	5.308750E-01	-8.697906E+01
2.67483750000E+06	5.311492E-01	-8.697305E+01
2.67670625000E+06	5.330468E-01	-8.702177E+01
2.67857500000E+06	5.331140E-01	-8.685989E+01
2.68044375000E+06	5.311707E-01	-8.691120E+01
2.68231250000E+06	5.341856E-01	-8.695956E+01
2.68418125000E+06	5.334822E-01	-8.706200E+01
2.68605000000E+06	5.341064E-01	-8.719599E+01
2.68791875000E+06	5.339817E-01	-8.705263E+01
2.68978750000E+06	5.362416E-01	-8.682758E+01
2.69165625000E+06	5.348067E-01	-8.703455E+01
2.69352500000E+06	5.349668E-01	-8.692239E+01
2.69539375000E+06	5.352321E-01	-8.700765E+01
2.69726250000E+06	5.361829E-01	-8.704945E+01
2.69913125000E+06	5.368923E-01	-8.683249E+01
2.70100000000E+06	5.378604E-01	-8.709746E+01
2.70286875000E+06	5.376555E-01	-8.700555E+01
2.70473750000E+06	5.372618E-01	-8.698721E+01
2.70660625000E+06	5.397964E-01	-8.703277E+01
2.70847500000E+06	5.389107E-01	-8.696944E+01
2.71034375000E+06	5.410861E-01	-8.687770E+01
2.71221250000E+06	5.406622E-01	-8.697455E+01
2.71408125000E+06	5.403390E-01	-8.685489E+01
2.71595000000E+06	5.391404E-01	-8.684595E+01
2.71781875000E+06	5.408182E-01	-8.697006E+01
2.71968750000E+06	5.415184E-01	-8.702309E+01
2.72155625000E+06	5.421718E-01	-8.695131E+01
2.72342500000E+06	5.423841E-01	-8.689151E+01
2.72529375000E+06	5.415310E-01	-8.690658E+01
2.72716250000E+06	5.419762E-01	-8.699598E+01
2.72903125000E+06	5.423794E-01	-8.713147E+01
2.73090000000E+06	5.424731E-01	-8.685313E+01
2.73276875000E+06	5.452308E-01	-8.703114E+01
2.73463750000E+06	5.440502E-01	-8.688660E+01
2.73650625000E+06	5.439979E-01	-8.683516E+01
2.73837500000E+06	5.458370E-01	-8.688132E+01
2.74024375000E+06	5.458956E-01	-8.688910E+01
2.74211250000E+06	5.452446E-01	-8.691283E+01
2.74398125000E+06	5.458578E-01	-8.685006E+01
2.74585000000E+06	5.467227E-01	-8.695564E+01
2.74771875000E+06	5.482987E-01	-8.706643E+01
2.74958750000E+06	5.472645E-01	-8.693645E+01
2.75145625000E+06	5.478082E-01	-8.689335E+01
2.75332500000E+06	5.498920E-01	-8.674750E+01
2.75519375000E+06	5.491077E-01	-8.683702E+01
2.75706250000E+06	5.502383E-01	-8.697988E+01
2.75893125000E+06	5.495448E-01	-8.694789E+01
2.76080000000E+06	5.500884E-01	-8.702705E+01
2.76266875000E+06	5.517377E-01	-8.689209E+01
2.76453750000E+06	5.507538E-01	-8.697169E+01
2.76640625000E+06	5.514554E-01	-8.696114E+01
2.76827500000E+06	5.523579E-01	-8.701018E+01
2.77014375000E+06	5.518746E-01	-8.698735E+01
2.77201250000E+06	5.518402E-01	-8.681470E+01
2.77388125000E+06	5.524822E-01	-8.698280E+01
2.77575000000E+06	5.542310E-01	-8.691972E+01
2.77761875000E+06	5.540802E-01	-8.685149E+01
2.77948750000E+06	5.539296E-01	-8.682601E+01
2.78135625000E+06	5.534411E-01	-8.692364E+01
2.78322500000E+06	5.550712E-01	-8.670850E+01
2.78509375000E+06	5.569500E-01	-8.698023E+01
2.78696250000E+06	5.553508E-01	-8.690134E+01
2.78883125000E+06	5.551561E-01	-8.681654E+01
2.79070000000E+06	5.575473E-01	-8.687975E+01
2.79256875000E+06	5.585207E-01	-8.694344E+01
2.79443750000E+06	5.568595E-01	-8.683694E+01
2.79630625000E+06	5.566341E-01	-8.691436E+01
2.79817500000E+06	5.572937E-01	-8.692478E+01
2.80004375000E+06	5.586452E-01	-8.659949E+01
2.80191250000E+06	5.588391E-01	-8.682014E+01
2.80378125000E+06	5.595747E-01	-8.696136E+01
2.80565000000E+06	5.589213E-01	-8.692296E+01
2.80751875000E+06	5.589234E-01	-8.684692E+01
2.80938750000E+06	5.591660E-01	-8.679366E+01
2.81125625000E+06	5.601078E-01	-8.689381E+01
2.81312500000E+06	5.622362E-01	-8.670832E+01
2.81499375000E+06	5.627903E-01	-8.683603E+01
2.81686250000E+06	5.617743E-01	-8.681871E+01
2.81873125000E+06	5.633337E-01	-8.680656E+01
2.82060000000E+06	5.620593E-01	-8.687691E+01
2.82246875000E+06	5.631239E-01	-8.678329E+01
2.82433750000E+06	5.625928E-01	-8.692579E+01
2.82620625000E+06	5.651621E-01	-8.684057E+01
2.82807500000E+06	5.630540E-01	-8.677193E+01
2.82994375000E+06	5.655146E-01	-8.674531E+01
2.83181250000E+06	5.641928E-01	-8.687720E+01
2.83368125000E+06	5.668421E-01	-8.680866E+01
2.83555000000E+06	5.671925E-01	-8.661172E+01
2.83741875000E+06	5.678391E-01	-8.680461E+01
2.83928750000E+06	5.667849E-01	-8.687991E+01
2.84115625000E+06	5.666785E-01	-8.675010E+01
2.84302500000E+06	5.676046E-01	-8.675965E+01
2.84489375000E+06	5.681483E-01	-8.672673E+01
2.84676250000E+06	5.677986E-01	-8.684294E+01
2.84863125000E+06	5.689055E-01	-8.686240E+01
2.85050000000E+06	5.687860E-01	-8.665102E+01
2.85236875000E+06	5.692523E-01	-8.675674E+01
2.85423750000E+06	5.706866E-01	-8.665842E+01
2.85610625000E+06	5.700947E-01	-8.674875E+01
2.85797500000E+06	5.700698E-01	-8.696588E+01
2.85984375000E+06	5.703152E-01	-8.662966E+01
2.86171250000E+06	5.739686E-01	-8.674562E+01
2.86358125000E+06	5.726938E-01	-8.681313E+01
2.86545000000E+06	5.721262E-01	-8.678622E+01
2.86731875000E+06	5.721118E-01	-8.689385E+01
2.86918750000E+06	5.745642E-01	-8.658968E+01
2.87105625000E+06	5.741917E-01	-8.696156E+01
2.87292500000E+06	5.741653E-01	-8.678307E+01
2.87479375000E+06	5.757197E-01	-8.683500E+01
2.87666250000E+06	5.742539E-01	-8.668960E+01
2.87853125000E+06	5.768247E-01	-8.674443E+01
2.88040000000E+06	5.747758E-01	-8.664283E+01
2.88226875000E+06	5.755937E-01	-8.664780E+01
2.88413750000E+06	5.764165E-01	-8.672881E+01
2.88600625000E+06	5.767164E-01	-8.677480E+01
2.88787500000E+06	5.764174E-01	-8.677843E+01
2.88974375000E+06	5.748220E-01	-8.670436E+01
2.89161250000E+06	5.756637E-01	-8.666821E+01
2.89348125000E+06	5.776988E-01	-8.664056E+01
2.89535000000E+06	5.779213E-01	-8.668997E+01
2.89721875000E+06	5.785862E-01	-8.665725E+01
2.89908750000E+06	5.780694E-01	-8.673155E+01
2.90095625000E+06	5.798471E-01	-8.681445E+01
2.90282500000E+06	5.791746E-01	-8.655597E+01
2.90469375000E+06	5.786072E-01	-8.661357E+01
2.90656250000E+06	5.813874E-01	-8.670527E+01
2.90843125000E+06	5.808510E-01	-8.679948E+01
2.91030000000E+06	5.812716E-01	-8.681296E+01
2.91216875000E+06	5.812305E-01	-8.657040E+01
2.91403750000E+06	5.820914E-01	-8.668228E+01
2.91590625000E+06	5.804896E-01	-8.648253E+01
2.91777500000E+06	5.836055E-01	-8.662415E+01
2.91964375000E+06	5.837312E-01	-8.669372E+01
2.92151250000E+06	5.846332E-01	-8.662170E+01
2.92338125000E+06	5.813742E-01	-8.676642E+01
2.92525000000E+06	5.838715E-01	-8.681844E+01
2.92711875000E+06	5.837645E-01	-8.655397E+01
2.92898750000E+06	5.846663E-01	-8.662974E+01
2.93085625000E+06	5.829217E-01	-8.675893E+01
2.93272500000E+06	5.841842E-01	-8.654360E+01
2.93459375000E+06	5.865462E-01	-8.644501E+01
2.93646250000E+06	5.885959E-01	-8.655545E+01
2.93833125000E+06	5.885293E-01	-8.658389E+01
2.94020000000E+06	5.877995E-01	-8.673341E+01
2.94206875000E+06	5.857859E-01	-8.647863E+01
2.94393750000E+06	5.888061E-01	-8.672196E+01
2.94580625000E+06	5.877255E-01	-8.659682E+01
2.94767500000E+06	5.888312E-01	-8.660751E+01
2.94954375000E+06	5.883722E-01	-8.655841E+01
2.95141250000E+06	5.908331E-01	-8.648097E+01
2.95328125000E+06	5.904165E-01	-8.655292E+01
2.95515000000E+06	5.909962E-01	-8.655568E+01
2.95701875000E+06	5.910916E-01	-8.650072E+01
2.95888750000E+06	5.920765E-01	-8.670814E+01
2.96075625000E+06	5.914511E-01	-8.661629E+01
2.96262500000E+06	5.942783E-01	-8.660900E+01
2.96449375000E+06	5.939072E-01	-8.659054E+01
2.96636250000E+06	5.915806E-01	-8.672208E+01
2.96823125000E+06	5.933369E-01	-8.655099E+01
2.97010000000E+06	5.937604E-01	-8.655756E+01
2.97196875000E+06	5.951089E-01	-8.646201E+01
2.97383750000E+06	5.946276E-01	-8.661736E+01
2.97570625000E+06	5.956389E-01	-8.653778E+01
2.97757500000E+06	5.947836E-01	-8.645168E+01
2.97944375000E+06	5.958491E-01	-8.655658E+01
2.98131250000E+06	5.958502E-01	-8.653370E+01
2.98318125000E+06	5.972609E-01	-8.665166E+01
2.98505000000E+06	5.976238E-01	-8.655275E+01
2.98691875000E+06	5.977697E-01	-8.652718E+01
2.98878750000E+06	5.980946E-01	-8.657734E+01
2.99065625000E+06	5.994547E-01	-8.645091E+01
2.99252500000E+06	5.980577E-01	-8.648961E+01
2.99439375000E+06	5.980846E-01	-8.673486E+01
2.99626250000E+06	5.999116E-01	-8.644933E+01
2.99813125000E+06	6.001502E-01	-8.649704E+01
3.00000000000E+06	6.004948E-01	-8.651952E+01
