"E5100A REV3.14"
"DATE: Jun 24 2004"



"CHANNEL: 2"
"MEASURE TYPE: AR"
"FORMAT TYPE: LINMP"
"NUMBER of POINTS: 1601"
"SWEEP TIME:  3.458 s"
"SWEEP TYPE: LINF"
"SOURCE POWER: 0 dBm"
"IF BANDWIDTH: 500 Hz"

"Frequency"	"Main Array"	"Sub Array"
1.00000000000E+04	7.651594E-02	5.868652E+01
1.18687500000E+04	1.997996E-01	-1.112977E+02
1.37375000000E+04	1.558541E-01	1.523103E+02
1.56062500000E+04	9.592555E-02	-4.766224E+01
1.74750000000E+04	9.344061E-02	1.132638E+02
1.93437500000E+04	2.987978E-02	1.610687E+02
2.12125000000E+04	7.452273E-02	-1.208927E+02
2.30812500000E+04	2.270917E-02	-1.888089E+01
2.49500000000E+04	2.548329E-02	-1.044774E+02
2.68187500000E+04	2.282661E-02	9.687135E+01
2.86875000000E+04	1.315485E-02	-2.190553E+01
3.05562500000E+04	3.299749E-02	-2.535194E+01
3.24250000000E+04	4.510386E-02	-4.213851E+01
3.42937500000E+04	3.139772E-03	-2.693621E+01
3.61625000000E+04	3.165747E-02	4.301498E+01
3.80312500000E+04	3.350367E-02	1.262774E+02
3.99000000000E+04	1.667505E-02	1.809785E+01
4.17687500000E+04	5.952651E-03	-1.724762E+02
4.36375000000E+04	1.802841E-02	-9.775024E+01
4.55062500000E+04	7.540298E-03	-6.902982E+01
4.73750000000E+04	3.364287E-02	-1.202661E+02
4.92437500000E+04	1.393411E-02	1.300952E+02
5.11125000000E+04	1.311112E-02	2.128976E+01
5.29812500000E+04	9.649657E-03	1.262375E+02
5.48500000000E+04	8.289879E-03	1.710212E+02
5.67187500000E+04	1.538943E-02	-1.500760E+01
5.85875000000E+04	6.915037E-03	1.593665E+02
6.04562500000E+04	1.248094E-02	1.565372E+02
6.23250000000E+04	7.335138E-03	-1.555051E+02
6.41937500000E+04	1.572645E-02	1.144390E+02
6.60625000000E+04	1.232334E-02	-9.718924E+00
6.79312500000E+04	2.035147E-02	8.746296E+01
6.98000000000E+04	1.625916E-02	1.198895E+02
7.16687500000E+04	7.829568E-03	3.329298E+01
7.35375000000E+04	1.849706E-02	1.079772E+02
7.54062500000E+04	1.106037E-02	1.301283E+02
7.72750000000E+04	6.781586E-03	1.021339E+02
7.91437500000E+04	2.006966E-02	1.004379E+02
8.10125000000E+04	4.043026E-03	8.067879E+01
8.28812500000E+04	3.690653E-03	-5.332977E+00
8.47500000000E+04	9.853397E-03	8.960098E+01
8.66187500000E+04	1.492985E-02	-1.767816E+02
8.84875000000E+04	6.508336E-03	-1.732577E+02
9.03562500000E+04	1.505403E-02	-3.998615E+01
9.22250000000E+04	1.114009E-02	1.685932E+02
9.40937500000E+04	9.886919E-03	2.574484E+01
9.59625000000E+04	1.085726E-02	1.429075E+01
9.78312500000E+04	1.023581E-02	4.112713E+01
9.97000000000E+04	4.416682E-03	1.468341E+02
1.01568750000E+05	3.051037E-03	1.080175E+02
1.03437500000E+05	5.490409E-03	5.783094E+01
1.05306250000E+05	7.211312E-03	1.116165E+02
1.07175000000E+05	7.879373E-03	5.891601E+01
1.09043750000E+05	9.404085E-03	1.271080E+02
1.10912500000E+05	7.647166E-03	1.107772E+02
1.12781250000E+05	1.080042E-02	1.559051E+02
1.14650000000E+05	8.284802E-03	9.115298E+01
1.16518750000E+05	7.337127E-03	2.699420E+01
1.18387500000E+05	4.925696E-03	1.189906E+02
1.20256250000E+05	1.421320E-02	4.851920E+01
1.22125000000E+05	4.489539E-03	1.413698E+02
1.23993750000E+05	9.524162E-03	1.285323E+02
1.25862500000E+05	3.612580E-03	-3.423385E+01
1.27731250000E+05	4.236797E-03	5.093806E+01
1.29600000000E+05	9.543465E-03	1.197509E+02
1.31468750000E+05	9.355553E-03	9.809645E+01
1.33337500000E+05	8.864677E-03	5.130343E+01
1.35206250000E+05	1.888290E-03	5.386810E+01
1.37075000000E+05	6.029009E-03	4.159719E+01
1.38943750000E+05	5.037392E-03	6.148026E+01
1.40812500000E+05	3.730061E-03	9.264275E+01
1.42681250000E+05	1.261132E-02	8.081233E+01
1.44550000000E+05	1.582963E-03	1.030115E+02
1.46418750000E+05	5.507139E-03	-1.428559E+02
1.48287500000E+05	1.765285E-02	1.050168E+02
1.50156250000E+05	8.679432E-03	1.220703E+02
1.52025000000E+05	5.229502E-03	1.431696E+01
1.53893750000E+05	9.873454E-03	1.144704E+01
1.55762500000E+05	1.222308E-02	1.099902E+02
1.57631250000E+05	1.213156E-02	9.914896E+01
1.59500000000E+05	1.572354E-02	2.221405E+01
1.61368750000E+05	6.666559E-03	3.166065E+01
1.63237500000E+05	1.005669E-02	1.082699E+02
1.65106250000E+05	8.109717E-03	1.177079E+02
1.66975000000E+05	1.388465E-02	1.021730E+02
1.68843750000E+05	6.748178E-03	1.531324E+02
1.70712500000E+05	7.666241E-03	1.187048E+02
1.72581250000E+05	5.768395E-03	1.034000E+02
1.74450000000E+05	1.523766E-02	6.023445E+01
1.76318750000E+05	1.054076E-02	3.282728E+01
1.78187500000E+05	3.520578E-03	5.876380E+01
1.80056250000E+05	6.562007E-03	-4.955594E+01
1.81925000000E+05	1.212541E-02	9.254256E+01
1.83793750000E+05	1.211866E-02	7.705003E+01
1.85662500000E+05	4.842870E-03	1.027454E+02
1.87531250000E+05	4.953072E-03	5.466581E+01
1.89400000000E+05	1.160305E-02	6.775935E+01
1.91268750000E+05	1.044551E-02	1.549636E+02
1.93137500000E+05	1.071757E-02	1.041380E+02
1.95006250000E+05	7.310892E-03	4.043779E+00
1.96875000000E+05	1.420995E-02	7.880554E+01
1.98743750000E+05	6.404350E-03	9.469547E+01
2.00612500000E+05	6.740512E-03	1.545348E+02
2.02481250000E+05	9.572006E-03	1.107844E+02
2.04350000000E+05	6.807683E-03	5.920288E+01
2.06218750000E+05	7.929166E-03	1.199294E+02
2.08087500000E+05	6.265266E-03	8.547427E+01
2.09956250000E+05	7.164513E-03	1.186268E+02
2.11825000000E+05	9.944460E-03	7.461757E+01
2.13693750000E+05	8.348982E-03	4.178424E+01
2.15562500000E+05	9.727094E-03	7.849120E+01
2.17431250000E+05	8.189516E-03	8.855022E+01
2.19300000000E+05	1.376091E-02	9.631518E+01
2.21168750000E+05	9.241004E-03	7.749434E+01
2.23037500000E+05	2.979313E-03	7.255707E+01
2.24906250000E+05	9.905030E-03	7.698014E+01
2.26775000000E+05	9.721894E-03	1.019417E+02
2.28643750000E+05	5.564446E-03	1.356703E+02
2.30512500000E+05	6.520705E-03	6.789360E+01
2.32381250000E+05	7.777869E-03	1.073527E+02
2.34250000000E+05	7.429082E-03	8.091257E+01
2.36118750000E+05	1.018726E-02	1.072977E+02
2.37987500000E+05	1.352160E-02	1.081701E+02
2.39856250000E+05	1.064136E-02	6.510392E+01
2.41725000000E+05	1.222314E-02	7.515495E+01
2.43593750000E+05	1.117724E-02	1.184642E+02
2.45462500000E+05	7.136858E-03	1.007132E+02
2.47331250000E+05	1.784729E-02	9.814122E+01
2.49200000000E+05	7.572810E-03	6.319490E+01
2.51068750000E+05	1.383900E-02	1.174030E+02
2.52937500000E+05	1.430126E-02	4.149020E+01
2.54806250000E+05	1.012155E-02	9.760538E+01
2.56675000000E+05	8.637409E-03	8.035871E+01
2.58543750000E+05	7.333430E-03	9.466697E+01
2.60412500000E+05	5.781633E-03	1.032348E+02
2.62281250000E+05	1.298055E-02	1.005504E+02
2.64150000000E+05	1.361074E-02	7.453513E+01
2.66018750000E+05	1.415303E-02	8.860381E+01
2.67887500000E+05	1.559802E-02	7.353541E+01
2.69756250000E+05	1.432419E-02	1.030103E+02
2.71625000000E+05	9.671054E-03	6.458222E+01
2.73493750000E+05	7.073338E-03	1.178791E+02
2.75362500000E+05	6.924864E-03	1.126072E+02
2.77231250000E+05	1.361435E-02	5.571546E+01
2.79100000000E+05	1.569809E-02	8.879308E+01
2.80968750000E+05	1.474831E-02	1.070999E+02
2.82837500000E+05	1.627211E-02	8.469209E+01
2.84706250000E+05	1.534896E-02	9.363409E+01
2.86575000000E+05	1.265411E-02	8.839158E+01
2.88443750000E+05	1.210748E-02	7.853679E+01
2.90312500000E+05	8.523233E-03	8.979908E+01
2.92181250000E+05	8.613233E-03	1.043673E+02
2.94050000000E+05	1.380455E-02	8.342832E+01
2.95918750000E+05	1.588359E-02	9.804585E+01
2.97787500000E+05	1.475998E-02	7.646124E+01
2.99656250000E+05	1.194385E-02	8.806475E+01
3.01525000000E+05	2.293941E-02	9.316660E+01
3.03393750000E+05	7.647090E-03	9.870603E+01
3.05262500000E+05	1.252158E-02	9.141435E+01
3.07131250000E+05	1.137072E-02	7.837428E+01
3.09000000000E+05	8.827847E-03	8.353674E+01
3.10868750000E+05	1.415933E-02	7.059379E+01
3.12737500000E+05	1.317039E-02	8.704546E+01
3.14606250000E+05	1.428180E-02	9.819213E+01
3.16475000000E+05	1.319460E-02	9.496874E+01
3.18343750000E+05	9.703421E-03	7.471952E+01
3.20212500000E+05	1.571276E-02	7.636651E+01
3.22081250000E+05	1.308647E-02	8.467953E+01
3.23950000000E+05	1.062631E-02	8.470708E+01
3.25818750000E+05	1.120475E-02	1.034424E+02
3.27687500000E+05	1.116717E-02	7.648959E+01
3.29556250000E+05	1.231035E-02	7.164887E+01
3.31425000000E+05	1.194571E-02	9.928452E+01
3.33293750000E+05	1.238934E-02	9.361530E+01
3.35162500000E+05	1.383726E-02	8.558104E+01
3.37031250000E+05	8.857472E-03	1.091685E+02
3.38900000000E+05	1.647514E-02	1.049568E+02
3.40768750000E+05	1.291372E-02	8.936866E+01
3.42637500000E+05	1.445180E-02	9.327726E+01
3.44506250000E+05	1.856009E-02	9.609430E+01
3.46375000000E+05	1.868224E-02	9.797948E+01
3.48243750000E+05	1.065734E-02	1.149004E+02
3.50112500000E+05	1.357770E-02	7.874400E+01
3.51981250000E+05	1.346683E-02	8.495168E+01
3.53850000000E+05	1.974962E-02	8.309235E+01
3.55718750000E+05	1.721223E-02	8.024236E+01
3.57587500000E+05	1.555359E-02	9.009315E+01
3.59456250000E+05	1.086216E-02	7.854312E+01
3.61325000000E+05	1.507871E-02	8.049067E+01
3.63193750000E+05	1.513107E-02	1.036964E+02
3.65062500000E+05	1.144317E-02	8.228934E+01
3.66931250000E+05	1.737292E-02	9.014637E+01
3.68800000000E+05	1.453042E-02	1.023410E+02
3.70668750000E+05	2.142581E-02	8.277296E+01
3.72537500000E+05	1.562366E-02	1.063999E+02
3.74406250000E+05	1.587104E-02	7.549982E+01
3.76275000000E+05	1.788716E-02	8.447505E+01
3.78143750000E+05	1.455588E-02	8.952918E+01
3.80012500000E+05	1.759232E-02	8.881181E+01
3.81881250000E+05	1.627279E-02	8.923812E+01
3.83750000000E+05	1.715432E-02	1.068644E+02
3.85618750000E+05	1.617733E-02	9.263059E+01
3.87487500000E+05	1.948805E-02	9.530775E+01
3.89356250000E+05	2.072544E-02	9.894047E+01
3.91225000000E+05	1.706656E-02	9.985432E+01
3.93093750000E+05	1.598497E-02	8.531594E+01
3.94962500000E+05	2.069573E-02	9.694943E+01
3.96831250000E+05	1.912375E-02	8.489335E+01
3.98700000000E+05	1.478871E-02	7.691417E+01
4.00568750000E+05	1.767427E-02	8.975957E+01
4.02437500000E+05	1.637033E-02	9.168752E+01
4.04306250000E+05	2.403092E-02	8.327588E+01
4.06175000000E+05	1.821791E-02	9.926070E+01
4.08043750000E+05	2.099066E-02	8.625227E+01
4.09912500000E+05	1.903334E-02	8.271276E+01
4.11781250000E+05	2.201585E-02	8.695216E+01
4.13650000000E+05	2.393963E-02	9.401551E+01
4.15518750000E+05	1.928553E-02	9.271954E+01
4.17387500000E+05	1.766160E-02	9.000636E+01
4.19256250000E+05	1.619228E-02	9.502336E+01
4.21125000000E+05	1.685486E-02	8.253236E+01
4.22993750000E+05	1.485492E-02	8.580808E+01
4.24862500000E+05	1.677323E-02	7.031531E+01
4.26731250000E+05	1.407887E-02	8.339317E+01
4.28600000000E+05	1.618962E-02	8.215665E+01
4.30468750000E+05	2.301533E-02	8.258272E+01
4.32337500000E+05	1.733554E-02	9.924892E+01
4.34206250000E+05	2.348515E-02	8.117236E+01
4.36075000000E+05	1.774622E-02	7.355654E+01
4.37943750000E+05	1.637536E-02	8.897761E+01
4.39812500000E+05	1.639236E-02	8.927814E+01
4.41681250000E+05	1.991690E-02	8.373902E+01
4.43550000000E+05	1.799951E-02	9.035704E+01
4.45418750000E+05	1.495521E-02	9.480252E+01
4.47287500000E+05	1.856393E-02	9.520935E+01
4.49156250000E+05	1.778680E-02	9.455954E+01
4.51025000000E+05	2.323620E-02	8.885683E+01
4.52893750000E+05	2.183463E-02	9.946427E+01
4.54762500000E+05	1.867744E-02	8.216402E+01
4.56631250000E+05	1.605508E-02	8.786342E+01
4.58500000000E+05	1.888072E-02	8.887637E+01
4.60368750000E+05	1.930270E-02	9.683968E+01
4.62237500000E+05	2.331138E-02	9.556535E+01
4.64106250000E+05	1.886065E-02	9.734072E+01
4.65975000000E+05	1.939741E-02	9.505270E+01
4.67843750000E+05	2.109592E-02	1.010320E+02
4.69712500000E+05	2.413938E-02	9.687748E+01
4.71581250000E+05	1.827008E-02	9.386481E+01
4.73450000000E+05	2.127719E-02	9.986708E+01
4.75318750000E+05	2.297189E-02	9.392242E+01
4.77187500000E+05	2.042013E-02	7.625895E+01
4.79056250000E+05	1.776398E-02	8.248866E+01
4.80925000000E+05	1.859798E-02	9.161762E+01
4.82793750000E+05	2.236874E-02	9.596652E+01
4.84662500000E+05	2.225181E-02	8.756818E+01
4.86531250000E+05	2.031680E-02	8.715967E+01
4.88400000000E+05	2.244180E-02	8.626321E+01
4.90268750000E+05	1.863620E-02	8.456252E+01
4.92137500000E+05	1.920112E-02	9.354366E+01
4.94006250000E+05	2.484616E-02	8.931641E+01
4.95875000000E+05	2.035247E-02	8.262632E+01
4.97743750000E+05	2.066276E-02	8.867866E+01
4.99612500000E+05	2.088103E-02	8.669717E+01
5.01481250000E+05	2.244317E-02	7.907344E+01
5.03350000000E+05	2.261304E-02	8.461883E+01
5.05218750000E+05	2.322850E-02	8.901558E+01
5.07087500000E+05	1.806627E-02	9.084802E+01
5.08956250000E+05	2.374867E-02	9.382278E+01
5.10825000000E+05	1.895798E-02	7.395999E+01
5.12693750000E+05	1.904627E-02	9.463491E+01
5.14562500000E+05	2.112542E-02	1.079617E+02
5.16431250000E+05	2.072712E-02	9.324034E+01
5.18300000000E+05	2.314255E-02	9.846223E+01
5.20168750000E+05	2.253718E-02	8.824145E+01
5.22037500000E+05	1.891449E-02	9.263070E+01
5.23906250000E+05	2.136263E-02	1.000302E+02
5.25775000000E+05	2.458345E-02	7.986797E+01
5.27643750000E+05	2.485723E-02	8.615605E+01
5.29512500000E+05	2.213641E-02	9.139482E+01
5.31381250000E+05	2.602763E-02	9.392865E+01
5.33250000000E+05	2.167533E-02	8.923940E+01
5.35118750000E+05	2.357759E-02	9.091161E+01
5.36987500000E+05	1.974319E-02	8.231594E+01
5.38856250000E+05	2.240267E-02	8.656297E+01
5.40725000000E+05	2.001290E-02	8.603976E+01
5.42593750000E+05	2.242083E-02	9.782726E+01
5.44462500000E+05	2.680607E-02	8.787860E+01
5.46331250000E+05	2.381409E-02	8.562270E+01
5.48200000000E+05	1.959653E-02	8.997478E+01
5.50068750000E+05	2.041648E-02	1.035333E+02
5.51937500000E+05	2.509473E-02	9.615014E+01
5.53806250000E+05	2.261344E-02	9.153745E+01
5.55675000000E+05	2.254114E-02	8.725515E+01
5.57543750000E+05	2.532811E-02	8.775918E+01
5.59412500000E+05	2.201784E-02	8.227942E+01
5.61281250000E+05	2.288990E-02	8.708998E+01
5.63150000000E+05	2.206021E-02	8.634605E+01
5.65018750000E+05	2.496993E-02	9.458308E+01
5.66887500000E+05	2.285347E-02	1.056586E+02
5.68756250000E+05	2.490655E-02	9.126698E+01
5.70625000000E+05	2.373559E-02	8.849526E+01
5.72493750000E+05	2.238398E-02	9.822091E+01
5.74362500000E+05	2.400885E-02	8.975880E+01
5.76231250000E+05	2.561439E-02	8.432355E+01
5.78100000000E+05	2.379792E-02	1.039090E+02
5.79968750000E+05	2.376262E-02	8.478384E+01
5.81837500000E+05	2.567813E-02	9.113387E+01
5.83706250000E+05	2.360442E-02	9.411531E+01
5.85575000000E+05	2.505693E-02	9.446275E+01
5.87443750000E+05	2.625762E-02	9.249060E+01
5.89312500000E+05	2.184075E-02	8.920113E+01
5.91181250000E+05	2.210372E-02	9.190444E+01
5.93050000000E+05	2.127006E-02	9.149339E+01
5.94918750000E+05	2.614264E-02	9.495026E+01
5.96787500000E+05	2.282428E-02	9.353381E+01
5.98656250000E+05	2.691611E-02	9.547989E+01
6.00525000000E+05	2.409966E-02	8.334001E+01
6.02393750000E+05	2.639722E-02	9.180688E+01
6.04262500000E+05	2.296419E-02	9.160757E+01
6.06131250000E+05	2.712795E-02	9.469550E+01
6.08000000000E+05	2.912447E-02	9.369293E+01
6.09868750000E+05	2.443337E-02	9.645586E+01
6.11737500000E+05	2.576458E-02	9.774336E+01
6.13606250000E+05	2.515993E-02	8.303780E+01
6.15475000000E+05	2.623134E-02	9.841615E+01
6.17343750000E+05	2.385233E-02	9.884599E+01
6.19212500000E+05	2.330615E-02	8.574827E+01
6.21081250000E+05	2.397138E-02	8.548087E+01
6.22950000000E+05	2.690105E-02	9.424702E+01
6.24818750000E+05	2.670637E-02	9.133056E+01
6.26687500000E+05	2.487338E-02	9.967242E+01
6.28556250000E+05	2.579308E-02	9.366032E+01
6.30425000000E+05	2.516897E-02	9.046164E+01
6.32293750000E+05	2.771952E-02	9.411753E+01
6.34162500000E+05	2.591213E-02	9.415723E+01
6.36031250000E+05	2.515418E-02	9.435854E+01
6.37900000000E+05	2.700624E-02	8.470561E+01
6.39768750000E+05	2.739902E-02	9.714771E+01
6.41637500000E+05	2.558441E-02	8.997299E+01
6.43506250000E+05	2.910122E-02	9.469621E+01
6.45375000000E+05	2.867637E-02	8.610866E+01
6.47243750000E+05	3.055763E-02	9.247940E+01
6.49112500000E+05	2.793289E-02	9.356801E+01
6.50981250000E+05	2.683342E-02	9.681187E+01
6.52850000000E+05	2.785985E-02	8.059984E+01
6.54718750000E+05	2.756150E-02	8.752544E+01
6.56587500000E+05	2.786810E-02	9.673521E+01
6.58456250000E+05	3.269904E-02	9.109992E+01
6.60325000000E+05	2.780694E-02	9.737678E+01
6.62193750000E+05	2.424468E-02	9.366389E+01
6.64062500000E+05	2.713707E-02	9.546931E+01
6.65931250000E+05	2.923092E-02	9.208691E+01
6.67800000000E+05	2.977292E-02	9.114645E+01
6.69668750000E+05	2.543591E-02	9.303047E+01
6.71537500000E+05	2.561679E-02	9.570660E+01
6.73406250000E+05	2.987548E-02	8.715326E+01
6.75275000000E+05	2.771636E-02	9.134332E+01
6.77143750000E+05	2.588115E-02	9.367408E+01
6.79012500000E+05	2.689910E-02	9.615022E+01
6.80881250000E+05	2.882565E-02	9.770673E+01
6.82750000000E+05	2.584104E-02	9.205667E+01
6.84618750000E+05	2.421239E-02	9.042062E+01
6.86487500000E+05	2.972099E-02	8.898732E+01
6.88356250000E+05	2.965534E-02	9.243133E+01
6.90225000000E+05	3.001249E-02	9.626862E+01
6.92093750000E+05	2.844439E-02	8.485151E+01
6.93962500000E+05	2.642592E-02	8.876746E+01
6.95831250000E+05	3.049771E-02	9.552116E+01
6.97700000000E+05	2.809819E-02	9.221025E+01
6.99568750000E+05	2.522709E-02	9.070802E+01
7.01437500000E+05	2.763147E-02	8.801187E+01
7.03306250000E+05	2.840343E-02	9.120426E+01
7.05175000000E+05	3.032646E-02	8.869459E+01
7.07043750000E+05	2.655720E-02	9.428406E+01
7.08912500000E+05	2.964580E-02	9.350105E+01
7.10781250000E+05	2.788653E-02	9.476925E+01
7.12650000000E+05	3.051440E-02	9.246394E+01
7.14518750000E+05	2.716844E-02	9.242741E+01
7.16387500000E+05	2.827734E-02	9.687932E+01
7.18256250000E+05	2.861230E-02	9.863679E+01
7.20125000000E+05	3.092003E-02	9.413306E+01
7.21993750000E+05	2.698552E-02	9.369418E+01
7.23862500000E+05	3.005029E-02	9.170377E+01
7.25731250000E+05	3.060490E-02	9.488799E+01
7.27600000000E+05	3.053494E-02	9.179504E+01
7.29468750000E+05	3.103715E-02	8.846154E+01
7.31337500000E+05	2.982486E-02	9.183949E+01
7.33206250000E+05	3.145941E-02	9.265688E+01
7.35075000000E+05	3.197474E-02	9.287253E+01
7.36943750000E+05	3.207242E-02	9.864993E+01
7.38812500000E+05	3.205238E-02	9.093676E+01
7.40681250000E+05	2.960999E-02	9.013447E+01
7.42550000000E+05	3.455668E-02	9.976321E+01
7.44418750000E+05	3.332596E-02	9.109059E+01
7.46287500000E+05	2.961797E-02	9.055676E+01
7.48156250000E+05	3.439943E-02	9.066662E+01
7.50025000000E+05	3.288757E-02	8.856046E+01
7.51893750000E+05	3.230284E-02	9.266338E+01
7.53762500000E+05	3.170721E-02	9.262818E+01
7.55631250000E+05	3.148650E-02	9.569604E+01
7.57500000000E+05	2.956232E-02	9.856185E+01
7.59368750000E+05	3.581702E-02	9.104150E+01
7.61237500000E+05	3.035403E-02	8.917336E+01
7.63106250000E+05	3.425984E-02	8.839970E+01
7.64975000000E+05	3.321005E-02	9.282328E+01
7.66843750000E+05	3.008240E-02	8.742718E+01
7.68712500000E+05	3.317229E-02	9.079518E+01
7.70581250000E+05	3.356441E-02	8.762119E+01
7.72450000000E+05	2.882244E-02	9.092568E+01
7.74318750000E+05	2.992824E-02	9.126731E+01
7.76187500000E+05	3.380400E-02	8.856621E+01
7.78056250000E+05	3.397140E-02	9.616776E+01
7.79925000000E+05	3.543193E-02	8.539028E+01
7.81793750000E+05	2.975715E-02	9.507709E+01
7.83662500000E+05	3.275530E-02	9.076098E+01
7.85531250000E+05	3.247423E-02	8.955965E+01
7.87400000000E+05	3.445553E-02	8.897873E+01
7.89268750000E+05	3.120224E-02	8.852566E+01
7.91137500000E+05	3.299880E-02	9.449309E+01
7.93006250000E+05	3.177973E-02	9.011732E+01
7.94875000000E+05	3.182905E-02	9.180795E+01
7.96743750000E+05	3.021700E-02	9.371229E+01
7.98612500000E+05	3.462594E-02	9.143723E+01
8.00481250000E+05	3.155721E-02	9.267590E+01
8.02350000000E+05	3.370660E-02	9.113940E+01
8.04218750000E+05	3.239146E-02	9.388933E+01
8.06087500000E+05	3.270798E-02	9.278955E+01
8.07956250000E+05	3.310758E-02	9.233173E+01
8.09825000000E+05	3.475566E-02	9.396947E+01
8.11693750000E+05	3.378959E-02	9.371685E+01
8.13562500000E+05	3.318423E-02	9.098705E+01
8.15431250000E+05	3.328151E-02	9.472189E+01
8.17300000000E+05	3.471912E-02	9.031145E+01
8.19168750000E+05	3.153480E-02	9.651701E+01
8.21037500000E+05	3.346225E-02	9.606474E+01
8.22906250000E+05	3.454821E-02	8.910086E+01
8.24775000000E+05	3.563448E-02	9.037740E+01
8.26643750000E+05	3.225660E-02	9.390816E+01
8.28512500000E+05	3.273154E-02	9.032476E+01
8.30381250000E+05	3.165558E-02	8.921904E+01
8.32250000000E+05	3.439170E-02	9.260486E+01
8.34118750000E+05	3.613774E-02	8.996642E+01
8.35987500000E+05	3.311152E-02	9.123239E+01
8.37856250000E+05	3.485972E-02	9.108491E+01
8.39725000000E+05	3.557621E-02	9.458105E+01
8.41593750000E+05	3.743541E-02	8.920322E+01
8.43462500000E+05	3.345717E-02	9.693673E+01
8.45331250000E+05	3.429712E-02	9.030154E+01
8.47200000000E+05	3.509676E-02	9.301544E+01
8.49068750000E+05	3.085603E-02	9.121819E+01
8.50937500000E+05	3.176209E-02	9.331756E+01
8.52806250000E+05	3.442646E-02	9.556451E+01
8.54675000000E+05	3.322924E-02	8.901236E+01
8.56543750000E+05	3.644923E-02	9.739979E+01
8.58412500000E+05	3.645892E-02	9.116749E+01
8.60281250000E+05	3.392451E-02	9.552911E+01
8.62150000000E+05	3.479512E-02	9.353111E+01
8.64018750000E+05	3.404204E-02	9.357582E+01
8.65887500000E+05	3.314481E-02	8.725352E+01
8.67756250000E+05	3.593421E-02	9.270525E+01
8.69625000000E+05	3.186543E-02	9.117840E+01
8.71493750000E+05	3.456072E-02	9.113175E+01
8.73362500000E+05	3.397325E-02	9.212840E+01
8.75231250000E+05	3.514155E-02	9.422919E+01
8.77100000000E+05	3.475489E-02	9.315149E+01
8.78968750000E+05	3.738511E-02	9.092333E+01
8.80837500000E+05	3.636217E-02	9.086934E+01
8.82706250000E+05	3.689273E-02	9.417763E+01
8.84575000000E+05	3.776264E-02	9.366370E+01
8.86443750000E+05	3.665602E-02	9.229501E+01
8.88312500000E+05	3.476379E-02	9.456596E+01
8.90181250000E+05	3.811588E-02	8.962847E+01
8.92050000000E+05	3.644036E-02	9.445397E+01
8.93918750000E+05	3.589647E-02	9.182273E+01
8.95787500000E+05	3.631731E-02	9.489397E+01
8.97656250000E+05	3.821170E-02	9.447438E+01
8.99525000000E+05	3.793373E-02	9.339522E+01
9.01393750000E+05	3.822514E-02	9.361323E+01
9.03262500000E+05	3.582644E-02	8.967969E+01
9.05131250000E+05	3.800451E-02	9.132076E+01
9.07000000000E+05	3.736358E-02	9.121887E+01
9.08868750000E+05	3.490511E-02	9.495270E+01
9.10737500000E+05	3.550205E-02	9.486928E+01
9.12606250000E+05	3.411114E-02	9.338472E+01
9.14475000000E+05	3.865910E-02	9.380820E+01
9.16343750000E+05	3.683012E-02	9.134031E+01
9.18212500000E+05	3.716630E-02	9.034462E+01
9.20081250000E+05	4.049388E-02	9.342320E+01
9.21950000000E+05	3.672147E-02	9.271201E+01
9.23818750000E+05	3.833186E-02	9.334209E+01
9.25687500000E+05	3.588164E-02	9.235739E+01
9.27556250000E+05	3.916786E-02	9.301620E+01
9.29425000000E+05	3.738346E-02	9.567954E+01
9.31293750000E+05	3.749568E-02	9.021569E+01
9.33162500000E+05	3.635078E-02	9.066832E+01
9.35031250000E+05	3.783661E-02	9.460316E+01
9.36900000000E+05	4.090808E-02	8.966721E+01
9.38768750000E+05	3.880761E-02	9.432046E+01
9.40637500000E+05	3.876337E-02	9.215851E+01
9.42506250000E+05	3.636561E-02	9.570427E+01
9.44375000000E+05	3.960720E-02	8.964153E+01
9.46243750000E+05	3.967367E-02	9.207064E+01
9.48112500000E+05	4.210173E-02	8.937450E+01
9.49981250000E+05	4.105096E-02	8.863429E+01
9.51850000000E+05	3.328984E-02	9.232138E+01
9.53718750000E+05	3.846913E-02	9.091296E+01
9.55587500000E+05	3.825964E-02	9.206341E+01
9.57456250000E+05	3.999837E-02	9.211858E+01
9.59325000000E+05	4.017034E-02	9.148466E+01
9.61193750000E+05	4.052858E-02	9.318031E+01
9.63062500000E+05	4.043433E-02	9.218565E+01
9.64931250000E+05	3.996780E-02	9.197929E+01
9.66800000000E+05	3.958257E-02	9.183532E+01
9.68668750000E+05	3.859706E-02	9.354973E+01
9.70537500000E+05	4.145130E-02	9.603062E+01
9.72406250000E+05	4.030498E-02	9.119140E+01
9.74275000000E+05	3.819591E-02	9.445757E+01
9.76143750000E+05	4.097365E-02	9.511662E+01
9.78012500000E+05	4.210437E-02	9.238508E+01
9.79881250000E+05	4.260543E-02	9.038122E+01
9.81750000000E+05	4.056166E-02	9.360852E+01
9.83618750000E+05	3.918898E-02	9.226596E+01
9.85487500000E+05	4.111303E-02	9.324837E+01
9.87356250000E+05	4.101041E-02	9.228277E+01
9.89225000000E+05	3.888585E-02	9.136185E+01
9.91093750000E+05	4.037131E-02	9.500832E+01
9.92962500000E+05	4.197948E-02	9.102439E+01
9.94831250000E+05	4.292005E-02	9.287899E+01
9.96700000000E+05	4.069550E-02	9.532600E+01
9.98568750000E+05	4.233962E-02	9.346006E+01
1.00043750000E+06	4.063824E-02	9.216513E+01
1.00230625000E+06	4.210693E-02	9.596082E+01
1.00417500000E+06	4.088048E-02	9.246145E+01
1.00604375000E+06	4.136682E-02	9.470483E+01
1.00791250000E+06	4.125281E-02	9.282150E+01
1.00978125000E+06	4.060129E-02	9.582265E+01
1.01165000000E+06	4.434368E-02	9.187065E+01
1.01351875000E+06	4.008012E-02	9.285105E+01
1.01538750000E+06	4.467117E-02	9.173008E+01
1.01725625000E+06	3.865455E-02	8.961177E+01
1.01912500000E+06	4.538507E-02	9.450278E+01
1.02099375000E+06	4.060429E-02	9.301434E+01
1.02286250000E+06	4.104432E-02	8.884589E+01
1.02473125000E+06	4.343627E-02	9.156426E+01
1.02660000000E+06	4.270998E-02	9.443843E+01
1.02846875000E+06	4.375962E-02	9.060977E+01
1.03033750000E+06	4.255601E-02	9.407164E+01
1.03220625000E+06	4.235258E-02	9.125040E+01
1.03407500000E+06	4.141652E-02	9.342204E+01
1.03594375000E+06	4.065375E-02	9.318340E+01
1.03781250000E+06	4.028462E-02	9.192546E+01
1.03968125000E+06	4.206123E-02	9.483552E+01
1.04155000000E+06	4.208168E-02	9.365981E+01
1.04341875000E+06	4.262564E-02	9.469551E+01
1.04528750000E+06	4.283148E-02	9.117331E+01
1.04715625000E+06	4.531333E-02	9.518581E+01
1.04902500000E+06	4.354893E-02	9.512804E+01
1.05089375000E+06	4.616874E-02	9.568905E+01
1.05276250000E+06	4.393139E-02	9.170601E+01
1.05463125000E+06	4.724353E-02	9.344289E+01
1.05650000000E+06	4.323802E-02	9.086311E+01
1.05836875000E+06	4.287517E-02	9.596861E+01
1.06023750000E+06	4.433822E-02	9.291586E+01
1.06210625000E+06	4.347279E-02	8.959586E+01
1.06397500000E+06	4.459839E-02	9.276412E+01
1.06584375000E+06	4.082153E-02	9.367549E+01
1.06771250000E+06	4.355405E-02	8.928738E+01
1.06958125000E+06	4.367912E-02	9.373411E+01
1.07145000000E+06	3.910149E-02	9.072812E+01
1.07331875000E+06	4.536461E-02	9.673234E+01
1.07518750000E+06	4.622271E-02	9.394052E+01
1.07705625000E+06	4.257252E-02	9.347876E+01
1.07892500000E+06	4.414499E-02	9.398558E+01
1.08079375000E+06	4.489107E-02	9.156145E+01
1.08266250000E+06	4.499612E-02	9.104354E+01
1.08453125000E+06	4.390072E-02	9.160169E+01
1.08640000000E+06	4.624212E-02	9.507327E+01
1.08826875000E+06	4.246689E-02	9.487289E+01
1.09013750000E+06	4.328005E-02	9.356322E+01
1.09200625000E+06	4.421162E-02	9.527606E+01
1.09387500000E+06	4.339274E-02	9.277579E+01
1.09574375000E+06	4.333364E-02	9.146925E+01
1.09761250000E+06	4.707577E-02	9.434059E+01
1.09948125000E+06	4.384661E-02	9.418871E+01
1.10135000000E+06	4.266850E-02	9.561115E+01
1.10321875000E+06	4.727891E-02	9.373985E+01
1.10508750000E+06	4.438927E-02	9.789771E+01
1.10695625000E+06	4.432916E-02	9.379521E+01
1.10882500000E+06	4.453081E-02	9.291277E+01
1.11069375000E+06	4.430638E-02	9.385161E+01
1.11256250000E+06	4.619565E-02	8.958633E+01
1.11443125000E+06	4.447993E-02	9.589706E+01
1.11630000000E+06	4.370261E-02	9.181950E+01
1.11816875000E+06	4.436151E-02	9.319568E+01
1.12003750000E+06	4.681690E-02	9.130170E+01
1.12190625000E+06	4.406975E-02	9.512867E+01
1.12377500000E+06	4.746404E-02	9.505632E+01
1.12564375000E+06	4.498728E-02	9.101176E+01
1.12751250000E+06	4.526811E-02	9.268391E+01
1.12938125000E+06	4.749371E-02	9.410088E+01
1.13125000000E+06	4.556406E-02	9.124189E+01
1.13311875000E+06	4.479574E-02	9.538919E+01
1.13498750000E+06	4.686687E-02	9.361620E+01
1.13685625000E+06	4.517768E-02	9.465131E+01
1.13872500000E+06	4.647350E-02	9.478729E+01
1.14059375000E+06	4.538189E-02	9.453568E+01
1.14246250000E+06	4.605256E-02	9.403107E+01
1.14433125000E+06	4.723256E-02	9.544440E+01
1.14620000000E+06	4.659985E-02	9.318916E+01
1.14806875000E+06	4.758830E-02	9.806995E+01
1.14993750000E+06	4.713712E-02	9.720778E+01
1.15180625000E+06	4.684767E-02	9.181878E+01
1.15367500000E+06	4.705641E-02	9.425625E+01
1.15554375000E+06	4.716624E-02	9.435524E+01
1.15741250000E+06	4.688448E-02	9.518359E+01
1.15928125000E+06	4.648056E-02	9.345025E+01
1.16115000000E+06	4.738867E-02	9.565997E+01
1.16301875000E+06	4.576767E-02	9.351672E+01
1.16488750000E+06	4.612122E-02	9.400388E+01
1.16675625000E+06	4.863155E-02	9.561383E+01
1.16862500000E+06	4.762297E-02	9.471022E+01
1.17049375000E+06	4.535815E-02	9.423754E+01
1.17236250000E+06	4.496441E-02	9.555768E+01
1.17423125000E+06	4.624452E-02	9.339372E+01
1.17610000000E+06	4.719026E-02	9.303303E+01
1.17796875000E+06	4.611822E-02	9.264281E+01
1.17983750000E+06	4.861533E-02	9.497968E+01
1.18170625000E+06	4.877520E-02	9.333301E+01
1.18357500000E+06	4.856632E-02	9.368981E+01
1.18544375000E+06	4.716239E-02	9.550700E+01
1.18731250000E+06	5.187321E-02	9.447237E+01
1.18918125000E+06	4.684121E-02	9.459933E+01
1.19105000000E+06	4.776444E-02	9.537981E+01
1.19291875000E+06	4.862376E-02	9.384973E+01
1.19478750000E+06	4.754732E-02	9.549030E+01
1.19665625000E+06	4.636322E-02	9.397847E+01
1.19852500000E+06	4.759861E-02	9.195368E+01
1.20039375000E+06	4.913134E-02	9.544773E+01
1.20226250000E+06	4.886355E-02	9.369322E+01
1.20413125000E+06	4.837484E-02	9.033569E+01
1.20600000000E+06	4.751749E-02	9.521371E+01
1.20786875000E+06	4.920743E-02	9.442079E+01
1.20973750000E+06	4.875111E-02	9.494583E+01
1.21160625000E+06	4.799382E-02	9.443496E+01
1.21347500000E+06	4.953483E-02	9.571643E+01
1.21534375000E+06	5.111534E-02	9.325637E+01
1.21721250000E+06	5.083266E-02	9.255500E+01
1.21908125000E+06	4.883888E-02	9.326481E+01
1.22095000000E+06	4.944781E-02	9.390468E+01
1.22281875000E+06	4.910327E-02	9.241633E+01
1.22468750000E+06	5.026748E-02	9.386761E+01
1.22655625000E+06	5.001393E-02	9.381622E+01
1.22842500000E+06	5.094491E-02	9.406356E+01
1.23029375000E+06	5.016590E-02	9.262904E+01
1.23216250000E+06	5.039041E-02	9.409451E+01
1.23403125000E+06	5.053471E-02	9.409312E+01
1.23590000000E+06	5.016867E-02	9.387794E+01
1.23776875000E+06	4.775864E-02	9.393330E+01
1.23963750000E+06	4.998361E-02	9.195113E+01
1.24150625000E+06	4.994055E-02	9.549598E+01
1.24337500000E+06	4.982316E-02	9.260155E+01
1.24524375000E+06	4.985427E-02	9.286745E+01
1.24711250000E+06	4.996669E-02	9.423294E+01
1.24898125000E+06	5.013232E-02	9.356072E+01
1.25085000000E+06	4.988320E-02	9.286948E+01
1.25271875000E+06	4.922938E-02	9.497198E+01
1.25458750000E+06	5.097544E-02	9.273817E+01
1.25645625000E+06	5.028753E-02	9.345246E+01
1.25832500000E+06	5.159183E-02	9.273822E+01
1.26019375000E+06	4.963079E-02	9.357969E+01
1.26206250000E+06	4.857787E-02	9.460520E+01
1.26393125000E+06	4.864635E-02	9.344675E+01
1.26580000000E+06	5.234176E-02	9.569067E+01
1.26766875000E+06	5.235243E-02	9.113254E+01
1.26953750000E+06	5.094622E-02	9.533249E+01
1.27140625000E+06	4.953768E-02	9.147910E+01
1.27327500000E+06	5.122010E-02	9.695031E+01
1.27514375000E+06	5.012087E-02	9.732173E+01
1.27701250000E+06	4.931293E-02	9.372537E+01
1.27888125000E+06	5.053161E-02	9.372154E+01
1.28075000000E+06	5.231538E-02	9.493037E+01
1.28261875000E+06	5.147211E-02	9.559949E+01
1.28448750000E+06	5.146990E-02	9.635097E+01
1.28635625000E+06	5.357521E-02	9.406084E+01
1.28822500000E+06	5.317756E-02	9.774732E+01
1.29009375000E+06	5.284460E-02	9.580164E+01
1.29196250000E+06	5.410620E-02	9.200914E+01
1.29383125000E+06	5.255122E-02	9.440104E+01
1.29570000000E+06	5.135441E-02	9.579345E+01
1.29756875000E+06	5.056487E-02	9.362348E+01
1.29943750000E+06	5.408870E-02	9.326046E+01
1.30130625000E+06	5.286648E-02	9.349522E+01
1.30317500000E+06	5.014409E-02	9.530385E+01
1.30504375000E+06	5.192897E-02	9.500739E+01
1.30691250000E+06	5.304082E-02	9.415776E+01
1.30878125000E+06	5.043069E-02	9.564205E+01
1.31065000000E+06	5.048746E-02	9.468782E+01
1.31251875000E+06	5.371200E-02	9.469363E+01
1.31438750000E+06	5.153099E-02	9.653480E+01
1.31625625000E+06	5.350931E-02	9.444702E+01
1.31812500000E+06	5.524642E-02	9.516098E+01
1.31999375000E+06	5.207992E-02	9.423650E+01
1.32186250000E+06	5.264978E-02	9.237453E+01
1.32373125000E+06	5.223726E-02	9.679542E+01
1.32560000000E+06	5.322344E-02	9.528053E+01
1.32746875000E+06	5.087782E-02	9.439726E+01
1.32933750000E+06	5.193245E-02	9.321131E+01
1.33120625000E+06	5.153661E-02	9.523786E+01
1.33307500000E+06	5.276791E-02	9.529021E+01
1.33494375000E+06	5.267700E-02	9.535932E+01
1.33681250000E+06	5.488480E-02	9.243235E+01
1.33868125000E+06	5.172342E-02	9.700933E+01
1.34055000000E+06	5.251642E-02	9.395645E+01
1.34241875000E+06	5.325281E-02	9.411754E+01
1.34428750000E+06	5.357306E-02	9.490276E+01
1.34615625000E+06	4.969164E-02	9.385813E+01
1.34802500000E+06	5.371346E-02	9.232927E+01
1.34989375000E+06	5.478644E-02	9.549560E+01
1.35176250000E+06	5.206842E-02	9.470849E+01
1.35363125000E+06	5.580900E-02	9.571141E+01
1.35550000000E+06	5.318221E-02	9.245918E+01
1.35736875000E+06	5.302990E-02	9.492244E+01
1.35923750000E+06	5.565204E-02	9.410210E+01
1.36110625000E+06	5.480537E-02	9.604213E+01
1.36297500000E+06	5.600631E-02	9.366979E+01
1.36484375000E+06	5.364848E-02	9.398412E+01
1.36671250000E+06	5.367370E-02	9.452900E+01
1.36858125000E+06	5.264291E-02	9.651517E+01
1.37045000000E+06	5.272068E-02	9.545301E+01
1.37231875000E+06	5.496628E-02	9.428603E+01
1.37418750000E+06	5.599350E-02	9.678517E+01
1.37605625000E+06	5.541268E-02	9.391149E+01
1.37792500000E+06	5.437493E-02	9.466454E+01
1.37979375000E+06	5.499190E-02	9.381369E+01
1.38166250000E+06	5.304885E-02	9.454774E+01
1.38353125000E+06	5.251106E-02	9.363401E+01
1.38540000000E+06	5.409578E-02	9.461707E+01
1.38726875000E+06	5.606434E-02	9.416797E+01
1.38913750000E+06	5.692037E-02	9.436706E+01
1.39100625000E+06	5.372725E-02	9.532723E+01
1.39287500000E+06	5.596790E-02	9.485005E+01
1.39474375000E+06	5.389061E-02	9.340488E+01
1.39661250000E+06	5.384841E-02	9.422487E+01
1.39848125000E+06	5.477725E-02	9.528156E+01
1.40035000000E+06	5.553891E-02	9.411762E+01
1.40221875000E+06	5.498102E-02	9.556463E+01
1.40408750000E+06	5.625772E-02	9.547968E+01
1.40595625000E+06	5.572185E-02	9.655619E+01
1.40782500000E+06	5.328865E-02	9.372905E+01
1.40969375000E+06	5.601848E-02	9.525464E+01
1.41156250000E+06	5.701881E-02	9.648722E+01
1.41343125000E+06	5.543046E-02	9.457655E+01
1.41530000000E+06	5.710841E-02	9.547826E+01
1.41716875000E+06	5.401668E-02	9.465144E+01
1.41903750000E+06	5.768145E-02	9.067863E+01
1.42090625000E+06	5.711936E-02	9.441450E+01
1.42277500000E+06	5.658806E-02	9.430972E+01
1.42464375000E+06	5.677681E-02	9.395252E+01
1.42651250000E+06	5.774336E-02	9.278032E+01
1.42838125000E+06	5.732781E-02	9.562798E+01
1.43025000000E+06	5.425264E-02	9.579614E+01
1.43211875000E+06	5.644434E-02	9.416964E+01
1.43398750000E+06	5.666790E-02	9.584260E+01
1.43585625000E+06	5.708669E-02	9.426420E+01
1.43772500000E+06	5.638836E-02	9.556188E+01
1.43959375000E+06	5.553598E-02	9.665303E+01
1.44146250000E+06	5.802973E-02	9.442177E+01
1.44333125000E+06	5.725008E-02	9.640556E+01
1.44520000000E+06	5.327692E-02	9.481771E+01
1.44706875000E+06	5.817117E-02	9.605233E+01
1.44893750000E+06	5.901227E-02	9.602067E+01
1.45080625000E+06	5.943570E-02	9.621243E+01
1.45267500000E+06	5.699085E-02	9.432692E+01
1.45454375000E+06	5.804619E-02	9.728827E+01
1.45641250000E+06	5.809283E-02	9.443134E+01
1.45828125000E+06	5.724961E-02	9.390969E+01
1.46015000000E+06	5.889365E-02	9.563224E+01
1.46201875000E+06	5.876182E-02	9.528792E+01
1.46388750000E+06	5.831868E-02	9.349695E+01
1.46575625000E+06	5.807975E-02	9.483841E+01
1.46762500000E+06	5.718665E-02	9.475343E+01
1.46949375000E+06	5.776428E-02	9.458447E+01
1.47136250000E+06	5.581127E-02	9.449857E+01
1.47323125000E+06	5.896844E-02	9.426469E+01
1.47510000000E+06	5.711635E-02	9.352141E+01
1.47696875000E+06	5.821307E-02	9.399336E+01
1.47883750000E+06	5.766025E-02	9.535223E+01
1.48070625000E+06	5.910992E-02	9.576518E+01
1.48257500000E+06	5.871564E-02	9.515597E+01
1.48444375000E+06	5.911292E-02	9.468451E+01
1.48631250000E+06	5.838563E-02	9.440956E+01
1.48818125000E+06	5.898921E-02	9.555896E+01
1.49005000000E+06	5.813737E-02	9.491115E+01
1.49191875000E+06	6.035831E-02	9.532634E+01
1.49378750000E+06	6.002747E-02	9.511526E+01
1.49565625000E+06	6.004252E-02	9.484958E+01
1.49752500000E+06	6.084252E-02	9.659024E+01
1.49939375000E+06	5.823567E-02	9.607635E+01
1.50126250000E+06	5.959524E-02	9.334017E+01
1.50313125000E+06	5.948121E-02	9.371716E+01
1.50500000000E+06	6.043178E-02	9.634711E+01
1.50686875000E+06	5.889971E-02	9.354523E+01
1.50873750000E+06	5.917747E-02	9.426416E+01
1.51060625000E+06	5.667676E-02	9.394536E+01
1.51247500000E+06	5.899044E-02	9.332568E+01
1.51434375000E+06	5.977508E-02	9.522143E+01
1.51621250000E+06	5.910223E-02	9.624485E+01
1.51808125000E+06	6.172074E-02	9.625301E+01
1.51995000000E+06	6.009447E-02	9.591793E+01
1.52181875000E+06	5.890826E-02	9.487890E+01
1.52368750000E+06	5.829196E-02	9.524272E+01
1.52555625000E+06	5.996543E-02	9.349402E+01
1.52742500000E+06	5.864156E-02	9.555051E+01
1.52929375000E+06	6.103374E-02	9.453123E+01
1.53116250000E+06	5.828021E-02	9.394508E+01
1.53303125000E+06	5.929801E-02	9.729881E+01
1.53490000000E+06	6.079476E-02	9.596210E+01
1.53676875000E+06	5.925895E-02	9.683111E+01
1.53863750000E+06	6.000490E-02	9.408910E+01
1.54050625000E+06	6.223128E-02	9.608638E+01
1.54237500000E+06	6.149123E-02	9.344831E+01
1.54424375000E+06	5.853456E-02	9.492308E+01
1.54611250000E+06	6.053255E-02	9.460371E+01
1.54798125000E+06	5.869834E-02	9.465070E+01
1.54985000000E+06	5.756479E-02	9.712469E+01
1.55171875000E+06	6.201348E-02	9.266896E+01
1.55358750000E+06	5.929324E-02	9.567686E+01
1.55545625000E+06	6.036777E-02	9.351360E+01
1.55732500000E+06	6.208552E-02	9.424384E+01
1.55919375000E+06	6.290808E-02	9.624033E+01
1.56106250000E+06	6.160269E-02	9.474731E+01
1.56293125000E+06	6.081556E-02	9.318775E+01
1.56480000000E+06	6.140368E-02	9.443314E+01
1.56666875000E+06	6.178528E-02	9.642699E+01
1.56853750000E+06	6.234816E-02	9.524881E+01
1.57040625000E+06	6.045391E-02	9.414464E+01
1.57227500000E+06	6.226585E-02	9.488295E+01
1.57414375000E+06	6.016090E-02	9.519361E+01
1.57601250000E+06	6.100073E-02	9.637604E+01
1.57788125000E+06	6.080936E-02	9.639812E+01
1.57975000000E+06	5.939535E-02	9.589085E+01
1.58161875000E+06	6.039198E-02	9.511647E+01
1.58348750000E+06	6.179706E-02	9.521434E+01
1.58535625000E+06	6.294295E-02	9.631703E+01
1.58722500000E+06	6.323760E-02	9.482948E+01
1.58909375000E+06	6.172982E-02	9.506538E+01
1.59096250000E+06	6.239486E-02	9.324735E+01
1.59283125000E+06	6.301299E-02	9.543292E+01
1.59470000000E+06	6.345957E-02	9.543436E+01
1.59656875000E+06	6.213879E-02	9.542348E+01
1.59843750000E+06	6.170959E-02	9.442358E+01
1.60030625000E+06	6.357179E-02	9.612940E+01
1.60217500000E+06	5.903837E-02	9.594646E+01
1.60404375000E+06	6.110260E-02	9.551884E+01
1.60591250000E+06	6.139095E-02	9.456059E+01
1.60778125000E+06	6.046890E-02	9.436882E+01
1.60965000000E+06	6.296033E-02	9.544421E+01
1.61151875000E+06	6.449230E-02	9.571468E+01
1.61338750000E+06	6.207052E-02	9.412111E+01
1.61525625000E+06	6.361984E-02	9.557987E+01
1.61712500000E+06	6.223304E-02	9.514327E+01
1.61899375000E+06	6.496316E-02	9.521342E+01
1.62086250000E+06	6.551450E-02	9.503792E+01
1.62273125000E+06	6.345402E-02	9.542921E+01
1.62460000000E+06	6.381807E-02	9.640371E+01
1.62646875000E+06	6.320564E-02	9.675712E+01
1.62833750000E+06	6.228964E-02	9.746977E+01
1.63020625000E+06	6.538001E-02	9.391914E+01
1.63207500000E+06	6.196267E-02	9.424310E+01
1.63394375000E+06	6.393145E-02	9.501392E+01
1.63581250000E+06	6.534409E-02	9.826611E+01
1.63768125000E+06	6.431741E-02	9.584769E+01
1.63955000000E+06	6.253103E-02	9.379065E+01
1.64141875000E+06	6.418041E-02	9.595466E+01
1.64328750000E+06	6.372411E-02	9.325525E+01
1.64515625000E+06	6.646279E-02	9.434447E+01
1.64702500000E+06	6.473986E-02	9.404784E+01
1.64889375000E+06	6.382641E-02	9.676983E+01
1.65076250000E+06	6.335090E-02	9.617350E+01
1.65263125000E+06	6.300002E-02	9.421194E+01
1.65450000000E+06	6.480166E-02	9.593932E+01
1.65636875000E+06	6.599408E-02	9.397011E+01
1.65823750000E+06	6.419806E-02	9.613735E+01
1.66010625000E+06	6.373230E-02	9.753364E+01
1.66197500000E+06	6.698269E-02	9.582226E+01
1.66384375000E+06	6.354725E-02	9.620378E+01
1.66571250000E+06	6.586149E-02	9.565650E+01
1.66758125000E+06	6.650762E-02	9.465844E+01
1.66945000000E+06	6.551072E-02	9.671392E+01
1.67131875000E+06	6.472476E-02	9.632548E+01
1.67318750000E+06	6.335530E-02	9.319340E+01
1.67505625000E+06	6.555957E-02	9.503526E+01
1.67692500000E+06	6.557964E-02	9.534505E+01
1.67879375000E+06	6.707124E-02	9.522108E+01
1.68066250000E+06	6.525968E-02	9.599009E+01
1.68253125000E+06	6.518985E-02	9.567946E+01
1.68440000000E+06	6.397552E-02	9.569592E+01
1.68626875000E+06	6.544148E-02	9.668581E+01
1.68813750000E+06	6.581109E-02	9.561137E+01
1.69000625000E+06	6.466859E-02	9.605016E+01
1.69187500000E+06	6.541267E-02	9.542889E+01
1.69374375000E+06	6.465306E-02	9.523980E+01
1.69561250000E+06	6.505609E-02	9.559949E+01
1.69748125000E+06	6.568211E-02	9.543222E+01
1.69935000000E+06	6.445054E-02	9.514967E+01
1.70121875000E+06	6.597868E-02	9.756298E+01
1.70308750000E+06	6.516925E-02	9.595699E+01
1.70495625000E+06	6.444191E-02	9.712592E+01
1.70682500000E+06	6.571484E-02	9.556483E+01
1.70869375000E+06	6.513000E-02	9.525371E+01
1.71056250000E+06	6.525049E-02	9.557378E+01
1.71243125000E+06	6.702926E-02	9.722670E+01
1.71430000000E+06	6.351089E-02	9.711575E+01
1.71616875000E+06	6.587639E-02	9.727079E+01
1.71803750000E+06	6.465939E-02	9.578891E+01
1.71990625000E+06	6.461604E-02	9.672040E+01
1.72177500000E+06	6.624044E-02	9.590556E+01
1.72364375000E+06	6.629469E-02	9.649557E+01
1.72551250000E+06	6.856418E-02	9.625246E+01
1.72738125000E+06	6.554655E-02	9.562915E+01
1.72925000000E+06	6.877211E-02	9.739962E+01
1.73111875000E+06	6.548806E-02	9.600738E+01
1.73298750000E+06	6.633458E-02	9.520439E+01
1.73485625000E+06	6.657561E-02	9.663633E+01
1.73672500000E+06	6.782538E-02	9.619888E+01
1.73859375000E+06	6.797919E-02	9.692745E+01
1.74046250000E+06	6.805719E-02	9.533615E+01
1.74233125000E+06	6.700135E-02	9.682859E+01
1.74420000000E+06	6.630503E-02	9.649789E+01
1.74606875000E+06	6.780980E-02	9.561243E+01
1.74793750000E+06	6.817411E-02	9.460214E+01
1.74980625000E+06	6.872147E-02	9.566962E+01
1.75167500000E+06	6.651644E-02	9.674978E+01
1.75354375000E+06	6.709494E-02	9.581433E+01
1.75541250000E+06	6.728671E-02	9.706386E+01
1.75728125000E+06	6.935248E-02	9.679505E+01
1.75915000000E+06	6.651573E-02	9.442651E+01
1.76101875000E+06	6.814095E-02	9.587005E+01
1.76288750000E+06	6.738145E-02	9.757411E+01
1.76475625000E+06	6.626146E-02	9.467495E+01
1.76662500000E+06	7.000095E-02	9.496426E+01
1.76849375000E+06	6.736097E-02	9.643673E+01
1.77036250000E+06	6.834678E-02	9.652814E+01
1.77223125000E+06	6.772626E-02	9.499240E+01
1.77410000000E+06	6.739657E-02	9.537103E+01
1.77596875000E+06	6.618607E-02	9.489436E+01
1.77783750000E+06	6.894193E-02	9.542998E+01
1.77970625000E+06	6.840611E-02	9.695429E+01
1.78157500000E+06	7.127393E-02	9.806200E+01
1.78344375000E+06	6.705807E-02	9.489905E+01
1.78531250000E+06	6.794316E-02	9.635326E+01
1.78718125000E+06	6.917376E-02	9.632626E+01
1.78905000000E+06	7.064982E-02	9.673534E+01
1.79091875000E+06	6.743685E-02	9.683809E+01
1.79278750000E+06	6.898667E-02	9.521210E+01
1.79465625000E+06	6.810907E-02	9.655420E+01
1.79652500000E+06	6.759402E-02	9.602930E+01
1.79839375000E+06	6.973781E-02	9.630990E+01
1.80026250000E+06	6.770176E-02	9.760054E+01
1.80213125000E+06	6.834359E-02	9.664342E+01
1.80400000000E+06	6.859300E-02	9.708946E+01
1.80586875000E+06	6.763201E-02	9.499136E+01
1.80773750000E+06	6.904467E-02	9.376317E+01
1.80960625000E+06	6.874896E-02	9.566973E+01
1.81147500000E+06	6.799439E-02	9.617307E+01
1.81334375000E+06	6.997343E-02	9.777076E+01
1.81521250000E+06	7.020511E-02	9.530930E+01
1.81708125000E+06	6.979284E-02	9.775208E+01
1.81895000000E+06	6.942951E-02	9.655875E+01
1.82081875000E+06	6.744943E-02	9.571602E+01
1.82268750000E+06	6.945546E-02	9.589185E+01
1.82455625000E+06	6.963905E-02	9.599889E+01
1.82642500000E+06	6.842548E-02	9.576566E+01
1.82829375000E+06	6.984991E-02	9.554964E+01
1.83016250000E+06	7.041600E-02	9.657050E+01
1.83203125000E+06	7.103330E-02	9.599680E+01
1.83390000000E+06	6.999348E-02	9.755480E+01
1.83576875000E+06	7.033137E-02	9.765764E+01
1.83763750000E+06	6.965474E-02	9.577261E+01
1.83950625000E+06	7.085398E-02	9.616035E+01
1.84137500000E+06	6.974333E-02	9.698922E+01
1.84324375000E+06	7.029042E-02	9.780368E+01
1.84511250000E+06	6.908771E-02	9.574660E+01
1.84698125000E+06	6.898277E-02	9.679527E+01
1.84885000000E+06	6.959664E-02	9.416479E+01
1.85071875000E+06	7.132161E-02	9.780869E+01
1.85258750000E+06	7.151332E-02	9.683276E+01
1.85445625000E+06	7.088069E-02	9.595072E+01
1.85632500000E+06	7.189114E-02	9.661329E+01
1.85819375000E+06	7.019538E-02	9.715447E+01
1.86006250000E+06	7.086013E-02	9.624561E+01
1.86193125000E+06	7.010121E-02	9.590926E+01
1.86380000000E+06	7.098176E-02	9.556557E+01
1.86566875000E+06	7.111216E-02	9.670145E+01
1.86753750000E+06	7.068868E-02	9.703296E+01
1.86940625000E+06	7.007313E-02	9.812794E+01
1.87127500000E+06	7.140507E-02	9.569205E+01
1.87314375000E+06	7.039030E-02	9.496136E+01
1.87501250000E+06	7.161859E-02	9.683720E+01
1.87688125000E+06	7.052591E-02	9.537907E+01
1.87875000000E+06	7.217415E-02	9.763582E+01
1.88061875000E+06	7.086789E-02	9.725753E+01
1.88248750000E+06	7.146359E-02	9.623278E+01
1.88435625000E+06	7.425369E-02	9.753243E+01
1.88622500000E+06	7.169107E-02	9.672022E+01
1.88809375000E+06	7.277425E-02	9.690354E+01
1.88996250000E+06	7.034321E-02	9.764850E+01
1.89183125000E+06	7.189117E-02	9.659523E+01
1.89370000000E+06	7.183491E-02	9.461068E+01
1.89556875000E+06	7.307851E-02	9.849533E+01
1.89743750000E+06	7.262690E-02	9.719019E+01
1.89930625000E+06	7.345130E-02	9.599722E+01
1.90117500000E+06	6.874302E-02	9.738853E+01
1.90304375000E+06	7.325472E-02	9.635332E+01
1.90491250000E+06	7.380699E-02	9.538789E+01
1.90678125000E+06	7.133279E-02	9.635789E+01
1.90865000000E+06	7.250585E-02	9.791226E+01
1.91051875000E+06	7.265092E-02	9.745370E+01
1.91238750000E+06	7.038929E-02	9.801860E+01
1.91425625000E+06	7.261734E-02	9.877770E+01
1.91612500000E+06	7.267578E-02	9.650517E+01
1.91799375000E+06	7.322203E-02	9.659635E+01
1.91986250000E+06	7.080667E-02	9.656530E+01
1.92173125000E+06	7.458887E-02	9.709184E+01
1.92360000000E+06	7.186025E-02	9.760750E+01
1.92546875000E+06	7.223962E-02	9.637582E+01
1.92733750000E+06	7.093030E-02	9.735143E+01
1.92920625000E+06	7.287254E-02	9.681519E+01
1.93107500000E+06	7.114612E-02	9.690633E+01
1.93294375000E+06	7.330173E-02	9.737328E+01
1.93481250000E+06	7.196241E-02	9.700283E+01
1.93668125000E+06	7.310491E-02	9.704378E+01
1.93855000000E+06	7.316594E-02	9.743441E+01
1.94041875000E+06	7.505469E-02	9.639045E+01
1.94228750000E+06	7.299051E-02	9.798309E+01
1.94415625000E+06	7.342490E-02	9.667897E+01
1.94602500000E+06	7.311855E-02	9.563922E+01
1.94789375000E+06	7.271891E-02	9.771632E+01
1.94976250000E+06	7.352389E-02	9.618857E+01
1.95163125000E+06	7.380685E-02	9.787786E+01
1.95350000000E+06	7.456278E-02	9.826653E+01
1.95536875000E+06	7.225884E-02	9.680824E+01
1.95723750000E+06	7.390336E-02	9.677620E+01
1.95910625000E+06	7.413542E-02	9.646317E+01
1.96097500000E+06	7.482866E-02	9.812063E+01
1.96284375000E+06	7.514003E-02	9.670572E+01
1.96471250000E+06	7.188470E-02	9.853532E+01
1.96658125000E+06	7.476791E-02	9.900715E+01
1.96845000000E+06	7.210451E-02	9.755679E+01
1.97031875000E+06	7.164624E-02	9.677258E+01
1.97218750000E+06	7.419897E-02	9.736057E+01
1.97405625000E+06	7.447023E-02	9.747061E+01
1.97592500000E+06	7.260552E-02	9.897179E+01
1.97779375000E+06	7.511786E-02	9.674783E+01
1.97966250000E+06	7.550932E-02	9.695502E+01
1.98153125000E+06	7.308234E-02	9.627927E+01
1.98340000000E+06	7.449752E-02	9.754453E+01
1.98526875000E+06	7.432278E-02	9.731462E+01
1.98713750000E+06	7.318316E-02	9.768880E+01
1.98900625000E+06	7.619504E-02	9.825954E+01
1.99087500000E+06	7.410735E-02	9.806013E+01
1.99274375000E+06	7.365499E-02	9.684767E+01
1.99461250000E+06	7.486000E-02	9.646952E+01
1.99648125000E+06	7.372278E-02	9.703654E+01
1.99835000000E+06	7.627400E-02	9.614005E+01
2.00021875000E+06	7.418364E-02	9.637402E+01
2.00208750000E+06	7.577177E-02	9.847921E+01
2.00395625000E+06	7.297382E-02	9.914049E+01
2.00582500000E+06	7.673689E-02	9.622690E+01
2.00769375000E+06	7.583325E-02	9.703197E+01
2.00956250000E+06	7.477414E-02	9.675761E+01
2.01143125000E+06	7.540146E-02	9.660891E+01
2.01330000000E+06	7.614236E-02	9.642641E+01
2.01516875000E+06	7.626867E-02	9.708298E+01
2.01703750000E+06	7.613217E-02	9.696877E+01
2.01890625000E+06	7.474703E-02	9.606401E+01
2.02077500000E+06	7.591779E-02	9.790649E+01
2.02264375000E+06	7.476123E-02	9.714977E+01
2.02451250000E+06	7.549547E-02	9.707465E+01
2.02638125000E+06	7.590012E-02	9.675489E+01
2.02825000000E+06	7.640858E-02	9.723598E+01
2.03011875000E+06	7.397179E-02	9.741717E+01
2.03198750000E+06	7.600733E-02	9.823994E+01
2.03385625000E+06	7.521342E-02	9.701466E+01
2.03572500000E+06	7.604954E-02	9.773447E+01
2.03759375000E+06	7.589963E-02	9.853028E+01
2.03946250000E+06	7.506310E-02	9.744354E+01
2.04133125000E+06	7.560823E-02	9.722751E+01
2.04320000000E+06	7.626902E-02	9.667863E+01
2.04506875000E+06	7.649478E-02	9.783897E+01
2.04693750000E+06	7.689051E-02	9.627421E+01
2.04880625000E+06	7.747818E-02	9.725025E+01
2.05067500000E+06	7.574754E-02	9.779984E+01
2.05254375000E+06	7.604131E-02	9.811648E+01
2.05441250000E+06	7.514863E-02	9.818764E+01
2.05628125000E+06	7.701819E-02	9.721273E+01
2.05815000000E+06	7.398286E-02	9.898558E+01
2.06001875000E+06	7.591834E-02	9.846834E+01
2.06188750000E+06	7.661724E-02	9.693966E+01
2.06375625000E+06	7.728876E-02	9.813205E+01
2.06562500000E+06	7.682259E-02	9.751267E+01
2.06749375000E+06	7.713445E-02	9.713613E+01
2.06936250000E+06	7.810336E-02	9.549532E+01
2.07123125000E+06	7.705004E-02	9.702173E+01
2.07310000000E+06	7.873970E-02	9.766708E+01
2.07496875000E+06	7.670750E-02	9.814595E+01
2.07683750000E+06	7.738142E-02	9.804546E+01
2.07870625000E+06	7.666399E-02	9.706240E+01
2.08057500000E+06	7.838048E-02	9.531998E+01
2.08244375000E+06	7.547157E-02	9.798810E+01
2.08431250000E+06	7.751811E-02	9.777194E+01
2.08618125000E+06	7.662003E-02	9.635049E+01
2.08805000000E+06	7.698415E-02	9.718883E+01
2.08991875000E+06	7.730667E-02	9.788486E+01
2.09178750000E+06	7.643656E-02	9.709815E+01
2.09365625000E+06	7.750878E-02	9.761219E+01
2.09552500000E+06	7.784308E-02	9.812039E+01
2.09739375000E+06	7.705137E-02	9.778571E+01
2.09926250000E+06	7.897913E-02	9.843999E+01
2.10113125000E+06	7.690173E-02	9.892568E+01
2.10300000000E+06	7.982643E-02	9.705314E+01
2.10486875000E+06	7.564507E-02	9.823970E+01
2.10673750000E+06	7.674466E-02	9.696935E+01
2.10860625000E+06	7.844330E-02	9.661487E+01
2.11047500000E+06	7.686673E-02	9.804040E+01
2.11234375000E+06	7.799634E-02	9.849026E+01
2.11421250000E+06	7.802085E-02	9.713102E+01
2.11608125000E+06	7.955366E-02	9.847910E+01
2.11795000000E+06	7.866425E-02	9.755962E+01
2.11981875000E+06	7.868269E-02	9.834937E+01
2.12168750000E+06	7.989814E-02	9.870821E+01
2.12355625000E+06	7.860261E-02	9.717397E+01
2.12542500000E+06	7.692343E-02	9.820201E+01
2.12729375000E+06	7.709675E-02	9.809080E+01
2.12916250000E+06	7.852697E-02	9.673072E+01
2.13103125000E+06	7.998928E-02	9.692945E+01
2.13290000000E+06	7.831279E-02	9.705563E+01
2.13476875000E+06	7.701002E-02	9.724580E+01
2.13663750000E+06	7.946132E-02	9.677518E+01
2.13850625000E+06	8.054049E-02	9.988947E+01
2.14037500000E+06	7.746153E-02	9.779584E+01
2.14224375000E+06	7.906374E-02	9.925272E+01
2.14411250000E+06	7.818801E-02	9.829314E+01
2.14598125000E+06	7.843072E-02	9.809660E+01
2.14785000000E+06	8.058277E-02	9.806384E+01
2.14971875000E+06	7.829052E-02	9.791438E+01
2.15158750000E+06	7.973719E-02	9.657932E+01
2.15345625000E+06	7.817066E-02	9.781085E+01
2.15532500000E+06	8.127074E-02	9.818410E+01
2.15719375000E+06	7.771327E-02	9.765380E+01
2.15906250000E+06	7.804120E-02	9.813325E+01
2.16093125000E+06	7.846310E-02	9.821844E+01
2.16280000000E+06	7.924384E-02	9.777861E+01
2.16466875000E+06	7.919204E-02	9.643780E+01
2.16653750000E+06	8.055191E-02	9.705064E+01
2.16840625000E+06	7.872491E-02	9.868190E+01
2.17027500000E+06	8.100343E-02	9.732029E+01
2.17214375000E+06	8.011155E-02	9.836613E+01
2.17401250000E+06	8.032706E-02	9.830516E+01
2.17588125000E+06	7.962116E-02	9.835493E+01
2.17775000000E+06	7.947682E-02	9.865710E+01
2.17961875000E+06	7.991961E-02	9.900146E+01
2.18148750000E+06	8.008660E-02	9.721698E+01
2.18335625000E+06	8.022383E-02	9.814474E+01
2.18522500000E+06	7.904847E-02	9.842034E+01
2.18709375000E+06	7.842430E-02	9.836790E+01
2.18896250000E+06	8.078714E-02	9.721186E+01
2.19083125000E+06	8.038081E-02	9.668681E+01
2.19270000000E+06	8.049095E-02	9.814458E+01
2.19456875000E+06	8.058838E-02	1.004899E+02
2.19643750000E+06	8.283063E-02	9.931728E+01
2.19830625000E+06	8.460960E-02	1.003489E+02
2.20017500000E+06	8.095932E-02	1.007280E+02
2.20204375000E+06	8.336717E-02	9.872804E+01
2.20391250000E+06	8.172681E-02	1.008267E+02
2.20578125000E+06	8.033621E-02	1.004547E+02
2.20765000000E+06	8.361851E-02	1.005338E+02
2.20951875000E+06	8.258165E-02	1.005947E+02
2.21138750000E+06	8.201709E-02	1.007161E+02
2.21325625000E+06	8.367067E-02	1.008814E+02
2.21512500000E+06	8.107168E-02	1.007024E+02
2.21699375000E+06	8.141704E-02	9.978292E+01
2.21886250000E+06	8.306222E-02	1.002871E+02
2.22073125000E+06	8.177242E-02	1.005342E+02
2.22260000000E+06	8.229556E-02	9.943675E+01
2.22446875000E+06	8.107539E-02	9.975256E+01
2.22633750000E+06	8.132163E-02	9.905428E+01
2.22820625000E+06	8.297954E-02	1.001955E+02
2.23007500000E+06	8.309174E-02	1.008386E+02
2.23194375000E+06	8.229882E-02	1.003973E+02
2.23381250000E+06	8.353955E-02	1.004454E+02
2.23568125000E+06	8.195603E-02	1.011722E+02
2.23755000000E+06	8.252775E-02	1.011145E+02
2.23941875000E+06	8.374950E-02	1.006620E+02
2.24128750000E+06	8.314268E-02	9.997916E+01
2.24315625000E+06	8.396784E-02	1.008037E+02
2.24502500000E+06	8.522218E-02	9.944524E+01
2.24689375000E+06	8.166432E-02	9.953932E+01
2.24876250000E+06	8.348811E-02	1.010264E+02
2.25063125000E+06	8.329211E-02	1.002983E+02
2.25250000000E+06	8.698181E-02	1.022066E+02
2.25436875000E+06	8.377568E-02	9.997564E+01
2.25623750000E+06	8.197730E-02	9.991144E+01
2.25810625000E+06	8.317590E-02	1.011299E+02
2.25997500000E+06	8.319377E-02	1.004569E+02
2.26184375000E+06	8.348132E-02	1.008831E+02
2.26371250000E+06	8.305060E-02	1.022903E+02
2.26558125000E+06	8.479964E-02	1.000830E+02
2.26745000000E+06	8.286442E-02	1.005585E+02
2.26931875000E+06	8.245660E-02	9.976325E+01
2.27118750000E+06	8.329351E-02	1.002623E+02
2.27305625000E+06	8.398687E-02	1.001480E+02
2.27492500000E+06	8.398455E-02	9.968902E+01
2.27679375000E+06	8.464824E-02	1.024179E+02
2.27866250000E+06	8.345784E-02	1.007473E+02
2.28053125000E+06	8.307765E-02	1.004855E+02
2.28240000000E+06	8.187319E-02	1.009010E+02
2.28426875000E+06	8.404730E-02	1.000020E+02
2.28613750000E+06	8.584743E-02	1.001173E+02
2.28800625000E+06	8.449359E-02	1.014145E+02
2.28987500000E+06	8.509700E-02	9.996822E+01
2.29174375000E+06	8.473260E-02	9.998032E+01
2.29361250000E+06	8.288611E-02	1.009910E+02
2.29548125000E+06	8.309849E-02	1.014522E+02
2.29735000000E+06	8.461592E-02	9.918733E+01
2.29921875000E+06	8.486255E-02	1.008018E+02
2.30108750000E+06	8.454859E-02	1.010288E+02
2.30295625000E+06	8.445133E-02	9.975569E+01
2.30482500000E+06	8.424968E-02	1.011371E+02
2.30669375000E+06	8.497222E-02	1.000418E+02
2.30856250000E+06	8.530111E-02	1.009822E+02
2.31043125000E+06	8.425844E-02	1.005959E+02
2.31230000000E+06	8.454448E-02	1.007361E+02
2.31416875000E+06	8.437090E-02	1.013401E+02
2.31603750000E+06	8.383751E-02	1.014465E+02
2.31790625000E+06	8.439115E-02	1.013251E+02
2.31977500000E+06	8.535088E-02	9.980130E+01
2.32164375000E+06	8.384147E-02	1.011533E+02
2.32351250000E+06	8.577506E-02	1.010995E+02
2.32538125000E+06	8.421221E-02	9.980338E+01
2.32725000000E+06	8.523195E-02	1.014739E+02
2.32911875000E+06	8.607678E-02	1.014116E+02
2.33098750000E+06	8.423749E-02	1.009887E+02
2.33285625000E+06	8.560099E-02	1.015103E+02
2.33472500000E+06	8.447188E-02	1.004798E+02
2.33659375000E+06	8.560908E-02	1.024878E+02
2.33846250000E+06	8.651096E-02	1.003633E+02
2.34033125000E+06	8.554014E-02	1.011279E+02
2.34220000000E+06	8.605107E-02	1.013382E+02
2.34406875000E+06	8.583290E-02	1.005203E+02
2.34593750000E+06	8.733641E-02	1.009740E+02
2.34780625000E+06	8.789769E-02	1.018205E+02
2.34967500000E+06	8.726495E-02	1.014226E+02
2.35154375000E+06	8.595509E-02	1.025787E+02
2.35341250000E+06	8.766221E-02	1.023573E+02
2.35528125000E+06	8.648412E-02	1.019180E+02
2.35715000000E+06	8.714936E-02	1.020295E+02
2.35901875000E+06	8.686549E-02	1.029029E+02
2.36088750000E+06	8.671719E-02	1.015418E+02
2.36275625000E+06	8.556727E-02	1.020495E+02
2.36462500000E+06	8.748431E-02	1.012340E+02
2.36649375000E+06	8.732042E-02	1.006970E+02
2.36836250000E+06	8.505267E-02	1.019623E+02
2.37023125000E+06	8.790676E-02	1.017795E+02
2.37210000000E+06	8.689425E-02	1.015731E+02
2.37396875000E+06	8.393102E-02	1.020461E+02
2.37583750000E+06	8.665071E-02	1.010301E+02
2.37770625000E+06	8.576559E-02	1.029288E+02
2.37957500000E+06	8.760948E-02	1.007133E+02
2.38144375000E+06	8.679431E-02	1.019326E+02
2.38331250000E+06	8.515859E-02	1.029686E+02
2.38518125000E+06	8.682577E-02	1.027525E+02
2.38705000000E+06	8.673217E-02	1.030366E+02
2.38891875000E+06	8.653101E-02	1.028309E+02
2.39078750000E+06	8.644833E-02	1.016169E+02
2.39265625000E+06	8.456159E-02	1.022292E+02
2.39452500000E+06	8.717238E-02	1.025306E+02
2.39639375000E+06	8.735616E-02	1.031584E+02
2.39826250000E+06	8.869406E-02	1.020962E+02
2.40013125000E+06	8.618345E-02	1.015307E+02
2.40200000000E+06	8.914011E-02	1.026600E+02
2.40386875000E+06	8.930820E-02	1.034971E+02
2.40573750000E+06	8.708483E-02	1.034674E+02
2.40760625000E+06	8.916743E-02	1.029727E+02
2.40947500000E+06	8.849210E-02	1.020803E+02
2.41134375000E+06	8.779625E-02	1.024253E+02
2.41321250000E+06	8.884335E-02	1.029440E+02
2.41508125000E+06	8.850378E-02	1.021696E+02
2.41695000000E+06	8.909364E-02	1.026794E+02
2.41881875000E+06	9.081382E-02	1.030458E+02
2.42068750000E+06	8.715848E-02	1.025567E+02
2.42255625000E+06	8.993414E-02	1.024424E+02
2.42442500000E+06	8.955990E-02	1.026634E+02
2.42629375000E+06	8.744164E-02	1.024608E+02
2.42816250000E+06	8.849313E-02	1.040935E+02
2.43003125000E+06	8.815587E-02	1.035540E+02
2.43190000000E+06	9.060204E-02	1.022955E+02
2.43376875000E+06	9.008975E-02	1.027802E+02
2.43563750000E+06	8.911240E-02	1.040541E+02
2.43750625000E+06	8.919683E-02	1.034217E+02
2.43937500000E+06	8.896126E-02	1.032680E+02
2.44124375000E+06	9.113967E-02	1.032852E+02
2.44311250000E+06	9.023822E-02	1.022454E+02
2.44498125000E+06	8.792574E-02	1.029578E+02
2.44685000000E+06	8.826022E-02	1.030523E+02
2.44871875000E+06	8.994482E-02	1.030842E+02
2.45058750000E+06	8.845469E-02	1.022949E+02
2.45245625000E+06	8.927475E-02	1.018197E+02
2.45432500000E+06	8.949938E-02	1.035278E+02
2.45619375000E+06	8.916606E-02	1.032636E+02
2.45806250000E+06	8.863182E-02	1.024833E+02
2.45993125000E+06	8.900470E-02	1.023785E+02
2.46180000000E+06	8.911289E-02	1.022901E+02
2.46366875000E+06	8.978533E-02	1.024335E+02
2.46553750000E+06	8.989093E-02	1.032648E+02
2.46740625000E+06	9.009065E-02	1.050763E+02
2.46927500000E+06	8.719771E-02	1.023481E+02
2.47114375000E+06	8.906192E-02	1.033773E+02
2.47301250000E+06	8.921204E-02	1.029323E+02
2.47488125000E+06	8.974558E-02	1.027612E+02
2.47675000000E+06	8.949447E-02	1.020940E+02
2.47861875000E+06	8.788745E-02	1.022261E+02
2.48048750000E+06	8.996025E-02	1.026550E+02
2.48235625000E+06	9.006291E-02	1.026647E+02
2.48422500000E+06	8.857993E-02	1.028428E+02
2.48609375000E+06	9.010360E-02	1.015154E+02
2.48796250000E+06	9.140137E-02	1.031756E+02
2.48983125000E+06	8.913598E-02	1.022705E+02
2.49170000000E+06	8.937261E-02	1.030954E+02
2.49356875000E+06	9.039209E-02	1.024968E+02
2.49543750000E+06	9.014492E-02	1.029240E+02
2.49730625000E+06	8.994948E-02	1.032476E+02
2.49917500000E+06	9.072652E-02	1.022160E+02
2.50104375000E+06	8.948457E-02	1.029300E+02
2.50291250000E+06	9.131280E-02	1.025755E+02
2.50478125000E+06	9.049241E-02	1.025053E+02
2.50665000000E+06	8.892125E-02	1.036311E+02
2.50851875000E+06	8.942605E-02	1.028467E+02
2.51038750000E+06	9.199809E-02	1.028285E+02
2.51225625000E+06	9.059776E-02	1.031631E+02
2.51412500000E+06	9.088984E-02	1.027199E+02
2.51599375000E+06	9.047775E-02	1.022449E+02
2.51786250000E+06	9.106814E-02	1.023105E+02
2.51973125000E+06	8.950903E-02	1.034371E+02
2.52160000000E+06	9.007788E-02	1.021059E+02
2.52346875000E+06	9.055086E-02	1.027935E+02
2.52533750000E+06	9.120441E-02	1.033249E+02
2.52720625000E+06	9.241027E-02	1.028310E+02
2.52907500000E+06	9.078755E-02	1.028312E+02
2.53094375000E+06	8.971898E-02	1.026426E+02
2.53281250000E+06	9.277985E-02	1.030056E+02
2.53468125000E+06	9.122977E-02	1.028621E+02
2.53655000000E+06	9.004173E-02	1.034992E+02
2.53841875000E+06	9.174795E-02	1.026440E+02
2.54028750000E+06	9.044135E-02	1.035066E+02
2.54215625000E+06	9.234947E-02	1.038525E+02
2.54402500000E+06	9.166864E-02	1.043422E+02
2.54589375000E+06	9.077647E-02	1.030686E+02
2.54776250000E+06	9.324083E-02	1.030632E+02
2.54963125000E+06	9.118254E-02	1.032288E+02
2.55150000000E+06	9.152796E-02	1.034683E+02
2.55336875000E+06	9.253214E-02	1.022912E+02
2.55523750000E+06	9.283987E-02	1.044074E+02
2.55710625000E+06	9.006730E-02	1.034757E+02
2.55897500000E+06	8.999423E-02	1.038043E+02
2.56084375000E+06	9.181151E-02	1.034702E+02
2.56271250000E+06	9.083129E-02	1.041010E+02
2.56458125000E+06	9.218877E-02	1.048473E+02
2.56645000000E+06	8.951150E-02	1.044752E+02
2.56831875000E+06	9.108524E-02	1.029029E+02
2.57018750000E+06	9.236050E-02	1.027275E+02
2.57205625000E+06	9.145126E-02	1.036018E+02
2.57392500000E+06	9.152693E-02	1.034958E+02
2.57579375000E+06	9.046115E-02	1.036954E+02
2.57766250000E+06	9.108213E-02	1.028907E+02
2.57953125000E+06	9.297379E-02	1.049722E+02
2.58140000000E+06	9.270581E-02	1.038628E+02
2.58326875000E+06	9.162270E-02	1.042400E+02
2.58513750000E+06	9.202935E-02	1.032519E+02
2.58700625000E+06	9.085526E-02	1.035933E+02
2.58887500000E+06	9.415426E-02	1.024041E+02
2.59074375000E+06	9.214838E-02	1.031322E+02
2.59261250000E+06	9.274685E-02	1.035238E+02
2.59448125000E+06	9.249995E-02	1.039085E+02
2.59635000000E+06	9.273746E-02	1.028180E+02
2.59821875000E+06	9.270401E-02	1.039764E+02
2.60008750000E+06	9.373716E-02	1.033082E+02
2.60195625000E+06	9.164418E-02	1.021386E+02
2.60382500000E+06	9.274179E-02	1.039260E+02
2.60569375000E+06	9.250455E-02	1.041672E+02
2.60756250000E+06	9.288327E-02	1.031129E+02
2.60943125000E+06	9.167939E-02	1.031696E+02
2.61130000000E+06	9.148873E-02	1.044209E+02
2.61316875000E+06	9.362821E-02	1.034625E+02
2.61503750000E+06	9.367143E-02	1.032322E+02
2.61690625000E+06	9.283233E-02	1.032776E+02
2.61877500000E+06	9.401172E-02	1.043680E+02
2.62064375000E+06	9.501054E-02	1.026420E+02
2.62251250000E+06	9.251711E-02	1.034409E+02
2.62438125000E+06	9.394370E-02	1.023742E+02
2.62625000000E+06	9.394982E-02	1.029518E+02
2.62811875000E+06	9.368587E-02	1.029810E+02
2.62998750000E+06	9.319177E-02	1.046309E+02
2.63185625000E+06	9.373119E-02	1.040332E+02
2.63372500000E+06	9.199357E-02	1.034974E+02
2.63559375000E+06	9.295387E-02	1.032805E+02
2.63746250000E+06	9.227442E-02	1.036145E+02
2.63933125000E+06	9.358604E-02	1.036012E+02
2.64120000000E+06	9.233039E-02	1.033468E+02
2.64306875000E+06	9.376581E-02	1.045062E+02
2.64493750000E+06	9.322927E-02	1.038815E+02
2.64680625000E+06	9.311096E-02	1.043993E+02
2.64867500000E+06	9.554334E-02	1.033950E+02
2.65054375000E+06	9.344195E-02	1.050661E+02
2.65241250000E+06	9.407391E-02	1.049626E+02
2.65428125000E+06	9.323862E-02	1.039702E+02
2.65615000000E+06	9.459742E-02	1.047659E+02
2.65801875000E+06	9.336968E-02	1.047792E+02
2.65988750000E+06	9.368581E-02	1.034232E+02
2.66175625000E+06	9.388661E-02	1.048173E+02
2.66362500000E+06	9.354307E-02	1.043161E+02
2.66549375000E+06	9.389228E-02	1.044404E+02
2.66736250000E+06	9.551357E-02	1.044158E+02
2.66923125000E+06	9.511000E-02	1.039992E+02
2.67110000000E+06	9.321941E-02	1.045864E+02
2.67296875000E+06	9.538587E-02	1.040241E+02
2.67483750000E+06	9.498897E-02	1.050725E+02
2.67670625000E+06	9.237987E-02	1.051625E+02
2.67857500000E+06	9.432002E-02	1.045736E+02
2.68044375000E+06	9.560031E-02	1.055900E+02
2.68231250000E+06	9.662401E-02	1.051489E+02
2.68418125000E+06	9.501827E-02	1.048500E+02
2.68605000000E+06	9.407205E-02	1.048861E+02
2.68791875000E+06	9.468205E-02	1.042857E+02
2.68978750000E+06	9.413537E-02	1.043541E+02
2.69165625000E+06	9.445655E-02	1.049199E+02
2.69352500000E+06	9.628296E-02	1.043052E+02
2.69539375000E+06	9.555018E-02	1.042483E+02
2.69726250000E+06	9.616839E-02	1.041190E+02
2.69913125000E+06	9.445475E-02	1.046701E+02
2.70100000000E+06	9.559207E-02	1.050685E+02
2.70286875000E+06	9.543081E-02	1.035985E+02
2.70473750000E+06	9.396093E-02	1.047345E+02
2.70660625000E+06	9.713639E-02	1.052295E+02
2.70847500000E+06	9.497304E-02	1.049107E+02
2.71034375000E+06	9.314097E-02	1.040777E+02
2.71221250000E+06	9.462871E-02	1.042713E+02
2.71408125000E+06	9.527805E-02	1.041082E+02
2.71595000000E+06	9.534937E-02	1.059881E+02
2.71781875000E+06	9.441143E-02	1.053770E+02
2.71968750000E+06	9.651117E-02	1.056264E+02
2.72155625000E+06	9.577604E-02	1.043714E+02
2.72342500000E+06	9.547818E-02	1.058895E+02
2.72529375000E+06	9.548252E-02	1.049004E+02
2.72716250000E+06	9.542856E-02	1.051469E+02
2.72903125000E+06	9.581737E-02	1.051336E+02
2.73090000000E+06	9.585106E-02	1.059090E+02
2.73276875000E+06	9.603095E-02	1.049152E+02
2.73463750000E+06	9.591698E-02	1.051773E+02
2.73650625000E+06	9.761419E-02	1.050948E+02
2.73837500000E+06	9.685825E-02	1.048156E+02
2.74024375000E+06	9.714622E-02	1.053458E+02
2.74211250000E+06	9.575699E-02	1.055024E+02
2.74398125000E+06	9.596279E-02	1.039577E+02
2.74585000000E+06	9.742002E-02	1.050191E+02
2.74771875000E+06	9.528299E-02	1.056707E+02
2.74958750000E+06	9.528581E-02	1.052731E+02
2.75145625000E+06	9.587813E-02	1.045204E+02
2.75332500000E+06	9.548482E-02	1.044510E+02
2.75519375000E+06	9.619161E-02	1.053083E+02
2.75706250000E+06	9.692740E-02	1.056535E+02
2.75893125000E+06	9.631231E-02	1.052782E+02
2.76080000000E+06	9.654790E-02	1.048246E+02
2.76266875000E+06	9.597207E-02	1.054975E+02
2.76453750000E+06	9.495275E-02	1.048882E+02
2.76640625000E+06	9.690709E-02	1.054651E+02
2.76827500000E+06	9.660115E-02	1.056360E+02
2.77014375000E+06	9.641601E-02	1.051250E+02
2.77201250000E+06	9.712090E-02	1.065596E+02
2.77388125000E+06	9.813065E-02	1.057717E+02
2.77575000000E+06	9.634275E-02	1.061190E+02
2.77761875000E+06	9.702528E-02	1.061387E+02
2.77948750000E+06	9.809871E-02	1.050637E+02
2.78135625000E+06	9.657605E-02	1.061122E+02
2.78322500000E+06	9.775094E-02	1.044980E+02
2.78509375000E+06	9.699509E-02	1.053409E+02
2.78696250000E+06	9.740111E-02	1.062693E+02
2.78883125000E+06	9.703729E-02	1.049757E+02
2.79070000000E+06	9.692138E-02	1.059570E+02
2.79256875000E+06	9.707794E-02	1.049682E+02
2.79443750000E+06	9.663289E-02	1.050507E+02
2.79630625000E+06	9.482004E-02	1.053003E+02
2.79817500000E+06	9.704472E-02	1.051851E+02
2.80004375000E+06	9.604261E-02	1.042308E+02
2.80191250000E+06	9.617716E-02	1.048220E+02
2.80378125000E+06	9.598865E-02	1.048267E+02
2.80565000000E+06	9.866966E-02	1.043437E+02
2.80751875000E+06	9.742034E-02	1.055556E+02
2.80938750000E+06	9.721906E-02	1.057261E+02
2.81125625000E+06	9.589842E-02	1.056499E+02
2.81312500000E+06	9.637699E-02	1.055060E+02
2.81499375000E+06	9.733357E-02	1.052833E+02
2.81686250000E+06	9.694857E-02	1.045596E+02
2.81873125000E+06	9.808327E-02	1.050226E+02
2.82060000000E+06	9.692767E-02	1.042556E+02
2.82246875000E+06	9.559080E-02	1.045405E+02
2.82433750000E+06	9.706201E-02	1.042492E+02
2.82620625000E+06	9.730365E-02	1.046567E+02
2.82807500000E+06	9.688123E-02	1.050386E+02
2.82994375000E+06	9.803119E-02	1.037026E+02
2.83181250000E+06	9.503576E-02	1.050651E+02
2.83368125000E+06	9.759346E-02	1.048243E+02
2.83555000000E+06	9.723397E-02	1.050564E+02
2.83741875000E+06	9.760355E-02	1.046990E+02
2.83928750000E+06	9.818809E-02	1.057307E+02
2.84115625000E+06	9.711220E-02	1.042705E+02
2.84302500000E+06	9.546122E-02	1.050177E+02
2.84489375000E+06	9.686656E-02	1.047585E+02
2.84676250000E+06	9.818099E-02	1.042639E+02
2.84863125000E+06	9.764592E-02	1.047402E+02
2.85050000000E+06	9.484788E-02	1.056785E+02
2.85236875000E+06	9.772936E-02	1.051658E+02
2.85423750000E+06	9.754408E-02	1.047821E+02
2.85610625000E+06	9.733892E-02	1.044381E+02
2.85797500000E+06	9.778351E-02	1.044285E+02
2.85984375000E+06	9.580211E-02	1.042593E+02
2.86171250000E+06	9.882204E-02	1.051024E+02
2.86358125000E+06	9.715889E-02	1.047907E+02
2.86545000000E+06	9.800584E-02	1.052957E+02
2.86731875000E+06	9.699402E-02	1.058027E+02
2.86918750000E+06	9.549151E-02	1.046756E+02
2.87105625000E+06	9.748342E-02	1.048709E+02
2.87292500000E+06	9.722541E-02	1.048484E+02
2.87479375000E+06	9.811900E-02	1.046860E+02
2.87666250000E+06	9.729522E-02	1.057042E+02
2.87853125000E+06	9.746534E-02	1.047033E+02
2.88040000000E+06	9.875395E-02	1.048776E+02
2.88226875000E+06	9.682605E-02	1.045717E+02
2.88413750000E+06	9.673025E-02	1.056610E+02
2.88600625000E+06	9.919552E-02	1.054496E+02
2.88787500000E+06	9.982239E-02	1.049998E+02
2.88974375000E+06	9.954859E-02	1.054067E+02
2.89161250000E+06	9.760020E-02	1.062508E+02
2.89348125000E+06	9.747588E-02	1.059194E+02
2.89535000000E+06	9.739301E-02	1.054828E+02
2.89721875000E+06	9.897002E-02	1.059532E+02
2.89908750000E+06	9.822202E-02	1.059186E+02
2.90095625000E+06	1.003641E-01	1.056504E+02
2.90282500000E+06	9.878051E-02	1.049189E+02
2.90469375000E+06	9.791461E-02	1.050577E+02
2.90656250000E+06	9.912255E-02	1.055756E+02
2.90843125000E+06	9.703325E-02	1.057253E+02
2.91030000000E+06	9.903257E-02	1.064084E+02
2.91216875000E+06	9.572162E-02	1.060332E+02
2.91403750000E+06	9.903608E-02	1.053408E+02
2.91590625000E+06	9.842154E-02	1.062750E+02
2.91777500000E+06	9.737124E-02	1.064973E+02
2.91964375000E+06	9.824809E-02	1.065614E+02
2.92151250000E+06	9.948916E-02	1.069715E+02
2.92338125000E+06	9.864198E-02	1.061726E+02
2.92525000000E+06	9.957886E-02	1.056649E+02
2.92711875000E+06	9.812278E-02	1.064008E+02
2.92898750000E+06	9.852473E-02	1.063033E+02
2.93085625000E+06	9.971112E-02	1.057620E+02
2.93272500000E+06	9.981772E-02	1.070902E+02
2.93459375000E+06	9.874838E-02	1.064681E+02
2.93646250000E+06	9.911894E-02	1.055299E+02
2.93833125000E+06	9.853879E-02	1.062803E+02
2.94020000000E+06	9.900061E-02	1.074841E+02
2.94206875000E+06	9.950023E-02	1.059541E+02
2.94393750000E+06	9.728090E-02	1.059475E+02
2.94580625000E+06	9.704156E-02	1.063467E+02
2.94767500000E+06	9.752867E-02	1.057581E+02
2.94954375000E+06	9.861305E-02	1.057982E+02
2.95141250000E+06	9.822695E-02	1.052612E+02
2.95328125000E+06	9.987334E-02	1.062878E+02
2.95515000000E+06	9.952509E-02	1.052994E+02
2.95701875000E+06	9.881201E-02	1.059685E+02
2.95888750000E+06	1.008525E-01	1.064597E+02
2.96075625000E+06	9.936040E-02	1.055239E+02
2.96262500000E+06	9.860309E-02	1.057399E+02
2.96449375000E+06	9.996086E-02	1.057733E+02
2.96636250000E+06	9.891886E-02	1.056984E+02
2.96823125000E+06	9.830093E-02	1.060408E+02
2.97010000000E+06	9.834883E-02	1.064895E+02
2.97196875000E+06	9.824866E-02	1.056139E+02
2.97383750000E+06	9.835067E-02	1.056046E+02
2.97570625000E+06	9.865875E-02	1.054743E+02
2.97757500000E+06	9.976234E-02	1.053983E+02
2.97944375000E+06	9.842378E-02	1.044282E+02
2.98131250000E+06	1.004620E-01	1.048212E+02
2.98318125000E+06	9.969708E-02	1.056366E+02
2.98505000000E+06	9.872743E-02	1.056831E+02
2.98691875000E+06	9.815461E-02	1.057701E+02
2.98878750000E+06	9.902420E-02	1.070782E+02
2.99065625000E+06	9.960293E-02	1.047936E+02
2.99252500000E+06	9.900830E-02	1.043632E+02
2.99439375000E+06	9.763208E-02	1.058483E+02
2.99626250000E+06	9.899422E-02	1.050771E+02
2.99813125000E+06	9.901065E-02	1.051928E+02
3.00000000000E+06	9.997450E-02	1.059683E+02
