"E5100A REV3.14"
"DATE: Jul  1 2004"



"CHANNEL: 2"
"MEASURE TYPE: AR"
"FORMAT TYPE: LINMP"
"NUMBER of POINTS: 1601"
"SWEEP TIME:  3.458 s"
"SWEEP TYPE: LINF"
"SOURCE POWER: 0 dBm"
"IF BANDWIDTH: 500 Hz"

"Frequency"	"Main Array"	"Sub Array"
1.00000000000E+04	4.498685E-02	-1.761354E+02
1.18687500000E+04	1.936523E-02	1.145656E+02
1.37375000000E+04	8.293957E-03	-8.421255E+01
1.56062500000E+04	1.506197E-03	-8.537791E+01
1.74750000000E+04	2.622541E-04	1.690862E+02
1.93437500000E+04	5.032441E-03	-4.910369E+01
2.12125000000E+04	1.873515E-03	2.408883E-02
2.30812500000E+04	2.945208E-03	-8.045150E+01
2.49500000000E+04	1.548636E-03	-6.178373E+01
2.68187500000E+04	7.484037E-04	-2.275886E+01
2.86875000000E+04	8.898473E-04	1.680189E+02
3.05562500000E+04	1.166223E-03	4.676407E+01
3.24250000000E+04	1.929111E-03	-2.572504E+01
3.42937500000E+04	1.644052E-03	-1.551694E+02
3.61625000000E+04	1.135383E-03	-1.753589E+02
3.80312500000E+04	9.633468E-04	8.505190E+01
3.99000000000E+04	9.703254E-04	1.298340E+02
4.17687500000E+04	5.289398E-04	-1.152441E+02
4.36375000000E+04	3.018618E-04	-1.648050E+02
4.55062500000E+04	3.025413E-04	-1.612593E+02
4.73750000000E+04	4.974339E-04	1.680477E+02
4.92437500000E+04	1.844446E-03	2.514691E+01
5.11125000000E+04	1.838155E-04	1.702835E+02
5.29812500000E+04	1.355341E-03	3.141043E+01
5.48500000000E+04	3.130671E-04	-1.437705E+02
5.67187500000E+04	2.947998E-04	-1.250552E+02
5.85875000000E+04	4.804385E-04	1.615634E+02
6.04562500000E+04	1.666461E-04	1.053205E+02
6.23250000000E+04	8.715919E-04	-7.991653E+01
6.41937500000E+04	2.584138E-04	-5.226066E+01
6.60625000000E+04	1.062542E-03	-6.675597E+01
6.79312500000E+04	7.264427E-04	-1.172995E+02
6.98000000000E+04	1.746028E-04	6.085613E+01
7.16687500000E+04	5.377783E-04	7.797478E+01
7.35375000000E+04	6.833496E-04	-1.483831E+01
7.54062500000E+04	4.947932E-04	-1.078356E+02
7.72750000000E+04	5.564994E-04	-8.331786E+01
7.91437500000E+04	6.843663E-04	-5.582749E+01
8.10125000000E+04	1.595415E-04	-1.542138E+02
8.28812500000E+04	5.759143E-04	-1.502338E+02
8.47500000000E+04	1.149534E-04	4.022686E+01
8.66187500000E+04	8.632111E-05	-6.665638E+01
8.84875000000E+04	1.967052E-04	1.761086E+02
9.03562500000E+04	6.112437E-04	-4.834029E+01
9.22250000000E+04	6.026513E-04	-1.030443E+02
9.40937500000E+04	5.343421E-04	-7.005190E+01
9.59625000000E+04	7.014982E-04	-1.029413E+02
9.78312500000E+04	3.777135E-04	-1.508892E+02
9.97000000000E+04	7.586079E-04	-8.045673E+01
1.01568750000E+05	5.032552E-04	-6.151585E+01
1.03437500000E+05	3.558435E-04	-6.245428E+01
1.05306250000E+05	1.201856E-03	-1.141290E+02
1.07175000000E+05	3.896562E-04	-3.390689E+01
1.09043750000E+05	2.844345E-04	-9.034807E+01
1.10912500000E+05	1.701922E-03	-1.747402E+02
1.12781250000E+05	4.439655E-04	-9.279182E+01
1.14650000000E+05	3.005247E-04	-6.983921E+01
1.16518750000E+05	5.066512E-04	-6.825610E+01
1.18387500000E+05	3.431455E-04	-1.021079E+02
1.20256250000E+05	1.625384E-04	1.114162E+01
1.22125000000E+05	5.411395E-04	-6.932906E+01
1.23993750000E+05	6.508410E-04	-9.320993E+01
1.25862500000E+05	5.483840E-04	-9.769975E+01
1.27731250000E+05	1.216744E-04	-8.981971E+01
1.29600000000E+05	6.185541E-04	-7.971886E+01
1.31468750000E+05	6.974763E-04	-9.540714E+01
1.33337500000E+05	5.286135E-04	-5.217218E+01
1.35206250000E+05	2.218787E-04	-8.276701E+01
1.37075000000E+05	1.322218E-04	1.529888E+02
1.38943750000E+05	9.550574E-04	-9.377769E+01
1.40812500000E+05	9.813176E-04	-8.959090E+01
1.42681250000E+05	6.655536E-04	-1.136615E+02
1.44550000000E+05	9.314396E-04	-8.366119E+01
1.46418750000E+05	5.444175E-04	-7.740005E+01
1.48287500000E+05	6.892854E-04	-1.029908E+02
1.50156250000E+05	4.779063E-04	-1.125480E+02
1.52025000000E+05	8.008383E-04	-8.995730E+01
1.53893750000E+05	1.846474E-04	-1.027298E+02
1.55762500000E+05	6.978859E-04	-1.148588E+02
1.57631250000E+05	3.466018E-04	-8.281745E+01
1.59500000000E+05	4.452727E-04	-7.897752E+01
1.61368750000E+05	4.403786E-04	-8.640925E+01
1.63237500000E+05	8.882773E-04	-8.584639E+01
1.65106250000E+05	6.806965E-04	-8.415489E+01
1.66975000000E+05	5.596610E-04	-9.673537E+01
1.68843750000E+05	4.773504E-04	-1.048436E+02
1.70712500000E+05	7.519312E-04	-6.889352E+01
1.72581250000E+05	7.816501E-04	-8.802872E+01
1.74450000000E+05	6.566424E-04	-1.124934E+02
1.76318750000E+05	7.645280E-04	-1.033848E+02
1.78187500000E+05	6.982291E-04	-8.152382E+01
1.80056250000E+05	7.092931E-04	-7.687009E+01
1.81925000000E+05	8.643829E-04	-1.001975E+02
1.83793750000E+05	8.416468E-04	-1.072335E+02
1.85662500000E+05	5.955235E-04	-9.313245E+01
1.87531250000E+05	7.469495E-04	-9.228493E+01
1.89400000000E+05	9.139115E-04	-9.618668E+01
1.91268750000E+05	5.285733E-04	-8.560802E+01
1.93137500000E+05	8.138004E-04	-7.271101E+01
1.95006250000E+05	7.724640E-04	-9.527650E+01
1.96875000000E+05	9.368754E-04	-1.043920E+02
1.98743750000E+05	1.041990E-03	-1.127306E+02
2.00612500000E+05	7.336400E-04	-9.001943E+01
2.02481250000E+05	9.302266E-04	-8.370980E+01
2.04350000000E+05	7.753033E-04	-9.832112E+01
2.06218750000E+05	6.753813E-04	-9.685103E+01
2.08087500000E+05	8.865237E-04	-8.187833E+01
2.09956250000E+05	8.879819E-04	-9.810899E+01
2.11825000000E+05	7.900439E-04	-9.722867E+01
2.13693750000E+05	9.650355E-04	-8.754185E+01
2.15562500000E+05	9.759233E-04	-9.509172E+01
2.17431250000E+05	4.306349E-04	-8.508322E+01
2.19300000000E+05	9.193750E-04	-8.180555E+01
2.21168750000E+05	9.129430E-04	-1.104160E+02
2.23037500000E+05	9.212400E-04	-8.856383E+01
2.24906250000E+05	8.205377E-04	-1.132012E+02
2.26775000000E+05	8.963873E-04	-9.637395E+01
2.28643750000E+05	1.126890E-03	-1.032062E+02
2.30512500000E+05	1.164773E-03	-7.883060E+01
2.32381250000E+05	9.238923E-04	-9.079079E+01
2.34250000000E+05	7.627497E-04	-8.633517E+01
2.36118750000E+05	7.642159E-04	-9.197816E+01
2.37987500000E+05	1.095415E-03	-8.239527E+01
2.39856250000E+05	9.268087E-04	-7.889193E+01
2.41725000000E+05	1.008479E-03	-1.041899E+02
2.43593750000E+05	6.940753E-04	-6.671656E+01
2.45462500000E+05	9.048161E-04	-8.110351E+01
2.47331250000E+05	1.062001E-03	-8.125180E+01
2.49200000000E+05	8.691357E-04	-9.801482E+01
2.51068750000E+05	7.071727E-04	-9.102931E+01
2.52937500000E+05	8.196925E-04	-8.847047E+01
2.54806250000E+05	6.480569E-04	-8.855504E+01
2.56675000000E+05	1.039157E-03	-1.038567E+02
2.58543750000E+05	7.292685E-04	-9.426817E+01
2.60412500000E+05	1.015478E-03	-9.935848E+01
2.62281250000E+05	9.003120E-04	-8.305403E+01
2.64150000000E+05	7.626490E-04	-8.458042E+01
2.66018750000E+05	1.086612E-03	-9.222214E+01
2.67887500000E+05	1.007638E-03	-9.160536E+01
2.69756250000E+05	9.556433E-04	-8.208728E+01
2.71625000000E+05	1.100742E-03	-1.025817E+02
2.73493750000E+05	1.267635E-03	-9.762214E+01
2.75362500000E+05	1.090724E-03	-9.149255E+01
2.77231250000E+05	9.801531E-04	-8.846859E+01
2.79100000000E+05	1.014985E-03	-8.849462E+01
2.80968750000E+05	9.904284E-04	-7.985628E+01
2.82837500000E+05	1.129178E-03	-8.222828E+01
2.84706250000E+05	1.147564E-03	-9.022266E+01
2.86575000000E+05	1.157347E-03	-1.013258E+02
2.88443750000E+05	8.717972E-04	-9.175108E+01
2.90312500000E+05	1.169559E-03	-8.757302E+01
2.92181250000E+05	1.297639E-03	-9.512553E+01
2.94050000000E+05	1.079415E-03	-8.587925E+01
2.95918750000E+05	1.156703E-03	-7.656007E+01
2.97787500000E+05	9.200411E-04	-7.667870E+01
2.99656250000E+05	1.147486E-03	-7.463606E+01
3.01525000000E+05	1.185020E-03	-1.015201E+02
3.03393750000E+05	1.230975E-03	-1.021718E+02
3.05262500000E+05	1.022706E-03	-9.631152E+01
3.07131250000E+05	1.251891E-03	-9.628102E+01
3.09000000000E+05	1.173473E-03	-8.929248E+01
3.10868750000E+05	1.119355E-03	-1.078971E+02
3.12737500000E+05	1.141175E-03	-8.586009E+01
3.14606250000E+05	1.080912E-03	-8.161163E+01
3.16475000000E+05	1.258738E-03	-1.027343E+02
3.18343750000E+05	1.333619E-03	-9.623131E+01
3.20212500000E+05	1.317981E-03	-8.995288E+01
3.22081250000E+05	1.105275E-03	-9.747070E+01
3.23950000000E+05	1.204174E-03	-9.454283E+01
3.25818750000E+05	1.138753E-03	-9.065340E+01
3.27687500000E+05	1.399396E-03	-9.206294E+01
3.29556250000E+05	1.148980E-03	-8.437712E+01
3.31425000000E+05	1.187696E-03	-9.299494E+01
3.33293750000E+05	1.247205E-03	-1.032049E+02
3.35162500000E+05	1.230024E-03	-9.219676E+01
3.37031250000E+05	1.390816E-03	-9.266437E+01
3.38900000000E+05	1.330979E-03	-8.759369E+01
3.40768750000E+05	1.324092E-03	-9.436361E+01
3.42637500000E+05	1.243442E-03	-9.417418E+01
3.44506250000E+05	1.552747E-03	-9.936562E+01
3.46375000000E+05	1.347587E-03	-8.695801E+01
3.48243750000E+05	1.478500E-03	-9.889313E+01
3.50112500000E+05	1.296744E-03	-9.563541E+01
3.51981250000E+05	1.464423E-03	-9.229742E+01
3.53850000000E+05	1.406607E-03	-9.168939E+01
3.55718750000E+05	1.327386E-03	-8.600312E+01
3.57587500000E+05	1.267441E-03	-9.559618E+01
3.59456250000E+05	1.282738E-03	-9.511628E+01
3.61325000000E+05	1.417005E-03	-8.655555E+01
3.63193750000E+05	1.462200E-03	-9.504506E+01
3.65062500000E+05	1.404132E-03	-9.141460E+01
3.66931250000E+05	1.434797E-03	-8.809461E+01
3.68800000000E+05	1.377419E-03	-9.184162E+01
3.70668750000E+05	1.326694E-03	-8.792056E+01
3.72537500000E+05	1.505648E-03	-9.407108E+01
3.74406250000E+05	1.240302E-03	-9.331910E+01
3.76275000000E+05	1.483642E-03	-9.076195E+01
3.78143750000E+05	1.361929E-03	-9.142298E+01
3.80012500000E+05	1.514136E-03	-9.010817E+01
3.81881250000E+05	1.351956E-03	-9.364558E+01
3.83750000000E+05	1.524180E-03	-9.409344E+01
3.85618750000E+05	1.448592E-03	-8.663509E+01
3.87487500000E+05	1.256156E-03	-9.679701E+01
3.89356250000E+05	1.543074E-03	-9.103027E+01
3.91225000000E+05	1.474630E-03	-9.047424E+01
3.93093750000E+05	1.359962E-03	-9.317916E+01
3.94962500000E+05	1.613780E-03	-9.624410E+01
3.96831250000E+05	1.558573E-03	-8.909337E+01
3.98700000000E+05	1.466107E-03	-9.931249E+01
4.00568750000E+05	1.733002E-03	-9.056377E+01
4.02437500000E+05	1.597786E-03	-9.670581E+01
4.04306250000E+05	1.644215E-03	-9.030476E+01
4.06175000000E+05	1.586113E-03	-8.953114E+01
4.08043750000E+05	1.584795E-03	-9.824012E+01
4.09912500000E+05	1.742385E-03	-1.003023E+02
4.11781250000E+05	1.611657E-03	-8.594981E+01
4.13650000000E+05	1.577632E-03	-9.332589E+01
4.15518750000E+05	1.399236E-03	-9.234362E+01
4.17387500000E+05	1.688357E-03	-8.811246E+01
4.19256250000E+05	1.549594E-03	-8.887318E+01
4.21125000000E+05	1.556458E-03	-8.839073E+01
4.22993750000E+05	1.605207E-03	-9.562651E+01
4.24862500000E+05	1.604012E-03	-8.377150E+01
4.26731250000E+05	1.647015E-03	-9.469054E+01
4.28600000000E+05	1.654536E-03	-9.291038E+01
4.30468750000E+05	1.638146E-03	-9.098640E+01
4.32337500000E+05	1.548087E-03	-9.167297E+01
4.34206250000E+05	1.710778E-03	-9.007561E+01
4.36075000000E+05	1.672466E-03	-9.598096E+01
4.37943750000E+05	1.667069E-03	-9.274077E+01
4.39812500000E+05	1.812603E-03	-9.030764E+01
4.41681250000E+05	1.582267E-03	-8.771504E+01
4.43550000000E+05	1.829502E-03	-9.127007E+01
4.45418750000E+05	1.695285E-03	-9.377349E+01
4.47287500000E+05	1.517695E-03	-8.963021E+01
4.49156250000E+05	1.719254E-03	-9.310583E+01
4.51025000000E+05	1.674001E-03	-9.244589E+01
4.52893750000E+05	1.777460E-03	-8.704331E+01
4.54762500000E+05	1.591195E-03	-9.033147E+01
4.56631250000E+05	1.786081E-03	-9.192381E+01
4.58500000000E+05	1.736123E-03	-9.249976E+01
4.60368750000E+05	1.815342E-03	-9.536488E+01
4.62237500000E+05	1.750046E-03	-9.450761E+01
4.64106250000E+05	1.763743E-03	-9.197500E+01
4.65975000000E+05	1.832825E-03	-9.245845E+01
4.67843750000E+05	1.895002E-03	-9.367979E+01
4.69712500000E+05	1.788653E-03	-9.143769E+01
4.71581250000E+05	1.833812E-03	-8.973040E+01
4.73450000000E+05	1.674477E-03	-9.388909E+01
4.75318750000E+05	1.806837E-03	-8.904107E+01
4.77187500000E+05	1.741157E-03	-9.638173E+01
4.79056250000E+05	1.711562E-03	-9.723142E+01
4.80925000000E+05	1.894596E-03	-9.092951E+01
4.82793750000E+05	1.975920E-03	-9.015069E+01
4.84662500000E+05	1.923708E-03	-9.182182E+01
4.86531250000E+05	1.968868E-03	-9.424548E+01
4.88400000000E+05	1.761387E-03	-8.960631E+01
4.90268750000E+05	1.735723E-03	-9.622535E+01
4.92137500000E+05	1.958986E-03	-9.427818E+01
4.94006250000E+05	1.801138E-03	-9.275565E+01
4.95875000000E+05	1.812276E-03	-8.918565E+01
4.97743750000E+05	1.849520E-03	-9.702426E+01
4.99612500000E+05	2.051466E-03	-9.032184E+01
5.01481250000E+05	1.797658E-03	-9.009760E+01
5.03350000000E+05	1.888976E-03	-8.955639E+01
5.05218750000E+05	1.784848E-03	-9.095934E+01
5.07087500000E+05	1.788293E-03	-9.268041E+01
5.08956250000E+05	1.981822E-03	-9.360005E+01
5.10825000000E+05	1.852728E-03	-9.267324E+01
5.12693750000E+05	1.783937E-03	-9.386092E+01
5.14562500000E+05	1.836858E-03	-9.734978E+01
5.16431250000E+05	1.921652E-03	-9.663976E+01
5.18300000000E+05	1.872557E-03	-9.372938E+01
5.20168750000E+05	2.083262E-03	-9.179921E+01
5.22037500000E+05	2.058142E-03	-9.649560E+01
5.23906250000E+05	1.799775E-03	-9.388873E+01
5.25775000000E+05	1.982001E-03	-8.941597E+01
5.27643750000E+05	2.134018E-03	-9.145033E+01
5.29512500000E+05	2.065418E-03	-8.901662E+01
5.31381250000E+05	1.956127E-03	-8.904675E+01
5.33250000000E+05	1.936646E-03	-9.489071E+01
5.35118750000E+05	2.004694E-03	-8.825948E+01
5.36987500000E+05	1.953382E-03	-8.699854E+01
5.38856250000E+05	2.055487E-03	-9.180153E+01
5.40725000000E+05	2.045948E-03	-9.303945E+01
5.42593750000E+05	2.089265E-03	-9.037462E+01
5.44462500000E+05	2.004862E-03	-9.444257E+01
5.46331250000E+05	2.106564E-03	-8.929587E+01
5.48200000000E+05	2.154526E-03	-9.433945E+01
5.50068750000E+05	2.160679E-03	-9.269045E+01
5.51937500000E+05	2.068444E-03	-9.453912E+01
5.53806250000E+05	2.152898E-03	-9.498408E+01
5.55675000000E+05	2.061321E-03	-8.929626E+01
5.57543750000E+05	2.051869E-03	-9.180843E+01
5.59412500000E+05	2.215864E-03	-8.982496E+01
5.61281250000E+05	2.142842E-03	-9.767815E+01
5.63150000000E+05	2.204636E-03	-8.752695E+01
5.65018750000E+05	2.130429E-03	-9.463460E+01
5.66887500000E+05	2.168938E-03	-9.711504E+01
5.68756250000E+05	2.280294E-03	-9.683341E+01
5.70625000000E+05	2.208865E-03	-9.178316E+01
5.72493750000E+05	2.111059E-03	-9.134156E+01
5.74362500000E+05	2.203453E-03	-9.284431E+01
5.76231250000E+05	2.065908E-03	-9.217278E+01
5.78100000000E+05	2.197374E-03	-9.463722E+01
5.79968750000E+05	2.141836E-03	-9.636363E+01
5.81837500000E+05	2.177047E-03	-9.556374E+01
5.83706250000E+05	2.081164E-03	-9.924313E+01
5.85575000000E+05	2.174261E-03	-9.142867E+01
5.87443750000E+05	2.190266E-03	-9.694660E+01
5.89312500000E+05	2.385093E-03	-9.248312E+01
5.91181250000E+05	2.298079E-03	-8.917950E+01
5.93050000000E+05	2.248493E-03	-9.316536E+01
5.94918750000E+05	2.286091E-03	-9.470036E+01
5.96787500000E+05	2.170140E-03	-9.502145E+01
5.98656250000E+05	2.250049E-03	-9.228554E+01
6.00525000000E+05	2.102600E-03	-9.210508E+01
6.02393750000E+05	2.236330E-03	-9.804846E+01
6.04262500000E+05	2.375431E-03	-9.495468E+01
6.06131250000E+05	2.240618E-03	-9.186202E+01
6.08000000000E+05	2.339286E-03	-9.489954E+01
6.09868750000E+05	2.276738E-03	-9.010053E+01
6.11737500000E+05	2.335645E-03	-9.647320E+01
6.13606250000E+05	2.418469E-03	-9.276264E+01
6.15475000000E+05	2.367420E-03	-9.243416E+01
6.17343750000E+05	2.297402E-03	-9.467294E+01
6.19212500000E+05	2.464940E-03	-9.243362E+01
6.21081250000E+05	2.287726E-03	-9.219460E+01
6.22950000000E+05	2.222804E-03	-9.043333E+01
6.24818750000E+05	2.369617E-03	-9.420836E+01
6.26687500000E+05	2.376599E-03	-9.449157E+01
6.28556250000E+05	2.403788E-03	-9.348475E+01
6.30425000000E+05	2.367124E-03	-9.285121E+01
6.32293750000E+05	2.266782E-03	-9.347573E+01
6.34162500000E+05	2.523778E-03	-9.733804E+01
6.36031250000E+05	2.377509E-03	-9.667112E+01
6.37900000000E+05	2.301315E-03	-9.273557E+01
6.39768750000E+05	2.407185E-03	-9.101244E+01
6.41637500000E+05	2.293956E-03	-9.426893E+01
6.43506250000E+05	2.371801E-03	-9.496042E+01
6.45375000000E+05	2.590725E-03	-9.439875E+01
6.47243750000E+05	2.362841E-03	-9.140374E+01
6.49112500000E+05	2.489362E-03	-9.447256E+01
6.50981250000E+05	2.419556E-03	-9.290449E+01
6.52850000000E+05	2.484578E-03	-9.837055E+01
6.54718750000E+05	2.449057E-03	-9.375977E+01
6.56587500000E+05	2.465856E-03	-9.514186E+01
6.58456250000E+05	2.475712E-03	-9.186377E+01
6.60325000000E+05	2.538550E-03	-9.259552E+01
6.62193750000E+05	2.468165E-03	-9.439224E+01
6.64062500000E+05	2.673377E-03	-9.208230E+01
6.65931250000E+05	2.561210E-03	-9.235342E+01
6.67800000000E+05	2.550879E-03	-9.393697E+01
6.69668750000E+05	2.666202E-03	-9.314616E+01
6.71537500000E+05	2.503409E-03	-9.272278E+01
6.73406250000E+05	2.726756E-03	-9.352700E+01
6.75275000000E+05	2.385176E-03	-9.238371E+01
6.77143750000E+05	2.646648E-03	-9.496563E+01
6.79012500000E+05	2.621051E-03	-9.406621E+01
6.80881250000E+05	2.677894E-03	-9.155753E+01
6.82750000000E+05	2.546464E-03	-9.474670E+01
6.84618750000E+05	2.504107E-03	-9.488575E+01
6.86487500000E+05	2.615177E-03	-9.507743E+01
6.88356250000E+05	2.692478E-03	-9.209965E+01
6.90225000000E+05	2.737227E-03	-9.198187E+01
6.92093750000E+05	2.712922E-03	-9.522607E+01
6.93962500000E+05	2.608226E-03	-9.330857E+01
6.95831250000E+05	2.683203E-03	-9.416811E+01
6.97700000000E+05	2.673897E-03	-9.469934E+01
6.99568750000E+05	2.656820E-03	-9.601991E+01
7.01437500000E+05	2.641766E-03	-9.690327E+01
7.03306250000E+05	2.633308E-03	-9.509260E+01
7.05175000000E+05	2.667853E-03	-9.299995E+01
7.07043750000E+05	2.825384E-03	-9.259113E+01
7.08912500000E+05	2.651319E-03	-9.540690E+01
7.10781250000E+05	2.686824E-03	-9.397420E+01
7.12650000000E+05	2.634281E-03	-9.507613E+01
7.14518750000E+05	2.495905E-03	-9.420666E+01
7.16387500000E+05	2.677501E-03	-9.221433E+01
7.18256250000E+05	2.661439E-03	-9.278510E+01
7.20125000000E+05	2.747110E-03	-9.165872E+01
7.21993750000E+05	2.763817E-03	-9.483286E+01
7.23862500000E+05	2.624374E-03	-9.598375E+01
7.25731250000E+05	2.648043E-03	-9.307854E+01
7.27600000000E+05	2.773931E-03	-9.226004E+01
7.29468750000E+05	2.652139E-03	-9.388952E+01
7.31337500000E+05	2.656187E-03	-9.405965E+01
7.33206250000E+05	2.862593E-03	-9.468802E+01
7.35075000000E+05	2.785639E-03	-9.461410E+01
7.36943750000E+05	2.883897E-03	-9.534752E+01
7.38812500000E+05	2.843371E-03	-9.776408E+01
7.40681250000E+05	2.814817E-03	-9.114083E+01
7.42550000000E+05	2.850450E-03	-9.510210E+01
7.44418750000E+05	3.006306E-03	-9.162376E+01
7.46287500000E+05	2.900137E-03	-9.426969E+01
7.48156250000E+05	2.817781E-03	-9.690936E+01
7.50025000000E+05	2.787944E-03	-9.339152E+01
7.51893750000E+05	2.903329E-03	-9.581155E+01
7.53762500000E+05	2.799664E-03	-9.510984E+01
7.55631250000E+05	2.752720E-03	-9.340709E+01
7.57500000000E+05	2.855487E-03	-9.202322E+01
7.59368750000E+05	2.934565E-03	-9.361916E+01
7.61237500000E+05	2.783980E-03	-9.545073E+01
7.63106250000E+05	2.920482E-03	-9.455809E+01
7.64975000000E+05	2.893989E-03	-9.530116E+01
7.66843750000E+05	2.846223E-03	-9.509256E+01
7.68712500000E+05	2.893969E-03	-9.299326E+01
7.70581250000E+05	2.801085E-03	-9.304393E+01
7.72450000000E+05	2.865158E-03	-9.170089E+01
7.74318750000E+05	2.703949E-03	-9.394501E+01
7.76187500000E+05	3.029701E-03	-9.457468E+01
7.78056250000E+05	2.886314E-03	-9.519121E+01
7.79925000000E+05	2.954962E-03	-9.519461E+01
7.81793750000E+05	2.921999E-03	-9.449676E+01
7.83662500000E+05	3.024456E-03	-9.095651E+01
7.85531250000E+05	2.981047E-03	-9.524533E+01
7.87400000000E+05	3.063747E-03	-9.469371E+01
7.89268750000E+05	2.994675E-03	-9.462328E+01
7.91137500000E+05	2.982827E-03	-9.365613E+01
7.93006250000E+05	3.047740E-03	-9.419369E+01
7.94875000000E+05	2.936930E-03	-9.558654E+01
7.96743750000E+05	3.091804E-03	-9.186825E+01
7.98612500000E+05	3.062472E-03	-9.366248E+01
8.00481250000E+05	3.027356E-03	-9.697584E+01
8.02350000000E+05	3.106098E-03	-9.437284E+01
8.04218750000E+05	3.167589E-03	-9.480927E+01
8.06087500000E+05	3.147467E-03	-9.442921E+01
8.07956250000E+05	2.986340E-03	-9.381349E+01
8.09825000000E+05	3.188074E-03	-9.540411E+01
8.11693750000E+05	3.041506E-03	-9.174966E+01
8.13562500000E+05	3.063102E-03	-9.480800E+01
8.15431250000E+05	2.988516E-03	-9.547276E+01
8.17300000000E+05	3.284029E-03	-9.629771E+01
8.19168750000E+05	2.919064E-03	-9.522962E+01
8.21037500000E+05	3.117106E-03	-9.175730E+01
8.22906250000E+05	3.210809E-03	-9.497385E+01
8.24775000000E+05	3.164258E-03	-9.324692E+01
8.26643750000E+05	3.122997E-03	-9.248779E+01
8.28512500000E+05	3.076431E-03	-9.489654E+01
8.30381250000E+05	3.081171E-03	-9.238254E+01
8.32250000000E+05	3.138796E-03	-9.520527E+01
8.34118750000E+05	3.019503E-03	-9.525797E+01
8.35987500000E+05	3.228855E-03	-9.653418E+01
8.37856250000E+05	3.222889E-03	-9.556483E+01
8.39725000000E+05	3.165810E-03	-9.574292E+01
8.41593750000E+05	3.222839E-03	-9.220703E+01
8.43462500000E+05	3.271455E-03	-9.432076E+01
8.45331250000E+05	3.137072E-03	-9.054079E+01
8.47200000000E+05	3.067861E-03	-9.330798E+01
8.49068750000E+05	3.249618E-03	-9.562879E+01
8.50937500000E+05	3.196171E-03	-9.636497E+01
8.52806250000E+05	3.173458E-03	-9.408968E+01
8.54675000000E+05	3.281373E-03	-9.311061E+01
8.56543750000E+05	3.281015E-03	-9.338198E+01
8.58412500000E+05	3.458056E-03	-9.336020E+01
8.60281250000E+05	3.205563E-03	-9.287592E+01
8.62150000000E+05	3.356006E-03	-9.356212E+01
8.64018750000E+05	3.207458E-03	-9.294025E+01
8.65887500000E+05	3.455037E-03	-9.362619E+01
8.67756250000E+05	3.295941E-03	-9.332125E+01
8.69625000000E+05	3.318051E-03	-9.373518E+01
8.71493750000E+05	3.108989E-03	-9.509432E+01
8.73362500000E+05	3.505458E-03	-9.678184E+01
8.75231250000E+05	3.417248E-03	-9.406062E+01
8.77100000000E+05	3.307913E-03	-9.405187E+01
8.78968750000E+05	3.193581E-03	-9.283353E+01
8.80837500000E+05	3.360141E-03	-9.646854E+01
8.82706250000E+05	3.378825E-03	-9.618748E+01
8.84575000000E+05	3.388776E-03	-9.452993E+01
8.86443750000E+05	3.320473E-03	-9.551010E+01
8.88312500000E+05	3.493915E-03	-9.413654E+01
8.90181250000E+05	3.415059E-03	-9.517791E+01
8.92050000000E+05	3.300427E-03	-9.600171E+01
8.93918750000E+05	3.429812E-03	-9.597563E+01
8.95787500000E+05	3.312484E-03	-9.755349E+01
8.97656250000E+05	3.422594E-03	-9.390438E+01
8.99525000000E+05	3.385655E-03	-9.446861E+01
9.01393750000E+05	3.456475E-03	-9.484882E+01
9.03262500000E+05	3.395730E-03	-9.526302E+01
9.05131250000E+05	3.465358E-03	-9.330017E+01
9.07000000000E+05	3.565929E-03	-9.336100E+01
9.08868750000E+05	3.464290E-03	-9.512175E+01
9.10737500000E+05	3.535713E-03	-9.463803E+01
9.12606250000E+05	3.326699E-03	-9.444131E+01
9.14475000000E+05	3.545667E-03	-9.505228E+01
9.16343750000E+05	3.475246E-03	-9.493712E+01
9.18212500000E+05	3.587697E-03	-9.355070E+01
9.20081250000E+05	3.604837E-03	-9.584260E+01
9.21950000000E+05	3.525618E-03	-9.611259E+01
9.23818750000E+05	3.484630E-03	-9.503424E+01
9.25687500000E+05	3.458253E-03	-9.675903E+01
9.27556250000E+05	3.629037E-03	-9.234748E+01
9.29425000000E+05	3.529744E-03	-9.510963E+01
9.31293750000E+05	3.457348E-03	-9.209978E+01
9.33162500000E+05	3.698752E-03	-9.563795E+01
9.35031250000E+05	3.710543E-03	-9.625642E+01
9.36900000000E+05	3.623181E-03	-9.409454E+01
9.38768750000E+05	3.621437E-03	-9.367781E+01
9.40637500000E+05	3.560098E-03	-9.541714E+01
9.42506250000E+05	3.600886E-03	-9.619888E+01
9.44375000000E+05	3.663560E-03	-9.625817E+01
9.46243750000E+05	3.718615E-03	-9.726905E+01
9.48112500000E+05	3.598855E-03	-9.532750E+01
9.49981250000E+05	3.464865E-03	-9.498775E+01
9.51850000000E+05	3.512167E-03	-9.490089E+01
9.53718750000E+05	3.650178E-03	-9.567740E+01
9.55587500000E+05	3.754654E-03	-9.196277E+01
9.57456250000E+05	3.615198E-03	-9.334593E+01
9.59325000000E+05	3.678604E-03	-9.123273E+01
9.61193750000E+05	3.618512E-03	-9.248775E+01
9.63062500000E+05	3.682530E-03	-9.304926E+01
9.64931250000E+05	3.595298E-03	-9.584816E+01
9.66800000000E+05	3.781693E-03	-9.517342E+01
9.68668750000E+05	3.704137E-03	-9.312109E+01
9.70537500000E+05	3.776743E-03	-9.697642E+01
9.72406250000E+05	3.776702E-03	-9.411330E+01
9.74275000000E+05	3.746334E-03	-9.439007E+01
9.76143750000E+05	3.779610E-03	-9.518217E+01
9.78012500000E+05	3.844553E-03	-9.662312E+01
9.79881250000E+05	3.689197E-03	-9.418845E+01
9.81750000000E+05	3.793981E-03	-9.677419E+01
9.83618750000E+05	3.751179E-03	-9.540791E+01
9.85487500000E+05	3.699332E-03	-9.476404E+01
9.87356250000E+05	3.729701E-03	-9.557444E+01
9.89225000000E+05	3.691151E-03	-9.308537E+01
9.91093750000E+05	3.846819E-03	-9.583849E+01
9.92962500000E+05	3.838799E-03	-9.675932E+01
9.94831250000E+05	3.803904E-03	-9.445308E+01
9.96700000000E+05	3.822103E-03	-9.508865E+01
9.98568750000E+05	3.689838E-03	-9.537984E+01
1.00043750000E+06	3.815555E-03	-9.514024E+01
1.00230625000E+06	3.926921E-03	-9.277932E+01
1.00417500000E+06	3.857165E-03	-9.503986E+01
1.00604375000E+06	3.814428E-03	-9.352537E+01
1.00791250000E+06	3.851992E-03	-9.621169E+01
1.00978125000E+06	3.899180E-03	-9.546829E+01
1.01165000000E+06	3.876777E-03	-9.434116E+01
1.01351875000E+06	3.975404E-03	-9.407495E+01
1.01538750000E+06	3.823068E-03	-9.594144E+01
1.01725625000E+06	4.010108E-03	-9.468787E+01
1.01912500000E+06	3.839160E-03	-9.534113E+01
1.02099375000E+06	3.966117E-03	-9.561282E+01
1.02286250000E+06	3.998985E-03	-9.618612E+01
1.02473125000E+06	3.914438E-03	-9.535307E+01
1.02660000000E+06	4.091823E-03	-9.391567E+01
1.02846875000E+06	4.113703E-03	-9.553841E+01
1.03033750000E+06	4.057076E-03	-9.452867E+01
1.03220625000E+06	3.909597E-03	-9.319974E+01
1.03407500000E+06	4.005771E-03	-9.833978E+01
1.03594375000E+06	3.962616E-03	-9.562397E+01
1.03781250000E+06	4.006980E-03	-9.670133E+01
1.03968125000E+06	4.004748E-03	-9.670622E+01
1.04155000000E+06	3.917115E-03	-9.608971E+01
1.04341875000E+06	3.974129E-03	-9.664899E+01
1.04528750000E+06	3.890243E-03	-9.383265E+01
1.04715625000E+06	4.077392E-03	-9.574787E+01
1.04902500000E+06	3.935178E-03	-9.542848E+01
1.05089375000E+06	4.026881E-03	-9.314882E+01
1.05276250000E+06	4.027533E-03	-9.482744E+01
1.05463125000E+06	3.987196E-03	-9.700150E+01
1.05650000000E+06	3.968185E-03	-9.640359E+01
1.05836875000E+06	3.980455E-03	-9.286639E+01
1.06023750000E+06	3.923886E-03	-9.558784E+01
1.06210625000E+06	4.002017E-03	-9.580534E+01
1.06397500000E+06	4.297557E-03	-9.747428E+01
1.06584375000E+06	4.034332E-03	-9.495684E+01
1.06771250000E+06	4.079218E-03	-9.774149E+01
1.06958125000E+06	4.018243E-03	-9.546040E+01
1.07145000000E+06	4.112361E-03	-9.587351E+01
1.07331875000E+06	4.013681E-03	-9.665405E+01
1.07518750000E+06	4.091071E-03	-9.724194E+01
1.07705625000E+06	4.087144E-03	-9.714643E+01
1.07892500000E+06	4.087535E-03	-9.479337E+01
1.08079375000E+06	4.193279E-03	-9.475373E+01
1.08266250000E+06	4.186313E-03	-9.591358E+01
1.08453125000E+06	4.310661E-03	-9.529268E+01
1.08640000000E+06	4.006135E-03	-9.702465E+01
1.08826875000E+06	4.154846E-03	-9.543591E+01
1.09013750000E+06	4.079878E-03	-9.477886E+01
1.09200625000E+06	4.168923E-03	-9.478045E+01
1.09387500000E+06	4.239237E-03	-9.785357E+01
1.09574375000E+06	4.164828E-03	-9.533846E+01
1.09761250000E+06	4.108017E-03	-9.376250E+01
1.09948125000E+06	4.298497E-03	-9.577178E+01
1.10135000000E+06	4.178915E-03	-9.515983E+01
1.10321875000E+06	4.194447E-03	-9.556292E+01
1.10508750000E+06	4.302253E-03	-9.496331E+01
1.10695625000E+06	4.309659E-03	-9.405394E+01
1.10882500000E+06	4.147002E-03	-9.713409E+01
1.11069375000E+06	4.187768E-03	-9.628111E+01
1.11256250000E+06	4.204975E-03	-9.713566E+01
1.11443125000E+06	4.300324E-03	-9.548396E+01
1.11630000000E+06	4.216212E-03	-9.642752E+01
1.11816875000E+06	4.314339E-03	-9.616863E+01
1.12003750000E+06	4.042910E-03	-9.717140E+01
1.12190625000E+06	4.361012E-03	-9.715051E+01
1.12377500000E+06	4.319938E-03	-9.716802E+01
1.12564375000E+06	4.346755E-03	-9.403015E+01
1.12751250000E+06	4.273798E-03	-9.683521E+01
1.12938125000E+06	4.572883E-03	-9.630906E+01
1.13125000000E+06	4.410464E-03	-9.773805E+01
1.13311875000E+06	4.440770E-03	-9.585085E+01
1.13498750000E+06	4.433585E-03	-9.621940E+01
1.13685625000E+06	4.371066E-03	-9.542887E+01
1.13872500000E+06	4.500770E-03	-9.530555E+01
1.14059375000E+06	4.415002E-03	-9.520660E+01
1.14246250000E+06	4.330195E-03	-9.518054E+01
1.14433125000E+06	4.276014E-03	-9.818543E+01
1.14620000000E+06	4.356181E-03	-9.623263E+01
1.14806875000E+06	4.431734E-03	-9.588509E+01
1.14993750000E+06	4.349095E-03	-9.548026E+01
1.15180625000E+06	4.429341E-03	-9.552814E+01
1.15367500000E+06	4.467604E-03	-9.568656E+01
1.15554375000E+06	4.432213E-03	-9.476614E+01
1.15741250000E+06	4.418849E-03	-9.667843E+01
1.15928125000E+06	4.463015E-03	-9.686562E+01
1.16115000000E+06	4.568079E-03	-9.575529E+01
1.16301875000E+06	4.516156E-03	-9.533108E+01
1.16488750000E+06	4.472292E-03	-9.507796E+01
1.16675625000E+06	4.490212E-03	-9.552354E+01
1.16862500000E+06	4.559548E-03	-9.682822E+01
1.17049375000E+06	4.462732E-03	-9.508073E+01
1.17236250000E+06	4.515411E-03	-9.553086E+01
1.17423125000E+06	4.523998E-03	-9.746986E+01
1.17610000000E+06	4.495668E-03	-9.694070E+01
1.17796875000E+06	4.440920E-03	-9.506941E+01
1.17983750000E+06	4.561156E-03	-9.768998E+01
1.18170625000E+06	4.582270E-03	-9.726460E+01
1.18357500000E+06	4.559150E-03	-9.630758E+01
1.18544375000E+06	4.614597E-03	-9.599416E+01
1.18731250000E+06	4.605896E-03	-9.521967E+01
1.18918125000E+06	4.597196E-03	-9.681467E+01
1.19105000000E+06	4.499333E-03	-9.581254E+01
1.19291875000E+06	4.644526E-03	-9.752609E+01
1.19478750000E+06	4.528929E-03	-9.678091E+01
1.19665625000E+06	4.617589E-03	-9.646169E+01
1.19852500000E+06	4.704386E-03	-9.431765E+01
1.20039375000E+06	4.677591E-03	-9.500939E+01
1.20226250000E+06	4.702348E-03	-9.707315E+01
1.20413125000E+06	4.636274E-03	-9.541288E+01
1.20600000000E+06	4.726900E-03	-9.577386E+01
1.20786875000E+06	4.552390E-03	-9.705825E+01
1.20973750000E+06	4.624759E-03	-9.690952E+01
1.21160625000E+06	4.830014E-03	-9.638828E+01
1.21347500000E+06	4.659920E-03	-9.867316E+01
1.21534375000E+06	4.726351E-03	-9.490219E+01
1.21721250000E+06	4.746516E-03	-9.718948E+01
1.21908125000E+06	4.643671E-03	-9.614890E+01
1.22095000000E+06	4.735726E-03	-9.665613E+01
1.22281875000E+06	4.590150E-03	-9.733241E+01
1.22468750000E+06	4.701319E-03	-9.675790E+01
1.22655625000E+06	4.709895E-03	-9.673524E+01
1.22842500000E+06	4.722805E-03	-9.639074E+01
1.23029375000E+06	4.773371E-03	-9.688127E+01
1.23216250000E+06	4.827675E-03	-9.561991E+01
1.23403125000E+06	4.907782E-03	-9.628580E+01
1.23590000000E+06	4.787779E-03	-9.535915E+01
1.23776875000E+06	4.712161E-03	-9.524789E+01
1.23963750000E+06	4.779597E-03	-9.600273E+01
1.24150625000E+06	4.822689E-03	-9.648658E+01
1.24337500000E+06	4.715736E-03	-9.623094E+01
1.24524375000E+06	4.884710E-03	-9.570007E+01
1.24711250000E+06	4.826609E-03	-9.682742E+01
1.24898125000E+06	4.941589E-03	-9.678818E+01
1.25085000000E+06	4.866843E-03	-9.742982E+01
1.25271875000E+06	4.758971E-03	-9.590050E+01
1.25458750000E+06	4.873529E-03	-9.578857E+01
1.25645625000E+06	4.809158E-03	-9.517425E+01
1.25832500000E+06	4.980687E-03	-9.541073E+01
1.26019375000E+06	5.025670E-03	-9.688988E+01
1.26206250000E+06	4.952841E-03	-9.473532E+01
1.26393125000E+06	4.890610E-03	-9.578906E+01
1.26580000000E+06	4.963213E-03	-9.706891E+01
1.26766875000E+06	4.973338E-03	-9.774587E+01
1.26953750000E+06	5.039383E-03	-9.675191E+01
1.27140625000E+06	4.954493E-03	-9.731534E+01
1.27327500000E+06	4.897321E-03	-9.573244E+01
1.27514375000E+06	4.960941E-03	-9.852673E+01
1.27701250000E+06	4.878089E-03	-9.553204E+01
1.27888125000E+06	4.976248E-03	-9.663155E+01
1.28075000000E+06	4.947126E-03	-9.570715E+01
1.28261875000E+06	4.985763E-03	-9.830184E+01
1.28448750000E+06	5.053115E-03	-9.662445E+01
1.28635625000E+06	5.120436E-03	-9.792857E+01
1.28822500000E+06	5.000949E-03	-9.773567E+01
1.29009375000E+06	5.022562E-03	-9.756212E+01
1.29196250000E+06	5.096860E-03	-9.743095E+01
1.29383125000E+06	5.003250E-03	-9.823499E+01
1.29570000000E+06	5.046323E-03	-9.563878E+01
1.29756875000E+06	4.899910E-03	-9.591260E+01
1.29943750000E+06	5.000578E-03	-9.728645E+01
1.30130625000E+06	5.012874E-03	-9.613091E+01
1.30317500000E+06	5.200876E-03	-9.709214E+01
1.30504375000E+06	5.101371E-03	-9.602689E+01
1.30691250000E+06	5.023650E-03	-9.564155E+01
1.30878125000E+06	5.127501E-03	-9.676732E+01
1.31065000000E+06	4.931210E-03	-9.615752E+01
1.31251875000E+06	5.130225E-03	-9.880898E+01
1.31438750000E+06	5.156607E-03	-9.847086E+01
1.31625625000E+06	5.038017E-03	-9.678531E+01
1.31812500000E+06	5.020138E-03	-9.577352E+01
1.31999375000E+06	5.214282E-03	-9.592527E+01
1.32186250000E+06	5.079323E-03	-9.618719E+01
1.32373125000E+06	5.207447E-03	-9.686383E+01
1.32560000000E+06	5.268430E-03	-9.762498E+01
1.32746875000E+06	5.183881E-03	-9.761447E+01
1.32933750000E+06	5.178456E-03	-9.663266E+01
1.33120625000E+06	5.169567E-03	-9.674291E+01
1.33307500000E+06	5.180547E-03	-9.634300E+01
1.33494375000E+06	5.182735E-03	-9.661259E+01
1.33681250000E+06	5.168044E-03	-9.716882E+01
1.33868125000E+06	5.082029E-03	-9.705232E+01
1.34055000000E+06	5.160871E-03	-9.747057E+01
1.34241875000E+06	5.196939E-03	-9.552814E+01
1.34428750000E+06	5.212752E-03	-9.683079E+01
1.34615625000E+06	5.232287E-03	-9.811075E+01
1.34802500000E+06	5.271065E-03	-9.592252E+01
1.34989375000E+06	5.303244E-03	-9.670782E+01
1.35176250000E+06	5.264530E-03	-9.658207E+01
1.35363125000E+06	5.269650E-03	-9.596647E+01
1.35550000000E+06	5.276727E-03	-9.626489E+01
1.35736875000E+06	5.301726E-03	-9.620527E+01
1.35923750000E+06	5.353336E-03	-9.739983E+01
1.36110625000E+06	5.280793E-03	-9.651900E+01
1.36297500000E+06	5.296811E-03	-9.719102E+01
1.36484375000E+06	5.278668E-03	-9.606360E+01
1.36671250000E+06	5.290698E-03	-9.526133E+01
1.36858125000E+06	5.235815E-03	-9.790567E+01
1.37045000000E+06	5.235507E-03	-9.687529E+01
1.37231875000E+06	5.326443E-03	-9.651859E+01
1.37418750000E+06	5.362682E-03	-9.614098E+01
1.37605625000E+06	5.297040E-03	-9.651557E+01
1.37792500000E+06	5.195608E-03	-9.559789E+01
1.37979375000E+06	5.313263E-03	-9.780417E+01
1.38166250000E+06	5.423919E-03	-9.757023E+01
1.38353125000E+06	5.511994E-03	-9.681683E+01
1.38540000000E+06	5.552153E-03	-9.664801E+01
1.38726875000E+06	5.452198E-03	-9.652491E+01
1.38913750000E+06	5.392021E-03	-9.796612E+01
1.39100625000E+06	5.452526E-03	-9.772036E+01
1.39287500000E+06	5.455976E-03	-9.749115E+01
1.39474375000E+06	5.339473E-03	-9.731914E+01
1.39661250000E+06	5.446034E-03	-9.721527E+01
1.39848125000E+06	5.516006E-03	-9.779054E+01
1.40035000000E+06	5.498203E-03	-9.748396E+01
1.40221875000E+06	5.451359E-03	-9.760111E+01
1.40408750000E+06	5.568200E-03	-9.770722E+01
1.40595625000E+06	5.369585E-03	-9.611285E+01
1.40782500000E+06	5.576429E-03	-9.818219E+01
1.40969375000E+06	5.525201E-03	-9.675848E+01
1.41156250000E+06	5.486088E-03	-9.768027E+01
1.41343125000E+06	5.546013E-03	-9.719418E+01
1.41530000000E+06	5.487997E-03	-9.806796E+01
1.41716875000E+06	5.508093E-03	-9.724032E+01
1.41903750000E+06	5.600337E-03	-9.746497E+01
1.42090625000E+06	5.443364E-03	-9.652195E+01
1.42277500000E+06	5.517151E-03	-9.642280E+01
1.42464375000E+06	5.593969E-03	-9.754046E+01
1.42651250000E+06	5.574540E-03	-9.686277E+01
1.42838125000E+06	5.647700E-03	-9.797935E+01
1.43025000000E+06	5.526858E-03	-9.682513E+01
1.43211875000E+06	5.589237E-03	-9.761842E+01
1.43398750000E+06	5.782296E-03	-9.783842E+01
1.43585625000E+06	5.584702E-03	-9.786055E+01
1.43772500000E+06	5.585879E-03	-9.680250E+01
1.43959375000E+06	5.552756E-03	-9.853179E+01
1.44146250000E+06	5.582766E-03	-9.766869E+01
1.44333125000E+06	5.720354E-03	-9.773901E+01
1.44520000000E+06	5.743104E-03	-9.955666E+01
1.44706875000E+06	5.641134E-03	-9.763600E+01
1.44893750000E+06	5.682077E-03	-9.683608E+01
1.45080625000E+06	5.686310E-03	-9.577964E+01
1.45267500000E+06	5.670989E-03	-9.688660E+01
1.45454375000E+06	5.690715E-03	-9.691769E+01
1.45641250000E+06	5.821198E-03	-9.769046E+01
1.45828125000E+06	5.766648E-03	-9.844489E+01
1.46015000000E+06	5.687411E-03	-9.732985E+01
1.46201875000E+06	5.744736E-03	-9.836018E+01
1.46388750000E+06	5.690562E-03	-9.963106E+01
1.46575625000E+06	5.865294E-03	-9.767648E+01
1.46762500000E+06	5.874169E-03	-9.715644E+01
1.46949375000E+06	5.788959E-03	-9.710351E+01
1.47136250000E+06	5.640924E-03	-9.817422E+01
1.47323125000E+06	5.662080E-03	-9.771167E+01
1.47510000000E+06	5.748583E-03	-9.869834E+01
1.47696875000E+06	5.805566E-03	-9.687370E+01
1.47883750000E+06	5.870295E-03	-9.652186E+01
1.48070625000E+06	5.811368E-03	-9.683696E+01
1.48257500000E+06	5.752378E-03	-9.659307E+01
1.48444375000E+06	5.925699E-03	-9.770032E+01
1.48631250000E+06	5.879005E-03	-9.760476E+01
1.48818125000E+06	5.850412E-03	-9.784705E+01
1.49005000000E+06	5.872976E-03	-9.805967E+01
1.49191875000E+06	5.846743E-03	-9.750188E+01
1.49378750000E+06	5.820851E-03	-9.746515E+01
1.49565625000E+06	5.882273E-03	-9.719844E+01
1.49752500000E+06	6.015963E-03	-9.793522E+01
1.49939375000E+06	5.942758E-03	-9.695957E+01
1.50126250000E+06	5.995448E-03	-9.822705E+01
1.50313125000E+06	5.919291E-03	-9.763455E+01
1.50500000000E+06	5.928752E-03	-9.699986E+01
1.50686875000E+06	6.121145E-03	-9.845151E+01
1.50873750000E+06	5.995972E-03	-9.731646E+01
1.51060625000E+06	5.891992E-03	-9.795399E+01
1.51247500000E+06	5.876909E-03	-9.729208E+01
1.51434375000E+06	5.976209E-03	-9.778827E+01
1.51621250000E+06	5.975989E-03	-9.787819E+01
1.51808125000E+06	5.987088E-03	-9.818329E+01
1.51995000000E+06	5.961247E-03	-9.857677E+01
1.52181875000E+06	6.030173E-03	-9.823860E+01
1.52368750000E+06	6.013741E-03	-9.769823E+01
1.52555625000E+06	6.120412E-03	-9.832899E+01
1.52742500000E+06	6.063638E-03	-9.775818E+01
1.52929375000E+06	6.045488E-03	-9.618085E+01
1.53116250000E+06	6.166772E-03	-9.813526E+01
1.53303125000E+06	5.948624E-03	-9.746141E+01
1.53490000000E+06	5.954197E-03	-9.871362E+01
1.53676875000E+06	6.046559E-03	-9.821351E+01
1.53863750000E+06	6.090867E-03	-9.769087E+01
1.54050625000E+06	6.171913E-03	-9.779018E+01
1.54237500000E+06	6.207578E-03	-9.789615E+01
1.54424375000E+06	6.202941E-03	-9.781458E+01
1.54611250000E+06	6.098708E-03	-9.775666E+01
1.54798125000E+06	6.092893E-03	-9.609937E+01
1.54985000000E+06	6.208966E-03	-9.866902E+01
1.55171875000E+06	6.294021E-03	-9.737572E+01
1.55358750000E+06	6.157408E-03	-9.731263E+01
1.55545625000E+06	6.201382E-03	-9.833222E+01
1.55732500000E+06	6.265304E-03	-9.777318E+01
1.55919375000E+06	6.330437E-03	-9.743277E+01
1.56106250000E+06	6.106820E-03	-9.791499E+01
1.56293125000E+06	6.147219E-03	-9.725469E+01
1.56480000000E+06	6.207338E-03	-9.808881E+01
1.56666875000E+06	6.282817E-03	-9.812722E+01
1.56853750000E+06	6.098968E-03	-9.648088E+01
1.57040625000E+06	6.418453E-03	-9.736691E+01
1.57227500000E+06	6.268011E-03	-9.856693E+01
1.57414375000E+06	6.250051E-03	-9.890876E+01
1.57601250000E+06	6.367742E-03	-9.772005E+01
1.57788125000E+06	6.172944E-03	-9.841743E+01
1.57975000000E+06	6.299218E-03	-9.870629E+01
1.58161875000E+06	6.372367E-03	-9.898862E+01
1.58348750000E+06	6.461981E-03	-9.787301E+01
1.58535625000E+06	6.301216E-03	-9.743948E+01
1.58722500000E+06	6.265791E-03	-9.776489E+01
1.58909375000E+06	6.353183E-03	-9.826524E+01
1.59096250000E+06	6.198092E-03	-9.897684E+01
1.59283125000E+06	6.267298E-03	-9.764990E+01
1.59470000000E+06	6.383628E-03	-9.707634E+01
1.59656875000E+06	6.507664E-03	-9.828456E+01
1.59843750000E+06	6.295409E-03	-9.696929E+01
1.60030625000E+06	6.368192E-03	-9.799010E+01
1.60217500000E+06	6.370109E-03	-9.760779E+01
1.60404375000E+06	6.441477E-03	-9.739971E+01
1.60591250000E+06	6.442255E-03	-9.895788E+01
1.60778125000E+06	6.530915E-03	-9.818993E+01
1.60965000000E+06	6.476806E-03	-9.765853E+01
1.61151875000E+06	6.427729E-03	-9.869790E+01
1.61338750000E+06	6.447350E-03	-9.788446E+01
1.61525625000E+06	6.548324E-03	-9.771571E+01
1.61712500000E+06	6.428757E-03	-9.733713E+01
1.61899375000E+06	6.616734E-03	-9.895015E+01
1.62086250000E+06	6.557703E-03	-9.872830E+01
1.62273125000E+06	6.556480E-03	-9.775249E+01
1.62460000000E+06	6.537676E-03	-9.743649E+01
1.62646875000E+06	6.508733E-03	-9.800838E+01
1.62833750000E+06	6.563548E-03	-9.788276E+01
1.63020625000E+06	6.533443E-03	-9.812018E+01
1.63207500000E+06	6.601813E-03	-9.789444E+01
1.63394375000E+06	6.517714E-03	-9.758807E+01
1.63581250000E+06	6.621284E-03	-9.828930E+01
1.63768125000E+06	6.681405E-03	-9.889315E+01
1.63955000000E+06	6.599010E-03	-9.815090E+01
1.64141875000E+06	6.548146E-03	-9.744731E+01
1.64328750000E+06	6.665613E-03	-9.788887E+01
1.64515625000E+06	6.652381E-03	-9.886208E+01
1.64702500000E+06	6.647475E-03	-9.740865E+01
1.64889375000E+06	6.743247E-03	-9.892513E+01
1.65076250000E+06	6.708925E-03	-9.726801E+01
1.65263125000E+06	6.654561E-03	-9.816934E+01
1.65450000000E+06	6.770534E-03	-9.782149E+01
1.65636875000E+06	6.585234E-03	-9.799886E+01
1.65823750000E+06	6.645294E-03	-9.831970E+01
1.66010625000E+06	6.727272E-03	-9.762847E+01
1.66197500000E+06	6.610450E-03	-9.845261E+01
1.66384375000E+06	6.746795E-03	-9.834893E+01
1.66571250000E+06	6.898754E-03	-9.835445E+01
1.66758125000E+06	6.831804E-03	-9.783623E+01
1.66945000000E+06	6.827496E-03	-9.815735E+01
1.67131875000E+06	6.763183E-03	-9.709225E+01
1.67318750000E+06	6.831493E-03	-9.788284E+01
1.67505625000E+06	6.863913E-03	-9.956068E+01
1.67692500000E+06	6.732362E-03	-9.789641E+01
1.67879375000E+06	7.125899E-03	-9.872904E+01
1.68066250000E+06	6.797594E-03	-9.840350E+01
1.68253125000E+06	6.748855E-03	-9.750208E+01
1.68440000000E+06	6.864561E-03	-9.932440E+01
1.68626875000E+06	6.905518E-03	-9.747516E+01
1.68813750000E+06	6.901416E-03	-9.929762E+01
1.69000625000E+06	6.884924E-03	-9.855372E+01
1.69187500000E+06	6.871209E-03	-9.876321E+01
1.69374375000E+06	6.822144E-03	-9.913776E+01
1.69561250000E+06	6.937395E-03	-9.861119E+01
1.69748125000E+06	6.857123E-03	-9.827567E+01
1.69935000000E+06	6.981599E-03	-9.910863E+01
1.70121875000E+06	6.989401E-03	-9.862027E+01
1.70308750000E+06	6.970198E-03	-9.874872E+01
1.70495625000E+06	7.014061E-03	-9.910413E+01
1.70682500000E+06	6.970982E-03	-9.976384E+01
1.70869375000E+06	7.013233E-03	-9.784200E+01
1.71056250000E+06	7.032911E-03	-9.912339E+01
1.71243125000E+06	7.063715E-03	-1.000678E+02
1.71430000000E+06	7.229266E-03	-9.903690E+01
1.71616875000E+06	7.136510E-03	-9.943604E+01
1.71803750000E+06	7.131689E-03	-9.871212E+01
1.71990625000E+06	7.146055E-03	-9.920389E+01
1.72177500000E+06	7.098659E-03	-9.985074E+01
1.72364375000E+06	7.042021E-03	-9.900781E+01
1.72551250000E+06	7.050001E-03	-9.909705E+01
1.72738125000E+06	7.117986E-03	-9.857129E+01
1.72925000000E+06	7.166136E-03	-9.906420E+01
1.73111875000E+06	7.298156E-03	-9.980627E+01
1.73298750000E+06	7.140953E-03	-9.868286E+01
1.73485625000E+06	7.350999E-03	-9.886745E+01
1.73672500000E+06	7.188162E-03	-9.951389E+01
1.73859375000E+06	7.238786E-03	-9.923025E+01
1.74046250000E+06	7.328328E-03	-1.003478E+02
1.74233125000E+06	7.428264E-03	-9.893482E+01
1.74420000000E+06	7.318450E-03	-9.967463E+01
1.74606875000E+06	7.350719E-03	-9.950538E+01
1.74793750000E+06	7.320258E-03	-1.000063E+02
1.74980625000E+06	7.328676E-03	-9.981303E+01
1.75167500000E+06	7.395259E-03	-9.982496E+01
1.75354375000E+06	7.341368E-03	-1.006656E+02
1.75541250000E+06	7.589838E-03	-9.969149E+01
1.75728125000E+06	7.352398E-03	-1.009944E+02
1.75915000000E+06	7.501327E-03	-1.010592E+02
1.76101875000E+06	7.447367E-03	-9.996935E+01
1.76288750000E+06	7.405747E-03	-1.002331E+02
1.76475625000E+06	7.528640E-03	-1.005459E+02
1.76662500000E+06	7.405450E-03	-1.004845E+02
1.76849375000E+06	7.479940E-03	-1.006457E+02
1.77036250000E+06	7.507978E-03	-9.990319E+01
1.77223125000E+06	7.547382E-03	-1.010210E+02
1.77410000000E+06	7.524865E-03	-1.003444E+02
1.77596875000E+06	7.578785E-03	-1.007466E+02
1.77783750000E+06	7.609755E-03	-1.005510E+02
1.77970625000E+06	7.585147E-03	-1.017580E+02
1.78157500000E+06	7.623724E-03	-1.015201E+02
1.78344375000E+06	7.637820E-03	-1.012672E+02
1.78531250000E+06	7.634374E-03	-1.018878E+02
1.78718125000E+06	7.620578E-03	-1.012570E+02
1.78905000000E+06	7.553151E-03	-1.019023E+02
1.79091875000E+06	7.489601E-03	-1.020078E+02
1.79278750000E+06	7.637054E-03	-1.024556E+02
1.79465625000E+06	7.527181E-03	-1.025240E+02
1.79652500000E+06	7.588427E-03	-1.013022E+02
1.79839375000E+06	7.659256E-03	-1.024866E+02
1.80026250000E+06	7.575766E-03	-1.029908E+02
1.80213125000E+06	7.664585E-03	-1.017514E+02
1.80400000000E+06	7.603822E-03	-1.033334E+02
1.80586875000E+06	7.768907E-03	-1.032641E+02
1.80773750000E+06	7.554509E-03	-1.033708E+02
1.80960625000E+06	7.665035E-03	-1.024937E+02
1.81147500000E+06	7.527888E-03	-1.032827E+02
1.81334375000E+06	7.685687E-03	-1.028878E+02
1.81521250000E+06	7.648133E-03	-1.042541E+02
1.81708125000E+06	7.564988E-03	-1.042531E+02
1.81895000000E+06	7.494649E-03	-1.034095E+02
1.82081875000E+06	7.563320E-03	-1.028774E+02
1.82268750000E+06	7.551135E-03	-1.034642E+02
1.82455625000E+06	7.611351E-03	-1.040955E+02
1.82642500000E+06	7.596027E-03	-1.047953E+02
1.82829375000E+06	7.588133E-03	-1.042475E+02
1.83016250000E+06	7.419050E-03	-1.027469E+02
1.83203125000E+06	7.507210E-03	-1.042778E+02
1.83390000000E+06	7.649836E-03	-1.056690E+02
1.83576875000E+06	7.515989E-03	-1.047101E+02
1.83763750000E+06	7.662046E-03	-1.031517E+02
1.83950625000E+06	7.572434E-03	-1.036576E+02
1.84137500000E+06	7.573356E-03	-1.049656E+02
1.84324375000E+06	7.538809E-03	-1.045280E+02
1.84511250000E+06	7.279873E-03	-1.046245E+02
1.84698125000E+06	7.546229E-03	-1.035759E+02
1.84885000000E+06	7.442903E-03	-1.049970E+02
1.85071875000E+06	7.507835E-03	-1.031639E+02
1.85258750000E+06	7.471614E-03	-1.043380E+02
1.85445625000E+06	7.324358E-03	-1.043486E+02
1.85632500000E+06	7.568098E-03	-1.053398E+02
1.85819375000E+06	7.503254E-03	-1.042946E+02
1.86006250000E+06	7.389639E-03	-1.034344E+02
1.86193125000E+06	7.571831E-03	-1.042114E+02
1.86380000000E+06	7.494598E-03	-1.042576E+02
1.86566875000E+06	7.459732E-03	-1.040976E+02
1.86753750000E+06	7.415554E-03	-1.031460E+02
1.86940625000E+06	7.503006E-03	-1.048024E+02
1.87127500000E+06	7.416639E-03	-1.045545E+02
1.87314375000E+06	7.388846E-03	-1.037180E+02
1.87501250000E+06	7.511699E-03	-1.031070E+02
1.87688125000E+06	7.409734E-03	-1.046900E+02
1.87875000000E+06	7.409152E-03	-1.048603E+02
1.88061875000E+06	7.508334E-03	-1.047202E+02
1.88248750000E+06	7.518404E-03	-1.040369E+02
1.88435625000E+06	7.415324E-03	-1.036638E+02
1.88622500000E+06	7.350960E-03	-1.045276E+02
1.88809375000E+06	7.457918E-03	-1.037082E+02
1.88996250000E+06	7.484971E-03	-1.031432E+02
1.89183125000E+06	7.441892E-03	-1.037569E+02
1.89370000000E+06	7.374497E-03	-1.036276E+02
1.89556875000E+06	7.528848E-03	-1.031260E+02
1.89743750000E+06	7.546662E-03	-1.032537E+02
1.89930625000E+06	7.434087E-03	-1.040917E+02
1.90117500000E+06	7.499257E-03	-1.034031E+02
1.90304375000E+06	7.574070E-03	-1.042467E+02
1.90491250000E+06	7.493159E-03	-1.034015E+02
1.90678125000E+06	7.549555E-03	-1.034646E+02
1.90865000000E+06	7.494704E-03	-1.036307E+02
1.91051875000E+06	7.427704E-03	-1.032861E+02
1.91238750000E+06	7.427119E-03	-1.033349E+02
1.91425625000E+06	7.586052E-03	-1.040837E+02
1.91612500000E+06	7.599416E-03	-1.028620E+02
1.91799375000E+06	7.530706E-03	-1.028565E+02
1.91986250000E+06	7.519236E-03	-1.032729E+02
1.92173125000E+06	7.483181E-03	-1.024303E+02
1.92360000000E+06	7.567275E-03	-1.031454E+02
1.92546875000E+06	7.585309E-03	-1.028506E+02
1.92733750000E+06	7.486124E-03	-1.029250E+02
1.92920625000E+06	7.577586E-03	-1.032206E+02
1.93107500000E+06	7.500794E-03	-1.032598E+02
1.93294375000E+06	7.650223E-03	-1.027248E+02
1.93481250000E+06	7.561692E-03	-1.040807E+02
1.93668125000E+06	7.485221E-03	-1.034407E+02
1.93855000000E+06	7.560260E-03	-1.031166E+02
1.94041875000E+06	7.701905E-03	-1.025931E+02
1.94228750000E+06	7.614732E-03	-1.026172E+02
1.94415625000E+06	7.636785E-03	-1.029607E+02
1.94602500000E+06	7.621062E-03	-1.026301E+02
1.94789375000E+06	7.741963E-03	-1.017229E+02
1.94976250000E+06	7.680469E-03	-1.030848E+02
1.95163125000E+06	7.621952E-03	-1.029495E+02
1.95350000000E+06	7.685203E-03	-1.027361E+02
1.95536875000E+06	7.557084E-03	-1.019745E+02
1.95723750000E+06	7.526184E-03	-1.024119E+02
1.95910625000E+06	7.729563E-03	-1.016207E+02
1.96097500000E+06	7.662485E-03	-1.020746E+02
1.96284375000E+06	7.728777E-03	-1.022562E+02
1.96471250000E+06	7.635812E-03	-1.023941E+02
1.96658125000E+06	7.730512E-03	-1.030728E+02
1.96845000000E+06	7.710636E-03	-1.016729E+02
1.97031875000E+06	7.662777E-03	-1.016747E+02
1.97218750000E+06	7.597566E-03	-1.025780E+02
1.97405625000E+06	7.748952E-03	-1.033359E+02
1.97592500000E+06	7.635563E-03	-1.026782E+02
1.97779375000E+06	7.714704E-03	-1.026376E+02
1.97966250000E+06	7.761713E-03	-1.026449E+02
1.98153125000E+06	7.745195E-03	-1.016830E+02
1.98340000000E+06	7.826024E-03	-1.032126E+02
1.98526875000E+06	7.790262E-03	-1.036371E+02
1.98713750000E+06	7.824902E-03	-1.018821E+02
1.98900625000E+06	7.763080E-03	-1.015556E+02
1.99087500000E+06	7.764479E-03	-1.010443E+02
1.99274375000E+06	7.726683E-03	-1.017496E+02
1.99461250000E+06	7.923811E-03	-1.013941E+02
1.99648125000E+06	7.893595E-03	-1.013311E+02
1.99835000000E+06	7.915493E-03	-1.018342E+02
2.00021875000E+06	7.677843E-03	-1.016726E+02
2.00208750000E+06	7.765591E-03	-1.013466E+02
2.00395625000E+06	7.814558E-03	-1.022730E+02
2.00582500000E+06	7.896405E-03	-1.019566E+02
2.00769375000E+06	8.005337E-03	-1.016135E+02
2.00956250000E+06	7.912896E-03	-1.021569E+02
2.01143125000E+06	7.855262E-03	-1.022676E+02
2.01330000000E+06	7.858478E-03	-1.028180E+02
2.01516875000E+06	7.893808E-03	-1.019772E+02
2.01703750000E+06	7.841171E-03	-1.020971E+02
2.01890625000E+06	7.952265E-03	-1.020973E+02
2.02077500000E+06	8.057805E-03	-1.029070E+02
2.02264375000E+06	8.009704E-03	-1.012858E+02
2.02451250000E+06	7.906572E-03	-1.024607E+02
2.02638125000E+06	8.011491E-03	-1.017785E+02
2.02825000000E+06	8.017087E-03	-1.016707E+02
2.03011875000E+06	8.009445E-03	-1.023067E+02
2.03198750000E+06	7.903913E-03	-1.013664E+02
2.03385625000E+06	7.865875E-03	-1.020907E+02
2.03572500000E+06	8.112890E-03	-1.019567E+02
2.03759375000E+06	7.863396E-03	-1.013144E+02
2.03946250000E+06	8.085711E-03	-1.014577E+02
2.04133125000E+06	8.032022E-03	-1.016492E+02
2.04320000000E+06	8.072055E-03	-1.021884E+02
2.04506875000E+06	8.003177E-03	-1.016519E+02
2.04693750000E+06	8.094645E-03	-1.027563E+02
2.04880625000E+06	8.041527E-03	-1.022668E+02
2.05067500000E+06	8.120275E-03	-1.022653E+02
2.05254375000E+06	8.072037E-03	-1.022625E+02
2.05441250000E+06	8.072250E-03	-1.023553E+02
2.05628125000E+06	8.145058E-03	-1.016596E+02
2.05815000000E+06	8.010754E-03	-1.020439E+02
2.06001875000E+06	8.156161E-03	-1.015200E+02
2.06188750000E+06	8.215962E-03	-1.018031E+02
2.06375625000E+06	8.183173E-03	-1.017467E+02
2.06562500000E+06	8.210610E-03	-1.019866E+02
2.06749375000E+06	8.157647E-03	-1.018851E+02
2.06936250000E+06	8.196699E-03	-1.018641E+02
2.07123125000E+06	8.271104E-03	-1.014482E+02
2.07310000000E+06	8.140767E-03	-1.020018E+02
2.07496875000E+06	8.297636E-03	-1.014484E+02
2.07683750000E+06	8.151910E-03	-1.014776E+02
2.07870625000E+06	8.181450E-03	-1.016906E+02
2.08057500000E+06	8.256170E-03	-1.023740E+02
2.08244375000E+06	8.310589E-03	-1.018329E+02
2.08431250000E+06	8.297062E-03	-1.021851E+02
2.08618125000E+06	8.300232E-03	-1.012027E+02
2.08805000000E+06	8.272844E-03	-1.017742E+02
2.08991875000E+06	8.322681E-03	-1.020925E+02
2.09178750000E+06	8.241550E-03	-1.016183E+02
2.09365625000E+06	8.134068E-03	-1.019796E+02
2.09552500000E+06	8.321381E-03	-1.018284E+02
2.09739375000E+06	8.345433E-03	-1.019354E+02
2.09926250000E+06	8.378612E-03	-1.021389E+02
2.10113125000E+06	8.348663E-03	-1.021133E+02
2.10300000000E+06	8.360762E-03	-1.018850E+02
2.10486875000E+06	8.346471E-03	-1.022814E+02
2.10673750000E+06	8.397957E-03	-1.024204E+02
2.10860625000E+06	8.326292E-03	-1.018601E+02
2.11047500000E+06	8.393372E-03	-1.021460E+02
2.11234375000E+06	8.345385E-03	-1.022112E+02
2.11421250000E+06	8.436353E-03	-1.022011E+02
2.11608125000E+06	8.432683E-03	-1.014276E+02
2.11795000000E+06	8.391140E-03	-1.018997E+02
2.11981875000E+06	8.315681E-03	-1.024821E+02
2.12168750000E+06	8.404125E-03	-1.016281E+02
2.12355625000E+06	8.512663E-03	-1.020122E+02
2.12542500000E+06	8.434491E-03	-1.018518E+02
2.12729375000E+06	8.358643E-03	-1.012913E+02
2.12916250000E+06	8.500068E-03	-1.013871E+02
2.13103125000E+06	8.521048E-03	-1.019487E+02
2.13290000000E+06	8.436566E-03	-1.023338E+02
2.13476875000E+06	8.464674E-03	-1.014738E+02
2.13663750000E+06	8.438430E-03	-1.018015E+02
2.13850625000E+06	8.448173E-03	-1.016551E+02
2.14037500000E+06	8.458872E-03	-1.008118E+02
2.14224375000E+06	8.600179E-03	-1.016999E+02
2.14411250000E+06	8.599721E-03	-1.016073E+02
2.14598125000E+06	8.456551E-03	-1.016876E+02
2.14785000000E+06	8.467452E-03	-1.017518E+02
2.14971875000E+06	8.560102E-03	-1.018121E+02
2.15158750000E+06	8.570794E-03	-1.025815E+02
2.15345625000E+06	8.570882E-03	-1.018634E+02
2.15532500000E+06	8.650264E-03	-1.020686E+02
2.15719375000E+06	8.643713E-03	-1.012090E+02
2.15906250000E+06	8.663129E-03	-1.016625E+02
2.16093125000E+06	8.707057E-03	-1.015437E+02
2.16280000000E+06	8.628111E-03	-1.022714E+02
2.16466875000E+06	8.558710E-03	-1.016124E+02
2.16653750000E+06	8.604981E-03	-1.023230E+02
2.16840625000E+06	8.746659E-03	-1.014938E+02
2.17027500000E+06	8.698770E-03	-1.020947E+02
2.17214375000E+06	8.762477E-03	-1.018468E+02
2.17401250000E+06	8.651993E-03	-1.019272E+02
2.17588125000E+06	8.556733E-03	-1.023739E+02
2.17775000000E+06	8.825447E-03	-1.021776E+02
2.17961875000E+06	8.780166E-03	-1.018294E+02
2.18148750000E+06	8.776915E-03	-1.018212E+02
2.18335625000E+06	8.765654E-03	-1.023076E+02
2.18522500000E+06	8.639845E-03	-1.021374E+02
2.18709375000E+06	8.763299E-03	-1.019138E+02
2.18896250000E+06	8.746153E-03	-1.028975E+02
2.19083125000E+06	8.854493E-03	-1.027262E+02
2.19270000000E+06	8.815235E-03	-1.011785E+02
2.19456875000E+06	8.967529E-03	-1.019390E+02
2.19643750000E+06	8.809986E-03	-1.025274E+02
2.19830625000E+06	8.880573E-03	-1.021233E+02
2.20017500000E+06	8.678864E-03	-1.013739E+02
2.20204375000E+06	8.877856E-03	-1.007459E+02
2.20391250000E+06	8.985120E-03	-1.016942E+02
2.20578125000E+06	8.847377E-03	-1.015445E+02
2.20765000000E+06	8.917039E-03	-1.025092E+02
2.20951875000E+06	8.820836E-03	-1.022650E+02
2.21138750000E+06	8.854457E-03	-1.028333E+02
2.21325625000E+06	8.890226E-03	-1.021527E+02
2.21512500000E+06	9.088002E-03	-1.013755E+02
2.21699375000E+06	8.953676E-03	-1.015589E+02
2.21886250000E+06	8.923507E-03	-1.020560E+02
2.22073125000E+06	8.838750E-03	-1.017615E+02
2.22260000000E+06	9.043028E-03	-1.019826E+02
2.22446875000E+06	8.809621E-03	-1.019714E+02
2.22633750000E+06	9.007860E-03	-1.024179E+02
2.22820625000E+06	9.008521E-03	-1.012128E+02
2.23007500000E+06	8.955858E-03	-1.019725E+02
2.23194375000E+06	8.889869E-03	-1.018092E+02
2.23381250000E+06	8.950309E-03	-1.013838E+02
2.23568125000E+06	9.011042E-03	-1.021141E+02
2.23755000000E+06	8.889154E-03	-1.013109E+02
2.23941875000E+06	9.004316E-03	-1.015825E+02
2.24128750000E+06	9.041782E-03	-1.019374E+02
2.24315625000E+06	9.006016E-03	-1.016977E+02
2.24502500000E+06	9.090321E-03	-1.019282E+02
2.24689375000E+06	9.051376E-03	-1.015449E+02
2.24876250000E+06	9.043134E-03	-1.019323E+02
2.25063125000E+06	9.069576E-03	-1.021203E+02
2.25250000000E+06	9.101327E-03	-1.012442E+02
2.25436875000E+06	9.036983E-03	-1.019625E+02
2.25623750000E+06	9.090552E-03	-1.019371E+02
2.25810625000E+06	9.110541E-03	-1.015101E+02
2.25997500000E+06	9.003724E-03	-1.016636E+02
2.26184375000E+06	9.071821E-03	-1.021931E+02
2.26371250000E+06	9.127728E-03	-1.015540E+02
2.26558125000E+06	9.306042E-03	-1.019903E+02
2.26745000000E+06	9.143195E-03	-1.015764E+02
2.26931875000E+06	9.184896E-03	-1.013223E+02
2.27118750000E+06	9.093120E-03	-1.016577E+02
2.27305625000E+06	9.208328E-03	-1.021161E+02
2.27492500000E+06	9.210595E-03	-1.016032E+02
2.27679375000E+06	9.296887E-03	-1.016885E+02
2.27866250000E+06	9.191873E-03	-1.017125E+02
2.28053125000E+06	9.221957E-03	-1.021918E+02
2.28240000000E+06	9.315292E-03	-1.021388E+02
2.28426875000E+06	9.201439E-03	-1.021355E+02
2.28613750000E+06	9.263520E-03	-1.018200E+02
2.28800625000E+06	9.421054E-03	-1.018752E+02
2.28987500000E+06	9.341655E-03	-1.021949E+02
2.29174375000E+06	9.253718E-03	-1.014388E+02
2.29361250000E+06	9.223773E-03	-1.017071E+02
2.29548125000E+06	9.283434E-03	-1.017584E+02
2.29735000000E+06	9.383326E-03	-1.021963E+02
2.29921875000E+06	9.399102E-03	-1.021464E+02
2.30108750000E+06	9.345973E-03	-1.021769E+02
2.30295625000E+06	9.421974E-03	-1.018038E+02
2.30482500000E+06	9.225650E-03	-1.017774E+02
2.30669375000E+06	9.419758E-03	-1.019729E+02
2.30856250000E+06	9.377713E-03	-1.023070E+02
2.31043125000E+06	9.366187E-03	-1.015753E+02
2.31230000000E+06	9.378555E-03	-1.019446E+02
2.31416875000E+06	9.432114E-03	-1.018106E+02
2.31603750000E+06	9.344172E-03	-1.023068E+02
2.31790625000E+06	9.459903E-03	-1.019265E+02
2.31977500000E+06	9.421969E-03	-1.025277E+02
2.32164375000E+06	9.423492E-03	-1.021311E+02
2.32351250000E+06	9.414176E-03	-1.020619E+02
2.32538125000E+06	9.467317E-03	-1.023542E+02
2.32725000000E+06	9.408899E-03	-1.018155E+02
2.32911875000E+06	9.485885E-03	-1.019708E+02
2.33098750000E+06	9.531689E-03	-1.021105E+02
2.33285625000E+06	9.507419E-03	-1.020099E+02
2.33472500000E+06	9.439506E-03	-1.025514E+02
2.33659375000E+06	9.535258E-03	-1.023114E+02
2.33846250000E+06	9.535599E-03	-1.018294E+02
2.34033125000E+06	9.509243E-03	-1.015887E+02
2.34220000000E+06	9.526628E-03	-1.023860E+02
2.34406875000E+06	9.441860E-03	-1.022522E+02
2.34593750000E+06	9.551244E-03	-1.022537E+02
2.34780625000E+06	9.597762E-03	-1.021646E+02
2.34967500000E+06	9.576367E-03	-1.020007E+02
2.35154375000E+06	9.657655E-03	-1.020674E+02
2.35341250000E+06	9.661940E-03	-1.023662E+02
2.35528125000E+06	9.587656E-03	-1.021823E+02
2.35715000000E+06	9.698066E-03	-1.025862E+02
2.35901875000E+06	9.618434E-03	-1.022157E+02
2.36088750000E+06	9.719990E-03	-1.018633E+02
2.36275625000E+06	9.582059E-03	-1.022350E+02
2.36462500000E+06	9.642483E-03	-1.020958E+02
2.36649375000E+06	9.641912E-03	-1.022404E+02
2.36836250000E+06	9.756740E-03	-1.026895E+02
2.37023125000E+06	9.698551E-03	-1.020598E+02
2.37210000000E+06	9.702409E-03	-1.019244E+02
2.37396875000E+06	9.808341E-03	-1.022386E+02
2.37583750000E+06	9.726111E-03	-1.026708E+02
2.37770625000E+06	9.719708E-03	-1.024397E+02
2.37957500000E+06	9.723635E-03	-1.024517E+02
2.38144375000E+06	9.652844E-03	-1.020923E+02
2.38331250000E+06	9.645714E-03	-1.021587E+02
2.38518125000E+06	9.744134E-03	-1.027266E+02
2.38705000000E+06	9.839797E-03	-1.021682E+02
2.38891875000E+06	9.824276E-03	-1.016287E+02
2.39078750000E+06	9.827901E-03	-1.019679E+02
2.39265625000E+06	9.692336E-03	-1.028882E+02
2.39452500000E+06	9.805490E-03	-1.026794E+02
2.39639375000E+06	9.826114E-03	-1.026534E+02
2.39826250000E+06	9.869552E-03	-1.019950E+02
2.40013125000E+06	9.892239E-03	-1.023037E+02
2.40200000000E+06	9.926520E-03	-1.019114E+02
2.40386875000E+06	9.856524E-03	-1.024260E+02
2.40573750000E+06	9.959447E-03	-1.029280E+02
2.40760625000E+06	9.974864E-03	-1.026313E+02
2.40947500000E+06	9.850069E-03	-1.028744E+02
2.41134375000E+06	9.952949E-03	-1.027007E+02
2.41321250000E+06	9.941663E-03	-1.026333E+02
2.41508125000E+06	9.873285E-03	-1.016347E+02
2.41695000000E+06	9.878825E-03	-1.030455E+02
2.41881875000E+06	1.001615E-02	-1.022097E+02
2.42068750000E+06	9.953842E-03	-1.028553E+02
2.42255625000E+06	9.970859E-03	-1.019380E+02
2.42442500000E+06	9.844216E-03	-1.020542E+02
2.42629375000E+06	1.007876E-02	-1.016756E+02
2.42816250000E+06	9.964065E-03	-1.026850E+02
2.43003125000E+06	9.919258E-03	-1.021801E+02
2.43190000000E+06	1.010277E-02	-1.022789E+02
2.43376875000E+06	1.007251E-02	-1.028562E+02
2.43563750000E+06	1.013861E-02	-1.020999E+02
2.43750625000E+06	1.007268E-02	-1.021808E+02
2.43937500000E+06	1.001321E-02	-1.027985E+02
2.44124375000E+06	1.013574E-02	-1.023295E+02
2.44311250000E+06	1.010001E-02	-1.022054E+02
2.44498125000E+06	9.994538E-03	-1.023087E+02
2.44685000000E+06	1.013273E-02	-1.024902E+02
2.44871875000E+06	1.002132E-02	-1.015191E+02
2.45058750000E+06	1.015554E-02	-1.020678E+02
2.45245625000E+06	1.001619E-02	-1.019000E+02
2.45432500000E+06	1.001314E-02	-1.021185E+02
2.45619375000E+06	1.022524E-02	-1.021873E+02
2.45806250000E+06	1.026358E-02	-1.031681E+02
2.45993125000E+06	1.012364E-02	-1.029675E+02
2.46180000000E+06	1.017210E-02	-1.035055E+02
2.46366875000E+06	1.022531E-02	-1.019099E+02
2.46553750000E+06	1.003515E-02	-1.030194E+02
2.46740625000E+06	1.031685E-02	-1.019998E+02
2.46927500000E+06	1.015717E-02	-1.023827E+02
2.47114375000E+06	1.012242E-02	-1.021371E+02
2.47301250000E+06	1.009934E-02	-1.022199E+02
2.47488125000E+06	1.024174E-02	-1.032835E+02
2.47675000000E+06	1.025476E-02	-1.028139E+02
2.47861875000E+06	1.035169E-02	-1.026900E+02
2.48048750000E+06	1.020852E-02	-1.024205E+02
2.48235625000E+06	1.016809E-02	-1.029782E+02
2.48422500000E+06	1.023065E-02	-1.025848E+02
2.48609375000E+06	1.019991E-02	-1.024149E+02
2.48796250000E+06	1.031436E-02	-1.026512E+02
2.48983125000E+06	1.027658E-02	-1.025656E+02
2.49170000000E+06	1.027216E-02	-1.026638E+02
2.49356875000E+06	1.035784E-02	-1.028521E+02
2.49543750000E+06	1.035365E-02	-1.030437E+02
2.49730625000E+06	1.044632E-02	-1.028822E+02
2.49917500000E+06	1.033889E-02	-1.023270E+02
2.50104375000E+06	1.046585E-02	-1.021397E+02
2.50291250000E+06	1.040804E-02	-1.024635E+02
2.50478125000E+06	1.042837E-02	-1.021337E+02
2.50665000000E+06	1.045109E-02	-1.025447E+02
2.50851875000E+06	1.037391E-02	-1.024743E+02
2.51038750000E+06	1.049081E-02	-1.025189E+02
2.51225625000E+06	1.040113E-02	-1.026664E+02
2.51412500000E+06	1.043807E-02	-1.031277E+02
2.51599375000E+06	1.044087E-02	-1.026481E+02
2.51786250000E+06	1.051693E-02	-1.030666E+02
2.51973125000E+06	1.045166E-02	-1.026853E+02
2.52160000000E+06	1.039735E-02	-1.027073E+02
2.52346875000E+06	1.058937E-02	-1.025924E+02
2.52533750000E+06	1.045884E-02	-1.021717E+02
2.52720625000E+06	1.052065E-02	-1.028889E+02
2.52907500000E+06	1.040803E-02	-1.024881E+02
2.53094375000E+06	1.049218E-02	-1.021493E+02
2.53281250000E+06	1.056375E-02	-1.032161E+02
2.53468125000E+06	1.054627E-02	-1.028784E+02
2.53655000000E+06	1.051157E-02	-1.027678E+02
2.53841875000E+06	1.055455E-02	-1.030206E+02
2.54028750000E+06	1.057805E-02	-1.023802E+02
2.54215625000E+06	1.066741E-02	-1.023151E+02
2.54402500000E+06	1.067943E-02	-1.026225E+02
2.54589375000E+06	1.049752E-02	-1.028875E+02
2.54776250000E+06	1.069167E-02	-1.024369E+02
2.54963125000E+06	1.065009E-02	-1.026833E+02
2.55150000000E+06	1.057833E-02	-1.024344E+02
2.55336875000E+06	1.064863E-02	-1.030937E+02
2.55523750000E+06	1.068632E-02	-1.026480E+02
2.55710625000E+06	1.066494E-02	-1.030725E+02
2.55897500000E+06	1.066445E-02	-1.030648E+02
2.56084375000E+06	1.067613E-02	-1.033554E+02
2.56271250000E+06	1.070288E-02	-1.026865E+02
2.56458125000E+06	1.073320E-02	-1.028388E+02
2.56645000000E+06	1.078450E-02	-1.031689E+02
2.56831875000E+06	1.077792E-02	-1.027837E+02
2.57018750000E+06	1.076915E-02	-1.035156E+02
2.57205625000E+06	1.071843E-02	-1.029061E+02
2.57392500000E+06	1.066222E-02	-1.028727E+02
2.57579375000E+06	1.080627E-02	-1.029481E+02
2.57766250000E+06	1.076462E-02	-1.030731E+02
2.57953125000E+06	1.070202E-02	-1.026013E+02
2.58140000000E+06	1.080274E-02	-1.030442E+02
2.58326875000E+06	1.080252E-02	-1.029504E+02
2.58513750000E+06	1.085404E-02	-1.034217E+02
2.58700625000E+06	1.083833E-02	-1.029698E+02
2.58887500000E+06	1.090068E-02	-1.030118E+02
2.59074375000E+06	1.089808E-02	-1.026841E+02
2.59261250000E+06	1.089834E-02	-1.027289E+02
2.59448125000E+06	1.089506E-02	-1.027449E+02
2.59635000000E+06	1.088821E-02	-1.026310E+02
2.59821875000E+06	1.090624E-02	-1.035542E+02
2.60008750000E+06	1.095671E-02	-1.027532E+02
2.60195625000E+06	1.090565E-02	-1.031978E+02
2.60382500000E+06	1.092773E-02	-1.030563E+02
2.60569375000E+06	1.090442E-02	-1.036102E+02
2.60756250000E+06	1.089462E-02	-1.032912E+02
2.60943125000E+06	1.092531E-02	-1.033131E+02
2.61130000000E+06	1.097711E-02	-1.027933E+02
2.61316875000E+06	1.098549E-02	-1.028853E+02
2.61503750000E+06	1.089928E-02	-1.034218E+02
2.61690625000E+06	1.096421E-02	-1.030432E+02
2.61877500000E+06	1.095380E-02	-1.034084E+02
2.62064375000E+06	1.106015E-02	-1.030419E+02
2.62251250000E+06	1.101059E-02	-1.032840E+02
2.62438125000E+06	1.092723E-02	-1.032558E+02
2.62625000000E+06	1.106669E-02	-1.031397E+02
2.62811875000E+06	1.101165E-02	-1.033118E+02
2.62998750000E+06	1.108918E-02	-1.029188E+02
2.63185625000E+06	1.105369E-02	-1.034959E+02
2.63372500000E+06	1.101263E-02	-1.030679E+02
2.63559375000E+06	1.109142E-02	-1.030988E+02
2.63746250000E+06	1.109036E-02	-1.032634E+02
2.63933125000E+06	1.112924E-02	-1.031428E+02
2.64120000000E+06	1.101445E-02	-1.032929E+02
2.64306875000E+06	1.109951E-02	-1.028312E+02
2.64493750000E+06	1.116871E-02	-1.029881E+02
2.64680625000E+06	1.127520E-02	-1.035369E+02
2.64867500000E+06	1.112431E-02	-1.036768E+02
2.65054375000E+06	1.123138E-02	-1.029862E+02
2.65241250000E+06	1.118780E-02	-1.029228E+02
2.65428125000E+06	1.121817E-02	-1.034505E+02
2.65615000000E+06	1.116698E-02	-1.027192E+02
2.65801875000E+06	1.132449E-02	-1.036479E+02
2.65988750000E+06	1.131384E-02	-1.035713E+02
2.66175625000E+06	1.122102E-02	-1.035170E+02
2.66362500000E+06	1.119440E-02	-1.030194E+02
2.66549375000E+06	1.122679E-02	-1.031362E+02
2.66736250000E+06	1.122120E-02	-1.028616E+02
2.66923125000E+06	1.135772E-02	-1.033486E+02
2.67110000000E+06	1.118534E-02	-1.035723E+02
2.67296875000E+06	1.129411E-02	-1.035413E+02
2.67483750000E+06	1.133809E-02	-1.030876E+02
2.67670625000E+06	1.126971E-02	-1.034699E+02
2.67857500000E+06	1.129348E-02	-1.034538E+02
2.68044375000E+06	1.130101E-02	-1.032794E+02
2.68231250000E+06	1.136500E-02	-1.034773E+02
2.68418125000E+06	1.141258E-02	-1.033523E+02
2.68605000000E+06	1.142826E-02	-1.034521E+02
2.68791875000E+06	1.139435E-02	-1.033175E+02
2.68978750000E+06	1.140040E-02	-1.038058E+02
2.69165625000E+06	1.139165E-02	-1.035961E+02
2.69352500000E+06	1.140729E-02	-1.036526E+02
2.69539375000E+06	1.137604E-02	-1.035524E+02
2.69726250000E+06	1.149451E-02	-1.033673E+02
2.69913125000E+06	1.149871E-02	-1.039101E+02
2.70100000000E+06	1.146453E-02	-1.039480E+02
2.70286875000E+06	1.150450E-02	-1.037684E+02
2.70473750000E+06	1.153431E-02	-1.039396E+02
2.70660625000E+06	1.144633E-02	-1.037045E+02
2.70847500000E+06	1.154686E-02	-1.030793E+02
2.71034375000E+06	1.145125E-02	-1.032186E+02
2.71221250000E+06	1.141496E-02	-1.038243E+02
2.71408125000E+06	1.151887E-02	-1.041321E+02
2.71595000000E+06	1.137452E-02	-1.035666E+02
2.71781875000E+06	1.172689E-02	-1.034697E+02
2.71968750000E+06	1.170510E-02	-1.034916E+02
2.72155625000E+06	1.147502E-02	-1.033417E+02
2.72342500000E+06	1.159437E-02	-1.028005E+02
2.72529375000E+06	1.148438E-02	-1.032689E+02
2.72716250000E+06	1.163088E-02	-1.033194E+02
2.72903125000E+06	1.161741E-02	-1.031889E+02
2.73090000000E+06	1.152724E-02	-1.032687E+02
2.73276875000E+06	1.156425E-02	-1.033414E+02
2.73463750000E+06	1.173125E-02	-1.042510E+02
2.73650625000E+06	1.165567E-02	-1.028889E+02
2.73837500000E+06	1.173014E-02	-1.037451E+02
2.74024375000E+06	1.169057E-02	-1.046049E+02
2.74211250000E+06	1.158843E-02	-1.043486E+02
2.74398125000E+06	1.163809E-02	-1.041717E+02
2.74585000000E+06	1.172508E-02	-1.045547E+02
2.74771875000E+06	1.172276E-02	-1.035908E+02
2.74958750000E+06	1.178918E-02	-1.039500E+02
2.75145625000E+06	1.188637E-02	-1.037637E+02
2.75332500000E+06	1.184087E-02	-1.033230E+02
2.75519375000E+06	1.169588E-02	-1.040735E+02
2.75706250000E+06	1.184031E-02	-1.040438E+02
2.75893125000E+06	1.178986E-02	-1.034206E+02
2.76080000000E+06	1.171755E-02	-1.042081E+02
2.76266875000E+06	1.195180E-02	-1.037384E+02
2.76453750000E+06	1.169809E-02	-1.032064E+02
2.76640625000E+06	1.184775E-02	-1.038324E+02
2.76827500000E+06	1.202501E-02	-1.041037E+02
2.77014375000E+06	1.194449E-02	-1.034908E+02
2.77201250000E+06	1.172947E-02	-1.042311E+02
2.77388125000E+06	1.197879E-02	-1.036657E+02
2.77575000000E+06	1.175648E-02	-1.032675E+02
2.77761875000E+06	1.179360E-02	-1.032546E+02
2.77948750000E+06	1.189234E-02	-1.038700E+02
2.78135625000E+06	1.185128E-02	-1.033879E+02
2.78322500000E+06	1.195356E-02	-1.040442E+02
2.78509375000E+06	1.209506E-02	-1.037121E+02
2.78696250000E+06	1.183142E-02	-1.033128E+02
2.78883125000E+06	1.205151E-02	-1.039180E+02
2.79070000000E+06	1.188970E-02	-1.037197E+02
2.79256875000E+06	1.195301E-02	-1.035430E+02
2.79443750000E+06	1.197192E-02	-1.044417E+02
2.79630625000E+06	1.189533E-02	-1.031780E+02
2.79817500000E+06	1.193318E-02	-1.041207E+02
2.80004375000E+06	1.201177E-02	-1.035206E+02
2.80191250000E+06	1.209003E-02	-1.037465E+02
2.80378125000E+06	1.206226E-02	-1.038899E+02
2.80565000000E+06	1.206783E-02	-1.039141E+02
2.80751875000E+06	1.190970E-02	-1.037875E+02
2.80938750000E+06	1.198585E-02	-1.034867E+02
2.81125625000E+06	1.209360E-02	-1.039986E+02
2.81312500000E+06	1.203351E-02	-1.040633E+02
2.81499375000E+06	1.217203E-02	-1.038212E+02
2.81686250000E+06	1.203339E-02	-1.041338E+02
2.81873125000E+06	1.213548E-02	-1.036439E+02
2.82060000000E+06	1.198685E-02	-1.035707E+02
2.82246875000E+06	1.206221E-02	-1.040462E+02
2.82433750000E+06	1.217456E-02	-1.039675E+02
2.82620625000E+06	1.195436E-02	-1.042943E+02
2.82807500000E+06	1.224510E-02	-1.040375E+02
2.82994375000E+06	1.205677E-02	-1.041837E+02
2.83181250000E+06	1.216508E-02	-1.037151E+02
2.83368125000E+06	1.216543E-02	-1.043410E+02
2.83555000000E+06	1.234623E-02	-1.041786E+02
2.83741875000E+06	1.225109E-02	-1.039405E+02
2.83928750000E+06	1.222705E-02	-1.038217E+02
2.84115625000E+06	1.216903E-02	-1.038729E+02
2.84302500000E+06	1.225227E-02	-1.038905E+02
2.84489375000E+06	1.235003E-02	-1.041961E+02
2.84676250000E+06	1.216936E-02	-1.034848E+02
2.84863125000E+06	1.227883E-02	-1.041807E+02
2.85050000000E+06	1.225683E-02	-1.040647E+02
2.85236875000E+06	1.230917E-02	-1.037096E+02
2.85423750000E+06	1.222271E-02	-1.041147E+02
2.85610625000E+06	1.225508E-02	-1.037828E+02
2.85797500000E+06	1.241348E-02	-1.038795E+02
2.85984375000E+06	1.248588E-02	-1.042365E+02
2.86171250000E+06	1.239202E-02	-1.042030E+02
2.86358125000E+06	1.230692E-02	-1.040001E+02
2.86545000000E+06	1.231993E-02	-1.039988E+02
2.86731875000E+06	1.245374E-02	-1.041515E+02
2.86918750000E+06	1.239509E-02	-1.040990E+02
2.87105625000E+06	1.237281E-02	-1.035078E+02
2.87292500000E+06	1.240138E-02	-1.045553E+02
2.87479375000E+06	1.233131E-02	-1.039436E+02
2.87666250000E+06	1.244537E-02	-1.041607E+02
2.87853125000E+06	1.231731E-02	-1.040861E+02
2.88040000000E+06	1.244432E-02	-1.041130E+02
2.88226875000E+06	1.238579E-02	-1.040041E+02
2.88413750000E+06	1.244687E-02	-1.045552E+02
2.88600625000E+06	1.259027E-02	-1.041205E+02
2.88787500000E+06	1.251484E-02	-1.039051E+02
2.88974375000E+06	1.242349E-02	-1.036966E+02
2.89161250000E+06	1.260424E-02	-1.041429E+02
2.89348125000E+06	1.249483E-02	-1.038988E+02
2.89535000000E+06	1.250706E-02	-1.040880E+02
2.89721875000E+06	1.254827E-02	-1.041687E+02
2.89908750000E+06	1.253881E-02	-1.049615E+02
2.90095625000E+06	1.255603E-02	-1.046825E+02
2.90282500000E+06	1.256147E-02	-1.043079E+02
2.90469375000E+06	1.254463E-02	-1.037861E+02
2.90656250000E+06	1.258958E-02	-1.043782E+02
2.90843125000E+06	1.264802E-02	-1.044037E+02
2.91030000000E+06	1.258476E-02	-1.045344E+02
2.91216875000E+06	1.269270E-02	-1.042140E+02
2.91403750000E+06	1.261465E-02	-1.043384E+02
2.91590625000E+06	1.270437E-02	-1.044443E+02
2.91777500000E+06	1.264939E-02	-1.041628E+02
2.91964375000E+06	1.253644E-02	-1.041105E+02
2.92151250000E+06	1.271112E-02	-1.042533E+02
2.92338125000E+06	1.271433E-02	-1.044250E+02
2.92525000000E+06	1.272041E-02	-1.042491E+02
2.92711875000E+06	1.277597E-02	-1.047014E+02
2.92898750000E+06	1.272969E-02	-1.041024E+02
2.93085625000E+06	1.272735E-02	-1.043740E+02
2.93272500000E+06	1.277271E-02	-1.044737E+02
2.93459375000E+06	1.277552E-02	-1.043330E+02
2.93646250000E+06	1.275641E-02	-1.045299E+02
2.93833125000E+06	1.281232E-02	-1.043930E+02
2.94020000000E+06	1.279062E-02	-1.041247E+02
2.94206875000E+06	1.281826E-02	-1.039394E+02
2.94393750000E+06	1.277440E-02	-1.045265E+02
2.94580625000E+06	1.277843E-02	-1.041755E+02
2.94767500000E+06	1.285578E-02	-1.045566E+02
2.94954375000E+06	1.288635E-02	-1.044101E+02
2.95141250000E+06	1.282499E-02	-1.045739E+02
2.95328125000E+06	1.285992E-02	-1.043636E+02
2.95515000000E+06	1.289315E-02	-1.042222E+02
2.95701875000E+06	1.284165E-02	-1.044929E+02
2.95888750000E+06	1.290346E-02	-1.044871E+02
2.96075625000E+06	1.287150E-02	-1.043092E+02
2.96262500000E+06	1.294357E-02	-1.046446E+02
2.96449375000E+06	1.291321E-02	-1.041773E+02
2.96636250000E+06	1.289926E-02	-1.043037E+02
2.96823125000E+06	1.297151E-02	-1.044634E+02
2.97010000000E+06	1.286281E-02	-1.044703E+02
2.97196875000E+06	1.287720E-02	-1.043469E+02
2.97383750000E+06	1.298374E-02	-1.044841E+02
2.97570625000E+06	1.303361E-02	-1.043374E+02
2.97757500000E+06	1.306612E-02	-1.045092E+02
2.97944375000E+06	1.301864E-02	-1.045115E+02
2.98131250000E+06	1.304246E-02	-1.045063E+02
2.98318125000E+06	1.296933E-02	-1.042601E+02
2.98505000000E+06	1.306629E-02	-1.043438E+02
2.98691875000E+06	1.298233E-02	-1.046439E+02
2.98878750000E+06	1.307109E-02	-1.044254E+02
2.99065625000E+06	1.303457E-02	-1.044163E+02
2.99252500000E+06	1.305221E-02	-1.047319E+02
2.99439375000E+06	1.303976E-02	-1.049317E+02
2.99626250000E+06	1.311158E-02	-1.046513E+02
2.99813125000E+06	1.300447E-02	-1.041560E+02
3.00000000000E+06	1.315592E-02	-1.048842E+02
