"E5100A REV3.14"
"DATE: Jul  1 2004"



"CHANNEL: 2"
"MEASURE TYPE: AR"
"FORMAT TYPE: LINMP"
"NUMBER of POINTS: 1601"
"SWEEP TIME:  3.458 s"
"SWEEP TYPE: LINF"
"SOURCE POWER: 0 dBm"
"IF BANDWIDTH: 500 Hz"

"Frequency"	"Main Array"	"Sub Array"
1.00000000000E+04	8.361598E-03	-9.494608E+01
1.18687500000E+04	2.142523E-02	1.176421E+02
1.37375000000E+04	1.176484E-02	-1.029252E+02
1.56062500000E+04	2.970245E-03	1.051473E+02
1.74750000000E+04	5.193628E-03	9.832881E+01
1.93437500000E+04	5.417227E-03	-8.950028E+01
2.12125000000E+04	1.379366E-03	5.409922E+01
2.30812500000E+04	2.134721E-03	-1.091373E+02
2.49500000000E+04	1.830620E-03	-9.262740E+01
2.68187500000E+04	1.533397E-03	6.847298E+01
2.86875000000E+04	2.074321E-03	8.943497E+00
3.05562500000E+04	9.629824E-04	-1.113740E+01
3.24250000000E+04	1.180823E-03	-1.601555E+02
3.42937500000E+04	4.997386E-04	1.024969E+02
3.61625000000E+04	1.664152E-03	-1.517026E+02
3.80312500000E+04	7.293453E-04	1.759423E+02
3.99000000000E+04	2.531695E-04	1.652949E+02
4.17687500000E+04	6.151101E-04	-3.208755E+01
4.36375000000E+04	4.911845E-04	5.250744E+01
4.55062500000E+04	1.178105E-03	3.415859E+01
4.73750000000E+04	6.109301E-04	-9.020853E+01
4.92437500000E+04	1.438258E-03	5.446701E+01
5.11125000000E+04	2.150799E-04	3.741903E+01
5.29812500000E+04	3.564812E-04	-1.242452E+01
5.48500000000E+04	5.168634E-04	-2.736606E+01
5.67187500000E+04	2.157986E-04	7.618793E+01
5.85875000000E+04	4.569288E-04	4.268016E+01
6.04562500000E+04	6.149309E-04	9.149774E+01
6.23250000000E+04	4.777413E-04	-8.306355E+01
6.41937500000E+04	9.750659E-04	-1.992436E+01
6.60625000000E+04	3.042531E-04	3.510524E+01
6.79312500000E+04	9.107287E-05	8.540476E+01
6.98000000000E+04	7.086114E-04	4.620566E+01
7.16687500000E+04	3.915504E-04	-1.605668E+02
7.35375000000E+04	3.965461E-04	-6.206117E+00
7.54062500000E+04	3.320018E-04	-5.875910E+01
7.72750000000E+04	2.113742E-04	6.282114E+01
7.91437500000E+04	6.163663E-04	-6.121085E+00
8.10125000000E+04	7.235979E-04	-2.918954E+01
8.28812500000E+04	1.073769E-04	-3.722445E+01
8.47500000000E+04	3.633122E-04	1.507069E+02
8.66187500000E+04	6.087236E-04	-1.412395E+02
8.84875000000E+04	6.937186E-04	1.393472E+02
9.03562500000E+04	1.246996E-04	-4.862267E+01
9.22250000000E+04	4.391324E-04	2.648670E+01
9.40937500000E+04	9.773950E-05	3.604606E+01
9.59625000000E+04	2.177262E-04	-1.560518E+01
9.78312500000E+04	3.472309E-04	1.426202E+02
9.97000000000E+04	1.768768E-04	5.016523E+01
1.01568750000E+05	4.813863E-04	-1.034066E+02
1.03437500000E+05	7.123802E-04	2.999217E+01
1.05306250000E+05	9.949028E-04	-1.499530E+02
1.07175000000E+05	2.178510E-04	1.233583E+02
1.09043750000E+05	3.160218E-04	1.497464E+02
1.10912500000E+05	1.318517E-03	-1.109056E+02
1.12781250000E+05	6.739940E-04	1.353124E+02
1.14650000000E+05	1.229242E-04	-6.814058E+01
1.16518750000E+05	3.954162E-04	1.174204E+02
1.18387500000E+05	4.265939E-04	2.937169E+01
1.20256250000E+05	4.992463E-04	2.123351E+01
1.22125000000E+05	2.994962E-04	2.789656E+01
1.23993750000E+05	2.343060E-04	1.405970E+02
1.25862500000E+05	2.894919E-04	3.087639E+01
1.27731250000E+05	3.213330E-04	5.476583E+01
1.29600000000E+05	3.565502E-04	4.003230E+01
1.31468750000E+05	3.606281E-04	9.546146E+01
1.33337500000E+05	3.983519E-04	1.575411E+02
1.35206250000E+05	1.289099E-04	-6.175703E+01
1.37075000000E+05	3.165376E-04	6.438628E+01
1.38943750000E+05	5.473432E-04	7.484604E+01
1.40812500000E+05	6.298549E-04	7.464747E+01
1.42681250000E+05	3.400065E-04	7.163625E+01
1.44550000000E+05	1.542631E-04	7.224374E+01
1.46418750000E+05	4.156674E-04	1.642271E+02
1.48287500000E+05	1.814045E-04	1.323145E+02
1.50156250000E+05	5.444961E-04	1.552600E+02
1.52025000000E+05	9.604837E-05	-6.944004E+01
1.53893750000E+05	3.760184E-04	7.834051E+01
1.55762500000E+05	3.396231E-04	2.187240E+01
1.57631250000E+05	1.918077E-04	1.676298E+02
1.59500000000E+05	5.072692E-04	6.559983E+01
1.61368750000E+05	3.816539E-04	3.548519E+01
1.63237500000E+05	3.774754E-04	1.117040E+02
1.65106250000E+05	3.830871E-04	1.579985E+02
1.66975000000E+05	4.516795E-04	1.065835E+02
1.68843750000E+05	4.184714E-04	1.417978E+02
1.70712500000E+05	6.244685E-04	1.013604E+02
1.72581250000E+05	5.195868E-04	1.252763E+02
1.74450000000E+05	2.239316E-04	6.001115E+01
1.76318750000E+05	1.383016E-04	-4.382091E+01
1.78187500000E+05	2.990674E-04	5.649348E+01
1.80056250000E+05	6.122880E-04	6.106299E+01
1.81925000000E+05	3.655120E-04	8.961626E+01
1.83793750000E+05	4.428743E-04	1.420765E+02
1.85662500000E+05	4.589843E-04	1.269309E+02
1.87531250000E+05	4.108496E-04	7.444369E+01
1.89400000000E+05	2.253737E-04	4.998134E+01
1.91268750000E+05	3.546014E-04	5.070166E+01
1.93137500000E+05	5.270067E-04	7.908681E+01
1.95006250000E+05	4.166707E-04	7.539332E+01
1.96875000000E+05	3.336383E-04	7.763906E+01
1.98743750000E+05	4.656852E-04	7.861255E+01
2.00612500000E+05	2.580922E-04	4.008580E+01
2.02481250000E+05	6.059009E-04	6.969830E+01
2.04350000000E+05	1.841087E-04	1.141728E+02
2.06218750000E+05	1.171974E-04	-1.691275E+02
2.08087500000E+05	6.543430E-04	8.053552E+01
2.09956250000E+05	1.275782E-04	1.729720E+02
2.11825000000E+05	6.783034E-04	7.810295E+01
2.13693750000E+05	2.346343E-04	1.434050E+02
2.15562500000E+05	5.556134E-04	6.999020E+01
2.17431250000E+05	4.639128E-04	8.399784E+01
2.19300000000E+05	3.651403E-04	6.514922E+01
2.21168750000E+05	5.397521E-04	7.208475E+01
2.23037500000E+05	4.149767E-04	9.727837E+01
2.24906250000E+05	5.182963E-04	1.106999E+02
2.26775000000E+05	2.932940E-04	7.747971E+01
2.28643750000E+05	3.737090E-04	7.257068E+01
2.30512500000E+05	4.145638E-04	5.815454E+01
2.32381250000E+05	4.660556E-04	6.584903E+01
2.34250000000E+05	3.084068E-04	7.371901E+01
2.36118750000E+05	7.301018E-04	9.202711E+01
2.37987500000E+05	3.573908E-04	9.661361E+01
2.39856250000E+05	5.550995E-04	1.018906E+02
2.41725000000E+05	5.060111E-04	1.010248E+02
2.43593750000E+05	3.588122E-04	1.293904E+02
2.45462500000E+05	5.589788E-04	9.401788E+01
2.47331250000E+05	5.283816E-04	9.976698E+01
2.49200000000E+05	3.414414E-04	9.266818E+01
2.51068750000E+05	3.598191E-04	6.930289E+01
2.52937500000E+05	6.021666E-04	8.776492E+01
2.54806250000E+05	3.065911E-04	7.123907E+01
2.56675000000E+05	5.404727E-04	1.122640E+02
2.58543750000E+05	3.859485E-04	1.098519E+02
2.60412500000E+05	5.939367E-04	8.270251E+01
2.62281250000E+05	4.312871E-04	8.860554E+01
2.64150000000E+05	1.636904E-04	8.294315E+01
2.66018750000E+05	7.418247E-04	9.289816E+01
2.67887500000E+05	4.685913E-04	8.386024E+01
2.69756250000E+05	6.194710E-04	7.779373E+01
2.71625000000E+05	4.667313E-04	8.601585E+01
2.73493750000E+05	6.177258E-04	9.364715E+01
2.75362500000E+05	5.352704E-04	8.538448E+01
2.77231250000E+05	3.593001E-04	1.223163E+02
2.79100000000E+05	3.893844E-04	1.079586E+02
2.80968750000E+05	4.402889E-04	9.550433E+01
2.82837500000E+05	7.631856E-04	1.113077E+02
2.84706250000E+05	7.281391E-04	9.217029E+01
2.86575000000E+05	7.199301E-04	7.668166E+01
2.88443750000E+05	3.559469E-04	1.050532E+02
2.90312500000E+05	8.385372E-04	7.584148E+01
2.92181250000E+05	5.873306E-04	9.386773E+01
2.94050000000E+05	6.834591E-04	1.086316E+02
2.95918750000E+05	9.227579E-04	1.087276E+02
2.97787500000E+05	7.064402E-04	8.992847E+01
2.99656250000E+05	4.186607E-04	7.137511E+01
3.01525000000E+05	6.678866E-04	1.045327E+02
3.03393750000E+05	5.123711E-04	1.098408E+02
3.05262500000E+05	5.251936E-04	9.641343E+01
3.07131250000E+05	4.496079E-04	7.867512E+01
3.09000000000E+05	6.480424E-04	1.081977E+02
3.10868750000E+05	6.653129E-04	9.219819E+01
3.12737500000E+05	6.704756E-04	1.011221E+02
3.14606250000E+05	7.234070E-04	9.282465E+01
3.16475000000E+05	5.174746E-04	8.992461E+01
3.18343750000E+05	6.930322E-04	1.041473E+02
3.20212500000E+05	6.366400E-04	8.819463E+01
3.22081250000E+05	5.614338E-04	9.893119E+01
3.23950000000E+05	6.048371E-04	9.173985E+01
3.25818750000E+05	5.697299E-04	8.191390E+01
3.27687500000E+05	5.212111E-04	1.076484E+02
3.29556250000E+05	7.371915E-04	8.712159E+01
3.31425000000E+05	5.096353E-04	8.748373E+01
3.33293750000E+05	6.794667E-04	1.135774E+02
3.35162500000E+05	3.535428E-04	7.956193E+01
3.37031250000E+05	8.166916E-04	8.582822E+01
3.38900000000E+05	5.907637E-04	7.803068E+01
3.40768750000E+05	6.793701E-04	1.019401E+02
3.42637500000E+05	8.409107E-04	9.766088E+01
3.44506250000E+05	4.189053E-04	8.842539E+01
3.46375000000E+05	5.849614E-04	1.114605E+02
3.48243750000E+05	4.770718E-04	7.213655E+01
3.50112500000E+05	4.856511E-04	9.117941E+01
3.51981250000E+05	8.021417E-04	8.406373E+01
3.53850000000E+05	6.114969E-04	8.802849E+01
3.55718750000E+05	6.301725E-04	7.563223E+01
3.57587500000E+05	7.566097E-04	7.398644E+01
3.59456250000E+05	6.358328E-04	9.539261E+01
3.61325000000E+05	5.568292E-04	8.614900E+01
3.63193750000E+05	6.157113E-04	7.306466E+01
3.65062500000E+05	7.478677E-04	1.112543E+02
3.66931250000E+05	6.134458E-04	8.434053E+01
3.68800000000E+05	7.999105E-04	9.517098E+01
3.70668750000E+05	7.478017E-04	9.827048E+01
3.72537500000E+05	5.905053E-04	8.140656E+01
3.74406250000E+05	7.144060E-04	8.750005E+01
3.76275000000E+05	7.861382E-04	1.022080E+02
3.78143750000E+05	5.640318E-04	1.107159E+02
3.80012500000E+05	5.473332E-04	9.738905E+01
3.81881250000E+05	5.612498E-04	8.959508E+01
3.83750000000E+05	7.654123E-04	9.061176E+01
3.85618750000E+05	7.745178E-04	9.226656E+01
3.87487500000E+05	5.495794E-04	8.915666E+01
3.89356250000E+05	9.100241E-04	8.510963E+01
3.91225000000E+05	8.154752E-04	9.904248E+01
3.93093750000E+05	5.554321E-04	8.920036E+01
3.94962500000E+05	5.772994E-04	9.367268E+01
3.96831250000E+05	8.124358E-04	8.093606E+01
3.98700000000E+05	5.963031E-04	8.334965E+01
4.00568750000E+05	7.829189E-04	7.372720E+01
4.02437500000E+05	6.957075E-04	7.553517E+01
4.04306250000E+05	6.869680E-04	8.201023E+01
4.06175000000E+05	6.795318E-04	9.528426E+01
4.08043750000E+05	6.609100E-04	8.807243E+01
4.09912500000E+05	8.031089E-04	9.343490E+01
4.11781250000E+05	5.849749E-04	1.061374E+02
4.13650000000E+05	7.967998E-04	8.977283E+01
4.15518750000E+05	7.859796E-04	8.668253E+01
4.17387500000E+05	9.413934E-04	9.013132E+01
4.19256250000E+05	8.136966E-04	8.859142E+01
4.21125000000E+05	9.212799E-04	7.943080E+01
4.22993750000E+05	1.052554E-03	9.474841E+01
4.24862500000E+05	8.509876E-04	9.685453E+01
4.26731250000E+05	8.521328E-04	8.591563E+01
4.28600000000E+05	7.070645E-04	9.808279E+01
4.30468750000E+05	1.041766E-03	8.535509E+01
4.32337500000E+05	1.009582E-03	9.099628E+01
4.34206250000E+05	8.713501E-04	1.040703E+02
4.36075000000E+05	7.171708E-04	8.668958E+01
4.37943750000E+05	8.130377E-04	8.951343E+01
4.39812500000E+05	7.215912E-04	9.904882E+01
4.41681250000E+05	9.403679E-04	9.415930E+01
4.43550000000E+05	7.502578E-04	9.357917E+01
4.45418750000E+05	8.016060E-04	9.182751E+01
4.47287500000E+05	8.317583E-04	8.885678E+01
4.49156250000E+05	7.774192E-04	8.782430E+01
4.51025000000E+05	8.472406E-04	8.141673E+01
4.52893750000E+05	9.124557E-04	9.186761E+01
4.54762500000E+05	8.184151E-04	8.890644E+01
4.56631250000E+05	7.168587E-04	9.354659E+01
4.58500000000E+05	7.118437E-04	8.959894E+01
4.60368750000E+05	8.740085E-04	1.010537E+02
4.62237500000E+05	8.121637E-04	9.240770E+01
4.64106250000E+05	8.791879E-04	9.327554E+01
4.65975000000E+05	8.161067E-04	8.958278E+01
4.67843750000E+05	6.943561E-04	8.477075E+01
4.69712500000E+05	9.115271E-04	9.278747E+01
4.71581250000E+05	8.706937E-04	8.957825E+01
4.73450000000E+05	8.944171E-04	8.182984E+01
4.75318750000E+05	1.004711E-03	9.216112E+01
4.77187500000E+05	8.609130E-04	9.050095E+01
4.79056250000E+05	7.326676E-04	1.004084E+02
4.80925000000E+05	9.891407E-04	8.602719E+01
4.82793750000E+05	8.432852E-04	9.721171E+01
4.84662500000E+05	1.074086E-03	9.354005E+01
4.86531250000E+05	8.742420E-04	9.040260E+01
4.88400000000E+05	9.491888E-04	8.939461E+01
4.90268750000E+05	7.462413E-04	8.909623E+01
4.92137500000E+05	8.633352E-04	9.081720E+01
4.94006250000E+05	8.537687E-04	1.021354E+02
4.95875000000E+05	8.730589E-04	8.443390E+01
4.97743750000E+05	9.372729E-04	9.733007E+01
4.99612500000E+05	9.167354E-04	8.391750E+01
5.01481250000E+05	9.258945E-04	8.693634E+01
5.03350000000E+05	1.332461E-03	9.100800E+01
5.05218750000E+05	8.909764E-04	9.377827E+01
5.07087500000E+05	9.116893E-04	1.016445E+02
5.08956250000E+05	1.011722E-03	8.940649E+01
5.10825000000E+05	8.390620E-04	9.021862E+01
5.12693750000E+05	9.168434E-04	9.186800E+01
5.14562500000E+05	9.695332E-04	9.578884E+01
5.16431250000E+05	8.397137E-04	8.533159E+01
5.18300000000E+05	8.829928E-04	8.467603E+01
5.20168750000E+05	1.150362E-03	9.089663E+01
5.22037500000E+05	1.041909E-03	9.216763E+01
5.23906250000E+05	9.849174E-04	8.873843E+01
5.25775000000E+05	1.081174E-03	9.066814E+01
5.27643750000E+05	1.023171E-03	8.903148E+01
5.29512500000E+05	1.138393E-03	9.309295E+01
5.31381250000E+05	1.069106E-03	9.304484E+01
5.33250000000E+05	9.939168E-04	9.842774E+01
5.35118750000E+05	9.899028E-04	9.403484E+01
5.36987500000E+05	1.007637E-03	8.441814E+01
5.38856250000E+05	9.010622E-04	8.551678E+01
5.40725000000E+05	1.028182E-03	8.547183E+01
5.42593750000E+05	9.689813E-04	8.242204E+01
5.44462500000E+05	9.844736E-04	8.787384E+01
5.46331250000E+05	9.499634E-04	9.624017E+01
5.48200000000E+05	9.898427E-04	9.349453E+01
5.50068750000E+05	1.022776E-03	9.957088E+01
5.51937500000E+05	1.165700E-03	9.269526E+01
5.53806250000E+05	1.006858E-03	9.098701E+01
5.55675000000E+05	1.072721E-03	8.592110E+01
5.57543750000E+05	1.065102E-03	9.077251E+01
5.59412500000E+05	9.927752E-04	8.430099E+01
5.61281250000E+05	9.787094E-04	8.855595E+01
5.63150000000E+05	1.301329E-03	9.332847E+01
5.65018750000E+05	1.097670E-03	9.010780E+01
5.66887500000E+05	9.664799E-04	8.989267E+01
5.68756250000E+05	1.064910E-03	9.265551E+01
5.70625000000E+05	1.168143E-03	1.001961E+02
5.72493750000E+05	1.231308E-03	8.864965E+01
5.74362500000E+05	1.099750E-03	9.307001E+01
5.76231250000E+05	1.097298E-03	8.947237E+01
5.78100000000E+05	1.130205E-03	9.291327E+01
5.79968750000E+05	1.073277E-03	9.626604E+01
5.81837500000E+05	9.993130E-04	8.216180E+01
5.83706250000E+05	1.093204E-03	9.120462E+01
5.85575000000E+05	1.202218E-03	9.535755E+01
5.87443750000E+05	1.190611E-03	9.010418E+01
5.89312500000E+05	1.009196E-03	9.326649E+01
5.91181250000E+05	1.052286E-03	8.542054E+01
5.93050000000E+05	1.115654E-03	9.167936E+01
5.94918750000E+05	1.016965E-03	9.287249E+01
5.96787500000E+05	1.159645E-03	9.994178E+01
5.98656250000E+05	1.227496E-03	9.508076E+01
6.00525000000E+05	1.160520E-03	9.569644E+01
6.02393750000E+05	1.065610E-03	9.346468E+01
6.04262500000E+05	9.913716E-04	8.033698E+01
6.06131250000E+05	1.051927E-03	8.565065E+01
6.08000000000E+05	1.175497E-03	1.001603E+02
6.09868750000E+05	1.096852E-03	8.757593E+01
6.11737500000E+05	1.068918E-03	9.493594E+01
6.13606250000E+05	1.363629E-03	9.403433E+01
6.15475000000E+05	1.148577E-03	9.556414E+01
6.17343750000E+05	1.290776E-03	9.686706E+01
6.19212500000E+05	1.098614E-03	9.299514E+01
6.21081250000E+05	1.157692E-03	8.952667E+01
6.22950000000E+05	1.059507E-03	8.922298E+01
6.24818750000E+05	1.164548E-03	8.923953E+01
6.26687500000E+05	1.165383E-03	8.975862E+01
6.28556250000E+05	1.073794E-03	9.702821E+01
6.30425000000E+05	1.210212E-03	9.243909E+01
6.32293750000E+05	1.137070E-03	8.949565E+01
6.34162500000E+05	1.156727E-03	8.803727E+01
6.36031250000E+05	1.207439E-03	8.970039E+01
6.37900000000E+05	1.178978E-03	9.397433E+01
6.39768750000E+05	1.054066E-03	8.654961E+01
6.41637500000E+05	1.218926E-03	9.829694E+01
6.43506250000E+05	1.286714E-03	9.147786E+01
6.45375000000E+05	1.285161E-03	8.828320E+01
6.47243750000E+05	1.113426E-03	9.762965E+01
6.49112500000E+05	1.016325E-03	9.726140E+01
6.50981250000E+05	1.108365E-03	9.694354E+01
6.52850000000E+05	1.351384E-03	9.492591E+01
6.54718750000E+05	1.070714E-03	9.490428E+01
6.56587500000E+05	1.266986E-03	8.549888E+01
6.58456250000E+05	1.106148E-03	9.275721E+01
6.60325000000E+05	1.137525E-03	1.001583E+02
6.62193750000E+05	1.262114E-03	9.282206E+01
6.64062500000E+05	1.281228E-03	9.843103E+01
6.65931250000E+05	1.362150E-03	9.341550E+01
6.67800000000E+05	1.238249E-03	9.005539E+01
6.69668750000E+05	1.177898E-03	9.763950E+01
6.71537500000E+05	1.233719E-03	9.743295E+01
6.73406250000E+05	1.264184E-03	8.988764E+01
6.75275000000E+05	1.043381E-03	8.135777E+01
6.77143750000E+05	1.433428E-03	9.365737E+01
6.79012500000E+05	1.430616E-03	9.354113E+01
6.80881250000E+05	1.278859E-03	9.528011E+01
6.82750000000E+05	1.292292E-03	8.312577E+01
6.84618750000E+05	1.218203E-03	9.779008E+01
6.86487500000E+05	1.171975E-03	9.186011E+01
6.88356250000E+05	1.376028E-03	9.103053E+01
6.90225000000E+05	1.432311E-03	8.597675E+01
6.92093750000E+05	1.098901E-03	8.538808E+01
6.93962500000E+05	1.263599E-03	8.889735E+01
6.95831250000E+05	1.289484E-03	9.210780E+01
6.97700000000E+05	1.330772E-03	9.688678E+01
6.99568750000E+05	1.229637E-03	9.122658E+01
7.01437500000E+05	1.455226E-03	9.376948E+01
7.03306250000E+05	1.216135E-03	8.794717E+01
7.05175000000E+05	1.290456E-03	9.397779E+01
7.07043750000E+05	1.389950E-03	9.469689E+01
7.08912500000E+05	1.311724E-03	9.387859E+01
7.10781250000E+05	1.439564E-03	9.733984E+01
7.12650000000E+05	1.199059E-03	9.261552E+01
7.14518750000E+05	1.335790E-03	9.843780E+01
7.16387500000E+05	1.399391E-03	9.212068E+01
7.18256250000E+05	1.313560E-03	9.268601E+01
7.20125000000E+05	1.322171E-03	9.746291E+01
7.21993750000E+05	1.322284E-03	1.013135E+02
7.23862500000E+05	1.414447E-03	8.941128E+01
7.25731250000E+05	1.243606E-03	9.219141E+01
7.27600000000E+05	1.331595E-03	8.927066E+01
7.29468750000E+05	1.235443E-03	9.084576E+01
7.31337500000E+05	1.109439E-03	9.782966E+01
7.33206250000E+05	1.258962E-03	9.197536E+01
7.35075000000E+05	1.283471E-03	9.333045E+01
7.36943750000E+05	1.228517E-03	1.013971E+02
7.38812500000E+05	1.429523E-03	9.566511E+01
7.40681250000E+05	1.315059E-03	9.070663E+01
7.42550000000E+05	1.405132E-03	9.311384E+01
7.44418750000E+05	1.431855E-03	9.408542E+01
7.46287500000E+05	1.391256E-03	8.556895E+01
7.48156250000E+05	1.508574E-03	9.774411E+01
7.50025000000E+05	1.304444E-03	9.142639E+01
7.51893750000E+05	1.372344E-03	9.701633E+01
7.53762500000E+05	1.442712E-03	9.157034E+01
7.55631250000E+05	1.299546E-03	8.838072E+01
7.57500000000E+05	1.565006E-03	9.020657E+01
7.59368750000E+05	1.359771E-03	9.287704E+01
7.61237500000E+05	1.413753E-03	9.437057E+01
7.63106250000E+05	1.318373E-03	9.491642E+01
7.64975000000E+05	1.538969E-03	8.831164E+01
7.66843750000E+05	1.305943E-03	9.314915E+01
7.68712500000E+05	1.340677E-03	9.244490E+01
7.70581250000E+05	1.520739E-03	9.633598E+01
7.72450000000E+05	1.564530E-03	9.361671E+01
7.74318750000E+05	1.444091E-03	9.568951E+01
7.76187500000E+05	1.439744E-03	9.240897E+01
7.78056250000E+05	1.329367E-03	9.016606E+01
7.79925000000E+05	1.502818E-03	9.092339E+01
7.81793750000E+05	1.376177E-03	1.033746E+02
7.83662500000E+05	1.406241E-03	9.217575E+01
7.85531250000E+05	1.381344E-03	9.057218E+01
7.87400000000E+05	1.484333E-03	9.484144E+01
7.89268750000E+05	1.510737E-03	9.420373E+01
7.91137500000E+05	1.456842E-03	9.479198E+01
7.93006250000E+05	1.423558E-03	8.728550E+01
7.94875000000E+05	1.511409E-03	9.100722E+01
7.96743750000E+05	1.392557E-03	9.586751E+01
7.98612500000E+05	1.545579E-03	9.806106E+01
8.00481250000E+05	1.507681E-03	8.878133E+01
8.02350000000E+05	1.521663E-03	9.117699E+01
8.04218750000E+05	1.284403E-03	8.778764E+01
8.06087500000E+05	1.596294E-03	9.011195E+01
8.07956250000E+05	1.476780E-03	9.456718E+01
8.09825000000E+05	1.355911E-03	9.376939E+01
8.11693750000E+05	1.393677E-03	9.396438E+01
8.13562500000E+05	1.498851E-03	1.008908E+02
8.15431250000E+05	1.388293E-03	8.848572E+01
8.17300000000E+05	1.600764E-03	8.835474E+01
8.19168750000E+05	1.525145E-03	9.658061E+01
8.21037500000E+05	1.452292E-03	9.488275E+01
8.22906250000E+05	1.453469E-03	9.826884E+01
8.24775000000E+05	1.325598E-03	8.717081E+01
8.26643750000E+05	1.485005E-03	9.545644E+01
8.28512500000E+05	1.575097E-03	8.690061E+01
8.30381250000E+05	1.466726E-03	9.443738E+01
8.32250000000E+05	1.380574E-03	8.979891E+01
8.34118750000E+05	1.440370E-03	9.236045E+01
8.35987500000E+05	1.536446E-03	8.976992E+01
8.37856250000E+05	1.592421E-03	9.275821E+01
8.39725000000E+05	1.389080E-03	9.350083E+01
8.41593750000E+05	1.499187E-03	9.351892E+01
8.43462500000E+05	1.510534E-03	8.993030E+01
8.45331250000E+05	1.395629E-03	8.861978E+01
8.47200000000E+05	1.704563E-03	9.859283E+01
8.49068750000E+05	1.405615E-03	8.778885E+01
8.50937500000E+05	1.323530E-03	8.943256E+01
8.52806250000E+05	1.612130E-03	9.223051E+01
8.54675000000E+05	1.512471E-03	9.457188E+01
8.56543750000E+05	1.594785E-03	9.594048E+01
8.58412500000E+05	1.588637E-03	9.575503E+01
8.60281250000E+05	1.633891E-03	9.346506E+01
8.62150000000E+05	1.547319E-03	9.583653E+01
8.64018750000E+05	1.547053E-03	9.448231E+01
8.65887500000E+05	1.649938E-03	9.258536E+01
8.67756250000E+05	1.491279E-03	9.156453E+01
8.69625000000E+05	1.452055E-03	9.226995E+01
8.71493750000E+05	1.536274E-03	9.212344E+01
8.73362500000E+05	1.474553E-03	9.519828E+01
8.75231250000E+05	1.504043E-03	9.411838E+01
8.77100000000E+05	1.449814E-03	9.864159E+01
8.78968750000E+05	1.449500E-03	9.257504E+01
8.80837500000E+05	1.485916E-03	9.345523E+01
8.82706250000E+05	1.695070E-03	9.066446E+01
8.84575000000E+05	1.667202E-03	9.257516E+01
8.86443750000E+05	1.661630E-03	9.386526E+01
8.88312500000E+05	1.736249E-03	9.452410E+01
8.90181250000E+05	1.587166E-03	9.360092E+01
8.92050000000E+05	1.640975E-03	9.147635E+01
8.93918750000E+05	1.580766E-03	8.917196E+01
8.95787500000E+05	1.615251E-03	9.794666E+01
8.97656250000E+05	1.463824E-03	8.872108E+01
8.99525000000E+05	1.570479E-03	9.810111E+01
9.01393750000E+05	1.651016E-03	9.081663E+01
9.03262500000E+05	1.734906E-03	9.252463E+01
9.05131250000E+05	1.719830E-03	9.162224E+01
9.07000000000E+05	1.479697E-03	9.537025E+01
9.08868750000E+05	1.583405E-03	9.964390E+01
9.10737500000E+05	1.592466E-03	9.828195E+01
9.12606250000E+05	1.641096E-03	9.353841E+01
9.14475000000E+05	1.668642E-03	9.063908E+01
9.16343750000E+05	1.808973E-03	9.655300E+01
9.18212500000E+05	1.741140E-03	9.125861E+01
9.20081250000E+05	1.725180E-03	9.109124E+01
9.21950000000E+05	1.553791E-03	9.631025E+01
9.23818750000E+05	1.541946E-03	9.183826E+01
9.25687500000E+05	1.531203E-03	9.719127E+01
9.27556250000E+05	1.774663E-03	9.072063E+01
9.29425000000E+05	1.695729E-03	8.912173E+01
9.31293750000E+05	1.785367E-03	9.460547E+01
9.33162500000E+05	1.785305E-03	8.643439E+01
9.35031250000E+05	1.564256E-03	9.062737E+01
9.36900000000E+05	1.553201E-03	9.490213E+01
9.38768750000E+05	1.748353E-03	9.037679E+01
9.40637500000E+05	1.583481E-03	9.165672E+01
9.42506250000E+05	1.725650E-03	9.711978E+01
9.44375000000E+05	1.610393E-03	1.002648E+02
9.46243750000E+05	1.634668E-03	9.172601E+01
9.48112500000E+05	1.724169E-03	9.451222E+01
9.49981250000E+05	1.649842E-03	9.254679E+01
9.51850000000E+05	1.703401E-03	9.247683E+01
9.53718750000E+05	1.676420E-03	9.522551E+01
9.55587500000E+05	1.702331E-03	9.567287E+01
9.57456250000E+05	1.695614E-03	9.487765E+01
9.59325000000E+05	1.743111E-03	9.206468E+01
9.61193750000E+05	1.828801E-03	9.413627E+01
9.63062500000E+05	1.810191E-03	9.446193E+01
9.64931250000E+05	1.891312E-03	9.460477E+01
9.66800000000E+05	1.828861E-03	9.254053E+01
9.68668750000E+05	1.683575E-03	9.104423E+01
9.70537500000E+05	1.833800E-03	8.573962E+01
9.72406250000E+05	1.793431E-03	9.210909E+01
9.74275000000E+05	1.621863E-03	8.695795E+01
9.76143750000E+05	1.862783E-03	9.475398E+01
9.78012500000E+05	1.716973E-03	9.567653E+01
9.79881250000E+05	1.885560E-03	9.374566E+01
9.81750000000E+05	1.760426E-03	9.394963E+01
9.83618750000E+05	1.762918E-03	9.277480E+01
9.85487500000E+05	1.708647E-03	9.663686E+01
9.87356250000E+05	1.841132E-03	9.455511E+01
9.89225000000E+05	1.671789E-03	9.309975E+01
9.91093750000E+05	1.930027E-03	9.388696E+01
9.92962500000E+05	1.889960E-03	9.717919E+01
9.94831250000E+05	1.762907E-03	9.365818E+01
9.96700000000E+05	1.711505E-03	9.505016E+01
9.98568750000E+05	1.919077E-03	9.315489E+01
1.00043750000E+06	1.677049E-03	9.256315E+01
1.00230625000E+06	1.932391E-03	9.071331E+01
1.00417500000E+06	1.895572E-03	9.028254E+01
1.00604375000E+06	1.844267E-03	9.120872E+01
1.00791250000E+06	1.897856E-03	8.984312E+01
1.00978125000E+06	1.794623E-03	9.307487E+01
1.01165000000E+06	1.636926E-03	9.662756E+01
1.01351875000E+06	1.852706E-03	9.509961E+01
1.01538750000E+06	1.863024E-03	9.711605E+01
1.01725625000E+06	1.905935E-03	9.298697E+01
1.01912500000E+06	1.796130E-03	9.987175E+01
1.02099375000E+06	1.832097E-03	9.764713E+01
1.02286250000E+06	1.880482E-03	9.354613E+01
1.02473125000E+06	1.949484E-03	9.304990E+01
1.02660000000E+06	1.766920E-03	9.539162E+01
1.02846875000E+06	1.967997E-03	9.533725E+01
1.03033750000E+06	1.826272E-03	8.961486E+01
1.03220625000E+06	1.967402E-03	9.115211E+01
1.03407500000E+06	1.814841E-03	9.216076E+01
1.03594375000E+06	1.953668E-03	9.376632E+01
1.03781250000E+06	1.782867E-03	9.257780E+01
1.03968125000E+06	1.912510E-03	9.067435E+01
1.04155000000E+06	1.719572E-03	9.686449E+01
1.04341875000E+06	1.680913E-03	9.482639E+01
1.04528750000E+06	2.019485E-03	8.904334E+01
1.04715625000E+06	2.007415E-03	9.176063E+01
1.04902500000E+06	1.846463E-03	9.530569E+01
1.05089375000E+06	1.908517E-03	9.760417E+01
1.05276250000E+06	1.963189E-03	9.710529E+01
1.05463125000E+06	2.062698E-03	9.197352E+01
1.05650000000E+06	1.707873E-03	9.510396E+01
1.05836875000E+06	1.999026E-03	9.243521E+01
1.06023750000E+06	1.889628E-03	9.314794E+01
1.06210625000E+06	1.856126E-03	9.738773E+01
1.06397500000E+06	1.810747E-03	9.031470E+01
1.06584375000E+06	1.922656E-03	9.254716E+01
1.06771250000E+06	2.126623E-03	9.560643E+01
1.06958125000E+06	1.846751E-03	9.649327E+01
1.07145000000E+06	1.887167E-03	1.006241E+02
1.07331875000E+06	1.963369E-03	9.452093E+01
1.07518750000E+06	2.003460E-03	9.136014E+01
1.07705625000E+06	1.955224E-03	9.373818E+01
1.07892500000E+06	1.939332E-03	9.302718E+01
1.08079375000E+06	1.963983E-03	8.990327E+01
1.08266250000E+06	1.999917E-03	9.109737E+01
1.08453125000E+06	1.996285E-03	9.697413E+01
1.08640000000E+06	1.835360E-03	9.586118E+01
1.08826875000E+06	1.923832E-03	9.416089E+01
1.09013750000E+06	1.940824E-03	9.669475E+01
1.09200625000E+06	2.111214E-03	9.622177E+01
1.09387500000E+06	1.918700E-03	9.277255E+01
1.09574375000E+06	1.756238E-03	9.039151E+01
1.09761250000E+06	2.003646E-03	9.678712E+01
1.09948125000E+06	1.977146E-03	9.346207E+01
1.10135000000E+06	1.980783E-03	9.798036E+01
1.10321875000E+06	1.948273E-03	9.498729E+01
1.10508750000E+06	1.941700E-03	9.876002E+01
1.10695625000E+06	1.998943E-03	9.871470E+01
1.10882500000E+06	1.988493E-03	9.184379E+01
1.11069375000E+06	2.012771E-03	9.533828E+01
1.11256250000E+06	2.053995E-03	9.107951E+01
1.11443125000E+06	1.800588E-03	9.097940E+01
1.11630000000E+06	1.887835E-03	9.337293E+01
1.11816875000E+06	1.949896E-03	9.980978E+01
1.12003750000E+06	2.005247E-03	9.593369E+01
1.12190625000E+06	2.127687E-03	9.431043E+01
1.12377500000E+06	1.993681E-03	8.956848E+01
1.12564375000E+06	2.118290E-03	9.757012E+01
1.12751250000E+06	2.037965E-03	9.433646E+01
1.12938125000E+06	2.067906E-03	9.275864E+01
1.13125000000E+06	1.979894E-03	9.609288E+01
1.13311875000E+06	1.998623E-03	9.593929E+01
1.13498750000E+06	2.112042E-03	9.386442E+01
1.13685625000E+06	2.098152E-03	9.438062E+01
1.13872500000E+06	2.024871E-03	9.025173E+01
1.14059375000E+06	2.217877E-03	9.362242E+01
1.14246250000E+06	1.995787E-03	9.592455E+01
1.14433125000E+06	2.038726E-03	9.121490E+01
1.14620000000E+06	1.952287E-03	1.004453E+02
1.14806875000E+06	2.006112E-03	9.488364E+01
1.14993750000E+06	2.086787E-03	9.345713E+01
1.15180625000E+06	1.994938E-03	9.901496E+01
1.15367500000E+06	1.993087E-03	9.932768E+01
1.15554375000E+06	1.914764E-03	9.316776E+01
1.15741250000E+06	2.062179E-03	9.604783E+01
1.15928125000E+06	1.912967E-03	9.612827E+01
1.16115000000E+06	2.237027E-03	9.422590E+01
1.16301875000E+06	2.045989E-03	9.019376E+01
1.16488750000E+06	2.028914E-03	9.511005E+01
1.16675625000E+06	2.032369E-03	9.184113E+01
1.16862500000E+06	2.016710E-03	9.248701E+01
1.17049375000E+06	2.053462E-03	9.175323E+01
1.17236250000E+06	2.007946E-03	9.604961E+01
1.17423125000E+06	1.841834E-03	9.791524E+01
1.17610000000E+06	2.019034E-03	9.416744E+01
1.17796875000E+06	2.292681E-03	9.620162E+01
1.17983750000E+06	2.057319E-03	9.819909E+01
1.18170625000E+06	2.078678E-03	9.195792E+01
1.18357500000E+06	2.134536E-03	9.669672E+01
1.18544375000E+06	2.158960E-03	9.013904E+01
1.18731250000E+06	2.080932E-03	9.072216E+01
1.18918125000E+06	2.108572E-03	9.326783E+01
1.19105000000E+06	2.059924E-03	8.999489E+01
1.19291875000E+06	2.203442E-03	9.381708E+01
1.19478750000E+06	2.041602E-03	9.208837E+01
1.19665625000E+06	2.079163E-03	9.358022E+01
1.19852500000E+06	2.220002E-03	9.125533E+01
1.20039375000E+06	2.108904E-03	9.237589E+01
1.20226250000E+06	1.925036E-03	9.085846E+01
1.20413125000E+06	2.287396E-03	9.944945E+01
1.20600000000E+06	2.158389E-03	9.226321E+01
1.20786875000E+06	1.973847E-03	9.724961E+01
1.20973750000E+06	2.067714E-03	9.497341E+01
1.21160625000E+06	2.073752E-03	9.583697E+01
1.21347500000E+06	2.070542E-03	1.001964E+02
1.21534375000E+06	2.173483E-03	9.577845E+01
1.21721250000E+06	2.059278E-03	9.438887E+01
1.21908125000E+06	2.112218E-03	9.763074E+01
1.22095000000E+06	2.245211E-03	9.693114E+01
1.22281875000E+06	2.073099E-03	9.528402E+01
1.22468750000E+06	2.110788E-03	9.845266E+01
1.22655625000E+06	2.058278E-03	9.477536E+01
1.22842500000E+06	2.179730E-03	9.713451E+01
1.23029375000E+06	2.162959E-03	9.703763E+01
1.23216250000E+06	2.309342E-03	9.288548E+01
1.23403125000E+06	2.308539E-03	9.466750E+01
1.23590000000E+06	2.143138E-03	9.841225E+01
1.23776875000E+06	2.265461E-03	9.330338E+01
1.23963750000E+06	2.230203E-03	9.660118E+01
1.24150625000E+06	2.111673E-03	9.151390E+01
1.24337500000E+06	2.329862E-03	9.385346E+01
1.24524375000E+06	2.133424E-03	9.826296E+01
1.24711250000E+06	2.244826E-03	9.141220E+01
1.24898125000E+06	2.249714E-03	9.307623E+01
1.25085000000E+06	2.344442E-03	9.551778E+01
1.25271875000E+06	2.219700E-03	9.705987E+01
1.25458750000E+06	2.123088E-03	9.477590E+01
1.25645625000E+06	2.298436E-03	9.331699E+01
1.25832500000E+06	2.251303E-03	9.404964E+01
1.26019375000E+06	2.167301E-03	9.450269E+01
1.26206250000E+06	2.090490E-03	9.388733E+01
1.26393125000E+06	2.230773E-03	9.111963E+01
1.26580000000E+06	2.161446E-03	9.671390E+01
1.26766875000E+06	2.167242E-03	9.540299E+01
1.26953750000E+06	2.113666E-03	9.364409E+01
1.27140625000E+06	2.275657E-03	9.405000E+01
1.27327500000E+06	2.154928E-03	9.055534E+01
1.27514375000E+06	2.115552E-03	9.773238E+01
1.27701250000E+06	2.220090E-03	9.555795E+01
1.27888125000E+06	2.310239E-03	9.610669E+01
1.28075000000E+06	2.250773E-03	9.696761E+01
1.28261875000E+06	2.126018E-03	9.483345E+01
1.28448750000E+06	1.991263E-03	9.775662E+01
1.28635625000E+06	2.420878E-03	9.660571E+01
1.28822500000E+06	2.276202E-03	9.460442E+01
1.29009375000E+06	2.174338E-03	9.532394E+01
1.29196250000E+06	2.426639E-03	9.820110E+01
1.29383125000E+06	2.285631E-03	9.417233E+01
1.29570000000E+06	2.271907E-03	9.605072E+01
1.29756875000E+06	2.338602E-03	1.005114E+02
1.29943750000E+06	2.160390E-03	9.671544E+01
1.30130625000E+06	2.205287E-03	9.765929E+01
1.30317500000E+06	2.321591E-03	9.446408E+01
1.30504375000E+06	2.302456E-03	9.427364E+01
1.30691250000E+06	2.358389E-03	9.589169E+01
1.30878125000E+06	2.310096E-03	9.534030E+01
1.31065000000E+06	2.298798E-03	9.568794E+01
1.31251875000E+06	2.166185E-03	9.769911E+01
1.31438750000E+06	2.390108E-03	9.477597E+01
1.31625625000E+06	2.320766E-03	1.009027E+02
1.31812500000E+06	2.153682E-03	9.177298E+01
1.31999375000E+06	2.062930E-03	9.238400E+01
1.32186250000E+06	2.366517E-03	9.508053E+01
1.32373125000E+06	2.424712E-03	9.351913E+01
1.32560000000E+06	2.415504E-03	9.550967E+01
1.32746875000E+06	2.392449E-03	9.764610E+01
1.32933750000E+06	2.347506E-03	9.440721E+01
1.33120625000E+06	2.363099E-03	9.505648E+01
1.33307500000E+06	2.395199E-03	9.173551E+01
1.33494375000E+06	2.263109E-03	9.573495E+01
1.33681250000E+06	2.257189E-03	9.082961E+01
1.33868125000E+06	2.382298E-03	9.856401E+01
1.34055000000E+06	2.280446E-03	9.599673E+01
1.34241875000E+06	2.269508E-03	9.518713E+01
1.34428750000E+06	2.305513E-03	9.650349E+01
1.34615625000E+06	2.378252E-03	9.913458E+01
1.34802500000E+06	2.139842E-03	9.463855E+01
1.34989375000E+06	2.320529E-03	1.001040E+02
1.35176250000E+06	2.446263E-03	9.622131E+01
1.35363125000E+06	2.365905E-03	9.135191E+01
1.35550000000E+06	2.414239E-03	9.469419E+01
1.35736875000E+06	2.474998E-03	9.671505E+01
1.35923750000E+06	2.372552E-03	9.754118E+01
1.36110625000E+06	2.366170E-03	9.811252E+01
1.36297500000E+06	2.287080E-03	9.504967E+01
1.36484375000E+06	2.364893E-03	9.446799E+01
1.36671250000E+06	2.627119E-03	9.122691E+01
1.36858125000E+06	2.166679E-03	9.538354E+01
1.37045000000E+06	2.260686E-03	9.454678E+01
1.37231875000E+06	2.385725E-03	9.649776E+01
1.37418750000E+06	2.488018E-03	9.552387E+01
1.37605625000E+06	2.265903E-03	9.863478E+01
1.37792500000E+06	2.105160E-03	9.693100E+01
1.37979375000E+06	2.426784E-03	9.507951E+01
1.38166250000E+06	2.268443E-03	9.493333E+01
1.38353125000E+06	2.351581E-03	9.820921E+01
1.38540000000E+06	2.481445E-03	9.534667E+01
1.38726875000E+06	2.404382E-03	9.937025E+01
1.38913750000E+06	2.518574E-03	9.389649E+01
1.39100625000E+06	2.320738E-03	9.508025E+01
1.39287500000E+06	2.349354E-03	9.418422E+01
1.39474375000E+06	2.461724E-03	9.524938E+01
1.39661250000E+06	2.581771E-03	9.515601E+01
1.39848125000E+06	2.442406E-03	9.820020E+01
1.40035000000E+06	2.376574E-03	9.622704E+01
1.40221875000E+06	2.368040E-03	9.416068E+01
1.40408750000E+06	2.469104E-03	9.787838E+01
1.40595625000E+06	2.567721E-03	9.438901E+01
1.40782500000E+06	2.471951E-03	9.769559E+01
1.40969375000E+06	2.287302E-03	9.854418E+01
1.41156250000E+06	2.424579E-03	9.446849E+01
1.41343125000E+06	2.518052E-03	9.584563E+01
1.41530000000E+06	2.378942E-03	9.428964E+01
1.41716875000E+06	2.483824E-03	9.644160E+01
1.41903750000E+06	2.507814E-03	9.488055E+01
1.42090625000E+06	2.564764E-03	9.490565E+01
1.42277500000E+06	2.392689E-03	9.697948E+01
1.42464375000E+06	2.447568E-03	9.389458E+01
1.42651250000E+06	2.474509E-03	9.609303E+01
1.42838125000E+06	2.561974E-03	9.541258E+01
1.43025000000E+06	2.566055E-03	9.565022E+01
1.43211875000E+06	2.457378E-03	9.486609E+01
1.43398750000E+06	2.526388E-03	9.503838E+01
1.43585625000E+06	2.495505E-03	9.668681E+01
1.43772500000E+06	2.524114E-03	9.859760E+01
1.43959375000E+06	2.409209E-03	9.811366E+01
1.44146250000E+06	2.365591E-03	9.364506E+01
1.44333125000E+06	2.466926E-03	9.615442E+01
1.44520000000E+06	2.251327E-03	9.278733E+01
1.44706875000E+06	2.453339E-03	9.663242E+01
1.44893750000E+06	2.450429E-03	9.339400E+01
1.45080625000E+06	2.632478E-03	9.421703E+01
1.45267500000E+06	2.456089E-03	9.198526E+01
1.45454375000E+06	2.473576E-03	9.782622E+01
1.45641250000E+06	2.584613E-03	9.680399E+01
1.45828125000E+06	2.509647E-03	9.315195E+01
1.46015000000E+06	2.683393E-03	9.792585E+01
1.46201875000E+06	2.306762E-03	9.249142E+01
1.46388750000E+06	2.646987E-03	9.600546E+01
1.46575625000E+06	2.668853E-03	9.575913E+01
1.46762500000E+06	2.604286E-03	9.722614E+01
1.46949375000E+06	2.462658E-03	9.331387E+01
1.47136250000E+06	2.447703E-03	9.254001E+01
1.47323125000E+06	2.372488E-03	9.515557E+01
1.47510000000E+06	2.767769E-03	9.513451E+01
1.47696875000E+06	2.470297E-03	9.615348E+01
1.47883750000E+06	2.747266E-03	9.717336E+01
1.48070625000E+06	2.487050E-03	9.295415E+01
1.48257500000E+06	2.387975E-03	9.939692E+01
1.48444375000E+06	2.506931E-03	9.451208E+01
1.48631250000E+06	2.407615E-03	9.502813E+01
1.48818125000E+06	2.615662E-03	9.897514E+01
1.49005000000E+06	2.400336E-03	9.436201E+01
1.49191875000E+06	2.474469E-03	9.764520E+01
1.49378750000E+06	2.599109E-03	9.775400E+01
1.49565625000E+06	2.572124E-03	9.612997E+01
1.49752500000E+06	2.545194E-03	9.434096E+01
1.49939375000E+06	2.481864E-03	9.473619E+01
1.50126250000E+06	2.498084E-03	9.444863E+01
1.50313125000E+06	2.547777E-03	9.668509E+01
1.50500000000E+06	2.537042E-03	9.846225E+01
1.50686875000E+06	2.584941E-03	9.741097E+01
1.50873750000E+06	2.530481E-03	9.490306E+01
1.51060625000E+06	2.613649E-03	9.509244E+01
1.51247500000E+06	2.508201E-03	9.565242E+01
1.51434375000E+06	2.625304E-03	9.365213E+01
1.51621250000E+06	2.536035E-03	9.667904E+01
1.51808125000E+06	2.461885E-03	9.829594E+01
1.51995000000E+06	2.657608E-03	9.616480E+01
1.52181875000E+06	2.673116E-03	9.789816E+01
1.52368750000E+06	2.595795E-03	9.563903E+01
1.52555625000E+06	2.612012E-03	9.382929E+01
1.52742500000E+06	2.605041E-03	9.588433E+01
1.52929375000E+06	2.434921E-03	9.819464E+01
1.53116250000E+06	2.613908E-03	9.753368E+01
1.53303125000E+06	2.517083E-03	9.727653E+01
1.53490000000E+06	2.485536E-03	9.257949E+01
1.53676875000E+06	2.540720E-03	9.533976E+01
1.53863750000E+06	2.495857E-03	9.466959E+01
1.54050625000E+06	2.473756E-03	9.350649E+01
1.54237500000E+06	2.519004E-03	9.599015E+01
1.54424375000E+06	2.638204E-03	9.296960E+01
1.54611250000E+06	2.540386E-03	9.397382E+01
1.54798125000E+06	2.512702E-03	9.615668E+01
1.54985000000E+06	2.742916E-03	9.402253E+01
1.55171875000E+06	2.638384E-03	9.809967E+01
1.55358750000E+06	2.521609E-03	9.606069E+01
1.55545625000E+06	2.465516E-03	1.013959E+02
1.55732500000E+06	2.785750E-03	9.673665E+01
1.55919375000E+06	2.620876E-03	9.551921E+01
1.56106250000E+06	2.629680E-03	9.799784E+01
1.56293125000E+06	2.472297E-03	9.591175E+01
1.56480000000E+06	2.439177E-03	9.501545E+01
1.56666875000E+06	2.521369E-03	9.491621E+01
1.56853750000E+06	2.557957E-03	9.879680E+01
1.57040625000E+06	2.609643E-03	9.188265E+01
1.57227500000E+06	2.530598E-03	9.745065E+01
1.57414375000E+06	2.740089E-03	9.661420E+01
1.57601250000E+06	2.495670E-03	1.002505E+02
1.57788125000E+06	2.377970E-03	9.687581E+01
1.57975000000E+06	2.684216E-03	9.618919E+01
1.58161875000E+06	2.677479E-03	9.456606E+01
1.58348750000E+06	2.711745E-03	1.000365E+02
1.58535625000E+06	2.434870E-03	9.648257E+01
1.58722500000E+06	2.751693E-03	9.541192E+01
1.58909375000E+06	2.710151E-03	9.604218E+01
1.59096250000E+06	2.714782E-03	9.733679E+01
1.59283125000E+06	2.475127E-03	9.782968E+01
1.59470000000E+06	2.732386E-03	9.946272E+01
1.59656875000E+06	2.610036E-03	9.876434E+01
1.59843750000E+06	2.532951E-03	9.494187E+01
1.60030625000E+06	2.755252E-03	9.757340E+01
1.60217500000E+06	2.654691E-03	9.641566E+01
1.60404375000E+06	2.527294E-03	1.002003E+02
1.60591250000E+06	2.695068E-03	9.863824E+01
1.60778125000E+06	2.603723E-03	1.007596E+02
1.60965000000E+06	2.699313E-03	9.808370E+01
1.61151875000E+06	2.624324E-03	9.910537E+01
1.61338750000E+06	2.770817E-03	9.833004E+01
1.61525625000E+06	2.638453E-03	9.642947E+01
1.61712500000E+06	2.590291E-03	9.571205E+01
1.61899375000E+06	2.652817E-03	9.266977E+01
1.62086250000E+06	2.597065E-03	9.801227E+01
1.62273125000E+06	2.735847E-03	9.495517E+01
1.62460000000E+06	2.603072E-03	1.002533E+02
1.62646875000E+06	2.541625E-03	9.648041E+01
1.62833750000E+06	2.617723E-03	9.593121E+01
1.63020625000E+06	2.508905E-03	9.892274E+01
1.63207500000E+06	2.680538E-03	9.778132E+01
1.63394375000E+06	2.597139E-03	9.662244E+01
1.63581250000E+06	2.653030E-03	9.854359E+01
1.63768125000E+06	2.651047E-03	9.451456E+01
1.63955000000E+06	2.775003E-03	9.482762E+01
1.64141875000E+06	2.694255E-03	9.612006E+01
1.64328750000E+06	2.692614E-03	9.702380E+01
1.64515625000E+06	2.662322E-03	9.789002E+01
1.64702500000E+06	2.740130E-03	9.733013E+01
1.64889375000E+06	2.684411E-03	9.808943E+01
1.65076250000E+06	2.666971E-03	1.008859E+02
1.65263125000E+06	2.700795E-03	1.011261E+02
1.65450000000E+06	2.646267E-03	9.755650E+01
1.65636875000E+06	2.617381E-03	9.715573E+01
1.65823750000E+06	2.762731E-03	1.010502E+02
1.66010625000E+06	2.673647E-03	9.852993E+01
1.66197500000E+06	2.685996E-03	9.558572E+01
1.66384375000E+06	2.604990E-03	9.677793E+01
1.66571250000E+06	2.710109E-03	1.013421E+02
1.66758125000E+06	2.731410E-03	9.747017E+01
1.66945000000E+06	2.628295E-03	9.980949E+01
1.67131875000E+06	2.673125E-03	9.866521E+01
1.67318750000E+06	2.627985E-03	9.595480E+01
1.67505625000E+06	2.846170E-03	9.813518E+01
1.67692500000E+06	2.689479E-03	9.709039E+01
1.67879375000E+06	2.616459E-03	9.675439E+01
1.68066250000E+06	2.758914E-03	1.011022E+02
1.68253125000E+06	2.694437E-03	9.855623E+01
1.68440000000E+06	2.718650E-03	9.501768E+01
1.68626875000E+06	2.776900E-03	1.024398E+02
1.68813750000E+06	2.708796E-03	1.012971E+02
1.69000625000E+06	2.676438E-03	9.978057E+01
1.69187500000E+06	2.825764E-03	9.842702E+01
1.69374375000E+06	2.793900E-03	9.553293E+01
1.69561250000E+06	2.742440E-03	9.771802E+01
1.69748125000E+06	2.821246E-03	1.012676E+02
1.69935000000E+06	2.728931E-03	1.004356E+02
1.70121875000E+06	2.509676E-03	1.007931E+02
1.70308750000E+06	2.729492E-03	1.030199E+02
1.70495625000E+06	2.705542E-03	1.022904E+02
1.70682500000E+06	2.534841E-03	1.023921E+02
1.70869375000E+06	2.915104E-03	1.037383E+02
1.71056250000E+06	2.784783E-03	9.859284E+01
1.71243125000E+06	2.719338E-03	1.014989E+02
1.71430000000E+06	2.789173E-03	9.706232E+01
1.71616875000E+06	2.669250E-03	1.022691E+02
1.71803750000E+06	2.881917E-03	1.004022E+02
1.71990625000E+06	2.559308E-03	9.977013E+01
1.72177500000E+06	2.769342E-03	1.003866E+02
1.72364375000E+06	2.626298E-03	1.010332E+02
1.72551250000E+06	2.831975E-03	1.019053E+02
1.72738125000E+06	2.760801E-03	1.027165E+02
1.72925000000E+06	2.575767E-03	1.013585E+02
1.73111875000E+06	2.662491E-03	9.887318E+01
1.73298750000E+06	2.677264E-03	1.023587E+02
1.73485625000E+06	2.876503E-03	9.952154E+01
1.73672500000E+06	2.553673E-03	1.000649E+02
1.73859375000E+06	2.772601E-03	9.800924E+01
1.74046250000E+06	2.653075E-03	1.014856E+02
1.74233125000E+06	2.630086E-03	1.025362E+02
1.74420000000E+06	2.638006E-03	1.007058E+02
1.74606875000E+06	2.739310E-03	1.029922E+02
1.74793750000E+06	2.611462E-03	1.024244E+02
1.74980625000E+06	2.646913E-03	1.043634E+02
1.75167500000E+06	2.558701E-03	1.032820E+02
1.75354375000E+06	2.687277E-03	1.015611E+02
1.75541250000E+06	2.660466E-03	1.022249E+02
1.75728125000E+06	2.625925E-03	1.037496E+02
1.75915000000E+06	2.667877E-03	1.037990E+02
1.76101875000E+06	2.710319E-03	1.014344E+02
1.76288750000E+06	2.883757E-03	1.008277E+02
1.76475625000E+06	2.853507E-03	1.022183E+02
1.76662500000E+06	2.782658E-03	1.033896E+02
1.76849375000E+06	2.742627E-03	1.026389E+02
1.77036250000E+06	2.685922E-03	1.015443E+02
1.77223125000E+06	2.898095E-03	1.040540E+02
1.77410000000E+06	2.689496E-03	1.039055E+02
1.77596875000E+06	2.620872E-03	1.027443E+02
1.77783750000E+06	2.656609E-03	1.028664E+02
1.77970625000E+06	2.705346E-03	1.055514E+02
1.78157500000E+06	2.829652E-03	1.056420E+02
1.78344375000E+06	2.784983E-03	1.026980E+02
1.78531250000E+06	2.810012E-03	1.050187E+02
1.78718125000E+06	2.933465E-03	1.031361E+02
1.78905000000E+06	2.796653E-03	1.044062E+02
1.79091875000E+06	2.838824E-03	1.063668E+02
1.79278750000E+06	2.739603E-03	1.082141E+02
1.79465625000E+06	2.869420E-03	1.083362E+02
1.79652500000E+06	2.809501E-03	1.088792E+02
1.79839375000E+06	2.877867E-03	1.069914E+02
1.80026250000E+06	2.924209E-03	1.056407E+02
1.80213125000E+06	3.029127E-03	1.072158E+02
1.80400000000E+06	3.056144E-03	1.076963E+02
1.80586875000E+06	2.937856E-03	1.078505E+02
1.80773750000E+06	2.963037E-03	1.039233E+02
1.80960625000E+06	3.115693E-03	1.050176E+02
1.81147500000E+06	3.149761E-03	1.074595E+02
1.81334375000E+06	3.094542E-03	1.066228E+02
1.81521250000E+06	3.092560E-03	1.062491E+02
1.81708125000E+06	3.133150E-03	1.100516E+02
1.81895000000E+06	3.130980E-03	1.068477E+02
1.82081875000E+06	3.255642E-03	1.075756E+02
1.82268750000E+06	2.952480E-03	1.073919E+02
1.82455625000E+06	3.060853E-03	1.125031E+02
1.82642500000E+06	3.030800E-03	1.067032E+02
1.82829375000E+06	3.246598E-03	1.084486E+02
1.83016250000E+06	3.036719E-03	1.042350E+02
1.83203125000E+06	3.108538E-03	1.069117E+02
1.83390000000E+06	3.260119E-03	1.052418E+02
1.83576875000E+06	3.256332E-03	1.072105E+02
1.83763750000E+06	3.004295E-03	1.040705E+02
1.83950625000E+06	3.085655E-03	1.129067E+02
1.84137500000E+06	3.115648E-03	1.072313E+02
1.84324375000E+06	3.322091E-03	1.055507E+02
1.84511250000E+06	3.083136E-03	1.015242E+02
1.84698125000E+06	3.334178E-03	1.128738E+02
1.84885000000E+06	3.282981E-03	1.105346E+02
1.85071875000E+06	3.484639E-03	1.033837E+02
1.85258750000E+06	3.318754E-03	1.012641E+02
1.85445625000E+06	3.392128E-03	1.042825E+02
1.85632500000E+06	3.440938E-03	1.058919E+02
1.85819375000E+06	3.377839E-03	1.070268E+02
1.86006250000E+06	3.384109E-03	1.044601E+02
1.86193125000E+06	3.446136E-03	1.051003E+02
1.86380000000E+06	3.271608E-03	1.054189E+02
1.86566875000E+06	3.393036E-03	1.045993E+02
1.86753750000E+06	3.361775E-03	1.024237E+02
1.86940625000E+06	3.355486E-03	1.047065E+02
1.87127500000E+06	3.470604E-03	1.038823E+02
1.87314375000E+06	3.405637E-03	1.069629E+02
1.87501250000E+06	3.280192E-03	1.023105E+02
1.87688125000E+06	3.458039E-03	1.070524E+02
1.87875000000E+06	3.246275E-03	1.032628E+02
1.88061875000E+06	3.349510E-03	1.023824E+02
1.88248750000E+06	3.317589E-03	1.054911E+02
1.88435625000E+06	3.443451E-03	1.036011E+02
1.88622500000E+06	3.253436E-03	1.030690E+02
1.88809375000E+06	3.428485E-03	1.032491E+02
1.88996250000E+06	3.366787E-03	1.031403E+02
1.89183125000E+06	3.441239E-03	1.031777E+02
1.89370000000E+06	3.425171E-03	1.037385E+02
1.89556875000E+06	3.322569E-03	1.033113E+02
1.89743750000E+06	3.295064E-03	1.005225E+02
1.89930625000E+06	3.508161E-03	1.014073E+02
1.90117500000E+06	3.446179E-03	1.025773E+02
1.90304375000E+06	3.442457E-03	1.010471E+02
1.90491250000E+06	3.335377E-03	1.041082E+02
1.90678125000E+06	3.527897E-03	1.013895E+02
1.90865000000E+06	3.438276E-03	1.012566E+02
1.91051875000E+06	3.497341E-03	1.005389E+02
1.91238750000E+06	3.453525E-03	1.024524E+02
1.91425625000E+06	3.417135E-03	1.031283E+02
1.91612500000E+06	3.450736E-03	1.034887E+02
1.91799375000E+06	3.534191E-03	1.031886E+02
1.91986250000E+06	3.459879E-03	1.049470E+02
1.92173125000E+06	3.448113E-03	1.024229E+02
1.92360000000E+06	3.362766E-03	1.043415E+02
1.92546875000E+06	3.371011E-03	1.025219E+02
1.92733750000E+06	3.449079E-03	1.030672E+02
1.92920625000E+06	3.469210E-03	9.944021E+01
1.93107500000E+06	3.395780E-03	1.025258E+02
1.93294375000E+06	3.300938E-03	1.003349E+02
1.93481250000E+06	3.525481E-03	1.027650E+02
1.93668125000E+06	3.456709E-03	1.017664E+02
1.93855000000E+06	3.437289E-03	1.026775E+02
1.94041875000E+06	3.475155E-03	1.000844E+02
1.94228750000E+06	3.555487E-03	1.008886E+02
1.94415625000E+06	3.533469E-03	1.007060E+02
1.94602500000E+06	3.448361E-03	1.008856E+02
1.94789375000E+06	3.442929E-03	1.008665E+02
1.94976250000E+06	3.484307E-03	1.000506E+02
1.95163125000E+06	3.413469E-03	1.025835E+02
1.95350000000E+06	3.408751E-03	1.003549E+02
1.95536875000E+06	3.443925E-03	9.969241E+01
1.95723750000E+06	3.380179E-03	1.017807E+02
1.95910625000E+06	3.527556E-03	1.013652E+02
1.96097500000E+06	3.447301E-03	1.022875E+02
1.96284375000E+06	3.443208E-03	1.015724E+02
1.96471250000E+06	3.470357E-03	1.009811E+02
1.96658125000E+06	3.357516E-03	1.008620E+02
1.96845000000E+06	3.411758E-03	1.008037E+02
1.97031875000E+06	3.521426E-03	1.042210E+02
1.97218750000E+06	3.562815E-03	1.031489E+02
1.97405625000E+06	3.501134E-03	9.807113E+01
1.97592500000E+06	3.506864E-03	1.008248E+02
1.97779375000E+06	3.371296E-03	1.016753E+02
1.97966250000E+06	3.513596E-03	9.784128E+01
1.98153125000E+06	3.480124E-03	1.019000E+02
1.98340000000E+06	3.457503E-03	9.963462E+01
1.98526875000E+06	3.471778E-03	1.020255E+02
1.98713750000E+06	3.584740E-03	1.007615E+02
1.98900625000E+06	3.392259E-03	1.003254E+02
1.99087500000E+06	3.384121E-03	1.019966E+02
1.99274375000E+06	3.435643E-03	9.969952E+01
1.99461250000E+06	3.594986E-03	1.011308E+02
1.99648125000E+06	3.586766E-03	9.831704E+01
1.99835000000E+06	3.433127E-03	1.002531E+02
2.00021875000E+06	3.405469E-03	9.952558E+01
2.00208750000E+06	3.347903E-03	1.016769E+02
2.00395625000E+06	3.234393E-03	1.016656E+02
2.00582500000E+06	3.590822E-03	9.827149E+01
2.00769375000E+06	3.625980E-03	1.022430E+02
2.00956250000E+06	3.632070E-03	9.938319E+01
2.01143125000E+06	3.497329E-03	9.918331E+01
2.01330000000E+06	3.438028E-03	1.028713E+02
2.01516875000E+06	3.101741E-03	9.885936E+01
2.01703750000E+06	3.754182E-03	1.033718E+02
2.01890625000E+06	3.601595E-03	9.897040E+01
2.02077500000E+06	3.438960E-03	1.022858E+02
2.02264375000E+06	3.413986E-03	9.931152E+01
2.02451250000E+06	3.529305E-03	1.017771E+02
2.02638125000E+06	3.565473E-03	1.002965E+02
2.02825000000E+06	3.347149E-03	1.010345E+02
2.03011875000E+06	3.385248E-03	1.019123E+02
2.03198750000E+06	3.338121E-03	9.546071E+01
2.03385625000E+06	3.424122E-03	1.008256E+02
2.03572500000E+06	3.526443E-03	1.017283E+02
2.03759375000E+06	3.526156E-03	1.004308E+02
2.03946250000E+06	3.368233E-03	9.858491E+01
2.04133125000E+06	3.607454E-03	9.997237E+01
2.04320000000E+06	3.604901E-03	9.848109E+01
2.04506875000E+06	3.500398E-03	9.933219E+01
2.04693750000E+06	3.608485E-03	9.973129E+01
2.04880625000E+06	3.536252E-03	1.017052E+02
2.05067500000E+06	3.475558E-03	1.008805E+02
2.05254375000E+06	3.544285E-03	1.011224E+02
2.05441250000E+06	3.566648E-03	9.894914E+01
2.05628125000E+06	3.540641E-03	9.967676E+01
2.05815000000E+06	3.371129E-03	1.015724E+02
2.06001875000E+06	3.628683E-03	9.945904E+01
2.06188750000E+06	3.509006E-03	1.009710E+02
2.06375625000E+06	3.677920E-03	9.952382E+01
2.06562500000E+06	3.492255E-03	9.964011E+01
2.06749375000E+06	3.624841E-03	1.028763E+02
2.06936250000E+06	3.521308E-03	1.003152E+02
2.07123125000E+06	3.575757E-03	1.029286E+02
2.07310000000E+06	3.506423E-03	1.005355E+02
2.07496875000E+06	3.486559E-03	9.994214E+01
2.07683750000E+06	3.604132E-03	1.000115E+02
2.07870625000E+06	3.653412E-03	1.019033E+02
2.08057500000E+06	3.574263E-03	1.007864E+02
2.08244375000E+06	3.525407E-03	9.975051E+01
2.08431250000E+06	3.438624E-03	9.974209E+01
2.08618125000E+06	3.559827E-03	1.017888E+02
2.08805000000E+06	3.406887E-03	9.934370E+01
2.08991875000E+06	3.544687E-03	9.790903E+01
2.09178750000E+06	3.667687E-03	1.002683E+02
2.09365625000E+06	3.439350E-03	1.003780E+02
2.09552500000E+06	3.535185E-03	1.000593E+02
2.09739375000E+06	3.451002E-03	9.859140E+01
2.09926250000E+06	3.674127E-03	1.029392E+02
2.10113125000E+06	3.549902E-03	9.907746E+01
2.10300000000E+06	3.491696E-03	1.002029E+02
2.10486875000E+06	3.587530E-03	1.005988E+02
2.10673750000E+06	3.687131E-03	1.002805E+02
2.10860625000E+06	3.556154E-03	1.006321E+02
2.11047500000E+06	3.611552E-03	1.004885E+02
2.11234375000E+06	3.533986E-03	1.024331E+02
2.11421250000E+06	3.581864E-03	1.005205E+02
2.11608125000E+06	3.447877E-03	1.004706E+02
2.11795000000E+06	3.498766E-03	1.009175E+02
2.11981875000E+06	3.640678E-03	1.002874E+02
2.12168750000E+06	3.569497E-03	1.029787E+02
2.12355625000E+06	3.557471E-03	1.007367E+02
2.12542500000E+06	3.477806E-03	1.017618E+02
2.12729375000E+06	3.641434E-03	1.004630E+02
2.12916250000E+06	3.615608E-03	1.008950E+02
2.13103125000E+06	3.561056E-03	1.023890E+02
2.13290000000E+06	3.492987E-03	1.026292E+02
2.13476875000E+06	3.610692E-03	1.025624E+02
2.13663750000E+06	3.565848E-03	1.007522E+02
2.13850625000E+06	3.444424E-03	1.013793E+02
2.14037500000E+06	3.639793E-03	9.899617E+01
2.14224375000E+06	3.492999E-03	1.011212E+02
2.14411250000E+06	3.607742E-03	1.001145E+02
2.14598125000E+06	3.444553E-03	1.011482E+02
2.14785000000E+06	3.539576E-03	1.004161E+02
2.14971875000E+06	3.468201E-03	1.004665E+02
2.15158750000E+06	3.551390E-03	1.008697E+02
2.15345625000E+06	3.606017E-03	9.949726E+01
2.15532500000E+06	3.545532E-03	9.983260E+01
2.15719375000E+06	3.640804E-03	9.924340E+01
2.15906250000E+06	3.570809E-03	1.016180E+02
2.16093125000E+06	3.588858E-03	1.011159E+02
2.16280000000E+06	3.545477E-03	9.863536E+01
2.16466875000E+06	3.648068E-03	9.992287E+01
2.16653750000E+06	3.492797E-03	9.997736E+01
2.16840625000E+06	3.679539E-03	1.004086E+02
2.17027500000E+06	3.524527E-03	1.010971E+02
2.17214375000E+06	3.570888E-03	1.004386E+02
2.17401250000E+06	3.596289E-03	1.008297E+02
2.17588125000E+06	3.495307E-03	9.994885E+01
2.17775000000E+06	3.400828E-03	1.017190E+02
2.17961875000E+06	3.871609E-03	9.966968E+01
2.18148750000E+06	3.689607E-03	1.005024E+02
2.18335625000E+06	3.586225E-03	1.007933E+02
2.18522500000E+06	3.628926E-03	1.003669E+02
2.18709375000E+06	3.505556E-03	9.897448E+01
2.18896250000E+06	3.534523E-03	1.014355E+02
2.19083125000E+06	3.688685E-03	1.004554E+02
2.19270000000E+06	3.561510E-03	1.001751E+02
2.19456875000E+06	3.644836E-03	1.015045E+02
2.19643750000E+06	3.588123E-03	1.009782E+02
2.19830625000E+06	3.439948E-03	9.858323E+01
2.20017500000E+06	3.737884E-03	9.897592E+01
2.20204375000E+06	3.663984E-03	1.013564E+02
2.20391250000E+06	3.586997E-03	9.827513E+01
2.20578125000E+06	3.773753E-03	1.018295E+02
2.20765000000E+06	3.669625E-03	9.984124E+01
2.20951875000E+06	3.586011E-03	9.986930E+01
2.21138750000E+06	3.778036E-03	9.951034E+01
2.21325625000E+06	3.373166E-03	1.002212E+02
2.21512500000E+06	3.664817E-03	1.040079E+02
2.21699375000E+06	3.701825E-03	9.846759E+01
2.21886250000E+06	3.602075E-03	9.936044E+01
2.22073125000E+06	3.664816E-03	1.016457E+02
2.22260000000E+06	3.525046E-03	1.020432E+02
2.22446875000E+06	3.582576E-03	1.014189E+02
2.22633750000E+06	3.388007E-03	1.041769E+02
2.22820625000E+06	3.595868E-03	9.687099E+01
2.23007500000E+06	3.678111E-03	9.943542E+01
2.23194375000E+06	3.430913E-03	9.625611E+01
2.23381250000E+06	3.896036E-03	1.006826E+02
2.23568125000E+06	3.793928E-03	1.019316E+02
2.23755000000E+06	3.591852E-03	1.025589E+02
2.23941875000E+06	3.754747E-03	1.004382E+02
2.24128750000E+06	3.751066E-03	1.021638E+02
2.24315625000E+06	3.577570E-03	9.983469E+01
2.24502500000E+06	3.621203E-03	1.013393E+02
2.24689375000E+06	3.794783E-03	1.005797E+02
2.24876250000E+06	3.460175E-03	9.956140E+01
2.25063125000E+06	3.596566E-03	1.008695E+02
2.25250000000E+06	3.617483E-03	9.923422E+01
2.25436875000E+06	3.831247E-03	1.010115E+02
2.25623750000E+06	3.774921E-03	1.021071E+02
2.25810625000E+06	3.553280E-03	1.016832E+02
2.25997500000E+06	3.792298E-03	1.012185E+02
2.26184375000E+06	3.801941E-03	9.957166E+01
2.26371250000E+06	3.454357E-03	1.024651E+02
2.26558125000E+06	3.577904E-03	1.002182E+02
2.26745000000E+06	3.676317E-03	1.018520E+02
2.26931875000E+06	3.727636E-03	1.012106E+02
2.27118750000E+06	3.743486E-03	1.008982E+02
2.27305625000E+06	3.655988E-03	9.999513E+01
2.27492500000E+06	3.465979E-03	1.008548E+02
2.27679375000E+06	3.815023E-03	1.012210E+02
2.27866250000E+06	3.685989E-03	9.956210E+01
2.28053125000E+06	3.621138E-03	1.023300E+02
2.28240000000E+06	3.629498E-03	1.010693E+02
2.28426875000E+06	3.489848E-03	1.007546E+02
2.28613750000E+06	3.729797E-03	1.016348E+02
2.28800625000E+06	3.567712E-03	1.023968E+02
2.28987500000E+06	3.696286E-03	1.002859E+02
2.29174375000E+06	3.582626E-03	1.005667E+02
2.29361250000E+06	3.534144E-03	1.025749E+02
2.29548125000E+06	3.730773E-03	1.008702E+02
2.29735000000E+06	3.537816E-03	1.015102E+02
2.29921875000E+06	3.664405E-03	1.015731E+02
2.30108750000E+06	3.670490E-03	1.009625E+02
2.30295625000E+06	3.524085E-03	1.014072E+02
2.30482500000E+06	3.544785E-03	9.993130E+01
2.30669375000E+06	3.628219E-03	1.002625E+02
2.30856250000E+06	3.726690E-03	1.005348E+02
2.31043125000E+06	3.652120E-03	1.024798E+02
2.31230000000E+06	3.645069E-03	1.015701E+02
2.31416875000E+06	3.619687E-03	1.031914E+02
2.31603750000E+06	3.579448E-03	1.013789E+02
2.31790625000E+06	3.640293E-03	1.005762E+02
2.31977500000E+06	3.569988E-03	1.007176E+02
2.32164375000E+06	3.600934E-03	9.986818E+01
2.32351250000E+06	3.747042E-03	1.028692E+02
2.32538125000E+06	3.760438E-03	1.022271E+02
2.32725000000E+06	3.595639E-03	1.029259E+02
2.32911875000E+06	3.661832E-03	1.022633E+02
2.33098750000E+06	3.607428E-03	1.035353E+02
2.33285625000E+06	3.700632E-03	1.026408E+02
2.33472500000E+06	3.567671E-03	1.016824E+02
2.33659375000E+06	3.699574E-03	1.010586E+02
2.33846250000E+06	3.651683E-03	1.036553E+02
2.34033125000E+06	3.751541E-03	1.022984E+02
2.34220000000E+06	3.688317E-03	1.025049E+02
2.34406875000E+06	3.782395E-03	1.007692E+02
2.34593750000E+06	3.670135E-03	1.011015E+02
2.34780625000E+06	3.720041E-03	1.018438E+02
2.34967500000E+06	3.746414E-03	1.016170E+02
2.35154375000E+06	3.690701E-03	1.011924E+02
2.35341250000E+06	3.782994E-03	1.027803E+02
2.35528125000E+06	3.713780E-03	1.043154E+02
2.35715000000E+06	3.545344E-03	1.010833E+02
2.35901875000E+06	3.711220E-03	1.035180E+02
2.36088750000E+06	3.757163E-03	1.031431E+02
2.36275625000E+06	3.725019E-03	1.034556E+02
2.36462500000E+06	3.694223E-03	1.021514E+02
2.36649375000E+06	3.656222E-03	1.034170E+02
2.36836250000E+06	3.714265E-03	1.017281E+02
2.37023125000E+06	3.704990E-03	1.017205E+02
2.37210000000E+06	3.660149E-03	1.021780E+02
2.37396875000E+06	3.757913E-03	1.010476E+02
2.37583750000E+06	3.735809E-03	1.022645E+02
2.37770625000E+06	3.618894E-03	1.020059E+02
2.37957500000E+06	3.719230E-03	1.025794E+02
2.38144375000E+06	3.667156E-03	1.024600E+02
2.38331250000E+06	3.788694E-03	1.018296E+02
2.38518125000E+06	3.822160E-03	1.022650E+02
2.38705000000E+06	3.745129E-03	1.020411E+02
2.38891875000E+06	3.733700E-03	1.036599E+02
2.39078750000E+06	3.569420E-03	1.018513E+02
2.39265625000E+06	3.687642E-03	1.016705E+02
2.39452500000E+06	3.789330E-03	1.037732E+02
2.39639375000E+06	3.632256E-03	1.028700E+02
2.39826250000E+06	3.743662E-03	1.030648E+02
2.40013125000E+06	3.826212E-03	1.014931E+02
2.40200000000E+06	3.829279E-03	1.033237E+02
2.40386875000E+06	3.733844E-03	1.028069E+02
2.40573750000E+06	3.856746E-03	1.023035E+02
2.40760625000E+06	3.753078E-03	1.032399E+02
2.40947500000E+06	3.670438E-03	1.006553E+02
2.41134375000E+06	3.754901E-03	1.031683E+02
2.41321250000E+06	3.905637E-03	1.031093E+02
2.41508125000E+06	3.838809E-03	1.042036E+02
2.41695000000E+06	3.667728E-03	1.035921E+02
2.41881875000E+06	3.677116E-03	1.042446E+02
2.42068750000E+06	3.712906E-03	1.012321E+02
2.42255625000E+06	3.972699E-03	1.022136E+02
2.42442500000E+06	3.775731E-03	1.035981E+02
2.42629375000E+06	3.741290E-03	1.015732E+02
2.42816250000E+06	3.836533E-03	1.044765E+02
2.43003125000E+06	3.869892E-03	1.043698E+02
2.43190000000E+06	3.641253E-03	1.032883E+02
2.43376875000E+06	3.809445E-03	1.018448E+02
2.43563750000E+06	3.739508E-03	1.061582E+02
2.43750625000E+06	3.923887E-03	1.024269E+02
2.43937500000E+06	3.662179E-03	1.004646E+02
2.44124375000E+06	3.649588E-03	1.023584E+02
2.44311250000E+06	3.937455E-03	1.043199E+02
2.44498125000E+06	3.892905E-03	9.983640E+01
2.44685000000E+06	3.787155E-03	1.009507E+02
2.44871875000E+06	3.589675E-03	9.819459E+01
2.45058750000E+06	3.857172E-03	1.030711E+02
2.45245625000E+06	3.464750E-03	1.014017E+02
2.45432500000E+06	3.887503E-03	1.038960E+02
2.45619375000E+06	3.763362E-03	1.068663E+02
2.45806250000E+06	3.731046E-03	1.042795E+02
2.45993125000E+06	3.708542E-03	1.037464E+02
2.46180000000E+06	3.841627E-03	1.016266E+02
2.46366875000E+06	3.931734E-03	1.018730E+02
2.46553750000E+06	3.722831E-03	1.037195E+02
2.46740625000E+06	3.823698E-03	1.018145E+02
2.46927500000E+06	3.702505E-03	1.049721E+02
2.47114375000E+06	3.663373E-03	1.028218E+02
2.47301250000E+06	3.628363E-03	1.019641E+02
2.47488125000E+06	3.838286E-03	1.022262E+02
2.47675000000E+06	3.557391E-03	1.003803E+02
2.47861875000E+06	3.843300E-03	1.034512E+02
2.48048750000E+06	3.828479E-03	1.051395E+02
2.48235625000E+06	3.827854E-03	1.013442E+02
2.48422500000E+06	3.762332E-03	1.032995E+02
2.48609375000E+06	3.569380E-03	1.008191E+02
2.48796250000E+06	3.799970E-03	1.018800E+02
2.48983125000E+06	3.874881E-03	1.046730E+02
2.49170000000E+06	3.954922E-03	1.018527E+02
2.49356875000E+06	3.686851E-03	1.035570E+02
2.49543750000E+06	3.834269E-03	1.039814E+02
2.49730625000E+06	3.578462E-03	1.068284E+02
2.49917500000E+06	3.909341E-03	1.048810E+02
2.50104375000E+06	4.049056E-03	1.030496E+02
2.50291250000E+06	3.872053E-03	1.053295E+02
2.50478125000E+06	3.965219E-03	1.052572E+02
2.50665000000E+06	3.707502E-03	1.037688E+02
2.50851875000E+06	3.785902E-03	1.034082E+02
2.51038750000E+06	3.818800E-03	1.038283E+02
2.51225625000E+06	3.795241E-03	1.026913E+02
2.51412500000E+06	3.788446E-03	1.017751E+02
2.51599375000E+06	3.943983E-03	1.057745E+02
2.51786250000E+06	3.856685E-03	1.054010E+02
2.51973125000E+06	3.706258E-03	1.046018E+02
2.52160000000E+06	3.731112E-03	1.059806E+02
2.52346875000E+06	4.033964E-03	1.049659E+02
2.52533750000E+06	3.713901E-03	1.027205E+02
2.52720625000E+06	3.789740E-03	1.027738E+02
2.52907500000E+06	3.858377E-03	1.052532E+02
2.53094375000E+06	3.762239E-03	1.044145E+02
2.53281250000E+06	3.786109E-03	1.039719E+02
2.53468125000E+06	3.906891E-03	1.023696E+02
2.53655000000E+06	3.880332E-03	1.046758E+02
2.53841875000E+06	3.826828E-03	1.039045E+02
2.54028750000E+06	3.820043E-03	1.045971E+02
2.54215625000E+06	3.718256E-03	1.039686E+02
2.54402500000E+06	3.904916E-03	1.037689E+02
2.54589375000E+06	3.888438E-03	1.058346E+02
2.54776250000E+06	3.882855E-03	1.040508E+02
2.54963125000E+06	3.870458E-03	1.062563E+02
2.55150000000E+06	3.816337E-03	1.039815E+02
2.55336875000E+06	3.879774E-03	1.035049E+02
2.55523750000E+06	3.811218E-03	1.030406E+02
2.55710625000E+06	3.923499E-03	1.034670E+02
2.55897500000E+06	3.694463E-03	1.020338E+02
2.56084375000E+06	3.919177E-03	1.051879E+02
2.56271250000E+06	3.851040E-03	1.045144E+02
2.56458125000E+06	3.771976E-03	1.051964E+02
2.56645000000E+06	3.781404E-03	1.057134E+02
2.56831875000E+06	3.759623E-03	1.050953E+02
2.57018750000E+06	3.848801E-03	1.045199E+02
2.57205625000E+06	3.789225E-03	1.038048E+02
2.57392500000E+06	3.796987E-03	1.047476E+02
2.57579375000E+06	3.900753E-03	1.040656E+02
2.57766250000E+06	3.935484E-03	1.023864E+02
2.57953125000E+06	3.845581E-03	1.048249E+02
2.58140000000E+06	3.877802E-03	1.042682E+02
2.58326875000E+06	3.950841E-03	1.029933E+02
2.58513750000E+06	3.828031E-03	1.061019E+02
2.58700625000E+06	3.860723E-03	1.038893E+02
2.58887500000E+06	3.834899E-03	1.050570E+02
2.59074375000E+06	3.843277E-03	1.029014E+02
2.59261250000E+06	3.831107E-03	1.053307E+02
2.59448125000E+06	3.824856E-03	1.065625E+02
2.59635000000E+06	3.845951E-03	1.032022E+02
2.59821875000E+06	3.892474E-03	1.044463E+02
2.60008750000E+06	3.881715E-03	1.056797E+02
2.60195625000E+06	3.793655E-03	1.042819E+02
2.60382500000E+06	3.896111E-03	1.041080E+02
2.60569375000E+06	3.803071E-03	1.059245E+02
2.60756250000E+06	3.932539E-03	1.057727E+02
2.60943125000E+06	3.832158E-03	1.056454E+02
2.61130000000E+06	3.890852E-03	1.042842E+02
2.61316875000E+06	3.890950E-03	1.041556E+02
2.61503750000E+06	3.892038E-03	1.028740E+02
2.61690625000E+06	3.697973E-03	1.040493E+02
2.61877500000E+06	3.896820E-03	1.070997E+02
2.62064375000E+06	3.900385E-03	1.043002E+02
2.62251250000E+06	3.922723E-03	1.046388E+02
2.62438125000E+06	3.988518E-03	1.034903E+02
2.62625000000E+06	3.714866E-03	1.049303E+02
2.62811875000E+06	3.887077E-03	1.056781E+02
2.62998750000E+06	3.943878E-03	1.061483E+02
2.63185625000E+06	3.890987E-03	1.057670E+02
2.63372500000E+06	3.812010E-03	1.047862E+02
2.63559375000E+06	3.857266E-03	1.058088E+02
2.63746250000E+06	4.001706E-03	1.051650E+02
2.63933125000E+06	3.871617E-03	1.041907E+02
2.64120000000E+06	3.833687E-03	1.057843E+02
2.64306875000E+06	3.992585E-03	1.052693E+02
2.64493750000E+06	3.899866E-03	1.054418E+02
2.64680625000E+06	3.932758E-03	1.033679E+02
2.64867500000E+06	3.875238E-03	1.043521E+02
2.65054375000E+06	3.915928E-03	1.047862E+02
2.65241250000E+06	3.888732E-03	1.049639E+02
2.65428125000E+06	3.840198E-03	1.055155E+02
2.65615000000E+06	3.959116E-03	1.060177E+02
2.65801875000E+06	3.960288E-03	1.062742E+02
2.65988750000E+06	3.936375E-03	1.051703E+02
2.66175625000E+06	3.850302E-03	1.043297E+02
2.66362500000E+06	3.868148E-03	1.049582E+02
2.66549375000E+06	3.920900E-03	1.050010E+02
2.66736250000E+06	3.919137E-03	1.052010E+02
2.66923125000E+06	3.878330E-03	1.055288E+02
2.67110000000E+06	4.008567E-03	1.045505E+02
2.67296875000E+06	3.979187E-03	1.057071E+02
2.67483750000E+06	3.935580E-03	1.058294E+02
2.67670625000E+06	3.968733E-03	1.059382E+02
2.67857500000E+06	3.887444E-03	1.057456E+02
2.68044375000E+06	3.925666E-03	1.063415E+02
2.68231250000E+06	3.930912E-03	1.062366E+02
2.68418125000E+06	3.936011E-03	1.061888E+02
2.68605000000E+06	4.040438E-03	1.059194E+02
2.68791875000E+06	3.928459E-03	1.055969E+02
2.68978750000E+06	3.986714E-03	1.056123E+02
2.69165625000E+06	4.019060E-03	1.063120E+02
2.69352500000E+06	3.888896E-03	1.047431E+02
2.69539375000E+06	3.994784E-03	1.060333E+02
2.69726250000E+06	3.960060E-03	1.051137E+02
2.69913125000E+06	4.007743E-03	1.056524E+02
2.70100000000E+06	3.861660E-03	1.057866E+02
2.70286875000E+06	3.860031E-03	1.054795E+02
2.70473750000E+06	4.058936E-03	1.048157E+02
2.70660625000E+06	4.014071E-03	1.077283E+02
2.70847500000E+06	3.901251E-03	1.072160E+02
2.71034375000E+06	4.020133E-03	1.055116E+02
2.71221250000E+06	4.037636E-03	1.061722E+02
2.71408125000E+06	3.916720E-03	1.078681E+02
2.71595000000E+06	3.952792E-03	1.088054E+02
2.71781875000E+06	4.047224E-03	1.064038E+02
2.71968750000E+06	3.968308E-03	1.058403E+02
2.72155625000E+06	4.066306E-03	1.064144E+02
2.72342500000E+06	3.944752E-03	1.044483E+02
2.72529375000E+06	3.899722E-03	1.064503E+02
2.72716250000E+06	3.995406E-03	1.081824E+02
2.72903125000E+06	4.008492E-03	1.046384E+02
2.73090000000E+06	3.906684E-03	1.082215E+02
2.73276875000E+06	3.922133E-03	1.062770E+02
2.73463750000E+06	4.217055E-03	1.061186E+02
2.73650625000E+06	4.026033E-03	1.043158E+02
2.73837500000E+06	4.015643E-03	1.074629E+02
2.74024375000E+06	3.913502E-03	1.054586E+02
2.74211250000E+06	4.165986E-03	1.053944E+02
2.74398125000E+06	3.812922E-03	1.059252E+02
2.74585000000E+06	4.017760E-03	1.074148E+02
2.74771875000E+06	4.005094E-03	1.074187E+02
2.74958750000E+06	3.651120E-03	1.038126E+02
2.75145625000E+06	3.897256E-03	1.073723E+02
2.75332500000E+06	3.688463E-03	1.042998E+02
2.75519375000E+06	3.968727E-03	1.068357E+02
2.75706250000E+06	4.243230E-03	1.047574E+02
2.75893125000E+06	4.301347E-03	1.025023E+02
2.76080000000E+06	4.014196E-03	1.090033E+02
2.76266875000E+06	3.924431E-03	1.053352E+02
2.76453750000E+06	3.868889E-03	1.075889E+02
2.76640625000E+06	4.128996E-03	1.082760E+02
2.76827500000E+06	3.916522E-03	1.077007E+02
2.77014375000E+06	3.989541E-03	1.079171E+02
2.77201250000E+06	3.986249E-03	1.085895E+02
2.77388125000E+06	3.998240E-03	1.060469E+02
2.77575000000E+06	3.982650E-03	1.062286E+02
2.77761875000E+06	3.892468E-03	1.077976E+02
2.77948750000E+06	3.870671E-03	1.117314E+02
2.78135625000E+06	3.948925E-03	1.034080E+02
2.78322500000E+06	4.470363E-03	1.036200E+02
2.78509375000E+06	4.033848E-03	1.091803E+02
2.78696250000E+06	4.014779E-03	1.071412E+02
2.78883125000E+06	4.077752E-03	1.058491E+02
2.79070000000E+06	4.026625E-03	1.068812E+02
2.79256875000E+06	4.029072E-03	1.103552E+02
2.79443750000E+06	4.114698E-03	1.079596E+02
2.79630625000E+06	4.010624E-03	1.065722E+02
2.79817500000E+06	3.767696E-03	1.063118E+02
2.80004375000E+06	3.970651E-03	1.072414E+02
2.80191250000E+06	3.872556E-03	1.096540E+02
2.80378125000E+06	3.949467E-03	1.087491E+02
2.80565000000E+06	4.093053E-03	1.060979E+02
2.80751875000E+06	4.193070E-03	1.068152E+02
2.80938750000E+06	3.868142E-03	1.068825E+02
2.81125625000E+06	3.865795E-03	1.048170E+02
2.81312500000E+06	3.931692E-03	1.062500E+02
2.81499375000E+06	4.035488E-03	1.070061E+02
2.81686250000E+06	4.006422E-03	1.083823E+02
2.81873125000E+06	4.145622E-03	1.081249E+02
2.82060000000E+06	4.073643E-03	1.065212E+02
2.82246875000E+06	4.053624E-03	1.072080E+02
2.82433750000E+06	4.135588E-03	1.077592E+02
2.82620625000E+06	4.120643E-03	1.071979E+02
2.82807500000E+06	3.995377E-03	1.066407E+02
2.82994375000E+06	4.149615E-03	1.079564E+02
2.83181250000E+06	3.976736E-03	1.059995E+02
2.83368125000E+06	3.910888E-03	1.079000E+02
2.83555000000E+06	4.164171E-03	1.091641E+02
2.83741875000E+06	4.014425E-03	1.083790E+02
2.83928750000E+06	4.079074E-03	1.070982E+02
2.84115625000E+06	4.098926E-03	1.073940E+02
2.84302500000E+06	4.180852E-03	1.093289E+02
2.84489375000E+06	4.029215E-03	1.089135E+02
2.84676250000E+06	4.045315E-03	1.106618E+02
2.84863125000E+06	4.157937E-03	1.064147E+02
2.85050000000E+06	4.056654E-03	1.086931E+02
2.85236875000E+06	3.978278E-03	1.071728E+02
2.85423750000E+06	4.081510E-03	1.067216E+02
2.85610625000E+06	4.114028E-03	1.096893E+02
2.85797500000E+06	4.112111E-03	1.079126E+02
2.85984375000E+06	4.048225E-03	1.083719E+02
2.86171250000E+06	4.009519E-03	1.082785E+02
2.86358125000E+06	4.002288E-03	1.082880E+02
2.86545000000E+06	4.084221E-03	1.078298E+02
2.86731875000E+06	4.061549E-03	1.076982E+02
2.86918750000E+06	4.118502E-03	1.087916E+02
2.87105625000E+06	4.085802E-03	1.076249E+02
2.87292500000E+06	4.086373E-03	1.087102E+02
2.87479375000E+06	4.154050E-03	1.082063E+02
2.87666250000E+06	4.039934E-03	1.062722E+02
2.87853125000E+06	4.018183E-03	1.090406E+02
2.88040000000E+06	4.080749E-03	1.071900E+02
2.88226875000E+06	4.008008E-03	1.076577E+02
2.88413750000E+06	3.958000E-03	1.082459E+02
2.88600625000E+06	4.109709E-03	1.100532E+02
2.88787500000E+06	4.001860E-03	1.071412E+02
2.88974375000E+06	4.161897E-03	1.084176E+02
2.89161250000E+06	4.065921E-03	1.081672E+02
2.89348125000E+06	4.121729E-03	1.085349E+02
2.89535000000E+06	4.053727E-03	1.067927E+02
2.89721875000E+06	4.055417E-03	1.089309E+02
2.89908750000E+06	4.026796E-03	1.065358E+02
2.90095625000E+06	4.047449E-03	1.087767E+02
2.90282500000E+06	3.919309E-03	1.098344E+02
2.90469375000E+06	4.121767E-03	1.074560E+02
2.90656250000E+06	4.028368E-03	1.069907E+02
2.90843125000E+06	4.074547E-03	1.065493E+02
2.91030000000E+06	4.122876E-03	1.073398E+02
2.91216875000E+06	4.058430E-03	1.086157E+02
2.91403750000E+06	4.059033E-03	1.084464E+02
2.91590625000E+06	4.066010E-03	1.098114E+02
2.91777500000E+06	4.116763E-03	1.078668E+02
2.91964375000E+06	4.012522E-03	1.073869E+02
2.92151250000E+06	4.052786E-03	1.109472E+02
2.92338125000E+06	3.938111E-03	1.070539E+02
2.92525000000E+06	4.105735E-03	1.075484E+02
2.92711875000E+06	4.194682E-03	1.065265E+02
2.92898750000E+06	4.095005E-03	1.085240E+02
2.93085625000E+06	4.054529E-03	1.077480E+02
2.93272500000E+06	4.094345E-03	1.094855E+02
2.93459375000E+06	4.124253E-03	1.065872E+02
2.93646250000E+06	4.057626E-03	1.089076E+02
2.93833125000E+06	4.076908E-03	1.090917E+02
2.94020000000E+06	4.019596E-03	1.095871E+02
2.94206875000E+06	3.957897E-03	1.081789E+02
2.94393750000E+06	4.136099E-03	1.079769E+02
2.94580625000E+06	4.109060E-03	1.077642E+02
2.94767500000E+06	3.935340E-03	1.090673E+02
2.94954375000E+06	4.029197E-03	1.086340E+02
2.95141250000E+06	4.010276E-03	1.093984E+02
2.95328125000E+06	4.016748E-03	1.096092E+02
2.95515000000E+06	4.065352E-03	1.084732E+02
2.95701875000E+06	3.980837E-03	1.096242E+02
2.95888750000E+06	4.085099E-03	1.081471E+02
2.96075625000E+06	4.056823E-03	1.086199E+02
2.96262500000E+06	4.074070E-03	1.080679E+02
2.96449375000E+06	4.059922E-03	1.095994E+02
2.96636250000E+06	4.102285E-03	1.070186E+02
2.96823125000E+06	4.140588E-03	1.084848E+02
2.97010000000E+06	4.170100E-03	1.090669E+02
2.97196875000E+06	4.032603E-03	1.089796E+02
2.97383750000E+06	4.119333E-03	1.094586E+02
2.97570625000E+06	4.110289E-03	1.093291E+02
2.97757500000E+06	4.147199E-03	1.092350E+02
2.97944375000E+06	4.058559E-03	1.078207E+02
2.98131250000E+06	4.066027E-03	1.106609E+02
2.98318125000E+06	4.126871E-03	1.088914E+02
2.98505000000E+06	4.096550E-03	1.092634E+02
2.98691875000E+06	4.062121E-03	1.092793E+02
2.98878750000E+06	4.127346E-03	1.091058E+02
2.99065625000E+06	4.011076E-03	1.105823E+02
2.99252500000E+06	4.106748E-03	1.096062E+02
2.99439375000E+06	4.029106E-03	1.089068E+02
2.99626250000E+06	4.098289E-03	1.090296E+02
2.99813125000E+06	4.103465E-03	1.098912E+02
3.00000000000E+06	4.084246E-03	1.095335E+02
