"E5100A REV3.14"
"DATE: Jul  1 2004"



"CHANNEL: 2"
"MEASURE TYPE: AR"
"FORMAT TYPE: LINMP"
"NUMBER of POINTS: 1601"
"SWEEP TIME:  3.458 s"
"SWEEP TYPE: LINF"
"SOURCE POWER: 0 dBm"
"IF BANDWIDTH: 500 Hz"

"Frequency"	"Main Array"	"Sub Array"
1.00000000000E+04	9.830882E-03	1.618140E+02
1.18687500000E+04	2.044201E-02	-1.337138E+02
1.37375000000E+04	1.082701E-02	1.673925E+02
1.56062500000E+04	7.750256E-03	1.473604E+02
1.74750000000E+04	8.080372E-04	-1.236561E+02
1.93437500000E+04	3.110000E-03	1.566538E+02
2.12125000000E+04	1.144178E-03	1.387331E+02
2.30812500000E+04	1.783753E-03	5.985722E+01
2.49500000000E+04	2.900979E-03	1.801436E+01
2.68187500000E+04	7.351316E-04	3.554161E+01
2.86875000000E+04	1.178192E-04	-1.601592E+02
3.05562500000E+04	8.822720E-04	4.642358E+01
3.24250000000E+04	2.032886E-04	-4.607507E+01
3.42937500000E+04	5.461806E-04	1.177129E+02
3.61625000000E+04	4.241600E-04	-5.786069E+01
3.80312500000E+04	7.488235E-04	2.667873E+00
3.99000000000E+04	4.283894E-04	1.639115E+02
4.17687500000E+04	4.452240E-04	4.046377E+01
4.36375000000E+04	1.492326E-04	3.113884E+01
4.55062500000E+04	8.010232E-04	-1.525891E+02
4.73750000000E+04	3.824972E-04	-5.443996E+01
4.92437500000E+04	1.650946E-03	2.058389E+01
5.11125000000E+04	1.137217E-03	-1.111348E+02
5.29812500000E+04	2.499487E-04	-1.023078E+02
5.48500000000E+04	4.016569E-04	7.110637E+01
5.67187500000E+04	3.280994E-04	1.047193E+02
5.85875000000E+04	4.925264E-04	9.595211E+01
6.04562500000E+04	3.186855E-04	-6.082027E+01
6.23250000000E+04	2.474859E-04	1.373102E+02
6.41937500000E+04	5.768131E-04	3.159393E+01
6.60625000000E+04	6.732203E-04	6.841648E+01
6.79312500000E+04	8.623288E-04	4.972230E+01
6.98000000000E+04	5.108753E-04	-1.366801E+02
7.16687500000E+04	2.917691E-04	1.208903E+02
7.35375000000E+04	2.343074E-04	8.797500E+01
7.54062500000E+04	6.815803E-04	4.634799E+01
7.72750000000E+04	3.174251E-04	1.327494E+02
7.91437500000E+04	2.209271E-04	-6.851375E+01
8.10125000000E+04	5.662290E-04	5.612117E+01
8.28812500000E+04	2.065507E-04	3.432221E+01
8.47500000000E+04	6.509080E-04	1.141571E+02
8.66187500000E+04	4.378551E-04	-5.511348E+00
8.84875000000E+04	4.836462E-04	-5.428282E+01
9.03562500000E+04	1.010829E-04	-7.096657E+01
9.22250000000E+04	3.455335E-04	7.186230E+01
9.40937500000E+04	3.657462E-04	1.266136E+02
9.59625000000E+04	2.956386E-04	7.675787E+01
9.78312500000E+04	2.235157E-04	1.133943E+02
9.97000000000E+04	1.901341E-04	7.385976E+01
1.01568750000E+05	5.443383E-04	1.557444E+02
1.03437500000E+05	5.065876E-04	1.295906E+02
1.05306250000E+05	1.171875E-03	6.717063E+01
1.07175000000E+05	7.147192E-04	6.812641E+01
1.09043750000E+05	2.688190E-04	-7.699261E+01
1.10912500000E+05	1.754217E-03	2.344260E+01
1.12781250000E+05	4.664883E-04	-8.309883E+00
1.14650000000E+05	2.708675E-04	1.216306E+02
1.16518750000E+05	1.456907E-04	6.427251E+01
1.18387500000E+05	3.350652E-04	7.543336E+01
1.20256250000E+05	4.790832E-04	1.117385E+02
1.22125000000E+05	2.382803E-04	3.589439E+01
1.23993750000E+05	4.561264E-04	-1.661158E+01
1.25862500000E+05	7.737342E-04	4.413952E+01
1.27731250000E+05	2.541632E-04	6.202130E+01
1.29600000000E+05	4.167963E-04	9.538578E+01
1.31468750000E+05	5.674678E-04	4.645144E+01
1.33337500000E+05	4.689195E-04	4.067377E+01
1.35206250000E+05	5.944524E-04	7.427952E+01
1.37075000000E+05	8.024515E-04	7.792558E+01
1.38943750000E+05	6.695160E-04	1.032112E+02
1.40812500000E+05	7.221110E-04	7.703584E+01
1.42681250000E+05	3.017548E-04	7.704277E+01
1.44550000000E+05	5.019776E-04	1.714901E+01
1.46418750000E+05	5.917707E-04	5.296771E+01
1.48287500000E+05	2.823578E-04	1.432716E+02
1.50156250000E+05	2.087667E-04	7.213741E+01
1.52025000000E+05	3.486712E-04	1.123839E+02
1.53893750000E+05	4.349175E-04	9.790118E+01
1.55762500000E+05	2.226149E-04	4.883056E+01
1.57631250000E+05	7.741813E-04	8.119733E+01
1.59500000000E+05	4.696462E-05	1.406986E+02
1.61368750000E+05	3.178611E-04	9.293544E+01
1.63237500000E+05	2.380557E-04	1.158732E+01
1.65106250000E+05	7.003819E-04	1.095454E+02
1.66975000000E+05	7.605903E-04	4.866556E+01
1.68843750000E+05	3.027942E-04	9.768974E+01
1.70712500000E+05	4.087497E-04	8.217180E+01
1.72581250000E+05	7.869315E-04	6.622507E+01
1.74450000000E+05	7.122697E-04	1.239702E+02
1.76318750000E+05	7.122674E-04	9.496542E+01
1.78187500000E+05	4.933652E-04	5.929895E+01
1.80056250000E+05	7.996176E-04	7.293283E+01
1.81925000000E+05	8.118740E-04	7.924834E+01
1.83793750000E+05	4.219193E-04	1.746038E+02
1.85662500000E+05	3.622564E-04	8.353033E+01
1.87531250000E+05	7.790367E-04	9.144331E+01
1.89400000000E+05	3.615784E-04	3.939573E+01
1.91268750000E+05	6.373060E-04	6.505507E+01
1.93137500000E+05	7.423467E-04	8.451887E+01
1.95006250000E+05	4.221065E-04	9.425256E+01
1.96875000000E+05	3.804624E-04	6.369272E+01
1.98743750000E+05	6.682866E-04	5.488260E+01
2.00612500000E+05	8.768394E-04	8.206806E+01
2.02481250000E+05	7.478844E-04	1.081671E+02
2.04350000000E+05	6.417313E-04	7.333685E+01
2.06218750000E+05	6.426431E-04	9.186595E+01
2.08087500000E+05	4.929047E-04	3.368000E+01
2.09956250000E+05	5.717564E-04	9.867128E+01
2.11825000000E+05	5.989557E-04	7.422494E+01
2.13693750000E+05	5.299873E-04	1.037402E+02
2.15562500000E+05	4.807095E-04	5.440682E+01
2.17431250000E+05	6.123524E-04	7.643533E+01
2.19300000000E+05	8.144167E-04	9.457455E+01
2.21168750000E+05	3.115959E-04	7.616801E+01
2.23037500000E+05	7.822043E-04	7.233917E+01
2.24906250000E+05	6.745995E-04	8.346567E+01
2.26775000000E+05	1.997172E-04	1.122803E+02
2.28643750000E+05	7.763117E-04	1.053366E+02
2.30512500000E+05	6.044113E-04	9.332442E+01
2.32381250000E+05	8.566040E-04	7.503761E+01
2.34250000000E+05	5.631141E-04	1.125177E+02
2.36118750000E+05	6.870404E-04	8.762270E+01
2.37987500000E+05	4.714368E-04	5.702847E+01
2.39856250000E+05	6.629509E-04	6.712354E+01
2.41725000000E+05	9.133252E-04	8.021063E+01
2.43593750000E+05	5.292890E-04	9.498122E+01
2.45462500000E+05	3.909421E-04	4.121888E+01
2.47331250000E+05	7.260158E-04	5.961637E+01
2.49200000000E+05	9.281501E-04	8.851054E+01
2.51068750000E+05	4.444543E-04	5.602318E+01
2.52937500000E+05	8.684149E-04	9.509361E+01
2.54806250000E+05	7.279117E-04	9.390824E+01
2.56675000000E+05	4.462688E-04	7.440965E+01
2.58543750000E+05	6.963201E-04	9.260609E+01
2.60412500000E+05	5.595397E-04	8.251744E+01
2.62281250000E+05	7.472147E-04	7.071250E+01
2.64150000000E+05	6.479050E-04	9.839484E+01
2.66018750000E+05	7.305582E-04	9.858871E+01
2.67887500000E+05	1.070330E-03	8.509658E+01
2.69756250000E+05	8.083418E-04	6.955424E+01
2.71625000000E+05	3.089409E-04	8.230685E+01
2.73493750000E+05	8.468937E-04	7.890726E+01
2.75362500000E+05	8.300992E-04	8.955769E+01
2.77231250000E+05	9.468106E-04	8.444454E+01
2.79100000000E+05	6.377038E-04	7.112937E+01
2.80968750000E+05	7.777096E-04	8.776394E+01
2.82837500000E+05	6.514283E-04	8.685089E+01
2.84706250000E+05	8.287799E-04	6.271539E+01
2.86575000000E+05	9.638558E-04	8.877499E+01
2.88443750000E+05	4.163285E-04	6.012190E+01
2.90312500000E+05	7.939464E-04	8.971495E+01
2.92181250000E+05	1.097948E-03	8.169559E+01
2.94050000000E+05	1.069341E-03	7.573042E+01
2.95918750000E+05	7.337094E-04	9.570473E+01
2.97787500000E+05	6.282265E-04	9.166963E+01
2.99656250000E+05	6.316371E-04	9.049843E+01
3.01525000000E+05	9.143854E-04	8.355173E+01
3.03393750000E+05	6.718474E-04	1.015376E+02
3.05262500000E+05	8.291206E-04	8.121770E+01
3.07131250000E+05	8.281635E-04	7.528656E+01
3.09000000000E+05	7.598178E-04	8.781548E+01
3.10868750000E+05	1.081096E-03	9.303174E+01
3.12737500000E+05	1.177912E-03	8.642680E+01
3.14606250000E+05	6.608739E-04	7.493733E+01
3.16475000000E+05	7.080970E-04	9.131772E+01
3.18343750000E+05	6.230611E-04	7.376089E+01
3.20212500000E+05	9.901781E-04	8.743106E+01
3.22081250000E+05	7.201828E-04	6.560659E+01
3.23950000000E+05	1.089204E-03	9.464548E+01
3.25818750000E+05	8.381050E-04	7.058978E+01
3.27687500000E+05	6.821434E-04	9.015394E+01
3.29556250000E+05	9.517400E-04	8.972154E+01
3.31425000000E+05	1.022511E-03	7.600351E+01
3.33293750000E+05	1.105114E-03	8.554124E+01
3.35162500000E+05	7.584296E-04	9.131129E+01
3.37031250000E+05	9.645296E-04	8.556578E+01
3.38900000000E+05	6.679142E-04	7.970635E+01
3.40768750000E+05	7.731323E-04	8.823583E+01
3.42637500000E+05	8.891868E-04	9.497474E+01
3.44506250000E+05	1.205186E-03	8.430733E+01
3.46375000000E+05	8.314226E-04	1.031351E+02
3.48243750000E+05	9.101825E-04	8.893977E+01
3.50112500000E+05	9.706537E-04	8.016102E+01
3.51981250000E+05	1.088193E-03	9.426195E+01
3.53850000000E+05	1.048137E-03	7.885381E+01
3.55718750000E+05	9.761595E-04	9.953303E+01
3.57587500000E+05	9.961792E-04	9.299504E+01
3.59456250000E+05	9.825986E-04	8.267339E+01
3.61325000000E+05	1.030291E-03	8.853606E+01
3.63193750000E+05	1.008039E-03	8.090046E+01
3.65062500000E+05	9.984951E-04	7.793062E+01
3.66931250000E+05	1.207898E-03	8.901645E+01
3.68800000000E+05	8.975511E-04	8.203693E+01
3.70668750000E+05	1.315907E-03	8.337383E+01
3.72537500000E+05	1.016694E-03	7.903059E+01
3.74406250000E+05	1.070062E-03	8.283685E+01
3.76275000000E+05	8.921446E-04	1.034826E+02
3.78143750000E+05	1.065446E-03	7.991622E+01
3.80012500000E+05	9.244162E-04	8.678429E+01
3.81881250000E+05	1.119128E-03	8.761519E+01
3.83750000000E+05	9.566048E-04	8.438179E+01
3.85618750000E+05	1.177568E-03	7.960465E+01
3.87487500000E+05	1.058098E-03	8.407972E+01
3.89356250000E+05	9.655638E-04	9.343214E+01
3.91225000000E+05	1.089606E-03	8.841403E+01
3.93093750000E+05	1.023631E-03	9.501183E+01
3.94962500000E+05	1.181316E-03	8.556977E+01
3.96831250000E+05	1.114301E-03	8.850768E+01
3.98700000000E+05	1.174774E-03	9.372240E+01
4.00568750000E+05	1.030459E-03	7.598689E+01
4.02437500000E+05	9.793141E-04	8.388034E+01
4.04306250000E+05	1.190700E-03	9.571283E+01
4.06175000000E+05	1.257365E-03	8.826615E+01
4.08043750000E+05	9.850903E-04	8.838551E+01
4.09912500000E+05	1.284741E-03	8.578126E+01
4.11781250000E+05	1.054313E-03	8.886639E+01
4.13650000000E+05	1.126376E-03	7.774030E+01
4.15518750000E+05	1.197175E-03	8.484539E+01
4.17387500000E+05	1.125422E-03	8.620843E+01
4.19256250000E+05	1.022069E-03	9.011501E+01
4.21125000000E+05	1.226912E-03	8.223709E+01
4.22993750000E+05	1.311396E-03	8.620210E+01
4.24862500000E+05	1.280253E-03	8.375156E+01
4.26731250000E+05	1.027737E-03	8.187795E+01
4.28600000000E+05	1.245127E-03	8.581396E+01
4.30468750000E+05	1.157484E-03	8.666735E+01
4.32337500000E+05	1.227672E-03	8.497247E+01
4.34206250000E+05	1.252931E-03	9.240413E+01
4.36075000000E+05	1.396757E-03	9.107384E+01
4.37943750000E+05	1.073551E-03	8.884251E+01
4.39812500000E+05	1.293391E-03	8.962911E+01
4.41681250000E+05	1.217788E-03	8.829009E+01
4.43550000000E+05	1.035465E-03	9.679890E+01
4.45418750000E+05	1.137658E-03	8.167735E+01
4.47287500000E+05	1.047960E-03	8.607187E+01
4.49156250000E+05	1.035031E-03	8.601690E+01
4.51025000000E+05	1.217056E-03	8.861805E+01
4.52893750000E+05	1.282365E-03	9.234695E+01
4.54762500000E+05	1.245699E-03	8.742971E+01
4.56631250000E+05	1.333889E-03	8.529472E+01
4.58500000000E+05	1.173679E-03	8.775079E+01
4.60368750000E+05	1.215619E-03	8.502221E+01
4.62237500000E+05	1.412039E-03	8.875370E+01
4.64106250000E+05	1.184564E-03	8.873817E+01
4.65975000000E+05	1.416617E-03	8.774117E+01
4.67843750000E+05	1.285874E-03	8.524376E+01
4.69712500000E+05	1.216618E-03	9.201197E+01
4.71581250000E+05	1.143149E-03	7.235295E+01
4.73450000000E+05	1.357206E-03	8.568546E+01
4.75318750000E+05	1.338813E-03	8.444136E+01
4.77187500000E+05	1.334137E-03	8.155991E+01
4.79056250000E+05	1.097021E-03	9.337040E+01
4.80925000000E+05	1.079562E-03	9.262409E+01
4.82793750000E+05	1.232153E-03	8.168221E+01
4.84662500000E+05	1.279403E-03	8.833463E+01
4.86531250000E+05	1.328779E-03	9.441370E+01
4.88400000000E+05	1.237047E-03	8.854041E+01
4.90268750000E+05	1.322388E-03	8.233996E+01
4.92137500000E+05	1.431908E-03	8.607993E+01
4.94006250000E+05	1.298695E-03	8.380527E+01
4.95875000000E+05	1.580854E-03	8.882465E+01
4.97743750000E+05	1.263237E-03	8.538481E+01
4.99612500000E+05	1.460017E-03	8.730711E+01
5.01481250000E+05	1.355308E-03	8.597334E+01
5.03350000000E+05	1.447940E-03	8.452783E+01
5.05218750000E+05	1.205022E-03	8.380678E+01
5.07087500000E+05	1.313892E-03	9.168404E+01
5.08956250000E+05	1.203862E-03	8.645096E+01
5.10825000000E+05	1.371967E-03	8.606532E+01
5.12693750000E+05	1.247125E-03	8.489632E+01
5.14562500000E+05	1.296844E-03	7.994135E+01
5.16431250000E+05	1.309184E-03	8.084277E+01
5.18300000000E+05	1.291642E-03	8.907236E+01
5.20168750000E+05	1.355632E-03	9.063734E+01
5.22037500000E+05	1.167959E-03	8.364114E+01
5.23906250000E+05	1.364568E-03	8.098843E+01
5.25775000000E+05	1.536722E-03	8.662936E+01
5.27643750000E+05	1.398264E-03	8.439520E+01
5.29512500000E+05	1.367728E-03	8.111086E+01
5.31381250000E+05	1.580238E-03	8.550934E+01
5.33250000000E+05	1.399551E-03	8.564168E+01
5.35118750000E+05	1.417171E-03	8.496931E+01
5.36987500000E+05	1.323801E-03	8.042791E+01
5.38856250000E+05	1.353084E-03	8.250088E+01
5.40725000000E+05	1.386923E-03	9.158140E+01
5.42593750000E+05	1.470166E-03	8.073792E+01
5.44462500000E+05	1.301763E-03	8.661610E+01
5.46331250000E+05	1.504583E-03	8.398292E+01
5.48200000000E+05	1.263628E-03	7.982081E+01
5.50068750000E+05	1.303051E-03	8.505251E+01
5.51937500000E+05	1.289377E-03	8.500809E+01
5.53806250000E+05	1.556390E-03	8.652700E+01
5.55675000000E+05	1.322969E-03	8.613020E+01
5.57543750000E+05	1.422375E-03	8.854040E+01
5.59412500000E+05	1.366435E-03	8.660246E+01
5.61281250000E+05	1.430114E-03	9.515425E+01
5.63150000000E+05	1.461409E-03	8.289070E+01
5.65018750000E+05	1.503031E-03	8.795114E+01
5.66887500000E+05	1.487875E-03	8.018836E+01
5.68756250000E+05	1.414802E-03	8.396759E+01
5.70625000000E+05	1.645782E-03	8.469186E+01
5.72493750000E+05	1.604902E-03	8.419035E+01
5.74362500000E+05	1.505764E-03	8.181831E+01
5.76231250000E+05	1.476790E-03	7.712071E+01
5.78100000000E+05	1.616286E-03	8.430192E+01
5.79968750000E+05	1.643439E-03	7.951141E+01
5.81837500000E+05	1.793056E-03	8.036749E+01
5.83706250000E+05	1.571541E-03	8.774809E+01
5.85575000000E+05	1.412211E-03	7.406456E+01
5.87443750000E+05	1.479227E-03	7.910718E+01
5.89312500000E+05	1.567441E-03	8.833700E+01
5.91181250000E+05	1.567457E-03	9.071128E+01
5.93050000000E+05	1.661177E-03	8.318765E+01
5.94918750000E+05	1.608540E-03	9.057137E+01
5.96787500000E+05	1.537540E-03	8.449191E+01
5.98656250000E+05	1.667602E-03	8.612651E+01
6.00525000000E+05	1.519083E-03	8.222330E+01
6.02393750000E+05	1.638855E-03	8.125979E+01
6.04262500000E+05	1.548844E-03	9.089696E+01
6.06131250000E+05	1.792593E-03	8.243446E+01
6.08000000000E+05	1.654638E-03	8.232983E+01
6.09868750000E+05	1.554514E-03	8.597413E+01
6.11737500000E+05	1.458388E-03	7.715677E+01
6.13606250000E+05	1.786697E-03	8.738944E+01
6.15475000000E+05	1.620758E-03	8.948546E+01
6.17343750000E+05	1.685624E-03	8.135822E+01
6.19212500000E+05	1.524821E-03	8.390768E+01
6.21081250000E+05	1.422076E-03	8.468250E+01
6.22950000000E+05	1.675948E-03	7.940395E+01
6.24818750000E+05	1.539338E-03	8.705936E+01
6.26687500000E+05	1.743814E-03	8.211020E+01
6.28556250000E+05	1.667167E-03	8.773386E+01
6.30425000000E+05	1.715465E-03	8.052808E+01
6.32293750000E+05	1.696472E-03	8.765430E+01
6.34162500000E+05	1.578059E-03	8.163705E+01
6.36031250000E+05	1.642462E-03	8.420728E+01
6.37900000000E+05	1.472921E-03	8.610554E+01
6.39768750000E+05	1.694880E-03	9.104733E+01
6.41637500000E+05	1.736549E-03	8.173421E+01
6.43506250000E+05	1.743590E-03	8.816858E+01
6.45375000000E+05	1.488725E-03	8.887791E+01
6.47243750000E+05	1.617236E-03	8.257034E+01
6.49112500000E+05	1.480568E-03	7.661349E+01
6.50981250000E+05	1.806681E-03	8.475726E+01
6.52850000000E+05	1.943456E-03	8.631499E+01
6.54718750000E+05	1.530137E-03	8.782951E+01
6.56587500000E+05	1.535083E-03	7.996685E+01
6.58456250000E+05	1.924603E-03	8.644626E+01
6.60325000000E+05	1.602091E-03	8.749793E+01
6.62193750000E+05	1.583964E-03	8.757491E+01
6.64062500000E+05	1.721445E-03	7.597637E+01
6.65931250000E+05	1.695625E-03	8.147674E+01
6.67800000000E+05	1.643878E-03	8.156785E+01
6.69668750000E+05	1.595641E-03	8.589271E+01
6.71537500000E+05	1.752022E-03	7.941442E+01
6.73406250000E+05	1.802622E-03	8.841949E+01
6.75275000000E+05	1.833268E-03	7.945446E+01
6.77143750000E+05	1.871729E-03	8.604695E+01
6.79012500000E+05	1.797089E-03	8.560632E+01
6.80881250000E+05	1.729186E-03	8.293848E+01
6.82750000000E+05	1.682682E-03	7.609767E+01
6.84618750000E+05	1.728648E-03	8.632249E+01
6.86487500000E+05	1.737020E-03	8.587039E+01
6.88356250000E+05	1.749399E-03	8.708078E+01
6.90225000000E+05	1.907869E-03	8.817922E+01
6.92093750000E+05	1.862755E-03	8.366680E+01
6.93962500000E+05	1.753012E-03	8.566621E+01
6.95831250000E+05	1.801701E-03	8.150700E+01
6.97700000000E+05	1.841394E-03	8.976412E+01
6.99568750000E+05	1.743106E-03	8.702283E+01
7.01437500000E+05	1.851730E-03	8.123106E+01
7.03306250000E+05	1.752325E-03	8.371494E+01
7.05175000000E+05	1.793031E-03	8.875868E+01
7.07043750000E+05	1.732260E-03	8.486395E+01
7.08912500000E+05	1.850404E-03	8.467866E+01
7.10781250000E+05	1.702821E-03	8.575935E+01
7.12650000000E+05	1.834419E-03	8.326507E+01
7.14518750000E+05	1.912243E-03	8.853470E+01
7.16387500000E+05	1.799810E-03	8.218738E+01
7.18256250000E+05	1.720768E-03	8.565813E+01
7.20125000000E+05	1.953977E-03	8.438142E+01
7.21993750000E+05	1.816145E-03	8.340359E+01
7.23862500000E+05	1.733954E-03	8.020204E+01
7.25731250000E+05	1.745206E-03	8.356874E+01
7.27600000000E+05	1.878070E-03	8.362285E+01
7.29468750000E+05	1.682238E-03	8.259007E+01
7.31337500000E+05	1.659215E-03	8.460487E+01
7.33206250000E+05	2.039948E-03	8.712221E+01
7.35075000000E+05	1.836156E-03	8.648011E+01
7.36943750000E+05	2.040937E-03	8.122417E+01
7.38812500000E+05	1.933572E-03	8.052438E+01
7.40681250000E+05	1.753698E-03	8.670401E+01
7.42550000000E+05	1.907139E-03	8.690258E+01
7.44418750000E+05	1.953780E-03	8.671796E+01
7.46287500000E+05	1.951887E-03	8.568559E+01
7.48156250000E+05	1.901081E-03	8.463738E+01
7.50025000000E+05	2.059783E-03	9.139535E+01
7.51893750000E+05	1.976897E-03	8.276582E+01
7.53762500000E+05	1.690807E-03	8.243231E+01
7.55631250000E+05	2.080428E-03	8.049419E+01
7.57500000000E+05	2.199640E-03	7.870086E+01
7.59368750000E+05	1.799511E-03	8.554071E+01
7.61237500000E+05	1.895240E-03	7.481292E+01
7.63106250000E+05	1.811072E-03	8.457069E+01
7.64975000000E+05	1.917701E-03	8.316196E+01
7.66843750000E+05	1.828140E-03	8.306440E+01
7.68712500000E+05	2.043991E-03	8.752966E+01
7.70581250000E+05	2.048115E-03	8.329319E+01
7.72450000000E+05	2.035121E-03	8.322773E+01
7.74318750000E+05	2.059459E-03	8.238126E+01
7.76187500000E+05	1.719248E-03	8.000471E+01
7.78056250000E+05	2.065569E-03	8.317380E+01
7.79925000000E+05	2.148764E-03	8.622646E+01
7.81793750000E+05	1.961500E-03	8.374854E+01
7.83662500000E+05	2.123163E-03	8.358608E+01
7.85531250000E+05	2.117626E-03	7.916577E+01
7.87400000000E+05	2.078250E-03	8.690260E+01
7.89268750000E+05	2.188599E-03	8.065916E+01
7.91137500000E+05	1.816260E-03	9.245412E+01
7.93006250000E+05	1.983376E-03	8.664909E+01
7.94875000000E+05	2.101935E-03	7.762666E+01
7.96743750000E+05	2.115308E-03	8.938578E+01
7.98612500000E+05	2.207210E-03	8.663750E+01
8.00481250000E+05	1.891374E-03	8.247504E+01
8.02350000000E+05	1.789703E-03	8.044702E+01
8.04218750000E+05	2.002786E-03	8.025163E+01
8.06087500000E+05	2.006162E-03	8.344527E+01
8.07956250000E+05	2.132055E-03	8.478243E+01
8.09825000000E+05	2.160296E-03	8.904916E+01
8.11693750000E+05	2.136829E-03	8.194326E+01
8.13562500000E+05	1.992218E-03	8.476825E+01
8.15431250000E+05	2.145797E-03	8.829428E+01
8.17300000000E+05	2.097916E-03	8.592511E+01
8.19168750000E+05	1.930420E-03	7.991098E+01
8.21037500000E+05	1.942756E-03	8.229017E+01
8.22906250000E+05	1.977606E-03	8.340873E+01
8.24775000000E+05	2.096588E-03	8.420373E+01
8.26643750000E+05	2.020748E-03	8.395227E+01
8.28512500000E+05	2.309466E-03	8.747778E+01
8.30381250000E+05	2.061897E-03	8.809570E+01
8.32250000000E+05	2.051340E-03	8.683704E+01
8.34118750000E+05	2.245493E-03	8.278951E+01
8.35987500000E+05	2.073863E-03	8.438178E+01
8.37856250000E+05	2.045207E-03	8.451954E+01
8.39725000000E+05	2.358990E-03	8.342601E+01
8.41593750000E+05	2.139931E-03	8.028149E+01
8.43462500000E+05	2.047936E-03	8.132178E+01
8.45331250000E+05	2.266449E-03	7.839304E+01
8.47200000000E+05	1.946099E-03	8.339062E+01
8.49068750000E+05	2.093062E-03	9.013193E+01
8.50937500000E+05	1.919760E-03	7.989924E+01
8.52806250000E+05	2.234488E-03	8.728901E+01
8.54675000000E+05	2.139116E-03	8.117321E+01
8.56543750000E+05	1.930862E-03	8.606709E+01
8.58412500000E+05	2.314212E-03	8.255122E+01
8.60281250000E+05	2.053374E-03	8.133587E+01
8.62150000000E+05	2.171256E-03	8.047387E+01
8.64018750000E+05	2.152117E-03	8.660110E+01
8.65887500000E+05	2.083324E-03	8.063811E+01
8.67756250000E+05	2.173193E-03	8.596927E+01
8.69625000000E+05	2.050482E-03	8.175619E+01
8.71493750000E+05	1.988716E-03	8.701982E+01
8.73362500000E+05	2.071517E-03	7.985741E+01
8.75231250000E+05	2.322398E-03	8.124583E+01
8.77100000000E+05	2.252876E-03	8.445203E+01
8.78968750000E+05	2.124984E-03	8.364258E+01
8.80837500000E+05	1.799992E-03	8.318284E+01
8.82706250000E+05	2.257726E-03	8.717809E+01
8.84575000000E+05	2.190531E-03	7.836393E+01
8.86443750000E+05	2.071966E-03	8.505319E+01
8.88312500000E+05	2.159204E-03	7.867261E+01
8.90181250000E+05	2.272718E-03	8.394583E+01
8.92050000000E+05	2.269952E-03	7.952684E+01
8.93918750000E+05	2.168081E-03	8.620925E+01
8.95787500000E+05	2.231847E-03	8.513203E+01
8.97656250000E+05	2.118764E-03	8.048619E+01
8.99525000000E+05	2.194112E-03	7.912831E+01
9.01393750000E+05	2.120587E-03	8.107089E+01
9.03262500000E+05	2.173029E-03	7.884245E+01
9.05131250000E+05	2.222967E-03	8.446021E+01
9.07000000000E+05	2.128138E-03	9.013600E+01
9.08868750000E+05	2.334754E-03	8.613486E+01
9.10737500000E+05	2.106912E-03	8.540973E+01
9.12606250000E+05	2.245934E-03	8.032681E+01
9.14475000000E+05	2.137394E-03	8.600845E+01
9.16343750000E+05	2.016093E-03	8.387967E+01
9.18212500000E+05	1.977551E-03	8.736269E+01
9.20081250000E+05	2.352876E-03	7.882664E+01
9.21950000000E+05	2.180154E-03	8.509193E+01
9.23818750000E+05	2.317639E-03	8.718505E+01
9.25687500000E+05	2.198831E-03	8.213953E+01
9.27556250000E+05	2.276563E-03	8.457807E+01
9.29425000000E+05	2.364326E-03	7.748906E+01
9.31293750000E+05	2.084936E-03	8.506116E+01
9.33162500000E+05	2.242518E-03	8.323663E+01
9.35031250000E+05	2.334866E-03	8.381927E+01
9.36900000000E+05	2.401906E-03	8.241280E+01
9.38768750000E+05	2.368181E-03	8.197501E+01
9.40637500000E+05	2.384585E-03	8.452686E+01
9.42506250000E+05	2.329171E-03	8.175349E+01
9.44375000000E+05	2.331723E-03	8.202187E+01
9.46243750000E+05	2.452500E-03	8.737288E+01
9.48112500000E+05	2.365355E-03	8.099718E+01
9.49981250000E+05	2.336215E-03	8.233362E+01
9.51850000000E+05	2.269670E-03	9.116620E+01
9.53718750000E+05	2.540259E-03	8.177265E+01
9.55587500000E+05	2.292060E-03	8.412132E+01
9.57456250000E+05	2.305225E-03	8.580817E+01
9.59325000000E+05	2.129605E-03	7.468250E+01
9.61193750000E+05	2.475613E-03	8.241774E+01
9.63062500000E+05	2.302285E-03	8.703322E+01
9.64931250000E+05	2.410985E-03	8.835561E+01
9.66800000000E+05	2.235141E-03	7.963877E+01
9.68668750000E+05	2.244521E-03	8.350947E+01
9.70537500000E+05	2.495771E-03	8.220794E+01
9.72406250000E+05	2.410509E-03	8.482558E+01
9.74275000000E+05	2.507858E-03	8.126973E+01
9.76143750000E+05	2.355005E-03	8.457996E+01
9.78012500000E+05	2.179263E-03	8.562579E+01
9.79881250000E+05	2.449272E-03	8.582691E+01
9.81750000000E+05	2.311671E-03	8.660341E+01
9.83618750000E+05	2.328277E-03	8.823191E+01
9.85487500000E+05	2.253764E-03	8.888717E+01
9.87356250000E+05	2.250971E-03	8.364194E+01
9.89225000000E+05	2.343440E-03	8.262485E+01
9.91093750000E+05	2.498513E-03	8.351662E+01
9.92962500000E+05	2.396186E-03	8.414693E+01
9.94831250000E+05	2.405852E-03	8.783230E+01
9.96700000000E+05	2.342805E-03	8.220902E+01
9.98568750000E+05	2.475820E-03	8.223925E+01
1.00043750000E+06	2.446431E-03	8.413725E+01
1.00230625000E+06	2.732750E-03	8.262000E+01
1.00417500000E+06	2.550083E-03	7.764157E+01
1.00604375000E+06	2.515297E-03	8.640153E+01
1.00791250000E+06	2.420146E-03	8.502329E+01
1.00978125000E+06	2.264020E-03	8.593394E+01
1.01165000000E+06	2.258531E-03	8.003235E+01
1.01351875000E+06	2.582858E-03	8.934086E+01
1.01538750000E+06	2.255884E-03	8.377418E+01
1.01725625000E+06	2.401280E-03	8.170081E+01
1.01912500000E+06	2.649064E-03	8.292311E+01
1.02099375000E+06	2.526034E-03	8.651575E+01
1.02286250000E+06	2.404688E-03	8.266262E+01
1.02473125000E+06	2.376293E-03	8.420762E+01
1.02660000000E+06	2.274090E-03	8.210196E+01
1.02846875000E+06	2.602147E-03	8.710553E+01
1.03033750000E+06	2.389458E-03	8.802290E+01
1.03220625000E+06	2.358978E-03	8.157028E+01
1.03407500000E+06	2.397477E-03	8.140155E+01
1.03594375000E+06	2.323245E-03	8.156142E+01
1.03781250000E+06	2.519609E-03	8.312386E+01
1.03968125000E+06	2.619127E-03	8.390287E+01
1.04155000000E+06	2.606379E-03	8.569669E+01
1.04341875000E+06	2.287283E-03	8.224509E+01
1.04528750000E+06	2.488671E-03	8.327872E+01
1.04715625000E+06	2.513485E-03	8.176723E+01
1.04902500000E+06	2.509138E-03	8.192432E+01
1.05089375000E+06	2.525536E-03	8.138052E+01
1.05276250000E+06	2.683444E-03	8.449641E+01
1.05463125000E+06	2.389010E-03	8.493404E+01
1.05650000000E+06	2.410054E-03	8.902979E+01
1.05836875000E+06	2.645765E-03	8.085858E+01
1.06023750000E+06	2.548946E-03	8.063818E+01
1.06210625000E+06	2.403920E-03	7.862112E+01
1.06397500000E+06	2.526845E-03	8.340860E+01
1.06584375000E+06	2.493136E-03	7.847092E+01
1.06771250000E+06	2.469069E-03	7.941345E+01
1.06958125000E+06	2.565334E-03	8.457150E+01
1.07145000000E+06	2.631778E-03	8.116218E+01
1.07331875000E+06	2.616666E-03	8.735023E+01
1.07518750000E+06	2.429242E-03	9.458501E+01
1.07705625000E+06	2.536772E-03	8.360842E+01
1.07892500000E+06	2.692894E-03	8.599129E+01
1.08079375000E+06	2.482920E-03	8.697141E+01
1.08266250000E+06	2.328100E-03	8.089162E+01
1.08453125000E+06	2.557025E-03	8.213822E+01
1.08640000000E+06	2.705078E-03	9.252477E+01
1.08826875000E+06	2.622074E-03	8.434940E+01
1.09013750000E+06	2.509278E-03	8.378304E+01
1.09200625000E+06	2.645005E-03	8.536939E+01
1.09387500000E+06	2.347565E-03	8.537214E+01
1.09574375000E+06	2.636038E-03	8.467287E+01
1.09761250000E+06	2.436116E-03	8.024874E+01
1.09948125000E+06	2.821384E-03	8.434389E+01
1.10135000000E+06	2.514989E-03	8.384965E+01
1.10321875000E+06	2.656370E-03	8.756004E+01
1.10508750000E+06	2.825065E-03	8.302570E+01
1.10695625000E+06	2.823810E-03	8.508547E+01
1.10882500000E+06	2.503296E-03	8.078005E+01
1.11069375000E+06	2.571901E-03	8.426933E+01
1.11256250000E+06	2.642669E-03	8.158638E+01
1.11443125000E+06	2.648566E-03	8.837524E+01
1.11630000000E+06	2.727221E-03	8.666295E+01
1.11816875000E+06	2.587451E-03	8.481275E+01
1.12003750000E+06	2.617033E-03	8.241125E+01
1.12190625000E+06	2.665332E-03	7.888927E+01
1.12377500000E+06	2.621080E-03	8.157716E+01
1.12564375000E+06	2.353364E-03	9.049142E+01
1.12751250000E+06	2.399441E-03	8.920483E+01
1.12938125000E+06	2.498903E-03	8.467377E+01
1.13125000000E+06	2.634258E-03	9.032513E+01
1.13311875000E+06	2.840698E-03	7.856651E+01
1.13498750000E+06	2.836998E-03	8.657700E+01
1.13685625000E+06	2.851546E-03	8.601194E+01
1.13872500000E+06	2.660614E-03	8.162071E+01
1.14059375000E+06	2.527262E-03	8.566273E+01
1.14246250000E+06	2.690667E-03	8.434465E+01
1.14433125000E+06	2.739410E-03	8.161371E+01
1.14620000000E+06	2.442216E-03	8.937234E+01
1.14806875000E+06	2.723566E-03	8.452538E+01
1.14993750000E+06	2.694407E-03	8.366390E+01
1.15180625000E+06	2.848655E-03	8.801242E+01
1.15367500000E+06	2.599821E-03	8.588500E+01
1.15554375000E+06	2.548520E-03	7.928858E+01
1.15741250000E+06	2.746477E-03	8.293763E+01
1.15928125000E+06	2.617902E-03	8.469370E+01
1.16115000000E+06	2.846959E-03	8.316055E+01
1.16301875000E+06	2.681951E-03	8.578152E+01
1.16488750000E+06	2.625495E-03	8.109293E+01
1.16675625000E+06	2.865426E-03	8.279614E+01
1.16862500000E+06	2.416135E-03	7.879338E+01
1.17049375000E+06	2.636001E-03	9.047168E+01
1.17236250000E+06	2.710100E-03	8.716898E+01
1.17423125000E+06	2.532645E-03	8.479536E+01
1.17610000000E+06	2.660829E-03	8.755414E+01
1.17796875000E+06	2.793339E-03	8.532526E+01
1.17983750000E+06	2.649706E-03	8.106331E+01
1.18170625000E+06	2.699694E-03	8.221254E+01
1.18357500000E+06	2.847841E-03	7.811793E+01
1.18544375000E+06	2.585205E-03	8.303500E+01
1.18731250000E+06	2.739937E-03	8.176166E+01
1.18918125000E+06	2.991273E-03	8.083820E+01
1.19105000000E+06	2.617104E-03	8.100387E+01
1.19291875000E+06	2.575343E-03	7.908528E+01
1.19478750000E+06	2.738316E-03	8.435215E+01
1.19665625000E+06	2.901849E-03	8.159205E+01
1.19852500000E+06	2.950612E-03	8.221198E+01
1.20039375000E+06	2.902950E-03	8.466349E+01
1.20226250000E+06	2.822142E-03	8.112522E+01
1.20413125000E+06	2.931266E-03	7.909329E+01
1.20600000000E+06	2.809971E-03	8.474529E+01
1.20786875000E+06	2.524942E-03	8.820983E+01
1.20973750000E+06	2.798010E-03	8.449133E+01
1.21160625000E+06	2.794880E-03	8.482427E+01
1.21347500000E+06	2.723759E-03	8.251227E+01
1.21534375000E+06	3.002092E-03	8.482645E+01
1.21721250000E+06	2.694752E-03	7.956823E+01
1.21908125000E+06	2.648395E-03	8.298103E+01
1.22095000000E+06	3.038780E-03	8.402290E+01
1.22281875000E+06	2.792337E-03	8.116432E+01
1.22468750000E+06	2.787057E-03	8.337560E+01
1.22655625000E+06	2.743026E-03	8.234904E+01
1.22842500000E+06	2.863284E-03	8.446896E+01
1.23029375000E+06	2.777796E-03	8.160713E+01
1.23216250000E+06	2.936122E-03	8.680728E+01
1.23403125000E+06	2.891905E-03	8.821626E+01
1.23590000000E+06	2.767040E-03	8.125760E+01
1.23776875000E+06	3.010156E-03	8.422501E+01
1.23963750000E+06	2.858985E-03	8.298885E+01
1.24150625000E+06	2.912883E-03	8.372816E+01
1.24337500000E+06	2.971185E-03	8.448457E+01
1.24524375000E+06	2.758841E-03	8.364084E+01
1.24711250000E+06	2.924332E-03	8.563354E+01
1.24898125000E+06	3.034643E-03	8.596066E+01
1.25085000000E+06	2.560140E-03	8.517416E+01
1.25271875000E+06	2.692097E-03	8.331310E+01
1.25458750000E+06	3.002101E-03	7.866010E+01
1.25645625000E+06	2.892236E-03	8.769499E+01
1.25832500000E+06	2.689945E-03	8.259207E+01
1.26019375000E+06	2.802763E-03	8.368848E+01
1.26206250000E+06	2.957684E-03	8.473592E+01
1.26393125000E+06	2.828297E-03	8.931765E+01
1.26580000000E+06	2.904963E-03	8.301794E+01
1.26766875000E+06	3.263943E-03	8.932047E+01
1.26953750000E+06	2.588935E-03	8.475604E+01
1.27140625000E+06	3.078799E-03	8.400073E+01
1.27327500000E+06	2.748533E-03	8.503691E+01
1.27514375000E+06	2.787054E-03	8.341754E+01
1.27701250000E+06	2.794343E-03	8.634457E+01
1.27888125000E+06	3.056562E-03	8.414761E+01
1.28075000000E+06	2.705600E-03	8.016628E+01
1.28261875000E+06	3.045900E-03	8.643182E+01
1.28448750000E+06	3.107327E-03	8.679230E+01
1.28635625000E+06	2.831460E-03	8.483943E+01
1.28822500000E+06	2.749654E-03	8.878131E+01
1.29009375000E+06	2.830634E-03	8.205077E+01
1.29196250000E+06	2.585370E-03	8.463750E+01
1.29383125000E+06	2.908434E-03	8.306227E+01
1.29570000000E+06	3.017378E-03	8.260153E+01
1.29756875000E+06	2.812948E-03	8.622095E+01
1.29943750000E+06	2.954746E-03	8.220997E+01
1.30130625000E+06	2.619985E-03	8.480882E+01
1.30317500000E+06	2.869158E-03	8.783038E+01
1.30504375000E+06	2.928559E-03	8.431152E+01
1.30691250000E+06	2.880514E-03	8.300329E+01
1.30878125000E+06	2.848000E-03	8.606206E+01
1.31065000000E+06	2.944756E-03	9.128860E+01
1.31251875000E+06	2.906980E-03	7.961981E+01
1.31438750000E+06	3.071839E-03	8.474480E+01
1.31625625000E+06	2.847006E-03	8.405760E+01
1.31812500000E+06	2.879884E-03	8.863289E+01
1.31999375000E+06	2.919760E-03	8.329543E+01
1.32186250000E+06	3.114833E-03	8.549446E+01
1.32373125000E+06	2.936242E-03	8.373616E+01
1.32560000000E+06	2.938317E-03	8.472865E+01
1.32746875000E+06	2.929266E-03	8.411711E+01
1.32933750000E+06	2.773721E-03	8.807960E+01
1.33120625000E+06	2.826832E-03	8.631001E+01
1.33307500000E+06	2.969905E-03	8.241303E+01
1.33494375000E+06	2.850570E-03	8.334976E+01
1.33681250000E+06	3.029385E-03	8.436479E+01
1.33868125000E+06	2.584471E-03	8.549170E+01
1.34055000000E+06	3.240587E-03	8.771062E+01
1.34241875000E+06	2.898684E-03	8.065885E+01
1.34428750000E+06	2.772060E-03	7.961813E+01
1.34615625000E+06	2.845503E-03	8.312103E+01
1.34802500000E+06	3.287582E-03	8.286696E+01
1.34989375000E+06	2.666250E-03	7.934714E+01
1.35176250000E+06	2.816661E-03	8.384319E+01
1.35363125000E+06	2.892132E-03	7.424998E+01
1.35550000000E+06	2.905667E-03	8.387364E+01
1.35736875000E+06	3.220064E-03	8.669442E+01
1.35923750000E+06	2.945472E-03	8.022842E+01
1.36110625000E+06	2.868407E-03	8.967849E+01
1.36297500000E+06	2.915227E-03	8.701013E+01
1.36484375000E+06	3.226860E-03	8.899515E+01
1.36671250000E+06	3.098348E-03	8.263008E+01
1.36858125000E+06	3.274301E-03	8.605461E+01
1.37045000000E+06	2.874989E-03	8.127473E+01
1.37231875000E+06	3.196375E-03	8.824267E+01
1.37418750000E+06	2.922951E-03	8.035700E+01
1.37605625000E+06	3.015372E-03	8.730024E+01
1.37792500000E+06	3.036490E-03	8.190479E+01
1.37979375000E+06	2.981639E-03	8.248831E+01
1.38166250000E+06	2.925934E-03	8.936378E+01
1.38353125000E+06	2.921322E-03	8.621587E+01
1.38540000000E+06	2.934793E-03	8.002568E+01
1.38726875000E+06	2.928917E-03	8.398054E+01
1.38913750000E+06	2.721006E-03	8.590491E+01
1.39100625000E+06	3.072190E-03	8.425869E+01
1.39287500000E+06	3.065043E-03	8.376846E+01
1.39474375000E+06	2.990846E-03	8.012295E+01
1.39661250000E+06	3.083034E-03	8.567094E+01
1.39848125000E+06	2.982202E-03	8.594427E+01
1.40035000000E+06	3.071930E-03	8.887546E+01
1.40221875000E+06	3.306385E-03	8.593233E+01
1.40408750000E+06	3.064170E-03	8.383542E+01
1.40595625000E+06	2.980581E-03	8.412379E+01
1.40782500000E+06	2.975262E-03	8.524980E+01
1.40969375000E+06	3.018814E-03	8.420290E+01
1.41156250000E+06	3.043791E-03	8.635466E+01
1.41343125000E+06	3.141218E-03	8.339163E+01
1.41530000000E+06	3.090283E-03	8.531852E+01
1.41716875000E+06	2.833863E-03	8.260172E+01
1.41903750000E+06	3.049974E-03	8.480123E+01
1.42090625000E+06	3.205548E-03	7.988677E+01
1.42277500000E+06	3.303857E-03	8.206128E+01
1.42464375000E+06	3.076155E-03	8.530444E+01
1.42651250000E+06	3.242014E-03	8.534532E+01
1.42838125000E+06	3.304740E-03	8.500146E+01
1.43025000000E+06	3.086716E-03	8.108582E+01
1.43211875000E+06	3.096069E-03	8.474915E+01
1.43398750000E+06	3.234313E-03	8.088747E+01
1.43585625000E+06	3.286101E-03	8.605685E+01
1.43772500000E+06	3.103757E-03	8.480773E+01
1.43959375000E+06	3.201471E-03	8.900011E+01
1.44146250000E+06	2.744655E-03	8.144299E+01
1.44333125000E+06	2.722583E-03	8.302682E+01
1.44520000000E+06	3.096630E-03	8.613870E+01
1.44706875000E+06	3.105887E-03	7.900650E+01
1.44893750000E+06	3.350309E-03	8.909540E+01
1.45080625000E+06	3.135730E-03	8.005372E+01
1.45267500000E+06	3.292560E-03	8.698478E+01
1.45454375000E+06	3.085469E-03	8.672131E+01
1.45641250000E+06	3.227022E-03	8.398052E+01
1.45828125000E+06	3.155881E-03	8.642220E+01
1.46015000000E+06	3.093827E-03	8.309244E+01
1.46201875000E+06	3.068863E-03	8.902692E+01
1.46388750000E+06	3.002244E-03	8.174628E+01
1.46575625000E+06	3.202115E-03	8.189129E+01
1.46762500000E+06	3.284804E-03	8.178761E+01
1.46949375000E+06	3.091088E-03	8.578467E+01
1.47136250000E+06	3.185480E-03	8.413239E+01
1.47323125000E+06	3.401475E-03	8.592446E+01
1.47510000000E+06	3.212875E-03	8.762283E+01
1.47696875000E+06	3.139868E-03	8.331873E+01
1.47883750000E+06	3.274181E-03	8.788667E+01
1.48070625000E+06	3.124244E-03	8.393452E+01
1.48257500000E+06	3.379121E-03	8.591695E+01
1.48444375000E+06	3.330243E-03	8.482620E+01
1.48631250000E+06	3.018494E-03	8.351612E+01
1.48818125000E+06	3.280036E-03	8.184426E+01
1.49005000000E+06	3.258652E-03	8.252107E+01
1.49191875000E+06	3.188737E-03	8.371982E+01
1.49378750000E+06	3.520132E-03	8.363094E+01
1.49565625000E+06	3.078268E-03	8.453716E+01
1.49752500000E+06	3.018370E-03	8.551895E+01
1.49939375000E+06	3.056069E-03	8.789095E+01
1.50126250000E+06	3.193001E-03	8.341471E+01
1.50313125000E+06	3.263459E-03	8.571178E+01
1.50500000000E+06	3.173747E-03	8.123124E+01
1.50686875000E+06	3.211173E-03	8.605556E+01
1.50873750000E+06	3.162034E-03	8.567171E+01
1.51060625000E+06	3.408688E-03	8.495150E+01
1.51247500000E+06	3.161098E-03	8.207327E+01
1.51434375000E+06	3.304034E-03	8.421713E+01
1.51621250000E+06	3.186086E-03	8.120566E+01
1.51808125000E+06	3.274904E-03	8.465744E+01
1.51995000000E+06	3.193152E-03	8.305006E+01
1.52181875000E+06	3.261040E-03	8.299501E+01
1.52368750000E+06	3.214231E-03	8.166595E+01
1.52555625000E+06	3.142435E-03	8.726004E+01
1.52742500000E+06	3.208504E-03	8.706995E+01
1.52929375000E+06	3.160231E-03	8.584451E+01
1.53116250000E+06	3.247422E-03	8.519425E+01
1.53303125000E+06	3.093451E-03	8.908734E+01
1.53490000000E+06	3.191171E-03	8.321328E+01
1.53676875000E+06	3.395970E-03	8.633347E+01
1.53863750000E+06	3.398319E-03	8.380011E+01
1.54050625000E+06	2.981110E-03	8.598846E+01
1.54237500000E+06	3.271881E-03	8.702672E+01
1.54424375000E+06	2.889561E-03	8.479305E+01
1.54611250000E+06	3.456377E-03	8.391634E+01
1.54798125000E+06	3.175344E-03	8.322293E+01
1.54985000000E+06	2.848930E-03	8.487416E+01
1.55171875000E+06	3.299729E-03	8.188055E+01
1.55358750000E+06	3.393120E-03	8.635699E+01
1.55545625000E+06	3.274646E-03	8.304996E+01
1.55732500000E+06	3.541605E-03	8.633273E+01
1.55919375000E+06	3.206815E-03	8.666652E+01
1.56106250000E+06	3.489725E-03	8.606548E+01
1.56293125000E+06	3.261269E-03	8.753470E+01
1.56480000000E+06	3.441035E-03	7.985331E+01
1.56666875000E+06	3.230853E-03	8.896144E+01
1.56853750000E+06	3.093486E-03	8.545368E+01
1.57040625000E+06	3.343923E-03	8.065791E+01
1.57227500000E+06	3.418462E-03	8.290622E+01
1.57414375000E+06	3.188708E-03	8.456843E+01
1.57601250000E+06	3.105840E-03	8.557889E+01
1.57788125000E+06	3.415570E-03	8.579167E+01
1.57975000000E+06	3.524683E-03	8.382432E+01
1.58161875000E+06	3.387870E-03	8.409249E+01
1.58348750000E+06	3.106493E-03	8.656659E+01
1.58535625000E+06	3.254064E-03	8.692563E+01
1.58722500000E+06	3.457611E-03	8.767358E+01
1.58909375000E+06	3.090339E-03	8.616882E+01
1.59096250000E+06	3.252830E-03	8.894104E+01
1.59283125000E+06	3.234344E-03	8.612326E+01
1.59470000000E+06	3.086191E-03	8.452103E+01
1.59656875000E+06	3.228954E-03	8.410410E+01
1.59843750000E+06	3.419849E-03	8.633446E+01
1.60030625000E+06	3.315354E-03	8.625737E+01
1.60217500000E+06	3.371600E-03	8.501384E+01
1.60404375000E+06	3.102867E-03	8.791243E+01
1.60591250000E+06	3.348370E-03	8.612218E+01
1.60778125000E+06	3.260586E-03	8.539011E+01
1.60965000000E+06	3.387942E-03	8.633418E+01
1.61151875000E+06	3.267912E-03	8.744833E+01
1.61338750000E+06	3.346334E-03	8.470551E+01
1.61525625000E+06	3.385805E-03	8.668163E+01
1.61712500000E+06	3.281448E-03	8.661495E+01
1.61899375000E+06	3.173925E-03	8.599062E+01
1.62086250000E+06	3.153318E-03	8.427715E+01
1.62273125000E+06	3.115277E-03	8.479497E+01
1.62460000000E+06	3.333732E-03	8.418295E+01
1.62646875000E+06	3.239064E-03	8.790630E+01
1.62833750000E+06	3.304419E-03	8.585382E+01
1.63020625000E+06	3.379592E-03	8.481895E+01
1.63207500000E+06	3.308906E-03	8.646641E+01
1.63394375000E+06	3.440996E-03	8.398662E+01
1.63581250000E+06	3.248780E-03	8.723260E+01
1.63768125000E+06	3.346171E-03	8.545573E+01
1.63955000000E+06	3.390992E-03	8.793204E+01
1.64141875000E+06	3.182216E-03	8.696685E+01
1.64328750000E+06	3.393680E-03	8.771880E+01
1.64515625000E+06	3.358644E-03	8.441812E+01
1.64702500000E+06	3.180513E-03	8.754564E+01
1.64889375000E+06	3.409898E-03	8.730768E+01
1.65076250000E+06	3.216444E-03	9.053239E+01
1.65263125000E+06	3.354058E-03	8.429185E+01
1.65450000000E+06	3.508224E-03	8.566272E+01
1.65636875000E+06	3.601927E-03	8.558434E+01
1.65823750000E+06	3.398390E-03	8.460609E+01
1.66010625000E+06	3.319889E-03	8.299391E+01
1.66197500000E+06	3.476869E-03	8.530721E+01
1.66384375000E+06	3.330615E-03	8.296684E+01
1.66571250000E+06	3.445478E-03	8.228471E+01
1.66758125000E+06	3.434174E-03	8.517735E+01
1.66945000000E+06	3.232090E-03	8.962288E+01
1.67131875000E+06	3.600840E-03	8.336445E+01
1.67318750000E+06	3.706064E-03	8.865988E+01
1.67505625000E+06	3.202548E-03	8.455361E+01
1.67692500000E+06	3.426351E-03	9.291713E+01
1.67879375000E+06	3.661571E-03	8.549599E+01
1.68066250000E+06	3.577740E-03	8.217200E+01
1.68253125000E+06	3.199392E-03	9.149010E+01
1.68440000000E+06	3.502571E-03	8.849632E+01
1.68626875000E+06	3.614579E-03	8.800993E+01
1.68813750000E+06	3.171519E-03	8.585519E+01
1.69000625000E+06	3.464634E-03	8.517205E+01
1.69187500000E+06	3.454404E-03	8.931173E+01
1.69374375000E+06	3.318632E-03	8.498694E+01
1.69561250000E+06	3.380138E-03	8.604682E+01
1.69748125000E+06	3.372697E-03	8.819257E+01
1.69935000000E+06	3.411729E-03	8.811219E+01
1.70121875000E+06	3.545919E-03	8.287191E+01
1.70308750000E+06	3.399152E-03	8.625183E+01
1.70495625000E+06	3.514547E-03	8.608208E+01
1.70682500000E+06	3.529933E-03	8.613403E+01
1.70869375000E+06	3.302740E-03	8.740382E+01
1.71056250000E+06	3.465157E-03	8.876169E+01
1.71243125000E+06	3.253415E-03	8.911377E+01
1.71430000000E+06	3.339066E-03	8.866260E+01
1.71616875000E+06	3.418131E-03	8.419752E+01
1.71803750000E+06	3.475133E-03	8.678556E+01
1.71990625000E+06	3.323783E-03	8.891819E+01
1.72177500000E+06	3.532570E-03	8.544038E+01
1.72364375000E+06	3.521065E-03	8.693732E+01
1.72551250000E+06	3.438146E-03	8.799834E+01
1.72738125000E+06	3.547104E-03	8.256931E+01
1.72925000000E+06	3.357704E-03	8.560986E+01
1.73111875000E+06	3.314430E-03	8.775796E+01
1.73298750000E+06	3.283136E-03	8.561931E+01
1.73485625000E+06	3.405111E-03	9.032433E+01
1.73672500000E+06	3.679413E-03	8.555180E+01
1.73859375000E+06	3.273057E-03	8.865793E+01
1.74046250000E+06	3.512563E-03	8.598578E+01
1.74233125000E+06	3.576206E-03	8.969444E+01
1.74420000000E+06	3.312375E-03	8.649937E+01
1.74606875000E+06	3.533928E-03	8.550422E+01
1.74793750000E+06	3.484652E-03	8.608426E+01
1.74980625000E+06	3.504508E-03	8.442620E+01
1.75167500000E+06	3.526626E-03	8.799910E+01
1.75354375000E+06	3.468821E-03	8.570260E+01
1.75541250000E+06	3.384820E-03	8.695638E+01
1.75728125000E+06	3.481188E-03	8.674165E+01
1.75915000000E+06	3.393375E-03	8.815446E+01
1.76101875000E+06	3.452034E-03	8.931971E+01
1.76288750000E+06	3.313621E-03	8.541716E+01
1.76475625000E+06	3.530534E-03	8.752593E+01
1.76662500000E+06	3.504184E-03	8.712682E+01
1.76849375000E+06	3.488844E-03	8.467281E+01
1.77036250000E+06	3.520658E-03	9.029484E+01
1.77223125000E+06	3.475731E-03	8.587540E+01
1.77410000000E+06	3.520513E-03	8.550465E+01
1.77596875000E+06	3.375280E-03	8.997318E+01
1.77783750000E+06	3.399770E-03	9.046033E+01
1.77970625000E+06	3.469873E-03	8.766346E+01
1.78157500000E+06	3.552504E-03	8.773866E+01
1.78344375000E+06	3.433803E-03	8.422591E+01
1.78531250000E+06	3.537597E-03	8.779790E+01
1.78718125000E+06	3.391210E-03	8.763710E+01
1.78905000000E+06	3.456111E-03	8.700980E+01
1.79091875000E+06	3.335272E-03	8.772598E+01
1.79278750000E+06	3.471512E-03	8.696708E+01
1.79465625000E+06	3.357236E-03	8.658562E+01
1.79652500000E+06	3.669443E-03	8.862228E+01
1.79839375000E+06	3.568241E-03	8.652483E+01
1.80026250000E+06	3.667733E-03	9.063262E+01
1.80213125000E+06	3.539854E-03	8.904702E+01
1.80400000000E+06	3.624835E-03	8.925199E+01
1.80586875000E+06	3.699927E-03	8.417053E+01
1.80773750000E+06	3.661167E-03	8.831287E+01
1.80960625000E+06	3.404898E-03	9.071868E+01
1.81147500000E+06	3.657331E-03	8.887252E+01
1.81334375000E+06	3.717256E-03	9.152118E+01
1.81521250000E+06	3.600132E-03	8.790412E+01
1.81708125000E+06	3.773434E-03	8.659563E+01
1.81895000000E+06	3.604128E-03	8.335297E+01
1.82081875000E+06	3.737804E-03	1.001814E+02
1.82268750000E+06	3.887849E-03	9.222115E+01
1.82455625000E+06	3.454117E-03	8.379345E+01
1.82642500000E+06	3.372196E-03	8.619442E+01
1.82829375000E+06	3.547665E-03	8.939116E+01
1.83016250000E+06	3.380389E-03	8.984859E+01
1.83203125000E+06	3.209217E-03	8.627666E+01
1.83390000000E+06	3.300171E-03	9.143251E+01
1.83576875000E+06	3.417641E-03	8.780299E+01
1.83763750000E+06	3.456390E-03	9.172273E+01
1.83950625000E+06	3.591349E-03	8.677007E+01
1.84137500000E+06	3.499448E-03	8.854720E+01
1.84324375000E+06	3.632894E-03	8.367024E+01
1.84511250000E+06	3.818562E-03	8.896225E+01
1.84698125000E+06	3.685913E-03	8.479755E+01
1.84885000000E+06	3.377312E-03	8.812650E+01
1.85071875000E+06	3.568668E-03	8.242886E+01
1.85258750000E+06	4.063178E-03	8.922985E+01
1.85445625000E+06	3.611262E-03	8.967294E+01
1.85632500000E+06	3.408866E-03	8.713676E+01
1.85819375000E+06	3.402350E-03	8.535056E+01
1.86006250000E+06	3.644965E-03	8.668037E+01
1.86193125000E+06	3.729968E-03	8.935715E+01
1.86380000000E+06	3.794895E-03	8.847411E+01
1.86566875000E+06	3.458815E-03	9.171541E+01
1.86753750000E+06	3.487943E-03	8.884393E+01
1.86940625000E+06	3.510302E-03	8.929692E+01
1.87127500000E+06	3.542324E-03	8.562621E+01
1.87314375000E+06	3.529772E-03	8.746288E+01
1.87501250000E+06	3.381031E-03	8.607113E+01
1.87688125000E+06	3.714551E-03	8.692706E+01
1.87875000000E+06	3.649400E-03	8.846371E+01
1.88061875000E+06	3.563883E-03	9.095705E+01
1.88248750000E+06	3.556389E-03	8.721836E+01
1.88435625000E+06	3.532580E-03	8.922633E+01
1.88622500000E+06	3.521963E-03	8.633579E+01
1.88809375000E+06	3.521341E-03	9.100388E+01
1.88996250000E+06	3.730248E-03	8.615968E+01
1.89183125000E+06	3.674669E-03	8.896848E+01
1.89370000000E+06	3.666823E-03	8.928928E+01
1.89556875000E+06	3.604289E-03	8.880310E+01
1.89743750000E+06	3.664683E-03	8.821611E+01
1.89930625000E+06	3.684884E-03	9.068134E+01
1.90117500000E+06	3.462677E-03	9.077053E+01
1.90304375000E+06	3.558849E-03	8.812886E+01
1.90491250000E+06	3.712071E-03	8.759376E+01
1.90678125000E+06	3.730908E-03	9.011662E+01
1.90865000000E+06	3.706151E-03	8.875624E+01
1.91051875000E+06	3.633877E-03	9.184403E+01
1.91238750000E+06	3.677342E-03	8.804391E+01
1.91425625000E+06	3.626168E-03	8.975938E+01
1.91612500000E+06	3.777880E-03	8.818922E+01
1.91799375000E+06	3.610456E-03	8.893164E+01
1.91986250000E+06	3.750271E-03	8.767580E+01
1.92173125000E+06	3.731259E-03	8.874606E+01
1.92360000000E+06	3.601459E-03	8.684205E+01
1.92546875000E+06	3.591699E-03	8.875802E+01
1.92733750000E+06	3.684473E-03	8.875239E+01
1.92920625000E+06	3.739543E-03	8.762804E+01
1.93107500000E+06	3.588349E-03	9.111568E+01
1.93294375000E+06	3.760036E-03	8.839103E+01
1.93481250000E+06	3.552258E-03	8.795772E+01
1.93668125000E+06	3.562122E-03	8.726122E+01
1.93855000000E+06	3.719419E-03	8.741354E+01
1.94041875000E+06	3.708752E-03	9.020993E+01
1.94228750000E+06	3.776332E-03	8.847673E+01
1.94415625000E+06	3.709440E-03	8.887895E+01
1.94602500000E+06	3.608598E-03	8.752323E+01
1.94789375000E+06	3.534918E-03	8.665217E+01
1.94976250000E+06	3.731740E-03	9.206187E+01
1.95163125000E+06	3.732411E-03	8.806949E+01
1.95350000000E+06	3.696051E-03	8.748989E+01
1.95536875000E+06	3.670394E-03	8.733788E+01
1.95723750000E+06	3.754635E-03	8.809797E+01
1.95910625000E+06	3.745136E-03	8.666207E+01
1.96097500000E+06	3.400583E-03	9.027333E+01
1.96284375000E+06	3.834764E-03	8.836826E+01
1.96471250000E+06	3.513423E-03	8.986821E+01
1.96658125000E+06	4.196012E-03	9.276849E+01
1.96845000000E+06	3.679544E-03	8.567417E+01
1.97031875000E+06	3.853223E-03	8.774179E+01
1.97218750000E+06	3.817742E-03	9.079573E+01
1.97405625000E+06	3.555690E-03	8.798109E+01
1.97592500000E+06	3.950276E-03	9.176927E+01
1.97779375000E+06	3.437156E-03	8.911239E+01
1.97966250000E+06	3.769982E-03	8.623686E+01
1.98153125000E+06	3.724463E-03	9.017971E+01
1.98340000000E+06	3.533483E-03	8.424950E+01
1.98526875000E+06	3.605654E-03	9.153063E+01
1.98713750000E+06	3.634239E-03	8.539523E+01
1.98900625000E+06	3.703686E-03	8.741112E+01
1.99087500000E+06	3.443580E-03	8.524896E+01
1.99274375000E+06	3.508596E-03	9.496347E+01
1.99461250000E+06	3.630723E-03	9.510268E+01
1.99648125000E+06	3.691657E-03	9.235173E+01
1.99835000000E+06	3.885058E-03	9.092332E+01
2.00021875000E+06	3.582862E-03	8.950529E+01
2.00208750000E+06	3.637676E-03	8.988113E+01
2.00395625000E+06	3.649885E-03	9.060104E+01
2.00582500000E+06	3.890586E-03	8.618081E+01
2.00769375000E+06	3.740596E-03	8.987663E+01
2.00956250000E+06	3.616672E-03	8.850234E+01
2.01143125000E+06	3.616506E-03	8.921777E+01
2.01330000000E+06	3.416398E-03	9.242966E+01
2.01516875000E+06	3.628471E-03	9.535433E+01
2.01703750000E+06	3.716218E-03	9.190810E+01
2.01890625000E+06	3.737570E-03	8.818312E+01
2.02077500000E+06	3.485576E-03	8.871831E+01
2.02264375000E+06	3.734989E-03	9.085041E+01
2.02451250000E+06	3.703165E-03	8.826481E+01
2.02638125000E+06	3.853161E-03	9.127908E+01
2.02825000000E+06	3.634879E-03	8.994518E+01
2.03011875000E+06	3.656826E-03	9.301376E+01
2.03198750000E+06	3.808835E-03	9.028465E+01
2.03385625000E+06	3.562473E-03	9.144648E+01
2.03572500000E+06	3.818515E-03	8.962021E+01
2.03759375000E+06	3.735162E-03	9.087415E+01
2.03946250000E+06	3.719433E-03	9.156700E+01
2.04133125000E+06	3.890803E-03	8.825076E+01
2.04320000000E+06	3.703367E-03	8.884967E+01
2.04506875000E+06	3.988822E-03	9.099771E+01
2.04693750000E+06	3.825097E-03	8.918805E+01
2.04880625000E+06	3.580861E-03	9.120557E+01
2.05067500000E+06	3.891404E-03	9.158814E+01
2.05254375000E+06	3.780104E-03	8.909518E+01
2.05441250000E+06	3.800848E-03	9.208174E+01
2.05628125000E+06	3.689453E-03	9.121099E+01
2.05815000000E+06	3.839890E-03	9.120333E+01
2.06001875000E+06	3.772523E-03	9.194218E+01
2.06188750000E+06	3.766963E-03	8.968910E+01
2.06375625000E+06	3.910660E-03	8.885542E+01
2.06562500000E+06	3.787623E-03	8.973666E+01
2.06749375000E+06	3.780651E-03	8.946236E+01
2.06936250000E+06	3.708384E-03	8.920980E+01
2.07123125000E+06	3.841471E-03	8.914591E+01
2.07310000000E+06	4.053778E-03	8.956611E+01
2.07496875000E+06	3.970062E-03	8.913880E+01
2.07683750000E+06	3.829692E-03	8.971854E+01
2.07870625000E+06	3.609309E-03	8.881288E+01
2.08057500000E+06	3.946313E-03	8.984220E+01
2.08244375000E+06	3.886660E-03	9.029964E+01
2.08431250000E+06	3.770889E-03	9.154421E+01
2.08618125000E+06	3.808923E-03	9.005028E+01
2.08805000000E+06	3.676094E-03	8.648805E+01
2.08991875000E+06	4.014945E-03	9.080960E+01
2.09178750000E+06	3.944227E-03	9.216333E+01
2.09365625000E+06	3.787203E-03	9.065950E+01
2.09552500000E+06	3.927030E-03	9.001421E+01
2.09739375000E+06	3.831826E-03	9.058259E+01
2.09926250000E+06	3.758046E-03	8.994814E+01
2.10113125000E+06	3.930971E-03	9.089082E+01
2.10300000000E+06	3.937425E-03	9.243684E+01
2.10486875000E+06	3.977726E-03	8.870960E+01
2.10673750000E+06	3.971153E-03	8.966231E+01
2.10860625000E+06	3.759985E-03	9.128497E+01
2.11047500000E+06	3.855910E-03	8.967331E+01
2.11234375000E+06	3.883977E-03	9.118524E+01
2.11421250000E+06	3.927839E-03	9.131281E+01
2.11608125000E+06	3.890265E-03	9.051782E+01
2.11795000000E+06	3.920634E-03	8.892756E+01
2.11981875000E+06	3.898313E-03	8.995493E+01
2.12168750000E+06	4.085129E-03	9.001207E+01
2.12355625000E+06	4.011203E-03	8.934457E+01
2.12542500000E+06	4.119312E-03	9.107383E+01
2.12729375000E+06	3.796899E-03	8.994867E+01
2.12916250000E+06	3.923763E-03	9.269842E+01
2.13103125000E+06	3.872851E-03	9.138126E+01
2.13290000000E+06	3.864166E-03	9.092146E+01
2.13476875000E+06	3.847422E-03	8.992895E+01
2.13663750000E+06	3.868101E-03	9.108020E+01
2.13850625000E+06	3.989357E-03	8.864036E+01
2.14037500000E+06	3.914834E-03	9.053242E+01
2.14224375000E+06	3.838967E-03	8.977760E+01
2.14411250000E+06	3.963663E-03	9.100780E+01
2.14598125000E+06	3.968295E-03	9.256004E+01
2.14785000000E+06	3.621736E-03	9.092487E+01
2.14971875000E+06	3.857085E-03	9.057950E+01
2.15158750000E+06	3.749249E-03	9.228619E+01
2.15345625000E+06	3.924885E-03	8.716059E+01
2.15532500000E+06	3.756382E-03	9.040297E+01
2.15719375000E+06	3.803018E-03	9.009383E+01
2.15906250000E+06	4.022599E-03	9.286539E+01
2.16093125000E+06	4.055176E-03	9.056697E+01
2.16280000000E+06	4.039022E-03	9.177248E+01
2.16466875000E+06	3.822421E-03	9.181850E+01
2.16653750000E+06	4.313513E-03	9.458475E+01
2.16840625000E+06	3.984927E-03	9.362492E+01
2.17027500000E+06	3.701726E-03	8.568144E+01
2.17214375000E+06	3.831448E-03	8.848139E+01
2.17401250000E+06	3.794506E-03	8.737446E+01
2.17588125000E+06	4.020271E-03	9.513969E+01
2.17775000000E+06	4.055496E-03	8.992292E+01
2.17961875000E+06	4.116624E-03	8.831922E+01
2.18148750000E+06	3.861990E-03	9.074637E+01
2.18335625000E+06	4.027077E-03	8.759130E+01
2.18522500000E+06	3.965388E-03	9.182737E+01
2.18709375000E+06	3.716809E-03	9.096841E+01
2.18896250000E+06	4.000564E-03	9.374467E+01
2.19083125000E+06	3.416446E-03	9.689116E+01
2.19270000000E+06	4.031844E-03	8.837643E+01
2.19456875000E+06	3.728513E-03	8.871311E+01
2.19643750000E+06	3.507585E-03	9.188966E+01
2.19830625000E+06	3.785073E-03	9.227345E+01
2.20017500000E+06	4.026847E-03	8.878134E+01
2.20204375000E+06	3.915351E-03	9.218718E+01
2.20391250000E+06	3.952564E-03	9.519143E+01
2.20578125000E+06	4.028607E-03	8.971794E+01
2.20765000000E+06	4.248663E-03	9.458244E+01
2.20951875000E+06	3.939062E-03	8.838742E+01
2.21138750000E+06	3.994603E-03	9.216315E+01
2.21325625000E+06	3.992933E-03	9.085043E+01
2.21512500000E+06	3.514258E-03	9.281087E+01
2.21699375000E+06	3.937399E-03	9.297527E+01
2.21886250000E+06	4.103468E-03	9.014138E+01
2.22073125000E+06	3.924355E-03	9.023649E+01
2.22260000000E+06	3.801166E-03	8.820882E+01
2.22446875000E+06	3.956806E-03	9.360876E+01
2.22633750000E+06	3.795129E-03	9.226585E+01
2.22820625000E+06	3.796571E-03	8.823382E+01
2.23007500000E+06	4.001044E-03	9.048699E+01
2.23194375000E+06	4.067354E-03	9.048560E+01
2.23381250000E+06	3.825702E-03	9.130170E+01
2.23568125000E+06	4.212060E-03	9.289206E+01
2.23755000000E+06	4.084077E-03	9.335165E+01
2.23941875000E+06	3.960916E-03	9.006149E+01
2.24128750000E+06	4.021490E-03	9.007047E+01
2.24315625000E+06	4.111151E-03	8.892437E+01
2.24502500000E+06	4.018921E-03	8.711644E+01
2.24689375000E+06	4.189042E-03	9.269533E+01
2.24876250000E+06	3.991392E-03	9.249493E+01
2.25063125000E+06	3.847972E-03	9.061649E+01
2.25250000000E+06	4.118019E-03	9.296690E+01
2.25436875000E+06	3.949624E-03	9.065668E+01
2.25623750000E+06	4.121443E-03	9.213416E+01
2.25810625000E+06	3.909083E-03	8.956441E+01
2.25997500000E+06	4.288740E-03	8.965766E+01
2.26184375000E+06	4.097115E-03	8.969680E+01
2.26371250000E+06	4.066421E-03	9.167522E+01
2.26558125000E+06	4.092511E-03	8.955936E+01
2.26745000000E+06	4.240147E-03	8.759850E+01
2.26931875000E+06	4.016547E-03	8.968389E+01
2.27118750000E+06	4.111953E-03	8.866682E+01
2.27305625000E+06	4.159218E-03	9.226625E+01
2.27492500000E+06	4.182347E-03	8.931126E+01
2.27679375000E+06	3.986420E-03	8.786187E+01
2.27866250000E+06	4.105364E-03	9.112355E+01
2.28053125000E+06	4.055697E-03	8.885670E+01
2.28240000000E+06	3.831940E-03	8.910017E+01
2.28426875000E+06	3.872812E-03	9.121849E+01
2.28613750000E+06	4.167248E-03	9.346256E+01
2.28800625000E+06	4.091870E-03	9.206409E+01
2.28987500000E+06	4.043022E-03	9.177611E+01
2.29174375000E+06	3.957207E-03	9.170020E+01
2.29361250000E+06	3.762048E-03	8.824580E+01
2.29548125000E+06	3.961013E-03	9.163131E+01
2.29735000000E+06	4.124134E-03	9.072836E+01
2.29921875000E+06	3.951887E-03	9.234787E+01
2.30108750000E+06	4.108048E-03	9.063632E+01
2.30295625000E+06	4.002439E-03	9.218112E+01
2.30482500000E+06	4.017420E-03	9.081926E+01
2.30669375000E+06	4.139876E-03	9.031136E+01
2.30856250000E+06	4.118015E-03	9.443056E+01
2.31043125000E+06	4.063604E-03	9.269656E+01
2.31230000000E+06	3.997823E-03	8.919679E+01
2.31416875000E+06	4.080051E-03	9.203784E+01
2.31603750000E+06	4.023673E-03	9.077036E+01
2.31790625000E+06	3.949814E-03	9.087572E+01
2.31977500000E+06	3.854411E-03	9.089201E+01
2.32164375000E+06	4.105627E-03	9.166230E+01
2.32351250000E+06	4.053058E-03	9.078883E+01
2.32538125000E+06	4.073633E-03	9.387932E+01
2.32725000000E+06	3.997255E-03	9.010360E+01
2.32911875000E+06	3.974964E-03	9.215702E+01
2.33098750000E+06	3.994651E-03	9.100996E+01
2.33285625000E+06	3.936045E-03	9.011845E+01
2.33472500000E+06	4.038883E-03	8.873184E+01
2.33659375000E+06	4.079106E-03	9.165335E+01
2.33846250000E+06	4.013533E-03	8.894286E+01
2.34033125000E+06	3.992133E-03	9.032966E+01
2.34220000000E+06	3.969649E-03	9.028419E+01
2.34406875000E+06	4.000061E-03	9.115326E+01
2.34593750000E+06	4.061851E-03	9.148985E+01
2.34780625000E+06	4.022516E-03	9.387093E+01
2.34967500000E+06	3.873850E-03	9.050237E+01
2.35154375000E+06	4.020484E-03	9.097666E+01
2.35341250000E+06	4.062790E-03	9.094041E+01
2.35528125000E+06	4.008407E-03	8.836577E+01
2.35715000000E+06	4.091865E-03	9.284960E+01
2.35901875000E+06	3.971408E-03	9.132930E+01
2.36088750000E+06	3.950795E-03	9.118043E+01
2.36275625000E+06	4.079447E-03	9.254379E+01
2.36462500000E+06	3.915145E-03	9.048656E+01
2.36649375000E+06	4.154483E-03	9.088205E+01
2.36836250000E+06	4.123480E-03	9.253424E+01
2.37023125000E+06	4.026399E-03	9.076125E+01
2.37210000000E+06	3.980136E-03	9.156943E+01
2.37396875000E+06	4.170094E-03	9.221210E+01
2.37583750000E+06	4.173997E-03	9.296515E+01
2.37770625000E+06	4.025615E-03	9.101331E+01
2.37957500000E+06	3.926181E-03	9.054192E+01
2.38144375000E+06	3.864212E-03	9.336262E+01
2.38331250000E+06	4.283103E-03	8.968466E+01
2.38518125000E+06	4.189081E-03	8.960858E+01
2.38705000000E+06	4.081990E-03	9.111798E+01
2.38891875000E+06	4.066659E-03	9.037801E+01
2.39078750000E+06	4.250703E-03	9.229813E+01
2.39265625000E+06	4.099194E-03	9.172879E+01
2.39452500000E+06	3.968936E-03	8.899373E+01
2.39639375000E+06	3.830910E-03	9.002184E+01
2.39826250000E+06	4.275769E-03	9.249888E+01
2.40013125000E+06	4.157659E-03	8.828364E+01
2.40200000000E+06	3.944107E-03	9.265184E+01
2.40386875000E+06	3.953636E-03	9.231380E+01
2.40573750000E+06	3.863557E-03	9.117587E+01
2.40760625000E+06	4.258317E-03	9.284399E+01
2.40947500000E+06	3.911754E-03	9.294543E+01
2.41134375000E+06	4.104880E-03	8.767249E+01
2.41321250000E+06	4.096566E-03	8.723849E+01
2.41508125000E+06	3.988056E-03	9.454031E+01
2.41695000000E+06	4.244460E-03	8.992725E+01
2.41881875000E+06	3.912641E-03	9.068926E+01
2.42068750000E+06	4.044003E-03	9.110622E+01
2.42255625000E+06	4.464712E-03	8.865725E+01
2.42442500000E+06	4.110690E-03	9.202629E+01
2.42629375000E+06	4.219930E-03	9.230636E+01
2.42816250000E+06	4.066343E-03	9.240606E+01
2.43003125000E+06	4.319458E-03	9.017596E+01
2.43190000000E+06	4.263564E-03	9.070531E+01
2.43376875000E+06	4.287276E-03	9.255932E+01
2.43563750000E+06	4.114445E-03	9.484963E+01
2.43750625000E+06	4.194100E-03	9.018295E+01
2.43937500000E+06	3.933028E-03	9.193444E+01
2.44124375000E+06	4.273886E-03	9.178661E+01
2.44311250000E+06	4.053736E-03	9.425061E+01
2.44498125000E+06	4.302711E-03	8.712377E+01
2.44685000000E+06	3.816619E-03	9.275852E+01
2.44871875000E+06	4.004196E-03	8.900540E+01
2.45058750000E+06	4.160461E-03	9.193913E+01
2.45245625000E+06	3.843216E-03	9.639969E+01
2.45432500000E+06	4.085960E-03	9.094859E+01
2.45619375000E+06	4.018683E-03	8.993488E+01
2.45806250000E+06	4.106599E-03	9.158754E+01
2.45993125000E+06	4.208655E-03	9.378640E+01
2.46180000000E+06	4.597811E-03	9.255599E+01
2.46366875000E+06	4.380618E-03	9.451825E+01
2.46553750000E+06	4.398636E-03	9.191053E+01
2.46740625000E+06	3.836568E-03	9.460353E+01
2.46927500000E+06	4.013870E-03	8.705765E+01
2.47114375000E+06	4.123562E-03	9.295660E+01
2.47301250000E+06	3.914539E-03	9.068755E+01
2.47488125000E+06	3.980915E-03	9.171941E+01
2.47675000000E+06	4.172142E-03	9.316594E+01
2.47861875000E+06	4.007752E-03	9.221684E+01
2.48048750000E+06	4.130243E-03	9.200938E+01
2.48235625000E+06	3.702299E-03	9.276927E+01
2.48422500000E+06	3.944681E-03	9.175722E+01
2.48609375000E+06	4.050177E-03	9.439410E+01
2.48796250000E+06	3.981612E-03	9.066175E+01
2.48983125000E+06	4.119831E-03	8.981769E+01
2.49170000000E+06	3.944883E-03	9.271235E+01
2.49356875000E+06	4.276488E-03	9.039655E+01
2.49543750000E+06	4.335224E-03	9.149431E+01
2.49730625000E+06	4.050627E-03	9.552556E+01
2.49917500000E+06	4.010784E-03	9.349054E+01
2.50104375000E+06	4.040561E-03	9.565544E+01
2.50291250000E+06	4.118226E-03	9.019032E+01
2.50478125000E+06	4.022554E-03	9.242592E+01
2.50665000000E+06	4.129066E-03	9.138091E+01
2.50851875000E+06	4.146325E-03	9.246280E+01
2.51038750000E+06	4.006057E-03	9.472309E+01
2.51225625000E+06	3.934208E-03	8.917802E+01
2.51412500000E+06	3.931301E-03	9.238014E+01
2.51599375000E+06	4.015072E-03	9.354042E+01
2.51786250000E+06	4.179199E-03	9.307648E+01
2.51973125000E+06	4.060951E-03	9.333334E+01
2.52160000000E+06	4.145450E-03	9.251508E+01
2.52346875000E+06	4.262590E-03	9.479971E+01
2.52533750000E+06	4.150468E-03	9.428693E+01
2.52720625000E+06	3.907940E-03	9.240469E+01
2.52907500000E+06	3.994460E-03	9.199409E+01
2.53094375000E+06	3.931892E-03	9.155830E+01
2.53281250000E+06	4.206857E-03	9.515584E+01
2.53468125000E+06	4.029318E-03	9.209319E+01
2.53655000000E+06	4.088664E-03	9.450144E+01
2.53841875000E+06	4.100685E-03	9.205560E+01
2.54028750000E+06	4.128445E-03	9.434053E+01
2.54215625000E+06	4.015726E-03	9.098424E+01
2.54402500000E+06	4.059598E-03	9.327223E+01
2.54589375000E+06	4.084299E-03	9.555932E+01
2.54776250000E+06	4.024665E-03	9.372074E+01
2.54963125000E+06	3.985686E-03	9.392059E+01
2.55150000000E+06	4.067369E-03	9.167544E+01
2.55336875000E+06	3.965730E-03	9.148485E+01
2.55523750000E+06	4.062124E-03	9.222085E+01
2.55710625000E+06	4.100636E-03	9.302734E+01
2.55897500000E+06	4.143547E-03	9.247950E+01
2.56084375000E+06	4.058598E-03	9.289816E+01
2.56271250000E+06	4.136344E-03	9.387907E+01
2.56458125000E+06	3.997156E-03	9.386292E+01
2.56645000000E+06	4.073247E-03	9.067661E+01
2.56831875000E+06	3.993415E-03	9.440253E+01
2.57018750000E+06	4.047872E-03	9.362553E+01
2.57205625000E+06	4.161653E-03	9.301818E+01
2.57392500000E+06	4.137496E-03	9.284244E+01
2.57579375000E+06	4.186274E-03	9.402464E+01
2.57766250000E+06	4.070695E-03	9.576235E+01
2.57953125000E+06	4.098362E-03	9.183597E+01
2.58140000000E+06	4.086074E-03	9.423219E+01
2.58326875000E+06	4.181735E-03	9.344516E+01
2.58513750000E+06	4.025716E-03	9.500950E+01
2.58700625000E+06	4.027290E-03	9.547494E+01
2.58887500000E+06	4.026575E-03	9.259329E+01
2.59074375000E+06	4.063117E-03	9.582017E+01
2.59261250000E+06	4.131082E-03	9.285531E+01
2.59448125000E+06	4.062589E-03	9.451589E+01
2.59635000000E+06	3.931712E-03	9.074889E+01
2.59821875000E+06	3.987660E-03	9.378217E+01
2.60008750000E+06	4.029887E-03	9.418475E+01
2.60195625000E+06	4.091850E-03	9.217897E+01
2.60382500000E+06	4.043004E-03	9.253220E+01
2.60569375000E+06	4.066433E-03	9.392159E+01
2.60756250000E+06	4.055716E-03	9.290798E+01
2.60943125000E+06	4.144440E-03	9.457725E+01
2.61130000000E+06	4.040355E-03	9.371392E+01
2.61316875000E+06	3.972271E-03	9.453831E+01
2.61503750000E+06	4.089938E-03	9.405121E+01
2.61690625000E+06	4.127654E-03	9.273435E+01
2.61877500000E+06	4.156636E-03	9.475906E+01
2.62064375000E+06	4.133683E-03	9.441804E+01
2.62251250000E+06	4.043304E-03	9.275669E+01
2.62438125000E+06	4.219759E-03	9.247664E+01
2.62625000000E+06	4.183305E-03	9.173732E+01
2.62811875000E+06	4.151328E-03	9.586861E+01
2.62998750000E+06	3.954989E-03	9.384151E+01
2.63185625000E+06	4.049757E-03	9.345329E+01
2.63372500000E+06	4.180687E-03	9.610647E+01
2.63559375000E+06	4.110498E-03	9.519395E+01
2.63746250000E+06	4.204450E-03	9.341601E+01
2.63933125000E+06	3.984450E-03	9.386100E+01
2.64120000000E+06	4.046338E-03	9.400820E+01
2.64306875000E+06	4.166790E-03	9.223344E+01
2.64493750000E+06	4.065870E-03	9.354749E+01
2.64680625000E+06	4.080027E-03	9.298965E+01
2.64867500000E+06	4.154053E-03	9.473010E+01
2.65054375000E+06	4.104755E-03	9.469368E+01
2.65241250000E+06	4.141494E-03	9.288151E+01
2.65428125000E+06	4.011923E-03	9.349006E+01
2.65615000000E+06	4.221205E-03	9.286610E+01
2.65801875000E+06	3.934611E-03	9.293135E+01
2.65988750000E+06	4.283882E-03	9.372364E+01
2.66175625000E+06	3.921423E-03	9.442796E+01
2.66362500000E+06	4.050751E-03	9.424966E+01
2.66549375000E+06	4.157472E-03	9.546827E+01
2.66736250000E+06	4.074090E-03	9.218281E+01
2.66923125000E+06	4.319660E-03	9.459269E+01
2.67110000000E+06	4.104760E-03	9.632671E+01
2.67296875000E+06	4.242346E-03	9.611853E+01
2.67483750000E+06	4.007770E-03	9.221042E+01
2.67670625000E+06	3.926026E-03	9.271561E+01
2.67857500000E+06	4.126517E-03	9.451202E+01
2.68044375000E+06	4.412010E-03	9.485892E+01
2.68231250000E+06	4.127872E-03	9.562769E+01
2.68418125000E+06	4.014597E-03	9.555008E+01
2.68605000000E+06	3.876314E-03	9.350830E+01
2.68791875000E+06	4.015420E-03	9.468433E+01
2.68978750000E+06	4.094413E-03	9.455311E+01
2.69165625000E+06	4.139517E-03	9.414413E+01
2.69352500000E+06	4.177244E-03	9.596605E+01
2.69539375000E+06	3.907397E-03	9.325047E+01
2.69726250000E+06	3.747888E-03	9.691338E+01
2.69913125000E+06	4.211150E-03	9.753011E+01
2.70100000000E+06	4.135859E-03	9.622079E+01
2.70286875000E+06	3.782632E-03	9.207305E+01
2.70473750000E+06	4.248525E-03	9.403480E+01
2.70660625000E+06	3.873960E-03	9.632216E+01
2.70847500000E+06	4.290809E-03	9.636306E+01
2.71034375000E+06	3.975672E-03	9.405229E+01
2.71221250000E+06	3.906506E-03	9.598627E+01
2.71408125000E+06	4.328642E-03	9.589037E+01
2.71595000000E+06	4.084801E-03	9.731056E+01
2.71781875000E+06	4.184607E-03	9.684850E+01
2.71968750000E+06	3.792133E-03	9.807294E+01
2.72155625000E+06	4.213307E-03	9.136449E+01
2.72342500000E+06	4.252499E-03	9.930761E+01
2.72529375000E+06	4.457823E-03	9.396224E+01
2.72716250000E+06	3.855984E-03	9.749354E+01
2.72903125000E+06	4.262947E-03	9.800629E+01
2.73090000000E+06	3.963151E-03	9.504360E+01
2.73276875000E+06	4.460276E-03	9.066943E+01
2.73463750000E+06	4.588784E-03	9.348623E+01
2.73650625000E+06	3.895196E-03	9.615299E+01
2.73837500000E+06	3.716383E-03	9.582456E+01
2.74024375000E+06	3.982324E-03	8.907561E+01
2.74211250000E+06	4.053054E-03	9.554501E+01
2.74398125000E+06	3.964139E-03	9.413098E+01
2.74585000000E+06	4.137664E-03	1.012457E+02
2.74771875000E+06	3.873085E-03	9.735360E+01
2.74958750000E+06	3.977090E-03	9.623341E+01
2.75145625000E+06	3.835104E-03	8.976815E+01
2.75332500000E+06	4.117075E-03	9.713722E+01
2.75519375000E+06	3.706939E-03	9.168215E+01
2.75706250000E+06	4.430509E-03	9.550874E+01
2.75893125000E+06	4.154524E-03	9.866879E+01
2.76080000000E+06	4.186413E-03	9.907911E+01
2.76266875000E+06	4.124654E-03	9.278049E+01
2.76453750000E+06	4.165970E-03	9.709398E+01
2.76640625000E+06	4.361035E-03	9.345174E+01
2.76827500000E+06	4.160163E-03	9.950194E+01
2.77014375000E+06	4.219559E-03	9.553266E+01
2.77201250000E+06	4.102354E-03	9.754282E+01
2.77388125000E+06	3.528167E-03	9.686909E+01
2.77575000000E+06	4.088807E-03	9.210327E+01
2.77761875000E+06	3.842104E-03	9.653685E+01
2.77948750000E+06	3.913655E-03	9.638390E+01
2.78135625000E+06	4.140165E-03	9.450715E+01
2.78322500000E+06	4.089371E-03	9.693885E+01
2.78509375000E+06	3.857545E-03	9.867529E+01
2.78696250000E+06	4.158236E-03	9.622552E+01
2.78883125000E+06	4.204703E-03	1.010763E+02
2.79070000000E+06	4.233059E-03	9.739539E+01
2.79256875000E+06	4.239812E-03	9.750735E+01
2.79443750000E+06	3.959965E-03	9.567490E+01
2.79630625000E+06	3.988277E-03	1.002131E+02
2.79817500000E+06	4.257380E-03	9.941663E+01
2.80004375000E+06	4.090874E-03	9.907957E+01
2.80191250000E+06	4.197949E-03	9.727558E+01
2.80378125000E+06	4.095323E-03	9.589003E+01
2.80565000000E+06	4.241167E-03	9.501189E+01
2.80751875000E+06	4.029395E-03	9.713881E+01
2.80938750000E+06	4.227237E-03	9.997781E+01
2.81125625000E+06	3.803599E-03	9.783482E+01
2.81312500000E+06	4.225963E-03	9.453338E+01
2.81499375000E+06	4.142341E-03	9.715004E+01
2.81686250000E+06	4.004548E-03	9.468113E+01
2.81873125000E+06	4.194749E-03	9.691422E+01
2.82060000000E+06	4.068719E-03	9.529330E+01
2.82246875000E+06	4.203316E-03	9.750681E+01
2.82433750000E+06	4.026490E-03	9.522721E+01
2.82620625000E+06	4.127197E-03	9.603572E+01
2.82807500000E+06	3.983004E-03	9.728499E+01
2.82994375000E+06	4.157890E-03	9.423144E+01
2.83181250000E+06	4.126600E-03	9.434393E+01
2.83368125000E+06	3.982913E-03	9.622134E+01
2.83555000000E+06	4.076063E-03	9.723004E+01
2.83741875000E+06	4.053519E-03	9.432082E+01
2.83928750000E+06	4.152737E-03	1.008281E+02
2.84115625000E+06	4.081312E-03	9.726977E+01
2.84302500000E+06	4.067652E-03	9.640907E+01
2.84489375000E+06	4.203753E-03	9.822761E+01
2.84676250000E+06	4.123688E-03	9.644464E+01
2.84863125000E+06	4.086906E-03	9.610264E+01
2.85050000000E+06	4.023779E-03	9.725659E+01
2.85236875000E+06	4.238454E-03	9.816917E+01
2.85423750000E+06	4.100118E-03	9.615569E+01
2.85610625000E+06	4.199256E-03	9.717794E+01
2.85797500000E+06	3.999701E-03	9.638664E+01
2.85984375000E+06	3.925665E-03	9.486668E+01
2.86171250000E+06	4.081208E-03	9.551546E+01
2.86358125000E+06	4.218345E-03	9.679939E+01
2.86545000000E+06	3.974403E-03	9.557911E+01
2.86731875000E+06	3.891507E-03	9.678564E+01
2.86918750000E+06	4.119987E-03	9.848544E+01
2.87105625000E+06	4.055034E-03	9.555101E+01
2.87292500000E+06	4.111472E-03	9.947372E+01
2.87479375000E+06	4.253556E-03	9.608172E+01
2.87666250000E+06	4.066666E-03	9.512875E+01
2.87853125000E+06	4.074744E-03	9.676502E+01
2.88040000000E+06	4.004683E-03	9.785977E+01
2.88226875000E+06	4.111260E-03	9.982643E+01
2.88413750000E+06	3.972734E-03	9.751141E+01
2.88600625000E+06	3.965274E-03	9.822899E+01
2.88787500000E+06	3.973207E-03	9.689813E+01
2.88974375000E+06	4.110702E-03	9.696092E+01
2.89161250000E+06	4.272590E-03	9.675172E+01
2.89348125000E+06	4.106501E-03	9.700984E+01
2.89535000000E+06	4.157014E-03	9.662126E+01
2.89721875000E+06	4.008421E-03	9.723335E+01
2.89908750000E+06	4.044549E-03	9.709933E+01
2.90095625000E+06	4.126047E-03	9.782994E+01
2.90282500000E+06	4.008042E-03	9.726750E+01
2.90469375000E+06	4.102900E-03	9.736556E+01
2.90656250000E+06	4.080316E-03	9.834344E+01
2.90843125000E+06	3.996096E-03	9.732371E+01
2.91030000000E+06	4.083274E-03	9.860398E+01
2.91216875000E+06	4.061140E-03	9.566551E+01
2.91403750000E+06	4.109280E-03	1.011560E+02
2.91590625000E+06	4.135598E-03	9.803228E+01
2.91777500000E+06	4.026833E-03	9.730467E+01
2.91964375000E+06	3.998080E-03	9.554302E+01
2.92151250000E+06	4.000268E-03	9.661474E+01
2.92338125000E+06	4.155975E-03	9.754645E+01
2.92525000000E+06	3.894893E-03	9.744304E+01
2.92711875000E+06	4.021917E-03	9.846610E+01
2.92898750000E+06	4.027295E-03	9.828557E+01
2.93085625000E+06	4.053488E-03	9.698547E+01
2.93272500000E+06	4.108669E-03	9.826421E+01
2.93459375000E+06	4.093998E-03	9.689227E+01
2.93646250000E+06	4.103934E-03	9.868229E+01
2.93833125000E+06	4.107457E-03	9.824258E+01
2.94020000000E+06	4.013791E-03	9.775905E+01
2.94206875000E+06	4.207782E-03	9.636273E+01
2.94393750000E+06	3.951865E-03	9.717625E+01
2.94580625000E+06	4.082880E-03	9.704834E+01
2.94767500000E+06	3.967701E-03	9.735096E+01
2.94954375000E+06	4.156594E-03	9.786172E+01
2.95141250000E+06	4.024590E-03	9.781269E+01
2.95328125000E+06	4.077223E-03	9.951685E+01
2.95515000000E+06	4.017314E-03	9.833672E+01
2.95701875000E+06	4.022199E-03	9.854662E+01
2.95888750000E+06	4.045576E-03	9.796783E+01
2.96075625000E+06	3.951599E-03	9.933226E+01
2.96262500000E+06	4.091761E-03	9.929308E+01
2.96449375000E+06	4.026129E-03	9.893228E+01
2.96636250000E+06	4.079798E-03	9.790444E+01
2.96823125000E+06	3.993019E-03	1.000011E+02
2.97010000000E+06	4.036545E-03	9.936084E+01
2.97196875000E+06	4.111609E-03	9.758555E+01
2.97383750000E+06	4.104645E-03	9.916412E+01
2.97570625000E+06	4.065323E-03	9.822400E+01
2.97757500000E+06	4.095279E-03	9.947864E+01
2.97944375000E+06	4.097647E-03	9.905700E+01
2.98131250000E+06	4.144916E-03	9.915215E+01
2.98318125000E+06	4.011575E-03	1.002517E+02
2.98505000000E+06	4.067883E-03	9.934029E+01
2.98691875000E+06	4.055818E-03	9.977365E+01
2.98878750000E+06	4.054680E-03	9.849113E+01
2.99065625000E+06	4.083951E-03	1.006769E+02
2.99252500000E+06	4.009397E-03	1.002854E+02
2.99439375000E+06	4.048909E-03	9.923390E+01
2.99626250000E+06	4.211348E-03	9.891546E+01
2.99813125000E+06	4.047437E-03	9.832438E+01
3.00000000000E+06	4.052957E-03	9.872308E+01
