"E5100A REV3.14"
"DATE: Jul  1 2004"



"CHANNEL: 2"
"MEASURE TYPE: AR"
"FORMAT TYPE: LINMP"
"NUMBER of POINTS: 1601"
"SWEEP TIME:  3.458 s"
"SWEEP TYPE: LINF"
"SOURCE POWER: 0 dBm"
"IF BANDWIDTH: 500 Hz"

"Frequency"	"Main Array"	"Sub Array"
1.00000000000E+04	4.717897E-02	1.120178E+02
1.18687500000E+04	3.882206E-03	-4.962432E+01
1.37375000000E+04	8.662592E-03	1.569437E+01
1.56062500000E+04	1.299309E-02	-6.829496E+01
1.74750000000E+04	4.830349E-03	1.480650E+02
1.93437500000E+04	2.829551E-03	5.474595E+01
2.12125000000E+04	4.904113E-03	9.542048E+01
2.30812500000E+04	7.932783E-04	1.284754E+02
2.49500000000E+04	1.835398E-03	2.838463E+01
2.68187500000E+04	7.413596E-04	-5.090509E+01
2.86875000000E+04	2.409584E-03	3.158508E+01
3.05562500000E+04	2.537697E-03	-1.415502E+02
3.24250000000E+04	1.900940E-03	-7.047716E+01
3.42937500000E+04	5.563341E-04	-1.048702E+02
3.61625000000E+04	1.642137E-03	-5.148750E+01
3.80312500000E+04	1.754724E-03	-8.991042E+01
3.99000000000E+04	1.690424E-03	-9.446164E+01
4.17687500000E+04	1.557326E-03	-1.186154E+02
4.36375000000E+04	7.982904E-04	-8.026637E+01
4.55062500000E+04	1.493603E-04	-4.577351E+01
4.73750000000E+04	1.516624E-03	-1.381329E+02
4.92437500000E+04	1.175487E-03	-1.046222E+02
5.11125000000E+04	1.191283E-03	-1.335585E+02
5.29812500000E+04	8.203555E-04	-1.037417E+02
5.48500000000E+04	7.126966E-04	-6.513644E+01
5.67187500000E+04	1.226993E-03	-8.583878E+01
5.85875000000E+04	7.983438E-04	-6.647505E+01
6.04562500000E+04	1.352481E-03	-1.181889E+02
6.23250000000E+04	1.072648E-03	-8.667178E+01
6.41937500000E+04	1.756217E-03	-7.420102E+01
6.60625000000E+04	2.195691E-03	-7.301981E+01
6.79312500000E+04	1.162092E-03	-9.725761E+01
6.98000000000E+04	1.037296E-03	-6.228949E+01
7.16687500000E+04	5.690622E-04	-7.784782E+01
7.35375000000E+04	1.588228E-03	-8.409949E+01
7.54062500000E+04	1.714728E-03	-9.458663E+01
7.72750000000E+04	7.844798E-04	-7.465576E+01
7.91437500000E+04	1.153538E-03	-9.517619E+01
8.10125000000E+04	1.277584E-03	-1.072769E+02
8.28812500000E+04	1.939338E-03	-8.826640E+01
8.47500000000E+04	1.755697E-03	-1.060995E+02
8.66187500000E+04	1.484933E-03	-9.551199E+01
8.84875000000E+04	2.076681E-03	-8.626236E+01
9.03562500000E+04	1.694259E-03	-9.108786E+01
9.22250000000E+04	1.958523E-03	-9.599651E+01
9.40937500000E+04	1.814959E-03	-9.153521E+01
9.59625000000E+04	1.873300E-03	-7.849814E+01
9.78312500000E+04	1.828125E-03	-8.791321E+01
9.97000000000E+04	1.497042E-03	-1.021992E+02
1.01568750000E+05	1.781887E-03	-8.573892E+01
1.03437500000E+05	1.539620E-03	-6.631080E+01
1.05306250000E+05	3.254175E-03	-8.552370E+01
1.07175000000E+05	1.626494E-03	-1.050346E+02
1.09043750000E+05	1.895862E-03	-9.273197E+01
1.10912500000E+05	3.692635E-03	-9.461024E+01
1.12781250000E+05	2.044576E-03	-9.018185E+01
1.14650000000E+05	2.328718E-03	-7.772189E+01
1.16518750000E+05	1.913973E-03	-9.017336E+01
1.18387500000E+05	1.681209E-03	-9.488403E+01
1.20256250000E+05	2.249512E-03	-9.768497E+01
1.22125000000E+05	2.059324E-03	-8.031400E+01
1.23993750000E+05	2.181087E-03	-9.809750E+01
1.25862500000E+05	2.376340E-03	-8.055979E+01
1.27731250000E+05	2.289476E-03	-8.733540E+01
1.29600000000E+05	2.188460E-03	-9.369201E+01
1.31468750000E+05	2.324157E-03	-1.015143E+02
1.33337500000E+05	2.091972E-03	-7.599571E+01
1.35206250000E+05	2.477817E-03	-9.572473E+01
1.37075000000E+05	2.464977E-03	-9.838001E+01
1.38943750000E+05	2.509129E-03	-9.100481E+01
1.40812500000E+05	2.492866E-03	-9.152278E+01
1.42681250000E+05	2.690166E-03	-8.504388E+01
1.44550000000E+05	2.366432E-03	-9.074352E+01
1.46418750000E+05	2.347857E-03	-8.841689E+01
1.48287500000E+05	2.498052E-03	-8.973280E+01
1.50156250000E+05	2.534660E-03	-8.488300E+01
1.52025000000E+05	3.373356E-03	-9.273724E+01
1.53893750000E+05	2.765770E-03	-9.535903E+01
1.55762500000E+05	2.780427E-03	-9.044133E+01
1.57631250000E+05	2.862899E-03	-8.845473E+01
1.59500000000E+05	2.802664E-03	-8.382894E+01
1.61368750000E+05	2.814070E-03	-8.813263E+01
1.63237500000E+05	2.727470E-03	-8.665297E+01
1.65106250000E+05	2.880098E-03	-9.655864E+01
1.66975000000E+05	2.921854E-03	-8.784499E+01
1.68843750000E+05	3.115070E-03	-9.154372E+01
1.70712500000E+05	3.227380E-03	-9.344173E+01
1.72581250000E+05	3.063559E-03	-8.140247E+01
1.74450000000E+05	3.052746E-03	-8.713297E+01
1.76318750000E+05	3.088671E-03	-8.745653E+01
1.78187500000E+05	2.980508E-03	-9.036681E+01
1.80056250000E+05	3.280533E-03	-8.245561E+01
1.81925000000E+05	3.250835E-03	-9.222213E+01
1.83793750000E+05	3.365624E-03	-9.672787E+01
1.85662500000E+05	3.422841E-03	-8.996733E+01
1.87531250000E+05	3.182590E-03	-8.901394E+01
1.89400000000E+05	2.926244E-03	-8.524065E+01
1.91268750000E+05	3.255551E-03	-8.958479E+01
1.93137500000E+05	3.296500E-03	-8.912328E+01
1.95006250000E+05	3.436243E-03	-8.841138E+01
1.96875000000E+05	3.599842E-03	-8.838243E+01
1.98743750000E+05	3.429442E-03	-8.637723E+01
2.00612500000E+05	3.855140E-03	-9.478020E+01
2.02481250000E+05	3.263298E-03	-9.361481E+01
2.04350000000E+05	3.845287E-03	-8.396000E+01
2.06218750000E+05	3.476979E-03	-8.921667E+01
2.08087500000E+05	3.484473E-03	-9.505241E+01
2.09956250000E+05	3.569998E-03	-9.358672E+01
2.11825000000E+05	4.029114E-03	-8.936143E+01
2.13693750000E+05	3.728107E-03	-9.393654E+01
2.15562500000E+05	3.681960E-03	-8.999509E+01
2.17431250000E+05	3.757355E-03	-8.898106E+01
2.19300000000E+05	3.833145E-03	-9.000678E+01
2.21168750000E+05	3.893580E-03	-8.844755E+01
2.23037500000E+05	4.068377E-03	-8.647372E+01
2.24906250000E+05	3.940944E-03	-8.742448E+01
2.26775000000E+05	3.782024E-03	-8.745390E+01
2.28643750000E+05	4.241058E-03	-8.861477E+01
2.30512500000E+05	4.336352E-03	-9.170539E+01
2.32381250000E+05	3.945623E-03	-9.315815E+01
2.34250000000E+05	4.159138E-03	-9.239077E+01
2.36118750000E+05	4.603885E-03	-9.081711E+01
2.37987500000E+05	4.450048E-03	-9.430982E+01
2.39856250000E+05	4.356900E-03	-8.990552E+01
2.41725000000E+05	4.252453E-03	-8.868046E+01
2.43593750000E+05	4.087197E-03	-9.519205E+01
2.45462500000E+05	4.304500E-03	-9.063703E+01
2.47331250000E+05	4.130259E-03	-8.763131E+01
2.49200000000E+05	4.594700E-03	-9.052145E+01
2.51068750000E+05	4.593024E-03	-9.273009E+01
2.52937500000E+05	4.418230E-03	-8.906213E+01
2.54806250000E+05	4.398068E-03	-9.129379E+01
2.56675000000E+05	4.450826E-03	-9.074063E+01
2.58543750000E+05	4.638573E-03	-9.271456E+01
2.60412500000E+05	4.729359E-03	-9.050909E+01
2.62281250000E+05	4.700117E-03	-9.014817E+01
2.64150000000E+05	4.814092E-03	-9.223219E+01
2.66018750000E+05	4.778585E-03	-8.926971E+01
2.67887500000E+05	4.448276E-03	-9.172778E+01
2.69756250000E+05	4.791651E-03	-8.898171E+01
2.71625000000E+05	4.926892E-03	-9.091876E+01
2.73493750000E+05	4.732460E-03	-9.229695E+01
2.75362500000E+05	4.844568E-03	-8.967467E+01
2.77231250000E+05	4.877319E-03	-9.155360E+01
2.79100000000E+05	5.017420E-03	-8.883568E+01
2.80968750000E+05	4.953918E-03	-9.327552E+01
2.82837500000E+05	4.963389E-03	-9.169965E+01
2.84706250000E+05	5.143657E-03	-8.879473E+01
2.86575000000E+05	4.799014E-03	-9.152041E+01
2.88443750000E+05	5.015637E-03	-8.911498E+01
2.90312500000E+05	5.185632E-03	-9.035166E+01
2.92181250000E+05	5.192265E-03	-9.057796E+01
2.94050000000E+05	5.103605E-03	-9.195869E+01
2.95918750000E+05	5.416540E-03	-8.859604E+01
2.97787500000E+05	5.051989E-03	-9.264647E+01
2.99656250000E+05	5.599082E-03	-8.965772E+01
3.01525000000E+05	5.120732E-03	-8.856824E+01
3.03393750000E+05	5.340212E-03	-8.937376E+01
3.05262500000E+05	5.351923E-03	-9.197188E+01
3.07131250000E+05	5.177115E-03	-9.141920E+01
3.09000000000E+05	5.244596E-03	-9.045889E+01
3.10868750000E+05	5.519349E-03	-9.156854E+01
3.12737500000E+05	5.242655E-03	-9.094519E+01
3.14606250000E+05	5.484488E-03	-8.969757E+01
3.16475000000E+05	5.350834E-03	-8.955188E+01
3.18343750000E+05	5.662910E-03	-9.087162E+01
3.20212500000E+05	5.699375E-03	-8.826205E+01
3.22081250000E+05	5.458947E-03	-9.002281E+01
3.23950000000E+05	5.701707E-03	-9.074002E+01
3.25818750000E+05	5.676438E-03	-9.036009E+01
3.27687500000E+05	5.653606E-03	-9.115820E+01
3.29556250000E+05	5.812903E-03	-9.189912E+01
3.31425000000E+05	5.789286E-03	-8.980980E+01
3.33293750000E+05	5.784200E-03	-9.030315E+01
3.35162500000E+05	5.749778E-03	-8.999497E+01
3.37031250000E+05	5.904719E-03	-9.057247E+01
3.38900000000E+05	5.871708E-03	-8.941702E+01
3.40768750000E+05	5.815934E-03	-8.956940E+01
3.42637500000E+05	5.920927E-03	-8.813641E+01
3.44506250000E+05	5.814985E-03	-9.040487E+01
3.46375000000E+05	6.136231E-03	-9.117486E+01
3.48243750000E+05	5.885198E-03	-9.006700E+01
3.50112500000E+05	6.298418E-03	-8.910329E+01
3.51981250000E+05	6.165178E-03	-9.109457E+01
3.53850000000E+05	6.011800E-03	-9.252143E+01
3.55718750000E+05	6.298043E-03	-9.011396E+01
3.57587500000E+05	6.316403E-03	-9.216093E+01
3.59456250000E+05	6.353498E-03	-8.973184E+01
3.61325000000E+05	6.181652E-03	-8.891758E+01
3.63193750000E+05	6.346220E-03	-9.108754E+01
3.65062500000E+05	6.435206E-03	-9.098139E+01
3.66931250000E+05	6.397469E-03	-9.106097E+01
3.68800000000E+05	6.532221E-03	-8.977397E+01
3.70668750000E+05	6.439369E-03	-9.192042E+01
3.72537500000E+05	6.477129E-03	-9.167747E+01
3.74406250000E+05	6.743835E-03	-9.039220E+01
3.76275000000E+05	6.559903E-03	-9.105975E+01
3.78143750000E+05	6.451662E-03	-9.117223E+01
3.80012500000E+05	6.754538E-03	-8.976371E+01
3.81881250000E+05	6.811855E-03	-9.159609E+01
3.83750000000E+05	6.723402E-03	-9.119605E+01
3.85618750000E+05	6.870773E-03	-9.215344E+01
3.87487500000E+05	6.876982E-03	-9.028152E+01
3.89356250000E+05	6.734191E-03	-9.023797E+01
3.91225000000E+05	6.829733E-03	-9.059555E+01
3.93093750000E+05	6.994623E-03	-9.303020E+01
3.94962500000E+05	6.905615E-03	-9.047971E+01
3.96831250000E+05	6.931209E-03	-9.144020E+01
3.98700000000E+05	6.967300E-03	-9.128156E+01
4.00568750000E+05	7.241926E-03	-9.103838E+01
4.02437500000E+05	7.086099E-03	-9.145901E+01
4.04306250000E+05	6.986452E-03	-9.192449E+01
4.06175000000E+05	7.102657E-03	-8.944155E+01
4.08043750000E+05	7.311170E-03	-9.125943E+01
4.09912500000E+05	6.991197E-03	-9.029642E+01
4.11781250000E+05	7.065833E-03	-9.133527E+01
4.13650000000E+05	7.078202E-03	-9.112061E+01
4.15518750000E+05	7.294179E-03	-9.087791E+01
4.17387500000E+05	7.152039E-03	-9.075763E+01
4.19256250000E+05	7.418262E-03	-9.268871E+01
4.21125000000E+05	7.436236E-03	-9.161603E+01
4.22993750000E+05	7.477776E-03	-9.109130E+01
4.24862500000E+05	7.333226E-03	-9.030391E+01
4.26731250000E+05	7.452952E-03	-9.055259E+01
4.28600000000E+05	7.510834E-03	-8.910757E+01
4.30468750000E+05	7.516527E-03	-9.100497E+01
4.32337500000E+05	7.605662E-03	-9.104208E+01
4.34206250000E+05	7.522496E-03	-9.052765E+01
4.36075000000E+05	7.589088E-03	-9.185873E+01
4.37943750000E+05	7.664829E-03	-8.927061E+01
4.39812500000E+05	7.919719E-03	-9.180441E+01
4.41681250000E+05	7.687028E-03	-9.127780E+01
4.43550000000E+05	7.648566E-03	-9.067982E+01
4.45418750000E+05	7.680639E-03	-9.076498E+01
4.47287500000E+05	7.754885E-03	-9.009644E+01
4.49156250000E+05	7.784883E-03	-9.137143E+01
4.51025000000E+05	7.898408E-03	-9.000809E+01
4.52893750000E+05	7.825151E-03	-9.127519E+01
4.54762500000E+05	7.924468E-03	-9.019045E+01
4.56631250000E+05	7.912495E-03	-9.109457E+01
4.58500000000E+05	7.965849E-03	-9.084019E+01
4.60368750000E+05	7.933277E-03	-9.049481E+01
4.62237500000E+05	8.069590E-03	-9.172724E+01
4.64106250000E+05	8.058400E-03	-9.087636E+01
4.65975000000E+05	8.019113E-03	-9.055960E+01
4.67843750000E+05	8.160958E-03	-9.003810E+01
4.69712500000E+05	8.157505E-03	-9.148604E+01
4.71581250000E+05	8.263153E-03	-9.181386E+01
4.73450000000E+05	8.405367E-03	-9.003331E+01
4.75318750000E+05	8.321108E-03	-9.087988E+01
4.77187500000E+05	8.208804E-03	-9.009827E+01
4.79056250000E+05	8.282023E-03	-9.134589E+01
4.80925000000E+05	8.607110E-03	-9.055186E+01
4.82793750000E+05	8.518487E-03	-9.108465E+01
4.84662500000E+05	8.423734E-03	-9.038988E+01
4.86531250000E+05	8.504750E-03	-9.109915E+01
4.88400000000E+05	8.461749E-03	-9.187301E+01
4.90268750000E+05	8.546268E-03	-9.101156E+01
4.92137500000E+05	8.520790E-03	-9.027482E+01
4.94006250000E+05	8.598775E-03	-9.216077E+01
4.95875000000E+05	8.542991E-03	-9.119492E+01
4.97743750000E+05	8.687040E-03	-9.205442E+01
4.99612500000E+05	8.726875E-03	-9.152771E+01
5.01481250000E+05	8.758872E-03	-9.206126E+01
5.03350000000E+05	8.808830E-03	-9.081098E+01
5.05218750000E+05	8.847875E-03	-9.083546E+01
5.07087500000E+05	9.122142E-03	-9.093889E+01
5.08956250000E+05	9.054054E-03	-9.067727E+01
5.10825000000E+05	8.984784E-03	-9.081804E+01
5.12693750000E+05	9.001058E-03	-9.043803E+01
5.14562500000E+05	8.914704E-03	-9.219196E+01
5.16431250000E+05	8.926466E-03	-9.219230E+01
5.18300000000E+05	9.077825E-03	-9.081934E+01
5.20168750000E+05	9.067936E-03	-8.997126E+01
5.22037500000E+05	9.027803E-03	-9.151537E+01
5.23906250000E+05	9.100572E-03	-9.131816E+01
5.25775000000E+05	9.326695E-03	-9.039021E+01
5.27643750000E+05	9.237164E-03	-9.067339E+01
5.29512500000E+05	9.215628E-03	-9.215636E+01
5.31381250000E+05	9.267787E-03	-9.230671E+01
5.33250000000E+05	9.190843E-03	-9.044601E+01
5.35118750000E+05	9.213021E-03	-9.143604E+01
5.36987500000E+05	9.389305E-03	-9.068738E+01
5.38856250000E+05	9.459939E-03	-9.173327E+01
5.40725000000E+05	9.428632E-03	-9.139227E+01
5.42593750000E+05	9.391569E-03	-9.174971E+01
5.44462500000E+05	9.466079E-03	-9.019555E+01
5.46331250000E+05	9.629888E-03	-9.030596E+01
5.48200000000E+05	9.744385E-03	-9.135159E+01
5.50068750000E+05	9.514106E-03	-9.141050E+01
5.51937500000E+05	9.739521E-03	-9.078128E+01
5.53806250000E+05	9.829995E-03	-9.132736E+01
5.55675000000E+05	9.851724E-03	-9.055189E+01
5.57543750000E+05	9.680966E-03	-9.169377E+01
5.59412500000E+05	9.791639E-03	-9.209247E+01
5.61281250000E+05	9.859763E-03	-9.064639E+01
5.63150000000E+05	9.912627E-03	-9.173470E+01
5.65018750000E+05	9.918747E-03	-9.083980E+01
5.66887500000E+05	9.883933E-03	-9.079396E+01
5.68756250000E+05	9.992352E-03	-9.169637E+01
5.70625000000E+05	9.864364E-03	-9.008384E+01
5.72493750000E+05	9.939198E-03	-9.131139E+01
5.74362500000E+05	1.007954E-02	-9.118465E+01
5.76231250000E+05	1.000791E-02	-9.041862E+01
5.78100000000E+05	1.005873E-02	-9.133612E+01
5.79968750000E+05	1.028840E-02	-9.066836E+01
5.81837500000E+05	9.936745E-03	-9.163036E+01
5.83706250000E+05	1.037010E-02	-9.003724E+01
5.85575000000E+05	1.030527E-02	-9.124440E+01
5.87443750000E+05	1.026804E-02	-9.072572E+01
5.89312500000E+05	1.018955E-02	-9.152686E+01
5.91181250000E+05	1.032407E-02	-9.157672E+01
5.93050000000E+05	1.035408E-02	-9.163768E+01
5.94918750000E+05	1.047869E-02	-9.068208E+01
5.96787500000E+05	1.041462E-02	-9.189622E+01
5.98656250000E+05	1.043392E-02	-9.110065E+01
6.00525000000E+05	1.056773E-02	-9.151588E+01
6.02393750000E+05	1.049567E-02	-9.223195E+01
6.04262500000E+05	1.054957E-02	-9.107034E+01
6.06131250000E+05	1.059502E-02	-9.046533E+01
6.08000000000E+05	1.061129E-02	-9.125370E+01
6.09868750000E+05	1.072701E-02	-9.147376E+01
6.11737500000E+05	1.063818E-02	-9.036057E+01
6.13606250000E+05	1.073517E-02	-9.129589E+01
6.15475000000E+05	1.054122E-02	-9.059335E+01
6.17343750000E+05	1.085243E-02	-9.145969E+01
6.19212500000E+05	1.086263E-02	-9.213646E+01
6.21081250000E+05	1.089754E-02	-9.240829E+01
6.22950000000E+05	1.076584E-02	-9.094328E+01
6.24818750000E+05	1.100874E-02	-9.206747E+01
6.26687500000E+05	1.099008E-02	-9.142295E+01
6.28556250000E+05	1.090180E-02	-9.187365E+01
6.30425000000E+05	1.113438E-02	-9.125340E+01
6.32293750000E+05	1.091711E-02	-9.116206E+01
6.34162500000E+05	1.103272E-02	-9.131059E+01
6.36031250000E+05	1.114162E-02	-9.090234E+01
6.37900000000E+05	1.099954E-02	-9.085329E+01
6.39768750000E+05	1.119433E-02	-9.117205E+01
6.41637500000E+05	1.113586E-02	-9.137472E+01
6.43506250000E+05	1.127906E-02	-9.188110E+01
6.45375000000E+05	1.122327E-02	-9.113724E+01
6.47243750000E+05	1.128379E-02	-9.082465E+01
6.49112500000E+05	1.137396E-02	-9.107510E+01
6.50981250000E+05	1.133471E-02	-9.118813E+01
6.52850000000E+05	1.141495E-02	-9.071968E+01
6.54718750000E+05	1.148279E-02	-9.204160E+01
6.56587500000E+05	1.141310E-02	-9.056832E+01
6.58456250000E+05	1.149143E-02	-9.212944E+01
6.60325000000E+05	1.169488E-02	-9.155102E+01
6.62193750000E+05	1.138031E-02	-9.136884E+01
6.64062500000E+05	1.165595E-02	-9.148923E+01
6.65931250000E+05	1.152566E-02	-9.157307E+01
6.67800000000E+05	1.150846E-02	-9.151230E+01
6.69668750000E+05	1.173266E-02	-9.264761E+01
6.71537500000E+05	1.175467E-02	-9.213399E+01
6.73406250000E+05	1.191909E-02	-9.155035E+01
6.75275000000E+05	1.177345E-02	-9.147591E+01
6.77143750000E+05	1.175148E-02	-9.137286E+01
6.79012500000E+05	1.176576E-02	-9.180109E+01
6.80881250000E+05	1.188044E-02	-9.275781E+01
6.82750000000E+05	1.186518E-02	-9.053650E+01
6.84618750000E+05	1.183955E-02	-9.068253E+01
6.86487500000E+05	1.194850E-02	-9.164224E+01
6.88356250000E+05	1.203895E-02	-9.190711E+01
6.90225000000E+05	1.197975E-02	-9.137548E+01
6.92093750000E+05	1.218885E-02	-9.086578E+01
6.93962500000E+05	1.206885E-02	-9.263015E+01
6.95831250000E+05	1.228123E-02	-9.170718E+01
6.97700000000E+05	1.222787E-02	-9.198511E+01
6.99568750000E+05	1.224012E-02	-9.160029E+01
7.01437500000E+05	1.233978E-02	-9.092561E+01
7.03306250000E+05	1.226135E-02	-9.138978E+01
7.05175000000E+05	1.234044E-02	-9.173512E+01
7.07043750000E+05	1.235071E-02	-9.221428E+01
7.08912500000E+05	1.243025E-02	-9.123920E+01
7.10781250000E+05	1.241576E-02	-9.191083E+01
7.12650000000E+05	1.251623E-02	-9.214382E+01
7.14518750000E+05	1.247742E-02	-9.187554E+01
7.16387500000E+05	1.240446E-02	-9.216413E+01
7.18256250000E+05	1.267738E-02	-9.109110E+01
7.20125000000E+05	1.267727E-02	-9.140773E+01
7.21993750000E+05	1.265410E-02	-9.225383E+01
7.23862500000E+05	1.263212E-02	-9.150450E+01
7.25731250000E+05	1.256991E-02	-9.215305E+01
7.27600000000E+05	1.275544E-02	-9.170940E+01
7.29468750000E+05	1.279529E-02	-9.151334E+01
7.31337500000E+05	1.278630E-02	-9.154666E+01
7.33206250000E+05	1.297642E-02	-9.170190E+01
7.35075000000E+05	1.295146E-02	-9.155284E+01
7.36943750000E+05	1.290793E-02	-9.144147E+01
7.38812500000E+05	1.287885E-02	-9.136156E+01
7.40681250000E+05	1.300201E-02	-9.171975E+01
7.42550000000E+05	1.304097E-02	-9.121616E+01
7.44418750000E+05	1.288989E-02	-9.190672E+01
7.46287500000E+05	1.293509E-02	-9.124058E+01
7.48156250000E+05	1.315835E-02	-9.178842E+01
7.50025000000E+05	1.316219E-02	-9.158839E+01
7.51893750000E+05	1.317294E-02	-9.194502E+01
7.53762500000E+05	1.326780E-02	-9.168655E+01
7.55631250000E+05	1.323735E-02	-9.200254E+01
7.57500000000E+05	1.310426E-02	-9.135847E+01
7.59368750000E+05	1.319888E-02	-9.207288E+01
7.61237500000E+05	1.325636E-02	-9.212995E+01
7.63106250000E+05	1.334996E-02	-9.203723E+01
7.64975000000E+05	1.333494E-02	-9.109733E+01
7.66843750000E+05	1.339160E-02	-9.165509E+01
7.68712500000E+05	1.343573E-02	-9.102184E+01
7.70581250000E+05	1.348588E-02	-9.192572E+01
7.72450000000E+05	1.352980E-02	-9.200977E+01
7.74318750000E+05	1.336190E-02	-9.163005E+01
7.76187500000E+05	1.347012E-02	-9.099611E+01
7.78056250000E+05	1.363733E-02	-9.141560E+01
7.79925000000E+05	1.364032E-02	-9.213421E+01
7.81793750000E+05	1.365809E-02	-9.201227E+01
7.83662500000E+05	1.380684E-02	-9.191180E+01
7.85531250000E+05	1.372778E-02	-9.162031E+01
7.87400000000E+05	1.377105E-02	-9.189450E+01
7.89268750000E+05	1.376789E-02	-9.148001E+01
7.91137500000E+05	1.382579E-02	-9.183318E+01
7.93006250000E+05	1.384709E-02	-9.266270E+01
7.94875000000E+05	1.390424E-02	-9.145130E+01
7.96743750000E+05	1.398154E-02	-9.240490E+01
7.98612500000E+05	1.405609E-02	-9.261303E+01
8.00481250000E+05	1.399526E-02	-9.146072E+01
8.02350000000E+05	1.404295E-02	-9.170914E+01
8.04218750000E+05	1.406188E-02	-9.248899E+01
8.06087500000E+05	1.411069E-02	-9.178935E+01
8.07956250000E+05	1.407947E-02	-9.211503E+01
8.09825000000E+05	1.407449E-02	-9.177947E+01
8.11693750000E+05	1.425191E-02	-9.221534E+01
8.13562500000E+05	1.438033E-02	-9.184106E+01
8.15431250000E+05	1.422887E-02	-9.178899E+01
8.17300000000E+05	1.444570E-02	-9.222557E+01
8.19168750000E+05	1.442372E-02	-9.132015E+01
8.21037500000E+05	1.439605E-02	-9.214691E+01
8.22906250000E+05	1.438570E-02	-9.199467E+01
8.24775000000E+05	1.458589E-02	-9.222881E+01
8.26643750000E+05	1.442459E-02	-9.170779E+01
8.28512500000E+05	1.449695E-02	-9.235856E+01
8.30381250000E+05	1.450844E-02	-9.167171E+01
8.32250000000E+05	1.462581E-02	-9.204948E+01
8.34118750000E+05	1.455935E-02	-9.163051E+01
8.35987500000E+05	1.438721E-02	-9.200364E+01
8.37856250000E+05	1.470334E-02	-9.229444E+01
8.39725000000E+05	1.457526E-02	-9.200536E+01
8.41593750000E+05	1.483698E-02	-9.234721E+01
8.43462500000E+05	1.482590E-02	-9.284744E+01
8.45331250000E+05	1.471939E-02	-9.184606E+01
8.47200000000E+05	1.489911E-02	-9.252599E+01
8.49068750000E+05	1.478474E-02	-9.197504E+01
8.50937500000E+05	1.486794E-02	-9.196737E+01
8.52806250000E+05	1.490173E-02	-9.270035E+01
8.54675000000E+05	1.488855E-02	-9.221706E+01
8.56543750000E+05	1.486062E-02	-9.146128E+01
8.58412500000E+05	1.511003E-02	-9.163707E+01
8.60281250000E+05	1.525478E-02	-9.120422E+01
8.62150000000E+05	1.502397E-02	-9.198557E+01
8.64018750000E+05	1.511293E-02	-9.151357E+01
8.65887500000E+05	1.509227E-02	-9.162079E+01
8.67756250000E+05	1.521366E-02	-9.200823E+01
8.69625000000E+05	1.537906E-02	-9.147356E+01
8.71493750000E+05	1.518242E-02	-9.190241E+01
8.73362500000E+05	1.526964E-02	-9.217818E+01
8.75231250000E+05	1.532473E-02	-9.226037E+01
8.77100000000E+05	1.533263E-02	-9.274047E+01
8.78968750000E+05	1.544862E-02	-9.257387E+01
8.80837500000E+05	1.537886E-02	-9.155136E+01
8.82706250000E+05	1.560474E-02	-9.175396E+01
8.84575000000E+05	1.540976E-02	-9.210649E+01
8.86443750000E+05	1.552099E-02	-9.174366E+01
8.88312500000E+05	1.552942E-02	-9.170425E+01
8.90181250000E+05	1.551651E-02	-9.210388E+01
8.92050000000E+05	1.569177E-02	-9.233494E+01
8.93918750000E+05	1.573406E-02	-9.164166E+01
8.95787500000E+05	1.574343E-02	-9.190404E+01
8.97656250000E+05	1.552149E-02	-9.202330E+01
8.99525000000E+05	1.572178E-02	-9.211864E+01
9.01393750000E+05	1.577907E-02	-9.175748E+01
9.03262500000E+05	1.579419E-02	-9.156816E+01
9.05131250000E+05	1.589934E-02	-9.312220E+01
9.07000000000E+05	1.584150E-02	-9.222594E+01
9.08868750000E+05	1.600101E-02	-9.202220E+01
9.10737500000E+05	1.605709E-02	-9.269904E+01
9.12606250000E+05	1.604300E-02	-9.290836E+01
9.14475000000E+05	1.601709E-02	-9.215311E+01
9.16343750000E+05	1.598125E-02	-9.154508E+01
9.18212500000E+05	1.614532E-02	-9.192904E+01
9.20081250000E+05	1.605665E-02	-9.218806E+01
9.21950000000E+05	1.589118E-02	-9.198415E+01
9.23818750000E+05	1.615893E-02	-9.220813E+01
9.25687500000E+05	1.610897E-02	-9.206218E+01
9.27556250000E+05	1.633416E-02	-9.213570E+01
9.29425000000E+05	1.623501E-02	-9.205095E+01
9.31293750000E+05	1.629615E-02	-9.240829E+01
9.33162500000E+05	1.638345E-02	-9.259882E+01
9.35031250000E+05	1.634079E-02	-9.185413E+01
9.36900000000E+05	1.622883E-02	-9.253245E+01
9.38768750000E+05	1.630475E-02	-9.216979E+01
9.40637500000E+05	1.655655E-02	-9.234629E+01
9.42506250000E+05	1.655684E-02	-9.261188E+01
9.44375000000E+05	1.648526E-02	-9.187904E+01
9.46243750000E+05	1.678377E-02	-9.241396E+01
9.48112500000E+05	1.662110E-02	-9.236938E+01
9.49981250000E+05	1.671151E-02	-9.193929E+01
9.51850000000E+05	1.678859E-02	-9.165372E+01
9.53718750000E+05	1.660677E-02	-9.159493E+01
9.55587500000E+05	1.670774E-02	-9.237289E+01
9.57456250000E+05	1.672097E-02	-9.209558E+01
9.59325000000E+05	1.683389E-02	-9.238528E+01
9.61193750000E+05	1.684305E-02	-9.243549E+01
9.63062500000E+05	1.691537E-02	-9.238726E+01
9.64931250000E+05	1.670379E-02	-9.186389E+01
9.66800000000E+05	1.684644E-02	-9.271328E+01
9.68668750000E+05	1.695524E-02	-9.259620E+01
9.70537500000E+05	1.702050E-02	-9.234721E+01
9.72406250000E+05	1.711329E-02	-9.231997E+01
9.74275000000E+05	1.709959E-02	-9.274496E+01
9.76143750000E+05	1.717900E-02	-9.257095E+01
9.78012500000E+05	1.711051E-02	-9.205000E+01
9.79881250000E+05	1.727901E-02	-9.243454E+01
9.81750000000E+05	1.705946E-02	-9.259129E+01
9.83618750000E+05	1.706666E-02	-9.257271E+01
9.85487500000E+05	1.730912E-02	-9.194583E+01
9.87356250000E+05	1.722624E-02	-9.283594E+01
9.89225000000E+05	1.741152E-02	-9.247256E+01
9.91093750000E+05	1.738591E-02	-9.233894E+01
9.92962500000E+05	1.739422E-02	-9.226309E+01
9.94831250000E+05	1.746023E-02	-9.252306E+01
9.96700000000E+05	1.740023E-02	-9.204498E+01
9.98568750000E+05	1.752231E-02	-9.268422E+01
1.00043750000E+06	1.758416E-02	-9.235989E+01
1.00230625000E+06	1.745778E-02	-9.228033E+01
1.00417500000E+06	1.756728E-02	-9.295503E+01
1.00604375000E+06	1.774753E-02	-9.222520E+01
1.00791250000E+06	1.744473E-02	-9.251302E+01
1.00978125000E+06	1.758069E-02	-9.286057E+01
1.01165000000E+06	1.765152E-02	-9.254160E+01
1.01351875000E+06	1.762934E-02	-9.234026E+01
1.01538750000E+06	1.777468E-02	-9.212656E+01
1.01725625000E+06	1.775993E-02	-9.262579E+01
1.01912500000E+06	1.797421E-02	-9.242702E+01
1.02099375000E+06	1.787664E-02	-9.198248E+01
1.02286250000E+06	1.786167E-02	-9.242197E+01
1.02473125000E+06	1.781287E-02	-9.218623E+01
1.02660000000E+06	1.798344E-02	-9.282618E+01
1.02846875000E+06	1.806389E-02	-9.291491E+01
1.03033750000E+06	1.805590E-02	-9.248322E+01
1.03220625000E+06	1.801272E-02	-9.238402E+01
1.03407500000E+06	1.820583E-02	-9.249425E+01
1.03594375000E+06	1.824214E-02	-9.221728E+01
1.03781250000E+06	1.809533E-02	-9.270594E+01
1.03968125000E+06	1.824389E-02	-9.208980E+01
1.04155000000E+06	1.815461E-02	-9.238886E+01
1.04341875000E+06	1.844820E-02	-9.219164E+01
1.04528750000E+06	1.837975E-02	-9.218488E+01
1.04715625000E+06	1.824715E-02	-9.246087E+01
1.04902500000E+06	1.839440E-02	-9.208699E+01
1.05089375000E+06	1.861168E-02	-9.257931E+01
1.05276250000E+06	1.851521E-02	-9.243081E+01
1.05463125000E+06	1.845295E-02	-9.260571E+01
1.05650000000E+06	1.867496E-02	-9.260206E+01
1.05836875000E+06	1.842861E-02	-9.227639E+01
1.06023750000E+06	1.851809E-02	-9.227800E+01
1.06210625000E+06	1.872432E-02	-9.281564E+01
1.06397500000E+06	1.866186E-02	-9.307531E+01
1.06584375000E+06	1.872448E-02	-9.228422E+01
1.06771250000E+06	1.865240E-02	-9.269203E+01
1.06958125000E+06	1.896374E-02	-9.283884E+01
1.07145000000E+06	1.882716E-02	-9.224038E+01
1.07331875000E+06	1.877750E-02	-9.249496E+01
1.07518750000E+06	1.892083E-02	-9.312834E+01
1.07705625000E+06	1.886084E-02	-9.258936E+01
1.07892500000E+06	1.897953E-02	-9.242570E+01
1.08079375000E+06	1.888183E-02	-9.261777E+01
1.08266250000E+06	1.886408E-02	-9.273971E+01
1.08453125000E+06	1.889091E-02	-9.230309E+01
1.08640000000E+06	1.924933E-02	-9.265128E+01
1.08826875000E+06	1.896568E-02	-9.203365E+01
1.09013750000E+06	1.903006E-02	-9.266259E+01
1.09200625000E+06	1.910043E-02	-9.268030E+01
1.09387500000E+06	1.910561E-02	-9.284243E+01
1.09574375000E+06	1.951527E-02	-9.247047E+01
1.09761250000E+06	1.926102E-02	-9.247342E+01
1.09948125000E+06	1.924791E-02	-9.269091E+01
1.10135000000E+06	1.912630E-02	-9.247710E+01
1.10321875000E+06	1.942195E-02	-9.180888E+01
1.10508750000E+06	1.936917E-02	-9.259984E+01
1.10695625000E+06	1.955922E-02	-9.218723E+01
1.10882500000E+06	1.942413E-02	-9.250732E+01
1.11069375000E+06	1.938897E-02	-9.281186E+01
1.11256250000E+06	1.951987E-02	-9.213978E+01
1.11443125000E+06	1.949335E-02	-9.297984E+01
1.11630000000E+06	1.975121E-02	-9.250196E+01
1.11816875000E+06	1.950671E-02	-9.295944E+01
1.12003750000E+06	1.976378E-02	-9.247969E+01
1.12190625000E+06	1.978621E-02	-9.265462E+01
1.12377500000E+06	1.971955E-02	-9.222555E+01
1.12564375000E+06	1.978964E-02	-9.194148E+01
1.12751250000E+06	1.967178E-02	-9.249600E+01
1.12938125000E+06	1.982947E-02	-9.288229E+01
1.13125000000E+06	1.987150E-02	-9.290307E+01
1.13311875000E+06	1.978025E-02	-9.304455E+01
1.13498750000E+06	2.003445E-02	-9.287030E+01
1.13685625000E+06	2.005764E-02	-9.252681E+01
1.13872500000E+06	1.993006E-02	-9.269122E+01
1.14059375000E+06	2.017483E-02	-9.248724E+01
1.14246250000E+06	2.001559E-02	-9.295933E+01
1.14433125000E+06	2.012971E-02	-9.278185E+01
1.14620000000E+06	2.010208E-02	-9.247263E+01
1.14806875000E+06	2.007790E-02	-9.293290E+01
1.14993750000E+06	2.014783E-02	-9.198738E+01
1.15180625000E+06	2.013469E-02	-9.266509E+01
1.15367500000E+06	2.032274E-02	-9.302174E+01
1.15554375000E+06	2.032737E-02	-9.294187E+01
1.15741250000E+06	2.041039E-02	-9.259177E+01
1.15928125000E+06	2.021861E-02	-9.312083E+01
1.16115000000E+06	2.045474E-02	-9.308545E+01
1.16301875000E+06	2.036380E-02	-9.314072E+01
1.16488750000E+06	2.036913E-02	-9.285052E+01
1.16675625000E+06	2.047824E-02	-9.283514E+01
1.16862500000E+06	2.055546E-02	-9.274339E+01
1.17049375000E+06	2.055654E-02	-9.297528E+01
1.17236250000E+06	2.028779E-02	-9.310780E+01
1.17423125000E+06	2.068920E-02	-9.254851E+01
1.17610000000E+06	2.066588E-02	-9.325626E+01
1.17796875000E+06	2.064143E-02	-9.255990E+01
1.17983750000E+06	2.074168E-02	-9.312061E+01
1.18170625000E+06	2.085195E-02	-9.283559E+01
1.18357500000E+06	2.070311E-02	-9.275427E+01
1.18544375000E+06	2.094314E-02	-9.281907E+01
1.18731250000E+06	2.067479E-02	-9.241103E+01
1.18918125000E+06	2.099705E-02	-9.285182E+01
1.19105000000E+06	2.078673E-02	-9.316176E+01
1.19291875000E+06	2.112135E-02	-9.299307E+01
1.19478750000E+06	2.096256E-02	-9.318051E+01
1.19665625000E+06	2.095646E-02	-9.271887E+01
1.19852500000E+06	2.105060E-02	-9.272144E+01
1.20039375000E+06	2.119572E-02	-9.243688E+01
1.20226250000E+06	2.118476E-02	-9.302253E+01
1.20413125000E+06	2.121518E-02	-9.286254E+01
1.20600000000E+06	2.102667E-02	-9.287406E+01
1.20786875000E+06	2.129984E-02	-9.290624E+01
1.20973750000E+06	2.126788E-02	-9.298354E+01
1.21160625000E+06	2.119905E-02	-9.298767E+01
1.21347500000E+06	2.145465E-02	-9.287203E+01
1.21534375000E+06	2.138870E-02	-9.266084E+01
1.21721250000E+06	2.156698E-02	-9.307893E+01
1.21908125000E+06	2.136509E-02	-9.307354E+01
1.22095000000E+06	2.146699E-02	-9.237291E+01
1.22281875000E+06	2.165316E-02	-9.290561E+01
1.22468750000E+06	2.143776E-02	-9.297251E+01
1.22655625000E+06	2.142225E-02	-9.312728E+01
1.22842500000E+06	2.159896E-02	-9.291497E+01
1.23029375000E+06	2.175565E-02	-9.312791E+01
1.23216250000E+06	2.172591E-02	-9.287191E+01
1.23403125000E+06	2.151231E-02	-9.295573E+01
1.23590000000E+06	2.180130E-02	-9.290938E+01
1.23776875000E+06	2.187599E-02	-9.323318E+01
1.23963750000E+06	2.191669E-02	-9.291777E+01
1.24150625000E+06	2.183695E-02	-9.262653E+01
1.24337500000E+06	2.183026E-02	-9.320354E+01
1.24524375000E+06	2.186819E-02	-9.311832E+01
1.24711250000E+06	2.188174E-02	-9.302111E+01
1.24898125000E+06	2.200167E-02	-9.303889E+01
1.25085000000E+06	2.187528E-02	-9.264988E+01
1.25271875000E+06	2.205587E-02	-9.305541E+01
1.25458750000E+06	2.201660E-02	-9.320228E+01
1.25645625000E+06	2.224049E-02	-9.296397E+01
1.25832500000E+06	2.201065E-02	-9.263488E+01
1.26019375000E+06	2.203965E-02	-9.285519E+01
1.26206250000E+06	2.216607E-02	-9.255811E+01
1.26393125000E+06	2.213260E-02	-9.277709E+01
1.26580000000E+06	2.206276E-02	-9.329298E+01
1.26766875000E+06	2.214411E-02	-9.281650E+01
1.26953750000E+06	2.233099E-02	-9.284738E+01
1.27140625000E+06	2.221348E-02	-9.304662E+01
1.27327500000E+06	2.233846E-02	-9.250018E+01
1.27514375000E+06	2.231769E-02	-9.279236E+01
1.27701250000E+06	2.245293E-02	-9.317312E+01
1.27888125000E+06	2.261087E-02	-9.301884E+01
1.28075000000E+06	2.259995E-02	-9.278441E+01
1.28261875000E+06	2.245675E-02	-9.316887E+01
1.28448750000E+06	2.264125E-02	-9.277557E+01
1.28635625000E+06	2.256318E-02	-9.277429E+01
1.28822500000E+06	2.252318E-02	-9.319899E+01
1.29009375000E+06	2.272054E-02	-9.334831E+01
1.29196250000E+06	2.277856E-02	-9.267401E+01
1.29383125000E+06	2.279349E-02	-9.277036E+01
1.29570000000E+06	2.275784E-02	-9.317761E+01
1.29756875000E+06	2.293826E-02	-9.273190E+01
1.29943750000E+06	2.284116E-02	-9.317055E+01
1.30130625000E+06	2.274469E-02	-9.317709E+01
1.30317500000E+06	2.273476E-02	-9.322121E+01
1.30504375000E+06	2.285392E-02	-9.297575E+01
1.30691250000E+06	2.305899E-02	-9.272667E+01
1.30878125000E+06	2.292163E-02	-9.296230E+01
1.31065000000E+06	2.304234E-02	-9.325497E+01
1.31251875000E+06	2.300901E-02	-9.324228E+01
1.31438750000E+06	2.318297E-02	-9.323349E+01
1.31625625000E+06	2.304317E-02	-9.309319E+01
1.31812500000E+06	2.316168E-02	-9.278537E+01
1.31999375000E+06	2.335947E-02	-9.298982E+01
1.32186250000E+06	2.329727E-02	-9.329994E+01
1.32373125000E+06	2.313716E-02	-9.334602E+01
1.32560000000E+06	2.325708E-02	-9.306866E+01
1.32746875000E+06	2.333719E-02	-9.327682E+01
1.32933750000E+06	2.332873E-02	-9.263155E+01
1.33120625000E+06	2.353266E-02	-9.314122E+01
1.33307500000E+06	2.341844E-02	-9.349232E+01
1.33494375000E+06	2.362115E-02	-9.314865E+01
1.33681250000E+06	2.371965E-02	-9.314053E+01
1.33868125000E+06	2.335235E-02	-9.300085E+01
1.34055000000E+06	2.360473E-02	-9.316857E+01
1.34241875000E+06	2.363462E-02	-9.339513E+01
1.34428750000E+06	2.353245E-02	-9.317150E+01
1.34615625000E+06	2.376297E-02	-9.338717E+01
1.34802500000E+06	2.357588E-02	-9.402082E+01
1.34989375000E+06	2.374476E-02	-9.322108E+01
1.35176250000E+06	2.383567E-02	-9.316582E+01
1.35363125000E+06	2.377922E-02	-9.282280E+01
1.35550000000E+06	2.374935E-02	-9.275245E+01
1.35736875000E+06	2.391477E-02	-9.315405E+01
1.35923750000E+06	2.387730E-02	-9.289827E+01
1.36110625000E+06	2.397760E-02	-9.346796E+01
1.36297500000E+06	2.411657E-02	-9.324631E+01
1.36484375000E+06	2.404986E-02	-9.307158E+01
1.36671250000E+06	2.404077E-02	-9.349459E+01
1.36858125000E+06	2.414378E-02	-9.286809E+01
1.37045000000E+06	2.405492E-02	-9.314292E+01
1.37231875000E+06	2.407224E-02	-9.334222E+01
1.37418750000E+06	2.410848E-02	-9.309581E+01
1.37605625000E+06	2.420977E-02	-9.312145E+01
1.37792500000E+06	2.428432E-02	-9.307691E+01
1.37979375000E+06	2.448950E-02	-9.314135E+01
1.38166250000E+06	2.441531E-02	-9.344738E+01
1.38353125000E+06	2.435826E-02	-9.352630E+01
1.38540000000E+06	2.452629E-02	-9.355294E+01
1.38726875000E+06	2.431132E-02	-9.317049E+01
1.38913750000E+06	2.449941E-02	-9.321573E+01
1.39100625000E+06	2.457231E-02	-9.304690E+01
1.39287500000E+06	2.447644E-02	-9.339555E+01
1.39474375000E+06	2.468777E-02	-9.337212E+01
1.39661250000E+06	2.453305E-02	-9.340560E+01
1.39848125000E+06	2.451831E-02	-9.353856E+01
1.40035000000E+06	2.472059E-02	-9.342233E+01
1.40221875000E+06	2.460976E-02	-9.287597E+01
1.40408750000E+06	2.476106E-02	-9.329071E+01
1.40595625000E+06	2.493588E-02	-9.355033E+01
1.40782500000E+06	2.457030E-02	-9.320026E+01
1.40969375000E+06	2.490289E-02	-9.327249E+01
1.41156250000E+06	2.481501E-02	-9.302628E+01
1.41343125000E+06	2.484952E-02	-9.358732E+01
1.41530000000E+06	2.495991E-02	-9.343203E+01
1.41716875000E+06	2.478796E-02	-9.319626E+01
1.41903750000E+06	2.495785E-02	-9.312293E+01
1.42090625000E+06	2.500022E-02	-9.350710E+01
1.42277500000E+06	2.504885E-02	-9.353966E+01
1.42464375000E+06	2.508531E-02	-9.348248E+01
1.42651250000E+06	2.510735E-02	-9.358281E+01
1.42838125000E+06	2.509300E-02	-9.307173E+01
1.43025000000E+06	2.538976E-02	-9.334351E+01
1.43211875000E+06	2.515318E-02	-9.379774E+01
1.43398750000E+06	2.533171E-02	-9.308308E+01
1.43585625000E+06	2.514521E-02	-9.354736E+01
1.43772500000E+06	2.540629E-02	-9.332799E+01
1.43959375000E+06	2.553969E-02	-9.302951E+01
1.44146250000E+06	2.532196E-02	-9.318655E+01
1.44333125000E+06	2.538404E-02	-9.325077E+01
1.44520000000E+06	2.546038E-02	-9.261277E+01
1.44706875000E+06	2.538181E-02	-9.356331E+01
1.44893750000E+06	2.537254E-02	-9.349932E+01
1.45080625000E+06	2.528725E-02	-9.360855E+01
1.45267500000E+06	2.542365E-02	-9.341957E+01
1.45454375000E+06	2.565596E-02	-9.368471E+01
1.45641250000E+06	2.543694E-02	-9.403753E+01
1.45828125000E+06	2.587419E-02	-9.365413E+01
1.46015000000E+06	2.583639E-02	-9.356651E+01
1.46201875000E+06	2.585407E-02	-9.353647E+01
1.46388750000E+06	2.573036E-02	-9.319241E+01
1.46575625000E+06	2.601326E-02	-9.374297E+01
1.46762500000E+06	2.587877E-02	-9.343511E+01
1.46949375000E+06	2.596206E-02	-9.348923E+01
1.47136250000E+06	2.603082E-02	-9.339027E+01
1.47323125000E+06	2.594081E-02	-9.343434E+01
1.47510000000E+06	2.596610E-02	-9.325745E+01
1.47696875000E+06	2.607142E-02	-9.351314E+01
1.47883750000E+06	2.623833E-02	-9.313419E+01
1.48070625000E+06	2.595494E-02	-9.362659E+01
1.48257500000E+06	2.618862E-02	-9.316172E+01
1.48444375000E+06	2.622598E-02	-9.340054E+01
1.48631250000E+06	2.614666E-02	-9.344914E+01
1.48818125000E+06	2.621838E-02	-9.330432E+01
1.49005000000E+06	2.636584E-02	-9.374644E+01
1.49191875000E+06	2.633149E-02	-9.319884E+01
1.49378750000E+06	2.624409E-02	-9.366940E+01
1.49565625000E+06	2.635742E-02	-9.349043E+01
1.49752500000E+06	2.640242E-02	-9.353873E+01
1.49939375000E+06	2.662988E-02	-9.356584E+01
1.50126250000E+06	2.639692E-02	-9.358371E+01
1.50313125000E+06	2.646940E-02	-9.353690E+01
1.50500000000E+06	2.654182E-02	-9.344442E+01
1.50686875000E+06	2.662048E-02	-9.389340E+01
1.50873750000E+06	2.656894E-02	-9.352549E+01
1.51060625000E+06	2.650643E-02	-9.346361E+01
1.51247500000E+06	2.647137E-02	-9.350005E+01
1.51434375000E+06	2.669895E-02	-9.338889E+01
1.51621250000E+06	2.692936E-02	-9.328566E+01
1.51808125000E+06	2.685133E-02	-9.364252E+01
1.51995000000E+06	2.690940E-02	-9.328593E+01
1.52181875000E+06	2.689113E-02	-9.388109E+01
1.52368750000E+06	2.688671E-02	-9.381865E+01
1.52555625000E+06	2.699745E-02	-9.370718E+01
1.52742500000E+06	2.706042E-02	-9.363702E+01
1.52929375000E+06	2.696294E-02	-9.342806E+01
1.53116250000E+06	2.695885E-02	-9.347536E+01
1.53303125000E+06	2.704119E-02	-9.360954E+01
1.53490000000E+06	2.716905E-02	-9.319024E+01
1.53676875000E+06	2.730766E-02	-9.353544E+01
1.53863750000E+06	2.721186E-02	-9.346210E+01
1.54050625000E+06	2.707899E-02	-9.349112E+01
1.54237500000E+06	2.727322E-02	-9.357856E+01
1.54424375000E+06	2.720981E-02	-9.385506E+01
1.54611250000E+06	2.710452E-02	-9.388483E+01
1.54798125000E+06	2.749677E-02	-9.361475E+01
1.54985000000E+06	2.725456E-02	-9.360507E+01
1.55171875000E+06	2.717567E-02	-9.385983E+01
1.55358750000E+06	2.757413E-02	-9.361215E+01
1.55545625000E+06	2.749929E-02	-9.422773E+01
1.55732500000E+06	2.744831E-02	-9.415377E+01
1.55919375000E+06	2.742509E-02	-9.369887E+01
1.56106250000E+06	2.760182E-02	-9.395837E+01
1.56293125000E+06	2.753712E-02	-9.340180E+01
1.56480000000E+06	2.775219E-02	-9.387061E+01
1.56666875000E+06	2.759886E-02	-9.371387E+01
1.56853750000E+06	2.762214E-02	-9.321786E+01
1.57040625000E+06	2.791910E-02	-9.344194E+01
1.57227500000E+06	2.795354E-02	-9.396667E+01
1.57414375000E+06	2.796846E-02	-9.344340E+01
1.57601250000E+06	2.769260E-02	-9.325971E+01
1.57788125000E+06	2.787657E-02	-9.370548E+01
1.57975000000E+06	2.782791E-02	-9.333334E+01
1.58161875000E+06	2.792319E-02	-9.363589E+01
1.58348750000E+06	2.793644E-02	-9.373180E+01
1.58535625000E+06	2.817320E-02	-9.339430E+01
1.58722500000E+06	2.787633E-02	-9.365845E+01
1.58909375000E+06	2.808548E-02	-9.395812E+01
1.59096250000E+06	2.813011E-02	-9.381688E+01
1.59283125000E+06	2.820194E-02	-9.376790E+01
1.59470000000E+06	2.801586E-02	-9.378598E+01
1.59656875000E+06	2.829149E-02	-9.372663E+01
1.59843750000E+06	2.832774E-02	-9.400863E+01
1.60030625000E+06	2.834809E-02	-9.356981E+01
1.60217500000E+06	2.838013E-02	-9.368615E+01
1.60404375000E+06	2.823507E-02	-9.401234E+01
1.60591250000E+06	2.828101E-02	-9.402747E+01
1.60778125000E+06	2.847831E-02	-9.348911E+01
1.60965000000E+06	2.852355E-02	-9.347565E+01
1.61151875000E+06	2.836634E-02	-9.364164E+01
1.61338750000E+06	2.850867E-02	-9.365792E+01
1.61525625000E+06	2.862972E-02	-9.376466E+01
1.61712500000E+06	2.867136E-02	-9.359826E+01
1.61899375000E+06	2.855329E-02	-9.373660E+01
1.62086250000E+06	2.868032E-02	-9.408467E+01
1.62273125000E+06	2.889701E-02	-9.388335E+01
1.62460000000E+06	2.871169E-02	-9.375111E+01
1.62646875000E+06	2.877774E-02	-9.375787E+01
1.62833750000E+06	2.885517E-02	-9.400109E+01
1.63020625000E+06	2.892848E-02	-9.357194E+01
1.63207500000E+06	2.885090E-02	-9.384270E+01
1.63394375000E+06	2.883981E-02	-9.370854E+01
1.63581250000E+06	2.904652E-02	-9.396191E+01
1.63768125000E+06	2.885024E-02	-9.425706E+01
1.63955000000E+06	2.916844E-02	-9.393616E+01
1.64141875000E+06	2.908489E-02	-9.375712E+01
1.64328750000E+06	2.896664E-02	-9.390302E+01
1.64515625000E+06	2.910550E-02	-9.386066E+01
1.64702500000E+06	2.915044E-02	-9.405136E+01
1.64889375000E+06	2.897921E-02	-9.352526E+01
1.65076250000E+06	2.927588E-02	-9.382601E+01
1.65263125000E+06	2.923402E-02	-9.371796E+01
1.65450000000E+06	2.929343E-02	-9.434765E+01
1.65636875000E+06	2.937029E-02	-9.376903E+01
1.65823750000E+06	2.927214E-02	-9.452407E+01
1.66010625000E+06	2.934226E-02	-9.399790E+01
1.66197500000E+06	2.944115E-02	-9.385424E+01
1.66384375000E+06	2.951540E-02	-9.436619E+01
1.66571250000E+06	2.965647E-02	-9.375850E+01
1.66758125000E+06	2.944253E-02	-9.388457E+01
1.66945000000E+06	2.946688E-02	-9.393884E+01
1.67131875000E+06	2.963445E-02	-9.347977E+01
1.67318750000E+06	2.966783E-02	-9.408330E+01
1.67505625000E+06	2.986850E-02	-9.435285E+01
1.67692500000E+06	2.988831E-02	-9.409496E+01
1.67879375000E+06	2.992194E-02	-9.421333E+01
1.68066250000E+06	2.987475E-02	-9.375214E+01
1.68253125000E+06	2.975058E-02	-9.380994E+01
1.68440000000E+06	2.967526E-02	-9.388129E+01
1.68626875000E+06	2.985488E-02	-9.413033E+01
1.68813750000E+06	2.994002E-02	-9.344818E+01
1.69000625000E+06	3.005234E-02	-9.381261E+01
1.69187500000E+06	2.994203E-02	-9.356776E+01
1.69374375000E+06	3.018591E-02	-9.410828E+01
1.69561250000E+06	3.012825E-02	-9.437640E+01
1.69748125000E+06	3.001068E-02	-9.396690E+01
1.69935000000E+06	3.012451E-02	-9.379977E+01
1.70121875000E+06	3.009532E-02	-9.438309E+01
1.70308750000E+06	3.034641E-02	-9.377541E+01
1.70495625000E+06	3.008825E-02	-9.416832E+01
1.70682500000E+06	3.025495E-02	-9.409581E+01
1.70869375000E+06	3.024323E-02	-9.408437E+01
1.71056250000E+06	3.035911E-02	-9.412469E+01
1.71243125000E+06	3.036597E-02	-9.415686E+01
1.71430000000E+06	3.038212E-02	-9.421311E+01
1.71616875000E+06	3.026608E-02	-9.366695E+01
1.71803750000E+06	3.033930E-02	-9.391396E+01
1.71990625000E+06	3.039222E-02	-9.430097E+01
1.72177500000E+06	3.055920E-02	-9.423664E+01
1.72364375000E+06	3.064075E-02	-9.408921E+01
1.72551250000E+06	3.074081E-02	-9.394527E+01
1.72738125000E+06	3.064196E-02	-9.406373E+01
1.72925000000E+06	3.064131E-02	-9.380500E+01
1.73111875000E+06	3.073165E-02	-9.395911E+01
1.73298750000E+06	3.073055E-02	-9.401479E+01
1.73485625000E+06	3.079405E-02	-9.408332E+01
1.73672500000E+06	3.089236E-02	-9.406520E+01
1.73859375000E+06	3.080679E-02	-9.440009E+01
1.74046250000E+06	3.097028E-02	-9.436439E+01
1.74233125000E+06	3.098599E-02	-9.393840E+01
1.74420000000E+06	3.093558E-02	-9.438193E+01
1.74606875000E+06	3.109102E-02	-9.402692E+01
1.74793750000E+06	3.100872E-02	-9.398312E+01
1.74980625000E+06	3.109535E-02	-9.411723E+01
1.75167500000E+06	3.101316E-02	-9.441456E+01
1.75354375000E+06	3.112356E-02	-9.421296E+01
1.75541250000E+06	3.111247E-02	-9.423383E+01
1.75728125000E+06	3.118038E-02	-9.419556E+01
1.75915000000E+06	3.123269E-02	-9.413091E+01
1.76101875000E+06	3.127620E-02	-9.402162E+01
1.76288750000E+06	3.139391E-02	-9.406607E+01
1.76475625000E+06	3.145522E-02	-9.406271E+01
1.76662500000E+06	3.141852E-02	-9.415208E+01
1.76849375000E+06	3.134828E-02	-9.417067E+01
1.77036250000E+06	3.149747E-02	-9.400854E+01
1.77223125000E+06	3.151251E-02	-9.407681E+01
1.77410000000E+06	3.146885E-02	-9.444636E+01
1.77596875000E+06	3.157098E-02	-9.395246E+01
1.77783750000E+06	3.153740E-02	-9.453572E+01
1.77970625000E+06	3.167257E-02	-9.441933E+01
1.78157500000E+06	3.177351E-02	-9.436916E+01
1.78344375000E+06	3.172873E-02	-9.445116E+01
1.78531250000E+06	3.173316E-02	-9.419062E+01
1.78718125000E+06	3.186639E-02	-9.417539E+01
1.78905000000E+06	3.178472E-02	-9.421410E+01
1.79091875000E+06	3.193486E-02	-9.430492E+01
1.79278750000E+06	3.181501E-02	-9.429358E+01
1.79465625000E+06	3.220505E-02	-9.415827E+01
1.79652500000E+06	3.194805E-02	-9.422452E+01
1.79839375000E+06	3.200679E-02	-9.424799E+01
1.80026250000E+06	3.224072E-02	-9.421668E+01
1.80213125000E+06	3.192006E-02	-9.445061E+01
1.80400000000E+06	3.227221E-02	-9.415092E+01
1.80586875000E+06	3.205993E-02	-9.417207E+01
1.80773750000E+06	3.187014E-02	-9.451981E+01
1.80960625000E+06	3.193311E-02	-9.445353E+01
1.81147500000E+06	3.198578E-02	-9.399112E+01
1.81334375000E+06	3.224682E-02	-9.407402E+01
1.81521250000E+06	3.232681E-02	-9.412220E+01
1.81708125000E+06	3.232497E-02	-9.367455E+01
1.81895000000E+06	3.218525E-02	-9.423177E+01
1.82081875000E+06	3.236655E-02	-9.403290E+01
1.82268750000E+06	3.220159E-02	-9.415366E+01
1.82455625000E+06	3.257243E-02	-9.457497E+01
1.82642500000E+06	3.236320E-02	-9.451002E+01
1.82829375000E+06	3.259459E-02	-9.429533E+01
1.83016250000E+06	3.240449E-02	-9.451594E+01
1.83203125000E+06	3.249371E-02	-9.393495E+01
1.83390000000E+06	3.291503E-02	-9.461588E+01
1.83576875000E+06	3.270090E-02	-9.453455E+01
1.83763750000E+06	3.262757E-02	-9.468329E+01
1.83950625000E+06	3.266524E-02	-9.460964E+01
1.84137500000E+06	3.289669E-02	-9.450179E+01
1.84324375000E+06	3.289812E-02	-9.430434E+01
1.84511250000E+06	3.286340E-02	-9.452609E+01
1.84698125000E+06	3.296886E-02	-9.484029E+01
1.84885000000E+06	3.283391E-02	-9.446192E+01
1.85071875000E+06	3.289388E-02	-9.424866E+01
1.85258750000E+06	3.301704E-02	-9.421880E+01
1.85445625000E+06	3.310742E-02	-9.415320E+01
1.85632500000E+06	3.294894E-02	-9.447865E+01
1.85819375000E+06	3.319600E-02	-9.441724E+01
1.86006250000E+06	3.311814E-02	-9.472254E+01
1.86193125000E+06	3.321452E-02	-9.434978E+01
1.86380000000E+06	3.334469E-02	-9.457639E+01
1.86566875000E+06	3.313511E-02	-9.466800E+01
1.86753750000E+06	3.333921E-02	-9.473817E+01
1.86940625000E+06	3.335451E-02	-9.449454E+01
1.87127500000E+06	3.325511E-02	-9.433309E+01
1.87314375000E+06	3.334082E-02	-9.470119E+01
1.87501250000E+06	3.353819E-02	-9.442339E+01
1.87688125000E+06	3.366936E-02	-9.483089E+01
1.87875000000E+06	3.341458E-02	-9.442627E+01
1.88061875000E+06	3.361873E-02	-9.456444E+01
1.88248750000E+06	3.365458E-02	-9.446249E+01
1.88435625000E+06	3.366788E-02	-9.473630E+01
1.88622500000E+06	3.378214E-02	-9.442638E+01
1.88809375000E+06	3.365477E-02	-9.443365E+01
1.88996250000E+06	3.354044E-02	-9.447229E+01
1.89183125000E+06	3.365865E-02	-9.504800E+01
1.89370000000E+06	3.371789E-02	-9.481331E+01
1.89556875000E+06	3.391882E-02	-9.467828E+01
1.89743750000E+06	3.388099E-02	-9.459734E+01
1.89930625000E+06	3.389836E-02	-9.447330E+01
1.90117500000E+06	3.385239E-02	-9.473167E+01
1.90304375000E+06	3.399317E-02	-9.478750E+01
1.90491250000E+06	3.396753E-02	-9.449851E+01
1.90678125000E+06	3.412524E-02	-9.459335E+01
1.90865000000E+06	3.402765E-02	-9.491208E+01
1.91051875000E+06	3.417736E-02	-9.456367E+01
1.91238750000E+06	3.423747E-02	-9.472605E+01
1.91425625000E+06	3.410550E-02	-9.471778E+01
1.91612500000E+06	3.423955E-02	-9.479494E+01
1.91799375000E+06	3.420886E-02	-9.484041E+01
1.91986250000E+06	3.438065E-02	-9.470020E+01
1.92173125000E+06	3.430334E-02	-9.456341E+01
1.92360000000E+06	3.442663E-02	-9.474490E+01
1.92546875000E+06	3.442993E-02	-9.467178E+01
1.92733750000E+06	3.437340E-02	-9.489300E+01
1.92920625000E+06	3.446656E-02	-9.464478E+01
1.93107500000E+06	3.448961E-02	-9.492562E+01
1.93294375000E+06	3.453505E-02	-9.482291E+01
1.93481250000E+06	3.458751E-02	-9.489384E+01
1.93668125000E+06	3.445470E-02	-9.478004E+01
1.93855000000E+06	3.466771E-02	-9.492628E+01
1.94041875000E+06	3.469457E-02	-9.482123E+01
1.94228750000E+06	3.467723E-02	-9.519237E+01
1.94415625000E+06	3.475446E-02	-9.481185E+01
1.94602500000E+06	3.483640E-02	-9.492239E+01
1.94789375000E+06	3.483344E-02	-9.493458E+01
1.94976250000E+06	3.466051E-02	-9.504430E+01
1.95163125000E+06	3.480593E-02	-9.482269E+01
1.95350000000E+06	3.500641E-02	-9.477736E+01
1.95536875000E+06	3.489676E-02	-9.477808E+01
1.95723750000E+06	3.513277E-02	-9.510828E+01
1.95910625000E+06	3.513800E-02	-9.497687E+01
1.96097500000E+06	3.524405E-02	-9.449612E+01
1.96284375000E+06	3.507772E-02	-9.466283E+01
1.96471250000E+06	3.522625E-02	-9.464669E+01
1.96658125000E+06	3.525020E-02	-9.500837E+01
1.96845000000E+06	3.499290E-02	-9.521155E+01
1.97031875000E+06	3.516555E-02	-9.488525E+01
1.97218750000E+06	3.537748E-02	-9.511890E+01
1.97405625000E+06	3.534950E-02	-9.480769E+01
1.97592500000E+06	3.526200E-02	-9.486810E+01
1.97779375000E+06	3.551615E-02	-9.478301E+01
1.97966250000E+06	3.534012E-02	-9.503909E+01
1.98153125000E+06	3.500904E-02	-9.508053E+01
1.98340000000E+06	3.550078E-02	-9.473470E+01
1.98526875000E+06	3.573797E-02	-9.532116E+01
1.98713750000E+06	3.564016E-02	-9.484425E+01
1.98900625000E+06	3.535278E-02	-9.474235E+01
1.99087500000E+06	3.533852E-02	-9.511884E+01
1.99274375000E+06	3.579796E-02	-9.551339E+01
1.99461250000E+06	3.561047E-02	-9.506744E+01
1.99648125000E+06	3.565414E-02	-9.510429E+01
1.99835000000E+06	3.570361E-02	-9.507420E+01
2.00021875000E+06	3.580219E-02	-9.532012E+01
2.00208750000E+06	3.585706E-02	-9.484557E+01
2.00395625000E+06	3.567793E-02	-9.494595E+01
2.00582500000E+06	3.596042E-02	-9.526853E+01
2.00769375000E+06	3.571326E-02	-9.512308E+01
2.00956250000E+06	3.610459E-02	-9.505640E+01
2.01143125000E+06	3.582110E-02	-9.484841E+01
2.01330000000E+06	3.600227E-02	-9.503434E+01
2.01516875000E+06	3.597425E-02	-9.509249E+01
2.01703750000E+06	3.600249E-02	-9.516047E+01
2.01890625000E+06	3.621245E-02	-9.541291E+01
2.02077500000E+06	3.600693E-02	-9.508292E+01
2.02264375000E+06	3.623625E-02	-9.531833E+01
2.02451250000E+06	3.635833E-02	-9.552201E+01
2.02638125000E+06	3.624771E-02	-9.549748E+01
2.02825000000E+06	3.630635E-02	-9.517125E+01
2.03011875000E+06	3.632205E-02	-9.531316E+01
2.03198750000E+06	3.634262E-02	-9.523962E+01
2.03385625000E+06	3.643954E-02	-9.517444E+01
2.03572500000E+06	3.641039E-02	-9.523712E+01
2.03759375000E+06	3.641234E-02	-9.501133E+01
2.03946250000E+06	3.644495E-02	-9.502875E+01
2.04133125000E+06	3.657673E-02	-9.510088E+01
2.04320000000E+06	3.651534E-02	-9.547485E+01
2.04506875000E+06	3.654523E-02	-9.529841E+01
2.04693750000E+06	3.654504E-02	-9.523849E+01
2.04880625000E+06	3.657304E-02	-9.523078E+01
2.05067500000E+06	3.668825E-02	-9.519434E+01
2.05254375000E+06	3.656044E-02	-9.535793E+01
2.05441250000E+06	3.676653E-02	-9.522279E+01
2.05628125000E+06	3.678317E-02	-9.534103E+01
2.05815000000E+06	3.669028E-02	-9.531171E+01
2.06001875000E+06	3.676641E-02	-9.529044E+01
2.06188750000E+06	3.686326E-02	-9.526575E+01
2.06375625000E+06	3.682245E-02	-9.542341E+01
2.06562500000E+06	3.687186E-02	-9.514216E+01
2.06749375000E+06	3.699491E-02	-9.559876E+01
2.06936250000E+06	3.695984E-02	-9.525570E+01
2.07123125000E+06	3.698539E-02	-9.519269E+01
2.07310000000E+06	3.688861E-02	-9.524918E+01
2.07496875000E+06	3.715825E-02	-9.563095E+01
2.07683750000E+06	3.716026E-02	-9.534360E+01
2.07870625000E+06	3.719534E-02	-9.518157E+01
2.08057500000E+06	3.718967E-02	-9.517554E+01
2.08244375000E+06	3.714442E-02	-9.515598E+01
2.08431250000E+06	3.716139E-02	-9.541245E+01
2.08618125000E+06	3.714075E-02	-9.535391E+01
2.08805000000E+06	3.732193E-02	-9.553071E+01
2.08991875000E+06	3.718957E-02	-9.546004E+01
2.09178750000E+06	3.733056E-02	-9.534380E+01
2.09365625000E+06	3.738785E-02	-9.546590E+01
2.09552500000E+06	3.750004E-02	-9.561334E+01
2.09739375000E+06	3.750368E-02	-9.560561E+01
2.09926250000E+06	3.746355E-02	-9.569588E+01
2.10113125000E+06	3.750233E-02	-9.551181E+01
2.10300000000E+06	3.766798E-02	-9.541687E+01
2.10486875000E+06	3.757993E-02	-9.555466E+01
2.10673750000E+06	3.752957E-02	-9.564113E+01
2.10860625000E+06	3.756461E-02	-9.556174E+01
2.11047500000E+06	3.761600E-02	-9.548340E+01
2.11234375000E+06	3.779234E-02	-9.532792E+01
2.11421250000E+06	3.778854E-02	-9.526929E+01
2.11608125000E+06	3.770087E-02	-9.549029E+01
2.11795000000E+06	3.784775E-02	-9.570081E+01
2.11981875000E+06	3.788897E-02	-9.545490E+01
2.12168750000E+06	3.780811E-02	-9.534818E+01
2.12355625000E+06	3.792766E-02	-9.573578E+01
2.12542500000E+06	3.783879E-02	-9.564573E+01
2.12729375000E+06	3.803135E-02	-9.536507E+01
2.12916250000E+06	3.801550E-02	-9.568433E+01
2.13103125000E+06	3.799149E-02	-9.577670E+01
2.13290000000E+06	3.802160E-02	-9.553931E+01
2.13476875000E+06	3.805669E-02	-9.554495E+01
2.13663750000E+06	3.807705E-02	-9.561103E+01
2.13850625000E+06	3.805711E-02	-9.560075E+01
2.14037500000E+06	3.810802E-02	-9.551458E+01
2.14224375000E+06	3.839845E-02	-9.564101E+01
2.14411250000E+06	3.819797E-02	-9.579156E+01
2.14598125000E+06	3.830191E-02	-9.571761E+01
2.14785000000E+06	3.833893E-02	-9.558759E+01
2.14971875000E+06	3.829839E-02	-9.542910E+01
2.15158750000E+06	3.839214E-02	-9.559547E+01
2.15345625000E+06	3.832067E-02	-9.576184E+01
2.15532500000E+06	3.841430E-02	-9.542856E+01
2.15719375000E+06	3.848511E-02	-9.568818E+01
2.15906250000E+06	3.828903E-02	-9.587132E+01
2.16093125000E+06	3.841715E-02	-9.583087E+01
2.16280000000E+06	3.857459E-02	-9.544421E+01
2.16466875000E+06	3.855659E-02	-9.566232E+01
2.16653750000E+06	3.851105E-02	-9.598374E+01
2.16840625000E+06	3.878473E-02	-9.569205E+01
2.17027500000E+06	3.895636E-02	-9.533767E+01
2.17214375000E+06	3.859986E-02	-9.558299E+01
2.17401250000E+06	3.863483E-02	-9.540324E+01
2.17588125000E+06	3.853561E-02	-9.594598E+01
2.17775000000E+06	3.907704E-02	-9.570618E+01
2.17961875000E+06	3.879624E-02	-9.570728E+01
2.18148750000E+06	3.859403E-02	-9.545403E+01
2.18335625000E+06	3.861407E-02	-9.568782E+01
2.18522500000E+06	3.891487E-02	-9.564455E+01
2.18709375000E+06	3.888103E-02	-9.567580E+01
2.18896250000E+06	3.893500E-02	-9.556533E+01
2.19083125000E+06	3.913097E-02	-9.538367E+01
2.19270000000E+06	3.914072E-02	-9.537189E+01
2.19456875000E+06	3.897506E-02	-9.532652E+01
2.19643750000E+06	3.898791E-02	-9.569634E+01
2.19830625000E+06	3.904222E-02	-9.593489E+01
2.20017500000E+06	3.934136E-02	-9.543977E+01
2.20204375000E+06	3.904463E-02	-9.569231E+01
2.20391250000E+06	3.928319E-02	-9.587166E+01
2.20578125000E+06	3.935966E-02	-9.586165E+01
2.20765000000E+06	3.939698E-02	-9.588250E+01
2.20951875000E+06	3.960780E-02	-9.532536E+01
2.21138750000E+06	3.903866E-02	-9.565033E+01
2.21325625000E+06	3.942980E-02	-9.579580E+01
2.21512500000E+06	3.970469E-02	-9.582113E+01
2.21699375000E+06	3.930533E-02	-9.552642E+01
2.21886250000E+06	3.957116E-02	-9.574232E+01
2.22073125000E+06	3.957429E-02	-9.586659E+01
2.22260000000E+06	3.944130E-02	-9.559992E+01
2.22446875000E+06	3.982466E-02	-9.590205E+01
2.22633750000E+06	3.963649E-02	-9.543944E+01
2.22820625000E+06	3.978544E-02	-9.587267E+01
2.23007500000E+06	3.968253E-02	-9.571889E+01
2.23194375000E+06	3.957686E-02	-9.573652E+01
2.23381250000E+06	3.984879E-02	-9.586377E+01
2.23568125000E+06	3.975232E-02	-9.562228E+01
2.23755000000E+06	3.967279E-02	-9.560773E+01
2.23941875000E+06	3.986057E-02	-9.575050E+01
2.24128750000E+06	4.003653E-02	-9.551522E+01
2.24315625000E+06	4.004507E-02	-9.571855E+01
2.24502500000E+06	3.992203E-02	-9.552708E+01
2.24689375000E+06	4.013170E-02	-9.589788E+01
2.24876250000E+06	4.002845E-02	-9.558173E+01
2.25063125000E+06	4.011096E-02	-9.575999E+01
2.25250000000E+06	4.027128E-02	-9.564816E+01
2.25436875000E+06	4.022379E-02	-9.552007E+01
2.25623750000E+06	4.012056E-02	-9.595947E+01
2.25810625000E+06	4.034606E-02	-9.591869E+01
2.25997500000E+06	4.035094E-02	-9.561458E+01
2.26184375000E+06	4.023057E-02	-9.574603E+01
2.26371250000E+06	4.037775E-02	-9.582773E+01
2.26558125000E+06	4.033044E-02	-9.581927E+01
2.26745000000E+06	4.051519E-02	-9.562180E+01
2.26931875000E+06	4.041749E-02	-9.587628E+01
2.27118750000E+06	4.049451E-02	-9.598904E+01
2.27305625000E+06	4.062317E-02	-9.557703E+01
2.27492500000E+06	4.052824E-02	-9.592455E+01
2.27679375000E+06	4.059938E-02	-9.575314E+01
2.27866250000E+06	4.057441E-02	-9.586739E+01
2.28053125000E+06	4.058911E-02	-9.557787E+01
2.28240000000E+06	4.063972E-02	-9.583754E+01
2.28426875000E+06	4.083187E-02	-9.577746E+01
2.28613750000E+06	4.080521E-02	-9.593266E+01
2.28800625000E+06	4.073882E-02	-9.553664E+01
2.28987500000E+06	4.080147E-02	-9.580089E+01
2.29174375000E+06	4.081702E-02	-9.593867E+01
2.29361250000E+06	4.097684E-02	-9.589414E+01
2.29548125000E+06	4.098355E-02	-9.587334E+01
2.29735000000E+06	4.079158E-02	-9.557699E+01
2.29921875000E+06	4.089113E-02	-9.572595E+01
2.30108750000E+06	4.106567E-02	-9.579914E+01
2.30295625000E+06	4.101719E-02	-9.578880E+01
2.30482500000E+06	4.102530E-02	-9.592806E+01
2.30669375000E+06	4.105533E-02	-9.589899E+01
2.30856250000E+06	4.106350E-02	-9.578795E+01
2.31043125000E+06	4.106620E-02	-9.573363E+01
2.31230000000E+06	4.109301E-02	-9.576618E+01
2.31416875000E+06	4.125405E-02	-9.595020E+01
2.31603750000E+06	4.133670E-02	-9.585448E+01
2.31790625000E+06	4.141882E-02	-9.567410E+01
2.31977500000E+06	4.141225E-02	-9.572824E+01
2.32164375000E+06	4.141414E-02	-9.567303E+01
2.32351250000E+06	4.132167E-02	-9.579461E+01
2.32538125000E+06	4.162130E-02	-9.586566E+01
2.32725000000E+06	4.151833E-02	-9.558561E+01
2.32911875000E+06	4.155190E-02	-9.584853E+01
2.33098750000E+06	4.159869E-02	-9.587035E+01
2.33285625000E+06	4.166608E-02	-9.597468E+01
2.33472500000E+06	4.177203E-02	-9.577413E+01
2.33659375000E+06	4.170167E-02	-9.594766E+01
2.33846250000E+06	4.162657E-02	-9.574984E+01
2.34033125000E+06	4.192810E-02	-9.596648E+01
2.34220000000E+06	4.166326E-02	-9.588634E+01
2.34406875000E+06	4.175651E-02	-9.585856E+01
2.34593750000E+06	4.191068E-02	-9.578528E+01
2.34780625000E+06	4.186885E-02	-9.592953E+01
2.34967500000E+06	4.195061E-02	-9.586027E+01
2.35154375000E+06	4.199376E-02	-9.590179E+01
2.35341250000E+06	4.198669E-02	-9.602136E+01
2.35528125000E+06	4.200478E-02	-9.582978E+01
2.35715000000E+06	4.207709E-02	-9.583257E+01
2.35901875000E+06	4.215318E-02	-9.581676E+01
2.36088750000E+06	4.207202E-02	-9.575368E+01
2.36275625000E+06	4.219851E-02	-9.579708E+01
2.36462500000E+06	4.213728E-02	-9.593146E+01
2.36649375000E+06	4.227171E-02	-9.582420E+01
2.36836250000E+06	4.225931E-02	-9.573634E+01
2.37023125000E+06	4.228435E-02	-9.588352E+01
2.37210000000E+06	4.234063E-02	-9.581667E+01
2.37396875000E+06	4.246346E-02	-9.566042E+01
2.37583750000E+06	4.242229E-02	-9.592242E+01
2.37770625000E+06	4.229732E-02	-9.605172E+01
2.37957500000E+06	4.247544E-02	-9.600925E+01
2.38144375000E+06	4.264416E-02	-9.599303E+01
2.38331250000E+06	4.240790E-02	-9.567387E+01
2.38518125000E+06	4.251523E-02	-9.583977E+01
2.38705000000E+06	4.270267E-02	-9.576689E+01
2.38891875000E+06	4.258097E-02	-9.596980E+01
2.39078750000E+06	4.257911E-02	-9.597430E+01
2.39265625000E+06	4.279607E-02	-9.590055E+01
2.39452500000E+06	4.268983E-02	-9.579021E+01
2.39639375000E+06	4.289643E-02	-9.577992E+01
2.39826250000E+06	4.302898E-02	-9.615596E+01
2.40013125000E+06	4.293027E-02	-9.589664E+01
2.40200000000E+06	4.287163E-02	-9.588039E+01
2.40386875000E+06	4.282843E-02	-9.603485E+01
2.40573750000E+06	4.288054E-02	-9.595481E+01
2.40760625000E+06	4.313561E-02	-9.563474E+01
2.40947500000E+06	4.306091E-02	-9.556546E+01
2.41134375000E+06	4.321693E-02	-9.612029E+01
2.41321250000E+06	4.309776E-02	-9.581378E+01
2.41508125000E+06	4.322846E-02	-9.614607E+01
2.41695000000E+06	4.315383E-02	-9.557315E+01
2.41881875000E+06	4.365614E-02	-9.594691E+01
2.42068750000E+06	4.336364E-02	-9.584687E+01
2.42255625000E+06	4.336807E-02	-9.597825E+01
2.42442500000E+06	4.364754E-02	-9.614188E+01
2.42629375000E+06	4.329847E-02	-9.536998E+01
2.42816250000E+06	4.327413E-02	-9.613409E+01
2.43003125000E+06	4.361463E-02	-9.593062E+01
2.43190000000E+06	4.329192E-02	-9.606860E+01
2.43376875000E+06	4.343720E-02	-9.588932E+01
2.43563750000E+06	4.368659E-02	-9.601659E+01
2.43750625000E+06	4.361135E-02	-9.618792E+01
2.43937500000E+06	4.357310E-02	-9.599899E+01
2.44124375000E+06	4.367100E-02	-9.578480E+01
2.44311250000E+06	4.335843E-02	-9.623000E+01
2.44498125000E+06	4.344293E-02	-9.582840E+01
2.44685000000E+06	4.383515E-02	-9.606541E+01
2.44871875000E+06	4.409490E-02	-9.581031E+01
2.45058750000E+06	4.392622E-02	-9.581654E+01
2.45245625000E+06	4.388748E-02	-9.591530E+01
2.45432500000E+06	4.389201E-02	-9.608371E+01
2.45619375000E+06	4.413588E-02	-9.599332E+01
2.45806250000E+06	4.385844E-02	-9.613467E+01
2.45993125000E+06	4.385059E-02	-9.605669E+01
2.46180000000E+06	4.412353E-02	-9.608685E+01
2.46366875000E+06	4.393667E-02	-9.580392E+01
2.46553750000E+06	4.425610E-02	-9.588389E+01
2.46740625000E+06	4.405416E-02	-9.589217E+01
2.46927500000E+06	4.420655E-02	-9.623959E+01
2.47114375000E+06	4.435045E-02	-9.586053E+01
2.47301250000E+06	4.419668E-02	-9.610387E+01
2.47488125000E+06	4.442966E-02	-9.602808E+01
2.47675000000E+06	4.443058E-02	-9.604273E+01
2.47861875000E+06	4.446267E-02	-9.577660E+01
2.48048750000E+06	4.424687E-02	-9.610526E+01
2.48235625000E+06	4.438691E-02	-9.572307E+01
2.48422500000E+06	4.429897E-02	-9.596118E+01
2.48609375000E+06	4.446592E-02	-9.599808E+01
2.48796250000E+06	4.444220E-02	-9.598923E+01
2.48983125000E+06	4.452519E-02	-9.605231E+01
2.49170000000E+06	4.462461E-02	-9.608243E+01
2.49356875000E+06	4.456802E-02	-9.586312E+01
2.49543750000E+06	4.471170E-02	-9.605354E+01
2.49730625000E+06	4.485210E-02	-9.600979E+01
2.49917500000E+06	4.480665E-02	-9.615098E+01
2.50104375000E+06	4.483596E-02	-9.590820E+01
2.50291250000E+06	4.488252E-02	-9.601671E+01
2.50478125000E+06	4.476805E-02	-9.602560E+01
2.50665000000E+06	4.467951E-02	-9.598817E+01
2.50851875000E+06	4.509033E-02	-9.627320E+01
2.51038750000E+06	4.509280E-02	-9.597233E+01
2.51225625000E+06	4.508154E-02	-9.584607E+01
2.51412500000E+06	4.498192E-02	-9.605847E+01
2.51599375000E+06	4.516514E-02	-9.609908E+01
2.51786250000E+06	4.518397E-02	-9.594981E+01
2.51973125000E+06	4.499628E-02	-9.601907E+01
2.52160000000E+06	4.523413E-02	-9.607281E+01
2.52346875000E+06	4.517938E-02	-9.599541E+01
2.52533750000E+06	4.523060E-02	-9.599953E+01
2.52720625000E+06	4.534699E-02	-9.604669E+01
2.52907500000E+06	4.540742E-02	-9.601105E+01
2.53094375000E+06	4.534279E-02	-9.605679E+01
2.53281250000E+06	4.533728E-02	-9.622838E+01
2.53468125000E+06	4.562192E-02	-9.594137E+01
2.53655000000E+06	4.564345E-02	-9.609100E+01
2.53841875000E+06	4.540845E-02	-9.605739E+01
2.54028750000E+06	4.561854E-02	-9.614468E+01
2.54215625000E+06	4.570265E-02	-9.600540E+01
2.54402500000E+06	4.572478E-02	-9.615737E+01
2.54589375000E+06	4.562582E-02	-9.592093E+01
2.54776250000E+06	4.561962E-02	-9.620402E+01
2.54963125000E+06	4.573377E-02	-9.606898E+01
2.55150000000E+06	4.566484E-02	-9.603592E+01
2.55336875000E+06	4.588620E-02	-9.604775E+01
2.55523750000E+06	4.592389E-02	-9.622764E+01
2.55710625000E+06	4.583755E-02	-9.605987E+01
2.55897500000E+06	4.603353E-02	-9.602252E+01
2.56084375000E+06	4.587279E-02	-9.622942E+01
2.56271250000E+06	4.600217E-02	-9.616061E+01
2.56458125000E+06	4.601376E-02	-9.614030E+01
2.56645000000E+06	4.610736E-02	-9.613245E+01
2.56831875000E+06	4.599465E-02	-9.610194E+01
2.57018750000E+06	4.623659E-02	-9.603712E+01
2.57205625000E+06	4.606563E-02	-9.600500E+01
2.57392500000E+06	4.633531E-02	-9.608844E+01
2.57579375000E+06	4.632861E-02	-9.621751E+01
2.57766250000E+06	4.627487E-02	-9.609760E+01
2.57953125000E+06	4.640531E-02	-9.606544E+01
2.58140000000E+06	4.643148E-02	-9.612527E+01
2.58326875000E+06	4.652232E-02	-9.623398E+01
2.58513750000E+06	4.646157E-02	-9.613724E+01
2.58700625000E+06	4.645608E-02	-9.613797E+01
2.58887500000E+06	4.653098E-02	-9.612010E+01
2.59074375000E+06	4.662714E-02	-9.630064E+01
2.59261250000E+06	4.667134E-02	-9.607732E+01
2.59448125000E+06	4.656680E-02	-9.618471E+01
2.59635000000E+06	4.665048E-02	-9.620526E+01
2.59821875000E+06	4.668623E-02	-9.614500E+01
2.60008750000E+06	4.672380E-02	-9.624564E+01
2.60195625000E+06	4.671703E-02	-9.618895E+01
2.60382500000E+06	4.690589E-02	-9.620717E+01
2.60569375000E+06	4.694908E-02	-9.621766E+01
2.60756250000E+06	4.682850E-02	-9.625297E+01
2.60943125000E+06	4.692819E-02	-9.629484E+01
2.61130000000E+06	4.700635E-02	-9.628367E+01
2.61316875000E+06	4.703411E-02	-9.619846E+01
2.61503750000E+06	4.704536E-02	-9.616422E+01
2.61690625000E+06	4.711850E-02	-9.619489E+01
2.61877500000E+06	4.713248E-02	-9.614646E+01
2.62064375000E+06	4.708111E-02	-9.620679E+01
2.62251250000E+06	4.720490E-02	-9.624946E+01
2.62438125000E+06	4.715559E-02	-9.615523E+01
2.62625000000E+06	4.720928E-02	-9.629602E+01
2.62811875000E+06	4.731784E-02	-9.622009E+01
2.62998750000E+06	4.738962E-02	-9.631189E+01
2.63185625000E+06	4.741236E-02	-9.631586E+01
2.63372500000E+06	4.733974E-02	-9.628343E+01
2.63559375000E+06	4.741379E-02	-9.630236E+01
2.63746250000E+06	4.748935E-02	-9.626945E+01
2.63933125000E+06	4.754404E-02	-9.626571E+01
2.64120000000E+06	4.752897E-02	-9.620672E+01
2.64306875000E+06	4.763152E-02	-9.644053E+01
2.64493750000E+06	4.748406E-02	-9.625912E+01
2.64680625000E+06	4.768651E-02	-9.624246E+01
2.64867500000E+06	4.763375E-02	-9.628954E+01
2.65054375000E+06	4.770500E-02	-9.613059E+01
2.65241250000E+06	4.770099E-02	-9.646434E+01
2.65428125000E+06	4.788193E-02	-9.635059E+01
2.65615000000E+06	4.788974E-02	-9.653656E+01
2.65801875000E+06	4.791767E-02	-9.627313E+01
2.65988750000E+06	4.793541E-02	-9.619889E+01
2.66175625000E+06	4.798943E-02	-9.629350E+01
2.66362500000E+06	4.798673E-02	-9.614250E+01
2.66549375000E+06	4.803608E-02	-9.634450E+01
2.66736250000E+06	4.810097E-02	-9.634885E+01
2.66923125000E+06	4.806687E-02	-9.623466E+01
2.67110000000E+06	4.809557E-02	-9.620586E+01
2.67296875000E+06	4.824774E-02	-9.633099E+01
2.67483750000E+06	4.820608E-02	-9.634425E+01
2.67670625000E+06	4.824179E-02	-9.620719E+01
2.67857500000E+06	4.823808E-02	-9.630621E+01
2.68044375000E+06	4.834937E-02	-9.618314E+01
2.68231250000E+06	4.827268E-02	-9.604868E+01
2.68418125000E+06	4.837902E-02	-9.635562E+01
2.68605000000E+06	4.846026E-02	-9.631705E+01
2.68791875000E+06	4.846349E-02	-9.655280E+01
2.68978750000E+06	4.850529E-02	-9.653098E+01
2.69165625000E+06	4.834872E-02	-9.636731E+01
2.69352500000E+06	4.873078E-02	-9.631851E+01
2.69539375000E+06	4.858122E-02	-9.628214E+01
2.69726250000E+06	4.864217E-02	-9.638671E+01
2.69913125000E+06	4.861554E-02	-9.627953E+01
2.70100000000E+06	4.882052E-02	-9.622047E+01
2.70286875000E+06	4.889335E-02	-9.629329E+01
2.70473750000E+06	4.877002E-02	-9.651742E+01
2.70660625000E+06	4.875343E-02	-9.623576E+01
2.70847500000E+06	4.922682E-02	-9.640832E+01
2.71034375000E+06	4.917620E-02	-9.635941E+01
2.71221250000E+06	4.891113E-02	-9.612204E+01
2.71408125000E+06	4.900041E-02	-9.644033E+01
2.71595000000E+06	4.895080E-02	-9.649776E+01
2.71781875000E+06	4.948003E-02	-9.602483E+01
2.71968750000E+06	4.883513E-02	-9.626902E+01
2.72155625000E+06	4.901559E-02	-9.637295E+01
2.72342500000E+06	4.924379E-02	-9.646504E+01
2.72529375000E+06	4.917063E-02	-9.652879E+01
2.72716250000E+06	4.918950E-02	-9.598867E+01
2.72903125000E+06	4.936417E-02	-9.610292E+01
2.73090000000E+06	4.888246E-02	-9.638096E+01
2.73276875000E+06	4.920545E-02	-9.663017E+01
2.73463750000E+06	4.934493E-02	-9.629019E+01
2.73650625000E+06	4.930337E-02	-9.634779E+01
2.73837500000E+06	4.943934E-02	-9.668407E+01
2.74024375000E+06	4.943857E-02	-9.625428E+01
2.74211250000E+06	4.960401E-02	-9.651503E+01
2.74398125000E+06	4.936823E-02	-9.658412E+01
2.74585000000E+06	4.967421E-02	-9.647804E+01
2.74771875000E+06	4.973059E-02	-9.628526E+01
2.74958750000E+06	4.959215E-02	-9.658013E+01
2.75145625000E+06	4.981525E-02	-9.618412E+01
2.75332500000E+06	4.971905E-02	-9.654070E+01
2.75519375000E+06	4.961743E-02	-9.654476E+01
2.75706250000E+06	4.983069E-02	-9.634563E+01
2.75893125000E+06	4.999520E-02	-9.642941E+01
2.76080000000E+06	5.013768E-02	-9.655560E+01
2.76266875000E+06	5.017648E-02	-9.678045E+01
2.76453750000E+06	4.962654E-02	-9.651959E+01
2.76640625000E+06	5.002587E-02	-9.659858E+01
2.76827500000E+06	4.976464E-02	-9.650731E+01
2.77014375000E+06	5.016821E-02	-9.668753E+01
2.77201250000E+06	5.011302E-02	-9.656362E+01
2.77388125000E+06	5.019843E-02	-9.650175E+01
2.77575000000E+06	5.030962E-02	-9.633452E+01
2.77761875000E+06	5.032917E-02	-9.654397E+01
2.77948750000E+06	5.042332E-02	-9.638770E+01
2.78135625000E+06	5.030219E-02	-9.666290E+01
2.78322500000E+06	5.030220E-02	-9.646326E+01
2.78509375000E+06	5.035773E-02	-9.660012E+01
2.78696250000E+06	5.042557E-02	-9.676735E+01
2.78883125000E+06	5.039928E-02	-9.645647E+01
2.79070000000E+06	5.040924E-02	-9.655522E+01
2.79256875000E+06	5.079033E-02	-9.638805E+01
2.79443750000E+06	5.035656E-02	-9.655397E+01
2.79630625000E+06	5.059357E-02	-9.630175E+01
2.79817500000E+06	5.073842E-02	-9.651279E+01
2.80004375000E+06	5.085023E-02	-9.669395E+01
2.80191250000E+06	5.063253E-02	-9.667172E+01
2.80378125000E+06	5.094420E-02	-9.662906E+01
2.80565000000E+06	5.072200E-02	-9.649762E+01
2.80751875000E+06	5.087272E-02	-9.668920E+01
2.80938750000E+06	5.094525E-02	-9.643603E+01
2.81125625000E+06	5.095292E-02	-9.669650E+01
2.81312500000E+06	5.088724E-02	-9.671266E+01
2.81499375000E+06	5.107698E-02	-9.658207E+01
2.81686250000E+06	5.091263E-02	-9.638408E+01
2.81873125000E+06	5.111132E-02	-9.677837E+01
2.82060000000E+06	5.103427E-02	-9.671152E+01
2.82246875000E+06	5.109810E-02	-9.661268E+01
2.82433750000E+06	5.110345E-02	-9.659779E+01
2.82620625000E+06	5.117123E-02	-9.654092E+01
2.82807500000E+06	5.126226E-02	-9.669212E+01
2.82994375000E+06	5.132512E-02	-9.665971E+01
2.83181250000E+06	5.144896E-02	-9.668279E+01
2.83368125000E+06	5.149483E-02	-9.659264E+01
2.83555000000E+06	5.146406E-02	-9.659547E+01
2.83741875000E+06	5.148416E-02	-9.662010E+01
2.83928750000E+06	5.152313E-02	-9.671233E+01
2.84115625000E+06	5.147245E-02	-9.666603E+01
2.84302500000E+06	5.142807E-02	-9.673848E+01
2.84489375000E+06	5.164206E-02	-9.665065E+01
2.84676250000E+06	5.177485E-02	-9.668713E+01
2.84863125000E+06	5.163649E-02	-9.675045E+01
2.85050000000E+06	5.154360E-02	-9.662820E+01
2.85236875000E+06	5.171404E-02	-9.649275E+01
2.85423750000E+06	5.180649E-02	-9.663573E+01
2.85610625000E+06	5.181503E-02	-9.670532E+01
2.85797500000E+06	5.196370E-02	-9.658648E+01
2.85984375000E+06	5.187053E-02	-9.674517E+01
2.86171250000E+06	5.187850E-02	-9.673067E+01
2.86358125000E+06	5.190590E-02	-9.665228E+01
2.86545000000E+06	5.198369E-02	-9.683054E+01
2.86731875000E+06	5.203734E-02	-9.664578E+01
2.86918750000E+06	5.210257E-02	-9.673521E+01
2.87105625000E+06	5.204068E-02	-9.660517E+01
2.87292500000E+06	5.208778E-02	-9.675117E+01
2.87479375000E+06	5.216066E-02	-9.674751E+01
2.87666250000E+06	5.210176E-02	-9.674880E+01
2.87853125000E+06	5.220925E-02	-9.673654E+01
2.88040000000E+06	5.238609E-02	-9.661620E+01
2.88226875000E+06	5.222685E-02	-9.674269E+01
2.88413750000E+06	5.220333E-02	-9.669805E+01
2.88600625000E+06	5.245956E-02	-9.671552E+01
2.88787500000E+06	5.254905E-02	-9.670505E+01
2.88974375000E+06	5.245676E-02	-9.681234E+01
2.89161250000E+06	5.243807E-02	-9.676790E+01
2.89348125000E+06	5.256822E-02	-9.668786E+01
2.89535000000E+06	5.257704E-02	-9.680798E+01
2.89721875000E+06	5.267144E-02	-9.692088E+01
2.89908750000E+06	5.260665E-02	-9.675842E+01
2.90095625000E+06	5.257803E-02	-9.663420E+01
2.90282500000E+06	5.279736E-02	-9.683733E+01
2.90469375000E+06	5.287483E-02	-9.671442E+01
2.90656250000E+06	5.285399E-02	-9.673735E+01
2.90843125000E+06	5.273921E-02	-9.678874E+01
2.91030000000E+06	5.294389E-02	-9.683485E+01
2.91216875000E+06	5.290144E-02	-9.672906E+01
2.91403750000E+06	5.302090E-02	-9.677982E+01
2.91590625000E+06	5.312496E-02	-9.677776E+01
2.91777500000E+06	5.308317E-02	-9.671971E+01
2.91964375000E+06	5.308558E-02	-9.692161E+01
2.92151250000E+06	5.306163E-02	-9.683057E+01
2.92338125000E+06	5.317441E-02	-9.685998E+01
2.92525000000E+06	5.320216E-02	-9.686349E+01
2.92711875000E+06	5.334524E-02	-9.678934E+01
2.92898750000E+06	5.330897E-02	-9.675387E+01
2.93085625000E+06	5.324676E-02	-9.684301E+01
2.93272500000E+06	5.340241E-02	-9.694118E+01
2.93459375000E+06	5.335385E-02	-9.682696E+01
2.93646250000E+06	5.356294E-02	-9.692828E+01
2.93833125000E+06	5.343308E-02	-9.679623E+01
2.94020000000E+06	5.364834E-02	-9.677108E+01
2.94206875000E+06	5.358971E-02	-9.682958E+01
2.94393750000E+06	5.351201E-02	-9.670169E+01
2.94580625000E+06	5.357470E-02	-9.687897E+01
2.94767500000E+06	5.364400E-02	-9.687380E+01
2.94954375000E+06	5.365118E-02	-9.688158E+01
2.95141250000E+06	5.376422E-02	-9.688826E+01
2.95328125000E+06	5.377898E-02	-9.697955E+01
2.95515000000E+06	5.370882E-02	-9.695465E+01
2.95701875000E+06	5.384944E-02	-9.684007E+01
2.95888750000E+06	5.391395E-02	-9.693493E+01
2.96075625000E+06	5.392447E-02	-9.691485E+01
2.96262500000E+06	5.395017E-02	-9.693564E+01
2.96449375000E+06	5.398740E-02	-9.692321E+01
2.96636250000E+06	5.394839E-02	-9.685369E+01
2.96823125000E+06	5.411160E-02	-9.690682E+01
2.97010000000E+06	5.407856E-02	-9.696173E+01
2.97196875000E+06	5.418414E-02	-9.691165E+01
2.97383750000E+06	5.412520E-02	-9.696972E+01
2.97570625000E+06	5.418211E-02	-9.694373E+01
2.97757500000E+06	5.420268E-02	-9.684273E+01
2.97944375000E+06	5.426115E-02	-9.692902E+01
2.98131250000E+06	5.433360E-02	-9.688321E+01
2.98318125000E+06	5.436870E-02	-9.692606E+01
2.98505000000E+06	5.449869E-02	-9.689752E+01
2.98691875000E+06	5.443434E-02	-9.695647E+01
2.98878750000E+06	5.447588E-02	-9.699205E+01
2.99065625000E+06	5.450907E-02	-9.701646E+01
2.99252500000E+06	5.450391E-02	-9.690997E+01
2.99439375000E+06	5.458338E-02	-9.691234E+01
2.99626250000E+06	5.463459E-02	-9.685062E+01
2.99813125000E+06	5.472134E-02	-9.694673E+01
3.00000000000E+06	5.476737E-02	-9.691241E+01
