"E5100A REV3.14"
"DATE: Jul  1 2004"



"CHANNEL: 2"
"MEASURE TYPE: AR"
"FORMAT TYPE: LINMP"
"NUMBER of POINTS: 1601"
"SWEEP TIME:  3.458 s"
"SWEEP TYPE: LINF"
"SOURCE POWER: 0 dBm"
"IF BANDWIDTH: 500 Hz"

"Frequency"	"Main Array"	"Sub Array"
1.00000000000E+04	2.518451E-02	-6.459753E+01
1.18687500000E+04	1.038757E-02	3.610069E+01
1.37375000000E+04	2.465640E-03	-9.978455E+01
1.56062500000E+04	6.104224E-03	1.757603E+02
1.74750000000E+04	7.284786E-03	-9.899654E+01
1.93437500000E+04	5.709185E-03	-6.489363E+01
2.12125000000E+04	2.684482E-03	4.828174E-01
2.30812500000E+04	1.329211E-03	1.035916E+02
2.49500000000E+04	1.044804E-03	-5.758653E+01
2.68187500000E+04	5.571082E-04	-8.993097E+01
2.86875000000E+04	1.950749E-03	1.770289E+02
3.05562500000E+04	2.833677E-03	1.041867E+01
3.24250000000E+04	1.167317E-03	3.190903E+01
3.42937500000E+04	1.454935E-03	4.948096E+01
3.61625000000E+04	5.274100E-04	6.088626E+01
3.80312500000E+04	1.032599E-03	1.280938E+02
3.99000000000E+04	7.606380E-05	-1.986949E+01
4.17687500000E+04	5.236886E-04	-1.329667E+02
4.36375000000E+04	2.001355E-04	-1.575378E+02
4.55062500000E+04	5.873865E-04	-8.687073E+01
4.73750000000E+04	2.393578E-04	3.299705E+00
4.92437500000E+04	7.508514E-04	-1.668644E+02
5.11125000000E+04	5.164776E-04	-1.100761E+01
5.29812500000E+04	5.233231E-04	-9.530169E+01
5.48500000000E+04	3.853760E-04	1.650406E+02
5.67187500000E+04	1.663308E-04	-5.336858E+01
5.85875000000E+04	7.760256E-04	-7.878983E+01
6.04562500000E+04	5.794521E-04	-4.438362E+01
6.23250000000E+04	2.841683E-04	-9.403530E+00
6.41937500000E+04	1.431072E-04	-8.492451E+01
6.60625000000E+04	1.227072E-04	7.925680E+01
6.79312500000E+04	6.743282E-04	4.889924E+00
6.98000000000E+04	1.537806E-04	1.477674E+02
7.16687500000E+04	6.176926E-04	-1.316620E+02
7.35375000000E+04	4.683502E-04	-7.169558E+01
7.54062500000E+04	9.406513E-05	-4.816282E+01
7.72750000000E+04	5.529190E-04	-1.752747E+02
7.91437500000E+04	4.486447E-04	-1.363046E+02
8.10125000000E+04	3.198927E-04	-1.609103E+02
8.28812500000E+04	6.466842E-04	-1.135663E+02
8.47500000000E+04	4.316813E-04	9.306575E+01
8.66187500000E+04	2.249134E-04	-1.114395E+02
8.84875000000E+04	3.962451E-04	4.594459E+00
9.03562500000E+04	1.777396E-04	1.341616E+02
9.22250000000E+04	4.633133E-04	-1.290998E+02
9.40937500000E+04	2.616590E-04	-9.755010E+00
9.59625000000E+04	2.087374E-04	1.504362E+02
9.78312500000E+04	5.762829E-04	-6.933545E+01
9.97000000000E+04	3.618887E-04	-1.690943E+02
1.01568750000E+05	3.026456E-04	-1.116596E+02
1.03437500000E+05	2.477931E-04	6.273645E+01
1.05306250000E+05	1.437016E-03	-3.785393E+01
1.07175000000E+05	2.161643E-04	-3.519165E+01
1.09043750000E+05	1.305696E-04	9.193950E+00
1.10912500000E+05	1.445383E-03	2.494929E+01
1.12781250000E+05	1.129789E-04	-1.691716E+02
1.14650000000E+05	2.838469E-04	-6.548143E+01
1.16518750000E+05	3.137964E-04	-2.225395E+01
1.18387500000E+05	4.807896E-04	-7.116428E+01
1.20256250000E+05	2.249071E-04	-1.188930E+02
1.22125000000E+05	6.376806E-04	-1.950548E+01
1.23993750000E+05	8.484493E-04	-1.009422E+02
1.25862500000E+05	8.476290E-04	-6.357026E+01
1.27731250000E+05	7.578683E-05	-4.992721E+01
1.29600000000E+05	3.451220E-04	-6.502182E+01
1.31468750000E+05	3.809165E-04	-3.975443E+01
1.33337500000E+05	6.186924E-04	-8.995341E+01
1.35206250000E+05	3.021185E-04	-6.375857E+01
1.37075000000E+05	1.917210E-04	-5.514369E+01
1.38943750000E+05	2.809385E-04	-2.692357E+01
1.40812500000E+05	1.460872E-04	-2.993292E+01
1.42681250000E+05	3.229028E-04	2.357724E+01
1.44550000000E+05	3.437847E-04	-4.300762E+01
1.46418750000E+05	3.381982E-04	-2.282051E+01
1.48287500000E+05	5.225048E-04	-1.597061E+02
1.50156250000E+05	7.285296E-04	-8.357885E+01
1.52025000000E+05	3.565266E-04	-7.995277E+01
1.53893750000E+05	4.609040E-04	-7.013684E+01
1.55762500000E+05	7.539515E-04	-8.812580E+01
1.57631250000E+05	1.812604E-04	-1.154164E+02
1.59500000000E+05	5.922088E-04	-6.268824E+01
1.61368750000E+05	5.551178E-04	-9.592740E+01
1.63237500000E+05	2.841661E-04	-5.196354E+01
1.65106250000E+05	4.430460E-04	-1.035334E+02
1.66975000000E+05	4.800612E-04	-4.361963E+01
1.68843750000E+05	4.273162E-04	-3.795226E+01
1.70712500000E+05	2.925869E-04	-7.183978E+01
1.72581250000E+05	4.573786E-04	-6.672105E+01
1.74450000000E+05	6.072430E-04	-4.597462E+01
1.76318750000E+05	4.400605E-05	-2.481983E+01
1.78187500000E+05	1.056598E-04	-9.944153E+00
1.80056250000E+05	2.654196E-04	-1.144111E+02
1.81925000000E+05	2.674145E-04	-1.208052E+02
1.83793750000E+05	6.306607E-04	-1.678551E+01
1.85662500000E+05	2.435937E-04	9.787209E+01
1.87531250000E+05	3.090794E-04	-1.321879E+02
1.89400000000E+05	6.114061E-04	-8.490620E+01
1.91268750000E+05	4.406399E-04	-8.788564E+01
1.93137500000E+05	3.617100E-04	-1.079152E+02
1.95006250000E+05	1.729496E-04	-5.418537E+01
1.96875000000E+05	5.019117E-04	-6.068061E+01
1.98743750000E+05	4.382548E-04	-8.484509E+01
2.00612500000E+05	4.707863E-04	-5.693187E+01
2.02481250000E+05	4.768847E-04	-9.360935E+01
2.04350000000E+05	4.989938E-04	-1.132689E+02
2.06218750000E+05	1.823033E-04	-4.610700E+01
2.08087500000E+05	1.745013E-04	-1.067000E+02
2.09956250000E+05	2.607926E-04	-1.077236E+02
2.11825000000E+05	7.433453E-04	-8.196815E+01
2.13693750000E+05	6.581056E-04	-2.595948E+01
2.15562500000E+05	2.115150E-04	-7.808319E+01
2.17431250000E+05	4.542984E-04	-7.408172E+01
2.19300000000E+05	4.872511E-04	-8.245436E+01
2.21168750000E+05	4.633266E-04	-7.088176E+01
2.23037500000E+05	3.309981E-04	-7.216921E+01
2.24906250000E+05	3.803636E-04	-4.058164E+01
2.26775000000E+05	5.321337E-04	-3.188448E+01
2.28643750000E+05	2.295423E-04	-4.382547E+01
2.30512500000E+05	6.367647E-04	-8.603545E+01
2.32381250000E+05	5.940312E-04	-6.401612E+01
2.34250000000E+05	5.027243E-04	-9.153555E+01
2.36118750000E+05	7.385756E-04	-5.254368E+01
2.37987500000E+05	3.661884E-04	-9.612849E+01
2.39856250000E+05	7.389949E-04	-6.863159E+01
2.41725000000E+05	4.752006E-04	-8.380220E+01
2.43593750000E+05	1.002687E-04	-1.042020E+02
2.45462500000E+05	4.869626E-04	-1.059723E+02
2.47331250000E+05	4.345810E-04	-9.326787E+01
2.49200000000E+05	7.244931E-04	-1.129635E+02
2.51068750000E+05	3.021219E-04	-8.679395E+01
2.52937500000E+05	3.128001E-04	-1.069212E+02
2.54806250000E+05	6.240279E-04	-9.273247E+01
2.56675000000E+05	5.643626E-04	-8.083411E+01
2.58543750000E+05	2.532443E-04	-5.112354E+01
2.60412500000E+05	2.307855E-04	-1.106976E+02
2.62281250000E+05	4.049429E-04	-1.136090E+02
2.64150000000E+05	5.808001E-04	-8.944551E+01
2.66018750000E+05	4.722165E-04	-8.426957E+01
2.67887500000E+05	5.334425E-04	-7.244063E+01
2.69756250000E+05	3.626423E-04	-1.073609E+02
2.71625000000E+05	2.173777E-04	-7.837016E+01
2.73493750000E+05	9.045762E-04	-9.050622E+01
2.75362500000E+05	7.047466E-04	-1.026366E+02
2.77231250000E+05	5.888004E-04	-8.401395E+01
2.79100000000E+05	7.448149E-04	-8.816333E+01
2.80968750000E+05	5.118014E-04	-1.026337E+02
2.82837500000E+05	4.531770E-04	-8.862837E+01
2.84706250000E+05	7.291156E-04	-1.051870E+02
2.86575000000E+05	3.934340E-04	-1.022712E+02
2.88443750000E+05	5.008145E-04	-9.338718E+01
2.90312500000E+05	6.654770E-04	-9.603207E+01
2.92181250000E+05	5.015524E-04	-5.893118E+01
2.94050000000E+05	7.584855E-04	-7.364342E+01
2.95918750000E+05	4.213520E-04	-1.263063E+02
2.97787500000E+05	6.328488E-04	-8.616971E+01
2.99656250000E+05	6.542502E-04	-9.776803E+01
3.01525000000E+05	5.326498E-04	-9.347993E+01
3.03393750000E+05	5.511178E-04	-7.543310E+01
3.05262500000E+05	4.374834E-04	-6.184233E+01
3.07131250000E+05	6.463757E-04	-8.588742E+01
3.09000000000E+05	5.001545E-04	-8.170155E+01
3.10868750000E+05	6.433423E-04	-8.847152E+01
3.12737500000E+05	6.215601E-04	-9.297675E+01
3.14606250000E+05	4.517205E-04	-1.272249E+02
3.16475000000E+05	6.633485E-04	-9.741071E+01
3.18343750000E+05	6.649515E-04	-8.718968E+01
3.20212500000E+05	6.323496E-04	-9.615211E+01
3.22081250000E+05	4.432243E-04	-7.373557E+01
3.23950000000E+05	7.066577E-04	-1.062261E+02
3.25818750000E+05	8.754024E-04	-9.330991E+01
3.27687500000E+05	6.788490E-04	-5.878986E+01
3.29556250000E+05	6.280403E-04	-8.949749E+01
3.31425000000E+05	6.076716E-04	-7.203159E+01
3.33293750000E+05	8.239483E-04	-7.852242E+01
3.35162500000E+05	6.425673E-04	-7.174155E+01
3.37031250000E+05	6.660786E-04	-8.182173E+01
3.38900000000E+05	6.911359E-04	-8.961042E+01
3.40768750000E+05	6.131424E-04	-1.035128E+02
3.42637500000E+05	6.518374E-04	-1.100577E+02
3.44506250000E+05	7.502122E-04	-8.211286E+01
3.46375000000E+05	4.317978E-04	-8.704184E+01
3.48243750000E+05	8.304048E-04	-9.183981E+01
3.50112500000E+05	4.946295E-04	-9.164492E+01
3.51981250000E+05	6.673216E-04	-8.540226E+01
3.53850000000E+05	5.434792E-04	-9.276718E+01
3.55718750000E+05	6.394468E-04	-1.024668E+02
3.57587500000E+05	5.093026E-04	-9.121204E+01
3.59456250000E+05	6.909419E-04	-8.981542E+01
3.61325000000E+05	5.565420E-04	-8.822701E+01
3.63193750000E+05	5.470624E-04	-8.130520E+01
3.65062500000E+05	4.614728E-04	-8.127579E+01
3.66931250000E+05	5.799083E-04	-8.264433E+01
3.68800000000E+05	6.373184E-04	-9.881536E+01
3.70668750000E+05	6.793527E-04	-8.134604E+01
3.72537500000E+05	5.935477E-04	-8.872253E+01
3.74406250000E+05	7.489564E-04	-1.043611E+02
3.76275000000E+05	4.654719E-04	-1.045463E+02
3.78143750000E+05	8.061400E-04	-9.659961E+01
3.80012500000E+05	6.377859E-04	-8.714936E+01
3.81881250000E+05	5.674586E-04	-7.112231E+01
3.83750000000E+05	5.270652E-04	-7.599625E+01
3.85618750000E+05	6.081442E-04	-9.474980E+01
3.87487500000E+05	5.792339E-04	-8.777053E+01
3.89356250000E+05	7.467299E-04	-8.714713E+01
3.91225000000E+05	5.768523E-04	-9.404225E+01
3.93093750000E+05	7.243288E-04	-7.779797E+01
3.94962500000E+05	9.286219E-04	-9.042492E+01
3.96831250000E+05	6.706421E-04	-8.166479E+01
3.98700000000E+05	7.994373E-04	-9.342921E+01
4.00568750000E+05	6.452163E-04	-9.105528E+01
4.02437500000E+05	6.931160E-04	-9.732183E+01
4.04306250000E+05	8.118713E-04	-9.136037E+01
4.06175000000E+05	7.640062E-04	-9.094253E+01
4.08043750000E+05	5.633960E-04	-1.026096E+02
4.09912500000E+05	6.703160E-04	-8.169236E+01
4.11781250000E+05	5.998730E-04	-1.061556E+02
4.13650000000E+05	7.554836E-04	-7.911465E+01
4.15518750000E+05	7.681666E-04	-9.303650E+01
4.17387500000E+05	6.919137E-04	-9.875235E+01
4.19256250000E+05	9.171981E-04	-8.283469E+01
4.21125000000E+05	7.075821E-04	-9.405334E+01
4.22993750000E+05	5.313421E-04	-7.140260E+01
4.24862500000E+05	8.000120E-04	-9.733372E+01
4.26731250000E+05	8.606508E-04	-9.034792E+01
4.28600000000E+05	7.294751E-04	-8.285383E+01
4.30468750000E+05	7.972224E-04	-9.256734E+01
4.32337500000E+05	6.984161E-04	-9.459319E+01
4.34206250000E+05	7.019627E-04	-1.024873E+02
4.36075000000E+05	7.564378E-04	-9.998419E+01
4.37943750000E+05	7.152466E-04	-8.856010E+01
4.39812500000E+05	9.618819E-04	-8.990773E+01
4.41681250000E+05	7.325084E-04	-8.242803E+01
4.43550000000E+05	7.480400E-04	-8.061999E+01
4.45418750000E+05	9.691417E-04	-9.931554E+01
4.47287500000E+05	7.873852E-04	-1.001739E+02
4.49156250000E+05	9.267135E-04	-8.825266E+01
4.51025000000E+05	7.369483E-04	-9.344253E+01
4.52893750000E+05	8.317553E-04	-1.067126E+02
4.54762500000E+05	8.178946E-04	-8.293408E+01
4.56631250000E+05	7.977221E-04	-8.878957E+01
4.58500000000E+05	6.603648E-04	-9.501221E+01
4.60368750000E+05	8.141358E-04	-1.004513E+02
4.62237500000E+05	7.154550E-04	-8.850381E+01
4.64106250000E+05	7.436470E-04	-8.491335E+01
4.65975000000E+05	5.765308E-04	-1.007642E+02
4.67843750000E+05	8.762082E-04	-9.557521E+01
4.69712500000E+05	7.626449E-04	-9.342889E+01
4.71581250000E+05	9.373514E-04	-9.209312E+01
4.73450000000E+05	7.744057E-04	-8.437145E+01
4.75318750000E+05	1.084903E-03	-1.010977E+02
4.77187500000E+05	8.540294E-04	-9.501409E+01
4.79056250000E+05	8.997542E-04	-1.006259E+02
4.80925000000E+05	8.985545E-04	-9.111077E+01
4.82793750000E+05	9.092800E-04	-9.919320E+01
4.84662500000E+05	8.961401E-04	-9.444674E+01
4.86531250000E+05	8.576470E-04	-9.863223E+01
4.88400000000E+05	6.823940E-04	-8.948337E+01
4.90268750000E+05	9.071762E-04	-8.885047E+01
4.92137500000E+05	9.281016E-04	-9.422882E+01
4.94006250000E+05	1.020295E-03	-9.658678E+01
4.95875000000E+05	8.385371E-04	-8.339246E+01
4.97743750000E+05	8.813530E-04	-8.596294E+01
4.99612500000E+05	9.718708E-04	-8.805362E+01
5.01481250000E+05	1.170457E-03	-9.239964E+01
5.03350000000E+05	9.637975E-04	-9.095364E+01
5.05218750000E+05	8.603246E-04	-1.030272E+02
5.07087500000E+05	8.781995E-04	-9.843799E+01
5.08956250000E+05	8.336873E-04	-9.689404E+01
5.10825000000E+05	1.089805E-03	-9.061472E+01
5.12693750000E+05	7.975660E-04	-8.962091E+01
5.14562500000E+05	8.729112E-04	-8.953386E+01
5.16431250000E+05	1.002135E-03	-9.286288E+01
5.18300000000E+05	7.325802E-04	-9.199526E+01
5.20168750000E+05	8.329111E-04	-1.000896E+02
5.22037500000E+05	8.483233E-04	-8.554934E+01
5.23906250000E+05	6.936319E-04	-9.185970E+01
5.25775000000E+05	9.488339E-04	-8.704916E+01
5.27643750000E+05	1.013878E-03	-9.691020E+01
5.29512500000E+05	8.979957E-04	-9.142478E+01
5.31381250000E+05	7.145312E-04	-1.045691E+02
5.33250000000E+05	1.047450E-03	-9.501899E+01
5.35118750000E+05	8.904262E-04	-9.312164E+01
5.36987500000E+05	6.689186E-04	-9.610953E+01
5.38856250000E+05	1.117710E-03	-9.822367E+01
5.40725000000E+05	9.264172E-04	-9.061258E+01
5.42593750000E+05	9.498512E-04	-9.500026E+01
5.44462500000E+05	8.965789E-04	-9.841919E+01
5.46331250000E+05	1.038277E-03	-9.443194E+01
5.48200000000E+05	9.352387E-04	-9.303950E+01
5.50068750000E+05	1.083654E-03	-8.968455E+01
5.51937500000E+05	9.551340E-04	-1.052969E+02
5.53806250000E+05	8.465639E-04	-9.835977E+01
5.55675000000E+05	9.992993E-04	-9.387358E+01
5.57543750000E+05	9.561892E-04	-8.602304E+01
5.59412500000E+05	1.017386E-03	-8.552524E+01
5.61281250000E+05	7.844410E-04	-9.828039E+01
5.63150000000E+05	8.799916E-04	-1.037014E+02
5.65018750000E+05	9.624678E-04	-1.028071E+02
5.66887500000E+05	9.085888E-04	-8.879523E+01
5.68756250000E+05	1.069199E-03	-1.045836E+02
5.70625000000E+05	1.168370E-03	-9.075237E+01
5.72493750000E+05	9.250953E-04	-9.338074E+01
5.74362500000E+05	9.695859E-04	-9.959373E+01
5.76231250000E+05	1.022980E-03	-9.948763E+01
5.78100000000E+05	9.858685E-04	-9.741470E+01
5.79968750000E+05	1.063395E-03	-9.536401E+01
5.81837500000E+05	1.066974E-03	-9.262733E+01
5.83706250000E+05	7.275684E-04	-9.436478E+01
5.85575000000E+05	9.798215E-04	-9.948035E+01
5.87443750000E+05	1.006893E-03	-1.000062E+02
5.89312500000E+05	1.099325E-03	-1.014038E+02
5.91181250000E+05	1.014871E-03	-9.359155E+01
5.93050000000E+05	9.276833E-04	-8.632431E+01
5.94918750000E+05	1.213451E-03	-8.883999E+01
5.96787500000E+05	9.535109E-04	-1.007882E+02
5.98656250000E+05	9.587771E-04	-1.010490E+02
6.00525000000E+05	1.037218E-03	-9.242866E+01
6.02393750000E+05	8.650500E-04	-9.041486E+01
6.04262500000E+05	1.061868E-03	-9.331197E+01
6.06131250000E+05	1.052087E-03	-1.019281E+02
6.08000000000E+05	1.059464E-03	-9.305138E+01
6.09868750000E+05	1.012641E-03	-9.601653E+01
6.11737500000E+05	1.037939E-03	-1.034910E+02
6.13606250000E+05	1.084749E-03	-9.320271E+01
6.15475000000E+05	1.172542E-03	-9.381960E+01
6.17343750000E+05	7.918478E-04	-8.847433E+01
6.19212500000E+05	1.105708E-03	-1.109239E+02
6.21081250000E+05	1.074027E-03	-9.984756E+01
6.22950000000E+05	1.130208E-03	-9.440314E+01
6.24818750000E+05	1.096528E-03	-1.000878E+02
6.26687500000E+05	1.063516E-03	-1.023904E+02
6.28556250000E+05	1.098986E-03	-9.095762E+01
6.30425000000E+05	1.077382E-03	-9.367379E+01
6.32293750000E+05	1.070876E-03	-9.474432E+01
6.34162500000E+05	8.465220E-04	-9.467934E+01
6.36031250000E+05	1.029741E-03	-1.085887E+02
6.37900000000E+05	1.146683E-03	-9.088593E+01
6.39768750000E+05	1.100987E-03	-9.348231E+01
6.41637500000E+05	1.242352E-03	-8.890889E+01
6.43506250000E+05	1.169877E-03	-9.738312E+01
6.45375000000E+05	1.061621E-03	-1.064862E+02
6.47243750000E+05	9.735010E-04	-1.048762E+02
6.49112500000E+05	1.294861E-03	-1.025644E+02
6.50981250000E+05	1.071342E-03	-8.894305E+01
6.52850000000E+05	1.060948E-03	-9.087984E+01
6.54718750000E+05	1.061896E-03	-9.671259E+01
6.56587500000E+05	1.087767E-03	-9.209592E+01
6.58456250000E+05	1.251504E-03	-1.071882E+02
6.60325000000E+05	8.961209E-04	-1.004617E+02
6.62193750000E+05	1.226471E-03	-9.676509E+01
6.64062500000E+05	1.201287E-03	-9.244678E+01
6.65931250000E+05	1.238925E-03	-9.647433E+01
6.67800000000E+05	1.208855E-03	-9.304399E+01
6.69668750000E+05	1.149499E-03	-8.899554E+01
6.71537500000E+05	1.091541E-03	-9.601545E+01
6.73406250000E+05	1.259445E-03	-9.325804E+01
6.75275000000E+05	1.258285E-03	-9.346824E+01
6.77143750000E+05	1.007966E-03	-9.721623E+01
6.79012500000E+05	1.261923E-03	-1.047915E+02
6.80881250000E+05	1.122245E-03	-9.446098E+01
6.82750000000E+05	1.238146E-03	-8.919763E+01
6.84618750000E+05	1.090658E-03	-9.644862E+01
6.86487500000E+05	1.381975E-03	-8.846441E+01
6.88356250000E+05	1.108959E-03	-9.577271E+01
6.90225000000E+05	1.281028E-03	-9.988727E+01
6.92093750000E+05	1.094943E-03	-9.055104E+01
6.93962500000E+05	1.138264E-03	-9.827620E+01
6.95831250000E+05	1.222446E-03	-9.715845E+01
6.97700000000E+05	1.145496E-03	-1.004942E+02
6.99568750000E+05	1.164603E-03	-9.471597E+01
7.01437500000E+05	1.280371E-03	-9.793888E+01
7.03306250000E+05	1.048018E-03	-9.558376E+01
7.05175000000E+05	1.038334E-03	-9.770573E+01
7.07043750000E+05	1.274385E-03	-9.479935E+01
7.08912500000E+05	1.068350E-03	-9.309476E+01
7.10781250000E+05	1.182414E-03	-9.500102E+01
7.12650000000E+05	1.199112E-03	-9.535558E+01
7.14518750000E+05	1.298805E-03	-9.227986E+01
7.16387500000E+05	1.259832E-03	-9.585566E+01
7.18256250000E+05	1.023397E-03	-8.871732E+01
7.20125000000E+05	1.346895E-03	-9.531811E+01
7.21993750000E+05	1.314424E-03	-9.432488E+01
7.23862500000E+05	1.299583E-03	-9.759386E+01
7.25731250000E+05	1.283574E-03	-1.053252E+02
7.27600000000E+05	1.213359E-03	-9.511547E+01
7.29468750000E+05	1.459306E-03	-9.703539E+01
7.31337500000E+05	1.261862E-03	-9.056833E+01
7.33206250000E+05	1.316628E-03	-8.998315E+01
7.35075000000E+05	1.314459E-03	-1.020895E+02
7.36943750000E+05	1.327862E-03	-9.144843E+01
7.38812500000E+05	1.271356E-03	-9.374277E+01
7.40681250000E+05	1.155465E-03	-1.004941E+02
7.42550000000E+05	1.265229E-03	-1.003466E+02
7.44418750000E+05	1.429869E-03	-9.182948E+01
7.46287500000E+05	1.160124E-03	-9.823924E+01
7.48156250000E+05	1.274449E-03	-9.958263E+01
7.50025000000E+05	1.223305E-03	-9.210602E+01
7.51893750000E+05	1.317627E-03	-9.890040E+01
7.53762500000E+05	1.072823E-03	-1.038592E+02
7.55631250000E+05	1.388896E-03	-9.855771E+01
7.57500000000E+05	1.507088E-03	-1.002829E+02
7.59368750000E+05	1.279758E-03	-9.293633E+01
7.61237500000E+05	1.431687E-03	-9.111937E+01
7.63106250000E+05	1.351843E-03	-1.003395E+02
7.64975000000E+05	1.338708E-03	-9.216161E+01
7.66843750000E+05	1.193856E-03	-9.494513E+01
7.68712500000E+05	1.512218E-03	-1.023690E+02
7.70581250000E+05	1.344493E-03	-9.013578E+01
7.72450000000E+05	1.314587E-03	-9.495983E+01
7.74318750000E+05	1.377398E-03	-1.066934E+02
7.76187500000E+05	1.088733E-03	-1.054193E+02
7.78056250000E+05	1.299649E-03	-9.527784E+01
7.79925000000E+05	1.312004E-03	-9.425809E+01
7.81793750000E+05	1.318112E-03	-9.699043E+01
7.83662500000E+05	1.098424E-03	-9.576542E+01
7.85531250000E+05	1.400010E-03	-9.321727E+01
7.87400000000E+05	1.522284E-03	-9.753439E+01
7.89268750000E+05	1.383129E-03	-9.380989E+01
7.91137500000E+05	1.417569E-03	-9.983331E+01
7.93006250000E+05	1.349590E-03	-9.238076E+01
7.94875000000E+05	1.435365E-03	-9.176502E+01
7.96743750000E+05	1.315838E-03	-9.272768E+01
7.98612500000E+05	1.406780E-03	-9.978601E+01
8.00481250000E+05	1.443588E-03	-9.862794E+01
8.02350000000E+05	1.508275E-03	-9.686711E+01
8.04218750000E+05	1.345740E-03	-9.013983E+01
8.06087500000E+05	1.284738E-03	-9.267286E+01
8.07956250000E+05	1.519348E-03	-9.335349E+01
8.09825000000E+05	1.527150E-03	-1.027764E+02
8.11693750000E+05	1.510656E-03	-9.485107E+01
8.13562500000E+05	1.465793E-03	-9.527824E+01
8.15431250000E+05	1.422432E-03	-1.011874E+02
8.17300000000E+05	1.446151E-03	-9.569040E+01
8.19168750000E+05	1.561761E-03	-9.571117E+01
8.21037500000E+05	1.424884E-03	-9.950916E+01
8.22906250000E+05	1.570196E-03	-9.973781E+01
8.24775000000E+05	1.353569E-03	-9.579024E+01
8.26643750000E+05	1.339055E-03	-1.025885E+02
8.28512500000E+05	1.374125E-03	-1.010728E+02
8.30381250000E+05	1.294985E-03	-9.014905E+01
8.32250000000E+05	1.457390E-03	-9.178667E+01
8.34118750000E+05	1.532302E-03	-1.047107E+02
8.35987500000E+05	1.531475E-03	-9.615498E+01
8.37856250000E+05	1.381397E-03	-9.942879E+01
8.39725000000E+05	1.541330E-03	-9.417563E+01
8.41593750000E+05	1.349303E-03	-9.314961E+01
8.43462500000E+05	1.499746E-03	-9.385818E+01
8.45331250000E+05	1.614002E-03	-1.007614E+02
8.47200000000E+05	1.529431E-03	-9.974208E+01
8.49068750000E+05	1.473496E-03	-9.558812E+01
8.50937500000E+05	1.465669E-03	-9.893097E+01
8.52806250000E+05	1.425903E-03	-1.006002E+02
8.54675000000E+05	1.353840E-03	-9.635757E+01
8.56543750000E+05	1.583776E-03	-9.631322E+01
8.58412500000E+05	1.337853E-03	-9.008157E+01
8.60281250000E+05	1.473467E-03	-1.019685E+02
8.62150000000E+05	1.425179E-03	-9.994586E+01
8.64018750000E+05	1.520321E-03	-1.003264E+02
8.65887500000E+05	1.496569E-03	-9.510157E+01
8.67756250000E+05	1.448923E-03	-1.007616E+02
8.69625000000E+05	1.434603E-03	-9.854486E+01
8.71493750000E+05	1.606169E-03	-9.769376E+01
8.73362500000E+05	1.651942E-03	-1.054263E+02
8.75231250000E+05	1.460057E-03	-9.833862E+01
8.77100000000E+05	1.358289E-03	-1.028855E+02
8.78968750000E+05	1.424364E-03	-9.944872E+01
8.80837500000E+05	1.519176E-03	-9.943209E+01
8.82706250000E+05	1.696739E-03	-1.013971E+02
8.84575000000E+05	1.489852E-03	-9.601402E+01
8.86443750000E+05	1.553632E-03	-9.860783E+01
8.88312500000E+05	1.569759E-03	-9.224139E+01
8.90181250000E+05	1.584257E-03	-9.773486E+01
8.92050000000E+05	1.451189E-03	-9.200421E+01
8.93918750000E+05	1.555322E-03	-1.037001E+02
8.95787500000E+05	1.454684E-03	-9.170716E+01
8.97656250000E+05	1.483525E-03	-1.003748E+02
8.99525000000E+05	1.440567E-03	-1.046488E+02
9.01393750000E+05	1.442552E-03	-1.095970E+02
9.03262500000E+05	1.491387E-03	-9.828113E+01
9.05131250000E+05	1.652044E-03	-9.614102E+01
9.07000000000E+05	1.304598E-03	-1.019855E+02
9.08868750000E+05	1.577204E-03	-9.527397E+01
9.10737500000E+05	1.668312E-03	-9.727489E+01
9.12606250000E+05	1.536968E-03	-9.721137E+01
9.14475000000E+05	1.471559E-03	-1.066596E+02
9.16343750000E+05	1.625509E-03	-1.029170E+02
9.18212500000E+05	1.513473E-03	-9.692900E+01
9.20081250000E+05	1.550247E-03	-9.858894E+01
9.21950000000E+05	1.650945E-03	-9.754192E+01
9.23818750000E+05	1.662358E-03	-1.053406E+02
9.25687500000E+05	1.567726E-03	-1.043235E+02
9.27556250000E+05	1.486997E-03	-9.712949E+01
9.29425000000E+05	1.593030E-03	-9.530518E+01
9.31293750000E+05	1.606066E-03	-9.060625E+01
9.33162500000E+05	1.479255E-03	-9.794701E+01
9.35031250000E+05	1.416988E-03	-9.747488E+01
9.36900000000E+05	1.574121E-03	-9.369775E+01
9.38768750000E+05	1.394920E-03	-9.398184E+01
9.40637500000E+05	1.692729E-03	-1.011109E+02
9.42506250000E+05	1.736919E-03	-9.787266E+01
9.44375000000E+05	1.746236E-03	-9.957143E+01
9.46243750000E+05	1.633619E-03	-1.026228E+02
9.48112500000E+05	1.585495E-03	-9.572676E+01
9.49981250000E+05	1.787397E-03	-9.988985E+01
9.51850000000E+05	1.695501E-03	-9.566988E+01
9.53718750000E+05	1.660736E-03	-9.947026E+01
9.55587500000E+05	1.617912E-03	-1.021978E+02
9.57456250000E+05	1.626484E-03	-9.710394E+01
9.59325000000E+05	1.733773E-03	-9.607693E+01
9.61193750000E+05	1.645644E-03	-1.005758E+02
9.63062500000E+05	1.631173E-03	-9.782393E+01
9.64931250000E+05	1.688226E-03	-1.009574E+02
9.66800000000E+05	1.755476E-03	-1.019899E+02
9.68668750000E+05	1.697893E-03	-9.885470E+01
9.70537500000E+05	1.706208E-03	-9.996222E+01
9.72406250000E+05	1.638723E-03	-9.804745E+01
9.74275000000E+05	1.835575E-03	-1.002427E+02
9.76143750000E+05	1.594514E-03	-9.801472E+01
9.78012500000E+05	1.770434E-03	-1.050835E+02
9.79881250000E+05	1.774088E-03	-9.758598E+01
9.81750000000E+05	1.836953E-03	-1.011330E+02
9.83618750000E+05	1.634551E-03	-9.633456E+01
9.85487500000E+05	1.794150E-03	-1.018216E+02
9.87356250000E+05	1.687589E-03	-9.509508E+01
9.89225000000E+05	1.703980E-03	-9.785705E+01
9.91093750000E+05	1.835888E-03	-1.020719E+02
9.92962500000E+05	1.751128E-03	-9.561884E+01
9.94831250000E+05	1.750612E-03	-9.700367E+01
9.96700000000E+05	1.789773E-03	-9.218600E+01
9.98568750000E+05	1.586451E-03	-9.646435E+01
1.00043750000E+06	1.544608E-03	-1.033389E+02
1.00230625000E+06	1.713409E-03	-1.011161E+02
1.00417500000E+06	1.922166E-03	-9.998553E+01
1.00604375000E+06	1.898255E-03	-1.014455E+02
1.00791250000E+06	1.867019E-03	-9.182568E+01
1.00978125000E+06	1.882041E-03	-1.018642E+02
1.01165000000E+06	1.806828E-03	-9.376406E+01
1.01351875000E+06	1.743064E-03	-9.478550E+01
1.01538750000E+06	1.829555E-03	-1.003332E+02
1.01725625000E+06	1.736640E-03	-9.509615E+01
1.01912500000E+06	1.751979E-03	-1.005796E+02
1.02099375000E+06	1.682734E-03	-9.825417E+01
1.02286250000E+06	1.994242E-03	-8.926305E+01
1.02473125000E+06	1.768237E-03	-1.012294E+02
1.02660000000E+06	1.868958E-03	-9.816570E+01
1.02846875000E+06	1.873995E-03	-9.577487E+01
1.03033750000E+06	1.695331E-03	-1.021319E+02
1.03220625000E+06	1.795835E-03	-1.003457E+02
1.03407500000E+06	1.785786E-03	-9.695416E+01
1.03594375000E+06	1.786176E-03	-1.005157E+02
1.03781250000E+06	1.711460E-03	-9.958798E+01
1.03968125000E+06	1.993352E-03	-9.656211E+01
1.04155000000E+06	1.741810E-03	-9.493021E+01
1.04341875000E+06	1.927766E-03	-9.575648E+01
1.04528750000E+06	1.776457E-03	-9.792664E+01
1.04715625000E+06	1.784473E-03	-1.044546E+02
1.04902500000E+06	1.866507E-03	-9.701232E+01
1.05089375000E+06	1.814418E-03	-9.711594E+01
1.05276250000E+06	1.884698E-03	-1.049939E+02
1.05463125000E+06	2.035596E-03	-9.968716E+01
1.05650000000E+06	1.977670E-03	-1.037221E+02
1.05836875000E+06	1.990198E-03	-1.023760E+02
1.06023750000E+06	1.675308E-03	-1.007921E+02
1.06210625000E+06	2.013056E-03	-1.043698E+02
1.06397500000E+06	1.953296E-03	-9.964719E+01
1.06584375000E+06	1.968527E-03	-1.037307E+02
1.06771250000E+06	1.892843E-03	-1.079937E+02
1.06958125000E+06	1.661698E-03	-1.037955E+02
1.07145000000E+06	1.760265E-03	-1.022338E+02
1.07331875000E+06	1.813511E-03	-9.857453E+01
1.07518750000E+06	1.881377E-03	-9.867339E+01
1.07705625000E+06	1.968264E-03	-9.780965E+01
1.07892500000E+06	1.844645E-03	-1.014853E+02
1.08079375000E+06	2.004049E-03	-1.067754E+02
1.08266250000E+06	1.749539E-03	-1.019874E+02
1.08453125000E+06	1.653442E-03	-1.049123E+02
1.08640000000E+06	1.909122E-03	-1.030824E+02
1.08826875000E+06	1.974976E-03	-9.606617E+01
1.09013750000E+06	1.771788E-03	-1.044550E+02
1.09200625000E+06	1.959440E-03	-9.970595E+01
1.09387500000E+06	1.967417E-03	-9.855027E+01
1.09574375000E+06	1.934920E-03	-1.027025E+02
1.09761250000E+06	1.971602E-03	-9.919476E+01
1.09948125000E+06	2.065910E-03	-1.013766E+02
1.10135000000E+06	1.926636E-03	-1.015515E+02
1.10321875000E+06	1.980840E-03	-1.008801E+02
1.10508750000E+06	2.130694E-03	-1.040193E+02
1.10695625000E+06	1.839793E-03	-9.939593E+01
1.10882500000E+06	1.806158E-03	-1.043780E+02
1.11069375000E+06	2.100169E-03	-1.039104E+02
1.11256250000E+06	2.063205E-03	-9.893610E+01
1.11443125000E+06	1.987698E-03	-9.836018E+01
1.11630000000E+06	1.680611E-03	-9.581527E+01
1.11816875000E+06	1.914003E-03	-9.858784E+01
1.12003750000E+06	2.000243E-03	-1.060196E+02
1.12190625000E+06	2.029489E-03	-1.005370E+02
1.12377500000E+06	1.922677E-03	-9.845625E+01
1.12564375000E+06	2.042782E-03	-1.042508E+02
1.12751250000E+06	2.019882E-03	-1.022026E+02
1.12938125000E+06	1.895400E-03	-9.893172E+01
1.13125000000E+06	1.780015E-03	-1.007494E+02
1.13311875000E+06	2.183678E-03	-9.852540E+01
1.13498750000E+06	1.913251E-03	-1.055047E+02
1.13685625000E+06	2.008133E-03	-1.001809E+02
1.13872500000E+06	1.992441E-03	-1.043710E+02
1.14059375000E+06	1.882854E-03	-1.036543E+02
1.14246250000E+06	1.905199E-03	-9.886041E+01
1.14433125000E+06	2.034729E-03	-1.003161E+02
1.14620000000E+06	2.153768E-03	-1.032936E+02
1.14806875000E+06	2.049961E-03	-1.014676E+02
1.14993750000E+06	1.865550E-03	-1.010446E+02
1.15180625000E+06	2.088313E-03	-1.035867E+02
1.15367500000E+06	2.004713E-03	-9.754552E+01
1.15554375000E+06	2.209086E-03	-9.843552E+01
1.15741250000E+06	1.995102E-03	-9.726550E+01
1.15928125000E+06	1.998889E-03	-1.000403E+02
1.16115000000E+06	2.211841E-03	-1.012191E+02
1.16301875000E+06	2.279636E-03	-1.017614E+02
1.16488750000E+06	1.995049E-03	-1.040552E+02
1.16675625000E+06	2.080237E-03	-1.056952E+02
1.16862500000E+06	1.851827E-03	-9.931296E+01
1.17049375000E+06	2.063378E-03	-1.029086E+02
1.17236250000E+06	1.936159E-03	-1.048641E+02
1.17423125000E+06	2.058881E-03	-1.055572E+02
1.17610000000E+06	2.135943E-03	-1.008823E+02
1.17796875000E+06	2.233194E-03	-1.041275E+02
1.17983750000E+06	2.214432E-03	-1.003485E+02
1.18170625000E+06	2.043686E-03	-9.306515E+01
1.18357500000E+06	2.122231E-03	-1.026461E+02
1.18544375000E+06	2.000991E-03	-1.067891E+02
1.18731250000E+06	1.832949E-03	-1.019344E+02
1.18918125000E+06	2.184512E-03	-1.035439E+02
1.19105000000E+06	2.153395E-03	-1.047528E+02
1.19291875000E+06	1.965176E-03	-1.058156E+02
1.19478750000E+06	2.160802E-03	-9.918139E+01
1.19665625000E+06	2.177689E-03	-1.065102E+02
1.19852500000E+06	2.123531E-03	-1.035437E+02
1.20039375000E+06	2.342405E-03	-9.799834E+01
1.20226250000E+06	1.838300E-03	-1.013480E+02
1.20413125000E+06	2.046964E-03	-1.028857E+02
1.20600000000E+06	2.127331E-03	-1.013470E+02
1.20786875000E+06	2.268411E-03	-1.040025E+02
1.20973750000E+06	2.350319E-03	-9.976672E+01
1.21160625000E+06	2.204552E-03	-1.004107E+02
1.21347500000E+06	2.113598E-03	-1.001696E+02
1.21534375000E+06	2.244781E-03	-1.035336E+02
1.21721250000E+06	2.243034E-03	-1.098339E+02
1.21908125000E+06	2.298329E-03	-9.969856E+01
1.22095000000E+06	2.300067E-03	-1.018033E+02
1.22281875000E+06	2.317489E-03	-9.991925E+01
1.22468750000E+06	2.364910E-03	-1.026037E+02
1.22655625000E+06	2.120986E-03	-1.018593E+02
1.22842500000E+06	2.124615E-03	-9.941491E+01
1.23029375000E+06	2.266563E-03	-9.991118E+01
1.23216250000E+06	2.287717E-03	-9.858658E+01
1.23403125000E+06	2.262263E-03	-1.033097E+02
1.23590000000E+06	2.269483E-03	-1.053024E+02
1.23776875000E+06	2.243642E-03	-1.011206E+02
1.23963750000E+06	2.122575E-03	-1.018109E+02
1.24150625000E+06	2.065578E-03	-1.074227E+02
1.24337500000E+06	2.310284E-03	-1.034867E+02
1.24524375000E+06	2.325564E-03	-1.016941E+02
1.24711250000E+06	2.172043E-03	-1.023218E+02
1.24898125000E+06	2.190033E-03	-9.726997E+01
1.25085000000E+06	2.208604E-03	-1.035314E+02
1.25271875000E+06	2.407812E-03	-1.017576E+02
1.25458750000E+06	2.374439E-03	-1.031458E+02
1.25645625000E+06	2.363819E-03	-1.021940E+02
1.25832500000E+06	2.244688E-03	-1.049642E+02
1.26019375000E+06	2.316268E-03	-1.053839E+02
1.26206250000E+06	2.492195E-03	-1.024802E+02
1.26393125000E+06	2.162673E-03	-1.069422E+02
1.26580000000E+06	2.238743E-03	-9.514688E+01
1.26766875000E+06	2.235090E-03	-9.917957E+01
1.26953750000E+06	2.295420E-03	-1.133764E+02
1.27140625000E+06	2.337824E-03	-9.769141E+01
1.27327500000E+06	2.175633E-03	-9.353325E+01
1.27514375000E+06	2.271530E-03	-1.043076E+02
1.27701250000E+06	2.051549E-03	-1.001039E+02
1.27888125000E+06	2.471453E-03	-1.057703E+02
1.28075000000E+06	2.465844E-03	-1.049799E+02
1.28261875000E+06	2.229565E-03	-1.003415E+02
1.28448750000E+06	2.248814E-03	-1.089247E+02
1.28635625000E+06	2.340067E-03	-1.032081E+02
1.28822500000E+06	2.338508E-03	-1.029576E+02
1.29009375000E+06	2.253095E-03	-1.029681E+02
1.29196250000E+06	2.199996E-03	-1.054722E+02
1.29383125000E+06	2.439318E-03	-1.039872E+02
1.29570000000E+06	2.292678E-03	-1.023405E+02
1.29756875000E+06	2.271741E-03	-1.052542E+02
1.29943750000E+06	2.293121E-03	-1.031188E+02
1.30130625000E+06	2.250046E-03	-1.058088E+02
1.30317500000E+06	2.290537E-03	-1.032262E+02
1.30504375000E+06	2.304879E-03	-1.037969E+02
1.30691250000E+06	2.354386E-03	-1.010513E+02
1.30878125000E+06	2.265571E-03	-1.059082E+02
1.31065000000E+06	2.341274E-03	-1.002796E+02
1.31251875000E+06	2.317687E-03	-1.039404E+02
1.31438750000E+06	2.322414E-03	-1.024886E+02
1.31625625000E+06	2.226192E-03	-9.753154E+01
1.31812500000E+06	2.499543E-03	-1.024678E+02
1.31999375000E+06	2.375639E-03	-1.017268E+02
1.32186250000E+06	2.233749E-03	-1.039132E+02
1.32373125000E+06	2.381467E-03	-9.852381E+01
1.32560000000E+06	2.401465E-03	-1.006419E+02
1.32746875000E+06	2.489716E-03	-1.014121E+02
1.32933750000E+06	2.250039E-03	-1.077188E+02
1.33120625000E+06	2.504937E-03	-1.012099E+02
1.33307500000E+06	2.330458E-03	-1.015417E+02
1.33494375000E+06	2.386155E-03	-1.016506E+02
1.33681250000E+06	2.650170E-03	-9.699171E+01
1.33868125000E+06	2.216645E-03	-1.022410E+02
1.34055000000E+06	2.378609E-03	-1.051369E+02
1.34241875000E+06	2.514312E-03	-1.030902E+02
1.34428750000E+06	2.445410E-03	-1.044800E+02
1.34615625000E+06	2.635127E-03	-1.042116E+02
1.34802500000E+06	2.645344E-03	-1.086409E+02
1.34989375000E+06	2.557105E-03	-1.035809E+02
1.35176250000E+06	2.310135E-03	-9.679215E+01
1.35363125000E+06	2.678166E-03	-1.040871E+02
1.35550000000E+06	2.298647E-03	-1.065700E+02
1.35736875000E+06	2.342573E-03	-9.954098E+01
1.35923750000E+06	2.338853E-03	-1.007529E+02
1.36110625000E+06	2.535474E-03	-9.989758E+01
1.36297500000E+06	2.431177E-03	-1.012386E+02
1.36484375000E+06	2.547662E-03	-1.037806E+02
1.36671250000E+06	2.690072E-03	-1.011870E+02
1.36858125000E+06	2.476793E-03	-9.830219E+01
1.37045000000E+06	2.383273E-03	-1.088964E+02
1.37231875000E+06	2.680058E-03	-1.004276E+02
1.37418750000E+06	2.499718E-03	-9.965231E+01
1.37605625000E+06	2.639563E-03	-1.039268E+02
1.37792500000E+06	2.493237E-03	-1.034477E+02
1.37979375000E+06	2.522283E-03	-1.028082E+02
1.38166250000E+06	2.515442E-03	-1.069913E+02
1.38353125000E+06	2.535703E-03	-1.023623E+02
1.38540000000E+06	2.451678E-03	-1.050426E+02
1.38726875000E+06	2.576937E-03	-1.069585E+02
1.38913750000E+06	2.681023E-03	-1.058642E+02
1.39100625000E+06	2.733180E-03	-1.045351E+02
1.39287500000E+06	2.620538E-03	-1.044386E+02
1.39474375000E+06	2.567364E-03	-1.032647E+02
1.39661250000E+06	2.556928E-03	-1.041898E+02
1.39848125000E+06	2.493153E-03	-1.033370E+02
1.40035000000E+06	2.730304E-03	-1.043340E+02
1.40221875000E+06	2.527324E-03	-1.063203E+02
1.40408750000E+06	2.413296E-03	-1.064172E+02
1.40595625000E+06	2.665229E-03	-1.088151E+02
1.40782500000E+06	2.547435E-03	-1.030296E+02
1.40969375000E+06	2.697259E-03	-1.043424E+02
1.41156250000E+06	2.517826E-03	-1.049940E+02
1.41343125000E+06	2.737964E-03	-1.009010E+02
1.41530000000E+06	2.854296E-03	-1.038672E+02
1.41716875000E+06	2.537369E-03	-1.041123E+02
1.41903750000E+06	2.605713E-03	-1.042624E+02
1.42090625000E+06	2.798044E-03	-1.039853E+02
1.42277500000E+06	2.684372E-03	-1.044960E+02
1.42464375000E+06	2.667219E-03	-1.011201E+02
1.42651250000E+06	2.382155E-03	-1.039672E+02
1.42838125000E+06	2.672973E-03	-1.059249E+02
1.43025000000E+06	2.699308E-03	-1.081814E+02
1.43211875000E+06	2.618114E-03	-1.086944E+02
1.43398750000E+06	2.661166E-03	-1.050169E+02
1.43585625000E+06	2.823562E-03	-9.920515E+01
1.43772500000E+06	2.592152E-03	-1.024817E+02
1.43959375000E+06	2.678851E-03	-1.078747E+02
1.44146250000E+06	2.508817E-03	-1.061918E+02
1.44333125000E+06	2.458046E-03	-1.096063E+02
1.44520000000E+06	2.520878E-03	-1.078041E+02
1.44706875000E+06	2.764588E-03	-1.034261E+02
1.44893750000E+06	2.624573E-03	-1.037876E+02
1.45080625000E+06	2.665642E-03	-1.074288E+02
1.45267500000E+06	2.588796E-03	-1.047736E+02
1.45454375000E+06	2.789121E-03	-1.078487E+02
1.45641250000E+06	2.605287E-03	-1.044056E+02
1.45828125000E+06	2.803312E-03	-1.043968E+02
1.46015000000E+06	2.803318E-03	-1.010927E+02
1.46201875000E+06	2.647012E-03	-1.038707E+02
1.46388750000E+06	2.889830E-03	-1.047684E+02
1.46575625000E+06	2.715809E-03	-1.062215E+02
1.46762500000E+06	2.611440E-03	-1.058161E+02
1.46949375000E+06	2.823961E-03	-1.051089E+02
1.47136250000E+06	2.722454E-03	-1.030005E+02
1.47323125000E+06	2.789072E-03	-1.036969E+02
1.47510000000E+06	2.850032E-03	-1.041626E+02
1.47696875000E+06	2.772503E-03	-1.044319E+02
1.47883750000E+06	2.783744E-03	-1.047274E+02
1.48070625000E+06	2.727467E-03	-1.011825E+02
1.48257500000E+06	2.629151E-03	-1.069275E+02
1.48444375000E+06	2.707510E-03	-1.052505E+02
1.48631250000E+06	2.647279E-03	-1.052219E+02
1.48818125000E+06	2.906044E-03	-1.104892E+02
1.49005000000E+06	2.729578E-03	-1.080596E+02
1.49191875000E+06	2.721192E-03	-1.063876E+02
1.49378750000E+06	2.749575E-03	-1.062166E+02
1.49565625000E+06	2.811118E-03	-1.044848E+02
1.49752500000E+06	2.744756E-03	-1.014218E+02
1.49939375000E+06	2.873889E-03	-1.075499E+02
1.50126250000E+06	2.946658E-03	-1.038830E+02
1.50313125000E+06	2.814124E-03	-1.032716E+02
1.50500000000E+06	2.769524E-03	-1.024982E+02
1.50686875000E+06	2.836043E-03	-1.028365E+02
1.50873750000E+06	2.883212E-03	-1.044398E+02
1.51060625000E+06	2.893663E-03	-1.036727E+02
1.51247500000E+06	2.893006E-03	-1.026948E+02
1.51434375000E+06	2.728913E-03	-1.025281E+02
1.51621250000E+06	2.875711E-03	-1.042806E+02
1.51808125000E+06	2.899279E-03	-1.058857E+02
1.51995000000E+06	2.825929E-03	-1.046177E+02
1.52181875000E+06	2.807608E-03	-1.053642E+02
1.52368750000E+06	2.793344E-03	-1.065418E+02
1.52555625000E+06	2.848576E-03	-1.080696E+02
1.52742500000E+06	2.910766E-03	-1.048774E+02
1.52929375000E+06	2.906102E-03	-1.059578E+02
1.53116250000E+06	2.800725E-03	-1.053846E+02
1.53303125000E+06	2.878899E-03	-1.067324E+02
1.53490000000E+06	2.952600E-03	-1.085059E+02
1.53676875000E+06	2.959735E-03	-1.009729E+02
1.53863750000E+06	2.988417E-03	-1.021254E+02
1.54050625000E+06	3.231268E-03	-1.064472E+02
1.54237500000E+06	2.835814E-03	-1.056926E+02
1.54424375000E+06	2.789609E-03	-1.068924E+02
1.54611250000E+06	2.898322E-03	-1.056962E+02
1.54798125000E+06	3.131166E-03	-1.045217E+02
1.54985000000E+06	2.957196E-03	-1.056114E+02
1.55171875000E+06	2.678661E-03	-1.083411E+02
1.55358750000E+06	2.984155E-03	-1.038875E+02
1.55545625000E+06	2.909530E-03	-1.031467E+02
1.55732500000E+06	3.331523E-03	-1.045242E+02
1.55919375000E+06	3.085981E-03	-1.034049E+02
1.56106250000E+06	2.967611E-03	-1.023948E+02
1.56293125000E+06	2.848481E-03	-1.038061E+02
1.56480000000E+06	3.029924E-03	-1.115777E+02
1.56666875000E+06	2.911352E-03	-1.029321E+02
1.56853750000E+06	3.085250E-03	-1.062671E+02
1.57040625000E+06	2.926112E-03	-1.005556E+02
1.57227500000E+06	2.920701E-03	-1.062999E+02
1.57414375000E+06	3.106181E-03	-1.056181E+02
1.57601250000E+06	2.911681E-03	-1.013959E+02
1.57788125000E+06	3.079640E-03	-1.064853E+02
1.57975000000E+06	3.109625E-03	-1.022314E+02
1.58161875000E+06	2.843743E-03	-1.042745E+02
1.58348750000E+06	3.211958E-03	-1.065065E+02
1.58535625000E+06	3.056344E-03	-1.039837E+02
1.58722500000E+06	2.960040E-03	-1.032947E+02
1.58909375000E+06	2.849608E-03	-1.086094E+02
1.59096250000E+06	2.920941E-03	-1.031249E+02
1.59283125000E+06	3.055471E-03	-1.044363E+02
1.59470000000E+06	3.094512E-03	-1.049954E+02
1.59656875000E+06	3.061499E-03	-1.047465E+02
1.59843750000E+06	3.064286E-03	-1.047229E+02
1.60030625000E+06	2.915378E-03	-1.070867E+02
1.60217500000E+06	3.021488E-03	-1.073900E+02
1.60404375000E+06	3.254937E-03	-1.061165E+02
1.60591250000E+06	3.012202E-03	-1.044653E+02
1.60778125000E+06	2.945875E-03	-1.072123E+02
1.60965000000E+06	3.144050E-03	-1.067223E+02
1.61151875000E+06	3.203186E-03	-1.052139E+02
1.61338750000E+06	3.047625E-03	-1.040866E+02
1.61525625000E+06	3.031660E-03	-1.050911E+02
1.61712500000E+06	3.162406E-03	-1.063407E+02
1.61899375000E+06	2.945989E-03	-1.074079E+02
1.62086250000E+06	3.246871E-03	-1.047250E+02
1.62273125000E+06	3.144170E-03	-1.056087E+02
1.62460000000E+06	3.090351E-03	-1.036550E+02
1.62646875000E+06	3.160525E-03	-1.043320E+02
1.62833750000E+06	3.130634E-03	-1.074042E+02
1.63020625000E+06	3.091170E-03	-1.038875E+02
1.63207500000E+06	3.121113E-03	-1.037322E+02
1.63394375000E+06	3.044098E-03	-1.078019E+02
1.63581250000E+06	3.093676E-03	-1.029339E+02
1.63768125000E+06	3.108640E-03	-1.062263E+02
1.63955000000E+06	3.226143E-03	-1.050178E+02
1.64141875000E+06	3.103959E-03	-1.042099E+02
1.64328750000E+06	2.986870E-03	-1.034525E+02
1.64515625000E+06	3.116312E-03	-1.078515E+02
1.64702500000E+06	3.092980E-03	-1.070747E+02
1.64889375000E+06	3.068995E-03	-1.061721E+02
1.65076250000E+06	3.172624E-03	-1.046049E+02
1.65263125000E+06	3.149883E-03	-1.075703E+02
1.65450000000E+06	3.003321E-03	-1.071257E+02
1.65636875000E+06	2.990612E-03	-1.070543E+02
1.65823750000E+06	3.291617E-03	-1.057470E+02
1.66010625000E+06	3.356735E-03	-1.048304E+02
1.66197500000E+06	3.488507E-03	-1.074527E+02
1.66384375000E+06	3.241123E-03	-1.036969E+02
1.66571250000E+06	3.133366E-03	-1.064269E+02
1.66758125000E+06	3.111310E-03	-1.053539E+02
1.66945000000E+06	3.097216E-03	-1.043621E+02
1.67131875000E+06	3.425029E-03	-1.034760E+02
1.67318750000E+06	3.367231E-03	-1.046499E+02
1.67505625000E+06	3.229766E-03	-1.067366E+02
1.67692500000E+06	3.288568E-03	-1.013248E+02
1.67879375000E+06	3.310020E-03	-9.872839E+01
1.68066250000E+06	3.214915E-03	-1.058643E+02
1.68253125000E+06	3.145953E-03	-1.046809E+02
1.68440000000E+06	3.566829E-03	-1.050849E+02
1.68626875000E+06	3.296343E-03	-1.025093E+02
1.68813750000E+06	3.239125E-03	-1.048723E+02
1.69000625000E+06	3.093379E-03	-1.068881E+02
1.69187500000E+06	3.098774E-03	-1.078522E+02
1.69374375000E+06	3.352877E-03	-1.069144E+02
1.69561250000E+06	3.154353E-03	-1.082806E+02
1.69748125000E+06	3.334586E-03	-1.053322E+02
1.69935000000E+06	3.140579E-03	-1.075817E+02
1.70121875000E+06	3.262242E-03	-1.052814E+02
1.70308750000E+06	3.367258E-03	-1.080607E+02
1.70495625000E+06	3.219242E-03	-1.075653E+02
1.70682500000E+06	3.366383E-03	-1.070850E+02
1.70869375000E+06	3.268229E-03	-1.032324E+02
1.71056250000E+06	3.351047E-03	-1.071008E+02
1.71243125000E+06	3.447135E-03	-1.057044E+02
1.71430000000E+06	3.181073E-03	-1.060072E+02
1.71616875000E+06	3.302539E-03	-1.070041E+02
1.71803750000E+06	3.279068E-03	-1.039752E+02
1.71990625000E+06	3.491329E-03	-1.034411E+02
1.72177500000E+06	3.250504E-03	-1.060374E+02
1.72364375000E+06	3.404734E-03	-1.079590E+02
1.72551250000E+06	3.301393E-03	-1.051891E+02
1.72738125000E+06	3.337333E-03	-1.058804E+02
1.72925000000E+06	3.485537E-03	-1.090837E+02
1.73111875000E+06	3.439340E-03	-1.057496E+02
1.73298750000E+06	3.429413E-03	-1.057850E+02
1.73485625000E+06	3.323135E-03	-1.108030E+02
1.73672500000E+06	3.283357E-03	-1.079565E+02
1.73859375000E+06	3.382849E-03	-1.074421E+02
1.74046250000E+06	3.448395E-03	-1.069657E+02
1.74233125000E+06	3.253233E-03	-1.042805E+02
1.74420000000E+06	3.284345E-03	-1.041924E+02
1.74606875000E+06	3.238155E-03	-1.092359E+02
1.74793750000E+06	3.307599E-03	-1.082754E+02
1.74980625000E+06	3.415250E-03	-1.045420E+02
1.75167500000E+06	3.388471E-03	-1.049030E+02
1.75354375000E+06	3.278125E-03	-1.061617E+02
1.75541250000E+06	3.505585E-03	-1.071277E+02
1.75728125000E+06	3.532620E-03	-1.092500E+02
1.75915000000E+06	3.501157E-03	-1.087921E+02
1.76101875000E+06	3.409854E-03	-1.057219E+02
1.76288750000E+06	3.392214E-03	-1.062824E+02
1.76475625000E+06	3.482415E-03	-1.044586E+02
1.76662500000E+06	3.393785E-03	-1.086622E+02
1.76849375000E+06	3.429342E-03	-1.078352E+02
1.77036250000E+06	3.339814E-03	-1.045661E+02
1.77223125000E+06	3.478567E-03	-1.044536E+02
1.77410000000E+06	3.293970E-03	-1.062201E+02
1.77596875000E+06	3.315825E-03	-1.076017E+02
1.77783750000E+06	3.416536E-03	-1.064009E+02
1.77970625000E+06	3.638235E-03	-1.081564E+02
1.78157500000E+06	3.440928E-03	-1.064264E+02
1.78344375000E+06	3.476496E-03	-1.079745E+02
1.78531250000E+06	3.548747E-03	-1.066570E+02
1.78718125000E+06	3.536515E-03	-1.085567E+02
1.78905000000E+06	3.477659E-03	-1.090191E+02
1.79091875000E+06	3.484462E-03	-1.067508E+02
1.79278750000E+06	3.548244E-03	-1.077102E+02
1.79465625000E+06	3.497878E-03	-1.056320E+02
1.79652500000E+06	3.581790E-03	-1.107946E+02
1.79839375000E+06	3.715994E-03	-1.064392E+02
1.80026250000E+06	3.471157E-03	-1.086582E+02
1.80213125000E+06	3.524152E-03	-1.087761E+02
1.80400000000E+06	3.428058E-03	-1.116965E+02
1.80586875000E+06	3.629584E-03	-1.090279E+02
1.80773750000E+06	3.600845E-03	-1.048516E+02
1.80960625000E+06	3.819902E-03	-1.060615E+02
1.81147500000E+06	3.479076E-03	-1.075718E+02
1.81334375000E+06	3.584730E-03	-1.087292E+02
1.81521250000E+06	3.818535E-03	-1.065543E+02
1.81708125000E+06	3.589561E-03	-1.073621E+02
1.81895000000E+06	3.647989E-03	-1.112793E+02
1.82081875000E+06	3.310105E-03	-1.104960E+02
1.82268750000E+06	3.690923E-03	-1.120802E+02
1.82455625000E+06	3.730321E-03	-1.105012E+02
1.82642500000E+06	3.653430E-03	-1.070107E+02
1.82829375000E+06	3.517599E-03	-1.092414E+02
1.83016250000E+06	3.310881E-03	-1.053253E+02
1.83203125000E+06	3.566996E-03	-1.105528E+02
1.83390000000E+06	3.583791E-03	-1.084305E+02
1.83576875000E+06	3.552505E-03	-1.106027E+02
1.83763750000E+06	3.325189E-03	-1.100561E+02
1.83950625000E+06	3.238554E-03	-1.086438E+02
1.84137500000E+06	3.264927E-03	-1.086419E+02
1.84324375000E+06	3.780207E-03	-1.114634E+02
1.84511250000E+06	3.642558E-03	-1.017147E+02
1.84698125000E+06	3.730911E-03	-1.090194E+02
1.84885000000E+06	3.658293E-03	-1.073272E+02
1.85071875000E+06	3.466037E-03	-1.098447E+02
1.85258750000E+06	3.594848E-03	-1.056715E+02
1.85445625000E+06	3.660319E-03	-1.047725E+02
1.85632500000E+06	3.748551E-03	-1.088730E+02
1.85819375000E+06	3.799195E-03	-1.061658E+02
1.86006250000E+06	3.673727E-03	-1.088830E+02
1.86193125000E+06	3.650107E-03	-1.097760E+02
1.86380000000E+06	3.751585E-03	-1.082107E+02
1.86566875000E+06	3.523592E-03	-1.067505E+02
1.86753750000E+06	3.743788E-03	-1.073971E+02
1.86940625000E+06	3.903557E-03	-1.078406E+02
1.87127500000E+06	3.545571E-03	-1.087490E+02
1.87314375000E+06	3.659439E-03	-1.074243E+02
1.87501250000E+06	3.962577E-03	-1.022701E+02
1.87688125000E+06	3.595679E-03	-1.067251E+02
1.87875000000E+06	3.753280E-03	-1.081380E+02
1.88061875000E+06	3.644744E-03	-1.076646E+02
1.88248750000E+06	3.681245E-03	-1.103309E+02
1.88435625000E+06	3.499169E-03	-1.119722E+02
1.88622500000E+06	3.792430E-03	-1.074733E+02
1.88809375000E+06	3.821980E-03	-1.082345E+02
1.88996250000E+06	3.743130E-03	-1.080275E+02
1.89183125000E+06	3.741388E-03	-1.095960E+02
1.89370000000E+06	3.788102E-03	-1.103937E+02
1.89556875000E+06	3.834656E-03	-1.050442E+02
1.89743750000E+06	3.913572E-03	-1.093885E+02
1.89930625000E+06	3.824916E-03	-1.073523E+02
1.90117500000E+06	3.760353E-03	-1.081627E+02
1.90304375000E+06	3.758646E-03	-1.088921E+02
1.90491250000E+06	3.851856E-03	-1.080149E+02
1.90678125000E+06	3.678424E-03	-1.066035E+02
1.90865000000E+06	3.664106E-03	-1.106969E+02
1.91051875000E+06	3.953909E-03	-1.090983E+02
1.91238750000E+06	3.632060E-03	-1.126338E+02
1.91425625000E+06	3.866376E-03	-1.087671E+02
1.91612500000E+06	3.790495E-03	-1.075699E+02
1.91799375000E+06	3.729163E-03	-1.095872E+02
1.91986250000E+06	3.789179E-03	-1.085097E+02
1.92173125000E+06	3.860637E-03	-1.091881E+02
1.92360000000E+06	3.957639E-03	-1.100583E+02
1.92546875000E+06	3.839137E-03	-1.086050E+02
1.92733750000E+06	3.896564E-03	-1.096879E+02
1.92920625000E+06	3.873202E-03	-1.093844E+02
1.93107500000E+06	3.745459E-03	-1.095764E+02
1.93294375000E+06	3.848868E-03	-1.083228E+02
1.93481250000E+06	3.776701E-03	-1.073003E+02
1.93668125000E+06	3.995826E-03	-1.100852E+02
1.93855000000E+06	3.891065E-03	-1.092221E+02
1.94041875000E+06	3.709589E-03	-1.078754E+02
1.94228750000E+06	3.764804E-03	-1.065893E+02
1.94415625000E+06	4.000954E-03	-1.078328E+02
1.94602500000E+06	4.025119E-03	-1.077681E+02
1.94789375000E+06	3.879383E-03	-1.081608E+02
1.94976250000E+06	3.848647E-03	-1.091856E+02
1.95163125000E+06	3.775639E-03	-1.074290E+02
1.95350000000E+06	3.995128E-03	-1.081267E+02
1.95536875000E+06	3.789758E-03	-1.090281E+02
1.95723750000E+06	3.917944E-03	-1.087149E+02
1.95910625000E+06	4.100530E-03	-1.070600E+02
1.96097500000E+06	3.985676E-03	-1.104343E+02
1.96284375000E+06	3.778148E-03	-1.115465E+02
1.96471250000E+06	3.888838E-03	-1.081915E+02
1.96658125000E+06	3.905034E-03	-1.097126E+02
1.96845000000E+06	3.762053E-03	-1.087987E+02
1.97031875000E+06	4.026344E-03	-1.089774E+02
1.97218750000E+06	3.906830E-03	-1.050232E+02
1.97405625000E+06	4.247002E-03	-1.071315E+02
1.97592500000E+06	4.145049E-03	-1.098775E+02
1.97779375000E+06	4.073920E-03	-1.097903E+02
1.97966250000E+06	4.272632E-03	-1.081358E+02
1.98153125000E+06	3.561521E-03	-1.123463E+02
1.98340000000E+06	3.785831E-03	-1.112474E+02
1.98526875000E+06	3.845346E-03	-1.065932E+02
1.98713750000E+06	4.089951E-03	-1.092528E+02
1.98900625000E+06	4.235158E-03	-1.116572E+02
1.99087500000E+06	4.048632E-03	-1.099773E+02
1.99274375000E+06	4.067670E-03	-1.121876E+02
1.99461250000E+06	4.042313E-03	-1.097378E+02
1.99648125000E+06	4.158865E-03	-1.073530E+02
1.99835000000E+06	3.804309E-03	-1.077396E+02
2.00021875000E+06	4.379165E-03	-1.125403E+02
2.00208750000E+06	4.259258E-03	-1.093878E+02
2.00395625000E+06	4.264285E-03	-1.081754E+02
2.00582500000E+06	3.863331E-03	-1.061207E+02
2.00769375000E+06	4.172633E-03	-1.080494E+02
2.00956250000E+06	4.035545E-03	-1.081634E+02
2.01143125000E+06	3.883271E-03	-1.097518E+02
2.01330000000E+06	3.846180E-03	-1.067253E+02
2.01516875000E+06	4.264849E-03	-1.087354E+02
2.01703750000E+06	3.783769E-03	-1.056471E+02
2.01890625000E+06	3.933189E-03	-1.112129E+02
2.02077500000E+06	4.143189E-03	-1.068698E+02
2.02264375000E+06	4.209685E-03	-1.063821E+02
2.02451250000E+06	4.271542E-03	-1.101057E+02
2.02638125000E+06	3.931526E-03	-1.098609E+02
2.02825000000E+06	3.848400E-03	-1.091292E+02
2.03011875000E+06	4.194594E-03	-1.084048E+02
2.03198750000E+06	4.151387E-03	-1.069857E+02
2.03385625000E+06	4.196102E-03	-1.118428E+02
2.03572500000E+06	3.752588E-03	-1.090584E+02
2.03759375000E+06	4.091211E-03	-1.091761E+02
2.03946250000E+06	4.245429E-03	-1.085636E+02
2.04133125000E+06	3.927590E-03	-1.096136E+02
2.04320000000E+06	4.111791E-03	-1.086848E+02
2.04506875000E+06	4.060602E-03	-1.096430E+02
2.04693750000E+06	3.981310E-03	-1.070568E+02
2.04880625000E+06	4.375811E-03	-1.096191E+02
2.05067500000E+06	4.247491E-03	-1.079781E+02
2.05254375000E+06	4.306324E-03	-1.071329E+02
2.05441250000E+06	4.039827E-03	-1.121813E+02
2.05628125000E+06	4.282849E-03	-1.068627E+02
2.05815000000E+06	3.993887E-03	-1.091338E+02
2.06001875000E+06	4.085595E-03	-1.097921E+02
2.06188750000E+06	4.253972E-03	-1.082081E+02
2.06375625000E+06	4.329538E-03	-1.105179E+02
2.06562500000E+06	4.187157E-03	-1.085077E+02
2.06749375000E+06	4.094425E-03	-1.085074E+02
2.06936250000E+06	4.203783E-03	-1.086651E+02
2.07123125000E+06	4.108612E-03	-1.114480E+02
2.07310000000E+06	4.223065E-03	-1.098141E+02
2.07496875000E+06	4.115758E-03	-1.070803E+02
2.07683750000E+06	4.205971E-03	-1.091906E+02
2.07870625000E+06	4.254800E-03	-1.086375E+02
2.08057500000E+06	4.113429E-03	-1.106531E+02
2.08244375000E+06	4.230008E-03	-1.086102E+02
2.08431250000E+06	4.190774E-03	-1.087346E+02
2.08618125000E+06	4.266544E-03	-1.100545E+02
2.08805000000E+06	4.303162E-03	-1.069300E+02
2.08991875000E+06	4.450473E-03	-1.083868E+02
2.09178750000E+06	4.140885E-03	-1.088096E+02
2.09365625000E+06	4.110510E-03	-1.074677E+02
2.09552500000E+06	4.260458E-03	-1.098628E+02
2.09739375000E+06	4.279685E-03	-1.096145E+02
2.09926250000E+06	4.268003E-03	-1.090305E+02
2.10113125000E+06	4.249264E-03	-1.098080E+02
2.10300000000E+06	4.170773E-03	-1.069309E+02
2.10486875000E+06	4.227776E-03	-1.109334E+02
2.10673750000E+06	4.224659E-03	-1.073263E+02
2.10860625000E+06	4.271605E-03	-1.095601E+02
2.11047500000E+06	4.285059E-03	-1.089621E+02
2.11234375000E+06	4.191078E-03	-1.096249E+02
2.11421250000E+06	4.363091E-03	-1.083993E+02
2.11608125000E+06	4.187852E-03	-1.096373E+02
2.11795000000E+06	4.263217E-03	-1.086918E+02
2.11981875000E+06	4.217364E-03	-1.108615E+02
2.12168750000E+06	4.235120E-03	-1.093269E+02
2.12355625000E+06	4.266344E-03	-1.089242E+02
2.12542500000E+06	4.345073E-03	-1.106545E+02
2.12729375000E+06	4.361989E-03	-1.099054E+02
2.12916250000E+06	4.333466E-03	-1.083454E+02
2.13103125000E+06	4.211882E-03	-1.098277E+02
2.13290000000E+06	4.369349E-03	-1.100102E+02
2.13476875000E+06	4.435555E-03	-1.096623E+02
2.13663750000E+06	4.287993E-03	-1.100696E+02
2.13850625000E+06	4.349478E-03	-1.103158E+02
2.14037500000E+06	4.432682E-03	-1.085090E+02
2.14224375000E+06	4.330106E-03	-1.089437E+02
2.14411250000E+06	4.331697E-03	-1.089326E+02
2.14598125000E+06	4.414280E-03	-1.093936E+02
2.14785000000E+06	4.683869E-03	-1.084564E+02
2.14971875000E+06	4.308362E-03	-1.091978E+02
2.15158750000E+06	4.503932E-03	-1.085728E+02
2.15345625000E+06	4.224618E-03	-1.107319E+02
2.15532500000E+06	4.374425E-03	-1.095761E+02
2.15719375000E+06	4.437406E-03	-1.084262E+02
2.15906250000E+06	4.409336E-03	-1.109289E+02
2.16093125000E+06	4.370341E-03	-1.100374E+02
2.16280000000E+06	4.475848E-03	-1.105096E+02
2.16466875000E+06	4.496829E-03	-1.095862E+02
2.16653750000E+06	4.433308E-03	-1.093892E+02
2.16840625000E+06	4.501501E-03	-1.073396E+02
2.17027500000E+06	4.378349E-03	-1.077983E+02
2.17214375000E+06	4.657825E-03	-1.088938E+02
2.17401250000E+06	4.685175E-03	-1.102003E+02
2.17588125000E+06	4.338522E-03	-1.111940E+02
2.17775000000E+06	4.665166E-03	-1.115289E+02
2.17961875000E+06	4.433786E-03	-1.122181E+02
2.18148750000E+06	4.418273E-03	-1.086789E+02
2.18335625000E+06	4.324837E-03	-1.137674E+02
2.18522500000E+06	4.354749E-03	-1.109230E+02
2.18709375000E+06	4.265414E-03	-1.158957E+02
2.18896250000E+06	4.864632E-03	-1.075512E+02
2.19083125000E+06	4.467846E-03	-1.092930E+02
2.19270000000E+06	4.608241E-03	-1.087532E+02
2.19456875000E+06	4.690375E-03	-1.066383E+02
2.19643750000E+06	4.344578E-03	-1.100888E+02
2.19830625000E+06	4.193007E-03	-1.087093E+02
2.20017500000E+06	4.564280E-03	-1.074613E+02
2.20204375000E+06	4.543914E-03	-1.103199E+02
2.20391250000E+06	4.776552E-03	-1.081480E+02
2.20578125000E+06	4.319846E-03	-1.056149E+02
2.20765000000E+06	4.615588E-03	-1.097341E+02
2.20951875000E+06	4.864703E-03	-1.099581E+02
2.21138750000E+06	4.876295E-03	-1.076997E+02
2.21325625000E+06	4.505732E-03	-1.105176E+02
2.21512500000E+06	4.514606E-03	-1.097146E+02
2.21699375000E+06	4.796209E-03	-1.133930E+02
2.21886250000E+06	4.612530E-03	-1.135448E+02
2.22073125000E+06	4.408235E-03	-1.118893E+02
2.22260000000E+06	4.501639E-03	-1.065011E+02
2.22446875000E+06	4.687771E-03	-1.103306E+02
2.22633750000E+06	4.686795E-03	-1.112595E+02
2.22820625000E+06	4.644001E-03	-1.087126E+02
2.23007500000E+06	4.568344E-03	-1.103773E+02
2.23194375000E+06	4.585495E-03	-1.076349E+02
2.23381250000E+06	4.529973E-03	-1.089173E+02
2.23568125000E+06	4.553685E-03	-1.096658E+02
2.23755000000E+06	4.508920E-03	-1.082706E+02
2.23941875000E+06	4.493036E-03	-1.098985E+02
2.24128750000E+06	4.711594E-03	-1.080736E+02
2.24315625000E+06	4.596402E-03	-1.118740E+02
2.24502500000E+06	4.791420E-03	-1.098225E+02
2.24689375000E+06	4.735202E-03	-1.105523E+02
2.24876250000E+06	4.511852E-03	-1.082882E+02
2.25063125000E+06	4.631991E-03	-1.087345E+02
2.25250000000E+06	4.796530E-03	-1.079623E+02
2.25436875000E+06	4.760094E-03	-1.094939E+02
2.25623750000E+06	4.732492E-03	-1.088990E+02
2.25810625000E+06	4.760014E-03	-1.090391E+02
2.25997500000E+06	4.690974E-03	-1.062447E+02
2.26184375000E+06	4.644870E-03	-1.100020E+02
2.26371250000E+06	4.877257E-03	-1.094026E+02
2.26558125000E+06	4.838648E-03	-1.101587E+02
2.26745000000E+06	4.755062E-03	-1.095175E+02
2.26931875000E+06	4.574625E-03	-1.114691E+02
2.27118750000E+06	4.731662E-03	-1.091984E+02
2.27305625000E+06	4.688679E-03	-1.100012E+02
2.27492500000E+06	4.733549E-03	-1.100979E+02
2.27679375000E+06	4.741808E-03	-1.108277E+02
2.27866250000E+06	4.532364E-03	-1.108263E+02
2.28053125000E+06	4.838491E-03	-1.079170E+02
2.28240000000E+06	4.664865E-03	-1.098373E+02
2.28426875000E+06	4.792362E-03	-1.092569E+02
2.28613750000E+06	4.843180E-03	-1.089189E+02
2.28800625000E+06	4.849906E-03	-1.117787E+02
2.28987500000E+06	4.770766E-03	-1.078152E+02
2.29174375000E+06	4.724502E-03	-1.104901E+02
2.29361250000E+06	4.760348E-03	-1.111816E+02
2.29548125000E+06	5.057265E-03	-1.097300E+02
2.29735000000E+06	4.854787E-03	-1.099496E+02
2.29921875000E+06	4.772323E-03	-1.107157E+02
2.30108750000E+06	4.929233E-03	-1.077505E+02
2.30295625000E+06	4.871910E-03	-1.097924E+02
2.30482500000E+06	4.825446E-03	-1.081252E+02
2.30669375000E+06	4.800423E-03	-1.100005E+02
2.30856250000E+06	4.789474E-03	-1.094429E+02
2.31043125000E+06	4.833705E-03	-1.093444E+02
2.31230000000E+06	4.967594E-03	-1.100205E+02
2.31416875000E+06	5.021278E-03	-1.081202E+02
2.31603750000E+06	4.835522E-03	-1.095774E+02
2.31790625000E+06	4.780135E-03	-1.093257E+02
2.31977500000E+06	4.945931E-03	-1.094223E+02
2.32164375000E+06	5.052708E-03	-1.094890E+02
2.32351250000E+06	4.923659E-03	-1.089065E+02
2.32538125000E+06	4.925133E-03	-1.084437E+02
2.32725000000E+06	4.982932E-03	-1.098325E+02
2.32911875000E+06	4.905343E-03	-1.092293E+02
2.33098750000E+06	4.894498E-03	-1.098785E+02
2.33285625000E+06	4.908190E-03	-1.100118E+02
2.33472500000E+06	4.889043E-03	-1.093542E+02
2.33659375000E+06	5.103939E-03	-1.089331E+02
2.33846250000E+06	4.965118E-03	-1.091673E+02
2.34033125000E+06	4.914908E-03	-1.098798E+02
2.34220000000E+06	4.972327E-03	-1.087589E+02
2.34406875000E+06	4.919154E-03	-1.109717E+02
2.34593750000E+06	4.892041E-03	-1.095401E+02
2.34780625000E+06	4.928941E-03	-1.103584E+02
2.34967500000E+06	4.979106E-03	-1.092988E+02
2.35154375000E+06	4.972015E-03	-1.110181E+02
2.35341250000E+06	5.106094E-03	-1.098283E+02
2.35528125000E+06	4.989289E-03	-1.095634E+02
2.35715000000E+06	4.954943E-03	-1.093356E+02
2.35901875000E+06	5.065448E-03	-1.083930E+02
2.36088750000E+06	5.081567E-03	-1.100233E+02
2.36275625000E+06	5.043769E-03	-1.085861E+02
2.36462500000E+06	4.977713E-03	-1.093796E+02
2.36649375000E+06	5.125978E-03	-1.094241E+02
2.36836250000E+06	5.146079E-03	-1.104804E+02
2.37023125000E+06	4.986621E-03	-1.090318E+02
2.37210000000E+06	5.037747E-03	-1.088085E+02
2.37396875000E+06	5.009302E-03	-1.099527E+02
2.37583750000E+06	5.110776E-03	-1.093324E+02
2.37770625000E+06	5.203191E-03	-1.105363E+02
2.37957500000E+06	5.067774E-03	-1.093890E+02
2.38144375000E+06	5.048136E-03	-1.106153E+02
2.38331250000E+06	5.082472E-03	-1.097733E+02
2.38518125000E+06	5.051847E-03	-1.085952E+02
2.38705000000E+06	5.167208E-03	-1.095927E+02
2.38891875000E+06	5.129388E-03	-1.101320E+02
2.39078750000E+06	5.157476E-03	-1.106952E+02
2.39265625000E+06	5.191305E-03	-1.079595E+02
2.39452500000E+06	5.097230E-03	-1.101223E+02
2.39639375000E+06	5.165691E-03	-1.097636E+02
2.39826250000E+06	5.055625E-03	-1.099461E+02
2.40013125000E+06	5.162408E-03	-1.105208E+02
2.40200000000E+06	4.974538E-03	-1.068584E+02
2.40386875000E+06	5.377252E-03	-1.112585E+02
2.40573750000E+06	5.195890E-03	-1.118693E+02
2.40760625000E+06	4.995864E-03	-1.099904E+02
2.40947500000E+06	5.185185E-03	-1.090721E+02
2.41134375000E+06	4.935259E-03	-1.082220E+02
2.41321250000E+06	5.332175E-03	-1.088647E+02
2.41508125000E+06	5.222897E-03	-1.110886E+02
2.41695000000E+06	4.985683E-03	-1.112735E+02
2.41881875000E+06	5.225979E-03	-1.089294E+02
2.42068750000E+06	5.372329E-03	-1.076778E+02
2.42255625000E+06	5.190898E-03	-1.092409E+02
2.42442500000E+06	5.321848E-03	-1.099518E+02
2.42629375000E+06	5.365879E-03	-1.109338E+02
2.42816250000E+06	5.457712E-03	-1.109989E+02
2.43003125000E+06	5.340235E-03	-1.080203E+02
2.43190000000E+06	5.435515E-03	-1.101870E+02
2.43376875000E+06	5.273619E-03	-1.095477E+02
2.43563750000E+06	5.333891E-03	-1.114425E+02
2.43750625000E+06	5.409006E-03	-1.099130E+02
2.43937500000E+06	5.423697E-03	-1.122450E+02
2.44124375000E+06	5.300753E-03	-1.092961E+02
2.44311250000E+06	4.995130E-03	-1.107835E+02
2.44498125000E+06	5.294654E-03	-1.096402E+02
2.44685000000E+06	4.886515E-03	-1.072770E+02
2.44871875000E+06	5.429641E-03	-1.098874E+02
2.45058750000E+06	5.393324E-03	-1.103044E+02
2.45245625000E+06	5.469870E-03	-1.123190E+02
2.45432500000E+06	5.338848E-03	-1.112824E+02
2.45619375000E+06	5.305336E-03	-1.058398E+02
2.45806250000E+06	5.313493E-03	-1.090975E+02
2.45993125000E+06	5.317268E-03	-1.115357E+02
2.46180000000E+06	5.361939E-03	-1.104408E+02
2.46366875000E+06	5.391251E-03	-1.116425E+02
2.46553750000E+06	5.429342E-03	-1.102452E+02
2.46740625000E+06	5.510696E-03	-1.087567E+02
2.46927500000E+06	5.309492E-03	-1.097716E+02
2.47114375000E+06	5.494472E-03	-1.113723E+02
2.47301250000E+06	5.572370E-03	-1.108347E+02
2.47488125000E+06	5.404942E-03	-1.109829E+02
2.47675000000E+06	5.294931E-03	-1.100456E+02
2.47861875000E+06	5.411143E-03	-1.096761E+02
2.48048750000E+06	5.442385E-03	-1.088699E+02
2.48235625000E+06	5.637990E-03	-1.079171E+02
2.48422500000E+06	5.509010E-03	-1.112330E+02
2.48609375000E+06	5.440719E-03	-1.114036E+02
2.48796250000E+06	5.410033E-03	-1.099974E+02
2.48983125000E+06	5.605489E-03	-1.121252E+02
2.49170000000E+06	5.593769E-03	-1.093659E+02
2.49356875000E+06	5.520443E-03	-1.071215E+02
2.49543750000E+06	5.396084E-03	-1.105689E+02
2.49730625000E+06	5.561975E-03	-1.086726E+02
2.49917500000E+06	5.463881E-03	-1.088550E+02
2.50104375000E+06	5.331839E-03	-1.092879E+02
2.50291250000E+06	5.509758E-03	-1.090235E+02
2.50478125000E+06	5.441585E-03	-1.112994E+02
2.50665000000E+06	5.421990E-03	-1.102178E+02
2.50851875000E+06	5.442905E-03	-1.096200E+02
2.51038750000E+06	5.495044E-03	-1.110938E+02
2.51225625000E+06	5.750132E-03	-1.084908E+02
2.51412500000E+06	5.402599E-03	-1.110949E+02
2.51599375000E+06	5.540214E-03	-1.087016E+02
2.51786250000E+06	5.531720E-03	-1.098870E+02
2.51973125000E+06	5.340010E-03	-1.106965E+02
2.52160000000E+06	5.617549E-03	-1.113923E+02
2.52346875000E+06	5.615577E-03	-1.104251E+02
2.52533750000E+06	5.594066E-03	-1.099351E+02
2.52720625000E+06	5.628303E-03	-1.095465E+02
2.52907500000E+06	5.602015E-03	-1.113392E+02
2.53094375000E+06	5.701876E-03	-1.104684E+02
2.53281250000E+06	5.485275E-03	-1.095743E+02
2.53468125000E+06	5.676268E-03	-1.089928E+02
2.53655000000E+06	5.507474E-03	-1.093828E+02
2.53841875000E+06	5.614266E-03	-1.093701E+02
2.54028750000E+06	5.581941E-03	-1.086414E+02
2.54215625000E+06	5.735966E-03	-1.101098E+02
2.54402500000E+06	5.579593E-03	-1.086802E+02
2.54589375000E+06	5.666604E-03	-1.093390E+02
2.54776250000E+06	5.634626E-03	-1.107934E+02
2.54963125000E+06	5.620664E-03	-1.089030E+02
2.55150000000E+06	5.825756E-03	-1.103376E+02
2.55336875000E+06	5.677832E-03	-1.101280E+02
2.55523750000E+06	5.715125E-03	-1.102058E+02
2.55710625000E+06	5.540612E-03	-1.113849E+02
2.55897500000E+06	5.759476E-03	-1.080293E+02
2.56084375000E+06	5.674188E-03	-1.094858E+02
2.56271250000E+06	5.707218E-03	-1.091840E+02
2.56458125000E+06	5.775813E-03	-1.090597E+02
2.56645000000E+06	5.656719E-03	-1.106843E+02
2.56831875000E+06	5.866995E-03	-1.101818E+02
2.57018750000E+06	5.673498E-03	-1.099479E+02
2.57205625000E+06	5.829788E-03	-1.107001E+02
2.57392500000E+06	5.676961E-03	-1.108011E+02
2.57579375000E+06	5.719221E-03	-1.103505E+02
2.57766250000E+06	5.706124E-03	-1.100502E+02
2.57953125000E+06	5.777195E-03	-1.102833E+02
2.58140000000E+06	5.900707E-03	-1.101504E+02
2.58326875000E+06	5.786234E-03	-1.117282E+02
2.58513750000E+06	5.942636E-03	-1.106124E+02
2.58700625000E+06	5.733610E-03	-1.100411E+02
2.58887500000E+06	5.922607E-03	-1.105148E+02
2.59074375000E+06	5.768446E-03	-1.109281E+02
2.59261250000E+06	5.967984E-03	-1.103400E+02
2.59448125000E+06	5.926520E-03	-1.110109E+02
2.59635000000E+06	5.816866E-03	-1.117077E+02
2.59821875000E+06	5.867046E-03	-1.097401E+02
2.60008750000E+06	5.921916E-03	-1.110871E+02
2.60195625000E+06	5.839546E-03	-1.109365E+02
2.60382500000E+06	5.787615E-03	-1.108762E+02
2.60569375000E+06	5.834838E-03	-1.105087E+02
2.60756250000E+06	5.845141E-03	-1.113521E+02
2.60943125000E+06	5.809693E-03	-1.097623E+02
2.61130000000E+06	5.931974E-03	-1.103819E+02
2.61316875000E+06	5.877265E-03	-1.105900E+02
2.61503750000E+06	5.834832E-03	-1.093672E+02
2.61690625000E+06	5.941249E-03	-1.102375E+02
2.61877500000E+06	5.907753E-03	-1.105220E+02
2.62064375000E+06	5.970867E-03	-1.104138E+02
2.62251250000E+06	5.962554E-03	-1.100964E+02
2.62438125000E+06	5.980996E-03	-1.115523E+02
2.62625000000E+06	6.012121E-03	-1.100627E+02
2.62811875000E+06	6.027090E-03	-1.101784E+02
2.62998750000E+06	5.918903E-03	-1.109130E+02
2.63185625000E+06	6.021543E-03	-1.103281E+02
2.63372500000E+06	5.969864E-03	-1.095143E+02
2.63559375000E+06	6.002415E-03	-1.107731E+02
2.63746250000E+06	5.960934E-03	-1.102363E+02
2.63933125000E+06	6.001534E-03	-1.109514E+02
2.64120000000E+06	5.976424E-03	-1.108643E+02
2.64306875000E+06	5.936513E-03	-1.100827E+02
2.64493750000E+06	6.033851E-03	-1.101558E+02
2.64680625000E+06	6.061490E-03	-1.111354E+02
2.64867500000E+06	5.977880E-03	-1.091745E+02
2.65054375000E+06	6.030018E-03	-1.110651E+02
2.65241250000E+06	5.964939E-03	-1.100165E+02
2.65428125000E+06	6.043361E-03	-1.109986E+02
2.65615000000E+06	6.027455E-03	-1.109663E+02
2.65801875000E+06	6.087555E-03	-1.119333E+02
2.65988750000E+06	6.231276E-03	-1.115437E+02
2.66175625000E+06	6.097168E-03	-1.107485E+02
2.66362500000E+06	6.156149E-03	-1.107515E+02
2.66549375000E+06	6.059490E-03	-1.107293E+02
2.66736250000E+06	6.168571E-03	-1.104047E+02
2.66923125000E+06	6.130530E-03	-1.102150E+02
2.67110000000E+06	6.019203E-03	-1.102574E+02
2.67296875000E+06	6.084987E-03	-1.108207E+02
2.67483750000E+06	6.173655E-03	-1.113626E+02
2.67670625000E+06	6.167596E-03	-1.088869E+02
2.67857500000E+06	6.144156E-03	-1.106857E+02
2.68044375000E+06	6.126267E-03	-1.106431E+02
2.68231250000E+06	6.279022E-03	-1.106764E+02
2.68418125000E+06	6.112918E-03	-1.103138E+02
2.68605000000E+06	6.132818E-03	-1.101647E+02
2.68791875000E+06	6.184466E-03	-1.108254E+02
2.68978750000E+06	6.205006E-03	-1.109007E+02
2.69165625000E+06	6.111219E-03	-1.113754E+02
2.69352500000E+06	6.118060E-03	-1.109596E+02
2.69539375000E+06	6.091251E-03	-1.101556E+02
2.69726250000E+06	6.431468E-03	-1.111104E+02
2.69913125000E+06	6.458224E-03	-1.083158E+02
2.70100000000E+06	6.323088E-03	-1.097915E+02
2.70286875000E+06	5.990476E-03	-1.114185E+02
2.70473750000E+06	6.268846E-03	-1.110851E+02
2.70660625000E+06	6.436146E-03	-1.114284E+02
2.70847500000E+06	6.184941E-03	-1.106026E+02
2.71034375000E+06	6.447117E-03	-1.101193E+02
2.71221250000E+06	6.194770E-03	-1.114525E+02
2.71408125000E+06	6.535730E-03	-1.126160E+02
2.71595000000E+06	6.254622E-03	-1.087278E+02
2.71781875000E+06	6.408609E-03	-1.081238E+02
2.71968750000E+06	6.278990E-03	-1.106104E+02
2.72155625000E+06	6.005014E-03	-1.120497E+02
2.72342500000E+06	6.191405E-03	-1.140426E+02
2.72529375000E+06	6.301388E-03	-1.121346E+02
2.72716250000E+06	6.604839E-03	-1.095216E+02
2.72903125000E+06	6.313261E-03	-1.137462E+02
2.73090000000E+06	6.841859E-03	-1.106397E+02
2.73276875000E+06	5.888176E-03	-1.095243E+02
2.73463750000E+06	6.471901E-03	-1.106262E+02
2.73650625000E+06	6.522528E-03	-1.118406E+02
2.73837500000E+06	6.183556E-03	-1.114017E+02
2.74024375000E+06	6.343036E-03	-1.081732E+02
2.74211250000E+06	6.381970E-03	-1.119455E+02
2.74398125000E+06	6.473327E-03	-1.100880E+02
2.74585000000E+06	6.581924E-03	-1.102303E+02
2.74771875000E+06	6.508845E-03	-1.114169E+02
2.74958750000E+06	6.525231E-03	-1.115421E+02
2.75145625000E+06	6.312920E-03	-1.087407E+02
2.75332500000E+06	6.341691E-03	-1.131996E+02
2.75519375000E+06	6.681764E-03	-1.131691E+02
2.75706250000E+06	6.564530E-03	-1.110300E+02
2.75893125000E+06	6.426043E-03	-1.093735E+02
2.76080000000E+06	6.517287E-03	-1.092826E+02
2.76266875000E+06	6.158654E-03	-1.090391E+02
2.76453750000E+06	6.688314E-03	-1.094314E+02
2.76640625000E+06	6.515208E-03	-1.081848E+02
2.76827500000E+06	6.885026E-03	-1.111417E+02
2.77014375000E+06	6.555279E-03	-1.111370E+02
2.77201250000E+06	6.539198E-03	-1.105672E+02
2.77388125000E+06	6.215568E-03	-1.110620E+02
2.77575000000E+06	6.455612E-03	-1.127649E+02
2.77761875000E+06	6.325596E-03	-1.119340E+02
2.77948750000E+06	6.555038E-03	-1.111108E+02
2.78135625000E+06	6.454695E-03	-1.106547E+02
2.78322500000E+06	6.470788E-03	-1.089124E+02
2.78509375000E+06	6.448289E-03	-1.100611E+02
2.78696250000E+06	6.399160E-03	-1.105578E+02
2.78883125000E+06	6.363797E-03	-1.095998E+02
2.79070000000E+06	6.525843E-03	-1.102387E+02
2.79256875000E+06	6.502560E-03	-1.117359E+02
2.79443750000E+06	6.751373E-03	-1.114357E+02
2.79630625000E+06	6.665487E-03	-1.112481E+02
2.79817500000E+06	6.781909E-03	-1.115663E+02
2.80004375000E+06	6.451143E-03	-1.109378E+02
2.80191250000E+06	6.651673E-03	-1.108257E+02
2.80378125000E+06	6.686477E-03	-1.131435E+02
2.80565000000E+06	6.656451E-03	-1.125434E+02
2.80751875000E+06	6.882630E-03	-1.117270E+02
2.80938750000E+06	6.767691E-03	-1.115732E+02
2.81125625000E+06	6.740440E-03	-1.110733E+02
2.81312500000E+06	6.696303E-03	-1.118425E+02
2.81499375000E+06	6.579247E-03	-1.109974E+02
2.81686250000E+06	6.706794E-03	-1.114090E+02
2.81873125000E+06	6.799964E-03	-1.098046E+02
2.82060000000E+06	6.796872E-03	-1.115560E+02
2.82246875000E+06	6.860065E-03	-1.105827E+02
2.82433750000E+06	6.771321E-03	-1.117323E+02
2.82620625000E+06	6.845368E-03	-1.089902E+02
2.82807500000E+06	6.798210E-03	-1.121371E+02
2.82994375000E+06	6.806134E-03	-1.103045E+02
2.83181250000E+06	6.706791E-03	-1.115450E+02
2.83368125000E+06	6.770134E-03	-1.109249E+02
2.83555000000E+06	6.765621E-03	-1.113792E+02
2.83741875000E+06	6.764584E-03	-1.102630E+02
2.83928750000E+06	6.609296E-03	-1.119078E+02
2.84115625000E+06	6.739194E-03	-1.101305E+02
2.84302500000E+06	6.889128E-03	-1.111126E+02
2.84489375000E+06	6.828691E-03	-1.103698E+02
2.84676250000E+06	6.691031E-03	-1.116191E+02
2.84863125000E+06	6.845344E-03	-1.123377E+02
2.85050000000E+06	6.763517E-03	-1.112547E+02
2.85236875000E+06	6.707461E-03	-1.117476E+02
2.85423750000E+06	6.838714E-03	-1.104487E+02
2.85610625000E+06	6.865126E-03	-1.119771E+02
2.85797500000E+06	6.852010E-03	-1.112770E+02
2.85984375000E+06	6.984674E-03	-1.116564E+02
2.86171250000E+06	6.876709E-03	-1.096044E+02
2.86358125000E+06	7.019395E-03	-1.122057E+02
2.86545000000E+06	7.000781E-03	-1.104978E+02
2.86731875000E+06	6.895429E-03	-1.105426E+02
2.86918750000E+06	6.967664E-03	-1.120835E+02
2.87105625000E+06	7.035044E-03	-1.113394E+02
2.87292500000E+06	7.092877E-03	-1.106333E+02
2.87479375000E+06	6.903575E-03	-1.117938E+02
2.87666250000E+06	6.936174E-03	-1.104960E+02
2.87853125000E+06	6.968570E-03	-1.118196E+02
2.88040000000E+06	6.807550E-03	-1.112768E+02
2.88226875000E+06	6.908022E-03	-1.114121E+02
2.88413750000E+06	7.034632E-03	-1.111705E+02
2.88600625000E+06	6.879038E-03	-1.121006E+02
2.88787500000E+06	6.904744E-03	-1.119954E+02
2.88974375000E+06	6.902487E-03	-1.115883E+02
2.89161250000E+06	6.967607E-03	-1.110483E+02
2.89348125000E+06	7.112710E-03	-1.113245E+02
2.89535000000E+06	6.920655E-03	-1.115179E+02
2.89721875000E+06	6.883611E-03	-1.120376E+02
2.89908750000E+06	6.999760E-03	-1.110575E+02
2.90095625000E+06	6.971801E-03	-1.112502E+02
2.90282500000E+06	7.151966E-03	-1.112371E+02
2.90469375000E+06	7.033732E-03	-1.103056E+02
2.90656250000E+06	7.102906E-03	-1.113290E+02
2.90843125000E+06	7.215707E-03	-1.124959E+02
2.91030000000E+06	7.153974E-03	-1.113585E+02
2.91216875000E+06	7.104211E-03	-1.109146E+02
2.91403750000E+06	6.982154E-03	-1.111501E+02
2.91590625000E+06	7.130293E-03	-1.109819E+02
2.91777500000E+06	7.102664E-03	-1.096120E+02
2.91964375000E+06	7.045256E-03	-1.112277E+02
2.92151250000E+06	7.018934E-03	-1.107681E+02
2.92338125000E+06	7.102213E-03	-1.109613E+02
2.92525000000E+06	7.108259E-03	-1.111521E+02
2.92711875000E+06	7.051548E-03	-1.104757E+02
2.92898750000E+06	7.121683E-03	-1.104469E+02
2.93085625000E+06	7.104237E-03	-1.115319E+02
2.93272500000E+06	7.214416E-03	-1.104451E+02
2.93459375000E+06	7.014831E-03	-1.107327E+02
2.93646250000E+06	7.091576E-03	-1.110478E+02
2.93833125000E+06	7.139960E-03	-1.105674E+02
2.94020000000E+06	7.162680E-03	-1.107474E+02
2.94206875000E+06	7.114083E-03	-1.097653E+02
2.94393750000E+06	7.258812E-03	-1.116475E+02
2.94580625000E+06	7.155153E-03	-1.110919E+02
2.94767500000E+06	7.265772E-03	-1.114846E+02
2.94954375000E+06	7.155320E-03	-1.109556E+02
2.95141250000E+06	7.218082E-03	-1.112181E+02
2.95328125000E+06	7.155950E-03	-1.115117E+02
2.95515000000E+06	7.294076E-03	-1.113386E+02
2.95701875000E+06	7.283510E-03	-1.114221E+02
2.95888750000E+06	7.200619E-03	-1.107752E+02
2.96075625000E+06	7.311657E-03	-1.121138E+02
2.96262500000E+06	7.323733E-03	-1.116449E+02
2.96449375000E+06	7.247576E-03	-1.112042E+02
2.96636250000E+06	7.211600E-03	-1.115329E+02
2.96823125000E+06	7.321600E-03	-1.116905E+02
2.97010000000E+06	7.312186E-03	-1.110598E+02
2.97196875000E+06	7.319085E-03	-1.110470E+02
2.97383750000E+06	7.329552E-03	-1.111257E+02
2.97570625000E+06	7.198606E-03	-1.117619E+02
2.97757500000E+06	7.317652E-03	-1.120973E+02
2.97944375000E+06	7.497539E-03	-1.117449E+02
2.98131250000E+06	7.377634E-03	-1.115608E+02
2.98318125000E+06	7.283316E-03	-1.109618E+02
2.98505000000E+06	7.366695E-03	-1.119906E+02
2.98691875000E+06	7.419137E-03	-1.113372E+02
2.98878750000E+06	7.208266E-03	-1.120631E+02
2.99065625000E+06	7.340028E-03	-1.113407E+02
2.99252500000E+06	7.481823E-03	-1.110545E+02
2.99439375000E+06	7.391526E-03	-1.122443E+02
2.99626250000E+06	7.433682E-03	-1.113339E+02
2.99813125000E+06	7.414076E-03	-1.114157E+02
3.00000000000E+06	7.420287E-03	-1.117928E+02
