"E5100A REV3.14"
"DATE: Jul  1 2004"



"CHANNEL: 2"
"MEASURE TYPE: AR"
"FORMAT TYPE: LINMP"
"NUMBER of POINTS: 1601"
"SWEEP TIME:  3.458 s"
"SWEEP TYPE: LINF"
"SOURCE POWER: 0 dBm"
"IF BANDWIDTH: 500 Hz"

"Frequency"	"Main Array"	"Sub Array"
1.00000000000E+04	2.340503E-02	-1.649506E+02
1.18687500000E+04	2.261428E-02	6.070799E+01
1.37375000000E+04	1.757877E-02	-1.330851E+02
1.56062500000E+04	8.266625E-03	-6.109903E+01
1.74750000000E+04	7.217524E-03	-1.384408E+02
1.93437500000E+04	4.747302E-03	2.898786E+01
2.12125000000E+04	1.395653E-03	1.100399E+02
2.30812500000E+04	2.887151E-03	4.933126E+01
2.49500000000E+04	4.268747E-04	4.323858E+01
2.68187500000E+04	2.106271E-03	6.037299E+00
2.86875000000E+04	4.941315E-04	3.800704E+00
3.05562500000E+04	5.900969E-04	-1.527001E+02
3.24250000000E+04	3.241328E-03	1.570744E+02
3.42937500000E+04	2.023274E-03	-7.397724E+01
3.61625000000E+04	6.449134E-04	1.269738E+02
3.80312500000E+04	2.927220E-04	-7.586926E+01
3.99000000000E+04	5.767214E-04	7.488714E+01
4.17687500000E+04	8.548152E-04	-1.613274E+01
4.36375000000E+04	7.326230E-04	-8.288072E+01
4.55062500000E+04	4.857749E-04	-8.219072E+01
4.73750000000E+04	1.149403E-03	1.573328E+02
4.92437500000E+04	4.949070E-04	-1.444876E+02
5.11125000000E+04	1.198788E-03	-4.129668E+01
5.29812500000E+04	5.162749E-04	1.166409E+02
5.48500000000E+04	6.438774E-04	-1.325989E+01
5.67187500000E+04	7.253474E-05	3.575767E+01
5.85875000000E+04	2.975086E-04	-3.451075E+01
6.04562500000E+04	6.619960E-04	1.777766E+02
6.23250000000E+04	3.735046E-04	-9.607877E+01
6.41937500000E+04	8.035201E-04	1.014352E+02
6.60625000000E+04	7.700134E-04	1.075500E+02
6.79312500000E+04	1.335597E-03	2.138593E+01
6.98000000000E+04	1.742281E-04	1.468251E+02
7.16687500000E+04	4.762321E-05	9.478455E+01
7.35375000000E+04	4.256519E-04	8.196040E+01
7.54062500000E+04	2.507862E-04	-1.115523E+02
7.72750000000E+04	3.745974E-04	-1.114703E+02
7.91437500000E+04	2.436574E-04	-1.128064E+02
8.10125000000E+04	1.547252E-04	-1.487766E+02
8.28812500000E+04	4.541317E-04	-2.785560E+01
8.47500000000E+04	8.744964E-04	3.144435E+01
8.66187500000E+04	3.114023E-04	1.319096E+02
8.84875000000E+04	2.004800E-04	-3.513453E+01
9.03562500000E+04	2.240202E-04	1.438947E+02
9.22250000000E+04	6.278721E-04	8.205232E+01
9.40937500000E+04	2.514541E-04	-5.432684E+01
9.59625000000E+04	1.157715E-04	-1.466785E+02
9.78312500000E+04	2.188403E-04	8.231294E+01
9.97000000000E+04	8.094957E-04	9.678978E+01
1.01568750000E+05	4.588289E-04	6.733872E+01
1.03437500000E+05	2.617550E-04	8.187700E+01
1.05306250000E+05	7.766698E-04	-1.524974E+02
1.07175000000E+05	6.146611E-04	7.280563E+01
1.09043750000E+05	2.233198E-04	2.192455E+01
1.10912500000E+05	1.732425E-03	-4.070293E+01
1.12781250000E+05	1.252550E-04	1.235171E+02
1.14650000000E+05	1.868701E-04	-1.606001E+02
1.16518750000E+05	3.593433E-04	4.385051E+01
1.18387500000E+05	4.867824E-04	-4.329042E+01
1.20256250000E+05	3.339347E-04	6.463070E+01
1.22125000000E+05	5.131812E-04	8.276987E+01
1.23993750000E+05	3.744255E-04	-1.144426E+01
1.25862500000E+05	3.282971E-04	-5.265558E+01
1.27731250000E+05	2.578132E-04	1.476137E+02
1.29600000000E+05	5.109935E-04	1.557151E+02
1.31468750000E+05	2.276767E-04	-1.644128E+02
1.33337500000E+05	2.493149E-04	-8.629483E+01
1.35206250000E+05	3.463683E-04	7.195804E+00
1.37075000000E+05	4.169194E-04	-1.051028E+02
1.38943750000E+05	1.938216E-04	9.387519E+01
1.40812500000E+05	2.142409E-04	1.018407E+02
1.42681250000E+05	2.304389E-04	1.478505E+02
1.44550000000E+05	5.642538E-05	1.195524E+02
1.46418750000E+05	2.358089E-04	1.421968E+02
1.48287500000E+05	3.088437E-04	6.841328E+01
1.50156250000E+05	1.663230E-04	5.858179E+00
1.52025000000E+05	1.830815E-04	9.536788E+01
1.53893750000E+05	3.669283E-04	-1.391596E+02
1.55762500000E+05	1.201630E-04	2.635533E+01
1.57631250000E+05	3.373555E-04	2.293434E+01
1.59500000000E+05	1.904094E-04	-7.579866E+01
1.61368750000E+05	1.174452E-04	-2.717262E+01
1.63237500000E+05	2.457598E-04	9.076417E+01
1.65106250000E+05	3.001789E-04	8.865391E+01
1.66975000000E+05	2.341269E-04	5.605253E+01
1.68843750000E+05	3.417347E-04	1.373320E+02
1.70712500000E+05	2.943046E-04	1.352334E+02
1.72581250000E+05	6.184404E-04	1.510207E+02
1.74450000000E+05	2.318257E-04	-1.772033E+02
1.76318750000E+05	2.715574E-04	1.366646E+02
1.78187500000E+05	1.178825E-04	1.700050E+02
1.80056250000E+05	1.278091E-04	1.435827E+02
1.81925000000E+05	4.394351E-04	6.694200E+01
1.83793750000E+05	2.057811E-04	1.105288E+02
1.85662500000E+05	2.215005E-04	1.268424E+02
1.87531250000E+05	2.781288E-04	4.642146E+01
1.89400000000E+05	3.534356E-04	2.258933E+00
1.91268750000E+05	4.272077E-04	8.675735E+01
1.93137500000E+05	6.630275E-05	-8.094759E+01
1.95006250000E+05	3.052696E-04	1.204338E+02
1.96875000000E+05	2.518597E-04	2.956290E+01
1.98743750000E+05	5.099199E-04	8.345747E+01
2.00612500000E+05	1.032704E-04	1.320495E+02
2.02481250000E+05	7.235642E-05	1.129739E+02
2.04350000000E+05	2.784216E-04	-1.168614E+02
2.06218750000E+05	2.789451E-04	9.132816E+01
2.08087500000E+05	3.419170E-04	6.972778E+01
2.09956250000E+05	5.775997E-04	1.220615E+02
2.11825000000E+05	2.976080E-04	1.118535E+02
2.13693750000E+05	2.240310E-04	-4.076856E+00
2.15562500000E+05	1.984986E-04	1.065894E+02
2.17431250000E+05	4.589587E-04	1.279423E+02
2.19300000000E+05	3.668505E-04	1.272642E+02
2.21168750000E+05	5.491118E-04	5.650877E+01
2.23037500000E+05	2.561629E-04	1.265901E+02
2.24906250000E+05	9.487716E-05	-6.107854E+00
2.26775000000E+05	3.858136E-04	1.367927E+02
2.28643750000E+05	3.759499E-04	-8.562197E+01
2.30512500000E+05	3.839206E-04	1.227100E+02
2.32381250000E+05	3.241816E-04	8.258505E+01
2.34250000000E+05	3.816082E-04	9.910820E+01
2.36118750000E+05	3.323360E-04	1.315090E+02
2.37987500000E+05	1.875242E-04	4.489101E+01
2.39856250000E+05	2.444767E-04	1.281720E+02
2.41725000000E+05	1.980133E-04	1.292264E+02
2.43593750000E+05	6.031013E-04	1.025407E+02
2.45462500000E+05	6.715365E-04	8.243122E+01
2.47331250000E+05	3.270693E-04	7.708382E+01
2.49200000000E+05	1.893324E-04	1.581494E+02
2.51068750000E+05	1.889434E-04	-1.437416E+02
2.52937500000E+05	2.234197E-04	1.141386E+02
2.54806250000E+05	5.101824E-04	1.284764E+02
2.56675000000E+05	5.229040E-04	8.652956E+01
2.58543750000E+05	2.826020E-04	9.516285E+01
2.60412500000E+05	4.700618E-04	9.914963E+01
2.62281250000E+05	3.517834E-04	9.713618E+01
2.64150000000E+05	3.995225E-04	1.156877E+02
2.66018750000E+05	2.130212E-04	1.263132E+02
2.67887500000E+05	1.451612E-04	7.871542E+01
2.69756250000E+05	4.321113E-04	8.085491E+01
2.71625000000E+05	1.342137E-04	6.253117E+01
2.73493750000E+05	4.630075E-04	1.315611E+02
2.75362500000E+05	3.709574E-04	1.054900E+02
2.77231250000E+05	2.114771E-04	3.205125E+01
2.79100000000E+05	4.602749E-04	9.945640E+01
2.80968750000E+05	1.017545E-04	1.284424E+02
2.82837500000E+05	2.397493E-04	1.356029E+02
2.84706250000E+05	3.218630E-04	1.265943E+02
2.86575000000E+05	4.586238E-04	1.311325E+02
2.88443750000E+05	1.484217E-04	7.019935E-01
2.90312500000E+05	3.344193E-04	1.317697E+02
2.92181250000E+05	3.805254E-04	7.994016E+01
2.94050000000E+05	3.952845E-04	9.450165E+01
2.95918750000E+05	2.860602E-04	1.430034E+02
2.97787500000E+05	2.229649E-04	1.096700E+02
2.99656250000E+05	2.708057E-04	8.803451E+01
3.01525000000E+05	4.979623E-04	8.911356E+01
3.03393750000E+05	5.297575E-04	9.072748E+01
3.05262500000E+05	3.035725E-04	5.049167E+01
3.07131250000E+05	3.326264E-04	8.871299E+01
3.09000000000E+05	4.282768E-04	7.960729E+01
3.10868750000E+05	3.216839E-04	5.609665E+01
3.12737500000E+05	3.159182E-04	1.188368E+02
3.14606250000E+05	3.936848E-04	1.077079E+02
3.16475000000E+05	4.531182E-04	1.008151E+02
3.18343750000E+05	3.676704E-04	6.115699E+01
3.20212500000E+05	3.494252E-04	8.802382E+01
3.22081250000E+05	4.111304E-04	8.125649E+01
3.23950000000E+05	4.271476E-04	1.191602E+02
3.25818750000E+05	3.644394E-04	1.164528E+02
3.27687500000E+05	3.441764E-05	3.676893E+01
3.29556250000E+05	4.237657E-04	8.985268E+01
3.31425000000E+05	5.234965E-04	1.008599E+02
3.33293750000E+05	3.708980E-04	7.428322E+01
3.35162500000E+05	5.067698E-04	1.202449E+02
3.37031250000E+05	3.635469E-04	8.205291E+01
3.38900000000E+05	4.982331E-04	1.434149E+02
3.40768750000E+05	3.554571E-04	1.059047E+02
3.42637500000E+05	5.906444E-04	9.422789E+01
3.44506250000E+05	1.026844E-04	6.446933E+01
3.46375000000E+05	4.091048E-04	1.220097E+02
3.48243750000E+05	4.523712E-04	1.015162E+02
3.50112500000E+05	4.116500E-04	7.788501E+01
3.51981250000E+05	6.799998E-04	8.666236E+01
3.53850000000E+05	4.454646E-04	1.014346E+02
3.55718750000E+05	3.025240E-04	9.588906E+01
3.57587500000E+05	4.095960E-04	4.688008E+01
3.59456250000E+05	6.098095E-04	1.036168E+02
3.61325000000E+05	4.493323E-04	9.432372E+01
3.63193750000E+05	3.540469E-04	8.579086E+01
3.65062500000E+05	3.477127E-04	7.046642E+01
3.66931250000E+05	5.011598E-04	9.855543E+01
3.68800000000E+05	5.486144E-04	1.066478E+02
3.70668750000E+05	3.744424E-04	9.599112E+01
3.72537500000E+05	3.682034E-04	9.214265E+01
3.74406250000E+05	5.371836E-04	1.096829E+02
3.76275000000E+05	4.573339E-04	1.045761E+02
3.78143750000E+05	1.946343E-04	9.068385E+01
3.80012500000E+05	2.123948E-04	1.041506E+02
3.81881250000E+05	3.691850E-04	9.386906E+01
3.83750000000E+05	3.217609E-04	8.744832E+01
3.85618750000E+05	6.961537E-04	1.184987E+02
3.87487500000E+05	4.834750E-04	9.342846E+01
3.89356250000E+05	5.933628E-04	9.814216E+01
3.91225000000E+05	3.556458E-04	1.105523E+02
3.93093750000E+05	5.535068E-04	1.096920E+02
3.94962500000E+05	4.035029E-04	6.831026E+01
3.96831250000E+05	3.065759E-04	7.364866E+01
3.98700000000E+05	3.581940E-04	1.200602E+02
4.00568750000E+05	3.583272E-04	7.433337E+01
4.02437500000E+05	2.900157E-04	8.411633E+01
4.04306250000E+05	5.927228E-04	1.073107E+02
4.06175000000E+05	4.672575E-04	9.685447E+01
4.08043750000E+05	5.203963E-04	9.890662E+01
4.09912500000E+05	4.438260E-04	8.063676E+01
4.11781250000E+05	5.072552E-04	9.212772E+01
4.13650000000E+05	3.697877E-04	9.024492E+01
4.15518750000E+05	2.357412E-04	6.993182E+01
4.17387500000E+05	5.231918E-04	8.940676E+01
4.19256250000E+05	5.453602E-04	9.177596E+01
4.21125000000E+05	7.017766E-04	8.882278E+01
4.22993750000E+05	5.169194E-04	1.093641E+02
4.24862500000E+05	3.483208E-04	9.219151E+01
4.26731250000E+05	6.795236E-04	9.797413E+01
4.28600000000E+05	6.207767E-04	9.709749E+01
4.30468750000E+05	4.282344E-04	1.171107E+02
4.32337500000E+05	3.514515E-04	9.576181E+01
4.34206250000E+05	5.273619E-04	8.297952E+01
4.36075000000E+05	5.228887E-04	8.646767E+01
4.37943750000E+05	4.645013E-04	9.988375E+01
4.39812500000E+05	4.469152E-04	1.188475E+02
4.41681250000E+05	7.065082E-04	1.104518E+02
4.43550000000E+05	5.187035E-04	9.827744E+01
4.45418750000E+05	5.778607E-04	9.982643E+01
4.47287500000E+05	4.333838E-04	9.919444E+01
4.49156250000E+05	4.062353E-04	8.678353E+01
4.51025000000E+05	8.339594E-04	1.123549E+02
4.52893750000E+05	4.453627E-04	9.401375E+01
4.54762500000E+05	5.057473E-04	9.759500E+01
4.56631250000E+05	3.737305E-04	8.203837E+01
4.58500000000E+05	4.460895E-04	9.645882E+01
4.60368750000E+05	4.579978E-04	1.093204E+02
4.62237500000E+05	5.494136E-04	8.903843E+01
4.64106250000E+05	4.168803E-04	8.338176E+01
4.65975000000E+05	5.611961E-04	1.047911E+02
4.67843750000E+05	6.328038E-04	1.057662E+02
4.69712500000E+05	6.967278E-04	6.799090E+01
4.71581250000E+05	4.688780E-04	1.123102E+02
4.73450000000E+05	5.233979E-04	1.016740E+02
4.75318750000E+05	6.162368E-04	9.325250E+01
4.77187500000E+05	4.126837E-04	1.003843E+02
4.79056250000E+05	5.306778E-04	1.162917E+02
4.80925000000E+05	5.176077E-04	9.782770E+01
4.82793750000E+05	7.022891E-04	1.052682E+02
4.84662500000E+05	5.017816E-04	1.119454E+02
4.86531250000E+05	6.111072E-04	1.046572E+02
4.88400000000E+05	4.226963E-04	1.175693E+02
4.90268750000E+05	6.455866E-04	1.059835E+02
4.92137500000E+05	5.924054E-04	9.876681E+01
4.94006250000E+05	5.203945E-04	9.214767E+01
4.95875000000E+05	4.666653E-04	7.194285E+01
4.97743750000E+05	5.814281E-04	9.091016E+01
4.99612500000E+05	5.412757E-04	1.043938E+02
5.01481250000E+05	5.474645E-04	1.011130E+02
5.03350000000E+05	6.035379E-04	8.319283E+01
5.05218750000E+05	6.821150E-04	9.161688E+01
5.07087500000E+05	6.342685E-04	9.938840E+01
5.08956250000E+05	6.351150E-04	8.962737E+01
5.10825000000E+05	5.226392E-04	1.020321E+02
5.12693750000E+05	3.829443E-04	1.154952E+02
5.14562500000E+05	5.943006E-04	1.176792E+02
5.16431250000E+05	6.654838E-04	7.912471E+01
5.18300000000E+05	5.803999E-04	9.928648E+01
5.20168750000E+05	6.173459E-04	9.276753E+01
5.22037500000E+05	5.750185E-04	8.909854E+01
5.23906250000E+05	5.856450E-04	8.393061E+01
5.25775000000E+05	8.330142E-04	8.536345E+01
5.27643750000E+05	5.407448E-04	1.104639E+02
5.29512500000E+05	5.751950E-04	9.405596E+01
5.31381250000E+05	5.944960E-04	1.003716E+02
5.33250000000E+05	5.967637E-04	1.035977E+02
5.35118750000E+05	6.393872E-04	1.018882E+02
5.36987500000E+05	5.943735E-04	9.374603E+01
5.38856250000E+05	6.762882E-04	1.131647E+02
5.40725000000E+05	6.739029E-04	7.469213E+01
5.42593750000E+05	6.724187E-04	9.745351E+01
5.44462500000E+05	5.167120E-04	8.501217E+01
5.46331250000E+05	5.228868E-04	1.028438E+02
5.48200000000E+05	6.049171E-04	1.139686E+02
5.50068750000E+05	4.791238E-04	9.410963E+01
5.51937500000E+05	4.845864E-04	8.024886E+01
5.53806250000E+05	6.382709E-04	1.073939E+02
5.55675000000E+05	5.189221E-04	1.037577E+02
5.57543750000E+05	5.611922E-04	1.023402E+02
5.59412500000E+05	5.929242E-04	9.163954E+01
5.61281250000E+05	6.680010E-04	8.342903E+01
5.63150000000E+05	5.462848E-04	9.927006E+01
5.65018750000E+05	7.461385E-04	9.952210E+01
5.66887500000E+05	5.682291E-04	1.035757E+02
5.68756250000E+05	5.876506E-04	9.281971E+01
5.70625000000E+05	5.781938E-04	8.410139E+01
5.72493750000E+05	6.900590E-04	1.063331E+02
5.74362500000E+05	6.369744E-04	1.026435E+02
5.76231250000E+05	5.627731E-04	9.724904E+01
5.78100000000E+05	5.879294E-04	1.024925E+02
5.79968750000E+05	5.714741E-04	1.224824E+02
5.81837500000E+05	7.182934E-04	8.606138E+01
5.83706250000E+05	7.867770E-04	9.430621E+01
5.85575000000E+05	5.736303E-04	9.297517E+01
5.87443750000E+05	6.917880E-04	9.567500E+01
5.89312500000E+05	8.072345E-04	8.897350E+01
5.91181250000E+05	6.213469E-04	1.105529E+02
5.93050000000E+05	6.117357E-04	9.837845E+01
5.94918750000E+05	5.788463E-04	1.019362E+02
5.96787500000E+05	5.782137E-04	9.470017E+01
5.98656250000E+05	6.808033E-04	9.895181E+01
6.00525000000E+05	7.743392E-04	9.281771E+01
6.02393750000E+05	6.680173E-04	9.195782E+01
6.04262500000E+05	5.254408E-04	1.070562E+02
6.06131250000E+05	7.334101E-04	9.945109E+01
6.08000000000E+05	6.693067E-04	1.080334E+02
6.09868750000E+05	6.935021E-04	1.069669E+02
6.11737500000E+05	7.051456E-04	1.010132E+02
6.13606250000E+05	6.543667E-04	9.545630E+01
6.15475000000E+05	5.515434E-04	1.055407E+02
6.17343750000E+05	6.558076E-04	1.031313E+02
6.19212500000E+05	5.617155E-04	1.074781E+02
6.21081250000E+05	6.351137E-04	1.033904E+02
6.22950000000E+05	1.027549E-03	1.100932E+02
6.24818750000E+05	8.581269E-04	9.538996E+01
6.26687500000E+05	7.402056E-04	1.122981E+02
6.28556250000E+05	6.660798E-04	8.830376E+01
6.30425000000E+05	6.894902E-04	8.522859E+01
6.32293750000E+05	6.077095E-04	1.073301E+02
6.34162500000E+05	8.501208E-04	9.649673E+01
6.36031250000E+05	6.856418E-04	9.312051E+01
6.37900000000E+05	7.926729E-04	9.348235E+01
6.39768750000E+05	8.290572E-04	9.603347E+01
6.41637500000E+05	7.079572E-04	1.003568E+02
6.43506250000E+05	6.167442E-04	9.669711E+01
6.45375000000E+05	8.339285E-04	9.822616E+01
6.47243750000E+05	6.890312E-04	1.002806E+02
6.49112500000E+05	8.234592E-04	1.008394E+02
6.50981250000E+05	6.677732E-04	8.556380E+01
6.52850000000E+05	8.534642E-04	1.037936E+02
6.54718750000E+05	7.244757E-04	1.000917E+02
6.56587500000E+05	7.729587E-04	9.205429E+01
6.58456250000E+05	8.263917E-04	8.857438E+01
6.60325000000E+05	6.379909E-04	9.686475E+01
6.62193750000E+05	7.505553E-04	1.049356E+02
6.64062500000E+05	7.858949E-04	1.057610E+02
6.65931250000E+05	9.035016E-04	1.052852E+02
6.67800000000E+05	7.781636E-04	9.293401E+01
6.69668750000E+05	8.652919E-04	9.405001E+01
6.71537500000E+05	8.544200E-04	9.997308E+01
6.73406250000E+05	6.239396E-04	9.830408E+01
6.75275000000E+05	8.466204E-04	1.040603E+02
6.77143750000E+05	8.668142E-04	9.399034E+01
6.79012500000E+05	8.652737E-04	9.413466E+01
6.80881250000E+05	9.007766E-04	9.764447E+01
6.82750000000E+05	8.500283E-04	1.034866E+02
6.84618750000E+05	8.513126E-04	9.453743E+01
6.86487500000E+05	9.085718E-04	1.058994E+02
6.88356250000E+05	7.463737E-04	9.274043E+01
6.90225000000E+05	6.461410E-04	9.833197E+01
6.92093750000E+05	8.813883E-04	1.011699E+02
6.93962500000E+05	7.296762E-04	9.288874E+01
6.95831250000E+05	9.484855E-04	9.405694E+01
6.97700000000E+05	8.432713E-04	9.589690E+01
6.99568750000E+05	7.737897E-04	1.062460E+02
7.01437500000E+05	6.401692E-04	8.848290E+01
7.03306250000E+05	9.965713E-04	9.893019E+01
7.05175000000E+05	7.763164E-04	9.606513E+01
7.07043750000E+05	8.193756E-04	1.080515E+02
7.08912500000E+05	6.441000E-04	9.262456E+01
7.10781250000E+05	8.176752E-04	9.494507E+01
7.12650000000E+05	8.997237E-04	9.415541E+01
7.14518750000E+05	6.600047E-04	1.078580E+02
7.16387500000E+05	7.342786E-04	1.072690E+02
7.18256250000E+05	8.355454E-04	9.738428E+01
7.20125000000E+05	8.883211E-04	1.070234E+02
7.21993750000E+05	8.366079E-04	9.036958E+01
7.23862500000E+05	7.939072E-04	9.781194E+01
7.25731250000E+05	8.111697E-04	9.501610E+01
7.27600000000E+05	7.685751E-04	9.607912E+01
7.29468750000E+05	8.141497E-04	9.444235E+01
7.31337500000E+05	8.719360E-04	1.039787E+02
7.33206250000E+05	8.189278E-04	1.022174E+02
7.35075000000E+05	9.181569E-04	9.738609E+01
7.36943750000E+05	7.622016E-04	7.846849E+01
7.38812500000E+05	9.011360E-04	1.006157E+02
7.40681250000E+05	7.555209E-04	9.328124E+01
7.42550000000E+05	7.126352E-04	1.027206E+02
7.44418750000E+05	8.997326E-04	9.194339E+01
7.46287500000E+05	7.492495E-04	1.012819E+02
7.48156250000E+05	9.003176E-04	1.035527E+02
7.50025000000E+05	8.067841E-04	1.035439E+02
7.51893750000E+05	7.008458E-04	9.619525E+01
7.53762500000E+05	8.975936E-04	9.818169E+01
7.55631250000E+05	7.557517E-04	9.864468E+01
7.57500000000E+05	8.714626E-04	1.014656E+02
7.59368750000E+05	8.975521E-04	9.497702E+01
7.61237500000E+05	7.606890E-04	9.715942E+01
7.63106250000E+05	8.423025E-04	1.084958E+02
7.64975000000E+05	8.055124E-04	9.021874E+01
7.66843750000E+05	8.413148E-04	9.307145E+01
7.68712500000E+05	7.597374E-04	9.454144E+01
7.70581250000E+05	8.554658E-04	9.684541E+01
7.72450000000E+05	7.193345E-04	9.622475E+01
7.74318750000E+05	8.553374E-04	1.058765E+02
7.76187500000E+05	7.799171E-04	9.363901E+01
7.78056250000E+05	8.518747E-04	1.051625E+02
7.79925000000E+05	8.106551E-04	9.061328E+01
7.81793750000E+05	9.071581E-04	1.023728E+02
7.83662500000E+05	8.039253E-04	9.775056E+01
7.85531250000E+05	8.415022E-04	9.666470E+01
7.87400000000E+05	8.092031E-04	1.046743E+02
7.89268750000E+05	8.832236E-04	9.416792E+01
7.91137500000E+05	9.106135E-04	1.002026E+02
7.93006250000E+05	8.863887E-04	1.029488E+02
7.94875000000E+05	9.694627E-04	9.837094E+01
7.96743750000E+05	7.314422E-04	9.543061E+01
7.98612500000E+05	8.588370E-04	9.390784E+01
8.00481250000E+05	1.050097E-03	1.008832E+02
8.02350000000E+05	9.092052E-04	9.586646E+01
8.04218750000E+05	8.895415E-04	9.723103E+01
8.06087500000E+05	8.927422E-04	9.028658E+01
8.07956250000E+05	8.482241E-04	1.029877E+02
8.09825000000E+05	9.067276E-04	1.079110E+02
8.11693750000E+05	8.168711E-04	1.142344E+02
8.13562500000E+05	1.028974E-03	9.722423E+01
8.15431250000E+05	9.838346E-04	9.828868E+01
8.17300000000E+05	9.302718E-04	9.006748E+01
8.19168750000E+05	1.005226E-03	9.890123E+01
8.21037500000E+05	9.298606E-04	9.194302E+01
8.22906250000E+05	9.967472E-04	1.010390E+02
8.24775000000E+05	7.683247E-04	9.777444E+01
8.26643750000E+05	8.604612E-04	9.544692E+01
8.28512500000E+05	8.511590E-04	1.049290E+02
8.30381250000E+05	8.498565E-04	9.356457E+01
8.32250000000E+05	1.088634E-03	1.110737E+02
8.34118750000E+05	9.864504E-04	1.030856E+02
8.35987500000E+05	7.360099E-04	1.009272E+02
8.37856250000E+05	1.087890E-03	1.046618E+02
8.39725000000E+05	1.042072E-03	9.744383E+01
8.41593750000E+05	9.793435E-04	9.591908E+01
8.43462500000E+05	1.076669E-03	9.349076E+01
8.45331250000E+05	9.685981E-04	9.632378E+01
8.47200000000E+05	8.637731E-04	1.000469E+02
8.49068750000E+05	1.087306E-03	9.691354E+01
8.50937500000E+05	8.226872E-04	1.054995E+02
8.52806250000E+05	7.761494E-04	1.004574E+02
8.54675000000E+05	9.846253E-04	1.024560E+02
8.56543750000E+05	9.924377E-04	1.031391E+02
8.58412500000E+05	9.192821E-04	9.155188E+01
8.60281250000E+05	8.286329E-04	9.157545E+01
8.62150000000E+05	9.433710E-04	9.360267E+01
8.64018750000E+05	9.617722E-04	1.112037E+02
8.65887500000E+05	1.066986E-03	1.035833E+02
8.67756250000E+05	1.021162E-03	9.200329E+01
8.69625000000E+05	7.696587E-04	1.055985E+02
8.71493750000E+05	9.074779E-04	9.464233E+01
8.73362500000E+05	9.897744E-04	1.033715E+02
8.75231250000E+05	1.134313E-03	1.041535E+02
8.77100000000E+05	1.107852E-03	1.057816E+02
8.78968750000E+05	9.441703E-04	1.067318E+02
8.80837500000E+05	1.071242E-03	1.058811E+02
8.82706250000E+05	9.512834E-04	1.119094E+02
8.84575000000E+05	1.107476E-03	1.069064E+02
8.86443750000E+05	9.569665E-04	1.035904E+02
8.88312500000E+05	9.843468E-04	1.123698E+02
8.90181250000E+05	1.000665E-03	1.066988E+02
8.92050000000E+05	1.044654E-03	9.842589E+01
8.93918750000E+05	8.865563E-04	8.844115E+01
8.95787500000E+05	1.088791E-03	9.641694E+01
8.97656250000E+05	9.845056E-04	1.119358E+02
8.99525000000E+05	8.668287E-04	9.151183E+01
9.01393750000E+05	9.113465E-04	1.046767E+02
9.03262500000E+05	1.021964E-03	1.074480E+02
9.05131250000E+05	8.964583E-04	9.054556E+01
9.07000000000E+05	9.940772E-04	1.039406E+02
9.08868750000E+05	9.965067E-04	9.670234E+01
9.10737500000E+05	1.025913E-03	1.042436E+02
9.12606250000E+05	8.871935E-04	9.720247E+01
9.14475000000E+05	9.660035E-04	1.092094E+02
9.16343750000E+05	1.032396E-03	9.726804E+01
9.18212500000E+05	9.236215E-04	1.018475E+02
9.20081250000E+05	9.687140E-04	1.049225E+02
9.21950000000E+05	1.012192E-03	9.081754E+01
9.23818750000E+05	9.418458E-04	9.979324E+01
9.25687500000E+05	1.087494E-03	9.723386E+01
9.27556250000E+05	9.549918E-04	9.356210E+01
9.29425000000E+05	1.039511E-03	1.101544E+02
9.31293750000E+05	9.543721E-04	1.126254E+02
9.33162500000E+05	1.039899E-03	9.924117E+01
9.35031250000E+05	1.031218E-03	1.090010E+02
9.36900000000E+05	1.024438E-03	1.013423E+02
9.38768750000E+05	1.148741E-03	9.968069E+01
9.40637500000E+05	1.029961E-03	9.372361E+01
9.42506250000E+05	1.018067E-03	1.022514E+02
9.44375000000E+05	9.761013E-04	1.082728E+02
9.46243750000E+05	8.899234E-04	1.123132E+02
9.48112500000E+05	1.045337E-03	9.516699E+01
9.49981250000E+05	1.024178E-03	1.041404E+02
9.51850000000E+05	1.207976E-03	1.035205E+02
9.53718750000E+05	1.166702E-03	1.010117E+02
9.55587500000E+05	1.193624E-03	9.971851E+01
9.57456250000E+05	1.013353E-03	9.297685E+01
9.59325000000E+05	1.033534E-03	9.845995E+01
9.61193750000E+05	1.042090E-03	1.117946E+02
9.63062500000E+05	1.084581E-03	1.002440E+02
9.64931250000E+05	9.962999E-04	9.299462E+01
9.66800000000E+05	1.076760E-03	9.867414E+01
9.68668750000E+05	1.152557E-03	9.958730E+01
9.70537500000E+05	9.668866E-04	1.054071E+02
9.72406250000E+05	9.384358E-04	9.736340E+01
9.74275000000E+05	1.156975E-03	1.008047E+02
9.76143750000E+05	8.009448E-04	1.065325E+02
9.78012500000E+05	1.121225E-03	9.687099E+01
9.79881250000E+05	1.046701E-03	9.700606E+01
9.81750000000E+05	1.157988E-03	1.017399E+02
9.83618750000E+05	1.084443E-03	1.009362E+02
9.85487500000E+05	1.012799E-03	1.035772E+02
9.87356250000E+05	1.012090E-03	1.028551E+02
9.89225000000E+05	1.296595E-03	1.026492E+02
9.91093750000E+05	9.969192E-04	1.004985E+02
9.92962500000E+05	9.744446E-04	9.823709E+01
9.94831250000E+05	1.049966E-03	9.998873E+01
9.96700000000E+05	9.110047E-04	1.071840E+02
9.98568750000E+05	9.945973E-04	1.026814E+02
1.00043750000E+06	1.049529E-03	9.617104E+01
1.00230625000E+06	1.036382E-03	1.049078E+02
1.00417500000E+06	1.088462E-03	1.117599E+02
1.00604375000E+06	1.018384E-03	1.060400E+02
1.00791250000E+06	1.162286E-03	9.372778E+01
1.00978125000E+06	1.097973E-03	1.049905E+02
1.01165000000E+06	1.003724E-03	1.157663E+02
1.01351875000E+06	1.166169E-03	1.046144E+02
1.01538750000E+06	1.022294E-03	9.970361E+01
1.01725625000E+06	1.030802E-03	9.691431E+01
1.01912500000E+06	1.175559E-03	1.013474E+02
1.02099375000E+06	1.207668E-03	1.064669E+02
1.02286250000E+06	1.039179E-03	9.728283E+01
1.02473125000E+06	1.066148E-03	9.948939E+01
1.02660000000E+06	1.021354E-03	9.742632E+01
1.02846875000E+06	1.032885E-03	1.064724E+02
1.03033750000E+06	1.113759E-03	9.956680E+01
1.03220625000E+06	1.224141E-03	9.113623E+01
1.03407500000E+06	9.979352E-04	9.895251E+01
1.03594375000E+06	1.105907E-03	1.021046E+02
1.03781250000E+06	1.224637E-03	9.581986E+01
1.03968125000E+06	1.054016E-03	1.022927E+02
1.04155000000E+06	1.095276E-03	1.071606E+02
1.04341875000E+06	1.141218E-03	9.891943E+01
1.04528750000E+06	1.094211E-03	1.065294E+02
1.04715625000E+06	1.100422E-03	1.036891E+02
1.04902500000E+06	1.016846E-03	9.829128E+01
1.05089375000E+06	1.012643E-03	9.923752E+01
1.05276250000E+06	9.988070E-04	1.048401E+02
1.05463125000E+06	1.073634E-03	9.875115E+01
1.05650000000E+06	1.042738E-03	1.056307E+02
1.05836875000E+06	1.116973E-03	1.013635E+02
1.06023750000E+06	1.019286E-03	9.410091E+01
1.06210625000E+06	1.017369E-03	9.832908E+01
1.06397500000E+06	1.152336E-03	9.902431E+01
1.06584375000E+06	1.200803E-03	1.062157E+02
1.06771250000E+06	1.226120E-03	1.033653E+02
1.06958125000E+06	1.022452E-03	1.000788E+02
1.07145000000E+06	1.272033E-03	1.115391E+02
1.07331875000E+06	1.236981E-03	1.043426E+02
1.07518750000E+06	1.096194E-03	1.005934E+02
1.07705625000E+06	1.074907E-03	9.862822E+01
1.07892500000E+06	1.124865E-03	1.024519E+02
1.08079375000E+06	1.232850E-03	9.988860E+01
1.08266250000E+06	1.120026E-03	1.057397E+02
1.08453125000E+06	1.214611E-03	1.030304E+02
1.08640000000E+06	1.142655E-03	1.014972E+02
1.08826875000E+06	9.885142E-04	9.759057E+01
1.09013750000E+06	1.008351E-03	9.786974E+01
1.09200625000E+06	9.640444E-04	9.355482E+01
1.09387500000E+06	1.152795E-03	9.681624E+01
1.09574375000E+06	1.249058E-03	1.073600E+02
1.09761250000E+06	1.182715E-03	1.043236E+02
1.09948125000E+06	1.233150E-03	1.011120E+02
1.10135000000E+06	1.191599E-03	1.049503E+02
1.10321875000E+06	1.102575E-03	1.021961E+02
1.10508750000E+06	1.063215E-03	1.137436E+02
1.10695625000E+06	1.166608E-03	1.093639E+02
1.10882500000E+06	1.205061E-03	1.132688E+02
1.11069375000E+06	1.173108E-03	1.008138E+02
1.11256250000E+06	1.097304E-03	1.032208E+02
1.11443125000E+06	1.273475E-03	1.025386E+02
1.11630000000E+06	1.070355E-03	1.005004E+02
1.11816875000E+06	1.115601E-03	9.786629E+01
1.12003750000E+06	1.139686E-03	1.118837E+02
1.12190625000E+06	1.088177E-03	1.002866E+02
1.12377500000E+06	1.292538E-03	1.005806E+02
1.12564375000E+06	1.264596E-03	1.014091E+02
1.12751250000E+06	1.177027E-03	1.044151E+02
1.12938125000E+06	1.261058E-03	1.013339E+02
1.13125000000E+06	1.159007E-03	1.054767E+02
1.13311875000E+06	1.224181E-03	1.027800E+02
1.13498750000E+06	1.218085E-03	1.052560E+02
1.13685625000E+06	1.220543E-03	1.078119E+02
1.13872500000E+06	1.203956E-03	1.012282E+02
1.14059375000E+06	1.371567E-03	9.978365E+01
1.14246250000E+06	1.275524E-03	1.003050E+02
1.14433125000E+06	1.342585E-03	1.005914E+02
1.14620000000E+06	1.343016E-03	1.083289E+02
1.14806875000E+06	1.314956E-03	1.009899E+02
1.14993750000E+06	1.309013E-03	9.945824E+01
1.15180625000E+06	1.138457E-03	1.041515E+02
1.15367500000E+06	1.334053E-03	1.060510E+02
1.15554375000E+06	1.252746E-03	1.063533E+02
1.15741250000E+06	1.040277E-03	1.011769E+02
1.15928125000E+06	1.230380E-03	1.027784E+02
1.16115000000E+06	1.438585E-03	1.056894E+02
1.16301875000E+06	1.157625E-03	1.015000E+02
1.16488750000E+06	1.198423E-03	1.020895E+02
1.16675625000E+06	1.111713E-03	1.000023E+02
1.16862500000E+06	1.213584E-03	9.691512E+01
1.17049375000E+06	1.198116E-03	1.040879E+02
1.17236250000E+06	1.139581E-03	1.028092E+02
1.17423125000E+06	1.130844E-03	1.079795E+02
1.17610000000E+06	1.115251E-03	9.471039E+01
1.17796875000E+06	9.465535E-04	1.022568E+02
1.17983750000E+06	1.342272E-03	9.813485E+01
1.18170625000E+06	1.346201E-03	9.457236E+01
1.18357500000E+06	1.122175E-03	1.055358E+02
1.18544375000E+06	1.352039E-03	1.040528E+02
1.18731250000E+06	1.302637E-03	1.027955E+02
1.18918125000E+06	1.179111E-03	1.040080E+02
1.19105000000E+06	1.192812E-03	9.454889E+01
1.19291875000E+06	1.456494E-03	9.789693E+01
1.19478750000E+06	1.362944E-03	1.089219E+02
1.19665625000E+06	1.098035E-03	1.019920E+02
1.19852500000E+06	1.172766E-03	1.027821E+02
1.20039375000E+06	1.367146E-03	9.757069E+01
1.20226250000E+06	1.229778E-03	1.016029E+02
1.20413125000E+06	1.155737E-03	9.916634E+01
1.20600000000E+06	1.368496E-03	9.932879E+01
1.20786875000E+06	1.353739E-03	9.912469E+01
1.20973750000E+06	1.081036E-03	1.050067E+02
1.21160625000E+06	1.196951E-03	1.106742E+02
1.21347500000E+06	1.326453E-03	1.013150E+02
1.21534375000E+06	1.297458E-03	9.763545E+01
1.21721250000E+06	1.265929E-03	1.066175E+02
1.21908125000E+06	1.231668E-03	1.006133E+02
1.22095000000E+06	1.248523E-03	9.849310E+01
1.22281875000E+06	1.373963E-03	1.039490E+02
1.22468750000E+06	1.058046E-03	9.909633E+01
1.22655625000E+06	1.196734E-03	9.953268E+01
1.22842500000E+06	1.303544E-03	1.092232E+02
1.23029375000E+06	1.287724E-03	1.028089E+02
1.23216250000E+06	1.320468E-03	1.055616E+02
1.23403125000E+06	1.269765E-03	9.991208E+01
1.23590000000E+06	1.148857E-03	1.063769E+02
1.23776875000E+06	1.392672E-03	1.032395E+02
1.23963750000E+06	1.345798E-03	1.041667E+02
1.24150625000E+06	1.269278E-03	1.078421E+02
1.24337500000E+06	1.309671E-03	9.693223E+01
1.24524375000E+06	1.323978E-03	1.077792E+02
1.24711250000E+06	1.360972E-03	1.087065E+02
1.24898125000E+06	1.265245E-03	9.819259E+01
1.25085000000E+06	1.231463E-03	1.044191E+02
1.25271875000E+06	1.254440E-03	1.170989E+02
1.25458750000E+06	1.473332E-03	9.913763E+01
1.25645625000E+06	1.364691E-03	1.016630E+02
1.25832500000E+06	1.566533E-03	1.061212E+02
1.26019375000E+06	1.299061E-03	9.939476E+01
1.26206250000E+06	1.308364E-03	9.584794E+01
1.26393125000E+06	1.233935E-03	9.982760E+01
1.26580000000E+06	1.083008E-03	1.062928E+02
1.26766875000E+06	1.529737E-03	1.049075E+02
1.26953750000E+06	1.277322E-03	1.084860E+02
1.27140625000E+06	1.486869E-03	9.915061E+01
1.27327500000E+06	1.372148E-03	1.067806E+02
1.27514375000E+06	1.200113E-03	1.053150E+02
1.27701250000E+06	1.420152E-03	1.016794E+02
1.27888125000E+06	1.478906E-03	1.002947E+02
1.28075000000E+06	1.275327E-03	9.522470E+01
1.28261875000E+06	1.062694E-03	9.985692E+01
1.28448750000E+06	1.198333E-03	1.045330E+02
1.28635625000E+06	1.194465E-03	9.961986E+01
1.28822500000E+06	1.271753E-03	1.010839E+02
1.29009375000E+06	1.150877E-03	1.077264E+02
1.29196250000E+06	1.280100E-03	1.083902E+02
1.29383125000E+06	1.396545E-03	1.073397E+02
1.29570000000E+06	1.138097E-03	1.062719E+02
1.29756875000E+06	1.417528E-03	9.487378E+01
1.29943750000E+06	1.395592E-03	1.031570E+02
1.30130625000E+06	1.334634E-03	1.085935E+02
1.30317500000E+06	1.252474E-03	1.060923E+02
1.30504375000E+06	1.547867E-03	1.033179E+02
1.30691250000E+06	1.249388E-03	1.024537E+02
1.30878125000E+06	1.291747E-03	1.055059E+02
1.31065000000E+06	1.310793E-03	1.068686E+02
1.31251875000E+06	1.305382E-03	1.050844E+02
1.31438750000E+06	1.406010E-03	1.026993E+02
1.31625625000E+06	1.269908E-03	1.074866E+02
1.31812500000E+06	1.339289E-03	9.690804E+01
1.31999375000E+06	1.259267E-03	1.045206E+02
1.32186250000E+06	1.058428E-03	1.070937E+02
1.32373125000E+06	1.359754E-03	1.062454E+02
1.32560000000E+06	1.231356E-03	1.028103E+02
1.32746875000E+06	1.124329E-03	1.076798E+02
1.32933750000E+06	1.174884E-03	1.071366E+02
1.33120625000E+06	1.478522E-03	1.077085E+02
1.33307500000E+06	1.322652E-03	1.068759E+02
1.33494375000E+06	1.318683E-03	9.824963E+01
1.33681250000E+06	1.225016E-03	9.973016E+01
1.33868125000E+06	1.347007E-03	9.754668E+01
1.34055000000E+06	1.530639E-03	1.074461E+02
1.34241875000E+06	1.402773E-03	1.101021E+02
1.34428750000E+06	1.212704E-03	1.056223E+02
1.34615625000E+06	1.559065E-03	1.011606E+02
1.34802500000E+06	1.213106E-03	1.073568E+02
1.34989375000E+06	1.186900E-03	1.074144E+02
1.35176250000E+06	1.444324E-03	1.028722E+02
1.35363125000E+06	1.516358E-03	9.947344E+01
1.35550000000E+06	1.435184E-03	1.073664E+02
1.35736875000E+06	1.404236E-03	1.112286E+02
1.35923750000E+06	1.219878E-03	1.035651E+02
1.36110625000E+06	1.388924E-03	1.091391E+02
1.36297500000E+06	1.495431E-03	1.050472E+02
1.36484375000E+06	1.371297E-03	1.072811E+02
1.36671250000E+06	1.345023E-03	1.025449E+02
1.36858125000E+06	1.451082E-03	1.075234E+02
1.37045000000E+06	1.296014E-03	1.104978E+02
1.37231875000E+06	1.464578E-03	9.984114E+01
1.37418750000E+06	1.456712E-03	1.116390E+02
1.37605625000E+06	1.400130E-03	1.069360E+02
1.37792500000E+06	1.625321E-03	1.040304E+02
1.37979375000E+06	1.358346E-03	1.022060E+02
1.38166250000E+06	1.363752E-03	1.097751E+02
1.38353125000E+06	1.169530E-03	1.114047E+02
1.38540000000E+06	1.433399E-03	1.078737E+02
1.38726875000E+06	1.298496E-03	1.103594E+02
1.38913750000E+06	1.387365E-03	1.028809E+02
1.39100625000E+06	1.352130E-03	9.991905E+01
1.39287500000E+06	1.427937E-03	1.051555E+02
1.39474375000E+06	1.402585E-03	1.089409E+02
1.39661250000E+06	1.307144E-03	1.114075E+02
1.39848125000E+06	1.349282E-03	1.067424E+02
1.40035000000E+06	1.295925E-03	1.006865E+02
1.40221875000E+06	1.325748E-03	1.029943E+02
1.40408750000E+06	1.320578E-03	1.056062E+02
1.40595625000E+06	1.539324E-03	1.086490E+02
1.40782500000E+06	1.260960E-03	1.015315E+02
1.40969375000E+06	1.375179E-03	1.050453E+02
1.41156250000E+06	1.287775E-03	1.095000E+02
1.41343125000E+06	1.450457E-03	1.020357E+02
1.41530000000E+06	1.442505E-03	1.015042E+02
1.41716875000E+06	1.244799E-03	1.051520E+02
1.41903750000E+06	1.382126E-03	1.039163E+02
1.42090625000E+06	1.243288E-03	9.932111E+01
1.42277500000E+06	1.478041E-03	1.045249E+02
1.42464375000E+06	1.275300E-03	1.046927E+02
1.42651250000E+06	1.530655E-03	1.003943E+02
1.42838125000E+06	1.386960E-03	1.066530E+02
1.43025000000E+06	1.453491E-03	1.109493E+02
1.43211875000E+06	1.402833E-03	1.013201E+02
1.43398750000E+06	1.410125E-03	1.018669E+02
1.43585625000E+06	1.482095E-03	1.140965E+02
1.43772500000E+06	1.506715E-03	1.121029E+02
1.43959375000E+06	1.294539E-03	1.116060E+02
1.44146250000E+06	1.454547E-03	1.092658E+02
1.44333125000E+06	1.439930E-03	1.080152E+02
1.44520000000E+06	1.425826E-03	1.111623E+02
1.44706875000E+06	1.168241E-03	1.096742E+02
1.44893750000E+06	1.189083E-03	1.142474E+02
1.45080625000E+06	1.636674E-03	1.074121E+02
1.45267500000E+06	1.490636E-03	1.111681E+02
1.45454375000E+06	1.335256E-03	1.063493E+02
1.45641250000E+06	1.480397E-03	1.091046E+02
1.45828125000E+06	1.515129E-03	1.099904E+02
1.46015000000E+06	1.364738E-03	1.074533E+02
1.46201875000E+06	1.488225E-03	1.099387E+02
1.46388750000E+06	1.423353E-03	1.037998E+02
1.46575625000E+06	1.336069E-03	1.026631E+02
1.46762500000E+06	1.470417E-03	1.134846E+02
1.46949375000E+06	1.333595E-03	1.075272E+02
1.47136250000E+06	1.338052E-03	1.093220E+02
1.47323125000E+06	1.421681E-03	1.102352E+02
1.47510000000E+06	1.378899E-03	1.100589E+02
1.47696875000E+06	1.711277E-03	1.103567E+02
1.47883750000E+06	1.408009E-03	1.069688E+02
1.48070625000E+06	1.408491E-03	1.083120E+02
1.48257500000E+06	1.347837E-03	1.115309E+02
1.48444375000E+06	1.402950E-03	1.082823E+02
1.48631250000E+06	1.346298E-03	1.058741E+02
1.48818125000E+06	1.396864E-03	1.083398E+02
1.49005000000E+06	1.554256E-03	1.092321E+02
1.49191875000E+06	1.510034E-03	1.113066E+02
1.49378750000E+06	1.393647E-03	1.121620E+02
1.49565625000E+06	1.501010E-03	1.122017E+02
1.49752500000E+06	1.363181E-03	1.098448E+02
1.49939375000E+06	1.532976E-03	1.042021E+02
1.50126250000E+06	1.526113E-03	1.077125E+02
1.50313125000E+06	1.403464E-03	1.116777E+02
1.50500000000E+06	1.476476E-03	1.116711E+02
1.50686875000E+06	1.485554E-03	1.060257E+02
1.50873750000E+06	1.454463E-03	1.086851E+02
1.51060625000E+06	1.432128E-03	1.065436E+02
1.51247500000E+06	1.544710E-03	1.128717E+02
1.51434375000E+06	1.542270E-03	1.103705E+02
1.51621250000E+06	1.347617E-03	1.067695E+02
1.51808125000E+06	1.536482E-03	1.096652E+02
1.51995000000E+06	1.476263E-03	1.082398E+02
1.52181875000E+06	1.413713E-03	1.110101E+02
1.52368750000E+06	1.415544E-03	1.072652E+02
1.52555625000E+06	1.441227E-03	1.060965E+02
1.52742500000E+06	1.477305E-03	1.074407E+02
1.52929375000E+06	1.385418E-03	1.095768E+02
1.53116250000E+06	1.513470E-03	1.085278E+02
1.53303125000E+06	1.467106E-03	1.011936E+02
1.53490000000E+06	1.461172E-03	1.082868E+02
1.53676875000E+06	1.607965E-03	1.013563E+02
1.53863750000E+06	1.375360E-03	1.081313E+02
1.54050625000E+06	1.450949E-03	1.114922E+02
1.54237500000E+06	1.549723E-03	1.121617E+02
1.54424375000E+06	1.466064E-03	1.085676E+02
1.54611250000E+06	1.750930E-03	1.071048E+02
1.54798125000E+06	1.442409E-03	1.116825E+02
1.54985000000E+06	1.538310E-03	1.067043E+02
1.55171875000E+06	1.550492E-03	1.110566E+02
1.55358750000E+06	1.527141E-03	1.089139E+02
1.55545625000E+06	1.289193E-03	1.069075E+02
1.55732500000E+06	1.585857E-03	1.112723E+02
1.55919375000E+06	1.588631E-03	1.060384E+02
1.56106250000E+06	1.269275E-03	1.129752E+02
1.56293125000E+06	1.503136E-03	1.069998E+02
1.56480000000E+06	1.474386E-03	1.098037E+02
1.56666875000E+06	1.480015E-03	1.014374E+02
1.56853750000E+06	1.516954E-03	1.136446E+02
1.57040625000E+06	1.704531E-03	1.116510E+02
1.57227500000E+06	1.191540E-03	1.205454E+02
1.57414375000E+06	1.342031E-03	1.056698E+02
1.57601250000E+06	1.531537E-03	1.049943E+02
1.57788125000E+06	1.515418E-03	1.124403E+02
1.57975000000E+06	1.489142E-03	1.094336E+02
1.58161875000E+06	1.431328E-03	1.109834E+02
1.58348750000E+06	1.370635E-03	1.097729E+02
1.58535625000E+06	1.602270E-03	1.097109E+02
1.58722500000E+06	1.436732E-03	1.102615E+02
1.58909375000E+06	1.563868E-03	1.088108E+02
1.59096250000E+06	1.372593E-03	1.034018E+02
1.59283125000E+06	1.573148E-03	1.097929E+02
1.59470000000E+06	1.589028E-03	1.066214E+02
1.59656875000E+06	1.515740E-03	1.162106E+02
1.59843750000E+06	1.459986E-03	1.060107E+02
1.60030625000E+06	1.367010E-03	1.065272E+02
1.60217500000E+06	1.495835E-03	1.053254E+02
1.60404375000E+06	1.734318E-03	1.074935E+02
1.60591250000E+06	1.472575E-03	1.063013E+02
1.60778125000E+06	1.528629E-03	1.097138E+02
1.60965000000E+06	1.494725E-03	1.081541E+02
1.61151875000E+06	1.362553E-03	1.121552E+02
1.61338750000E+06	1.517985E-03	1.110558E+02
1.61525625000E+06	1.495117E-03	1.073238E+02
1.61712500000E+06	1.486339E-03	1.082380E+02
1.61899375000E+06	1.431628E-03	1.061493E+02
1.62086250000E+06	1.513118E-03	1.107212E+02
1.62273125000E+06	1.558951E-03	1.094584E+02
1.62460000000E+06	1.542851E-03	1.130660E+02
1.62646875000E+06	1.365102E-03	1.159226E+02
1.62833750000E+06	1.612561E-03	1.136717E+02
1.63020625000E+06	1.355374E-03	1.079505E+02
1.63207500000E+06	1.486272E-03	1.147672E+02
1.63394375000E+06	1.327887E-03	1.076999E+02
1.63581250000E+06	1.515033E-03	1.079089E+02
1.63768125000E+06	1.484698E-03	1.105615E+02
1.63955000000E+06	1.605205E-03	1.064863E+02
1.64141875000E+06	1.417251E-03	1.098005E+02
1.64328750000E+06	1.561109E-03	1.100575E+02
1.64515625000E+06	1.471345E-03	1.107444E+02
1.64702500000E+06	1.479153E-03	1.150183E+02
1.64889375000E+06	1.394242E-03	1.129548E+02
1.65076250000E+06	1.420436E-03	1.195259E+02
1.65263125000E+06	1.348211E-03	1.084999E+02
1.65450000000E+06	1.727726E-03	1.112616E+02
1.65636875000E+06	1.455243E-03	1.128217E+02
1.65823750000E+06	1.644357E-03	1.152552E+02
1.66010625000E+06	1.422033E-03	1.083359E+02
1.66197500000E+06	1.513648E-03	1.131851E+02
1.66384375000E+06	1.400288E-03	1.145066E+02
1.66571250000E+06	1.522079E-03	1.104894E+02
1.66758125000E+06	1.436502E-03	1.095128E+02
1.66945000000E+06	1.636964E-03	1.110636E+02
1.67131875000E+06	1.771644E-03	1.102128E+02
1.67318750000E+06	1.449231E-03	1.091613E+02
1.67505625000E+06	1.763998E-03	1.089345E+02
1.67692500000E+06	1.532229E-03	1.087357E+02
1.67879375000E+06	1.492065E-03	1.127770E+02
1.68066250000E+06	1.619526E-03	1.094915E+02
1.68253125000E+06	1.558608E-03	1.103789E+02
1.68440000000E+06	1.444648E-03	1.152924E+02
1.68626875000E+06	1.623630E-03	1.121231E+02
1.68813750000E+06	1.340845E-03	1.185128E+02
1.69000625000E+06	1.501326E-03	1.116889E+02
1.69187500000E+06	1.587537E-03	1.130627E+02
1.69374375000E+06	1.484536E-03	1.213018E+02
1.69561250000E+06	1.364411E-03	1.167212E+02
1.69748125000E+06	1.482897E-03	1.134822E+02
1.69935000000E+06	1.522838E-03	1.073486E+02
1.70121875000E+06	1.611684E-03	1.071837E+02
1.70308750000E+06	1.561142E-03	1.084958E+02
1.70495625000E+06	1.492555E-03	1.120251E+02
1.70682500000E+06	1.449721E-03	1.159274E+02
1.70869375000E+06	1.474001E-03	1.161446E+02
1.71056250000E+06	1.672228E-03	1.208841E+02
1.71243125000E+06	1.621996E-03	1.119947E+02
1.71430000000E+06	1.488630E-03	1.135384E+02
1.71616875000E+06	1.541724E-03	1.189702E+02
1.71803750000E+06	1.510745E-03	1.102177E+02
1.71990625000E+06	1.656997E-03	1.172385E+02
1.72177500000E+06	1.572676E-03	1.152458E+02
1.72364375000E+06	1.498031E-03	1.124676E+02
1.72551250000E+06	1.634287E-03	1.124705E+02
1.72738125000E+06	1.503097E-03	1.157945E+02
1.72925000000E+06	1.476576E-03	1.099144E+02
1.73111875000E+06	1.526701E-03	1.111492E+02
1.73298750000E+06	1.624442E-03	1.128718E+02
1.73485625000E+06	1.524231E-03	1.150899E+02
1.73672500000E+06	1.535555E-03	1.124116E+02
1.73859375000E+06	1.566848E-03	1.112370E+02
1.74046250000E+06	1.400277E-03	1.182038E+02
1.74233125000E+06	1.593185E-03	1.144851E+02
1.74420000000E+06	1.614749E-03	1.122965E+02
1.74606875000E+06	1.568166E-03	1.147319E+02
1.74793750000E+06	1.460909E-03	1.132844E+02
1.74980625000E+06	1.477768E-03	1.122862E+02
1.75167500000E+06	1.468028E-03	1.139088E+02
1.75354375000E+06	1.624034E-03	1.125947E+02
1.75541250000E+06	1.588460E-03	1.117154E+02
1.75728125000E+06	1.555497E-03	1.139315E+02
1.75915000000E+06	1.568982E-03	1.098640E+02
1.76101875000E+06	1.422308E-03	1.203992E+02
1.76288750000E+06	1.678300E-03	1.113412E+02
1.76475625000E+06	1.547077E-03	1.153210E+02
1.76662500000E+06	1.491655E-03	1.149581E+02
1.76849375000E+06	1.529856E-03	1.107467E+02
1.77036250000E+06	1.599796E-03	1.133029E+02
1.77223125000E+06	1.610931E-03	1.153445E+02
1.77410000000E+06	1.498191E-03	1.141530E+02
1.77596875000E+06	1.432848E-03	1.184436E+02
1.77783750000E+06	1.588947E-03	1.132436E+02
1.77970625000E+06	1.555276E-03	1.155015E+02
1.78157500000E+06	1.526334E-03	1.128728E+02
1.78344375000E+06	1.545971E-03	1.148727E+02
1.78531250000E+06	1.697965E-03	1.187089E+02
1.78718125000E+06	1.537496E-03	1.163791E+02
1.78905000000E+06	1.490906E-03	1.159291E+02
1.79091875000E+06	1.520728E-03	1.119591E+02
1.79278750000E+06	1.628234E-03	1.153185E+02
1.79465625000E+06	1.525225E-03	1.060406E+02
1.79652500000E+06	1.515152E-03	1.147346E+02
1.79839375000E+06	1.570640E-03	1.171331E+02
1.80026250000E+06	1.746213E-03	1.169244E+02
1.80213125000E+06	1.564042E-03	1.129729E+02
1.80400000000E+06	1.629636E-03	1.163208E+02
1.80586875000E+06	1.565622E-03	1.193037E+02
1.80773750000E+06	1.602303E-03	1.188740E+02
1.80960625000E+06	1.497218E-03	1.162047E+02
1.81147500000E+06	1.676030E-03	1.127701E+02
1.81334375000E+06	1.509386E-03	1.155604E+02
1.81521250000E+06	1.404084E-03	1.162239E+02
1.81708125000E+06	1.439225E-03	1.160694E+02
1.81895000000E+06	1.612751E-03	1.147848E+02
1.82081875000E+06	1.664282E-03	1.200175E+02
1.82268750000E+06	1.700560E-03	1.213567E+02
1.82455625000E+06	1.719474E-03	1.188960E+02
1.82642500000E+06	1.621891E-03	1.106705E+02
1.82829375000E+06	1.649862E-03	1.117976E+02
1.83016250000E+06	1.400098E-03	1.186823E+02
1.83203125000E+06	1.616573E-03	1.234704E+02
1.83390000000E+06	1.495962E-03	1.115793E+02
1.83576875000E+06	1.501470E-03	1.233982E+02
1.83763750000E+06	1.580701E-03	1.171376E+02
1.83950625000E+06	1.759949E-03	1.147915E+02
1.84137500000E+06	1.603978E-03	1.196815E+02
1.84324375000E+06	1.608607E-03	1.186732E+02
1.84511250000E+06	1.701985E-03	1.180633E+02
1.84698125000E+06	1.534083E-03	1.098386E+02
1.84885000000E+06	1.618240E-03	1.182441E+02
1.85071875000E+06	1.640567E-03	1.186457E+02
1.85258750000E+06	1.377624E-03	1.218912E+02
1.85445625000E+06	1.613133E-03	1.158800E+02
1.85632500000E+06	1.752666E-03	1.149234E+02
1.85819375000E+06	1.589336E-03	1.122659E+02
1.86006250000E+06	1.606083E-03	1.125353E+02
1.86193125000E+06	1.568447E-03	1.173759E+02
1.86380000000E+06	1.588402E-03	1.193231E+02
1.86566875000E+06	1.644332E-03	1.189002E+02
1.86753750000E+06	1.698179E-03	1.150814E+02
1.86940625000E+06	1.570836E-03	1.143094E+02
1.87127500000E+06	1.631821E-03	1.176972E+02
1.87314375000E+06	1.635738E-03	1.174366E+02
1.87501250000E+06	1.498209E-03	1.225177E+02
1.87688125000E+06	1.523976E-03	1.135407E+02
1.87875000000E+06	1.743305E-03	1.185336E+02
1.88061875000E+06	1.648467E-03	1.227444E+02
1.88248750000E+06	1.580328E-03	1.219088E+02
1.88435625000E+06	1.663823E-03	1.245108E+02
1.88622500000E+06	1.599254E-03	1.275873E+02
1.88809375000E+06	1.580943E-03	1.175576E+02
1.88996250000E+06	1.620522E-03	1.201522E+02
1.89183125000E+06	1.665403E-03	1.182373E+02
1.89370000000E+06	1.811096E-03	1.235320E+02
1.89556875000E+06	1.480039E-03	1.185726E+02
1.89743750000E+06	1.676021E-03	1.219269E+02
1.89930625000E+06	1.640128E-03	1.156408E+02
1.90117500000E+06	1.556672E-03	1.269179E+02
1.90304375000E+06	1.665347E-03	1.210784E+02
1.90491250000E+06	1.740674E-03	1.212257E+02
1.90678125000E+06	1.557327E-03	1.240408E+02
1.90865000000E+06	1.543292E-03	1.218605E+02
1.91051875000E+06	1.728851E-03	1.186362E+02
1.91238750000E+06	1.770524E-03	1.215784E+02
1.91425625000E+06	1.622114E-03	1.173173E+02
1.91612500000E+06	1.748030E-03	1.215635E+02
1.91799375000E+06	1.787440E-03	1.206897E+02
1.91986250000E+06	1.750823E-03	1.235618E+02
1.92173125000E+06	1.636712E-03	1.247833E+02
1.92360000000E+06	1.678945E-03	1.261413E+02
1.92546875000E+06	1.646753E-03	1.211240E+02
1.92733750000E+06	1.641391E-03	1.210997E+02
1.92920625000E+06	1.708470E-03	1.240792E+02
1.93107500000E+06	1.609083E-03	1.236652E+02
1.93294375000E+06	1.558443E-03	1.202085E+02
1.93481250000E+06	1.690466E-03	1.214216E+02
1.93668125000E+06	1.605820E-03	1.233693E+02
1.93855000000E+06	1.704381E-03	1.257459E+02
1.94041875000E+06	1.710079E-03	1.207250E+02
1.94228750000E+06	1.724144E-03	1.234782E+02
1.94415625000E+06	1.716623E-03	1.242392E+02
1.94602500000E+06	1.718121E-03	1.227891E+02
1.94789375000E+06	1.916819E-03	1.215525E+02
1.94976250000E+06	1.615833E-03	1.261931E+02
1.95163125000E+06	1.682326E-03	1.231511E+02
1.95350000000E+06	1.679993E-03	1.238239E+02
1.95536875000E+06	1.668559E-03	1.239673E+02
1.95723750000E+06	1.800866E-03	1.239003E+02
1.95910625000E+06	1.674280E-03	1.224802E+02
1.96097500000E+06	1.916166E-03	1.223871E+02
1.96284375000E+06	1.663517E-03	1.199692E+02
1.96471250000E+06	1.750541E-03	1.260799E+02
1.96658125000E+06	1.863868E-03	1.283761E+02
1.96845000000E+06	1.903556E-03	1.297879E+02
1.97031875000E+06	1.721354E-03	1.237576E+02
1.97218750000E+06	1.777236E-03	1.313794E+02
1.97405625000E+06	1.728024E-03	1.211214E+02
1.97592500000E+06	1.764580E-03	1.249416E+02
1.97779375000E+06	1.715963E-03	1.289063E+02
1.97966250000E+06	1.705038E-03	1.273232E+02
1.98153125000E+06	1.814722E-03	1.166809E+02
1.98340000000E+06	1.848870E-03	1.308118E+02
1.98526875000E+06	1.962055E-03	1.238208E+02
1.98713750000E+06	1.789225E-03	1.208557E+02
1.98900625000E+06	1.827418E-03	1.208717E+02
1.99087500000E+06	1.839056E-03	1.349697E+02
1.99274375000E+06	1.808701E-03	1.222442E+02
1.99461250000E+06	1.959987E-03	1.264200E+02
1.99648125000E+06	1.684898E-03	1.272766E+02
1.99835000000E+06	1.798186E-03	1.200810E+02
2.00021875000E+06	1.738422E-03	1.247696E+02
2.00208750000E+06	2.119280E-03	1.250649E+02
2.00395625000E+06	1.858353E-03	1.224779E+02
2.00582500000E+06	1.815102E-03	1.351004E+02
2.00769375000E+06	1.871424E-03	1.240984E+02
2.00956250000E+06	2.003291E-03	1.253954E+02
2.01143125000E+06	1.923266E-03	1.249756E+02
2.01330000000E+06	1.932589E-03	1.246661E+02
2.01516875000E+06	1.727012E-03	1.237885E+02
2.01703750000E+06	1.829244E-03	1.218431E+02
2.01890625000E+06	1.698103E-03	1.250678E+02
2.02077500000E+06	1.780057E-03	1.253586E+02
2.02264375000E+06	1.595073E-03	1.315363E+02
2.02451250000E+06	1.678619E-03	1.285718E+02
2.02638125000E+06	2.025689E-03	1.248385E+02
2.02825000000E+06	1.760138E-03	1.282454E+02
2.03011875000E+06	1.901638E-03	1.200691E+02
2.03198750000E+06	1.961250E-03	1.295533E+02
2.03385625000E+06	1.774806E-03	1.330303E+02
2.03572500000E+06	1.884201E-03	1.291567E+02
2.03759375000E+06	1.905287E-03	1.273555E+02
2.03946250000E+06	1.902397E-03	1.277610E+02
2.04133125000E+06	1.851457E-03	1.243683E+02
2.04320000000E+06	2.054056E-03	1.236295E+02
2.04506875000E+06	1.911983E-03	1.276702E+02
2.04693750000E+06	1.848083E-03	1.253222E+02
2.04880625000E+06	1.797052E-03	1.321163E+02
2.05067500000E+06	1.853645E-03	1.269102E+02
2.05254375000E+06	1.805027E-03	1.295065E+02
2.05441250000E+06	1.907167E-03	1.250833E+02
2.05628125000E+06	1.997534E-03	1.276194E+02
2.05815000000E+06	1.956217E-03	1.256634E+02
2.06001875000E+06	1.747679E-03	1.264495E+02
2.06188750000E+06	1.874984E-03	1.273537E+02
2.06375625000E+06	1.907865E-03	1.242068E+02
2.06562500000E+06	1.894236E-03	1.261680E+02
2.06749375000E+06	1.857617E-03	1.248641E+02
2.06936250000E+06	1.759997E-03	1.274387E+02
2.07123125000E+06	1.856970E-03	1.282880E+02
2.07310000000E+06	1.954571E-03	1.269136E+02
2.07496875000E+06	1.908975E-03	1.259202E+02
2.07683750000E+06	2.032601E-03	1.246418E+02
2.07870625000E+06	2.036410E-03	1.282676E+02
2.08057500000E+06	2.052439E-03	1.290540E+02
2.08244375000E+06	1.881929E-03	1.292339E+02
2.08431250000E+06	2.009871E-03	1.314025E+02
2.08618125000E+06	1.841943E-03	1.251598E+02
2.08805000000E+06	2.077650E-03	1.274683E+02
2.08991875000E+06	1.998207E-03	1.267137E+02
2.09178750000E+06	1.961298E-03	1.274246E+02
2.09365625000E+06	2.037587E-03	1.334362E+02
2.09552500000E+06	2.012967E-03	1.274491E+02
2.09739375000E+06	2.042784E-03	1.266149E+02
2.09926250000E+06	1.929415E-03	1.296803E+02
2.10113125000E+06	2.004131E-03	1.285065E+02
2.10300000000E+06	1.979210E-03	1.292470E+02
2.10486875000E+06	1.961268E-03	1.324798E+02
2.10673750000E+06	2.113783E-03	1.286517E+02
2.10860625000E+06	2.026622E-03	1.259246E+02
2.11047500000E+06	1.917315E-03	1.266175E+02
2.11234375000E+06	2.095697E-03	1.260871E+02
2.11421250000E+06	1.896032E-03	1.270806E+02
2.11608125000E+06	1.951257E-03	1.280417E+02
2.11795000000E+06	2.084202E-03	1.275969E+02
2.11981875000E+06	2.040219E-03	1.237509E+02
2.12168750000E+06	2.150577E-03	1.275929E+02
2.12355625000E+06	2.098370E-03	1.260918E+02
2.12542500000E+06	2.024776E-03	1.278064E+02
2.12729375000E+06	1.904649E-03	1.268506E+02
2.12916250000E+06	1.989327E-03	1.270316E+02
2.13103125000E+06	2.043838E-03	1.270615E+02
2.13290000000E+06	2.059418E-03	1.299669E+02
2.13476875000E+06	1.967399E-03	1.285267E+02
2.13663750000E+06	2.242087E-03	1.255712E+02
2.13850625000E+06	2.059109E-03	1.249251E+02
2.14037500000E+06	1.943403E-03	1.259917E+02
2.14224375000E+06	2.072856E-03	1.259753E+02
2.14411250000E+06	2.094052E-03	1.269772E+02
2.14598125000E+06	2.007777E-03	1.243207E+02
2.14785000000E+06	2.038126E-03	1.282889E+02
2.14971875000E+06	1.968842E-03	1.285600E+02
2.15158750000E+06	2.152154E-03	1.266357E+02
2.15345625000E+06	2.118675E-03	1.245222E+02
2.15532500000E+06	2.027468E-03	1.270346E+02
2.15719375000E+06	1.946311E-03	1.225395E+02
2.15906250000E+06	2.055212E-03	1.264341E+02
2.16093125000E+06	1.871358E-03	1.225317E+02
2.16280000000E+06	2.002656E-03	1.238506E+02
2.16466875000E+06	2.017165E-03	1.291927E+02
2.16653750000E+06	2.128334E-03	1.330921E+02
2.16840625000E+06	2.184945E-03	1.257411E+02
2.17027500000E+06	1.761157E-03	1.275696E+02
2.17214375000E+06	1.995360E-03	1.286708E+02
2.17401250000E+06	2.162941E-03	1.274028E+02
2.17588125000E+06	2.074916E-03	1.254111E+02
2.17775000000E+06	2.156876E-03	1.193090E+02
2.17961875000E+06	2.038469E-03	1.216170E+02
2.18148750000E+06	2.048530E-03	1.275866E+02
2.18335625000E+06	2.029255E-03	1.276821E+02
2.18522500000E+06	2.129027E-03	1.291050E+02
2.18709375000E+06	2.035077E-03	1.249779E+02
2.18896250000E+06	2.223778E-03	1.271636E+02
2.19083125000E+06	2.227139E-03	1.231729E+02
2.19270000000E+06	2.053031E-03	1.253434E+02
2.19456875000E+06	2.083236E-03	1.248236E+02
2.19643750000E+06	2.105735E-03	1.237664E+02
2.19830625000E+06	1.989357E-03	1.300036E+02
2.20017500000E+06	2.024459E-03	1.260101E+02
2.20204375000E+06	2.202619E-03	1.214647E+02
2.20391250000E+06	2.247410E-03	1.265928E+02
2.20578125000E+06	2.010211E-03	1.271151E+02
2.20765000000E+06	2.206346E-03	1.294526E+02
2.20951875000E+06	2.177916E-03	1.251977E+02
2.21138750000E+06	2.197052E-03	1.256596E+02
2.21325625000E+06	2.275514E-03	1.245814E+02
2.21512500000E+06	2.044023E-03	1.259903E+02
2.21699375000E+06	2.349498E-03	1.274690E+02
2.21886250000E+06	2.382508E-03	1.298779E+02
2.22073125000E+06	2.246590E-03	1.293025E+02
2.22260000000E+06	2.132444E-03	1.201148E+02
2.22446875000E+06	2.231018E-03	1.310657E+02
2.22633750000E+06	1.978829E-03	1.267370E+02
2.22820625000E+06	2.005158E-03	1.298183E+02
2.23007500000E+06	2.194438E-03	1.196046E+02
2.23194375000E+06	1.991330E-03	1.252268E+02
2.23381250000E+06	2.179259E-03	1.295984E+02
2.23568125000E+06	2.168798E-03	1.249268E+02
2.23755000000E+06	2.236943E-03	1.280888E+02
2.23941875000E+06	2.178513E-03	1.276824E+02
2.24128750000E+06	2.100723E-03	1.301945E+02
2.24315625000E+06	2.110893E-03	1.276079E+02
2.24502500000E+06	2.165378E-03	1.314112E+02
2.24689375000E+06	1.980714E-03	1.299482E+02
2.24876250000E+06	2.128954E-03	1.258821E+02
2.25063125000E+06	2.149924E-03	1.273847E+02
2.25250000000E+06	2.211956E-03	1.286522E+02
2.25436875000E+06	2.083693E-03	1.233646E+02
2.25623750000E+06	2.105782E-03	1.255115E+02
2.25810625000E+06	2.181704E-03	1.271305E+02
2.25997500000E+06	2.110456E-03	1.264102E+02
2.26184375000E+06	1.987559E-03	1.280987E+02
2.26371250000E+06	2.333625E-03	1.276293E+02
2.26558125000E+06	2.263828E-03	1.273728E+02
2.26745000000E+06	2.125206E-03	1.260101E+02
2.26931875000E+06	2.152355E-03	1.235481E+02
2.27118750000E+06	2.181379E-03	1.252204E+02
2.27305625000E+06	2.297864E-03	1.265277E+02
2.27492500000E+06	2.085105E-03	1.247088E+02
2.27679375000E+06	2.141554E-03	1.260644E+02
2.27866250000E+06	2.103017E-03	1.256830E+02
2.28053125000E+06	2.160936E-03	1.274152E+02
2.28240000000E+06	2.199823E-03	1.269033E+02
2.28426875000E+06	2.217120E-03	1.253942E+02
2.28613750000E+06	2.212717E-03	1.298116E+02
2.28800625000E+06	2.199164E-03	1.225354E+02
2.28987500000E+06	2.156770E-03	1.266906E+02
2.29174375000E+06	2.304445E-03	1.241340E+02
2.29361250000E+06	2.091720E-03	1.258031E+02
2.29548125000E+06	2.074900E-03	1.257153E+02
2.29735000000E+06	2.083760E-03	1.287268E+02
2.29921875000E+06	2.240814E-03	1.248867E+02
2.30108750000E+06	2.190843E-03	1.272691E+02
2.30295625000E+06	2.100417E-03	1.282064E+02
2.30482500000E+06	2.237244E-03	1.247977E+02
2.30669375000E+06	2.044956E-03	1.263486E+02
2.30856250000E+06	2.310083E-03	1.274827E+02
2.31043125000E+06	2.057435E-03	1.263625E+02
2.31230000000E+06	2.048342E-03	1.274016E+02
2.31416875000E+06	2.188387E-03	1.266935E+02
2.31603750000E+06	2.211173E-03	1.279955E+02
2.31790625000E+06	2.198012E-03	1.282479E+02
2.31977500000E+06	2.214634E-03	1.292558E+02
2.32164375000E+06	2.144889E-03	1.247526E+02
2.32351250000E+06	1.997864E-03	1.249059E+02
2.32538125000E+06	2.104429E-03	1.237241E+02
2.32725000000E+06	2.208301E-03	1.250735E+02
2.32911875000E+06	2.170887E-03	1.259733E+02
2.33098750000E+06	2.119923E-03	1.295111E+02
2.33285625000E+06	2.190791E-03	1.260082E+02
2.33472500000E+06	2.227465E-03	1.271465E+02
2.33659375000E+06	2.172846E-03	1.273194E+02
2.33846250000E+06	2.071989E-03	1.257723E+02
2.34033125000E+06	2.141478E-03	1.250768E+02
2.34220000000E+06	2.157426E-03	1.261092E+02
2.34406875000E+06	2.173871E-03	1.267039E+02
2.34593750000E+06	2.202146E-03	1.293011E+02
2.34780625000E+06	2.143965E-03	1.251691E+02
2.34967500000E+06	2.308475E-03	1.272869E+02
2.35154375000E+06	2.146401E-03	1.248531E+02
2.35341250000E+06	2.270067E-03	1.277011E+02
2.35528125000E+06	2.120533E-03	1.282846E+02
2.35715000000E+06	2.176896E-03	1.252313E+02
2.35901875000E+06	2.204841E-03	1.259506E+02
2.36088750000E+06	2.165991E-03	1.275493E+02
2.36275625000E+06	2.109443E-03	1.282832E+02
2.36462500000E+06	2.159962E-03	1.275887E+02
2.36649375000E+06	2.143234E-03	1.271651E+02
2.36836250000E+06	2.158832E-03	1.264431E+02
2.37023125000E+06	2.148191E-03	1.271850E+02
2.37210000000E+06	2.200980E-03	1.250155E+02
2.37396875000E+06	2.236923E-03	1.249939E+02
2.37583750000E+06	2.136806E-03	1.284286E+02
2.37770625000E+06	2.297742E-03	1.276597E+02
2.37957500000E+06	2.091297E-03	1.268903E+02
2.38144375000E+06	2.172671E-03	1.264848E+02
2.38331250000E+06	2.194283E-03	1.242759E+02
2.38518125000E+06	2.109626E-03	1.298625E+02
2.38705000000E+06	2.124573E-03	1.267557E+02
2.38891875000E+06	2.031728E-03	1.274651E+02
2.39078750000E+06	2.140357E-03	1.261372E+02
2.39265625000E+06	2.056474E-03	1.264782E+02
2.39452500000E+06	2.085488E-03	1.309826E+02
2.39639375000E+06	2.130715E-03	1.301310E+02
2.39826250000E+06	2.075950E-03	1.240565E+02
2.40013125000E+06	2.101894E-03	1.260654E+02
2.40200000000E+06	2.136077E-03	1.282495E+02
2.40386875000E+06	2.115434E-03	1.280307E+02
2.40573750000E+06	2.175284E-03	1.312800E+02
2.40760625000E+06	2.092839E-03	1.257283E+02
2.40947500000E+06	1.961129E-03	1.275400E+02
2.41134375000E+06	2.125444E-03	1.219510E+02
2.41321250000E+06	2.100490E-03	1.282969E+02
2.41508125000E+06	2.176903E-03	1.321996E+02
2.41695000000E+06	2.274810E-03	1.277488E+02
2.41881875000E+06	2.145047E-03	1.274553E+02
2.42068750000E+06	2.251510E-03	1.287078E+02
2.42255625000E+06	2.152606E-03	1.270898E+02
2.42442500000E+06	2.226940E-03	1.320472E+02
2.42629375000E+06	2.334407E-03	1.252111E+02
2.42816250000E+06	2.189237E-03	1.274227E+02
2.43003125000E+06	2.126366E-03	1.243764E+02
2.43190000000E+06	2.255812E-03	1.263650E+02
2.43376875000E+06	2.182415E-03	1.165741E+02
2.43563750000E+06	1.926311E-03	1.307702E+02
2.43750625000E+06	1.940172E-03	1.299464E+02
2.43937500000E+06	2.306680E-03	1.212157E+02
2.44124375000E+06	2.276743E-03	1.277721E+02
2.44311250000E+06	2.257829E-03	1.271417E+02
2.44498125000E+06	1.936243E-03	1.274401E+02
2.44685000000E+06	2.126657E-03	1.292782E+02
2.44871875000E+06	2.165065E-03	1.232937E+02
2.45058750000E+06	2.350847E-03	1.257515E+02
2.45245625000E+06	2.492951E-03	1.299492E+02
2.45432500000E+06	2.309833E-03	1.290322E+02
2.45619375000E+06	2.350677E-03	1.242292E+02
2.45806250000E+06	2.444033E-03	1.272944E+02
2.45993125000E+06	2.179114E-03	1.284341E+02
2.46180000000E+06	2.163490E-03	1.326062E+02
2.46366875000E+06	1.832946E-03	1.321557E+02
2.46553750000E+06	2.267448E-03	1.295199E+02
2.46740625000E+06	2.276769E-03	1.321886E+02
2.46927500000E+06	2.079648E-03	1.319406E+02
2.47114375000E+06	2.129608E-03	1.304455E+02
2.47301250000E+06	2.140342E-03	1.283113E+02
2.47488125000E+06	2.199719E-03	1.271079E+02
2.47675000000E+06	2.007257E-03	1.282077E+02
2.47861875000E+06	2.138750E-03	1.281213E+02
2.48048750000E+06	2.284427E-03	1.288964E+02
2.48235625000E+06	2.061685E-03	1.296239E+02
2.48422500000E+06	2.175643E-03	1.258769E+02
2.48609375000E+06	2.179802E-03	1.293792E+02
2.48796250000E+06	2.094768E-03	1.286004E+02
2.48983125000E+06	2.144178E-03	1.297745E+02
2.49170000000E+06	2.102760E-03	1.288104E+02
2.49356875000E+06	2.206776E-03	1.238063E+02
2.49543750000E+06	2.099198E-03	1.266142E+02
2.49730625000E+06	2.171507E-03	1.267345E+02
2.49917500000E+06	2.276497E-03	1.294726E+02
2.50104375000E+06	2.169086E-03	1.286700E+02
2.50291250000E+06	2.100997E-03	1.275087E+02
2.50478125000E+06	2.235897E-03	1.314423E+02
2.50665000000E+06	2.195311E-03	1.267267E+02
2.50851875000E+06	2.105591E-03	1.273275E+02
2.51038750000E+06	2.210720E-03	1.268936E+02
2.51225625000E+06	2.116506E-03	1.286223E+02
2.51412500000E+06	2.115857E-03	1.262849E+02
2.51599375000E+06	1.993204E-03	1.288699E+02
2.51786250000E+06	2.208297E-03	1.326949E+02
2.51973125000E+06	2.313268E-03	1.315203E+02
2.52160000000E+06	2.186428E-03	1.325145E+02
2.52346875000E+06	2.002997E-03	1.277215E+02
2.52533750000E+06	2.203990E-03	1.315996E+02
2.52720625000E+06	2.285353E-03	1.267751E+02
2.52907500000E+06	2.282316E-03	1.292020E+02
2.53094375000E+06	2.226262E-03	1.275706E+02
2.53281250000E+06	2.154170E-03	1.290531E+02
2.53468125000E+06	2.193950E-03	1.308370E+02
2.53655000000E+06	2.163273E-03	1.294444E+02
2.53841875000E+06	2.280098E-03	1.297142E+02
2.54028750000E+06	2.089500E-03	1.334893E+02
2.54215625000E+06	2.190728E-03	1.269402E+02
2.54402500000E+06	2.261631E-03	1.286869E+02
2.54589375000E+06	2.202383E-03	1.331727E+02
2.54776250000E+06	2.273971E-03	1.285098E+02
2.54963125000E+06	2.196074E-03	1.311357E+02
2.55150000000E+06	2.202854E-03	1.305789E+02
2.55336875000E+06	2.140369E-03	1.298684E+02
2.55523750000E+06	2.229024E-03	1.306448E+02
2.55710625000E+06	2.091888E-03	1.297088E+02
2.55897500000E+06	2.151487E-03	1.290012E+02
2.56084375000E+06	2.142063E-03	1.313801E+02
2.56271250000E+06	2.266409E-03	1.303496E+02
2.56458125000E+06	2.087322E-03	1.269760E+02
2.56645000000E+06	2.199628E-03	1.318935E+02
2.56831875000E+06	2.081686E-03	1.274927E+02
2.57018750000E+06	2.228575E-03	1.350774E+02
2.57205625000E+06	2.115395E-03	1.299212E+02
2.57392500000E+06	2.149711E-03	1.295613E+02
2.57579375000E+06	2.028704E-03	1.295396E+02
2.57766250000E+06	2.157337E-03	1.313007E+02
2.57953125000E+06	2.206695E-03	1.299234E+02
2.58140000000E+06	2.163096E-03	1.290329E+02
2.58326875000E+06	2.112388E-03	1.304391E+02
2.58513750000E+06	2.088880E-03	1.334750E+02
2.58700625000E+06	2.091595E-03	1.329091E+02
2.58887500000E+06	2.128235E-03	1.298481E+02
2.59074375000E+06	2.090393E-03	1.294833E+02
2.59261250000E+06	2.154566E-03	1.321694E+02
2.59448125000E+06	2.080976E-03	1.344731E+02
2.59635000000E+06	2.143182E-03	1.333995E+02
2.59821875000E+06	2.169318E-03	1.339076E+02
2.60008750000E+06	2.248937E-03	1.328685E+02
2.60195625000E+06	2.202688E-03	1.307615E+02
2.60382500000E+06	2.185234E-03	1.339997E+02
2.60569375000E+06	2.170509E-03	1.307853E+02
2.60756250000E+06	2.156987E-03	1.325823E+02
2.60943125000E+06	2.183007E-03	1.336848E+02
2.61130000000E+06	2.242971E-03	1.339567E+02
2.61316875000E+06	2.189095E-03	1.298644E+02
2.61503750000E+06	2.208335E-03	1.322260E+02
2.61690625000E+06	2.216558E-03	1.334807E+02
2.61877500000E+06	2.162402E-03	1.344473E+02
2.62064375000E+06	2.144854E-03	1.317286E+02
2.62251250000E+06	2.094537E-03	1.316662E+02
2.62438125000E+06	2.275221E-03	1.349327E+02
2.62625000000E+06	2.137517E-03	1.361352E+02
2.62811875000E+06	2.107607E-03	1.349276E+02
2.62998750000E+06	2.244081E-03	1.330891E+02
2.63185625000E+06	2.170840E-03	1.309415E+02
2.63372500000E+06	2.209689E-03	1.321405E+02
2.63559375000E+06	2.263270E-03	1.350972E+02
2.63746250000E+06	2.136283E-03	1.343147E+02
2.63933125000E+06	2.209393E-03	1.354544E+02
2.64120000000E+06	2.201190E-03	1.371565E+02
2.64306875000E+06	2.159534E-03	1.327596E+02
2.64493750000E+06	2.191318E-03	1.336429E+02
2.64680625000E+06	2.124950E-03	1.339453E+02
2.64867500000E+06	2.127697E-03	1.363927E+02
2.65054375000E+06	2.166789E-03	1.336572E+02
2.65241250000E+06	2.167053E-03	1.342195E+02
2.65428125000E+06	2.165428E-03	1.327682E+02
2.65615000000E+06	2.206249E-03	1.339836E+02
2.65801875000E+06	2.232585E-03	1.353122E+02
2.65988750000E+06	2.188331E-03	1.354727E+02
2.66175625000E+06	2.176558E-03	1.354933E+02
2.66362500000E+06	2.315829E-03	1.344179E+02
2.66549375000E+06	2.171582E-03	1.351361E+02
2.66736250000E+06	2.215698E-03	1.347072E+02
2.66923125000E+06	2.068021E-03	1.326781E+02
2.67110000000E+06	2.042653E-03	1.347124E+02
2.67296875000E+06	2.182652E-03	1.375625E+02
2.67483750000E+06	2.187023E-03	1.366723E+02
2.67670625000E+06	2.082679E-03	1.320571E+02
2.67857500000E+06	2.076020E-03	1.375933E+02
2.68044375000E+06	2.148691E-03	1.360734E+02
2.68231250000E+06	2.251072E-03	1.348218E+02
2.68418125000E+06	1.975774E-03	1.373368E+02
2.68605000000E+06	2.183078E-03	1.361896E+02
2.68791875000E+06	2.186064E-03	1.364285E+02
2.68978750000E+06	2.243363E-03	1.363863E+02
2.69165625000E+06	2.109104E-03	1.336452E+02
2.69352500000E+06	2.135575E-03	1.373749E+02
2.69539375000E+06	2.204793E-03	1.366531E+02
2.69726250000E+06	2.170932E-03	1.371697E+02
2.69913125000E+06	2.163917E-03	1.353366E+02
2.70100000000E+06	2.122219E-03	1.395674E+02
2.70286875000E+06	2.115242E-03	1.343057E+02
2.70473750000E+06	2.221086E-03	1.354805E+02
2.70660625000E+06	2.070795E-03	1.340701E+02
2.70847500000E+06	2.110519E-03	1.351373E+02
2.71034375000E+06	2.332389E-03	1.383615E+02
2.71221250000E+06	2.281351E-03	1.332892E+02
2.71408125000E+06	2.312685E-03	1.376284E+02
2.71595000000E+06	2.260119E-03	1.378119E+02
2.71781875000E+06	2.029005E-03	1.379367E+02
2.71968750000E+06	2.206338E-03	1.323856E+02
2.72155625000E+06	2.520307E-03	1.404369E+02
2.72342500000E+06	2.046364E-03	1.407481E+02
2.72529375000E+06	2.212821E-03	1.320690E+02
2.72716250000E+06	2.287816E-03	1.311852E+02
2.72903125000E+06	2.202289E-03	1.402740E+02
2.73090000000E+06	2.108370E-03	1.474679E+02
2.73276875000E+06	2.126958E-03	1.413886E+02
2.73463750000E+06	2.280815E-03	1.366164E+02
2.73650625000E+06	2.593067E-03	1.362842E+02
2.73837500000E+06	2.248837E-03	1.408710E+02
2.74024375000E+06	2.350058E-03	1.316659E+02
2.74211250000E+06	2.222471E-03	1.389110E+02
2.74398125000E+06	2.582680E-03	1.342761E+02
2.74585000000E+06	2.190257E-03	1.389050E+02
2.74771875000E+06	2.378222E-03	1.425522E+02
2.74958750000E+06	2.188573E-03	1.347440E+02
2.75145625000E+06	2.526376E-03	1.358455E+02
2.75332500000E+06	2.165705E-03	1.372729E+02
2.75519375000E+06	2.180782E-03	1.330231E+02
2.75706250000E+06	2.296266E-03	1.377469E+02
2.75893125000E+06	2.190296E-03	1.430796E+02
2.76080000000E+06	2.006644E-03	1.327048E+02
2.76266875000E+06	2.233187E-03	1.394631E+02
2.76453750000E+06	2.195707E-03	1.435703E+02
2.76640625000E+06	2.463570E-03	1.425204E+02
2.76827500000E+06	1.977298E-03	1.398983E+02
2.77014375000E+06	2.299126E-03	1.376107E+02
2.77201250000E+06	2.304674E-03	1.399438E+02
2.77388125000E+06	2.097385E-03	1.415356E+02
2.77575000000E+06	2.152761E-03	1.432849E+02
2.77761875000E+06	2.224742E-03	1.377110E+02
2.77948750000E+06	2.266998E-03	1.364509E+02
2.78135625000E+06	2.366139E-03	1.389135E+02
2.78322500000E+06	2.324541E-03	1.372751E+02
2.78509375000E+06	2.071572E-03	1.372206E+02
2.78696250000E+06	2.285892E-03	1.370586E+02
2.78883125000E+06	2.123278E-03	1.434070E+02
2.79070000000E+06	2.239290E-03	1.437365E+02
2.79256875000E+06	2.206435E-03	1.384212E+02
2.79443750000E+06	2.430144E-03	1.383351E+02
2.79630625000E+06	2.127616E-03	1.385475E+02
2.79817500000E+06	2.222492E-03	1.398048E+02
2.80004375000E+06	2.151571E-03	1.421708E+02
2.80191250000E+06	2.282056E-03	1.418475E+02
2.80378125000E+06	1.996396E-03	1.430004E+02
2.80565000000E+06	2.210765E-03	1.432110E+02
2.80751875000E+06	2.250230E-03	1.400848E+02
2.80938750000E+06	2.176130E-03	1.367384E+02
2.81125625000E+06	2.204987E-03	1.405108E+02
2.81312500000E+06	2.309372E-03	1.405387E+02
2.81499375000E+06	2.308223E-03	1.391846E+02
2.81686250000E+06	2.347427E-03	1.401573E+02
2.81873125000E+06	2.300576E-03	1.400341E+02
2.82060000000E+06	2.076720E-03	1.420930E+02
2.82246875000E+06	2.182628E-03	1.429082E+02
2.82433750000E+06	2.205392E-03	1.442470E+02
2.82620625000E+06	2.081406E-03	1.393652E+02
2.82807500000E+06	2.145843E-03	1.425367E+02
2.82994375000E+06	2.226258E-03	1.400164E+02
2.83181250000E+06	2.211924E-03	1.381739E+02
2.83368125000E+06	2.161998E-03	1.409777E+02
2.83555000000E+06	2.225303E-03	1.443292E+02
2.83741875000E+06	2.145364E-03	1.440350E+02
2.83928750000E+06	2.242908E-03	1.387333E+02
2.84115625000E+06	2.278525E-03	1.425228E+02
2.84302500000E+06	2.177575E-03	1.409315E+02
2.84489375000E+06	2.258891E-03	1.433605E+02
2.84676250000E+06	2.213608E-03	1.404766E+02
2.84863125000E+06	2.249253E-03	1.431127E+02
2.85050000000E+06	2.197039E-03	1.431900E+02
2.85236875000E+06	2.276877E-03	1.431526E+02
2.85423750000E+06	2.226257E-03	1.412829E+02
2.85610625000E+06	2.169137E-03	1.400997E+02
2.85797500000E+06	2.130626E-03	1.401885E+02
2.85984375000E+06	2.291969E-03	1.414109E+02
2.86171250000E+06	2.377565E-03	1.396149E+02
2.86358125000E+06	2.053949E-03	1.445647E+02
2.86545000000E+06	2.123006E-03	1.448820E+02
2.86731875000E+06	2.223865E-03	1.436632E+02
2.86918750000E+06	2.220230E-03	1.455201E+02
2.87105625000E+06	2.202738E-03	1.456806E+02
2.87292500000E+06	2.294874E-03	1.422285E+02
2.87479375000E+06	2.184508E-03	1.418595E+02
2.87666250000E+06	2.210101E-03	1.405112E+02
2.87853125000E+06	2.042692E-03	1.411483E+02
2.88040000000E+06	2.169963E-03	1.429662E+02
2.88226875000E+06	2.084861E-03	1.409979E+02
2.88413750000E+06	2.260116E-03	1.462130E+02
2.88600625000E+06	2.364052E-03	1.424992E+02
2.88787500000E+06	2.190561E-03	1.441037E+02
2.88974375000E+06	2.233850E-03	1.446251E+02
2.89161250000E+06	2.233811E-03	1.410488E+02
2.89348125000E+06	2.304793E-03	1.440958E+02
2.89535000000E+06	2.172413E-03	1.425860E+02
2.89721875000E+06	2.275002E-03	1.435350E+02
2.89908750000E+06	2.241672E-03	1.438784E+02
2.90095625000E+06	2.233436E-03	1.447889E+02
2.90282500000E+06	2.283605E-03	1.435709E+02
2.90469375000E+06	2.132871E-03	1.429915E+02
2.90656250000E+06	2.177862E-03	1.442715E+02
2.90843125000E+06	2.232113E-03	1.420303E+02
2.91030000000E+06	2.242454E-03	1.440994E+02
2.91216875000E+06	2.224672E-03	1.407588E+02
2.91403750000E+06	2.159436E-03	1.445526E+02
2.91590625000E+06	2.206609E-03	1.450175E+02
2.91777500000E+06	2.196911E-03	1.447065E+02
2.91964375000E+06	2.337322E-03	1.441181E+02
2.92151250000E+06	2.264570E-03	1.443747E+02
2.92338125000E+06	2.183967E-03	1.450897E+02
2.92525000000E+06	2.306691E-03	1.458242E+02
2.92711875000E+06	2.326946E-03	1.440874E+02
2.92898750000E+06	2.202746E-03	1.469239E+02
2.93085625000E+06	2.304494E-03	1.439357E+02
2.93272500000E+06	2.201402E-03	1.426134E+02
2.93459375000E+06	2.236721E-03	1.463774E+02
2.93646250000E+06	2.195049E-03	1.432834E+02
2.93833125000E+06	2.231822E-03	1.459690E+02
2.94020000000E+06	2.222073E-03	1.451667E+02
2.94206875000E+06	2.275559E-03	1.421845E+02
2.94393750000E+06	2.264061E-03	1.487331E+02
2.94580625000E+06	2.315038E-03	1.470355E+02
2.94767500000E+06	2.179252E-03	1.451799E+02
2.94954375000E+06	2.203549E-03	1.470171E+02
2.95141250000E+06	2.313773E-03	1.448238E+02
2.95328125000E+06	2.327013E-03	1.456092E+02
2.95515000000E+06	2.312970E-03	1.431706E+02
2.95701875000E+06	2.303615E-03	1.454466E+02
2.95888750000E+06	2.232125E-03	1.443042E+02
2.96075625000E+06	2.249763E-03	1.459469E+02
2.96262500000E+06	2.150348E-03	1.478100E+02
2.96449375000E+06	2.156505E-03	1.469205E+02
2.96636250000E+06	2.203135E-03	1.450235E+02
2.96823125000E+06	2.303050E-03	1.498758E+02
2.97010000000E+06	2.265844E-03	1.487048E+02
2.97196875000E+06	2.157413E-03	1.458831E+02
2.97383750000E+06	2.278596E-03	1.460659E+02
2.97570625000E+06	2.265373E-03	1.472387E+02
2.97757500000E+06	2.282633E-03	1.464915E+02
2.97944375000E+06	2.323416E-03	1.473994E+02
2.98131250000E+06	2.274375E-03	1.472794E+02
2.98318125000E+06	2.339474E-03	1.483851E+02
2.98505000000E+06	2.342336E-03	1.467385E+02
2.98691875000E+06	2.302332E-03	1.487617E+02
2.98878750000E+06	2.286528E-03	1.472372E+02
2.99065625000E+06	2.363481E-03	1.499340E+02
2.99252500000E+06	2.293607E-03	1.482188E+02
2.99439375000E+06	2.196365E-03	1.495983E+02
2.99626250000E+06	2.187822E-03	1.456410E+02
2.99813125000E+06	2.233335E-03	1.488228E+02
3.00000000000E+06	2.299942E-03	1.472247E+02
