"E5100A REV3.14"
"DATE: Jul  3 2004"



"CHANNEL: 2"
"MEASURE TYPE: AR"
"FORMAT TYPE: LINMP"
"NUMBER of POINTS: 1601"
"SWEEP TIME:  3.458 s"
"SWEEP TYPE: LINF"
"SOURCE POWER: 0 dBm"
"IF BANDWIDTH: 500 Hz"

"Frequency"	"Main Array"	"Sub Array"
1.00000000000E+04	2.758654E-02	-4.664056E+01
1.18687500000E+04	2.210686E-02	-8.637550E+01
1.37375000000E+04	1.292379E-02	-1.558076E+02
1.56062500000E+04	3.032702E-03	-1.354326E+02
1.74750000000E+04	6.907779E-03	1.418923E+00
1.93437500000E+04	4.094964E-03	9.710243E+01
2.12125000000E+04	1.305200E-03	6.770650E+01
2.30812500000E+04	1.757277E-03	-8.199350E+01
2.49500000000E+04	2.170995E-03	-1.246839E+02
2.68187500000E+04	1.904492E-03	2.982462E+00
2.86875000000E+04	8.879893E-04	-1.474584E+02
3.05562500000E+04	9.839601E-04	-3.446346E+01
3.24250000000E+04	6.873893E-04	5.524642E-01
3.42937500000E+04	9.687740E-04	-1.694564E+01
3.61625000000E+04	6.865434E-04	8.285281E+01
3.80312500000E+04	7.928958E-04	9.954032E+01
3.99000000000E+04	1.129584E-03	-7.669553E+01
4.17687500000E+04	8.958349E-04	-6.543870E+01
4.36375000000E+04	2.598818E-04	-9.417635E+01
4.55062500000E+04	4.602931E-04	-8.875070E+01
4.73750000000E+04	1.395050E-03	-7.167309E+01
4.92437500000E+04	7.208413E-04	-4.316441E+01
5.11125000000E+04	1.935800E-03	-2.474893E+01
5.29812500000E+04	1.505789E-03	-1.171791E+02
5.48500000000E+04	5.329436E-04	-7.966415E+01
5.67187500000E+04	6.829138E-04	-6.859707E+01
5.85875000000E+04	1.018694E-03	-6.622074E+01
6.04562500000E+04	5.685647E-04	-9.108973E+01
6.23250000000E+04	8.092934E-04	-4.314437E+01
6.41937500000E+04	1.223682E-03	-1.015012E+02
6.60625000000E+04	1.295675E-03	-1.156991E+02
6.79312500000E+04	1.347478E-03	-6.605934E+01
6.98000000000E+04	7.949286E-04	-9.335958E+01
7.16687500000E+04	1.280425E-03	-7.873035E+01
7.35375000000E+04	1.144482E-03	-9.697945E+01
7.54062500000E+04	1.301246E-03	-9.038431E+01
7.72750000000E+04	9.680097E-04	-5.921215E+01
7.91437500000E+04	9.672059E-04	-1.006775E+02
8.10125000000E+04	1.112751E-03	-7.555721E+01
8.28812500000E+04	1.475024E-03	-8.010271E+01
8.47500000000E+04	1.282492E-03	-9.557965E+01
8.66187500000E+04	7.942690E-04	-9.061058E+01
8.84875000000E+04	1.244861E-03	-5.528050E+01
9.03562500000E+04	1.520786E-03	-6.555923E+01
9.22250000000E+04	1.413975E-03	-9.000762E+01
9.40937500000E+04	1.252984E-03	-1.007963E+02
9.59625000000E+04	1.668506E-03	-8.571596E+01
9.78312500000E+04	1.545506E-03	-8.652052E+01
9.97000000000E+04	2.148584E-03	-9.712239E+01
1.01568750000E+05	1.616716E-03	-6.473198E+01
1.03437500000E+05	1.297705E-03	-1.066287E+02
1.05306250000E+05	1.516987E-03	-1.359561E+02
1.07175000000E+05	1.633566E-03	-9.081437E+01
1.09043750000E+05	1.839203E-03	-7.979605E+01
1.10912500000E+05	2.989891E-03	-5.435232E+01
1.12781250000E+05	1.919388E-03	-8.914726E+01
1.14650000000E+05	1.955482E-03	-9.050805E+01
1.16518750000E+05	1.982444E-03	-8.951118E+01
1.18387500000E+05	1.807371E-03	-9.133974E+01
1.20256250000E+05	1.748130E-03	-8.848041E+01
1.22125000000E+05	1.468285E-03	-1.045390E+02
1.23993750000E+05	1.692655E-03	-7.797514E+01
1.25862500000E+05	1.901850E-03	-6.390627E+01
1.27731250000E+05	1.802051E-03	-8.492430E+01
1.29600000000E+05	1.551738E-03	-9.009191E+01
1.31468750000E+05	2.079754E-03	-8.839982E+01
1.33337500000E+05	1.744901E-03	-7.883317E+01
1.35206250000E+05	1.553408E-03	-8.959671E+01
1.37075000000E+05	2.138045E-03	-7.960826E+01
1.38943750000E+05	1.885703E-03	-7.179438E+01
1.40812500000E+05	1.763096E-03	-9.398855E+01
1.42681250000E+05	1.824519E-03	-7.576283E+01
1.44550000000E+05	2.045282E-03	-8.557706E+01
1.46418750000E+05	2.089287E-03	-9.343817E+01
1.48287500000E+05	1.641971E-03	-8.101200E+01
1.50156250000E+05	2.047336E-03	-8.489821E+01
1.52025000000E+05	1.872004E-03	-9.347226E+01
1.53893750000E+05	2.116182E-03	-8.969628E+01
1.55762500000E+05	2.278156E-03	-8.106955E+01
1.57631250000E+05	2.002995E-03	-9.088435E+01
1.59500000000E+05	2.218025E-03	-9.136719E+01
1.61368750000E+05	2.555299E-03	-9.027775E+01
1.63237500000E+05	2.108939E-03	-8.722114E+01
1.65106250000E+05	2.226319E-03	-8.841439E+01
1.66975000000E+05	2.462717E-03	-8.365951E+01
1.68843750000E+05	2.590230E-03	-9.238618E+01
1.70712500000E+05	2.533753E-03	-9.259213E+01
1.72581250000E+05	2.590871E-03	-8.587573E+01
1.74450000000E+05	2.152226E-03	-8.737728E+01
1.76318750000E+05	2.428608E-03	-9.105986E+01
1.78187500000E+05	2.407281E-03	-9.141933E+01
1.80056250000E+05	2.731051E-03	-8.268468E+01
1.81925000000E+05	2.379271E-03	-8.827293E+01
1.83793750000E+05	2.328926E-03	-9.347243E+01
1.85662500000E+05	2.523633E-03	-9.078164E+01
1.87531250000E+05	2.352845E-03	-8.798061E+01
1.89400000000E+05	2.205921E-03	-8.683540E+01
1.91268750000E+05	2.917383E-03	-9.086951E+01
1.93137500000E+05	2.723481E-03	-9.077952E+01
1.95006250000E+05	2.566475E-03	-8.222819E+01
1.96875000000E+05	2.548430E-03	-8.831640E+01
1.98743750000E+05	2.997622E-03	-8.676871E+01
2.00612500000E+05	2.749357E-03	-8.776002E+01
2.02481250000E+05	2.880878E-03	-8.845399E+01
2.04350000000E+05	2.888876E-03	-9.366415E+01
2.06218750000E+05	2.641105E-03	-8.707079E+01
2.08087500000E+05	2.843517E-03	-9.588152E+01
2.09956250000E+05	2.543278E-03	-8.881377E+01
2.11825000000E+05	2.783213E-03	-8.862767E+01
2.13693750000E+05	2.823658E-03	-8.925166E+01
2.15562500000E+05	3.014760E-03	-9.005295E+01
2.17431250000E+05	3.162241E-03	-9.193970E+01
2.19300000000E+05	3.036230E-03	-8.941550E+01
2.21168750000E+05	3.119588E-03	-9.005013E+01
2.23037500000E+05	3.288338E-03	-9.406929E+01
2.24906250000E+05	3.039972E-03	-9.156480E+01
2.26775000000E+05	3.046507E-03	-9.278967E+01
2.28643750000E+05	3.376336E-03	-8.390759E+01
2.30512500000E+05	2.890245E-03	-9.205190E+01
2.32381250000E+05	2.963677E-03	-8.926234E+01
2.34250000000E+05	3.248554E-03	-9.390680E+01
2.36118750000E+05	3.105168E-03	-8.971381E+01
2.37987500000E+05	3.444773E-03	-9.142020E+01
2.39856250000E+05	3.194913E-03	-9.148943E+01
2.41725000000E+05	3.109084E-03	-8.787162E+01
2.43593750000E+05	3.413232E-03	-8.841559E+01
2.45462500000E+05	3.667052E-03	-9.100673E+01
2.47331250000E+05	3.585748E-03	-9.090938E+01
2.49200000000E+05	3.313993E-03	-8.694797E+01
2.51068750000E+05	3.529740E-03	-9.406645E+01
2.52937500000E+05	3.269301E-03	-9.245063E+01
2.54806250000E+05	3.345338E-03	-8.784091E+01
2.56675000000E+05	3.466820E-03	-9.020668E+01
2.58543750000E+05	3.763221E-03	-9.385264E+01
2.60412500000E+05	3.536196E-03	-8.874034E+01
2.62281250000E+05	3.616794E-03	-9.081292E+01
2.64150000000E+05	3.763953E-03	-9.156657E+01
2.66018750000E+05	3.714903E-03	-9.248325E+01
2.67887500000E+05	3.687372E-03	-9.199558E+01
2.69756250000E+05	3.660184E-03	-9.038279E+01
2.71625000000E+05	3.639181E-03	-9.082594E+01
2.73493750000E+05	3.735621E-03	-9.074921E+01
2.75362500000E+05	3.931814E-03	-9.448657E+01
2.77231250000E+05	4.054214E-03	-8.826008E+01
2.79100000000E+05	3.809959E-03	-9.367424E+01
2.80968750000E+05	3.825596E-03	-8.847289E+01
2.82837500000E+05	3.685425E-03	-9.151002E+01
2.84706250000E+05	3.991538E-03	-9.080096E+01
2.86575000000E+05	4.072907E-03	-9.509589E+01
2.88443750000E+05	3.906201E-03	-9.031723E+01
2.90312500000E+05	4.068445E-03	-9.597478E+01
2.92181250000E+05	3.883704E-03	-9.020337E+01
2.94050000000E+05	4.179710E-03	-9.490794E+01
2.95918750000E+05	3.891369E-03	-9.109886E+01
2.97787500000E+05	4.017392E-03	-9.023445E+01
2.99656250000E+05	4.038251E-03	-9.403483E+01
3.01525000000E+05	4.304669E-03	-9.370375E+01
3.03393750000E+05	4.181413E-03	-9.231976E+01
3.05262500000E+05	4.206231E-03	-9.272171E+01
3.07131250000E+05	4.317769E-03	-9.146333E+01
3.09000000000E+05	4.116002E-03	-9.492451E+01
3.10868750000E+05	4.310970E-03	-9.115778E+01
3.12737500000E+05	4.260562E-03	-8.996406E+01
3.14606250000E+05	4.141584E-03	-9.393722E+01
3.16475000000E+05	4.438906E-03	-9.423750E+01
3.18343750000E+05	4.532509E-03	-9.307397E+01
3.20212500000E+05	4.391702E-03	-9.268394E+01
3.22081250000E+05	4.084828E-03	-9.299349E+01
3.23950000000E+05	4.315989E-03	-9.583491E+01
3.25818750000E+05	4.414167E-03	-9.265092E+01
3.27687500000E+05	4.493481E-03	-9.158979E+01
3.29556250000E+05	4.296933E-03	-9.342924E+01
3.31425000000E+05	4.573312E-03	-9.321002E+01
3.33293750000E+05	4.554150E-03	-9.265087E+01
3.35162500000E+05	4.495978E-03	-9.213153E+01
3.37031250000E+05	4.621835E-03	-9.276304E+01
3.38900000000E+05	4.719622E-03	-9.265083E+01
3.40768750000E+05	4.717011E-03	-9.224953E+01
3.42637500000E+05	4.760820E-03	-9.440017E+01
3.44506250000E+05	4.566161E-03	-9.364447E+01
3.46375000000E+05	4.875234E-03	-9.430191E+01
3.48243750000E+05	4.718801E-03	-9.413657E+01
3.50112500000E+05	4.554793E-03	-9.130526E+01
3.51981250000E+05	4.882202E-03	-9.556506E+01
3.53850000000E+05	5.078246E-03	-9.216218E+01
3.55718750000E+05	4.826840E-03	-9.326291E+01
3.57587500000E+05	4.824561E-03	-9.123049E+01
3.59456250000E+05	4.787220E-03	-9.386153E+01
3.61325000000E+05	4.956162E-03	-9.249770E+01
3.63193750000E+05	5.007943E-03	-9.443310E+01
3.65062500000E+05	4.867094E-03	-9.202127E+01
3.66931250000E+05	4.750178E-03	-9.178600E+01
3.68800000000E+05	5.022658E-03	-9.323798E+01
3.70668750000E+05	4.900723E-03	-9.098363E+01
3.72537500000E+05	5.171297E-03	-9.485991E+01
3.74406250000E+05	5.079254E-03	-9.368970E+01
3.76275000000E+05	5.005534E-03	-9.398616E+01
3.78143750000E+05	5.031494E-03	-9.492748E+01
3.80012500000E+05	5.053193E-03	-9.578338E+01
3.81881250000E+05	5.102203E-03	-9.305683E+01
3.83750000000E+05	5.252662E-03	-9.430322E+01
3.85618750000E+05	5.228202E-03	-9.366441E+01
3.87487500000E+05	5.390281E-03	-9.272398E+01
3.89356250000E+05	5.353731E-03	-9.454249E+01
3.91225000000E+05	5.418871E-03	-9.478451E+01
3.93093750000E+05	5.361043E-03	-9.587627E+01
3.94962500000E+05	5.486202E-03	-9.353209E+01
3.96831250000E+05	5.273354E-03	-9.383598E+01
3.98700000000E+05	5.487869E-03	-9.438056E+01
4.00568750000E+05	5.446696E-03	-9.618018E+01
4.02437500000E+05	5.427205E-03	-9.329044E+01
4.04306250000E+05	5.673361E-03	-9.531038E+01
4.06175000000E+05	5.464408E-03	-9.580288E+01
4.08043750000E+05	5.570777E-03	-9.256540E+01
4.09912500000E+05	5.462850E-03	-9.537828E+01
4.11781250000E+05	5.632459E-03	-9.501070E+01
4.13650000000E+05	5.589583E-03	-9.456660E+01
4.15518750000E+05	5.616245E-03	-9.475267E+01
4.17387500000E+05	5.662767E-03	-9.320444E+01
4.19256250000E+05	5.861329E-03	-9.251843E+01
4.21125000000E+05	5.657074E-03	-9.332971E+01
4.22993750000E+05	5.925963E-03	-9.423617E+01
4.24862500000E+05	5.646194E-03	-9.319545E+01
4.26731250000E+05	5.697289E-03	-9.457256E+01
4.28600000000E+05	5.870740E-03	-9.345306E+01
4.30468750000E+05	5.835482E-03	-9.419147E+01
4.32337500000E+05	6.157979E-03	-9.648896E+01
4.34206250000E+05	5.811044E-03	-9.544646E+01
4.36075000000E+05	6.086611E-03	-9.280841E+01
4.37943750000E+05	5.932293E-03	-9.664851E+01
4.39812500000E+05	5.945897E-03	-9.447028E+01
4.41681250000E+05	5.930533E-03	-9.497121E+01
4.43550000000E+05	6.149731E-03	-9.445728E+01
4.45418750000E+05	6.129704E-03	-9.508426E+01
4.47287500000E+05	5.967672E-03	-9.522332E+01
4.49156250000E+05	6.070463E-03	-9.440264E+01
4.51025000000E+05	6.206290E-03	-9.482813E+01
4.52893750000E+05	6.012730E-03	-9.391604E+01
4.54762500000E+05	6.256514E-03	-9.548711E+01
4.56631250000E+05	6.227100E-03	-9.431275E+01
4.58500000000E+05	6.135358E-03	-9.456579E+01
4.60368750000E+05	6.383460E-03	-9.493467E+01
4.62237500000E+05	6.329659E-03	-9.512101E+01
4.64106250000E+05	6.334300E-03	-9.372546E+01
4.65975000000E+05	6.313317E-03	-9.594124E+01
4.67843750000E+05	6.394853E-03	-9.617135E+01
4.69712500000E+05	6.575124E-03	-9.555367E+01
4.71581250000E+05	6.520282E-03	-9.651894E+01
4.73450000000E+05	6.327155E-03	-9.528857E+01
4.75318750000E+05	6.543682E-03	-9.492996E+01
4.77187500000E+05	6.435505E-03	-9.388961E+01
4.79056250000E+05	6.405241E-03	-9.447742E+01
4.80925000000E+05	6.490374E-03	-9.601466E+01
4.82793750000E+05	6.533369E-03	-9.507288E+01
4.84662500000E+05	6.816982E-03	-9.472847E+01
4.86531250000E+05	6.739263E-03	-9.418284E+01
4.88400000000E+05	6.703394E-03	-9.511187E+01
4.90268750000E+05	6.768064E-03	-9.521420E+01
4.92137500000E+05	6.720131E-03	-9.548615E+01
4.94006250000E+05	6.758961E-03	-9.608336E+01
4.95875000000E+05	6.552008E-03	-9.669929E+01
4.97743750000E+05	6.872625E-03	-9.455985E+01
4.99612500000E+05	6.838027E-03	-9.590942E+01
5.01481250000E+05	7.025286E-03	-9.584309E+01
5.03350000000E+05	6.946040E-03	-9.555194E+01
5.05218750000E+05	6.858375E-03	-9.521632E+01
5.07087500000E+05	6.906014E-03	-9.627060E+01
5.08956250000E+05	6.866658E-03	-9.611938E+01
5.10825000000E+05	6.798530E-03	-9.436102E+01
5.12693750000E+05	7.027784E-03	-9.504714E+01
5.14562500000E+05	7.256399E-03	-9.553997E+01
5.16431250000E+05	7.335258E-03	-9.577316E+01
5.18300000000E+05	7.071509E-03	-9.520583E+01
5.20168750000E+05	7.096171E-03	-9.624093E+01
5.22037500000E+05	7.112919E-03	-9.648414E+01
5.23906250000E+05	7.024623E-03	-9.711613E+01
5.25775000000E+05	7.096434E-03	-9.665572E+01
5.27643750000E+05	7.260906E-03	-9.510141E+01
5.29512500000E+05	7.065302E-03	-9.650327E+01
5.31381250000E+05	7.287993E-03	-9.553973E+01
5.33250000000E+05	7.213164E-03	-9.541132E+01
5.35118750000E+05	7.172341E-03	-9.652695E+01
5.36987500000E+05	7.297354E-03	-9.681477E+01
5.38856250000E+05	7.350423E-03	-9.735033E+01
5.40725000000E+05	7.405478E-03	-9.661175E+01
5.42593750000E+05	7.318615E-03	-9.704798E+01
5.44462500000E+05	7.362689E-03	-9.787218E+01
5.46331250000E+05	7.529421E-03	-9.663705E+01
5.48200000000E+05	7.707822E-03	-9.605553E+01
5.50068750000E+05	7.340701E-03	-9.642738E+01
5.51937500000E+05	7.386302E-03	-9.588975E+01
5.53806250000E+05	7.546900E-03	-9.624219E+01
5.55675000000E+05	7.504712E-03	-9.589854E+01
5.57543750000E+05	7.644199E-03	-9.718597E+01
5.59412500000E+05	7.602204E-03	-9.551529E+01
5.61281250000E+05	7.660160E-03	-9.695354E+01
5.63150000000E+05	7.784550E-03	-9.628141E+01
5.65018750000E+05	7.740872E-03	-9.506976E+01
5.66887500000E+05	7.700176E-03	-9.606596E+01
5.68756250000E+05	7.759925E-03	-9.645572E+01
5.70625000000E+05	7.659306E-03	-9.696469E+01
5.72493750000E+05	7.587104E-03	-9.715778E+01
5.74362500000E+05	7.800537E-03	-9.684926E+01
5.76231250000E+05	7.868850E-03	-9.612823E+01
5.78100000000E+05	7.772725E-03	-9.646815E+01
5.79968750000E+05	7.846782E-03	-9.804144E+01
5.81837500000E+05	7.857994E-03	-9.741156E+01
5.83706250000E+05	8.062268E-03	-9.630445E+01
5.85575000000E+05	8.094491E-03	-9.735798E+01
5.87443750000E+05	8.018737E-03	-9.668553E+01
5.89312500000E+05	8.118234E-03	-9.724947E+01
5.91181250000E+05	8.032400E-03	-9.639847E+01
5.93050000000E+05	8.057680E-03	-9.724693E+01
5.94918750000E+05	8.138646E-03	-9.758239E+01
5.96787500000E+05	8.014555E-03	-9.751611E+01
5.98656250000E+05	8.244888E-03	-9.769895E+01
6.00525000000E+05	8.124082E-03	-9.707857E+01
6.02393750000E+05	8.201461E-03	-9.774381E+01
6.04262500000E+05	8.195293E-03	-9.592100E+01
6.06131250000E+05	8.196134E-03	-9.724579E+01
6.08000000000E+05	8.147968E-03	-9.661945E+01
6.09868750000E+05	8.365445E-03	-9.759241E+01
6.11737500000E+05	8.304245E-03	-9.783450E+01
6.13606250000E+05	8.433947E-03	-9.755791E+01
6.15475000000E+05	8.355019E-03	-9.727221E+01
6.17343750000E+05	8.476330E-03	-9.799189E+01
6.19212500000E+05	8.435202E-03	-9.729067E+01
6.21081250000E+05	8.383397E-03	-9.659263E+01
6.22950000000E+05	8.561186E-03	-9.773404E+01
6.24818750000E+05	8.364976E-03	-9.751143E+01
6.26687500000E+05	8.455265E-03	-9.797987E+01
6.28556250000E+05	8.537468E-03	-9.657814E+01
6.30425000000E+05	8.550628E-03	-9.726917E+01
6.32293750000E+05	8.623049E-03	-9.786010E+01
6.34162500000E+05	8.716084E-03	-9.837853E+01
6.36031250000E+05	8.619118E-03	-9.897635E+01
6.37900000000E+05	8.852495E-03	-9.768790E+01
6.39768750000E+05	8.678795E-03	-9.723811E+01
6.41637500000E+05	8.405304E-03	-9.759328E+01
6.43506250000E+05	8.723118E-03	-9.813738E+01
6.45375000000E+05	8.665365E-03	-9.777196E+01
6.47243750000E+05	8.829941E-03	-9.792306E+01
6.49112500000E+05	8.663944E-03	-9.686080E+01
6.50981250000E+05	8.693283E-03	-9.781445E+01
6.52850000000E+05	8.902187E-03	-9.795794E+01
6.54718750000E+05	9.002965E-03	-9.776554E+01
6.56587500000E+05	8.888431E-03	-9.750847E+01
6.58456250000E+05	8.983174E-03	-9.885847E+01
6.60325000000E+05	8.806392E-03	-9.742516E+01
6.62193750000E+05	8.865125E-03	-9.849026E+01
6.64062500000E+05	9.120919E-03	-9.783942E+01
6.65931250000E+05	9.074773E-03	-9.824199E+01
6.67800000000E+05	9.080959E-03	-9.774438E+01
6.69668750000E+05	9.186453E-03	-9.824533E+01
6.71537500000E+05	9.126090E-03	-9.866160E+01
6.73406250000E+05	9.174153E-03	-9.860663E+01
6.75275000000E+05	9.321367E-03	-9.717965E+01
6.77143750000E+05	9.231943E-03	-9.778664E+01
6.79012500000E+05	9.238604E-03	-9.762805E+01
6.80881250000E+05	9.353527E-03	-9.764767E+01
6.82750000000E+05	9.243607E-03	-9.815911E+01
6.84618750000E+05	9.406060E-03	-9.755242E+01
6.86487500000E+05	9.206614E-03	-9.840108E+01
6.88356250000E+05	9.309093E-03	-9.892810E+01
6.90225000000E+05	9.253943E-03	-9.898142E+01
6.92093750000E+05	9.510231E-03	-9.826954E+01
6.93962500000E+05	9.361806E-03	-9.829826E+01
6.95831250000E+05	9.407689E-03	-9.793624E+01
6.97700000000E+05	9.462996E-03	-9.879099E+01
6.99568750000E+05	9.543690E-03	-9.817740E+01
7.01437500000E+05	9.495869E-03	-9.802943E+01
7.03306250000E+05	9.442713E-03	-9.823342E+01
7.05175000000E+05	9.523037E-03	-9.796168E+01
7.07043750000E+05	9.674862E-03	-9.878835E+01
7.08912500000E+05	9.725277E-03	-9.826587E+01
7.10781250000E+05	9.706706E-03	-9.843003E+01
7.12650000000E+05	9.707673E-03	-9.894848E+01
7.14518750000E+05	9.718489E-03	-9.797353E+01
7.16387500000E+05	9.806617E-03	-9.751809E+01
7.18256250000E+05	9.845619E-03	-9.875434E+01
7.20125000000E+05	9.811660E-03	-9.791882E+01
7.21993750000E+05	9.963947E-03	-9.857663E+01
7.23862500000E+05	9.847125E-03	-9.875384E+01
7.25731250000E+05	9.840824E-03	-9.914836E+01
7.27600000000E+05	9.723808E-03	-9.725906E+01
7.29468750000E+05	1.018921E-02	-9.914211E+01
7.31337500000E+05	1.004443E-02	-9.913149E+01
7.33206250000E+05	9.944675E-03	-9.789432E+01
7.35075000000E+05	1.010313E-02	-9.743675E+01
7.36943750000E+05	9.882250E-03	-9.900054E+01
7.38812500000E+05	1.009726E-02	-9.903947E+01
7.40681250000E+05	9.976251E-03	-9.790578E+01
7.42550000000E+05	1.013388E-02	-9.902143E+01
7.44418750000E+05	1.002709E-02	-9.819954E+01
7.46287500000E+05	1.018600E-02	-9.878126E+01
7.48156250000E+05	1.028520E-02	-9.775504E+01
7.50025000000E+05	1.010240E-02	-9.854301E+01
7.51893750000E+05	1.020688E-02	-9.829214E+01
7.53762500000E+05	1.028823E-02	-9.893922E+01
7.55631250000E+05	1.020520E-02	-9.824015E+01
7.57500000000E+05	1.036502E-02	-9.907693E+01
7.59368750000E+05	1.034561E-02	-9.871145E+01
7.61237500000E+05	1.013277E-02	-1.001054E+02
7.63106250000E+05	1.033055E-02	-1.000498E+02
7.64975000000E+05	1.037603E-02	-9.881779E+01
7.66843750000E+05	1.029186E-02	-9.902872E+01
7.68712500000E+05	1.021254E-02	-9.886373E+01
7.70581250000E+05	1.043220E-02	-9.947020E+01
7.72450000000E+05	1.042499E-02	-9.873969E+01
7.74318750000E+05	1.044993E-02	-9.872482E+01
7.76187500000E+05	1.039704E-02	-9.849643E+01
7.78056250000E+05	1.057335E-02	-9.965590E+01
7.79925000000E+05	1.065880E-02	-1.000961E+02
7.81793750000E+05	1.073450E-02	-9.965303E+01
7.83662500000E+05	1.061641E-02	-9.869550E+01
7.85531250000E+05	1.076428E-02	-9.953100E+01
7.87400000000E+05	1.094271E-02	-9.931070E+01
7.89268750000E+05	1.072670E-02	-9.959087E+01
7.91137500000E+05	1.055500E-02	-9.853961E+01
7.93006250000E+05	1.080248E-02	-9.995245E+01
7.94875000000E+05	1.073759E-02	-9.960406E+01
7.96743750000E+05	1.079953E-02	-1.008232E+02
7.98612500000E+05	1.085857E-02	-9.995315E+01
8.00481250000E+05	1.069563E-02	-1.000267E+02
8.02350000000E+05	1.084514E-02	-1.000069E+02
8.04218750000E+05	1.097986E-02	-9.918474E+01
8.06087500000E+05	1.083024E-02	-9.842866E+01
8.07956250000E+05	1.103242E-02	-1.002265E+02
8.09825000000E+05	1.096943E-02	-1.003867E+02
8.11693750000E+05	1.113082E-02	-9.979402E+01
8.13562500000E+05	1.108388E-02	-9.947992E+01
8.15431250000E+05	1.103745E-02	-9.840077E+01
8.17300000000E+05	1.112724E-02	-1.001151E+02
8.19168750000E+05	1.106744E-02	-9.981548E+01
8.21037500000E+05	1.128710E-02	-9.992018E+01
8.22906250000E+05	1.119640E-02	-1.003291E+02
8.24775000000E+05	1.123971E-02	-9.973946E+01
8.26643750000E+05	1.106852E-02	-9.983110E+01
8.28512500000E+05	1.122452E-02	-9.914821E+01
8.30381250000E+05	1.143869E-02	-9.949110E+01
8.32250000000E+05	1.110019E-02	-1.000495E+02
8.34118750000E+05	1.135240E-02	-9.912165E+01
8.35987500000E+05	1.132338E-02	-9.926413E+01
8.37856250000E+05	1.135108E-02	-1.005620E+02
8.39725000000E+05	1.143069E-02	-1.001468E+02
8.41593750000E+05	1.148729E-02	-1.003303E+02
8.43462500000E+05	1.144632E-02	-1.003167E+02
8.45331250000E+05	1.137930E-02	-1.003912E+02
8.47200000000E+05	1.161408E-02	-1.001786E+02
8.49068750000E+05	1.156143E-02	-9.990308E+01
8.50937500000E+05	1.156959E-02	-1.009101E+02
8.52806250000E+05	1.149526E-02	-9.972133E+01
8.54675000000E+05	1.152222E-02	-9.985938E+01
8.56543750000E+05	1.169671E-02	-1.002298E+02
8.58412500000E+05	1.160230E-02	-1.006700E+02
8.60281250000E+05	1.164149E-02	-1.005180E+02
8.62150000000E+05	1.159274E-02	-1.001031E+02
8.64018750000E+05	1.171992E-02	-1.003057E+02
8.65887500000E+05	1.164408E-02	-1.002311E+02
8.67756250000E+05	1.175732E-02	-9.994748E+01
8.69625000000E+05	1.180625E-02	-1.001259E+02
8.71493750000E+05	1.192759E-02	-1.004770E+02
8.73362500000E+05	1.176366E-02	-1.005783E+02
8.75231250000E+05	1.176574E-02	-9.980460E+01
8.77100000000E+05	1.196316E-02	-1.001126E+02
8.78968750000E+05	1.206141E-02	-1.006268E+02
8.80837500000E+05	1.200261E-02	-1.000808E+02
8.82706250000E+05	1.190463E-02	-1.008014E+02
8.84575000000E+05	1.201735E-02	-1.003801E+02
8.86443750000E+05	1.202018E-02	-1.005705E+02
8.88312500000E+05	1.200261E-02	-9.998367E+01
8.90181250000E+05	1.194646E-02	-1.009942E+02
8.92050000000E+05	1.224225E-02	-1.011707E+02
8.93918750000E+05	1.223824E-02	-9.971344E+01
8.95787500000E+05	1.215950E-02	-1.008860E+02
8.97656250000E+05	1.228063E-02	-1.009370E+02
8.99525000000E+05	1.235629E-02	-1.005610E+02
9.01393750000E+05	1.220202E-02	-1.009695E+02
9.03262500000E+05	1.208242E-02	-1.009813E+02
9.05131250000E+05	1.233428E-02	-1.001203E+02
9.07000000000E+05	1.236442E-02	-1.008361E+02
9.08868750000E+05	1.236229E-02	-1.007895E+02
9.10737500000E+05	1.230925E-02	-1.017709E+02
9.12606250000E+05	1.242089E-02	-1.011077E+02
9.14475000000E+05	1.236535E-02	-1.017813E+02
9.16343750000E+05	1.250038E-02	-1.007835E+02
9.18212500000E+05	1.241961E-02	-1.013420E+02
9.20081250000E+05	1.247292E-02	-1.013584E+02
9.21950000000E+05	1.254655E-02	-1.008643E+02
9.23818750000E+05	1.274484E-02	-1.013622E+02
9.25687500000E+05	1.268292E-02	-1.008522E+02
9.27556250000E+05	1.261479E-02	-1.011293E+02
9.29425000000E+05	1.268464E-02	-1.009825E+02
9.31293750000E+05	1.271325E-02	-1.016929E+02
9.33162500000E+05	1.262829E-02	-1.015317E+02
9.35031250000E+05	1.263984E-02	-1.010494E+02
9.36900000000E+05	1.263343E-02	-1.002367E+02
9.38768750000E+05	1.270570E-02	-1.013876E+02
9.40637500000E+05	1.278318E-02	-1.011600E+02
9.42506250000E+05	1.274519E-02	-1.016723E+02
9.44375000000E+05	1.271406E-02	-1.011215E+02
9.46243750000E+05	1.293378E-02	-1.017477E+02
9.48112500000E+05	1.293670E-02	-1.002640E+02
9.49981250000E+05	1.292524E-02	-1.018327E+02
9.51850000000E+05	1.272422E-02	-1.015566E+02
9.53718750000E+05	1.304488E-02	-1.013377E+02
9.55587500000E+05	1.290002E-02	-1.013865E+02
9.57456250000E+05	1.303208E-02	-1.018910E+02
9.59325000000E+05	1.288835E-02	-1.019898E+02
9.61193750000E+05	1.290953E-02	-1.013282E+02
9.63062500000E+05	1.296409E-02	-1.016360E+02
9.64931250000E+05	1.315852E-02	-1.011598E+02
9.66800000000E+05	1.296805E-02	-1.010301E+02
9.68668750000E+05	1.318855E-02	-1.022215E+02
9.70537500000E+05	1.305418E-02	-1.015761E+02
9.72406250000E+05	1.309406E-02	-1.022568E+02
9.74275000000E+05	1.308107E-02	-1.018935E+02
9.76143750000E+05	1.313909E-02	-1.014929E+02
9.78012500000E+05	1.320161E-02	-1.016433E+02
9.79881250000E+05	1.326727E-02	-1.015426E+02
9.81750000000E+05	1.332520E-02	-1.020251E+02
9.83618750000E+05	1.366238E-02	-1.013899E+02
9.85487500000E+05	1.341887E-02	-1.013400E+02
9.87356250000E+05	1.327200E-02	-1.023895E+02
9.89225000000E+05	1.349865E-02	-1.022274E+02
9.91093750000E+05	1.362209E-02	-1.007098E+02
9.92962500000E+05	1.356004E-02	-1.017102E+02
9.94831250000E+05	1.374150E-02	-1.017516E+02
9.96700000000E+05	1.373664E-02	-1.016620E+02
9.98568750000E+05	1.361809E-02	-1.015549E+02
1.00043750000E+06	1.344030E-02	-1.017974E+02
1.00230625000E+06	1.350173E-02	-1.025934E+02
1.00417500000E+06	1.361675E-02	-1.030214E+02
1.00604375000E+06	1.366351E-02	-1.025697E+02
1.00791250000E+06	1.363716E-02	-1.020642E+02
1.00978125000E+06	1.357712E-02	-1.021715E+02
1.01165000000E+06	1.392136E-02	-1.022992E+02
1.01351875000E+06	1.382873E-02	-1.029976E+02
1.01538750000E+06	1.368369E-02	-1.021704E+02
1.01725625000E+06	1.379043E-02	-1.014157E+02
1.01912500000E+06	1.396912E-02	-1.023219E+02
1.02099375000E+06	1.392752E-02	-1.023318E+02
1.02286250000E+06	1.398877E-02	-1.020367E+02
1.02473125000E+06	1.391603E-02	-1.015253E+02
1.02660000000E+06	1.379446E-02	-1.019562E+02
1.02846875000E+06	1.393093E-02	-1.029005E+02
1.03033750000E+06	1.392468E-02	-1.032275E+02
1.03220625000E+06	1.407556E-02	-1.027121E+02
1.03407500000E+06	1.399643E-02	-1.027482E+02
1.03594375000E+06	1.389064E-02	-1.024039E+02
1.03781250000E+06	1.398467E-02	-1.024835E+02
1.03968125000E+06	1.415246E-02	-1.031815E+02
1.04155000000E+06	1.418331E-02	-1.026232E+02
1.04341875000E+06	1.418658E-02	-1.023439E+02
1.04528750000E+06	1.414578E-02	-1.027098E+02
1.04715625000E+06	1.412905E-02	-1.022000E+02
1.04902500000E+06	1.422269E-02	-1.028624E+02
1.05089375000E+06	1.426523E-02	-1.025630E+02
1.05276250000E+06	1.413793E-02	-1.026814E+02
1.05463125000E+06	1.435456E-02	-1.028167E+02
1.05650000000E+06	1.424945E-02	-1.027671E+02
1.05836875000E+06	1.448050E-02	-1.028880E+02
1.06023750000E+06	1.430726E-02	-1.022569E+02
1.06210625000E+06	1.447542E-02	-1.022386E+02
1.06397500000E+06	1.454630E-02	-1.025626E+02
1.06584375000E+06	1.436613E-02	-1.026508E+02
1.06771250000E+06	1.436777E-02	-1.029314E+02
1.06958125000E+06	1.451001E-02	-1.034363E+02
1.07145000000E+06	1.468460E-02	-1.032786E+02
1.07331875000E+06	1.442840E-02	-1.030502E+02
1.07518750000E+06	1.468310E-02	-1.025385E+02
1.07705625000E+06	1.452842E-02	-1.027728E+02
1.07892500000E+06	1.469460E-02	-1.030375E+02
1.08079375000E+06	1.473681E-02	-1.025510E+02
1.08266250000E+06	1.471532E-02	-1.026828E+02
1.08453125000E+06	1.467459E-02	-1.035479E+02
1.08640000000E+06	1.475604E-02	-1.034070E+02
1.08826875000E+06	1.476203E-02	-1.031554E+02
1.09013750000E+06	1.472216E-02	-1.037246E+02
1.09200625000E+06	1.502372E-02	-1.028000E+02
1.09387500000E+06	1.477834E-02	-1.028592E+02
1.09574375000E+06	1.511553E-02	-1.042439E+02
1.09761250000E+06	1.490695E-02	-1.030169E+02
1.09948125000E+06	1.489434E-02	-1.028826E+02
1.10135000000E+06	1.506293E-02	-1.033064E+02
1.10321875000E+06	1.492611E-02	-1.025485E+02
1.10508750000E+06	1.499626E-02	-1.037678E+02
1.10695625000E+06	1.487336E-02	-1.032620E+02
1.10882500000E+06	1.486350E-02	-1.033763E+02
1.11069375000E+06	1.493473E-02	-1.035524E+02
1.11256250000E+06	1.536239E-02	-1.034360E+02
1.11443125000E+06	1.523058E-02	-1.031091E+02
1.11630000000E+06	1.520579E-02	-1.026535E+02
1.11816875000E+06	1.514367E-02	-1.038629E+02
1.12003750000E+06	1.518743E-02	-1.039326E+02
1.12190625000E+06	1.522741E-02	-1.032405E+02
1.12377500000E+06	1.547744E-02	-1.040129E+02
1.12564375000E+06	1.535705E-02	-1.037985E+02
1.12751250000E+06	1.519353E-02	-1.031553E+02
1.12938125000E+06	1.533241E-02	-1.037214E+02
1.13125000000E+06	1.534312E-02	-1.038993E+02
1.13311875000E+06	1.547513E-02	-1.034648E+02
1.13498750000E+06	1.543794E-02	-1.030456E+02
1.13685625000E+06	1.548582E-02	-1.042327E+02
1.13872500000E+06	1.544415E-02	-1.040593E+02
1.14059375000E+06	1.528316E-02	-1.035040E+02
1.14246250000E+06	1.524192E-02	-1.038271E+02
1.14433125000E+06	1.560452E-02	-1.036006E+02
1.14620000000E+06	1.544937E-02	-1.036050E+02
1.14806875000E+06	1.571755E-02	-1.038590E+02
1.14993750000E+06	1.557724E-02	-1.044252E+02
1.15180625000E+06	1.570798E-02	-1.039862E+02
1.15367500000E+06	1.574473E-02	-1.027745E+02
1.15554375000E+06	1.569556E-02	-1.038580E+02
1.15741250000E+06	1.558917E-02	-1.034429E+02
1.15928125000E+06	1.592501E-02	-1.032830E+02
1.16115000000E+06	1.563421E-02	-1.040674E+02
1.16301875000E+06	1.591387E-02	-1.033976E+02
1.16488750000E+06	1.580983E-02	-1.041754E+02
1.16675625000E+06	1.592736E-02	-1.036388E+02
1.16862500000E+06	1.579631E-02	-1.044168E+02
1.17049375000E+06	1.593485E-02	-1.042241E+02
1.17236250000E+06	1.596570E-02	-1.044790E+02
1.17423125000E+06	1.592342E-02	-1.039568E+02
1.17610000000E+06	1.603433E-02	-1.034465E+02
1.17796875000E+06	1.587194E-02	-1.044513E+02
1.17983750000E+06	1.608852E-02	-1.041150E+02
1.18170625000E+06	1.614823E-02	-1.042334E+02
1.18357500000E+06	1.607519E-02	-1.043795E+02
1.18544375000E+06	1.625505E-02	-1.035677E+02
1.18731250000E+06	1.627901E-02	-1.041825E+02
1.18918125000E+06	1.614188E-02	-1.045682E+02
1.19105000000E+06	1.615623E-02	-1.045714E+02
1.19291875000E+06	1.621292E-02	-1.041169E+02
1.19478750000E+06	1.623892E-02	-1.043791E+02
1.19665625000E+06	1.610771E-02	-1.047298E+02
1.19852500000E+06	1.636760E-02	-1.043882E+02
1.20039375000E+06	1.627775E-02	-1.042413E+02
1.20226250000E+06	1.633254E-02	-1.044684E+02
1.20413125000E+06	1.650367E-02	-1.047651E+02
1.20600000000E+06	1.633380E-02	-1.050511E+02
1.20786875000E+06	1.633087E-02	-1.050137E+02
1.20973750000E+06	1.650043E-02	-1.044658E+02
1.21160625000E+06	1.632164E-02	-1.040228E+02
1.21347500000E+06	1.659395E-02	-1.043307E+02
1.21534375000E+06	1.642620E-02	-1.041302E+02
1.21721250000E+06	1.675065E-02	-1.044836E+02
1.21908125000E+06	1.666109E-02	-1.045076E+02
1.22095000000E+06	1.660297E-02	-1.051072E+02
1.22281875000E+06	1.665078E-02	-1.041602E+02
1.22468750000E+06	1.666622E-02	-1.049286E+02
1.22655625000E+06	1.659035E-02	-1.044243E+02
1.22842500000E+06	1.690033E-02	-1.048378E+02
1.23029375000E+06	1.671110E-02	-1.047597E+02
1.23216250000E+06	1.679672E-02	-1.043184E+02
1.23403125000E+06	1.693110E-02	-1.049849E+02
1.23590000000E+06	1.678872E-02	-1.052344E+02
1.23776875000E+06	1.686333E-02	-1.050342E+02
1.23963750000E+06	1.682527E-02	-1.044501E+02
1.24150625000E+06	1.696676E-02	-1.046407E+02
1.24337500000E+06	1.685319E-02	-1.046276E+02
1.24524375000E+06	1.713591E-02	-1.051880E+02
1.24711250000E+06	1.684016E-02	-1.049305E+02
1.24898125000E+06	1.707630E-02	-1.047424E+02
1.25085000000E+06	1.705735E-02	-1.057446E+02
1.25271875000E+06	1.723886E-02	-1.051205E+02
1.25458750000E+06	1.716887E-02	-1.050403E+02
1.25645625000E+06	1.709466E-02	-1.052521E+02
1.25832500000E+06	1.695080E-02	-1.048644E+02
1.26019375000E+06	1.716666E-02	-1.047610E+02
1.26206250000E+06	1.714912E-02	-1.046245E+02
1.26393125000E+06	1.715304E-02	-1.049037E+02
1.26580000000E+06	1.736532E-02	-1.049683E+02
1.26766875000E+06	1.710742E-02	-1.059197E+02
1.26953750000E+06	1.725625E-02	-1.059719E+02
1.27140625000E+06	1.739318E-02	-1.051083E+02
1.27327500000E+06	1.738331E-02	-1.049898E+02
1.27514375000E+06	1.748191E-02	-1.055222E+02
1.27701250000E+06	1.742163E-02	-1.056431E+02
1.27888125000E+06	1.736296E-02	-1.060017E+02
1.28075000000E+06	1.756437E-02	-1.052299E+02
1.28261875000E+06	1.744571E-02	-1.054044E+02
1.28448750000E+06	1.756911E-02	-1.056154E+02
1.28635625000E+06	1.752307E-02	-1.057246E+02
1.28822500000E+06	1.747642E-02	-1.046578E+02
1.29009375000E+06	1.759072E-02	-1.051694E+02
1.29196250000E+06	1.763243E-02	-1.057058E+02
1.29383125000E+06	1.748169E-02	-1.052318E+02
1.29570000000E+06	1.771521E-02	-1.058361E+02
1.29756875000E+06	1.771679E-02	-1.052899E+02
1.29943750000E+06	1.769946E-02	-1.054340E+02
1.30130625000E+06	1.771761E-02	-1.062131E+02
1.30317500000E+06	1.780353E-02	-1.056278E+02
1.30504375000E+06	1.764247E-02	-1.056017E+02
1.30691250000E+06	1.779738E-02	-1.058303E+02
1.30878125000E+06	1.787761E-02	-1.056928E+02
1.31065000000E+06	1.809504E-02	-1.055264E+02
1.31251875000E+06	1.785229E-02	-1.056185E+02
1.31438750000E+06	1.782207E-02	-1.062112E+02
1.31625625000E+06	1.785600E-02	-1.060157E+02
1.31812500000E+06	1.807916E-02	-1.060797E+02
1.31999375000E+06	1.804115E-02	-1.061173E+02
1.32186250000E+06	1.815617E-02	-1.062273E+02
1.32373125000E+06	1.804122E-02	-1.055203E+02
1.32560000000E+06	1.810667E-02	-1.056651E+02
1.32746875000E+06	1.789688E-02	-1.058635E+02
1.32933750000E+06	1.809111E-02	-1.063829E+02
1.33120625000E+06	1.800570E-02	-1.058781E+02
1.33307500000E+06	1.825205E-02	-1.060514E+02
1.33494375000E+06	1.829049E-02	-1.063408E+02
1.33681250000E+06	1.810014E-02	-1.064785E+02
1.33868125000E+06	1.849329E-02	-1.058926E+02
1.34055000000E+06	1.808009E-02	-1.061316E+02
1.34241875000E+06	1.827685E-02	-1.068532E+02
1.34428750000E+06	1.804849E-02	-1.065469E+02
1.34615625000E+06	1.832521E-02	-1.060198E+02
1.34802500000E+06	1.841539E-02	-1.066684E+02
1.34989375000E+06	1.851967E-02	-1.059984E+02
1.35176250000E+06	1.830151E-02	-1.060088E+02
1.35363125000E+06	1.847441E-02	-1.060026E+02
1.35550000000E+06	1.865756E-02	-1.058991E+02
1.35736875000E+06	1.849762E-02	-1.060240E+02
1.35923750000E+06	1.851237E-02	-1.065372E+02
1.36110625000E+06	1.846129E-02	-1.063241E+02
1.36297500000E+06	1.854698E-02	-1.070596E+02
1.36484375000E+06	1.858020E-02	-1.068161E+02
1.36671250000E+06	1.864802E-02	-1.058931E+02
1.36858125000E+06	1.884805E-02	-1.061323E+02
1.37045000000E+06	1.873027E-02	-1.070137E+02
1.37231875000E+06	1.878862E-02	-1.064047E+02
1.37418750000E+06	1.875173E-02	-1.064512E+02
1.37605625000E+06	1.906188E-02	-1.066811E+02
1.37792500000E+06	1.868415E-02	-1.063080E+02
1.37979375000E+06	1.900398E-02	-1.068351E+02
1.38166250000E+06	1.879996E-02	-1.064143E+02
1.38353125000E+06	1.880877E-02	-1.074763E+02
1.38540000000E+06	1.887413E-02	-1.065867E+02
1.38726875000E+06	1.874196E-02	-1.068435E+02
1.38913750000E+06	1.912688E-02	-1.067621E+02
1.39100625000E+06	1.887090E-02	-1.065100E+02
1.39287500000E+06	1.905710E-02	-1.074715E+02
1.39474375000E+06	1.911706E-02	-1.074647E+02
1.39661250000E+06	1.906078E-02	-1.068850E+02
1.39848125000E+06	1.923071E-02	-1.067507E+02
1.40035000000E+06	1.906756E-02	-1.063330E+02
1.40221875000E+06	1.905189E-02	-1.064781E+02
1.40408750000E+06	1.924933E-02	-1.068176E+02
1.40595625000E+06	1.914347E-02	-1.067341E+02
1.40782500000E+06	1.924317E-02	-1.067397E+02
1.40969375000E+06	1.920237E-02	-1.064110E+02
1.41156250000E+06	1.918847E-02	-1.070215E+02
1.41343125000E+06	1.932311E-02	-1.067708E+02
1.41530000000E+06	1.941926E-02	-1.070483E+02
1.41716875000E+06	1.921907E-02	-1.070206E+02
1.41903750000E+06	1.939692E-02	-1.073036E+02
1.42090625000E+06	1.924196E-02	-1.071472E+02
1.42277500000E+06	1.955359E-02	-1.066828E+02
1.42464375000E+06	1.946133E-02	-1.067988E+02
1.42651250000E+06	1.952813E-02	-1.070268E+02
1.42838125000E+06	1.949059E-02	-1.067150E+02
1.43025000000E+06	1.947289E-02	-1.070528E+02
1.43211875000E+06	1.945658E-02	-1.074070E+02
1.43398750000E+06	1.939445E-02	-1.072909E+02
1.43585625000E+06	1.972043E-02	-1.074202E+02
1.43772500000E+06	1.953732E-02	-1.076939E+02
1.43959375000E+06	1.979759E-02	-1.073712E+02
1.44146250000E+06	1.959518E-02	-1.071739E+02
1.44333125000E+06	1.976144E-02	-1.072885E+02
1.44520000000E+06	1.963160E-02	-1.077421E+02
1.44706875000E+06	1.964673E-02	-1.075084E+02
1.44893750000E+06	2.004370E-02	-1.067819E+02
1.45080625000E+06	1.984148E-02	-1.080147E+02
1.45267500000E+06	1.974464E-02	-1.074383E+02
1.45454375000E+06	2.007031E-02	-1.076319E+02
1.45641250000E+06	2.004402E-02	-1.073999E+02
1.45828125000E+06	1.996299E-02	-1.076184E+02
1.46015000000E+06	1.994730E-02	-1.078341E+02
1.46201875000E+06	2.000961E-02	-1.072219E+02
1.46388750000E+06	1.993037E-02	-1.078040E+02
1.46575625000E+06	1.994288E-02	-1.078155E+02
1.46762500000E+06	1.997621E-02	-1.084758E+02
1.46949375000E+06	2.012003E-02	-1.073608E+02
1.47136250000E+06	2.023382E-02	-1.075184E+02
1.47323125000E+06	2.023893E-02	-1.080868E+02
1.47510000000E+06	2.008515E-02	-1.080627E+02
1.47696875000E+06	2.019089E-02	-1.081235E+02
1.47883750000E+06	2.022641E-02	-1.081145E+02
1.48070625000E+06	2.032021E-02	-1.078415E+02
1.48257500000E+06	2.034091E-02	-1.082845E+02
1.48444375000E+06	2.018348E-02	-1.076200E+02
1.48631250000E+06	2.027126E-02	-1.078778E+02
1.48818125000E+06	2.032345E-02	-1.079158E+02
1.49005000000E+06	2.048332E-02	-1.081012E+02
1.49191875000E+06	2.029491E-02	-1.081549E+02
1.49378750000E+06	2.039881E-02	-1.083459E+02
1.49565625000E+06	2.033379E-02	-1.080405E+02
1.49752500000E+06	2.044655E-02	-1.081811E+02
1.49939375000E+06	2.046796E-02	-1.076809E+02
1.50126250000E+06	2.044469E-02	-1.077889E+02
1.50313125000E+06	2.056057E-02	-1.083450E+02
1.50500000000E+06	2.050539E-02	-1.088312E+02
1.50686875000E+06	2.060499E-02	-1.087669E+02
1.50873750000E+06	2.062544E-02	-1.078067E+02
1.51060625000E+06	2.071585E-02	-1.077299E+02
1.51247500000E+06	2.055402E-02	-1.086529E+02
1.51434375000E+06	2.085347E-02	-1.082827E+02
1.51621250000E+06	2.072051E-02	-1.082714E+02
1.51808125000E+06	2.077374E-02	-1.082408E+02
1.51995000000E+06	2.075945E-02	-1.083591E+02
1.52181875000E+06	2.065786E-02	-1.087385E+02
1.52368750000E+06	2.087014E-02	-1.082520E+02
1.52555625000E+06	2.075795E-02	-1.083937E+02
1.52742500000E+06	2.091872E-02	-1.081092E+02
1.52929375000E+06	2.101482E-02	-1.085780E+02
1.53116250000E+06	2.082458E-02	-1.080446E+02
1.53303125000E+06	2.096229E-02	-1.082418E+02
1.53490000000E+06	2.098041E-02	-1.084000E+02
1.53676875000E+06	2.112246E-02	-1.085144E+02
1.53863750000E+06	2.110501E-02	-1.085490E+02
1.54050625000E+06	2.117378E-02	-1.084155E+02
1.54237500000E+06	2.104346E-02	-1.086234E+02
1.54424375000E+06	2.104194E-02	-1.087341E+02
1.54611250000E+06	2.139424E-02	-1.089748E+02
1.54798125000E+06	2.115480E-02	-1.083859E+02
1.54985000000E+06	2.121901E-02	-1.084143E+02
1.55171875000E+06	2.111259E-02	-1.092552E+02
1.55358750000E+06	2.122395E-02	-1.091842E+02
1.55545625000E+06	2.119648E-02	-1.088804E+02
1.55732500000E+06	2.133208E-02	-1.090222E+02
1.55919375000E+06	2.122284E-02	-1.084388E+02
1.56106250000E+06	2.131065E-02	-1.093693E+02
1.56293125000E+06	2.139679E-02	-1.085895E+02
1.56480000000E+06	2.146565E-02	-1.091430E+02
1.56666875000E+06	2.149617E-02	-1.084942E+02
1.56853750000E+06	2.143616E-02	-1.086898E+02
1.57040625000E+06	2.160009E-02	-1.086455E+02
1.57227500000E+06	2.179101E-02	-1.094297E+02
1.57414375000E+06	2.171642E-02	-1.087905E+02
1.57601250000E+06	2.167355E-02	-1.091501E+02
1.57788125000E+06	2.169946E-02	-1.098218E+02
1.57975000000E+06	2.165267E-02	-1.092769E+02
1.58161875000E+06	2.171268E-02	-1.088338E+02
1.58348750000E+06	2.181646E-02	-1.085527E+02
1.58535625000E+06	2.183723E-02	-1.087914E+02
1.58722500000E+06	2.163764E-02	-1.088891E+02
1.58909375000E+06	2.169303E-02	-1.095305E+02
1.59096250000E+06	2.173381E-02	-1.090129E+02
1.59283125000E+06	2.172022E-02	-1.090696E+02
1.59470000000E+06	2.175638E-02	-1.090851E+02
1.59656875000E+06	2.187206E-02	-1.094664E+02
1.59843750000E+06	2.172381E-02	-1.096891E+02
1.60030625000E+06	2.204706E-02	-1.094628E+02
1.60217500000E+06	2.204327E-02	-1.094950E+02
1.60404375000E+06	2.183749E-02	-1.090914E+02
1.60591250000E+06	2.199644E-02	-1.093372E+02
1.60778125000E+06	2.188047E-02	-1.097600E+02
1.60965000000E+06	2.217502E-02	-1.091228E+02
1.61151875000E+06	2.221923E-02	-1.096644E+02
1.61338750000E+06	2.220138E-02	-1.093843E+02
1.61525625000E+06	2.207425E-02	-1.097783E+02
1.61712500000E+06	2.211431E-02	-1.102125E+02
1.61899375000E+06	2.220397E-02	-1.096814E+02
1.62086250000E+06	2.219667E-02	-1.097445E+02
1.62273125000E+06	2.231922E-02	-1.097615E+02
1.62460000000E+06	2.218649E-02	-1.097863E+02
1.62646875000E+06	2.228518E-02	-1.096216E+02
1.62833750000E+06	2.250082E-02	-1.094358E+02
1.63020625000E+06	2.246610E-02	-1.099365E+02
1.63207500000E+06	2.227406E-02	-1.095447E+02
1.63394375000E+06	2.243275E-02	-1.096884E+02
1.63581250000E+06	2.251802E-02	-1.098050E+02
1.63768125000E+06	2.251145E-02	-1.098253E+02
1.63955000000E+06	2.256711E-02	-1.098631E+02
1.64141875000E+06	2.259222E-02	-1.096601E+02
1.64328750000E+06	2.247298E-02	-1.098727E+02
1.64515625000E+06	2.258605E-02	-1.103260E+02
1.64702500000E+06	2.269082E-02	-1.099971E+02
1.64889375000E+06	2.274635E-02	-1.097354E+02
1.65076250000E+06	2.260813E-02	-1.099548E+02
1.65263125000E+06	2.265157E-02	-1.098038E+02
1.65450000000E+06	2.258817E-02	-1.100324E+02
1.65636875000E+06	2.282485E-02	-1.101160E+02
1.65823750000E+06	2.274187E-02	-1.100917E+02
1.66010625000E+06	2.291230E-02	-1.102605E+02
1.66197500000E+06	2.282877E-02	-1.102428E+02
1.66384375000E+06	2.270997E-02	-1.102251E+02
1.66571250000E+06	2.289427E-02	-1.101927E+02
1.66758125000E+06	2.297474E-02	-1.102637E+02
1.66945000000E+06	2.299018E-02	-1.100526E+02
1.67131875000E+06	2.301079E-02	-1.103173E+02
1.67318750000E+06	2.293509E-02	-1.099316E+02
1.67505625000E+06	2.310763E-02	-1.106048E+02
1.67692500000E+06	2.301505E-02	-1.103931E+02
1.67879375000E+06	2.307959E-02	-1.101466E+02
1.68066250000E+06	2.312498E-02	-1.103006E+02
1.68253125000E+06	2.313240E-02	-1.103426E+02
1.68440000000E+06	2.320649E-02	-1.099971E+02
1.68626875000E+06	2.325632E-02	-1.106644E+02
1.68813750000E+06	2.304634E-02	-1.104199E+02
1.69000625000E+06	2.288098E-02	-1.107341E+02
1.69187500000E+06	2.323945E-02	-1.100851E+02
1.69374375000E+06	2.318795E-02	-1.102286E+02
1.69561250000E+06	2.336178E-02	-1.108053E+02
1.69748125000E+06	2.321069E-02	-1.107127E+02
1.69935000000E+06	2.331777E-02	-1.105931E+02
1.70121875000E+06	2.337464E-02	-1.107832E+02
1.70308750000E+06	2.326051E-02	-1.113021E+02
1.70495625000E+06	2.348245E-02	-1.107555E+02
1.70682500000E+06	2.337927E-02	-1.110151E+02
1.70869375000E+06	2.348714E-02	-1.110787E+02
1.71056250000E+06	2.350174E-02	-1.106845E+02
1.71243125000E+06	2.362073E-02	-1.106143E+02
1.71430000000E+06	2.370005E-02	-1.110991E+02
1.71616875000E+06	2.376500E-02	-1.105413E+02
1.71803750000E+06	2.360727E-02	-1.104070E+02
1.71990625000E+06	2.367731E-02	-1.105933E+02
1.72177500000E+06	2.379598E-02	-1.108436E+02
1.72364375000E+06	2.361104E-02	-1.107098E+02
1.72551250000E+06	2.373035E-02	-1.108760E+02
1.72738125000E+06	2.379674E-02	-1.112904E+02
1.72925000000E+06	2.370430E-02	-1.112926E+02
1.73111875000E+06	2.370342E-02	-1.108367E+02
1.73298750000E+06	2.382625E-02	-1.106916E+02
1.73485625000E+06	2.376932E-02	-1.106972E+02
1.73672500000E+06	2.398426E-02	-1.109196E+02
1.73859375000E+06	2.399953E-02	-1.110418E+02
1.74046250000E+06	2.388233E-02	-1.110042E+02
1.74233125000E+06	2.379097E-02	-1.112055E+02
1.74420000000E+06	2.401445E-02	-1.112031E+02
1.74606875000E+06	2.400913E-02	-1.112123E+02
1.74793750000E+06	2.405794E-02	-1.107088E+02
1.74980625000E+06	2.412364E-02	-1.113202E+02
1.75167500000E+06	2.410250E-02	-1.111113E+02
1.75354375000E+06	2.411645E-02	-1.116434E+02
1.75541250000E+06	2.424207E-02	-1.115359E+02
1.75728125000E+06	2.425251E-02	-1.116498E+02
1.75915000000E+06	2.418748E-02	-1.116854E+02
1.76101875000E+06	2.411482E-02	-1.113169E+02
1.76288750000E+06	2.424723E-02	-1.110012E+02
1.76475625000E+06	2.422385E-02	-1.113056E+02
1.76662500000E+06	2.439510E-02	-1.115972E+02
1.76849375000E+06	2.418889E-02	-1.117178E+02
1.77036250000E+06	2.438426E-02	-1.112219E+02
1.77223125000E+06	2.425671E-02	-1.114245E+02
1.77410000000E+06	2.458326E-02	-1.114157E+02
1.77596875000E+06	2.457119E-02	-1.115216E+02
1.77783750000E+06	2.457906E-02	-1.118781E+02
1.77970625000E+06	2.439460E-02	-1.117705E+02
1.78157500000E+06	2.449895E-02	-1.118903E+02
1.78344375000E+06	2.459694E-02	-1.118172E+02
1.78531250000E+06	2.459708E-02	-1.118390E+02
1.78718125000E+06	2.477548E-02	-1.121360E+02
1.78905000000E+06	2.471116E-02	-1.119384E+02
1.79091875000E+06	2.477493E-02	-1.119781E+02
1.79278750000E+06	2.475221E-02	-1.121584E+02
1.79465625000E+06	2.463277E-02	-1.122270E+02
1.79652500000E+06	2.455740E-02	-1.119208E+02
1.79839375000E+06	2.476185E-02	-1.119603E+02
1.80026250000E+06	2.492831E-02	-1.118553E+02
1.80213125000E+06	2.479215E-02	-1.122526E+02
1.80400000000E+06	2.486667E-02	-1.123403E+02
1.80586875000E+06	2.486305E-02	-1.115031E+02
1.80773750000E+06	2.504266E-02	-1.123262E+02
1.80960625000E+06	2.484307E-02	-1.120974E+02
1.81147500000E+06	2.510069E-02	-1.124503E+02
1.81334375000E+06	2.529172E-02	-1.122959E+02
1.81521250000E+06	2.515573E-02	-1.120572E+02
1.81708125000E+06	2.497008E-02	-1.118615E+02
1.81895000000E+06	2.496067E-02	-1.122873E+02
1.82081875000E+06	2.501062E-02	-1.124838E+02
1.82268750000E+06	2.530594E-02	-1.124345E+02
1.82455625000E+06	2.526685E-02	-1.124124E+02
1.82642500000E+06	2.516319E-02	-1.116793E+02
1.82829375000E+06	2.523330E-02	-1.124302E+02
1.83016250000E+06	2.534053E-02	-1.127236E+02
1.83203125000E+06	2.504332E-02	-1.126177E+02
1.83390000000E+06	2.523123E-02	-1.126639E+02
1.83576875000E+06	2.524403E-02	-1.123421E+02
1.83763750000E+06	2.550410E-02	-1.122339E+02
1.83950625000E+06	2.531678E-02	-1.129117E+02
1.84137500000E+06	2.566305E-02	-1.125112E+02
1.84324375000E+06	2.568009E-02	-1.124858E+02
1.84511250000E+06	2.563693E-02	-1.123498E+02
1.84698125000E+06	2.550154E-02	-1.128878E+02
1.84885000000E+06	2.569699E-02	-1.125906E+02
1.85071875000E+06	2.560753E-02	-1.130916E+02
1.85258750000E+06	2.564683E-02	-1.125763E+02
1.85445625000E+06	2.559440E-02	-1.129882E+02
1.85632500000E+06	2.553567E-02	-1.124474E+02
1.85819375000E+06	2.582229E-02	-1.129484E+02
1.86006250000E+06	2.584641E-02	-1.130956E+02
1.86193125000E+06	2.586019E-02	-1.131028E+02
1.86380000000E+06	2.559286E-02	-1.129594E+02
1.86566875000E+06	2.586042E-02	-1.129920E+02
1.86753750000E+06	2.569501E-02	-1.129002E+02
1.86940625000E+06	2.601038E-02	-1.129812E+02
1.87127500000E+06	2.587144E-02	-1.131143E+02
1.87314375000E+06	2.586218E-02	-1.131474E+02
1.87501250000E+06	2.580905E-02	-1.132254E+02
1.87688125000E+06	2.596398E-02	-1.134511E+02
1.87875000000E+06	2.613771E-02	-1.132836E+02
1.88061875000E+06	2.575183E-02	-1.129863E+02
1.88248750000E+06	2.594777E-02	-1.130989E+02
1.88435625000E+06	2.590478E-02	-1.128964E+02
1.88622500000E+06	2.595363E-02	-1.126718E+02
1.88809375000E+06	2.598810E-02	-1.133707E+02
1.88996250000E+06	2.609436E-02	-1.138724E+02
1.89183125000E+06	2.625657E-02	-1.134714E+02
1.89370000000E+06	2.612256E-02	-1.134012E+02
1.89556875000E+06	2.613843E-02	-1.135936E+02
1.89743750000E+06	2.613647E-02	-1.130682E+02
1.89930625000E+06	2.608646E-02	-1.133064E+02
1.90117500000E+06	2.614443E-02	-1.136055E+02
1.90304375000E+06	2.636358E-02	-1.132402E+02
1.90491250000E+06	2.620861E-02	-1.133942E+02
1.90678125000E+06	2.634527E-02	-1.132626E+02
1.90865000000E+06	2.628546E-02	-1.133245E+02
1.91051875000E+06	2.633041E-02	-1.134360E+02
1.91238750000E+06	2.636533E-02	-1.136879E+02
1.91425625000E+06	2.654716E-02	-1.136481E+02
1.91612500000E+06	2.646133E-02	-1.134581E+02
1.91799375000E+06	2.642697E-02	-1.135695E+02
1.91986250000E+06	2.650746E-02	-1.137036E+02
1.92173125000E+06	2.650940E-02	-1.138545E+02
1.92360000000E+06	2.669834E-02	-1.136606E+02
1.92546875000E+06	2.659552E-02	-1.138059E+02
1.92733750000E+06	2.646323E-02	-1.138149E+02
1.92920625000E+06	2.651259E-02	-1.136118E+02
1.93107500000E+06	2.664859E-02	-1.137328E+02
1.93294375000E+06	2.676752E-02	-1.140805E+02
1.93481250000E+06	2.658144E-02	-1.138105E+02
1.93668125000E+06	2.679603E-02	-1.139713E+02
1.93855000000E+06	2.677023E-02	-1.140307E+02
1.94041875000E+06	2.670141E-02	-1.141016E+02
1.94228750000E+06	2.676121E-02	-1.143065E+02
1.94415625000E+06	2.680060E-02	-1.139829E+02
1.94602500000E+06	2.694375E-02	-1.136587E+02
1.94789375000E+06	2.701535E-02	-1.141935E+02
1.94976250000E+06	2.691980E-02	-1.142686E+02
1.95163125000E+06	2.697445E-02	-1.139384E+02
1.95350000000E+06	2.699086E-02	-1.141280E+02
1.95536875000E+06	2.702948E-02	-1.140025E+02
1.95723750000E+06	2.692512E-02	-1.144197E+02
1.95910625000E+06	2.700255E-02	-1.143640E+02
1.96097500000E+06	2.689177E-02	-1.146230E+02
1.96284375000E+06	2.709502E-02	-1.142430E+02
1.96471250000E+06	2.703948E-02	-1.145129E+02
1.96658125000E+06	2.706268E-02	-1.145329E+02
1.96845000000E+06	2.714291E-02	-1.144571E+02
1.97031875000E+06	2.715253E-02	-1.143935E+02
1.97218750000E+06	2.712830E-02	-1.145222E+02
1.97405625000E+06	2.736660E-02	-1.142028E+02
1.97592500000E+06	2.708673E-02	-1.147274E+02
1.97779375000E+06	2.726710E-02	-1.146445E+02
1.97966250000E+06	2.729181E-02	-1.147134E+02
1.98153125000E+06	2.739426E-02	-1.142154E+02
1.98340000000E+06	2.738678E-02	-1.146574E+02
1.98526875000E+06	2.718396E-02	-1.143615E+02
1.98713750000E+06	2.758647E-02	-1.149486E+02
1.98900625000E+06	2.728244E-02	-1.146773E+02
1.99087500000E+06	2.718559E-02	-1.148675E+02
1.99274375000E+06	2.721637E-02	-1.144305E+02
1.99461250000E+06	2.759531E-02	-1.145648E+02
1.99648125000E+06	2.744862E-02	-1.146846E+02
1.99835000000E+06	2.751295E-02	-1.148167E+02
2.00021875000E+06	2.769513E-02	-1.147808E+02
2.00208750000E+06	2.783187E-02	-1.151693E+02
2.00395625000E+06	2.780015E-02	-1.151345E+02
2.00582500000E+06	2.737650E-02	-1.154783E+02
2.00769375000E+06	2.781740E-02	-1.144423E+02
2.00956250000E+06	2.793286E-02	-1.150968E+02
2.01143125000E+06	2.773877E-02	-1.149596E+02
2.01330000000E+06	2.766927E-02	-1.153428E+02
2.01516875000E+06	2.769363E-02	-1.150144E+02
2.01703750000E+06	2.798266E-02	-1.152967E+02
2.01890625000E+06	2.779372E-02	-1.151980E+02
2.02077500000E+06	2.797292E-02	-1.151497E+02
2.02264375000E+06	2.777420E-02	-1.150396E+02
2.02451250000E+06	2.797068E-02	-1.152168E+02
2.02638125000E+06	2.803183E-02	-1.150951E+02
2.02825000000E+06	2.809674E-02	-1.151475E+02
2.03011875000E+06	2.803698E-02	-1.154370E+02
2.03198750000E+06	2.780732E-02	-1.152281E+02
2.03385625000E+06	2.817960E-02	-1.152774E+02
2.03572500000E+06	2.798350E-02	-1.152108E+02
2.03759375000E+06	2.800337E-02	-1.151921E+02
2.03946250000E+06	2.823488E-02	-1.153280E+02
2.04133125000E+06	2.813019E-02	-1.152823E+02
2.04320000000E+06	2.811430E-02	-1.153734E+02
2.04506875000E+06	2.822770E-02	-1.153743E+02
2.04693750000E+06	2.829343E-02	-1.153104E+02
2.04880625000E+06	2.822135E-02	-1.153794E+02
2.05067500000E+06	2.824597E-02	-1.157594E+02
2.05254375000E+06	2.854995E-02	-1.153740E+02
2.05441250000E+06	2.835932E-02	-1.156996E+02
2.05628125000E+06	2.826992E-02	-1.157355E+02
2.05815000000E+06	2.841073E-02	-1.158311E+02
2.06001875000E+06	2.830442E-02	-1.158343E+02
2.06188750000E+06	2.831245E-02	-1.157936E+02
2.06375625000E+06	2.836975E-02	-1.156963E+02
2.06562500000E+06	2.840680E-02	-1.155583E+02
2.06749375000E+06	2.865881E-02	-1.160130E+02
2.06936250000E+06	2.841957E-02	-1.157604E+02
2.07123125000E+06	2.862840E-02	-1.156856E+02
2.07310000000E+06	2.846967E-02	-1.160348E+02
2.07496875000E+06	2.862715E-02	-1.163118E+02
2.07683750000E+06	2.864507E-02	-1.161544E+02
2.07870625000E+06	2.854399E-02	-1.161358E+02
2.08057500000E+06	2.870483E-02	-1.158397E+02
2.08244375000E+06	2.861534E-02	-1.160177E+02
2.08431250000E+06	2.884745E-02	-1.161010E+02
2.08618125000E+06	2.870613E-02	-1.163622E+02
2.08805000000E+06	2.883767E-02	-1.158101E+02
2.08991875000E+06	2.888512E-02	-1.158880E+02
2.09178750000E+06	2.869351E-02	-1.161800E+02
2.09365625000E+06	2.880911E-02	-1.161270E+02
2.09552500000E+06	2.878518E-02	-1.160770E+02
2.09739375000E+06	2.882432E-02	-1.163478E+02
2.09926250000E+06	2.881164E-02	-1.161949E+02
2.10113125000E+06	2.893338E-02	-1.162046E+02
2.10300000000E+06	2.889104E-02	-1.162203E+02
2.10486875000E+06	2.895615E-02	-1.163207E+02
2.10673750000E+06	2.895001E-02	-1.165608E+02
2.10860625000E+06	2.902686E-02	-1.164055E+02
2.11047500000E+06	2.900424E-02	-1.163080E+02
2.11234375000E+06	2.908617E-02	-1.165094E+02
2.11421250000E+06	2.896589E-02	-1.164217E+02
2.11608125000E+06	2.913787E-02	-1.165605E+02
2.11795000000E+06	2.916665E-02	-1.165732E+02
2.11981875000E+06	2.914767E-02	-1.168087E+02
2.12168750000E+06	2.923200E-02	-1.166628E+02
2.12355625000E+06	2.918606E-02	-1.165599E+02
2.12542500000E+06	2.915494E-02	-1.166119E+02
2.12729375000E+06	2.917896E-02	-1.168013E+02
2.12916250000E+06	2.921416E-02	-1.167498E+02
2.13103125000E+06	2.922682E-02	-1.165253E+02
2.13290000000E+06	2.919239E-02	-1.170601E+02
2.13476875000E+06	2.910466E-02	-1.169964E+02
2.13663750000E+06	2.926878E-02	-1.168054E+02
2.13850625000E+06	2.936218E-02	-1.169132E+02
2.14037500000E+06	2.927312E-02	-1.168157E+02
2.14224375000E+06	2.933225E-02	-1.169847E+02
2.14411250000E+06	2.941051E-02	-1.168128E+02
2.14598125000E+06	2.949573E-02	-1.171397E+02
2.14785000000E+06	2.943889E-02	-1.168310E+02
2.14971875000E+06	2.941011E-02	-1.169079E+02
2.15158750000E+06	2.952556E-02	-1.170748E+02
2.15345625000E+06	2.960673E-02	-1.171277E+02
2.15532500000E+06	2.948392E-02	-1.171308E+02
2.15719375000E+06	2.960552E-02	-1.170926E+02
2.15906250000E+06	2.951200E-02	-1.171896E+02
2.16093125000E+06	2.954656E-02	-1.173710E+02
2.16280000000E+06	2.966503E-02	-1.169819E+02
2.16466875000E+06	2.956563E-02	-1.172168E+02
2.16653750000E+06	2.963824E-02	-1.169525E+02
2.16840625000E+06	2.962552E-02	-1.170519E+02
2.17027500000E+06	2.955913E-02	-1.174784E+02
2.17214375000E+06	2.971454E-02	-1.171008E+02
2.17401250000E+06	2.972058E-02	-1.170483E+02
2.17588125000E+06	2.990963E-02	-1.172889E+02
2.17775000000E+06	2.982110E-02	-1.173444E+02
2.17961875000E+06	2.982476E-02	-1.174814E+02
2.18148750000E+06	2.980639E-02	-1.173282E+02
2.18335625000E+06	2.975996E-02	-1.174634E+02
2.18522500000E+06	2.985231E-02	-1.173098E+02
2.18709375000E+06	2.970890E-02	-1.175554E+02
2.18896250000E+06	2.986516E-02	-1.176969E+02
2.19083125000E+06	2.997587E-02	-1.178579E+02
2.19270000000E+06	3.015399E-02	-1.172898E+02
2.19456875000E+06	2.992546E-02	-1.172425E+02
2.19643750000E+06	2.989187E-02	-1.174400E+02
2.19830625000E+06	2.991914E-02	-1.173385E+02
2.20017500000E+06	2.994871E-02	-1.173525E+02
2.20204375000E+06	2.987339E-02	-1.172952E+02
2.20391250000E+06	3.009027E-02	-1.174935E+02
2.20578125000E+06	2.992208E-02	-1.176091E+02
2.20765000000E+06	3.015203E-02	-1.174693E+02
2.20951875000E+06	3.003852E-02	-1.175395E+02
2.21138750000E+06	3.044300E-02	-1.175209E+02
2.21325625000E+06	2.998322E-02	-1.174291E+02
2.21512500000E+06	3.027044E-02	-1.172884E+02
2.21699375000E+06	3.015151E-02	-1.174633E+02
2.21886250000E+06	2.996454E-02	-1.173710E+02
2.22073125000E+06	3.021753E-02	-1.174176E+02
2.22260000000E+06	3.018762E-02	-1.176688E+02
2.22446875000E+06	3.020987E-02	-1.176010E+02
2.22633750000E+06	3.017405E-02	-1.174843E+02
2.22820625000E+06	3.003654E-02	-1.177149E+02
2.23007500000E+06	3.022403E-02	-1.171428E+02
2.23194375000E+06	3.023129E-02	-1.176770E+02
2.23381250000E+06	3.039807E-02	-1.175034E+02
2.23568125000E+06	3.047260E-02	-1.180396E+02
2.23755000000E+06	3.024205E-02	-1.176710E+02
2.23941875000E+06	3.025717E-02	-1.180707E+02
2.24128750000E+06	3.025996E-02	-1.176145E+02
2.24315625000E+06	3.043484E-02	-1.180539E+02
2.24502500000E+06	3.042023E-02	-1.175019E+02
2.24689375000E+06	3.037286E-02	-1.180755E+02
2.24876250000E+06	3.061978E-02	-1.179376E+02
2.25063125000E+06	3.041497E-02	-1.175599E+02
2.25250000000E+06	3.066932E-02	-1.179329E+02
2.25436875000E+06	3.050091E-02	-1.175102E+02
2.25623750000E+06	3.079172E-02	-1.178271E+02
2.25810625000E+06	3.066558E-02	-1.181121E+02
2.25997500000E+06	3.086389E-02	-1.179402E+02
2.26184375000E+06	3.055804E-02	-1.178094E+02
2.26371250000E+06	3.072949E-02	-1.172651E+02
2.26558125000E+06	3.057115E-02	-1.177146E+02
2.26745000000E+06	3.093209E-02	-1.176712E+02
2.26931875000E+06	3.059367E-02	-1.179150E+02
2.27118750000E+06	3.082447E-02	-1.181602E+02
2.27305625000E+06	3.066592E-02	-1.175672E+02
2.27492500000E+06	3.081068E-02	-1.179251E+02
2.27679375000E+06	3.086267E-02	-1.182118E+02
2.27866250000E+06	3.085596E-02	-1.181171E+02
2.28053125000E+06	3.084796E-02	-1.176464E+02
2.28240000000E+06	3.113927E-02	-1.177427E+02
2.28426875000E+06	3.094484E-02	-1.178960E+02
2.28613750000E+06	3.109557E-02	-1.182143E+02
2.28800625000E+06	3.093855E-02	-1.182879E+02
2.28987500000E+06	3.098273E-02	-1.181788E+02
2.29174375000E+06	3.098147E-02	-1.177634E+02
2.29361250000E+06	3.113325E-02	-1.181562E+02
2.29548125000E+06	3.110487E-02	-1.179194E+02
2.29735000000E+06	3.124055E-02	-1.179367E+02
2.29921875000E+06	3.123892E-02	-1.178713E+02
2.30108750000E+06	3.128075E-02	-1.176520E+02
2.30295625000E+06	3.132944E-02	-1.183002E+02
2.30482500000E+06	3.115752E-02	-1.182700E+02
2.30669375000E+06	3.125183E-02	-1.178831E+02
2.30856250000E+06	3.151481E-02	-1.178984E+02
2.31043125000E+06	3.143384E-02	-1.180539E+02
2.31230000000E+06	3.139143E-02	-1.182459E+02
2.31416875000E+06	3.145307E-02	-1.178815E+02
2.31603750000E+06	3.148829E-02	-1.180526E+02
2.31790625000E+06	3.155832E-02	-1.180001E+02
2.31977500000E+06	3.160799E-02	-1.180240E+02
2.32164375000E+06	3.147949E-02	-1.179002E+02
2.32351250000E+06	3.144089E-02	-1.182771E+02
2.32538125000E+06	3.169913E-02	-1.180790E+02
2.32725000000E+06	3.153822E-02	-1.178227E+02
2.32911875000E+06	3.158541E-02	-1.178580E+02
2.33098750000E+06	3.167070E-02	-1.180336E+02
2.33285625000E+06	3.161383E-02	-1.182450E+02
2.33472500000E+06	3.177601E-02	-1.178840E+02
2.33659375000E+06	3.181644E-02	-1.182435E+02
2.33846250000E+06	3.179654E-02	-1.181144E+02
2.34033125000E+06	3.178786E-02	-1.181082E+02
2.34220000000E+06	3.195091E-02	-1.179506E+02
2.34406875000E+06	3.182154E-02	-1.179335E+02
2.34593750000E+06	3.195685E-02	-1.181847E+02
2.34780625000E+06	3.191018E-02	-1.180910E+02
2.34967500000E+06	3.207199E-02	-1.181785E+02
2.35154375000E+06	3.210369E-02	-1.183959E+02
2.35341250000E+06	3.201248E-02	-1.182200E+02
2.35528125000E+06	3.205039E-02	-1.182925E+02
2.35715000000E+06	3.215235E-02	-1.183354E+02
2.35901875000E+06	3.223769E-02	-1.182039E+02
2.36088750000E+06	3.216936E-02	-1.184680E+02
2.36275625000E+06	3.227442E-02	-1.181717E+02
2.36462500000E+06	3.217524E-02	-1.184474E+02
2.36649375000E+06	3.229946E-02	-1.184101E+02
2.36836250000E+06	3.232088E-02	-1.183337E+02
2.37023125000E+06	3.236253E-02	-1.183800E+02
2.37210000000E+06	3.242108E-02	-1.183341E+02
2.37396875000E+06	3.236937E-02	-1.182732E+02
2.37583750000E+06	3.230639E-02	-1.184758E+02
2.37770625000E+06	3.246212E-02	-1.183880E+02
2.37957500000E+06	3.241604E-02	-1.185105E+02
2.38144375000E+06	3.248553E-02	-1.184870E+02
2.38331250000E+06	3.243102E-02	-1.184734E+02
2.38518125000E+06	3.253609E-02	-1.184636E+02
2.38705000000E+06	3.266034E-02	-1.182801E+02
2.38891875000E+06	3.267029E-02	-1.184166E+02
2.39078750000E+06	3.266572E-02	-1.184691E+02
2.39265625000E+06	3.269384E-02	-1.182992E+02
2.39452500000E+06	3.269773E-02	-1.188004E+02
2.39639375000E+06	3.279423E-02	-1.185906E+02
2.39826250000E+06	3.268625E-02	-1.187700E+02
2.40013125000E+06	3.298280E-02	-1.186599E+02
2.40200000000E+06	3.276585E-02	-1.185495E+02
2.40386875000E+06	3.294217E-02	-1.185644E+02
2.40573750000E+06	3.289539E-02	-1.185190E+02
2.40760625000E+06	3.292391E-02	-1.185708E+02
2.40947500000E+06	3.310291E-02	-1.186640E+02
2.41134375000E+06	3.307832E-02	-1.186979E+02
2.41321250000E+06	3.323714E-02	-1.185029E+02
2.41508125000E+06	3.314720E-02	-1.187071E+02
2.41695000000E+06	3.307727E-02	-1.188877E+02
2.41881875000E+06	3.290342E-02	-1.183868E+02
2.42068750000E+06	3.314656E-02	-1.189318E+02
2.42255625000E+06	3.325896E-02	-1.185505E+02
2.42442500000E+06	3.341546E-02	-1.183711E+02
2.42629375000E+06	3.328003E-02	-1.186471E+02
2.42816250000E+06	3.336358E-02	-1.188338E+02
2.43003125000E+06	3.354520E-02	-1.192325E+02
2.43190000000E+06	3.354641E-02	-1.186467E+02
2.43376875000E+06	3.340435E-02	-1.188643E+02
2.43563750000E+06	3.348982E-02	-1.191279E+02
2.43750625000E+06	3.348085E-02	-1.187858E+02
2.43937500000E+06	3.352221E-02	-1.190194E+02
2.44124375000E+06	3.355342E-02	-1.190621E+02
2.44311250000E+06	3.344750E-02	-1.188607E+02
2.44498125000E+06	3.364579E-02	-1.191467E+02
2.44685000000E+06	3.370504E-02	-1.188353E+02
2.44871875000E+06	3.389071E-02	-1.189928E+02
2.45058750000E+06	3.384235E-02	-1.189901E+02
2.45245625000E+06	3.360872E-02	-1.193297E+02
2.45432500000E+06	3.373950E-02	-1.190095E+02
2.45619375000E+06	3.377869E-02	-1.188692E+02
2.45806250000E+06	3.359460E-02	-1.191497E+02
2.45993125000E+06	3.372501E-02	-1.188385E+02
2.46180000000E+06	3.382698E-02	-1.191701E+02
2.46366875000E+06	3.375507E-02	-1.190722E+02
2.46553750000E+06	3.397832E-02	-1.190332E+02
2.46740625000E+06	3.385912E-02	-1.191187E+02
2.46927500000E+06	3.386754E-02	-1.190195E+02
2.47114375000E+06	3.429364E-02	-1.194137E+02
2.47301250000E+06	3.435434E-02	-1.186531E+02
2.47488125000E+06	3.411197E-02	-1.193483E+02
2.47675000000E+06	3.405824E-02	-1.191271E+02
2.47861875000E+06	3.422264E-02	-1.192343E+02
2.48048750000E+06	3.429902E-02	-1.195602E+02
2.48235625000E+06	3.441116E-02	-1.193689E+02
2.48422500000E+06	3.415193E-02	-1.192959E+02
2.48609375000E+06	3.450276E-02	-1.196366E+02
2.48796250000E+06	3.448071E-02	-1.192692E+02
2.48983125000E+06	3.431454E-02	-1.197316E+02
2.49170000000E+06	3.432455E-02	-1.194128E+02
2.49356875000E+06	3.447355E-02	-1.193054E+02
2.49543750000E+06	3.452386E-02	-1.195707E+02
2.49730625000E+06	3.427468E-02	-1.197740E+02
2.49917500000E+06	3.447461E-02	-1.197139E+02
2.50104375000E+06	3.460089E-02	-1.198365E+02
2.50291250000E+06	3.461156E-02	-1.197331E+02
2.50478125000E+06	3.475979E-02	-1.193347E+02
2.50665000000E+06	3.464378E-02	-1.198276E+02
2.50851875000E+06	3.454793E-02	-1.199371E+02
2.51038750000E+06	3.474842E-02	-1.200693E+02
2.51225625000E+06	3.466261E-02	-1.196031E+02
2.51412500000E+06	3.481971E-02	-1.194801E+02
2.51599375000E+06	3.489463E-02	-1.199236E+02
2.51786250000E+06	3.471729E-02	-1.198006E+02
2.51973125000E+06	3.485048E-02	-1.196822E+02
2.52160000000E+06	3.489088E-02	-1.198825E+02
2.52346875000E+06	3.490376E-02	-1.198592E+02
2.52533750000E+06	3.486335E-02	-1.198285E+02
2.52720625000E+06	3.484201E-02	-1.200977E+02
2.52907500000E+06	3.503022E-02	-1.199126E+02
2.53094375000E+06	3.517625E-02	-1.199401E+02
2.53281250000E+06	3.487794E-02	-1.199250E+02
2.53468125000E+06	3.523132E-02	-1.198072E+02
2.53655000000E+06	3.523824E-02	-1.200439E+02
2.53841875000E+06	3.521536E-02	-1.200227E+02
2.54028750000E+06	3.525548E-02	-1.200875E+02
2.54215625000E+06	3.525829E-02	-1.200694E+02
2.54402500000E+06	3.532217E-02	-1.199872E+02
2.54589375000E+06	3.526376E-02	-1.199141E+02
2.54776250000E+06	3.514238E-02	-1.202752E+02
2.54963125000E+06	3.541924E-02	-1.203858E+02
2.55150000000E+06	3.534114E-02	-1.201366E+02
2.55336875000E+06	3.541298E-02	-1.200984E+02
2.55523750000E+06	3.531883E-02	-1.201768E+02
2.55710625000E+06	3.558178E-02	-1.202778E+02
2.55897500000E+06	3.547630E-02	-1.204184E+02
2.56084375000E+06	3.568976E-02	-1.203853E+02
2.56271250000E+06	3.546593E-02	-1.203841E+02
2.56458125000E+06	3.559221E-02	-1.204528E+02
2.56645000000E+06	3.584741E-02	-1.202301E+02
2.56831875000E+06	3.560822E-02	-1.207090E+02
2.57018750000E+06	3.577521E-02	-1.205831E+02
2.57205625000E+06	3.578711E-02	-1.202901E+02
2.57392500000E+06	3.577445E-02	-1.202861E+02
2.57579375000E+06	3.565341E-02	-1.204645E+02
2.57766250000E+06	3.591244E-02	-1.206810E+02
2.57953125000E+06	3.582576E-02	-1.205654E+02
2.58140000000E+06	3.595960E-02	-1.204741E+02
2.58326875000E+06	3.585781E-02	-1.204841E+02
2.58513750000E+06	3.597709E-02	-1.208421E+02
2.58700625000E+06	3.599746E-02	-1.205383E+02
2.58887500000E+06	3.585471E-02	-1.204650E+02
2.59074375000E+06	3.612797E-02	-1.207993E+02
2.59261250000E+06	3.601442E-02	-1.208632E+02
2.59448125000E+06	3.608122E-02	-1.207912E+02
2.59635000000E+06	3.613885E-02	-1.206902E+02
2.59821875000E+06	3.615398E-02	-1.207727E+02
2.60008750000E+06	3.616231E-02	-1.208028E+02
2.60195625000E+06	3.620221E-02	-1.208663E+02
2.60382500000E+06	3.625096E-02	-1.210115E+02
2.60569375000E+06	3.631200E-02	-1.208011E+02
2.60756250000E+06	3.628596E-02	-1.210582E+02
2.60943125000E+06	3.642773E-02	-1.208999E+02
2.61130000000E+06	3.637583E-02	-1.209725E+02
2.61316875000E+06	3.651959E-02	-1.208681E+02
2.61503750000E+06	3.646101E-02	-1.210438E+02
2.61690625000E+06	3.643632E-02	-1.211306E+02
2.61877500000E+06	3.655617E-02	-1.210317E+02
2.62064375000E+06	3.644393E-02	-1.210895E+02
2.62251250000E+06	3.665083E-02	-1.210483E+02
2.62438125000E+06	3.662929E-02	-1.210661E+02
2.62625000000E+06	3.675212E-02	-1.211091E+02
2.62811875000E+06	3.660059E-02	-1.210773E+02
2.62998750000E+06	3.660297E-02	-1.210795E+02
2.63185625000E+06	3.673486E-02	-1.211758E+02
2.63372500000E+06	3.676622E-02	-1.213046E+02
2.63559375000E+06	3.678574E-02	-1.213438E+02
2.63746250000E+06	3.682134E-02	-1.212144E+02
2.63933125000E+06	3.685499E-02	-1.213975E+02
2.64120000000E+06	3.684673E-02	-1.212607E+02
2.64306875000E+06	3.692150E-02	-1.213535E+02
2.64493750000E+06	3.696328E-02	-1.214903E+02
2.64680625000E+06	3.699233E-02	-1.214187E+02
2.64867500000E+06	3.700872E-02	-1.213674E+02
2.65054375000E+06	3.699811E-02	-1.215764E+02
2.65241250000E+06	3.712766E-02	-1.215509E+02
2.65428125000E+06	3.710482E-02	-1.214933E+02
2.65615000000E+06	3.715843E-02	-1.215544E+02
2.65801875000E+06	3.713972E-02	-1.216292E+02
2.65988750000E+06	3.723713E-02	-1.215409E+02
2.66175625000E+06	3.718017E-02	-1.217538E+02
2.66362500000E+06	3.727471E-02	-1.216673E+02
2.66549375000E+06	3.728788E-02	-1.216828E+02
2.66736250000E+06	3.744067E-02	-1.216911E+02
2.66923125000E+06	3.739233E-02	-1.216419E+02
2.67110000000E+06	3.734466E-02	-1.218978E+02
2.67296875000E+06	3.754741E-02	-1.219779E+02
2.67483750000E+06	3.752350E-02	-1.218218E+02
2.67670625000E+06	3.750967E-02	-1.218932E+02
2.67857500000E+06	3.752367E-02	-1.217959E+02
2.68044375000E+06	3.757065E-02	-1.218668E+02
2.68231250000E+06	3.756094E-02	-1.221953E+02
2.68418125000E+06	3.770360E-02	-1.220007E+02
2.68605000000E+06	3.762629E-02	-1.220309E+02
2.68791875000E+06	3.755671E-02	-1.219624E+02
2.68978750000E+06	3.773472E-02	-1.221359E+02
2.69165625000E+06	3.782175E-02	-1.218661E+02
2.69352500000E+06	3.770930E-02	-1.220913E+02
2.69539375000E+06	3.778354E-02	-1.221235E+02
2.69726250000E+06	3.785240E-02	-1.222942E+02
2.69913125000E+06	3.784493E-02	-1.222067E+02
2.70100000000E+06	3.784667E-02	-1.222995E+02
2.70286875000E+06	3.793305E-02	-1.221751E+02
2.70473750000E+06	3.799088E-02	-1.222304E+02
2.70660625000E+06	3.785660E-02	-1.222580E+02
2.70847500000E+06	3.796511E-02	-1.223765E+02
2.71034375000E+06	3.805365E-02	-1.221628E+02
2.71221250000E+06	3.798372E-02	-1.220885E+02
2.71408125000E+06	3.808780E-02	-1.225134E+02
2.71595000000E+06	3.831806E-02	-1.223663E+02
2.71781875000E+06	3.814400E-02	-1.226180E+02
2.71968750000E+06	3.846372E-02	-1.223011E+02
2.72155625000E+06	3.813706E-02	-1.222964E+02
2.72342500000E+06	3.824982E-02	-1.220641E+02
2.72529375000E+06	3.832760E-02	-1.221866E+02
2.72716250000E+06	3.863980E-02	-1.223634E+02
2.72903125000E+06	3.831138E-02	-1.224337E+02
2.73090000000E+06	3.874068E-02	-1.230679E+02
2.73276875000E+06	3.815369E-02	-1.228262E+02
2.73463750000E+06	3.846887E-02	-1.230945E+02
2.73650625000E+06	3.836744E-02	-1.226703E+02
2.73837500000E+06	3.848022E-02	-1.226208E+02
2.74024375000E+06	3.855701E-02	-1.225919E+02
2.74211250000E+06	3.815784E-02	-1.224134E+02
2.74398125000E+06	3.851460E-02	-1.225080E+02
2.74585000000E+06	3.864121E-02	-1.230293E+02
2.74771875000E+06	3.860117E-02	-1.231860E+02
2.74958750000E+06	3.861871E-02	-1.225913E+02
2.75145625000E+06	3.864302E-02	-1.228774E+02
2.75332500000E+06	3.847813E-02	-1.229481E+02
2.75519375000E+06	3.877030E-02	-1.223846E+02
2.75706250000E+06	3.858985E-02	-1.231526E+02
2.75893125000E+06	3.887088E-02	-1.228167E+02
2.76080000000E+06	3.889068E-02	-1.227350E+02
2.76266875000E+06	3.882226E-02	-1.229117E+02
2.76453750000E+06	3.877199E-02	-1.228318E+02
2.76640625000E+06	3.886998E-02	-1.230768E+02
2.76827500000E+06	3.882940E-02	-1.228684E+02
2.77014375000E+06	3.869937E-02	-1.232250E+02
2.77201250000E+06	3.909752E-02	-1.234986E+02
2.77388125000E+06	3.900975E-02	-1.231241E+02
2.77575000000E+06	3.886925E-02	-1.232784E+02
2.77761875000E+06	3.916600E-02	-1.229801E+02
2.77948750000E+06	3.934987E-02	-1.231594E+02
2.78135625000E+06	3.918667E-02	-1.233970E+02
2.78322500000E+06	3.952404E-02	-1.230889E+02
2.78509375000E+06	3.931183E-02	-1.231705E+02
2.78696250000E+06	3.907161E-02	-1.234293E+02
2.78883125000E+06	3.920603E-02	-1.233490E+02
2.79070000000E+06	3.925599E-02	-1.230954E+02
2.79256875000E+06	3.931469E-02	-1.231570E+02
2.79443750000E+06	3.938270E-02	-1.234756E+02
2.79630625000E+06	3.933088E-02	-1.230794E+02
2.79817500000E+06	3.944055E-02	-1.230956E+02
2.80004375000E+06	3.938140E-02	-1.233285E+02
2.80191250000E+06	3.951389E-02	-1.234061E+02
2.80378125000E+06	3.955211E-02	-1.236100E+02
2.80565000000E+06	3.953437E-02	-1.237141E+02
2.80751875000E+06	3.963976E-02	-1.235171E+02
2.80938750000E+06	3.949448E-02	-1.236205E+02
2.81125625000E+06	3.975133E-02	-1.234976E+02
2.81312500000E+06	3.981232E-02	-1.237561E+02
2.81499375000E+06	3.965775E-02	-1.238774E+02
2.81686250000E+06	3.947904E-02	-1.238022E+02
2.81873125000E+06	3.975008E-02	-1.232678E+02
2.82060000000E+06	3.977113E-02	-1.238573E+02
2.82246875000E+06	3.985204E-02	-1.239612E+02
2.82433750000E+06	3.963035E-02	-1.237388E+02
2.82620625000E+06	3.980748E-02	-1.237929E+02
2.82807500000E+06	3.985638E-02	-1.238262E+02
2.82994375000E+06	3.985817E-02	-1.236665E+02
2.83181250000E+06	3.981969E-02	-1.237571E+02
2.83368125000E+06	3.981624E-02	-1.238917E+02
2.83555000000E+06	4.002049E-02	-1.239691E+02
2.83741875000E+06	3.987645E-02	-1.239718E+02
2.83928750000E+06	3.998831E-02	-1.241609E+02
2.84115625000E+06	3.993608E-02	-1.237878E+02
2.84302500000E+06	3.994760E-02	-1.239268E+02
2.84489375000E+06	3.990329E-02	-1.240117E+02
2.84676250000E+06	4.012858E-02	-1.240635E+02
2.84863125000E+06	4.011662E-02	-1.238818E+02
2.85050000000E+06	4.012103E-02	-1.240477E+02
2.85236875000E+06	4.017688E-02	-1.241314E+02
2.85423750000E+06	4.018479E-02	-1.239694E+02
2.85610625000E+06	4.006506E-02	-1.241018E+02
2.85797500000E+06	4.018888E-02	-1.242366E+02
2.85984375000E+06	4.039506E-02	-1.241096E+02
2.86171250000E+06	4.041636E-02	-1.243353E+02
2.86358125000E+06	4.029629E-02	-1.241066E+02
2.86545000000E+06	4.041248E-02	-1.240740E+02
2.86731875000E+06	4.050174E-02	-1.242530E+02
2.86918750000E+06	4.055694E-02	-1.241763E+02
2.87105625000E+06	4.046466E-02	-1.241418E+02
2.87292500000E+06	4.057624E-02	-1.243940E+02
2.87479375000E+06	4.050583E-02	-1.243085E+02
2.87666250000E+06	4.049114E-02	-1.244615E+02
2.87853125000E+06	4.063644E-02	-1.244102E+02
2.88040000000E+06	4.078985E-02	-1.243967E+02
2.88226875000E+06	4.068900E-02	-1.244862E+02
2.88413750000E+06	4.074156E-02	-1.245080E+02
2.88600625000E+06	4.075319E-02	-1.243898E+02
2.88787500000E+06	4.079825E-02	-1.243790E+02
2.88974375000E+06	4.074217E-02	-1.246071E+02
2.89161250000E+06	4.083325E-02	-1.245505E+02
2.89348125000E+06	4.091650E-02	-1.244622E+02
2.89535000000E+06	4.085698E-02	-1.245936E+02
2.89721875000E+06	4.095918E-02	-1.246826E+02
2.89908750000E+06	4.091970E-02	-1.247629E+02
2.90095625000E+06	4.098540E-02	-1.246610E+02
2.90282500000E+06	4.099213E-02	-1.245587E+02
2.90469375000E+06	4.097940E-02	-1.247096E+02
2.90656250000E+06	4.110684E-02	-1.247365E+02
2.90843125000E+06	4.112434E-02	-1.248176E+02
2.91030000000E+06	4.111734E-02	-1.249522E+02
2.91216875000E+06	4.112833E-02	-1.247826E+02
2.91403750000E+06	4.111384E-02	-1.248518E+02
2.91590625000E+06	4.111934E-02	-1.249059E+02
2.91777500000E+06	4.117994E-02	-1.248370E+02
2.91964375000E+06	4.119560E-02	-1.247473E+02
2.92151250000E+06	4.130112E-02	-1.250081E+02
2.92338125000E+06	4.133675E-02	-1.250050E+02
2.92525000000E+06	4.126550E-02	-1.248508E+02
2.92711875000E+06	4.135036E-02	-1.251203E+02
2.92898750000E+06	4.133668E-02	-1.249308E+02
2.93085625000E+06	4.155234E-02	-1.250157E+02
2.93272500000E+06	4.151487E-02	-1.251274E+02
2.93459375000E+06	4.145102E-02	-1.250933E+02
2.93646250000E+06	4.148486E-02	-1.251583E+02
2.93833125000E+06	4.167322E-02	-1.251521E+02
2.94020000000E+06	4.152629E-02	-1.251604E+02
2.94206875000E+06	4.164886E-02	-1.252906E+02
2.94393750000E+06	4.163570E-02	-1.251652E+02
2.94580625000E+06	4.157611E-02	-1.254544E+02
2.94767500000E+06	4.173156E-02	-1.253724E+02
2.94954375000E+06	4.161930E-02	-1.253950E+02
2.95141250000E+06	4.181513E-02	-1.253405E+02
2.95328125000E+06	4.171343E-02	-1.252458E+02
2.95515000000E+06	4.189479E-02	-1.254357E+02
2.95701875000E+06	4.191435E-02	-1.253874E+02
2.95888750000E+06	4.191256E-02	-1.254665E+02
2.96075625000E+06	4.198671E-02	-1.253641E+02
2.96262500000E+06	4.190478E-02	-1.253785E+02
2.96449375000E+06	4.191970E-02	-1.254274E+02
2.96636250000E+06	4.205972E-02	-1.254957E+02
2.96823125000E+06	4.199850E-02	-1.255050E+02
2.97010000000E+06	4.203520E-02	-1.255361E+02
2.97196875000E+06	4.202795E-02	-1.254567E+02
2.97383750000E+06	4.206274E-02	-1.256050E+02
2.97570625000E+06	4.211020E-02	-1.256056E+02
2.97757500000E+06	4.214760E-02	-1.256952E+02
2.97944375000E+06	4.220343E-02	-1.257245E+02
2.98131250000E+06	4.226202E-02	-1.257358E+02
2.98318125000E+06	4.226446E-02	-1.258208E+02
2.98505000000E+06	4.226499E-02	-1.256797E+02
2.98691875000E+06	4.236165E-02	-1.257837E+02
2.98878750000E+06	4.246414E-02	-1.257003E+02
2.99065625000E+06	4.228609E-02	-1.257816E+02
2.99252500000E+06	4.241452E-02	-1.258056E+02
2.99439375000E+06	4.243358E-02	-1.258250E+02
2.99626250000E+06	4.244977E-02	-1.258142E+02
2.99813125000E+06	4.253684E-02	-1.258951E+02
3.00000000000E+06	4.250277E-02	-1.258752E+02
