"E5100A REV3.14"
"DATE: Jul  3 2004"



"CHANNEL: 2"
"MEASURE TYPE: AR"
"FORMAT TYPE: LINMP"
"NUMBER of POINTS: 1601"
"SWEEP TIME:  3.458 s"
"SWEEP TYPE: LINF"
"SOURCE POWER: 0 dBm"
"IF BANDWIDTH: 500 Hz"

"Frequency"	"Main Array"	"Sub Array"
1.00000000000E+04	1.351267E-02	-2.650703E+01
1.18687500000E+04	2.811461E-02	-1.463784E+02
1.37375000000E+04	4.196609E-03	5.865969E+01
1.56062500000E+04	8.536994E-03	9.024039E+01
1.74750000000E+04	8.401240E-03	1.187319E+02
1.93437500000E+04	5.959566E-03	3.368342E+01
2.12125000000E+04	3.423501E-03	-3.857798E+01
2.30812500000E+04	2.809447E-03	6.084500E+01
2.49500000000E+04	1.643464E-03	6.432037E+01
2.68187500000E+04	7.116600E-04	1.765439E+02
2.86875000000E+04	8.520279E-04	-2.343176E+00
3.05562500000E+04	1.123616E-03	3.060059E+01
3.24250000000E+04	5.842616E-04	1.566064E+02
3.42937500000E+04	1.309038E-03	1.737465E+02
3.61625000000E+04	1.219595E-03	-1.492692E+02
3.80312500000E+04	2.777900E-04	-1.566500E+02
3.99000000000E+04	4.373289E-04	-1.656817E+02
4.17687500000E+04	7.620610E-04	1.419413E+02
4.36375000000E+04	5.834651E-04	-1.525638E+02
4.55062500000E+04	2.740398E-04	-6.167750E+01
4.73750000000E+04	3.048972E-04	1.252610E+02
4.92437500000E+04	1.299998E-03	1.687569E+02
5.11125000000E+04	5.563449E-04	-1.109970E+02
5.29812500000E+04	5.827026E-04	1.025520E+02
5.48500000000E+04	6.136487E-04	-5.814138E+01
5.67187500000E+04	8.044688E-04	9.387531E+01
5.85875000000E+04	4.536066E-04	1.317211E+01
6.04562500000E+04	4.391538E-04	-1.296068E+01
6.23250000000E+04	1.030729E-03	1.408043E+02
6.41937500000E+04	1.051247E-03	7.301055E+01
6.60625000000E+04	6.033283E-04	8.453040E+01
6.79312500000E+04	7.640983E-04	1.664701E+02
6.98000000000E+04	1.026475E-04	-5.458493E+01
7.16687500000E+04	6.865222E-04	7.482317E+01
7.35375000000E+04	3.474749E-04	1.163772E+02
7.54062500000E+04	5.302507E-04	4.144370E+01
7.72750000000E+04	5.790257E-04	1.032591E+02
7.91437500000E+04	7.867013E-04	1.651524E+02
8.10125000000E+04	6.733326E-04	9.470059E+01
8.28812500000E+04	6.773726E-04	4.335324E+01
8.47500000000E+04	5.855025E-04	6.471996E+01
8.66187500000E+04	6.164095E-04	7.384192E+01
8.84875000000E+04	3.871775E-04	1.403090E+02
9.03562500000E+04	7.356813E-04	1.078761E+02
9.22250000000E+04	2.163774E-04	4.573023E+01
9.40937500000E+04	3.556465E-04	8.755882E+01
9.59625000000E+04	1.062034E-03	1.117727E+02
9.78312500000E+04	2.454105E-04	6.866512E-01
9.97000000000E+04	5.529599E-04	9.177183E+01
1.01568750000E+05	5.053547E-04	7.640592E+00
1.03437500000E+05	2.619885E-04	1.444647E+02
1.05306250000E+05	5.501286E-04	1.384844E+02
1.07175000000E+05	6.523198E-04	2.497899E+01
1.09043750000E+05	4.955560E-04	-1.225768E+01
1.10912500000E+05	1.787477E-03	-9.593430E+01
1.12781250000E+05	6.180000E-04	8.691034E+01
1.14650000000E+05	3.625770E-04	4.185979E+01
1.16518750000E+05	7.180316E-04	7.379017E+01
1.18387500000E+05	3.203416E-04	6.569565E+01
1.20256250000E+05	2.165112E-04	4.414240E+01
1.22125000000E+05	6.074160E-04	1.006314E+02
1.23993750000E+05	6.519682E-04	9.091336E+01
1.25862500000E+05	9.548759E-04	1.127642E+02
1.27731250000E+05	6.059835E-04	1.095117E+02
1.29600000000E+05	3.269968E-04	1.253100E+02
1.31468750000E+05	7.649206E-04	8.112601E+01
1.33337500000E+05	2.382303E-04	1.005803E+02
1.35206250000E+05	4.930978E-04	1.211695E+02
1.37075000000E+05	7.338033E-04	7.886144E+01
1.38943750000E+05	5.580990E-04	8.256757E+01
1.40812500000E+05	8.209214E-04	9.018493E+01
1.42681250000E+05	5.819420E-04	7.955948E+01
1.44550000000E+05	4.774224E-04	8.966537E+01
1.46418750000E+05	5.302924E-04	6.233303E+01
1.48287500000E+05	6.159265E-04	8.209917E+01
1.50156250000E+05	5.086094E-04	6.209584E+01
1.52025000000E+05	6.510316E-04	7.806554E+01
1.53893750000E+05	8.379779E-04	7.205695E+01
1.55762500000E+05	4.928266E-04	5.713614E+01
1.57631250000E+05	5.248371E-04	7.757571E+01
1.59500000000E+05	4.105385E-04	2.111505E+01
1.61368750000E+05	7.395017E-04	7.253437E+01
1.63237500000E+05	6.935391E-04	8.213556E+01
1.65106250000E+05	6.942725E-04	9.024776E+01
1.66975000000E+05	8.260881E-04	7.152429E+01
1.68843750000E+05	6.865832E-04	1.367460E+02
1.70712500000E+05	6.909714E-04	7.060544E+01
1.72581250000E+05	6.664014E-04	9.840654E+01
1.74450000000E+05	4.691244E-04	7.137695E+01
1.76318750000E+05	6.612791E-04	9.433034E+01
1.78187500000E+05	5.971677E-04	4.679887E+01
1.80056250000E+05	8.614325E-04	8.316434E+01
1.81925000000E+05	8.749343E-04	5.475401E+01
1.83793750000E+05	5.631482E-04	8.404987E+01
1.85662500000E+05	5.645219E-04	6.116677E+01
1.87531250000E+05	5.973442E-04	8.722862E+01
1.89400000000E+05	6.291018E-04	7.529667E+01
1.91268750000E+05	7.737626E-04	8.171100E+01
1.93137500000E+05	6.606282E-04	8.418770E+01
1.95006250000E+05	9.797728E-04	8.862745E+01
1.96875000000E+05	9.913045E-04	9.221603E+01
1.98743750000E+05	6.658425E-04	1.160307E+02
2.00612500000E+05	5.174859E-04	7.145296E+01
2.02481250000E+05	2.983526E-04	8.698930E+01
2.04350000000E+05	6.330496E-04	8.169945E+01
2.06218750000E+05	8.616763E-04	7.456857E+01
2.08087500000E+05	2.295957E-04	1.245561E+02
2.09956250000E+05	9.032348E-04	9.350076E+01
2.11825000000E+05	7.505090E-04	6.953258E+01
2.13693750000E+05	5.671011E-04	1.081857E+02
2.15562500000E+05	4.137397E-04	1.160026E+02
2.17431250000E+05	8.134521E-04	9.678403E+01
2.19300000000E+05	4.543982E-04	4.616683E+01
2.21168750000E+05	6.483743E-04	6.182689E+01
2.23037500000E+05	9.641757E-04	5.558378E+01
2.24906250000E+05	8.396871E-04	1.174473E+02
2.26775000000E+05	8.029371E-04	1.019024E+02
2.28643750000E+05	6.921763E-04	8.796549E+01
2.30512500000E+05	9.807103E-04	7.928954E+01
2.32381250000E+05	5.861738E-04	7.584666E+01
2.34250000000E+05	6.173639E-04	6.048767E+01
2.36118750000E+05	9.795874E-04	8.789615E+01
2.37987500000E+05	8.791655E-04	7.303358E+01
2.39856250000E+05	5.308064E-04	6.740725E+01
2.41725000000E+05	6.181328E-04	8.572303E+01
2.43593750000E+05	5.983091E-04	8.745252E+01
2.45462500000E+05	4.614577E-04	9.290026E+01
2.47331250000E+05	8.185154E-04	7.985529E+01
2.49200000000E+05	8.358284E-04	7.774113E+01
2.51068750000E+05	8.985974E-04	9.591428E+01
2.52937500000E+05	7.450192E-04	8.074753E+01
2.54806250000E+05	7.150887E-04	5.383678E+01
2.56675000000E+05	7.857584E-04	6.803352E+01
2.58543750000E+05	7.410916E-04	8.424897E+01
2.60412500000E+05	8.470044E-04	8.810364E+01
2.62281250000E+05	8.915018E-04	8.864559E+01
2.64150000000E+05	8.525691E-04	7.987560E+01
2.66018750000E+05	1.015427E-03	7.084310E+01
2.67887500000E+05	9.721033E-04	8.871034E+01
2.69756250000E+05	6.124679E-04	9.040792E+01
2.71625000000E+05	4.330046E-04	8.328508E+01
2.73493750000E+05	7.731891E-04	9.141558E+01
2.75362500000E+05	8.545549E-04	7.924971E+01
2.77231250000E+05	7.831270E-04	7.430999E+01
2.79100000000E+05	6.689813E-04	4.999105E+01
2.80968750000E+05	1.093497E-03	8.720825E+01
2.82837500000E+05	9.970875E-04	9.087904E+01
2.84706250000E+05	5.800370E-04	8.705153E+01
2.86575000000E+05	7.813890E-04	9.233434E+01
2.88443750000E+05	8.258600E-04	7.680531E+01
2.90312500000E+05	6.160514E-04	5.677074E+01
2.92181250000E+05	8.197304E-04	8.777419E+01
2.94050000000E+05	9.716910E-04	9.018588E+01
2.95918750000E+05	9.540589E-04	8.138892E+01
2.97787500000E+05	9.973402E-04	7.416643E+01
2.99656250000E+05	7.230531E-04	9.730006E+01
3.01525000000E+05	9.442028E-04	9.443618E+01
3.03393750000E+05	9.460945E-04	8.497505E+01
3.05262500000E+05	8.301707E-04	9.826654E+01
3.07131250000E+05	8.612196E-04	8.179367E+01
3.09000000000E+05	6.900176E-04	8.153474E+01
3.10868750000E+05	6.501962E-04	8.077708E+01
3.12737500000E+05	1.316657E-03	7.154578E+01
3.14606250000E+05	8.787074E-04	7.940839E+01
3.16475000000E+05	1.137242E-03	8.425163E+01
3.18343750000E+05	1.054585E-03	7.692522E+01
3.20212500000E+05	8.307014E-04	7.265712E+01
3.22081250000E+05	9.187221E-04	8.813995E+01
3.23950000000E+05	8.192835E-04	8.065234E+01
3.25818750000E+05	8.533736E-04	8.571822E+01
3.27687500000E+05	9.032916E-04	9.508462E+01
3.29556250000E+05	1.000816E-03	9.021666E+01
3.31425000000E+05	9.870562E-04	8.854063E+01
3.33293750000E+05	7.406856E-04	7.629164E+01
3.35162500000E+05	1.103616E-03	7.496700E+01
3.37031250000E+05	1.174784E-03	8.257473E+01
3.38900000000E+05	9.092327E-04	8.776376E+01
3.40768750000E+05	9.626495E-04	8.206597E+01
3.42637500000E+05	9.193214E-04	9.835830E+01
3.44506250000E+05	1.278782E-03	8.981957E+01
3.46375000000E+05	1.023504E-03	8.018453E+01
3.48243750000E+05	9.395322E-04	9.294067E+01
3.50112500000E+05	1.162844E-03	8.495938E+01
3.51981250000E+05	8.121855E-04	7.517776E+01
3.53850000000E+05	1.257720E-03	9.430457E+01
3.55718750000E+05	1.275484E-03	9.718321E+01
3.57587500000E+05	1.185519E-03	7.942827E+01
3.59456250000E+05	1.016519E-03	8.682383E+01
3.61325000000E+05	1.216018E-03	7.388239E+01
3.63193750000E+05	1.068577E-03	7.704389E+01
3.65062500000E+05	9.862737E-04	9.079346E+01
3.66931250000E+05	1.043102E-03	8.056140E+01
3.68800000000E+05	1.375296E-03	8.600228E+01
3.70668750000E+05	1.056814E-03	8.089575E+01
3.72537500000E+05	1.180478E-03	7.340633E+01
3.74406250000E+05	1.172619E-03	8.556835E+01
3.76275000000E+05	1.041323E-03	7.771957E+01
3.78143750000E+05	1.183465E-03	8.475357E+01
3.80012500000E+05	1.345328E-03	8.821820E+01
3.81881250000E+05	9.109647E-04	8.554770E+01
3.83750000000E+05	1.065607E-03	9.003017E+01
3.85618750000E+05	1.260276E-03	8.939927E+01
3.87487500000E+05	1.209249E-03	7.812721E+01
3.89356250000E+05	1.083651E-03	8.998102E+01
3.91225000000E+05	1.294126E-03	7.766694E+01
3.93093750000E+05	1.245606E-03	8.009087E+01
3.94962500000E+05	1.060280E-03	8.640029E+01
3.96831250000E+05	1.264658E-03	8.753599E+01
3.98700000000E+05	1.337289E-03	7.932130E+01
4.00568750000E+05	1.237318E-03	8.097849E+01
4.02437500000E+05	1.317493E-03	8.634973E+01
4.04306250000E+05	1.161655E-03	8.047997E+01
4.06175000000E+05	1.161924E-03	8.719872E+01
4.08043750000E+05	1.159360E-03	8.108970E+01
4.09912500000E+05	1.214315E-03	7.963602E+01
4.11781250000E+05	1.141544E-03	7.673721E+01
4.13650000000E+05	1.194505E-03	8.917036E+01
4.15518750000E+05	1.190675E-03	8.265841E+01
4.17387500000E+05	9.451594E-04	8.976826E+01
4.19256250000E+05	1.320969E-03	8.555173E+01
4.21125000000E+05	1.376749E-03	8.553457E+01
4.22993750000E+05	1.263706E-03	7.479437E+01
4.24862500000E+05	1.245582E-03	8.824359E+01
4.26731250000E+05	1.359627E-03	8.635756E+01
4.28600000000E+05	1.264915E-03	8.572657E+01
4.30468750000E+05	1.439562E-03	9.150760E+01
4.32337500000E+05	1.304028E-03	8.047025E+01
4.34206250000E+05	1.093811E-03	7.482455E+01
4.36075000000E+05	1.449551E-03	8.299535E+01
4.37943750000E+05	1.458211E-03	8.573739E+01
4.39812500000E+05	1.270436E-03	7.817767E+01
4.41681250000E+05	1.269946E-03	8.152744E+01
4.43550000000E+05	1.333070E-03	7.331699E+01
4.45418750000E+05	1.408055E-03	7.996059E+01
4.47287500000E+05	1.121868E-03	9.128998E+01
4.49156250000E+05	1.404597E-03	8.300645E+01
4.51025000000E+05	1.371132E-03	8.755495E+01
4.52893750000E+05	1.230875E-03	8.000732E+01
4.54762500000E+05	1.360187E-03	7.582071E+01
4.56631250000E+05	1.368607E-03	8.171873E+01
4.58500000000E+05	1.365081E-03	8.221196E+01
4.60368750000E+05	1.186419E-03	8.172106E+01
4.62237500000E+05	1.362041E-03	8.746362E+01
4.64106250000E+05	1.244203E-03	8.302430E+01
4.65975000000E+05	1.499806E-03	7.760086E+01
4.67843750000E+05	1.484993E-03	7.970193E+01
4.69712500000E+05	1.244673E-03	8.749413E+01
4.71581250000E+05	1.424429E-03	9.232749E+01
4.73450000000E+05	1.438114E-03	8.676453E+01
4.75318750000E+05	1.411811E-03	8.392725E+01
4.77187500000E+05	1.295173E-03	8.674606E+01
4.79056250000E+05	1.228512E-03	8.266718E+01
4.80925000000E+05	1.335597E-03	8.247337E+01
4.82793750000E+05	1.441209E-03	8.666004E+01
4.84662500000E+05	1.462713E-03	8.063356E+01
4.86531250000E+05	1.300860E-03	8.666795E+01
4.88400000000E+05	1.375192E-03	8.525985E+01
4.90268750000E+05	1.353620E-03	7.867056E+01
4.92137500000E+05	1.446886E-03	8.508016E+01
4.94006250000E+05	1.519547E-03	8.520331E+01
4.95875000000E+05	1.581635E-03	8.470325E+01
4.97743750000E+05	1.286672E-03	7.857207E+01
4.99612500000E+05	1.353154E-03	9.003062E+01
5.01481250000E+05	1.768006E-03	8.497191E+01
5.03350000000E+05	1.500019E-03	8.462152E+01
5.05218750000E+05	1.645887E-03	7.498818E+01
5.07087500000E+05	1.581530E-03	8.293967E+01
5.08956250000E+05	1.583556E-03	7.972347E+01
5.10825000000E+05	1.587665E-03	8.417332E+01
5.12693750000E+05	1.641958E-03	8.160152E+01
5.14562500000E+05	1.592572E-03	8.484795E+01
5.16431250000E+05	1.603930E-03	8.658392E+01
5.18300000000E+05	1.562518E-03	8.488182E+01
5.20168750000E+05	1.483098E-03	8.855515E+01
5.22037500000E+05	1.605470E-03	8.256640E+01
5.23906250000E+05	1.465238E-03	9.281663E+01
5.25775000000E+05	1.642704E-03	8.765081E+01
5.27643750000E+05	1.668098E-03	8.750995E+01
5.29512500000E+05	1.607482E-03	8.265472E+01
5.31381250000E+05	1.494094E-03	8.283996E+01
5.33250000000E+05	1.645524E-03	7.980802E+01
5.35118750000E+05	1.583419E-03	8.668061E+01
5.36987500000E+05	1.622060E-03	9.108568E+01
5.38856250000E+05	1.696983E-03	8.491593E+01
5.40725000000E+05	1.714597E-03	8.465789E+01
5.42593750000E+05	1.524291E-03	8.009135E+01
5.44462500000E+05	1.696022E-03	8.195837E+01
5.46331250000E+05	1.501005E-03	8.788254E+01
5.48200000000E+05	1.426400E-03	8.079481E+01
5.50068750000E+05	1.687324E-03	8.586665E+01
5.51937500000E+05	1.609959E-03	7.908814E+01
5.53806250000E+05	1.513933E-03	7.652603E+01
5.55675000000E+05	1.722878E-03	8.705077E+01
5.57543750000E+05	1.715727E-03	8.586092E+01
5.59412500000E+05	1.730251E-03	8.318424E+01
5.61281250000E+05	1.806677E-03	8.549267E+01
5.63150000000E+05	1.617299E-03	8.388615E+01
5.65018750000E+05	1.666202E-03	8.319050E+01
5.66887500000E+05	1.712203E-03	8.563347E+01
5.68756250000E+05	1.596879E-03	7.992789E+01
5.70625000000E+05	1.782865E-03	8.121104E+01
5.72493750000E+05	1.680283E-03	8.542124E+01
5.74362500000E+05	1.822188E-03	8.455283E+01
5.76231250000E+05	1.692254E-03	8.522470E+01
5.78100000000E+05	1.760903E-03	8.683910E+01
5.79968750000E+05	1.774259E-03	8.363138E+01
5.81837500000E+05	1.846424E-03	8.676799E+01
5.83706250000E+05	1.680382E-03	9.301330E+01
5.85575000000E+05	1.602428E-03	8.060781E+01
5.87443750000E+05	1.605812E-03	8.527556E+01
5.89312500000E+05	1.681955E-03	8.733990E+01
5.91181250000E+05	1.725049E-03	8.004205E+01
5.93050000000E+05	1.671171E-03	8.149515E+01
5.94918750000E+05	1.562404E-03	7.839785E+01
5.96787500000E+05	1.759585E-03	8.075561E+01
5.98656250000E+05	1.779268E-03	8.550697E+01
6.00525000000E+05	1.783924E-03	7.896127E+01
6.02393750000E+05	1.943511E-03	8.676295E+01
6.04262500000E+05	1.771527E-03	8.523623E+01
6.06131250000E+05	1.766129E-03	8.119994E+01
6.08000000000E+05	1.913284E-03	8.690526E+01
6.09868750000E+05	1.753050E-03	8.706944E+01
6.11737500000E+05	1.675598E-03	8.474682E+01
6.13606250000E+05	1.820274E-03	8.423746E+01
6.15475000000E+05	1.945015E-03	8.488699E+01
6.17343750000E+05	1.743074E-03	8.534370E+01
6.19212500000E+05	1.970705E-03	8.294673E+01
6.21081250000E+05	1.908478E-03	8.340984E+01
6.22950000000E+05	1.821496E-03	8.623723E+01
6.24818750000E+05	1.792790E-03	8.868102E+01
6.26687500000E+05	1.832493E-03	8.526559E+01
6.28556250000E+05	1.806974E-03	8.376938E+01
6.30425000000E+05	1.916495E-03	8.285104E+01
6.32293750000E+05	1.954425E-03	8.549760E+01
6.34162500000E+05	1.776741E-03	8.654218E+01
6.36031250000E+05	2.003372E-03	8.207317E+01
6.37900000000E+05	1.872743E-03	8.497405E+01
6.39768750000E+05	2.140230E-03	8.488394E+01
6.41637500000E+05	1.645194E-03	8.238931E+01
6.43506250000E+05	1.897690E-03	8.357614E+01
6.45375000000E+05	1.963084E-03	8.445927E+01
6.47243750000E+05	1.841825E-03	8.551487E+01
6.49112500000E+05	1.916291E-03	8.531071E+01
6.50981250000E+05	1.830052E-03	8.615617E+01
6.52850000000E+05	1.878049E-03	8.689116E+01
6.54718750000E+05	2.009636E-03	8.261635E+01
6.56587500000E+05	2.059526E-03	8.397214E+01
6.58456250000E+05	1.919060E-03	8.265270E+01
6.60325000000E+05	2.040617E-03	8.471669E+01
6.62193750000E+05	1.782583E-03	8.457987E+01
6.64062500000E+05	1.812752E-03	8.298400E+01
6.65931250000E+05	1.876590E-03	8.242990E+01
6.67800000000E+05	1.853812E-03	8.775636E+01
6.69668750000E+05	2.067388E-03	8.517849E+01
6.71537500000E+05	2.038402E-03	8.229076E+01
6.73406250000E+05	2.013768E-03	8.004796E+01
6.75275000000E+05	2.027996E-03	8.174907E+01
6.77143750000E+05	2.033154E-03	8.185876E+01
6.79012500000E+05	2.041303E-03	7.820055E+01
6.80881250000E+05	2.083156E-03	8.490595E+01
6.82750000000E+05	1.947221E-03	8.013564E+01
6.84618750000E+05	2.245192E-03	8.244600E+01
6.86487500000E+05	2.066331E-03	8.476064E+01
6.88356250000E+05	2.075744E-03	8.663103E+01
6.90225000000E+05	2.006599E-03	8.676152E+01
6.92093750000E+05	1.847366E-03	8.055030E+01
6.93962500000E+05	2.168870E-03	8.420805E+01
6.95831250000E+05	2.126139E-03	7.870163E+01
6.97700000000E+05	2.079116E-03	8.563095E+01
6.99568750000E+05	2.008916E-03	7.823695E+01
7.01437500000E+05	2.147621E-03	8.621931E+01
7.03306250000E+05	2.161853E-03	8.536103E+01
7.05175000000E+05	1.816856E-03	7.968797E+01
7.07043750000E+05	2.054190E-03	7.680363E+01
7.08912500000E+05	2.249128E-03	8.338311E+01
7.10781250000E+05	2.262991E-03	8.436196E+01
7.12650000000E+05	2.003551E-03	8.471452E+01
7.14518750000E+05	2.283576E-03	8.686233E+01
7.16387500000E+05	2.146697E-03	8.333634E+01
7.18256250000E+05	2.159051E-03	8.357935E+01
7.20125000000E+05	2.155047E-03	8.127471E+01
7.21993750000E+05	2.214674E-03	8.572053E+01
7.23862500000E+05	2.004049E-03	8.250639E+01
7.25731250000E+05	2.245605E-03	8.590062E+01
7.27600000000E+05	2.202502E-03	8.662949E+01
7.29468750000E+05	2.223097E-03	8.416142E+01
7.31337500000E+05	2.255075E-03	8.203009E+01
7.33206250000E+05	2.104355E-03	8.161291E+01
7.35075000000E+05	2.077109E-03	7.996580E+01
7.36943750000E+05	2.252056E-03	8.029162E+01
7.38812500000E+05	2.140104E-03	8.380965E+01
7.40681250000E+05	2.236823E-03	8.699731E+01
7.42550000000E+05	2.015112E-03	8.428204E+01
7.44418750000E+05	2.334055E-03	7.923514E+01
7.46287500000E+05	2.157539E-03	8.681733E+01
7.48156250000E+05	2.273377E-03	8.574252E+01
7.50025000000E+05	2.113256E-03	8.533076E+01
7.51893750000E+05	2.326226E-03	8.077287E+01
7.53762500000E+05	2.302540E-03	8.703685E+01
7.55631250000E+05	2.394494E-03	8.648035E+01
7.57500000000E+05	2.248285E-03	8.519782E+01
7.59368750000E+05	2.337196E-03	8.610056E+01
7.61237500000E+05	2.183799E-03	8.164429E+01
7.63106250000E+05	2.391597E-03	8.464180E+01
7.64975000000E+05	2.367087E-03	8.278760E+01
7.66843750000E+05	2.417237E-03	8.632124E+01
7.68712500000E+05	2.480342E-03	7.974001E+01
7.70581250000E+05	2.259608E-03	8.477307E+01
7.72450000000E+05	2.345332E-03	8.626685E+01
7.74318750000E+05	2.182028E-03	7.944881E+01
7.76187500000E+05	2.399502E-03	8.379381E+01
7.78056250000E+05	2.286247E-03	8.107088E+01
7.79925000000E+05	2.354374E-03	8.241631E+01
7.81793750000E+05	2.277201E-03	8.444107E+01
7.83662500000E+05	2.453647E-03	8.356108E+01
7.85531250000E+05	2.280490E-03	8.044327E+01
7.87400000000E+05	2.265079E-03	7.743988E+01
7.89268750000E+05	2.264443E-03	8.499073E+01
7.91137500000E+05	2.223205E-03	8.024677E+01
7.93006250000E+05	2.381596E-03	8.279558E+01
7.94875000000E+05	2.326936E-03	8.209416E+01
7.96743750000E+05	2.386448E-03	8.527359E+01
7.98612500000E+05	2.552760E-03	8.047144E+01
8.00481250000E+05	2.363186E-03	8.311974E+01
8.02350000000E+05	2.422155E-03	7.804205E+01
8.04218750000E+05	2.319009E-03	8.619718E+01
8.06087500000E+05	2.490672E-03	8.271465E+01
8.07956250000E+05	2.500816E-03	8.136314E+01
8.09825000000E+05	2.491790E-03	7.846070E+01
8.11693750000E+05	2.312597E-03	7.958331E+01
8.13562500000E+05	2.255842E-03	8.522804E+01
8.15431250000E+05	2.458289E-03	7.948980E+01
8.17300000000E+05	2.303953E-03	8.397299E+01
8.19168750000E+05	2.409236E-03	8.352970E+01
8.21037500000E+05	2.469725E-03	8.336375E+01
8.22906250000E+05	2.669214E-03	8.303437E+01
8.24775000000E+05	2.455137E-03	8.447959E+01
8.26643750000E+05	2.377800E-03	8.172812E+01
8.28512500000E+05	2.564930E-03	8.324109E+01
8.30381250000E+05	2.468500E-03	8.462600E+01
8.32250000000E+05	2.469099E-03	8.480925E+01
8.34118750000E+05	2.397309E-03	7.752538E+01
8.35987500000E+05	2.493515E-03	8.250637E+01
8.37856250000E+05	2.270210E-03	8.439200E+01
8.39725000000E+05	2.567277E-03	8.292927E+01
8.41593750000E+05	2.430197E-03	7.981204E+01
8.43462500000E+05	2.481312E-03	8.431042E+01
8.45331250000E+05	2.500332E-03	8.336275E+01
8.47200000000E+05	2.493246E-03	8.420718E+01
8.49068750000E+05	2.616230E-03	7.818719E+01
8.50937500000E+05	2.369673E-03	8.617656E+01
8.52806250000E+05	2.546679E-03	8.254667E+01
8.54675000000E+05	2.505424E-03	8.027930E+01
8.56543750000E+05	2.668585E-03	8.334712E+01
8.58412500000E+05	2.628968E-03	8.004942E+01
8.60281250000E+05	2.426563E-03	8.212583E+01
8.62150000000E+05	2.543826E-03	8.124284E+01
8.64018750000E+05	2.558295E-03	8.125699E+01
8.65887500000E+05	2.663274E-03	8.761671E+01
8.67756250000E+05	2.515592E-03	8.205550E+01
8.69625000000E+05	2.679568E-03	8.606084E+01
8.71493750000E+05	2.583625E-03	7.992664E+01
8.73362500000E+05	2.627105E-03	7.836291E+01
8.75231250000E+05	2.537698E-03	8.366278E+01
8.77100000000E+05	2.619459E-03	8.437061E+01
8.78968750000E+05	2.545088E-03	8.565299E+01
8.80837500000E+05	2.626865E-03	8.315053E+01
8.82706250000E+05	2.610098E-03	7.995695E+01
8.84575000000E+05	2.609055E-03	8.582224E+01
8.86443750000E+05	2.675792E-03	8.122369E+01
8.88312500000E+05	2.772607E-03	8.142873E+01
8.90181250000E+05	2.567781E-03	7.948213E+01
8.92050000000E+05	2.586305E-03	8.271382E+01
8.93918750000E+05	2.637471E-03	8.016653E+01
8.95787500000E+05	2.641044E-03	8.338200E+01
8.97656250000E+05	2.842022E-03	8.402677E+01
8.99525000000E+05	2.703873E-03	8.347533E+01
9.01393750000E+05	2.718698E-03	7.696637E+01
9.03262500000E+05	2.664291E-03	8.156121E+01
9.05131250000E+05	2.528238E-03	7.608323E+01
9.07000000000E+05	2.774540E-03	7.990238E+01
9.08868750000E+05	2.580201E-03	8.200764E+01
9.10737500000E+05	2.626713E-03	8.832103E+01
9.12606250000E+05	2.678819E-03	8.615477E+01
9.14475000000E+05	2.986111E-03	8.775430E+01
9.16343750000E+05	2.590429E-03	8.290710E+01
9.18212500000E+05	2.609908E-03	8.112665E+01
9.20081250000E+05	2.772157E-03	8.110615E+01
9.21950000000E+05	2.633948E-03	8.339329E+01
9.23818750000E+05	2.802537E-03	7.983096E+01
9.25687500000E+05	2.656178E-03	7.878338E+01
9.27556250000E+05	2.766174E-03	8.477325E+01
9.29425000000E+05	2.602421E-03	8.209801E+01
9.31293750000E+05	3.003679E-03	8.073330E+01
9.33162500000E+05	2.583454E-03	7.947119E+01
9.35031250000E+05	2.737070E-03	7.805828E+01
9.36900000000E+05	2.684388E-03	7.688282E+01
9.38768750000E+05	2.721956E-03	8.219949E+01
9.40637500000E+05	2.820063E-03	7.711523E+01
9.42506250000E+05	2.939734E-03	8.317627E+01
9.44375000000E+05	2.806259E-03	7.952556E+01
9.46243750000E+05	2.734184E-03	7.944757E+01
9.48112500000E+05	2.564190E-03	7.961577E+01
9.49981250000E+05	2.894051E-03	8.390427E+01
9.51850000000E+05	3.000139E-03	8.109597E+01
9.53718750000E+05	2.683083E-03	7.903821E+01
9.55587500000E+05	2.769105E-03	8.243349E+01
9.57456250000E+05	3.009941E-03	8.091317E+01
9.59325000000E+05	2.840191E-03	7.729876E+01
9.61193750000E+05	2.899172E-03	8.327789E+01
9.63062500000E+05	2.644234E-03	7.724841E+01
9.64931250000E+05	3.258963E-03	8.338459E+01
9.66800000000E+05	2.734323E-03	8.341234E+01
9.68668750000E+05	2.763840E-03	8.616095E+01
9.70537500000E+05	2.898579E-03	8.256063E+01
9.72406250000E+05	2.882899E-03	8.588457E+01
9.74275000000E+05	3.038954E-03	8.100679E+01
9.76143750000E+05	2.896926E-03	8.249915E+01
9.78012500000E+05	2.852578E-03	7.891741E+01
9.79881250000E+05	2.816834E-03	8.684679E+01
9.81750000000E+05	2.897511E-03	8.123650E+01
9.83618750000E+05	2.781344E-03	8.572967E+01
9.85487500000E+05	2.830999E-03	8.416065E+01
9.87356250000E+05	2.838676E-03	8.077544E+01
9.89225000000E+05	2.933202E-03	8.287621E+01
9.91093750000E+05	2.891816E-03	8.336195E+01
9.92962500000E+05	3.081276E-03	7.872385E+01
9.94831250000E+05	2.961560E-03	8.281136E+01
9.96700000000E+05	2.765644E-03	8.442034E+01
9.98568750000E+05	2.865726E-03	7.842634E+01
1.00043750000E+06	3.038942E-03	8.112495E+01
1.00230625000E+06	2.954357E-03	8.242736E+01
1.00417500000E+06	2.727770E-03	7.861091E+01
1.00604375000E+06	2.990389E-03	8.048623E+01
1.00791250000E+06	2.939880E-03	8.036668E+01
1.00978125000E+06	3.016373E-03	8.512476E+01
1.01165000000E+06	3.042033E-03	7.727825E+01
1.01351875000E+06	3.111292E-03	8.093691E+01
1.01538750000E+06	2.795776E-03	7.541125E+01
1.01725625000E+06	2.901082E-03	8.355479E+01
1.01912500000E+06	2.761050E-03	8.264013E+01
1.02099375000E+06	3.055770E-03	7.866663E+01
1.02286250000E+06	3.275406E-03	8.290475E+01
1.02473125000E+06	3.007795E-03	8.103918E+01
1.02660000000E+06	2.992010E-03	8.353529E+01
1.02846875000E+06	3.081092E-03	7.832796E+01
1.03033750000E+06	2.881544E-03	7.847242E+01
1.03220625000E+06	3.082594E-03	8.218747E+01
1.03407500000E+06	3.087329E-03	7.846086E+01
1.03594375000E+06	2.930092E-03	7.915598E+01
1.03781250000E+06	2.932371E-03	7.636458E+01
1.03968125000E+06	3.203213E-03	7.926015E+01
1.04155000000E+06	3.046342E-03	8.169267E+01
1.04341875000E+06	3.070075E-03	7.911896E+01
1.04528750000E+06	3.026220E-03	7.871154E+01
1.04715625000E+06	2.992471E-03	8.050638E+01
1.04902500000E+06	3.065973E-03	8.413521E+01
1.05089375000E+06	3.436536E-03	7.830766E+01
1.05276250000E+06	3.079579E-03	8.197482E+01
1.05463125000E+06	3.353095E-03	7.835307E+01
1.05650000000E+06	3.121832E-03	7.734901E+01
1.05836875000E+06	2.828379E-03	8.064568E+01
1.06023750000E+06	3.249761E-03	7.975702E+01
1.06210625000E+06	2.842724E-03	8.032642E+01
1.06397500000E+06	3.174142E-03	8.109529E+01
1.06584375000E+06	3.273085E-03	8.305425E+01
1.06771250000E+06	3.469559E-03	7.962999E+01
1.06958125000E+06	3.256820E-03	7.972409E+01
1.07145000000E+06	3.230732E-03	7.572522E+01
1.07331875000E+06	2.840673E-03	7.670937E+01
1.07518750000E+06	3.320194E-03	7.733405E+01
1.07705625000E+06	3.485594E-03	7.699680E+01
1.07892500000E+06	2.835027E-03	7.968072E+01
1.08079375000E+06	3.571671E-03	8.272969E+01
1.08266250000E+06	3.189400E-03	8.610596E+01
1.08453125000E+06	3.065021E-03	8.167779E+01
1.08640000000E+06	3.231989E-03	7.722849E+01
1.08826875000E+06	2.793357E-03	8.046953E+01
1.09013750000E+06	3.126440E-03	7.215373E+01
1.09200625000E+06	3.264456E-03	8.259611E+01
1.09387500000E+06	3.060838E-03	7.511864E+01
1.09574375000E+06	3.357365E-03	8.269480E+01
1.09761250000E+06	3.359652E-03	7.696798E+01
1.09948125000E+06	3.255894E-03	7.330952E+01
1.10135000000E+06	3.037445E-03	8.037251E+01
1.10321875000E+06	2.610071E-03	8.314030E+01
1.10508750000E+06	3.481683E-03	7.375156E+01
1.10695625000E+06	3.230313E-03	7.643573E+01
1.10882500000E+06	3.395353E-03	7.493469E+01
1.11069375000E+06	3.375340E-03	7.441289E+01
1.11256250000E+06	3.331580E-03	7.723277E+01
1.11443125000E+06	3.367126E-03	7.441508E+01
1.11630000000E+06	3.376848E-03	7.753313E+01
1.11816875000E+06	3.166366E-03	8.736891E+01
1.12003750000E+06	3.677064E-03	7.958316E+01
1.12190625000E+06	3.037775E-03	7.454111E+01
1.12377500000E+06	3.372108E-03	7.379775E+01
1.12564375000E+06	3.549593E-03	8.371208E+01
1.12751250000E+06	3.508999E-03	8.338697E+01
1.12938125000E+06	3.517739E-03	7.818821E+01
1.13125000000E+06	3.352949E-03	7.889705E+01
1.13311875000E+06	2.655427E-03	8.847823E+01
1.13498750000E+06	3.166946E-03	8.106732E+01
1.13685625000E+06	3.390777E-03	8.204681E+01
1.13872500000E+06	3.132779E-03	7.815384E+01
1.14059375000E+06	3.222211E-03	7.869073E+01
1.14246250000E+06	3.441664E-03	7.909460E+01
1.14433125000E+06	3.311946E-03	8.125299E+01
1.14620000000E+06	3.477290E-03	7.899595E+01
1.14806875000E+06	3.829222E-03	8.014482E+01
1.14993750000E+06	3.397264E-03	8.394003E+01
1.15180625000E+06	3.569977E-03	7.135445E+01
1.15367500000E+06	3.161703E-03	8.191869E+01
1.15554375000E+06	3.313065E-03	8.041885E+01
1.15741250000E+06	3.448136E-03	7.744067E+01
1.15928125000E+06	3.383352E-03	7.984959E+01
1.16115000000E+06	3.215789E-03	7.566154E+01
1.16301875000E+06	3.420409E-03	7.398382E+01
1.16488750000E+06	3.473080E-03	7.710058E+01
1.16675625000E+06	3.433676E-03	7.734726E+01
1.16862500000E+06	3.674210E-03	7.835094E+01
1.17049375000E+06	3.272846E-03	7.872302E+01
1.17236250000E+06	3.299920E-03	7.851824E+01
1.17423125000E+06	3.864327E-03	8.304356E+01
1.17610000000E+06	3.456369E-03	7.443874E+01
1.17796875000E+06	3.262746E-03	8.188574E+01
1.17983750000E+06	3.596852E-03	7.349005E+01
1.18170625000E+06	3.274148E-03	7.005968E+01
1.18357500000E+06	3.129335E-03	7.761702E+01
1.18544375000E+06	2.461524E-03	7.754704E+01
1.18731250000E+06	3.481198E-03	7.605984E+01
1.18918125000E+06	2.895757E-03	7.869527E+01
1.19105000000E+06	3.428539E-03	7.176817E+01
1.19291875000E+06	2.944300E-03	8.279282E+01
1.19478750000E+06	3.815687E-03	7.986945E+01
1.19665625000E+06	3.748127E-03	7.920692E+01
1.19852500000E+06	3.490464E-03	8.028689E+01
1.20039375000E+06	3.513912E-03	8.195694E+01
1.20226250000E+06	3.782475E-03	7.129222E+01
1.20413125000E+06	3.484311E-03	7.786720E+01
1.20600000000E+06	3.705171E-03	7.347422E+01
1.20786875000E+06	3.358718E-03	7.712791E+01
1.20973750000E+06	3.335557E-03	7.502565E+01
1.21160625000E+06	3.610364E-03	8.099213E+01
1.21347500000E+06	3.118435E-03	7.855508E+01
1.21534375000E+06	3.634789E-03	8.255348E+01
1.21721250000E+06	3.269911E-03	8.213534E+01
1.21908125000E+06	3.700903E-03	8.118602E+01
1.22095000000E+06	3.766719E-03	8.377128E+01
1.22281875000E+06	3.516617E-03	8.463117E+01
1.22468750000E+06	3.781248E-03	7.875620E+01
1.22655625000E+06	3.519709E-03	8.136700E+01
1.22842500000E+06	3.285015E-03	7.652740E+01
1.23029375000E+06	3.576114E-03	7.713358E+01
1.23216250000E+06	3.291461E-03	7.868718E+01
1.23403125000E+06	3.281489E-03	7.866641E+01
1.23590000000E+06	3.632186E-03	7.597524E+01
1.23776875000E+06	3.904918E-03	8.157130E+01
1.23963750000E+06	3.647492E-03	7.511250E+01
1.24150625000E+06	3.362968E-03	7.779488E+01
1.24337500000E+06	3.391462E-03	7.477247E+01
1.24524375000E+06	3.694565E-03	7.091817E+01
1.24711250000E+06	3.829635E-03	7.463293E+01
1.24898125000E+06	3.378444E-03	7.295043E+01
1.25085000000E+06	3.704836E-03	7.698146E+01
1.25271875000E+06	3.728486E-03	8.514655E+01
1.25458750000E+06	3.315412E-03	7.555490E+01
1.25645625000E+06	3.512322E-03	7.858333E+01
1.25832500000E+06	3.962968E-03	7.533444E+01
1.26019375000E+06	3.620032E-03	8.281152E+01
1.26206250000E+06	3.479792E-03	7.529597E+01
1.26393125000E+06	3.785023E-03	7.150090E+01
1.26580000000E+06	3.507922E-03	8.207944E+01
1.26766875000E+06	3.619255E-03	7.493503E+01
1.26953750000E+06	4.087245E-03	7.530098E+01
1.27140625000E+06	3.546807E-03	7.501062E+01
1.27327500000E+06	3.636257E-03	7.066962E+01
1.27514375000E+06	3.770121E-03	7.170365E+01
1.27701250000E+06	3.914623E-03	8.112538E+01
1.27888125000E+06	3.588969E-03	7.426757E+01
1.28075000000E+06	3.821183E-03	7.932588E+01
1.28261875000E+06	3.299400E-03	7.877629E+01
1.28448750000E+06	3.874399E-03	8.033932E+01
1.28635625000E+06	3.608826E-03	7.686702E+01
1.28822500000E+06	3.088894E-03	7.893193E+01
1.29009375000E+06	3.786636E-03	7.760927E+01
1.29196250000E+06	3.632522E-03	8.359071E+01
1.29383125000E+06	4.160341E-03	8.229624E+01
1.29570000000E+06	3.208329E-03	9.123636E+01
1.29756875000E+06	3.592259E-03	7.582806E+01
1.29943750000E+06	3.958865E-03	7.840280E+01
1.30130625000E+06	3.766166E-03	7.245663E+01
1.30317500000E+06	3.875249E-03	7.531622E+01
1.30504375000E+06	3.961659E-03	8.258600E+01
1.30691250000E+06	3.557373E-03	8.218610E+01
1.30878125000E+06	3.839877E-03	7.919807E+01
1.31065000000E+06	3.655002E-03	7.440918E+01
1.31251875000E+06	3.806974E-03	7.560631E+01
1.31438750000E+06	3.577814E-03	7.801857E+01
1.31625625000E+06	3.662452E-03	7.372903E+01
1.31812500000E+06	3.566821E-03	7.582008E+01
1.31999375000E+06	4.177782E-03	7.937419E+01
1.32186250000E+06	3.882125E-03	7.831062E+01
1.32373125000E+06	3.604799E-03	7.454016E+01
1.32560000000E+06	3.768905E-03	8.340448E+01
1.32746875000E+06	3.819921E-03	7.901148E+01
1.32933750000E+06	3.941147E-03	8.199782E+01
1.33120625000E+06	3.719026E-03	7.322165E+01
1.33307500000E+06	3.857177E-03	7.654556E+01
1.33494375000E+06	3.906914E-03	8.335210E+01
1.33681250000E+06	3.960902E-03	7.537655E+01
1.33868125000E+06	3.673503E-03	7.784435E+01
1.34055000000E+06	3.964224E-03	7.433247E+01
1.34241875000E+06	3.988841E-03	7.832702E+01
1.34428750000E+06	3.961168E-03	8.017808E+01
1.34615625000E+06	3.871744E-03	7.789498E+01
1.34802500000E+06	3.934821E-03	8.011877E+01
1.34989375000E+06	3.750074E-03	7.191694E+01
1.35176250000E+06	3.832784E-03	7.906831E+01
1.35363125000E+06	3.738335E-03	7.947831E+01
1.35550000000E+06	3.903219E-03	7.235952E+01
1.35736875000E+06	4.490484E-03	8.105730E+01
1.35923750000E+06	4.028039E-03	7.323371E+01
1.36110625000E+06	3.624778E-03	7.538832E+01
1.36297500000E+06	4.022141E-03	7.437758E+01
1.36484375000E+06	3.491130E-03	7.376364E+01
1.36671250000E+06	3.701793E-03	7.962203E+01
1.36858125000E+06	3.906013E-03	7.024405E+01
1.37045000000E+06	4.253994E-03	8.103123E+01
1.37231875000E+06	3.768925E-03	7.793964E+01
1.37418750000E+06	3.886369E-03	7.483806E+01
1.37605625000E+06	3.574155E-03	7.246323E+01
1.37792500000E+06	4.154105E-03	7.184669E+01
1.37979375000E+06	4.033865E-03	7.420978E+01
1.38166250000E+06	4.141630E-03	8.409624E+01
1.38353125000E+06	4.247502E-03	7.414787E+01
1.38540000000E+06	4.295871E-03	8.542758E+01
1.38726875000E+06	3.744717E-03	7.628316E+01
1.38913750000E+06	3.648424E-03	7.153153E+01
1.39100625000E+06	4.306274E-03	7.295198E+01
1.39287500000E+06	3.582006E-03	7.684394E+01
1.39474375000E+06	3.951585E-03	7.066783E+01
1.39661250000E+06	3.481430E-03	7.783316E+01
1.39848125000E+06	4.263596E-03	7.280504E+01
1.40035000000E+06	4.043429E-03	7.726778E+01
1.40221875000E+06	4.378135E-03	7.618985E+01
1.40408750000E+06	4.092248E-03	7.596913E+01
1.40595625000E+06	3.682441E-03	6.954862E+01
1.40782500000E+06	3.783701E-03	7.248135E+01
1.40969375000E+06	3.933991E-03	6.909492E+01
1.41156250000E+06	4.114749E-03	7.818548E+01
1.41343125000E+06	4.232916E-03	7.597028E+01
1.41530000000E+06	3.752013E-03	7.284290E+01
1.41716875000E+06	3.804972E-03	7.533038E+01
1.41903750000E+06	3.989214E-03	7.566435E+01
1.42090625000E+06	4.110459E-03	7.467341E+01
1.42277500000E+06	4.125373E-03	7.704135E+01
1.42464375000E+06	4.172363E-03	7.468430E+01
1.42651250000E+06	3.960242E-03	7.730257E+01
1.42838125000E+06	4.093064E-03	7.679712E+01
1.43025000000E+06	4.177518E-03	7.631203E+01
1.43211875000E+06	4.046124E-03	7.406079E+01
1.43398750000E+06	3.703298E-03	7.823066E+01
1.43585625000E+06	4.329755E-03	8.289299E+01
1.43772500000E+06	3.669675E-03	7.141913E+01
1.43959375000E+06	4.210579E-03	7.908520E+01
1.44146250000E+06	4.192715E-03	7.127726E+01
1.44333125000E+06	3.820323E-03	7.170688E+01
1.44520000000E+06	4.429242E-03	7.954057E+01
1.44706875000E+06	4.178630E-03	8.246192E+01
1.44893750000E+06	3.652188E-03	7.318481E+01
1.45080625000E+06	4.489920E-03	7.988100E+01
1.45267500000E+06	4.798727E-03	7.404489E+01
1.45454375000E+06	4.327017E-03	7.256594E+01
1.45641250000E+06	3.898380E-03	7.341415E+01
1.45828125000E+06	4.407213E-03	7.591798E+01
1.46015000000E+06	4.648633E-03	7.346626E+01
1.46201875000E+06	4.593350E-03	7.582351E+01
1.46388750000E+06	4.354768E-03	7.684247E+01
1.46575625000E+06	4.385498E-03	8.085529E+01
1.46762500000E+06	4.502894E-03	8.582822E+01
1.46949375000E+06	4.518452E-03	7.188429E+01
1.47136250000E+06	4.256089E-03	7.522102E+01
1.47323125000E+06	5.032239E-03	7.602747E+01
1.47510000000E+06	4.291524E-03	7.864902E+01
1.47696875000E+06	4.731940E-03	7.879308E+01
1.47883750000E+06	3.868913E-03	8.060170E+01
1.48070625000E+06	3.728427E-03	6.981122E+01
1.48257500000E+06	4.519620E-03	7.459655E+01
1.48444375000E+06	4.468167E-03	7.129740E+01
1.48631250000E+06	4.350706E-03	7.661883E+01
1.48818125000E+06	4.215532E-03	7.895638E+01
1.49005000000E+06	4.563934E-03	7.414468E+01
1.49191875000E+06	4.481843E-03	7.750018E+01
1.49378750000E+06	4.405373E-03	7.794711E+01
1.49565625000E+06	4.337857E-03	7.712024E+01
1.49752500000E+06	4.400652E-03	7.601779E+01
1.49939375000E+06	4.367128E-03	7.730289E+01
1.50126250000E+06	4.486424E-03	7.794199E+01
1.50313125000E+06	4.474057E-03	7.414534E+01
1.50500000000E+06	4.389578E-03	7.750677E+01
1.50686875000E+06	4.494747E-03	7.636568E+01
1.50873750000E+06	4.422853E-03	7.436965E+01
1.51060625000E+06	4.571291E-03	7.663448E+01
1.51247500000E+06	4.207867E-03	7.638824E+01
1.51434375000E+06	4.454941E-03	7.879964E+01
1.51621250000E+06	4.406952E-03	7.625143E+01
1.51808125000E+06	4.479743E-03	7.546804E+01
1.51995000000E+06	4.361208E-03	7.783518E+01
1.52181875000E+06	4.371135E-03	7.804376E+01
1.52368750000E+06	4.509795E-03	7.680273E+01
1.52555625000E+06	4.397067E-03	7.440097E+01
1.52742500000E+06	4.326255E-03	7.618549E+01
1.52929375000E+06	4.480692E-03	7.715005E+01
1.53116250000E+06	4.391947E-03	7.603210E+01
1.53303125000E+06	4.435731E-03	7.571271E+01
1.53490000000E+06	4.491527E-03	7.614747E+01
1.53676875000E+06	4.574999E-03	7.664908E+01
1.53863750000E+06	4.464523E-03	7.567795E+01
1.54050625000E+06	4.645486E-03	7.731828E+01
1.54237500000E+06	4.657945E-03	7.453143E+01
1.54424375000E+06	4.518148E-03	7.597531E+01
1.54611250000E+06	4.737712E-03	7.829784E+01
1.54798125000E+06	4.523292E-03	7.479322E+01
1.54985000000E+06	4.288473E-03	7.614185E+01
1.55171875000E+06	4.376432E-03	7.586439E+01
1.55358750000E+06	4.564187E-03	7.554768E+01
1.55545625000E+06	4.470787E-03	7.916774E+01
1.55732500000E+06	4.665100E-03	7.763549E+01
1.55919375000E+06	4.555419E-03	7.499972E+01
1.56106250000E+06	4.626723E-03	7.699444E+01
1.56293125000E+06	4.486229E-03	7.979319E+01
1.56480000000E+06	4.402814E-03	7.774512E+01
1.56666875000E+06	4.700391E-03	7.893613E+01
1.56853750000E+06	4.671546E-03	7.634025E+01
1.57040625000E+06	4.618180E-03	7.547789E+01
1.57227500000E+06	4.920654E-03	7.742445E+01
1.57414375000E+06	4.322314E-03	7.875056E+01
1.57601250000E+06	4.452787E-03	7.718930E+01
1.57788125000E+06	4.768956E-03	7.598963E+01
1.57975000000E+06	4.524878E-03	7.517229E+01
1.58161875000E+06	4.670390E-03	7.723536E+01
1.58348750000E+06	4.836316E-03	7.488977E+01
1.58535625000E+06	4.573654E-03	7.577980E+01
1.58722500000E+06	4.633100E-03	7.537341E+01
1.58909375000E+06	4.554298E-03	7.612140E+01
1.59096250000E+06	4.733123E-03	7.579633E+01
1.59283125000E+06	4.684682E-03	7.680230E+01
1.59470000000E+06	4.795440E-03	7.501494E+01
1.59656875000E+06	4.670567E-03	7.750312E+01
1.59843750000E+06	4.586590E-03	7.597057E+01
1.60030625000E+06	4.812551E-03	7.481444E+01
1.60217500000E+06	4.838693E-03	7.459673E+01
1.60404375000E+06	4.590676E-03	7.495098E+01
1.60591250000E+06	4.600599E-03	7.630901E+01
1.60778125000E+06	4.815609E-03	7.672359E+01
1.60965000000E+06	4.562911E-03	7.735931E+01
1.61151875000E+06	4.440139E-03	7.542334E+01
1.61338750000E+06	4.934581E-03	7.582936E+01
1.61525625000E+06	4.799061E-03	7.599586E+01
1.61712500000E+06	4.745984E-03	7.721371E+01
1.61899375000E+06	4.828015E-03	7.442644E+01
1.62086250000E+06	4.691286E-03	7.630795E+01
1.62273125000E+06	4.758117E-03	7.415154E+01
1.62460000000E+06	4.773452E-03	7.433171E+01
1.62646875000E+06	4.758090E-03	7.413811E+01
1.62833750000E+06	4.848104E-03	7.632832E+01
1.63020625000E+06	4.827939E-03	7.598920E+01
1.63207500000E+06	4.834429E-03	7.657265E+01
1.63394375000E+06	4.688440E-03	7.512180E+01
1.63581250000E+06	4.791755E-03	7.613828E+01
1.63768125000E+06	4.774068E-03	7.672111E+01
1.63955000000E+06	4.906365E-03	7.790919E+01
1.64141875000E+06	4.796694E-03	7.512638E+01
1.64328750000E+06	4.914339E-03	7.674098E+01
1.64515625000E+06	5.072534E-03	7.538389E+01
1.64702500000E+06	4.870194E-03	7.360856E+01
1.64889375000E+06	4.818660E-03	7.548980E+01
1.65076250000E+06	4.997883E-03	7.546510E+01
1.65263125000E+06	4.863611E-03	7.609664E+01
1.65450000000E+06	4.852482E-03	7.615652E+01
1.65636875000E+06	5.015203E-03	7.796005E+01
1.65823750000E+06	4.875080E-03	7.638600E+01
1.66010625000E+06	4.828161E-03	7.581432E+01
1.66197500000E+06	4.968510E-03	7.587312E+01
1.66384375000E+06	4.791613E-03	7.635567E+01
1.66571250000E+06	4.865605E-03	7.528720E+01
1.66758125000E+06	4.862870E-03	7.609443E+01
1.66945000000E+06	5.006051E-03	7.672612E+01
1.67131875000E+06	4.877679E-03	7.531424E+01
1.67318750000E+06	4.882974E-03	7.795547E+01
1.67505625000E+06	5.096450E-03	7.574901E+01
1.67692500000E+06	5.182261E-03	7.492784E+01
1.67879375000E+06	5.046312E-03	7.505335E+01
1.68066250000E+06	5.158061E-03	7.833193E+01
1.68253125000E+06	4.694943E-03	7.822258E+01
1.68440000000E+06	5.018829E-03	7.584468E+01
1.68626875000E+06	5.068276E-03	7.910172E+01
1.68813750000E+06	5.213902E-03	7.800463E+01
1.69000625000E+06	5.120650E-03	7.677858E+01
1.69187500000E+06	5.060886E-03	7.928260E+01
1.69374375000E+06	4.971034E-03	7.769624E+01
1.69561250000E+06	5.032770E-03	7.663321E+01
1.69748125000E+06	4.911541E-03	7.533762E+01
1.69935000000E+06	4.974166E-03	7.509965E+01
1.70121875000E+06	5.098837E-03	7.606621E+01
1.70308750000E+06	4.934679E-03	7.497453E+01
1.70495625000E+06	5.102699E-03	7.625909E+01
1.70682500000E+06	5.121814E-03	7.647279E+01
1.70869375000E+06	5.106651E-03	7.714992E+01
1.71056250000E+06	5.250978E-03	7.254387E+01
1.71243125000E+06	5.201236E-03	7.668176E+01
1.71430000000E+06	4.957843E-03	7.679436E+01
1.71616875000E+06	4.969462E-03	7.557995E+01
1.71803750000E+06	4.999755E-03	7.760104E+01
1.71990625000E+06	5.134699E-03	7.679924E+01
1.72177500000E+06	5.247312E-03	7.620894E+01
1.72364375000E+06	5.019126E-03	7.569138E+01
1.72551250000E+06	5.226418E-03	7.746845E+01
1.72738125000E+06	5.323181E-03	7.616318E+01
1.72925000000E+06	5.166801E-03	7.792205E+01
1.73111875000E+06	5.253688E-03	7.478918E+01
1.73298750000E+06	5.130177E-03	7.667789E+01
1.73485625000E+06	5.389049E-03	7.566895E+01
1.73672500000E+06	5.298174E-03	7.358963E+01
1.73859375000E+06	5.263743E-03	7.566470E+01
1.74046250000E+06	5.308033E-03	7.656954E+01
1.74233125000E+06	5.264536E-03	7.712119E+01
1.74420000000E+06	5.422527E-03	7.499059E+01
1.74606875000E+06	5.311311E-03	7.546404E+01
1.74793750000E+06	5.274686E-03	7.517267E+01
1.74980625000E+06	5.299826E-03	7.515903E+01
1.75167500000E+06	5.481435E-03	7.633184E+01
1.75354375000E+06	5.270534E-03	7.553207E+01
1.75541250000E+06	5.158852E-03	7.563136E+01
1.75728125000E+06	5.169018E-03	7.507704E+01
1.75915000000E+06	5.137121E-03	7.506316E+01
1.76101875000E+06	5.357960E-03	7.552397E+01
1.76288750000E+06	5.399801E-03	7.641518E+01
1.76475625000E+06	5.558965E-03	7.614171E+01
1.76662500000E+06	5.450577E-03	7.702166E+01
1.76849375000E+06	5.478316E-03	7.592200E+01
1.77036250000E+06	5.390339E-03	7.637612E+01
1.77223125000E+06	5.355388E-03	7.502033E+01
1.77410000000E+06	5.459700E-03	7.527693E+01
1.77596875000E+06	5.384447E-03	7.417047E+01
1.77783750000E+06	5.464770E-03	7.451998E+01
1.77970625000E+06	5.491769E-03	7.590768E+01
1.78157500000E+06	5.436020E-03	7.368015E+01
1.78344375000E+06	5.481288E-03	7.333662E+01
1.78531250000E+06	5.676937E-03	7.462684E+01
1.78718125000E+06	5.656105E-03	7.477860E+01
1.78905000000E+06	5.548499E-03	7.324919E+01
1.79091875000E+06	5.561311E-03	7.382528E+01
1.79278750000E+06	5.610619E-03	7.568346E+01
1.79465625000E+06	5.494706E-03	7.396962E+01
1.79652500000E+06	5.602979E-03	7.295135E+01
1.79839375000E+06	5.590207E-03	7.467123E+01
1.80026250000E+06	5.582842E-03	7.431767E+01
1.80213125000E+06	5.724729E-03	7.329278E+01
1.80400000000E+06	5.585288E-03	7.501291E+01
1.80586875000E+06	5.547393E-03	7.359750E+01
1.80773750000E+06	5.653074E-03	7.406548E+01
1.80960625000E+06	5.652123E-03	7.292532E+01
1.81147500000E+06	5.702707E-03	7.216254E+01
1.81334375000E+06	5.524587E-03	7.548092E+01
1.81521250000E+06	5.739604E-03	7.410400E+01
1.81708125000E+06	5.762623E-03	7.359530E+01
1.81895000000E+06	5.639371E-03	7.352640E+01
1.82081875000E+06	5.783735E-03	7.355773E+01
1.82268750000E+06	5.532886E-03	7.075974E+01
1.82455625000E+06	5.693213E-03	7.434009E+01
1.82642500000E+06	5.540959E-03	7.170306E+01
1.82829375000E+06	5.633708E-03	7.264201E+01
1.83016250000E+06	5.692014E-03	7.054819E+01
1.83203125000E+06	5.771359E-03	6.994325E+01
1.83390000000E+06	5.730474E-03	6.967580E+01
1.83576875000E+06	5.753887E-03	7.033298E+01
1.83763750000E+06	5.890500E-03	7.177300E+01
1.83950625000E+06	6.107405E-03	7.181857E+01
1.84137500000E+06	5.633771E-03	6.926317E+01
1.84324375000E+06	5.674046E-03	7.136625E+01
1.84511250000E+06	5.564601E-03	7.212823E+01
1.84698125000E+06	5.717642E-03	7.053054E+01
1.84885000000E+06	5.696652E-03	7.360122E+01
1.85071875000E+06	5.720768E-03	7.133154E+01
1.85258750000E+06	5.678498E-03	7.225118E+01
1.85445625000E+06	5.503957E-03	6.948826E+01
1.85632500000E+06	5.543837E-03	7.297463E+01
1.85819375000E+06	5.811058E-03	7.168084E+01
1.86006250000E+06	5.712403E-03	7.057152E+01
1.86193125000E+06	5.957482E-03	7.203353E+01
1.86380000000E+06	5.917553E-03	6.856033E+01
1.86566875000E+06	5.877887E-03	6.892237E+01
1.86753750000E+06	5.744664E-03	6.980002E+01
1.86940625000E+06	5.850717E-03	6.879303E+01
1.87127500000E+06	5.686534E-03	6.971841E+01
1.87314375000E+06	5.891823E-03	6.853934E+01
1.87501250000E+06	5.891260E-03	6.903844E+01
1.87688125000E+06	5.659616E-03	7.011568E+01
1.87875000000E+06	5.699258E-03	6.927972E+01
1.88061875000E+06	5.832684E-03	6.953734E+01
1.88248750000E+06	5.757696E-03	7.082330E+01
1.88435625000E+06	5.918564E-03	6.937260E+01
1.88622500000E+06	5.771096E-03	6.957409E+01
1.88809375000E+06	5.617116E-03	6.825319E+01
1.88996250000E+06	5.751570E-03	6.899524E+01
1.89183125000E+06	5.521782E-03	6.855900E+01
1.89370000000E+06	5.805933E-03	6.918575E+01
1.89556875000E+06	5.706290E-03	6.715872E+01
1.89743750000E+06	5.598668E-03	6.945061E+01
1.89930625000E+06	5.756936E-03	6.879521E+01
1.90117500000E+06	5.822196E-03	6.713998E+01
1.90304375000E+06	5.809550E-03	7.104709E+01
1.90491250000E+06	5.760792E-03	6.937014E+01
1.90678125000E+06	5.767477E-03	6.990757E+01
1.90865000000E+06	5.717164E-03	6.788709E+01
1.91051875000E+06	5.768946E-03	6.981457E+01
1.91238750000E+06	5.665544E-03	7.020436E+01
1.91425625000E+06	5.772704E-03	6.957341E+01
1.91612500000E+06	5.808856E-03	6.839050E+01
1.91799375000E+06	5.734173E-03	6.907849E+01
1.91986250000E+06	5.753720E-03	7.002581E+01
1.92173125000E+06	5.731680E-03	6.846092E+01
1.92360000000E+06	5.747925E-03	6.858189E+01
1.92546875000E+06	5.772691E-03	6.731675E+01
1.92733750000E+06	5.871482E-03	6.982143E+01
1.92920625000E+06	5.855556E-03	6.934193E+01
1.93107500000E+06	5.824715E-03	6.960568E+01
1.93294375000E+06	5.863242E-03	6.930942E+01
1.93481250000E+06	5.779658E-03	6.886240E+01
1.93668125000E+06	5.746427E-03	6.917912E+01
1.93855000000E+06	5.795309E-03	6.954504E+01
1.94041875000E+06	5.828042E-03	6.869534E+01
1.94228750000E+06	5.865631E-03	6.817427E+01
1.94415625000E+06	5.635099E-03	6.747398E+01
1.94602500000E+06	5.684113E-03	6.860932E+01
1.94789375000E+06	5.835725E-03	6.842595E+01
1.94976250000E+06	5.730428E-03	6.993028E+01
1.95163125000E+06	5.878109E-03	6.848798E+01
1.95350000000E+06	5.778207E-03	6.965793E+01
1.95536875000E+06	5.851788E-03	7.070441E+01
1.95723750000E+06	5.716369E-03	6.669424E+01
1.95910625000E+06	5.743396E-03	6.823595E+01
1.96097500000E+06	5.813911E-03	6.756972E+01
1.96284375000E+06	5.884206E-03	6.860693E+01
1.96471250000E+06	5.628633E-03	6.711273E+01
1.96658125000E+06	5.925069E-03	6.907475E+01
1.96845000000E+06	5.815010E-03	6.924812E+01
1.97031875000E+06	5.759677E-03	6.829896E+01
1.97218750000E+06	5.918715E-03	7.119312E+01
1.97405625000E+06	5.796359E-03	6.699422E+01
1.97592500000E+06	5.776563E-03	7.014988E+01
1.97779375000E+06	5.569670E-03	6.652042E+01
1.97966250000E+06	5.662816E-03	6.729887E+01
1.98153125000E+06	5.916359E-03	6.784122E+01
1.98340000000E+06	5.870827E-03	7.146461E+01
1.98526875000E+06	5.701325E-03	6.953238E+01
1.98713750000E+06	5.785841E-03	6.936900E+01
1.98900625000E+06	5.933588E-03	6.936472E+01
1.99087500000E+06	5.801715E-03	6.841337E+01
1.99274375000E+06	5.871507E-03	7.085456E+01
1.99461250000E+06	5.583831E-03	6.719382E+01
1.99648125000E+06	5.697799E-03	6.838422E+01
1.99835000000E+06	5.629133E-03	6.999227E+01
2.00021875000E+06	5.821892E-03	6.955777E+01
2.00208750000E+06	5.995540E-03	6.633598E+01
2.00395625000E+06	5.974904E-03	6.858208E+01
2.00582500000E+06	5.741745E-03	6.968430E+01
2.00769375000E+06	5.900921E-03	6.742052E+01
2.00956250000E+06	5.797545E-03	6.846822E+01
2.01143125000E+06	5.957859E-03	7.040776E+01
2.01330000000E+06	5.910928E-03	6.800902E+01
2.01516875000E+06	5.882248E-03	6.983852E+01
2.01703750000E+06	5.856775E-03	6.864622E+01
2.01890625000E+06	5.552806E-03	6.991429E+01
2.02077500000E+06	5.900247E-03	6.812534E+01
2.02264375000E+06	6.062683E-03	7.112157E+01
2.02451250000E+06	5.821517E-03	6.716843E+01
2.02638125000E+06	5.717295E-03	6.962818E+01
2.02825000000E+06	5.890167E-03	6.947443E+01
2.03011875000E+06	5.838778E-03	6.855171E+01
2.03198750000E+06	5.759082E-03	6.775626E+01
2.03385625000E+06	5.860386E-03	6.733227E+01
2.03572500000E+06	5.783038E-03	6.889194E+01
2.03759375000E+06	5.836193E-03	6.955769E+01
2.03946250000E+06	5.675360E-03	6.938009E+01
2.04133125000E+06	5.950679E-03	6.602126E+01
2.04320000000E+06	5.796504E-03	6.757279E+01
2.04506875000E+06	5.927920E-03	6.942719E+01
2.04693750000E+06	5.646005E-03	6.919390E+01
2.04880625000E+06	5.872155E-03	6.972367E+01
2.05067500000E+06	5.967364E-03	6.865089E+01
2.05254375000E+06	6.052231E-03	7.027609E+01
2.05441250000E+06	5.992107E-03	6.854730E+01
2.05628125000E+06	5.870882E-03	6.944697E+01
2.05815000000E+06	5.896632E-03	6.678985E+01
2.06001875000E+06	5.840207E-03	6.849216E+01
2.06188750000E+06	5.854045E-03	6.759325E+01
2.06375625000E+06	5.978844E-03	6.939162E+01
2.06562500000E+06	5.795900E-03	6.768863E+01
2.06749375000E+06	5.958987E-03	6.843880E+01
2.06936250000E+06	5.975529E-03	6.936313E+01
2.07123125000E+06	5.817655E-03	6.727956E+01
2.07310000000E+06	6.144770E-03	6.909918E+01
2.07496875000E+06	5.867443E-03	6.922697E+01
2.07683750000E+06	6.030272E-03	6.808427E+01
2.07870625000E+06	6.060519E-03	6.769083E+01
2.08057500000E+06	6.088069E-03	6.916495E+01
2.08244375000E+06	6.081741E-03	6.723682E+01
2.08431250000E+06	6.023925E-03	6.710223E+01
2.08618125000E+06	5.877629E-03	6.666557E+01
2.08805000000E+06	6.022662E-03	6.714096E+01
2.08991875000E+06	6.020871E-03	6.751820E+01
2.09178750000E+06	6.036852E-03	6.833910E+01
2.09365625000E+06	5.941357E-03	6.727003E+01
2.09552500000E+06	6.123351E-03	6.826455E+01
2.09739375000E+06	6.022967E-03	6.657351E+01
2.09926250000E+06	5.993345E-03	6.774308E+01
2.10113125000E+06	5.980267E-03	6.821080E+01
2.10300000000E+06	5.964476E-03	6.746416E+01
2.10486875000E+06	5.974786E-03	6.811230E+01
2.10673750000E+06	6.034771E-03	6.748830E+01
2.10860625000E+06	6.022578E-03	6.733292E+01
2.11047500000E+06	6.193837E-03	6.777905E+01
2.11234375000E+06	6.049199E-03	6.748383E+01
2.11421250000E+06	5.986540E-03	6.748518E+01
2.11608125000E+06	6.035388E-03	6.755287E+01
2.11795000000E+06	6.108545E-03	6.820030E+01
2.11981875000E+06	6.229138E-03	6.779001E+01
2.12168750000E+06	6.120557E-03	6.866251E+01
2.12355625000E+06	5.974005E-03	6.714445E+01
2.12542500000E+06	6.166031E-03	6.914848E+01
2.12729375000E+06	6.028940E-03	6.829229E+01
2.12916250000E+06	6.128782E-03	6.813097E+01
2.13103125000E+06	6.087435E-03	6.788068E+01
2.13290000000E+06	5.995866E-03	6.777056E+01
2.13476875000E+06	6.094937E-03	6.936768E+01
2.13663750000E+06	6.070626E-03	6.730240E+01
2.13850625000E+06	6.069476E-03	6.676236E+01
2.14037500000E+06	6.163474E-03	6.528819E+01
2.14224375000E+06	6.187583E-03	6.876711E+01
2.14411250000E+06	6.169264E-03	6.805930E+01
2.14598125000E+06	6.128929E-03	6.751705E+01
2.14785000000E+06	6.181920E-03	6.877711E+01
2.14971875000E+06	6.110064E-03	6.749150E+01
2.15158750000E+06	5.942799E-03	6.789632E+01
2.15345625000E+06	6.046720E-03	6.609270E+01
2.15532500000E+06	6.109458E-03	6.717265E+01
2.15719375000E+06	6.237315E-03	6.809484E+01
2.15906250000E+06	6.087607E-03	6.713718E+01
2.16093125000E+06	6.122956E-03	6.881599E+01
2.16280000000E+06	5.998468E-03	6.764425E+01
2.16466875000E+06	6.192800E-03	6.645994E+01
2.16653750000E+06	6.014571E-03	6.611840E+01
2.16840625000E+06	6.210659E-03	6.591592E+01
2.17027500000E+06	6.391552E-03	6.642210E+01
2.17214375000E+06	6.210540E-03	6.643752E+01
2.17401250000E+06	6.343333E-03	6.703202E+01
2.17588125000E+06	6.081197E-03	6.583172E+01
2.17775000000E+06	6.049823E-03	6.746510E+01
2.17961875000E+06	6.266284E-03	6.610721E+01
2.18148750000E+06	6.175298E-03	6.583079E+01
2.18335625000E+06	6.047965E-03	6.759663E+01
2.18522500000E+06	6.057976E-03	6.560327E+01
2.18709375000E+06	6.108667E-03	6.675459E+01
2.18896250000E+06	6.258678E-03	6.535092E+01
2.19083125000E+06	6.123543E-03	6.803307E+01
2.19270000000E+06	6.057704E-03	6.563786E+01
2.19456875000E+06	6.049823E-03	6.991513E+01
2.19643750000E+06	5.914335E-03	6.167307E+01
2.19830625000E+06	6.326016E-03	6.667444E+01
2.20017500000E+06	6.335223E-03	6.716131E+01
2.20204375000E+06	6.412365E-03	6.703709E+01
2.20391250000E+06	5.898970E-03	6.865208E+01
2.20578125000E+06	6.166826E-03	6.630764E+01
2.20765000000E+06	6.225428E-03	6.619352E+01
2.20951875000E+06	6.157638E-03	6.570177E+01
2.21138750000E+06	6.322156E-03	6.459490E+01
2.21325625000E+06	6.229858E-03	6.757458E+01
2.21512500000E+06	6.390602E-03	6.646411E+01
2.21699375000E+06	6.100614E-03	6.597104E+01
2.21886250000E+06	6.198773E-03	6.710700E+01
2.22073125000E+06	6.274281E-03	7.014813E+01
2.22260000000E+06	6.033077E-03	6.741784E+01
2.22446875000E+06	6.390932E-03	6.773034E+01
2.22633750000E+06	6.139378E-03	6.655214E+01
2.22820625000E+06	6.256288E-03	6.550013E+01
2.23007500000E+06	6.319100E-03	6.575033E+01
2.23194375000E+06	6.172857E-03	6.644656E+01
2.23381250000E+06	6.301222E-03	6.601804E+01
2.23568125000E+06	6.213184E-03	6.576671E+01
2.23755000000E+06	6.337965E-03	6.910520E+01
2.23941875000E+06	6.477450E-03	6.736832E+01
2.24128750000E+06	6.188945E-03	6.680075E+01
2.24315625000E+06	6.186236E-03	6.810008E+01
2.24502500000E+06	6.110203E-03	6.699611E+01
2.24689375000E+06	5.992766E-03	6.335307E+01
2.24876250000E+06	6.288048E-03	6.608350E+01
2.25063125000E+06	6.367560E-03	6.684879E+01
2.25250000000E+06	6.377614E-03	6.692310E+01
2.25436875000E+06	6.331555E-03	6.685157E+01
2.25623750000E+06	6.423330E-03	6.526569E+01
2.25810625000E+06	6.459609E-03	6.373831E+01
2.25997500000E+06	6.359667E-03	6.684081E+01
2.26184375000E+06	6.311147E-03	6.631700E+01
2.26371250000E+06	6.196800E-03	6.536675E+01
2.26558125000E+06	6.404297E-03	6.632201E+01
2.26745000000E+06	6.497256E-03	6.584565E+01
2.26931875000E+06	6.173128E-03	6.526644E+01
2.27118750000E+06	6.517355E-03	6.480405E+01
2.27305625000E+06	6.284512E-03	6.634786E+01
2.27492500000E+06	6.393170E-03	6.625866E+01
2.27679375000E+06	6.438754E-03	6.732848E+01
2.27866250000E+06	6.310801E-03	6.419548E+01
2.28053125000E+06	6.416921E-03	6.596580E+01
2.28240000000E+06	6.394947E-03	6.547018E+01
2.28426875000E+06	6.609061E-03	6.635559E+01
2.28613750000E+06	6.295773E-03	6.719696E+01
2.28800625000E+06	6.326291E-03	6.663364E+01
2.28987500000E+06	6.350956E-03	6.598602E+01
2.29174375000E+06	6.455549E-03	6.609705E+01
2.29361250000E+06	6.548902E-03	6.638335E+01
2.29548125000E+06	6.340783E-03	6.554935E+01
2.29735000000E+06	6.376286E-03	6.708208E+01
2.29921875000E+06	6.331101E-03	6.556593E+01
2.30108750000E+06	6.242996E-03	6.575992E+01
2.30295625000E+06	6.456924E-03	6.618867E+01
2.30482500000E+06	6.375663E-03	6.596773E+01
2.30669375000E+06	6.387874E-03	6.663663E+01
2.30856250000E+06	6.391289E-03	6.613067E+01
2.31043125000E+06	6.367116E-03	6.550887E+01
2.31230000000E+06	6.444663E-03	6.560247E+01
2.31416875000E+06	6.449939E-03	6.663741E+01
2.31603750000E+06	6.598451E-03	6.527579E+01
2.31790625000E+06	6.374231E-03	6.504603E+01
2.31977500000E+06	6.446261E-03	6.697939E+01
2.32164375000E+06	6.459303E-03	6.435548E+01
2.32351250000E+06	6.463150E-03	6.499521E+01
2.32538125000E+06	6.565635E-03	6.670839E+01
2.32725000000E+06	6.337988E-03	6.616798E+01
2.32911875000E+06	6.433710E-03	6.608606E+01
2.33098750000E+06	6.370794E-03	6.449879E+01
2.33285625000E+06	6.486268E-03	6.602105E+01
2.33472500000E+06	6.368977E-03	6.558778E+01
2.33659375000E+06	6.495926E-03	6.628198E+01
2.33846250000E+06	6.412669E-03	6.640560E+01
2.34033125000E+06	6.453831E-03	6.561768E+01
2.34220000000E+06	6.516920E-03	6.563226E+01
2.34406875000E+06	6.522945E-03	6.603851E+01
2.34593750000E+06	6.353776E-03	6.657911E+01
2.34780625000E+06	6.486687E-03	6.631937E+01
2.34967500000E+06	6.442648E-03	6.661724E+01
2.35154375000E+06	6.450235E-03	6.526853E+01
2.35341250000E+06	6.525670E-03	6.573448E+01
2.35528125000E+06	6.518715E-03	6.557695E+01
2.35715000000E+06	6.461699E-03	6.503571E+01
2.35901875000E+06	6.450440E-03	6.564603E+01
2.36088750000E+06	6.638705E-03	6.457053E+01
2.36275625000E+06	6.502842E-03	6.507493E+01
2.36462500000E+06	6.599124E-03	6.535425E+01
2.36649375000E+06	6.632652E-03	6.432458E+01
2.36836250000E+06	6.514148E-03	6.466912E+01
2.37023125000E+06	6.562324E-03	6.420183E+01
2.37210000000E+06	6.549884E-03	6.655784E+01
2.37396875000E+06	6.488867E-03	6.583713E+01
2.37583750000E+06	6.598711E-03	6.494952E+01
2.37770625000E+06	6.489898E-03	6.582543E+01
2.37957500000E+06	6.508756E-03	6.385816E+01
2.38144375000E+06	6.484583E-03	6.400951E+01
2.38331250000E+06	6.428603E-03	6.549068E+01
2.38518125000E+06	6.509332E-03	6.411308E+01
2.38705000000E+06	6.585286E-03	6.541490E+01
2.38891875000E+06	6.688090E-03	6.621631E+01
2.39078750000E+06	6.585487E-03	6.500278E+01
2.39265625000E+06	6.563286E-03	6.510809E+01
2.39452500000E+06	6.694985E-03	6.556000E+01
2.39639375000E+06	6.551068E-03	6.659605E+01
2.39826250000E+06	6.532126E-03	6.423363E+01
2.40013125000E+06	6.597408E-03	6.488274E+01
2.40200000000E+06	6.555858E-03	6.561203E+01
2.40386875000E+06	6.587756E-03	6.557307E+01
2.40573750000E+06	6.715204E-03	6.574837E+01
2.40760625000E+06	6.634050E-03	6.569632E+01
2.40947500000E+06	6.567224E-03	6.587299E+01
2.41134375000E+06	6.451942E-03	6.671780E+01
2.41321250000E+06	6.658725E-03	6.477078E+01
2.41508125000E+06	6.509841E-03	6.449557E+01
2.41695000000E+06	6.748690E-03	6.503004E+01
2.41881875000E+06	6.608826E-03	6.532110E+01
2.42068750000E+06	6.446429E-03	6.426974E+01
2.42255625000E+06	6.518244E-03	6.491536E+01
2.42442500000E+06	6.476399E-03	6.475628E+01
2.42629375000E+06	6.847788E-03	6.608212E+01
2.42816250000E+06	6.695509E-03	6.436568E+01
2.43003125000E+06	6.868328E-03	6.431203E+01
2.43190000000E+06	6.360523E-03	6.560331E+01
2.43376875000E+06	6.631156E-03	6.520641E+01
2.43563750000E+06	6.506181E-03	6.500262E+01
2.43750625000E+06	6.754382E-03	6.361674E+01
2.43937500000E+06	6.686761E-03	6.637588E+01
2.44124375000E+06	6.649445E-03	6.532027E+01
2.44311250000E+06	6.722315E-03	6.512588E+01
2.44498125000E+06	6.803260E-03	6.695006E+01
2.44685000000E+06	6.449208E-03	6.517730E+01
2.44871875000E+06	6.430523E-03	6.414635E+01
2.45058750000E+06	6.425438E-03	6.519818E+01
2.45245625000E+06	6.710449E-03	6.372723E+01
2.45432500000E+06	6.395877E-03	6.562690E+01
2.45619375000E+06	6.739439E-03	6.584731E+01
2.45806250000E+06	6.706012E-03	6.762580E+01
2.45993125000E+06	6.749034E-03	6.742482E+01
2.46180000000E+06	6.754642E-03	6.569386E+01
2.46366875000E+06	6.419114E-03	6.488078E+01
2.46553750000E+06	6.435643E-03	6.512954E+01
2.46740625000E+06	6.823842E-03	6.339988E+01
2.46927500000E+06	6.542798E-03	6.577254E+01
2.47114375000E+06	6.778515E-03	6.547175E+01
2.47301250000E+06	6.660488E-03	6.693164E+01
2.47488125000E+06	6.779247E-03	6.436967E+01
2.47675000000E+06	6.786801E-03	6.436301E+01
2.47861875000E+06	6.526446E-03	6.547739E+01
2.48048750000E+06	6.729639E-03	6.254724E+01
2.48235625000E+06	6.616106E-03	6.613613E+01
2.48422500000E+06	6.583355E-03	6.423490E+01
2.48609375000E+06	6.787030E-03	6.449608E+01
2.48796250000E+06	6.728478E-03	6.589010E+01
2.48983125000E+06	6.747556E-03	6.302963E+01
2.49170000000E+06	6.788895E-03	6.215081E+01
2.49356875000E+06	6.666769E-03	6.422910E+01
2.49543750000E+06	6.964458E-03	6.487558E+01
2.49730625000E+06	6.869239E-03	6.375169E+01
2.49917500000E+06	6.633285E-03	6.435911E+01
2.50104375000E+06	7.029621E-03	6.375420E+01
2.50291250000E+06	6.767568E-03	6.637852E+01
2.50478125000E+06	6.865653E-03	6.470242E+01
2.50665000000E+06	6.808063E-03	6.297837E+01
2.50851875000E+06	6.691358E-03	6.535910E+01
2.51038750000E+06	6.731827E-03	6.417890E+01
2.51225625000E+06	6.835651E-03	6.359629E+01
2.51412500000E+06	6.787083E-03	6.235822E+01
2.51599375000E+06	6.836197E-03	6.557369E+01
2.51786250000E+06	6.768311E-03	6.548726E+01
2.51973125000E+06	6.711294E-03	6.399586E+01
2.52160000000E+06	6.959967E-03	6.585830E+01
2.52346875000E+06	6.863486E-03	6.324421E+01
2.52533750000E+06	6.751816E-03	6.597712E+01
2.52720625000E+06	6.698199E-03	6.498074E+01
2.52907500000E+06	6.726175E-03	6.373403E+01
2.53094375000E+06	6.878486E-03	6.410421E+01
2.53281250000E+06	6.788843E-03	6.593385E+01
2.53468125000E+06	6.882406E-03	6.373823E+01
2.53655000000E+06	6.793908E-03	6.329791E+01
2.53841875000E+06	6.881172E-03	6.362572E+01
2.54028750000E+06	6.800228E-03	6.359673E+01
2.54215625000E+06	6.976340E-03	6.452830E+01
2.54402500000E+06	7.014519E-03	6.449452E+01
2.54589375000E+06	6.891140E-03	6.481245E+01
2.54776250000E+06	6.822360E-03	6.391039E+01
2.54963125000E+06	6.831514E-03	6.487179E+01
2.55150000000E+06	6.965830E-03	6.620604E+01
2.55336875000E+06	6.993702E-03	6.527246E+01
2.55523750000E+06	7.072106E-03	6.491763E+01
2.55710625000E+06	6.827280E-03	6.472678E+01
2.55897500000E+06	6.785171E-03	6.383340E+01
2.56084375000E+06	6.907772E-03	6.491576E+01
2.56271250000E+06	6.955878E-03	6.344475E+01
2.56458125000E+06	6.893220E-03	6.398814E+01
2.56645000000E+06	6.930631E-03	6.447537E+01
2.56831875000E+06	6.898752E-03	6.354693E+01
2.57018750000E+06	6.864450E-03	6.343359E+01
2.57205625000E+06	6.900831E-03	6.449948E+01
2.57392500000E+06	6.848354E-03	6.327350E+01
2.57579375000E+06	6.885509E-03	6.278520E+01
2.57766250000E+06	6.875002E-03	6.386856E+01
2.57953125000E+06	6.845104E-03	6.428861E+01
2.58140000000E+06	6.898512E-03	6.442855E+01
2.58326875000E+06	6.806897E-03	6.326137E+01
2.58513750000E+06	6.997898E-03	6.386194E+01
2.58700625000E+06	7.019466E-03	6.326825E+01
2.58887500000E+06	6.922561E-03	6.476006E+01
2.59074375000E+06	6.804402E-03	6.368140E+01
2.59261250000E+06	6.831677E-03	6.335637E+01
2.59448125000E+06	6.947878E-03	6.469440E+01
2.59635000000E+06	6.899181E-03	6.462402E+01
2.59821875000E+06	6.873191E-03	6.453210E+01
2.60008750000E+06	7.016909E-03	6.449577E+01
2.60195625000E+06	6.930657E-03	6.441146E+01
2.60382500000E+06	6.975080E-03	6.430079E+01
2.60569375000E+06	6.901637E-03	6.551139E+01
2.60756250000E+06	6.929194E-03	6.413747E+01
2.60943125000E+06	7.042750E-03	6.421407E+01
2.61130000000E+06	7.070317E-03	6.483985E+01
2.61316875000E+06	7.042466E-03	6.416451E+01
2.61503750000E+06	7.103517E-03	6.420047E+01
2.61690625000E+06	7.049111E-03	6.439885E+01
2.61877500000E+06	7.054504E-03	6.344712E+01
2.62064375000E+06	7.014399E-03	6.392344E+01
2.62251250000E+06	6.930424E-03	6.414066E+01
2.62438125000E+06	6.899131E-03	6.409351E+01
2.62625000000E+06	7.006729E-03	6.371771E+01
2.62811875000E+06	6.966229E-03	6.445393E+01
2.62998750000E+06	7.049015E-03	6.405164E+01
2.63185625000E+06	7.006184E-03	6.351373E+01
2.63372500000E+06	6.974071E-03	6.413296E+01
2.63559375000E+06	7.089375E-03	6.387025E+01
2.63746250000E+06	7.096502E-03	6.371871E+01
2.63933125000E+06	7.034281E-03	6.375351E+01
2.64120000000E+06	6.947091E-03	6.342859E+01
2.64306875000E+06	7.087015E-03	6.438705E+01
2.64493750000E+06	7.113851E-03	6.418927E+01
2.64680625000E+06	7.140911E-03	6.317645E+01
2.64867500000E+06	7.183739E-03	6.392097E+01
2.65054375000E+06	6.994667E-03	6.433007E+01
2.65241250000E+06	6.982414E-03	6.385014E+01
2.65428125000E+06	7.052929E-03	6.339629E+01
2.65615000000E+06	7.034247E-03	6.343206E+01
2.65801875000E+06	7.095628E-03	6.407298E+01
2.65988750000E+06	7.158055E-03	6.201869E+01
2.66175625000E+06	7.142853E-03	6.270536E+01
2.66362500000E+06	6.984050E-03	6.321395E+01
2.66549375000E+06	7.229410E-03	6.418114E+01
2.66736250000E+06	7.070940E-03	6.312022E+01
2.66923125000E+06	7.097896E-03	6.304438E+01
2.67110000000E+06	7.110255E-03	6.361217E+01
2.67296875000E+06	7.178274E-03	6.274899E+01
2.67483750000E+06	7.121174E-03	6.330635E+01
2.67670625000E+06	7.117394E-03	6.354239E+01
2.67857500000E+06	7.172662E-03	6.355634E+01
2.68044375000E+06	7.199247E-03	6.400722E+01
2.68231250000E+06	7.098077E-03	6.426175E+01
2.68418125000E+06	7.105364E-03	6.383663E+01
2.68605000000E+06	7.175799E-03	6.407602E+01
2.68791875000E+06	7.222279E-03	6.327157E+01
2.68978750000E+06	7.065985E-03	6.344655E+01
2.69165625000E+06	7.264595E-03	6.341413E+01
2.69352500000E+06	7.131605E-03	6.271587E+01
2.69539375000E+06	7.257937E-03	6.519195E+01
2.69726250000E+06	7.164387E-03	6.448266E+01
2.69913125000E+06	7.086966E-03	6.398312E+01
2.70100000000E+06	7.025503E-03	6.255635E+01
2.70286875000E+06	7.230644E-03	6.377035E+01
2.70473750000E+06	7.163659E-03	6.243306E+01
2.70660625000E+06	7.176052E-03	6.378850E+01
2.70847500000E+06	7.269390E-03	6.292952E+01
2.71034375000E+06	7.249847E-03	6.299855E+01
2.71221250000E+06	7.100729E-03	6.548262E+01
2.71408125000E+06	7.058507E-03	6.382185E+01
2.71595000000E+06	7.260872E-03	6.461414E+01
2.71781875000E+06	7.227406E-03	6.439864E+01
2.71968750000E+06	7.070745E-03	6.206908E+01
2.72155625000E+06	7.385158E-03	6.454711E+01
2.72342500000E+06	7.069675E-03	6.428664E+01
2.72529375000E+06	7.246048E-03	6.257715E+01
2.72716250000E+06	6.980509E-03	6.314264E+01
2.72903125000E+06	7.373925E-03	6.225134E+01
2.73090000000E+06	7.120556E-03	6.400444E+01
2.73276875000E+06	7.237248E-03	6.212748E+01
2.73463750000E+06	7.114791E-03	6.064860E+01
2.73650625000E+06	7.542241E-03	6.260902E+01
2.73837500000E+06	7.359932E-03	6.336590E+01
2.74024375000E+06	7.198389E-03	6.361138E+01
2.74211250000E+06	7.220623E-03	6.300580E+01
2.74398125000E+06	7.408920E-03	6.320906E+01
2.74585000000E+06	7.416369E-03	6.114194E+01
2.74771875000E+06	7.115230E-03	6.319391E+01
2.74958750000E+06	7.305941E-03	6.239580E+01
2.75145625000E+06	7.092806E-03	6.342567E+01
2.75332500000E+06	7.570879E-03	6.170010E+01
2.75519375000E+06	6.912638E-03	6.277428E+01
2.75706250000E+06	7.506058E-03	6.349812E+01
2.75893125000E+06	7.440124E-03	6.325655E+01
2.76080000000E+06	7.294338E-03	6.359392E+01
2.76266875000E+06	7.145311E-03	6.340323E+01
2.76453750000E+06	7.451339E-03	6.367339E+01
2.76640625000E+06	7.256576E-03	6.015279E+01
2.76827500000E+06	7.355061E-03	6.324993E+01
2.77014375000E+06	7.469771E-03	6.186577E+01
2.77201250000E+06	7.385252E-03	6.223712E+01
2.77388125000E+06	7.450658E-03	6.337599E+01
2.77575000000E+06	7.542423E-03	6.466904E+01
2.77761875000E+06	7.356903E-03	6.160907E+01
2.77948750000E+06	7.400310E-03	6.378951E+01
2.78135625000E+06	7.492813E-03	6.102633E+01
2.78322500000E+06	7.227943E-03	6.373633E+01
2.78509375000E+06	7.427912E-03	6.138786E+01
2.78696250000E+06	7.322959E-03	6.138676E+01
2.78883125000E+06	7.626254E-03	6.087635E+01
2.79070000000E+06	7.500065E-03	6.234005E+01
2.79256875000E+06	7.553412E-03	6.449902E+01
2.79443750000E+06	7.393674E-03	6.230384E+01
2.79630625000E+06	7.555053E-03	6.153334E+01
2.79817500000E+06	7.328982E-03	6.225687E+01
2.80004375000E+06	7.579507E-03	6.290901E+01
2.80191250000E+06	7.483878E-03	6.190327E+01
2.80378125000E+06	7.426302E-03	6.399783E+01
2.80565000000E+06	7.341036E-03	6.304353E+01
2.80751875000E+06	7.421931E-03	6.136595E+01
2.80938750000E+06	7.458177E-03	6.224594E+01
2.81125625000E+06	7.557533E-03	6.410480E+01
2.81312500000E+06	7.381879E-03	6.197411E+01
2.81499375000E+06	7.124607E-03	6.231915E+01
2.81686250000E+06	7.595947E-03	6.246679E+01
2.81873125000E+06	7.470092E-03	6.138814E+01
2.82060000000E+06	7.538515E-03	6.322363E+01
2.82246875000E+06	7.458564E-03	6.103642E+01
2.82433750000E+06	7.437740E-03	6.093470E+01
2.82620625000E+06	7.546883E-03	6.135183E+01
2.82807500000E+06	7.383625E-03	6.221962E+01
2.82994375000E+06	7.616719E-03	6.270047E+01
2.83181250000E+06	7.294843E-03	6.266005E+01
2.83368125000E+06	7.435797E-03	6.183070E+01
2.83555000000E+06	7.610036E-03	6.152215E+01
2.83741875000E+06	7.443097E-03	6.315986E+01
2.83928750000E+06	7.297396E-03	6.165849E+01
2.84115625000E+06	7.534637E-03	6.186377E+01
2.84302500000E+06	7.476666E-03	6.084837E+01
2.84489375000E+06	7.662690E-03	6.213812E+01
2.84676250000E+06	7.627069E-03	6.128240E+01
2.84863125000E+06	7.665499E-03	6.081341E+01
2.85050000000E+06	7.606707E-03	6.076307E+01
2.85236875000E+06	7.571144E-03	6.133478E+01
2.85423750000E+06	7.531333E-03	6.239756E+01
2.85610625000E+06	7.638233E-03	6.040567E+01
2.85797500000E+06	7.377672E-03	6.238411E+01
2.85984375000E+06	7.465858E-03	6.164779E+01
2.86171250000E+06	7.740659E-03	6.138795E+01
2.86358125000E+06	7.381800E-03	6.218813E+01
2.86545000000E+06	7.487415E-03	6.064974E+01
2.86731875000E+06	7.668087E-03	6.198091E+01
2.86918750000E+06	7.589663E-03	6.182073E+01
2.87105625000E+06	7.607732E-03	6.069703E+01
2.87292500000E+06	7.430532E-03	6.129242E+01
2.87479375000E+06	7.625094E-03	6.101411E+01
2.87666250000E+06	7.547742E-03	6.137076E+01
2.87853125000E+06	7.604385E-03	6.205565E+01
2.88040000000E+06	7.523179E-03	6.128304E+01
2.88226875000E+06	7.546659E-03	6.243618E+01
2.88413750000E+06	7.601001E-03	6.113771E+01
2.88600625000E+06	7.623528E-03	6.009526E+01
2.88787500000E+06	7.576463E-03	6.174778E+01
2.88974375000E+06	7.648611E-03	6.090117E+01
2.89161250000E+06	7.386411E-03	6.100761E+01
2.89348125000E+06	7.645790E-03	6.089602E+01
2.89535000000E+06	7.595426E-03	6.169189E+01
2.89721875000E+06	7.716351E-03	6.113428E+01
2.89908750000E+06	7.703636E-03	6.202972E+01
2.90095625000E+06	7.533526E-03	6.100306E+01
2.90282500000E+06	7.647781E-03	6.054226E+01
2.90469375000E+06	7.559559E-03	6.073859E+01
2.90656250000E+06	7.461131E-03	6.217302E+01
2.90843125000E+06	7.616391E-03	6.252934E+01
2.91030000000E+06	7.642344E-03	6.207785E+01
2.91216875000E+06	7.693159E-03	6.088015E+01
2.91403750000E+06	7.583685E-03	6.038443E+01
2.91590625000E+06	7.784313E-03	6.029025E+01
2.91777500000E+06	7.626875E-03	6.075283E+01
2.91964375000E+06	7.658083E-03	6.127264E+01
2.92151250000E+06	7.661964E-03	6.021355E+01
2.92338125000E+06	7.693128E-03	6.191500E+01
2.92525000000E+06	7.759748E-03	5.984795E+01
2.92711875000E+06	7.628908E-03	6.007129E+01
2.92898750000E+06	7.620038E-03	6.016959E+01
2.93085625000E+06	7.496464E-03	6.095267E+01
2.93272500000E+06	7.760927E-03	6.107904E+01
2.93459375000E+06	7.725326E-03	6.113049E+01
2.93646250000E+06	7.662736E-03	6.071995E+01
2.93833125000E+06	7.724934E-03	5.976774E+01
2.94020000000E+06	7.761952E-03	6.040166E+01
2.94206875000E+06	7.746057E-03	6.058271E+01
2.94393750000E+06	7.813359E-03	6.178445E+01
2.94580625000E+06	7.736041E-03	6.085746E+01
2.94767500000E+06	7.667785E-03	6.043854E+01
2.94954375000E+06	7.728200E-03	6.103782E+01
2.95141250000E+06	7.670332E-03	6.065248E+01
2.95328125000E+06	7.700151E-03	6.132106E+01
2.95515000000E+06	7.714134E-03	6.128541E+01
2.95701875000E+06	7.743272E-03	6.164105E+01
2.95888750000E+06	7.660057E-03	5.980766E+01
2.96075625000E+06	7.651883E-03	6.034046E+01
2.96262500000E+06	7.667901E-03	6.095519E+01
2.96449375000E+06	7.745096E-03	6.094716E+01
2.96636250000E+06	7.653154E-03	6.034078E+01
2.96823125000E+06	7.703511E-03	6.032959E+01
2.97010000000E+06	7.705382E-03	6.042144E+01
2.97196875000E+06	7.748073E-03	6.053258E+01
2.97383750000E+06	7.832901E-03	6.057815E+01
2.97570625000E+06	7.680892E-03	6.030860E+01
2.97757500000E+06	7.781122E-03	5.961466E+01
2.97944375000E+06	7.779888E-03	6.126950E+01
2.98131250000E+06	7.775882E-03	5.958789E+01
2.98318125000E+06	7.844178E-03	6.009248E+01
2.98505000000E+06	7.812261E-03	6.017675E+01
2.98691875000E+06	7.770659E-03	6.062567E+01
2.98878750000E+06	7.750195E-03	6.042103E+01
2.99065625000E+06	7.829230E-03	6.058055E+01
2.99252500000E+06	7.788251E-03	5.995397E+01
2.99439375000E+06	7.680469E-03	6.003156E+01
2.99626250000E+06	7.724985E-03	5.956318E+01
2.99813125000E+06	7.770943E-03	5.966128E+01
3.00000000000E+06	7.723948E-03	6.019598E+01
