"E5100A REV3.14"
"DATE: Jul  3 2004"



"CHANNEL: 2"
"MEASURE TYPE: AR"
"FORMAT TYPE: LINMP"
"NUMBER of POINTS: 1601"
"SWEEP TIME:  3.458 s"
"SWEEP TYPE: LINF"
"SOURCE POWER: 0 dBm"
"IF BANDWIDTH: 500 Hz"

"Frequency"	"Main Array"	"Sub Array"
1.00000000000E+04	5.929744E-02	-1.651656E+02
1.18687500000E+04	2.061836E-02	-1.030676E+02
1.37375000000E+04	1.279238E-02	1.377447E+02
1.56062500000E+04	6.612033E-03	1.223625E+00
1.74750000000E+04	3.713895E-03	5.048016E+01
1.93437500000E+04	5.522359E-03	-4.925487E+01
2.12125000000E+04	2.835995E-03	-4.728334E+01
2.30812500000E+04	2.698253E-03	7.318589E+01
2.49500000000E+04	8.643506E-04	2.316139E+01
2.68187500000E+04	1.967068E-03	-1.779486E+02
2.86875000000E+04	2.760046E-03	-7.289313E+01
3.05562500000E+04	1.503327E-03	-7.481339E+01
3.24250000000E+04	9.117584E-04	7.511346E+01
3.42937500000E+04	3.492453E-04	-7.144999E+01
3.61625000000E+04	3.925617E-04	1.153913E+02
3.80312500000E+04	1.060358E-03	-1.711668E+01
3.99000000000E+04	8.160477E-04	1.554099E+02
4.17687500000E+04	1.080993E-03	-8.695014E+01
4.36375000000E+04	3.233804E-04	9.146630E+01
4.55062500000E+04	1.197458E-03	8.449429E+01
4.73750000000E+04	1.330322E-03	3.134759E+01
4.92437500000E+04	5.825214E-04	-3.070184E+01
5.11125000000E+04	9.301858E-04	-2.544561E+01
5.29812500000E+04	2.933557E-04	-5.815049E+00
5.48500000000E+04	1.067800E-03	7.665304E+01
5.67187500000E+04	8.003835E-04	1.572070E+02
5.85875000000E+04	7.179065E-04	-1.486564E+02
6.04562500000E+04	5.243118E-04	-7.046035E+01
6.23250000000E+04	2.539211E-04	-1.532489E+02
6.41937500000E+04	8.786159E-04	-7.414283E+01
6.60625000000E+04	1.171797E-03	-1.286074E+02
6.79312500000E+04	3.889625E-04	7.063678E+01
6.98000000000E+04	6.910416E-04	6.520999E+01
7.16687500000E+04	9.117758E-04	-6.065574E+01
7.35375000000E+04	5.318552E-04	-1.075656E+02
7.54062500000E+04	2.846953E-04	-2.525159E+01
7.72750000000E+04	1.729596E-04	5.508887E+01
7.91437500000E+04	6.000641E-04	1.403320E+01
8.10125000000E+04	5.570184E-04	3.498453E+01
8.28812500000E+04	3.768624E-04	-7.104517E+01
8.47500000000E+04	6.054710E-04	-3.940009E+01
8.66187500000E+04	8.878456E-04	-4.456217E+00
8.84875000000E+04	2.258771E-04	-1.406546E+02
9.03562500000E+04	1.047341E-03	-7.650680E+01
9.22250000000E+04	2.793963E-04	-1.093456E+02
9.40937500000E+04	7.682154E-04	-1.073094E+02
9.59625000000E+04	5.749086E-04	-4.975603E+01
9.78312500000E+04	6.516177E-04	-2.670835E+01
9.97000000000E+04	6.951046E-04	-2.862790E+01
1.01568750000E+05	4.745050E-04	-7.559229E+01
1.03437500000E+05	7.513538E-04	-4.613209E+01
1.05306250000E+05	1.628435E-03	-2.498826E+01
1.07175000000E+05	5.475224E-04	-1.211561E+02
1.09043750000E+05	9.432721E-04	-6.994125E+01
1.10912500000E+05	1.959482E-03	-5.679026E+01
1.12781250000E+05	1.827690E-04	2.974339E+00
1.14650000000E+05	6.345407E-04	-8.850317E+01
1.16518750000E+05	4.851875E-04	-6.374540E+01
1.18387500000E+05	6.354170E-04	-8.991191E+01
1.20256250000E+05	3.726650E-04	-8.220776E+01
1.22125000000E+05	4.884056E-04	-4.860357E+01
1.23993750000E+05	8.266322E-04	-7.882803E+01
1.25862500000E+05	7.043257E-04	-5.210241E+01
1.27731250000E+05	5.097126E-04	-3.850733E+01
1.29600000000E+05	6.050352E-04	-7.243642E+01
1.31468750000E+05	3.591221E-04	-9.502499E+01
1.33337500000E+05	6.141157E-04	-1.218305E+02
1.35206250000E+05	6.325967E-04	-4.304848E+01
1.37075000000E+05	7.587746E-04	-5.573938E+01
1.38943750000E+05	3.831411E-04	-9.403770E+01
1.40812500000E+05	6.147007E-04	-7.949394E+01
1.42681250000E+05	5.777858E-04	-7.599492E+01
1.44550000000E+05	4.704028E-04	-1.088006E+02
1.46418750000E+05	8.893276E-04	-8.118390E+01
1.48287500000E+05	1.326599E-04	-5.605806E+00
1.50156250000E+05	6.078357E-04	-1.330447E+02
1.52025000000E+05	6.342044E-04	-8.859747E+01
1.53893750000E+05	5.607016E-04	-9.797693E+01
1.55762500000E+05	6.641300E-04	-7.159416E+01
1.57631250000E+05	6.929359E-04	-8.034836E+01
1.59500000000E+05	8.946824E-04	-8.282034E+01
1.61368750000E+05	1.085212E-03	-8.500774E+01
1.63237500000E+05	6.779980E-04	-7.509904E+01
1.65106250000E+05	5.502229E-04	-8.534848E+01
1.66975000000E+05	6.488549E-04	-6.069094E+01
1.68843750000E+05	4.008850E-04	-6.920713E+01
1.70712500000E+05	6.058305E-04	-9.188515E+01
1.72581250000E+05	1.043313E-03	-6.927380E+01
1.74450000000E+05	6.764816E-04	-1.147256E+02
1.76318750000E+05	5.494285E-04	-7.645576E+01
1.78187500000E+05	6.770846E-04	-7.755418E+01
1.80056250000E+05	1.240514E-03	-8.145097E+01
1.81925000000E+05	1.018374E-03	-1.019497E+02
1.83793750000E+05	1.309484E-03	-9.781774E+01
1.85662500000E+05	8.803308E-04	-8.322212E+01
1.87531250000E+05	7.103253E-04	-1.003983E+02
1.89400000000E+05	9.019148E-04	-1.186800E+02
1.91268750000E+05	7.901501E-04	-9.858508E+01
1.93137500000E+05	1.115438E-03	-1.024796E+02
1.95006250000E+05	7.854703E-04	-9.674144E+01
1.96875000000E+05	1.141665E-03	-8.599920E+01
1.98743750000E+05	7.573980E-04	-1.050417E+02
2.00612500000E+05	8.360907E-04	-8.575451E+01
2.02481250000E+05	1.162820E-03	-8.786295E+01
2.04350000000E+05	8.825663E-04	-8.906448E+01
2.06218750000E+05	9.924619E-04	-8.468347E+01
2.08087500000E+05	1.132851E-03	-1.020493E+02
2.09956250000E+05	1.316851E-03	-7.596109E+01
2.11825000000E+05	6.686639E-04	-7.417428E+01
2.13693750000E+05	7.497215E-04	-9.373444E+01
2.15562500000E+05	1.154894E-03	-1.115938E+02
2.17431250000E+05	8.729965E-04	-7.739867E+01
2.19300000000E+05	8.379883E-04	-8.604623E+01
2.21168750000E+05	9.624340E-04	-8.879848E+01
2.23037500000E+05	1.057126E-03	-9.274914E+01
2.24906250000E+05	9.249337E-04	-7.915988E+01
2.26775000000E+05	9.604112E-04	-6.289925E+01
2.28643750000E+05	8.548733E-04	-9.695461E+01
2.30512500000E+05	1.107304E-03	-7.559985E+01
2.32381250000E+05	8.170722E-04	-8.485435E+01
2.34250000000E+05	1.114620E-03	-8.473544E+01
2.36118750000E+05	8.499680E-04	-8.499868E+01
2.37987500000E+05	8.660927E-04	-8.877998E+01
2.39856250000E+05	9.744269E-04	-8.468129E+01
2.41725000000E+05	1.048006E-03	-9.521150E+01
2.43593750000E+05	1.016617E-03	-7.144693E+01
2.45462500000E+05	1.061168E-03	-9.237253E+01
2.47331250000E+05	1.295344E-03	-9.605808E+01
2.49200000000E+05	1.248687E-03	-9.847516E+01
2.51068750000E+05	1.158568E-03	-8.643414E+01
2.52937500000E+05	1.085462E-03	-8.865154E+01
2.54806250000E+05	1.151576E-03	-8.784339E+01
2.56675000000E+05	1.242916E-03	-8.983764E+01
2.58543750000E+05	1.045793E-03	-8.564176E+01
2.60412500000E+05	1.371034E-03	-9.241196E+01
2.62281250000E+05	1.271048E-03	-9.532828E+01
2.64150000000E+05	1.222566E-03	-9.933905E+01
2.66018750000E+05	9.715492E-04	-8.431596E+01
2.67887500000E+05	1.265645E-03	-9.041895E+01
2.69756250000E+05	1.249960E-03	-1.003299E+02
2.71625000000E+05	9.563622E-04	-8.954437E+01
2.73493750000E+05	1.403849E-03	-7.880370E+01
2.75362500000E+05	1.275383E-03	-9.987438E+01
2.77231250000E+05	1.470827E-03	-9.883494E+01
2.79100000000E+05	1.274630E-03	-1.043713E+02
2.80968750000E+05	1.230260E-03	-9.395245E+01
2.82837500000E+05	1.317165E-03	-8.407407E+01
2.84706250000E+05	1.317167E-03	-8.814220E+01
2.86575000000E+05	1.439595E-03	-9.754642E+01
2.88443750000E+05	1.268070E-03	-8.188802E+01
2.90312500000E+05	1.072149E-03	-8.547399E+01
2.92181250000E+05	1.222675E-03	-8.507111E+01
2.94050000000E+05	1.435504E-03	-9.813558E+01
2.95918750000E+05	1.279422E-03	-9.307419E+01
2.97787500000E+05	1.057202E-03	-8.167506E+01
2.99656250000E+05	1.458615E-03	-9.113026E+01
3.01525000000E+05	1.370068E-03	-9.337811E+01
3.03393750000E+05	1.495378E-03	-9.233256E+01
3.05262500000E+05	1.207340E-03	-8.381341E+01
3.07131250000E+05	1.365944E-03	-8.937364E+01
3.09000000000E+05	1.320509E-03	-1.017967E+02
3.10868750000E+05	1.212280E-03	-9.175700E+01
3.12737500000E+05	1.269074E-03	-7.680750E+01
3.14606250000E+05	1.284827E-03	-9.909943E+01
3.16475000000E+05	1.356968E-03	-8.883601E+01
3.18343750000E+05	1.304981E-03	-9.453474E+01
3.20212500000E+05	1.476260E-03	-8.627498E+01
3.22081250000E+05	1.205202E-03	-8.924170E+01
3.23950000000E+05	1.249449E-03	-9.444350E+01
3.25818750000E+05	1.439156E-03	-8.541290E+01
3.27687500000E+05	1.405308E-03	-1.010170E+02
3.29556250000E+05	1.300111E-03	-9.097717E+01
3.31425000000E+05	1.322618E-03	-9.307009E+01
3.33293750000E+05	1.257240E-03	-9.967838E+01
3.35162500000E+05	1.261657E-03	-9.735546E+01
3.37031250000E+05	1.470273E-03	-8.918920E+01
3.38900000000E+05	1.538710E-03	-9.341370E+01
3.40768750000E+05	1.537764E-03	-8.724125E+01
3.42637500000E+05	1.381605E-03	-9.886734E+01
3.44506250000E+05	1.547479E-03	-8.671384E+01
3.46375000000E+05	1.375712E-03	-9.934157E+01
3.48243750000E+05	1.657106E-03	-9.411610E+01
3.50112500000E+05	1.583518E-03	-9.925307E+01
3.51981250000E+05	1.496477E-03	-9.021728E+01
3.53850000000E+05	1.519450E-03	-9.682932E+01
3.55718750000E+05	1.539899E-03	-8.753645E+01
3.57587500000E+05	1.500749E-03	-9.470687E+01
3.59456250000E+05	1.446695E-03	-9.215611E+01
3.61325000000E+05	1.575457E-03	-9.436639E+01
3.63193750000E+05	1.583688E-03	-9.257588E+01
3.65062500000E+05	1.757618E-03	-9.462496E+01
3.66931250000E+05	1.525585E-03	-9.373281E+01
3.68800000000E+05	1.590481E-03	-9.685611E+01
3.70668750000E+05	1.659912E-03	-9.239644E+01
3.72537500000E+05	1.745499E-03	-9.373746E+01
3.74406250000E+05	1.555565E-03	-8.816777E+01
3.76275000000E+05	1.729829E-03	-9.220957E+01
3.78143750000E+05	1.591428E-03	-9.665676E+01
3.80012500000E+05	1.920389E-03	-9.713680E+01
3.81881250000E+05	1.439638E-03	-8.935770E+01
3.83750000000E+05	1.767485E-03	-8.902963E+01
3.85618750000E+05	1.757433E-03	-9.440752E+01
3.87487500000E+05	1.505152E-03	-8.606403E+01
3.89356250000E+05	1.808032E-03	-9.614384E+01
3.91225000000E+05	1.569067E-03	-9.791832E+01
3.93093750000E+05	1.577527E-03	-8.925433E+01
3.94962500000E+05	1.834155E-03	-9.728346E+01
3.96831250000E+05	1.741607E-03	-9.819055E+01
3.98700000000E+05	1.670058E-03	-9.752699E+01
4.00568750000E+05	1.542458E-03	-9.679716E+01
4.02437500000E+05	1.683606E-03	-9.426083E+01
4.04306250000E+05	1.629834E-03	-8.675005E+01
4.06175000000E+05	1.687085E-03	-9.323527E+01
4.08043750000E+05	1.742292E-03	-9.923423E+01
4.09912500000E+05	1.895113E-03	-9.579526E+01
4.11781250000E+05	1.690884E-03	-9.478082E+01
4.13650000000E+05	1.765593E-03	-9.487100E+01
4.15518750000E+05	1.900303E-03	-9.786399E+01
4.17387500000E+05	1.742848E-03	-9.812717E+01
4.19256250000E+05	1.962975E-03	-9.269013E+01
4.21125000000E+05	1.792144E-03	-8.764024E+01
4.22993750000E+05	1.824261E-03	-9.782219E+01
4.24862500000E+05	1.782746E-03	-8.580523E+01
4.26731250000E+05	1.760559E-03	-9.645132E+01
4.28600000000E+05	1.847010E-03	-9.358647E+01
4.30468750000E+05	1.627468E-03	-9.404092E+01
4.32337500000E+05	1.785320E-03	-9.602948E+01
4.34206250000E+05	2.042024E-03	-9.123788E+01
4.36075000000E+05	1.942959E-03	-9.544791E+01
4.37943750000E+05	2.054750E-03	-9.551727E+01
4.39812500000E+05	1.953453E-03	-9.591724E+01
4.41681250000E+05	1.843372E-03	-9.124267E+01
4.43550000000E+05	1.850682E-03	-9.403538E+01
4.45418750000E+05	2.081581E-03	-9.588733E+01
4.47287500000E+05	1.843296E-03	-9.232835E+01
4.49156250000E+05	1.893932E-03	-9.299940E+01
4.51025000000E+05	2.013391E-03	-9.657307E+01
4.52893750000E+05	1.924980E-03	-9.438994E+01
4.54762500000E+05	1.952807E-03	-9.329910E+01
4.56631250000E+05	1.932905E-03	-9.718694E+01
4.58500000000E+05	1.833492E-03	-9.517133E+01
4.60368750000E+05	1.827081E-03	-9.092774E+01
4.62237500000E+05	2.071528E-03	-9.445178E+01
4.64106250000E+05	1.958746E-03	-9.121741E+01
4.65975000000E+05	1.952157E-03	-9.872885E+01
4.67843750000E+05	2.153876E-03	-9.319292E+01
4.69712500000E+05	1.981978E-03	-9.576612E+01
4.71581250000E+05	2.049990E-03	-9.024409E+01
4.73450000000E+05	1.925900E-03	-9.708340E+01
4.75318750000E+05	1.955503E-03	-9.209896E+01
4.77187500000E+05	2.053067E-03	-9.866434E+01
4.79056250000E+05	2.143716E-03	-1.016131E+02
4.80925000000E+05	2.109299E-03	-9.395164E+01
4.82793750000E+05	2.076773E-03	-9.276262E+01
4.84662500000E+05	2.063566E-03	-9.575308E+01
4.86531250000E+05	1.960200E-03	-9.421658E+01
4.88400000000E+05	2.078402E-03	-9.510751E+01
4.90268750000E+05	2.057549E-03	-9.242784E+01
4.92137500000E+05	2.084799E-03	-9.907392E+01
4.94006250000E+05	2.189461E-03	-9.674931E+01
4.95875000000E+05	2.141038E-03	-9.708637E+01
4.97743750000E+05	2.124120E-03	-9.797417E+01
4.99612500000E+05	2.350163E-03	-9.763092E+01
5.01481250000E+05	2.158793E-03	-1.000614E+02
5.03350000000E+05	2.156605E-03	-9.852285E+01
5.05218750000E+05	2.223199E-03	-9.812930E+01
5.07087500000E+05	2.204447E-03	-9.491399E+01
5.08956250000E+05	2.377095E-03	-9.665241E+01
5.10825000000E+05	2.305177E-03	-9.554546E+01
5.12693750000E+05	2.321883E-03	-9.142706E+01
5.14562500000E+05	2.184557E-03	-9.400172E+01
5.16431250000E+05	2.346746E-03	-9.581285E+01
5.18300000000E+05	2.335119E-03	-9.696053E+01
5.20168750000E+05	2.243784E-03	-1.000584E+02
5.22037500000E+05	2.272964E-03	-9.774652E+01
5.23906250000E+05	2.293054E-03	-9.339437E+01
5.25775000000E+05	2.338270E-03	-9.840676E+01
5.27643750000E+05	2.178893E-03	-9.811768E+01
5.29512500000E+05	2.186228E-03	-9.609798E+01
5.31381250000E+05	2.164682E-03	-9.885744E+01
5.33250000000E+05	2.198061E-03	-9.525375E+01
5.35118750000E+05	2.347118E-03	-1.008617E+02
5.36987500000E+05	2.258742E-03	-9.382947E+01
5.38856250000E+05	2.298319E-03	-1.015158E+02
5.40725000000E+05	2.451448E-03	-9.427911E+01
5.42593750000E+05	2.332544E-03	-9.763609E+01
5.44462500000E+05	2.142435E-03	-9.729861E+01
5.46331250000E+05	2.505298E-03	-9.567998E+01
5.48200000000E+05	2.384418E-03	-9.905149E+01
5.50068750000E+05	2.288872E-03	-1.016824E+02
5.51937500000E+05	2.253295E-03	-9.898993E+01
5.53806250000E+05	2.349191E-03	-9.547762E+01
5.55675000000E+05	2.426295E-03	-9.616070E+01
5.57543750000E+05	2.393633E-03	-9.729219E+01
5.59412500000E+05	2.395590E-03	-9.779439E+01
5.61281250000E+05	2.456210E-03	-9.682179E+01
5.63150000000E+05	2.444112E-03	-1.015037E+02
5.65018750000E+05	2.232411E-03	-9.955003E+01
5.66887500000E+05	2.394329E-03	-9.630142E+01
5.68756250000E+05	2.392806E-03	-1.016953E+02
5.70625000000E+05	2.393625E-03	-9.802490E+01
5.72493750000E+05	2.472333E-03	-9.605228E+01
5.74362500000E+05	2.485146E-03	-1.022407E+02
5.76231250000E+05	2.342659E-03	-9.837445E+01
5.78100000000E+05	2.603023E-03	-9.831281E+01
5.79968750000E+05	2.544170E-03	-9.447791E+01
5.81837500000E+05	2.686534E-03	-9.863400E+01
5.83706250000E+05	2.459955E-03	-9.793227E+01
5.85575000000E+05	2.592864E-03	-9.492732E+01
5.87443750000E+05	2.670493E-03	-9.606987E+01
5.89312500000E+05	2.605627E-03	-1.000255E+02
5.91181250000E+05	2.518576E-03	-9.698780E+01
5.93050000000E+05	2.555617E-03	-9.681386E+01
5.94918750000E+05	2.640725E-03	-9.935013E+01
5.96787500000E+05	2.556156E-03	-9.727277E+01
5.98656250000E+05	2.482736E-03	-9.964080E+01
6.00525000000E+05	2.638342E-03	-9.636873E+01
6.02393750000E+05	2.644112E-03	-9.778237E+01
6.04262500000E+05	2.396012E-03	-9.877782E+01
6.06131250000E+05	2.566676E-03	-9.960785E+01
6.08000000000E+05	2.701853E-03	-9.736270E+01
6.09868750000E+05	2.480104E-03	-9.806236E+01
6.11737500000E+05	2.583047E-03	-1.025427E+02
6.13606250000E+05	2.775951E-03	-9.709833E+01
6.15475000000E+05	2.354526E-03	-9.700491E+01
6.17343750000E+05	2.654350E-03	-1.014607E+02
6.19212500000E+05	2.914312E-03	-9.581799E+01
6.21081250000E+05	2.585739E-03	-1.002202E+02
6.22950000000E+05	2.752602E-03	-9.817464E+01
6.24818750000E+05	2.741373E-03	-9.748161E+01
6.26687500000E+05	2.846109E-03	-9.781783E+01
6.28556250000E+05	2.833978E-03	-9.949187E+01
6.30425000000E+05	2.696179E-03	-1.002984E+02
6.32293750000E+05	2.828242E-03	-9.947485E+01
6.34162500000E+05	2.746121E-03	-9.623043E+01
6.36031250000E+05	2.563119E-03	-9.873201E+01
6.37900000000E+05	2.857919E-03	-1.016758E+02
6.39768750000E+05	2.730829E-03	-9.722084E+01
6.41637500000E+05	2.698200E-03	-1.011201E+02
6.43506250000E+05	2.590953E-03	-9.798633E+01
6.45375000000E+05	2.820610E-03	-1.000515E+02
6.47243750000E+05	2.874725E-03	-1.025705E+02
6.49112500000E+05	2.899650E-03	-9.688387E+01
6.50981250000E+05	2.596278E-03	-9.935995E+01
6.52850000000E+05	2.942425E-03	-9.654260E+01
6.54718750000E+05	2.863194E-03	-1.001980E+02
6.56587500000E+05	2.821255E-03	-9.991340E+01
6.58456250000E+05	2.943097E-03	-9.907213E+01
6.60325000000E+05	2.737095E-03	-9.893234E+01
6.62193750000E+05	2.952981E-03	-9.983285E+01
6.64062500000E+05	2.678651E-03	-1.010628E+02
6.65931250000E+05	2.938330E-03	-9.834768E+01
6.67800000000E+05	2.878851E-03	-9.715062E+01
6.69668750000E+05	3.099555E-03	-9.911651E+01
6.71537500000E+05	2.989498E-03	-9.643701E+01
6.73406250000E+05	2.823464E-03	-1.011984E+02
6.75275000000E+05	2.902768E-03	-9.887701E+01
6.77143750000E+05	2.914731E-03	-1.029921E+02
6.79012500000E+05	2.936705E-03	-9.957692E+01
6.80881250000E+05	2.989304E-03	-9.937897E+01
6.82750000000E+05	2.989647E-03	-1.011281E+02
6.84618750000E+05	2.853608E-03	-1.014389E+02
6.86487500000E+05	2.763338E-03	-9.949545E+01
6.88356250000E+05	3.061166E-03	-9.712611E+01
6.90225000000E+05	2.869441E-03	-1.007146E+02
6.92093750000E+05	2.975373E-03	-9.853918E+01
6.93962500000E+05	2.898017E-03	-1.025157E+02
6.95831250000E+05	3.061245E-03	-9.897688E+01
6.97700000000E+05	2.992072E-03	-9.735650E+01
6.99568750000E+05	2.868960E-03	-9.691307E+01
7.01437500000E+05	3.071530E-03	-9.907640E+01
7.03306250000E+05	3.006142E-03	-9.681903E+01
7.05175000000E+05	3.050590E-03	-1.002440E+02
7.07043750000E+05	3.089916E-03	-9.606091E+01
7.08912500000E+05	2.866969E-03	-9.850208E+01
7.10781250000E+05	2.979554E-03	-1.031922E+02
7.12650000000E+05	2.971311E-03	-1.044108E+02
7.14518750000E+05	3.020172E-03	-9.931880E+01
7.16387500000E+05	3.045774E-03	-9.989713E+01
7.18256250000E+05	3.042987E-03	-9.831341E+01
7.20125000000E+05	3.176598E-03	-9.813620E+01
7.21993750000E+05	2.967357E-03	-1.012225E+02
7.23862500000E+05	3.267366E-03	-9.460577E+01
7.25731250000E+05	3.163563E-03	-9.890929E+01
7.27600000000E+05	3.206732E-03	-1.014784E+02
7.29468750000E+05	2.943205E-03	-9.960839E+01
7.31337500000E+05	3.347428E-03	-1.002079E+02
7.33206250000E+05	2.956956E-03	-1.008006E+02
7.35075000000E+05	3.246685E-03	-1.033067E+02
7.36943750000E+05	3.338844E-03	-9.808817E+01
7.38812500000E+05	3.182476E-03	-1.042093E+02
7.40681250000E+05	3.013018E-03	-1.012288E+02
7.42550000000E+05	3.348490E-03	-1.008293E+02
7.44418750000E+05	3.081048E-03	-9.800031E+01
7.46287500000E+05	3.137602E-03	-9.771657E+01
7.48156250000E+05	3.230283E-03	-1.015896E+02
7.50025000000E+05	3.175225E-03	-1.001826E+02
7.51893750000E+05	3.240449E-03	-1.014008E+02
7.53762500000E+05	3.016785E-03	-9.911429E+01
7.55631250000E+05	3.275983E-03	-1.013013E+02
7.57500000000E+05	3.342273E-03	-9.983533E+01
7.59368750000E+05	3.255588E-03	-1.023805E+02
7.61237500000E+05	3.353712E-03	-9.936118E+01
7.63106250000E+05	3.288225E-03	-9.855257E+01
7.64975000000E+05	3.557984E-03	-1.015332E+02
7.66843750000E+05	3.332312E-03	-1.008051E+02
7.68712500000E+05	3.474146E-03	-1.000914E+02
7.70581250000E+05	3.263765E-03	-1.031874E+02
7.72450000000E+05	3.453150E-03	-9.863940E+01
7.74318750000E+05	3.469937E-03	-9.924526E+01
7.76187500000E+05	3.567477E-03	-1.023027E+02
7.78056250000E+05	3.408825E-03	-1.000488E+02
7.79925000000E+05	3.218414E-03	-9.901332E+01
7.81793750000E+05	3.176005E-03	-1.024285E+02
7.83662500000E+05	3.497283E-03	-1.037192E+02
7.85531250000E+05	3.498585E-03	-9.931873E+01
7.87400000000E+05	3.477433E-03	-9.707479E+01
7.89268750000E+05	3.311055E-03	-1.007769E+02
7.91137500000E+05	3.307063E-03	-9.893006E+01
7.93006250000E+05	3.466632E-03	-1.011604E+02
7.94875000000E+05	3.394136E-03	-1.012335E+02
7.96743750000E+05	3.386424E-03	-9.906895E+01
7.98612500000E+05	3.471739E-03	-1.013889E+02
8.00481250000E+05	3.512810E-03	-1.022272E+02
8.02350000000E+05	3.333130E-03	-1.018912E+02
8.04218750000E+05	3.360880E-03	-1.005338E+02
8.06087500000E+05	3.459793E-03	-1.020012E+02
8.07956250000E+05	3.476498E-03	-1.035712E+02
8.09825000000E+05	3.537222E-03	-9.936572E+01
8.11693750000E+05	3.590840E-03	-1.027156E+02
8.13562500000E+05	3.401489E-03	-9.893392E+01
8.15431250000E+05	3.546613E-03	-1.007742E+02
8.17300000000E+05	3.702528E-03	-1.023990E+02
8.19168750000E+05	3.471820E-03	-1.015292E+02
8.21037500000E+05	3.538384E-03	-1.041696E+02
8.22906250000E+05	3.441697E-03	-1.000253E+02
8.24775000000E+05	3.587696E-03	-9.945120E+01
8.26643750000E+05	3.414265E-03	-1.010371E+02
8.28512500000E+05	3.474757E-03	-1.001142E+02
8.30381250000E+05	3.448660E-03	-1.027356E+02
8.32250000000E+05	3.477417E-03	-1.027686E+02
8.34118750000E+05	3.716561E-03	-1.054490E+02
8.35987500000E+05	3.684125E-03	-9.879342E+01
8.37856250000E+05	3.737701E-03	-1.011994E+02
8.39725000000E+05	3.676617E-03	-1.037260E+02
8.41593750000E+05	3.659228E-03	-1.014185E+02
8.43462500000E+05	3.623821E-03	-1.006449E+02
8.45331250000E+05	3.618427E-03	-1.021373E+02
8.47200000000E+05	3.669265E-03	-1.046609E+02
8.49068750000E+05	3.479245E-03	-1.038177E+02
8.50937500000E+05	3.821492E-03	-1.009812E+02
8.52806250000E+05	3.838258E-03	-1.050788E+02
8.54675000000E+05	3.735054E-03	-1.020441E+02
8.56543750000E+05	3.661896E-03	-1.025715E+02
8.58412500000E+05	3.887630E-03	-1.013744E+02
8.60281250000E+05	3.689490E-03	-1.015320E+02
8.62150000000E+05	3.539460E-03	-1.021228E+02
8.64018750000E+05	3.841521E-03	-1.017003E+02
8.65887500000E+05	3.841954E-03	-1.016750E+02
8.67756250000E+05	3.621981E-03	-1.023366E+02
8.69625000000E+05	3.729575E-03	-1.035855E+02
8.71493750000E+05	3.775964E-03	-1.026210E+02
8.73362500000E+05	3.567226E-03	-1.034008E+02
8.75231250000E+05	3.850606E-03	-1.033079E+02
8.77100000000E+05	3.844413E-03	-1.006104E+02
8.78968750000E+05	3.839211E-03	-1.028826E+02
8.80837500000E+05	3.816897E-03	-1.008428E+02
8.82706250000E+05	3.809015E-03	-1.020427E+02
8.84575000000E+05	3.829265E-03	-1.008632E+02
8.86443750000E+05	3.850291E-03	-1.035896E+02
8.88312500000E+05	3.937090E-03	-1.054917E+02
8.90181250000E+05	3.909692E-03	-1.029505E+02
8.92050000000E+05	3.653940E-03	-1.019865E+02
8.93918750000E+05	3.922498E-03	-1.022888E+02
8.95787500000E+05	3.903193E-03	-1.005365E+02
8.97656250000E+05	3.838145E-03	-1.035308E+02
8.99525000000E+05	3.879145E-03	-1.049174E+02
9.01393750000E+05	4.040126E-03	-1.015532E+02
9.03262500000E+05	3.692083E-03	-1.002901E+02
9.05131250000E+05	3.751317E-03	-1.020796E+02
9.07000000000E+05	3.784926E-03	-9.959053E+01
9.08868750000E+05	3.803098E-03	-1.064333E+02
9.10737500000E+05	3.821898E-03	-1.035511E+02
9.12606250000E+05	3.888070E-03	-1.007539E+02
9.14475000000E+05	3.746032E-03	-1.020949E+02
9.16343750000E+05	4.119442E-03	-1.016671E+02
9.18212500000E+05	3.980525E-03	-1.067069E+02
9.20081250000E+05	4.191426E-03	-1.007747E+02
9.21950000000E+05	4.004785E-03	-1.037684E+02
9.23818750000E+05	3.900945E-03	-1.049324E+02
9.25687500000E+05	4.195146E-03	-1.027727E+02
9.27556250000E+05	4.020120E-03	-1.023212E+02
9.29425000000E+05	4.032000E-03	-1.007287E+02
9.31293750000E+05	4.017435E-03	-1.026907E+02
9.33162500000E+05	4.024718E-03	-1.016800E+02
9.35031250000E+05	3.983254E-03	-1.011003E+02
9.36900000000E+05	4.046423E-03	-1.039340E+02
9.38768750000E+05	4.167745E-03	-1.026382E+02
9.40637500000E+05	4.307402E-03	-1.036776E+02
9.42506250000E+05	3.991290E-03	-1.022051E+02
9.44375000000E+05	3.943947E-03	-1.018817E+02
9.46243750000E+05	4.148416E-03	-1.039399E+02
9.48112500000E+05	4.030303E-03	-1.033277E+02
9.49981250000E+05	4.134794E-03	-1.040632E+02
9.51850000000E+05	4.117010E-03	-1.024808E+02
9.53718750000E+05	4.106068E-03	-1.038776E+02
9.55587500000E+05	3.918895E-03	-1.029037E+02
9.57456250000E+05	4.206121E-03	-1.057037E+02
9.59325000000E+05	4.099269E-03	-1.038448E+02
9.61193750000E+05	4.164021E-03	-1.022148E+02
9.63062500000E+05	4.009062E-03	-1.022133E+02
9.64931250000E+05	4.104452E-03	-1.037868E+02
9.66800000000E+05	4.160083E-03	-1.006327E+02
9.68668750000E+05	4.102311E-03	-1.017491E+02
9.70537500000E+05	4.167440E-03	-1.033463E+02
9.72406250000E+05	4.140048E-03	-1.035037E+02
9.74275000000E+05	4.167768E-03	-1.046619E+02
9.76143750000E+05	4.302380E-03	-1.032609E+02
9.78012500000E+05	4.328977E-03	-1.024137E+02
9.79881250000E+05	4.222101E-03	-1.042863E+02
9.81750000000E+05	4.348032E-03	-1.025580E+02
9.83618750000E+05	4.367652E-03	-1.085645E+02
9.85487500000E+05	4.358545E-03	-1.044582E+02
9.87356250000E+05	4.300307E-03	-1.025964E+02
9.89225000000E+05	4.240953E-03	-1.063436E+02
9.91093750000E+05	4.399287E-03	-1.056949E+02
9.92962500000E+05	4.292117E-03	-1.037587E+02
9.94831250000E+05	4.282461E-03	-1.034315E+02
9.96700000000E+05	4.346588E-03	-1.036299E+02
9.98568750000E+05	4.214047E-03	-1.052534E+02
1.00043750000E+06	4.548009E-03	-1.028827E+02
1.00230625000E+06	4.431964E-03	-1.050151E+02
1.00417500000E+06	4.208463E-03	-1.040546E+02
1.00604375000E+06	4.345674E-03	-1.063076E+02
1.00791250000E+06	4.170922E-03	-1.034751E+02
1.00978125000E+06	4.439013E-03	-1.055445E+02
1.01165000000E+06	4.367630E-03	-1.040770E+02
1.01351875000E+06	4.527935E-03	-1.052623E+02
1.01538750000E+06	4.433533E-03	-1.051044E+02
1.01725625000E+06	4.473282E-03	-1.051647E+02
1.01912500000E+06	4.419251E-03	-1.052713E+02
1.02099375000E+06	4.449466E-03	-1.018835E+02
1.02286250000E+06	4.537696E-03	-1.046102E+02
1.02473125000E+06	4.645240E-03	-1.040309E+02
1.02660000000E+06	4.472092E-03	-1.062615E+02
1.02846875000E+06	4.382754E-03	-1.049613E+02
1.03033750000E+06	4.482544E-03	-1.048935E+02
1.03220625000E+06	4.631917E-03	-1.078881E+02
1.03407500000E+06	4.272390E-03	-1.046943E+02
1.03594375000E+06	4.560832E-03	-1.054393E+02
1.03781250000E+06	4.539610E-03	-1.026078E+02
1.03968125000E+06	4.691791E-03	-1.044157E+02
1.04155000000E+06	4.652900E-03	-1.045051E+02
1.04341875000E+06	4.593572E-03	-1.037015E+02
1.04528750000E+06	4.495225E-03	-1.041886E+02
1.04715625000E+06	4.540772E-03	-1.068356E+02
1.04902500000E+06	4.519128E-03	-1.049233E+02
1.05089375000E+06	4.563814E-03	-1.053529E+02
1.05276250000E+06	4.470671E-03	-1.073372E+02
1.05463125000E+06	4.635395E-03	-1.022471E+02
1.05650000000E+06	4.654814E-03	-1.077441E+02
1.05836875000E+06	4.496088E-03	-1.056088E+02
1.06023750000E+06	4.526767E-03	-1.036236E+02
1.06210625000E+06	4.503361E-03	-1.034830E+02
1.06397500000E+06	4.506821E-03	-1.061410E+02
1.06584375000E+06	4.908120E-03	-1.035378E+02
1.06771250000E+06	4.652360E-03	-1.057394E+02
1.06958125000E+06	4.374669E-03	-1.068963E+02
1.07145000000E+06	4.706917E-03	-1.072673E+02
1.07331875000E+06	4.794926E-03	-1.081349E+02
1.07518750000E+06	4.456849E-03	-1.026825E+02
1.07705625000E+06	4.606100E-03	-1.041348E+02
1.07892500000E+06	4.781711E-03	-1.048083E+02
1.08079375000E+06	4.800844E-03	-1.047222E+02
1.08266250000E+06	4.646025E-03	-1.052358E+02
1.08453125000E+06	4.683822E-03	-1.047183E+02
1.08640000000E+06	4.692788E-03	-1.042847E+02
1.08826875000E+06	4.715383E-03	-1.040730E+02
1.09013750000E+06	4.694592E-03	-1.045672E+02
1.09200625000E+06	4.672422E-03	-1.052653E+02
1.09387500000E+06	4.739043E-03	-1.048035E+02
1.09574375000E+06	4.647444E-03	-1.045194E+02
1.09761250000E+06	4.816257E-03	-1.061624E+02
1.09948125000E+06	4.802223E-03	-1.061606E+02
1.10135000000E+06	4.736093E-03	-1.061007E+02
1.10321875000E+06	4.935106E-03	-1.052796E+02
1.10508750000E+06	5.047984E-03	-1.065685E+02
1.10695625000E+06	4.836817E-03	-1.061982E+02
1.10882500000E+06	4.866000E-03	-1.072714E+02
1.11069375000E+06	4.801995E-03	-1.074542E+02
1.11256250000E+06	4.744346E-03	-1.058997E+02
1.11443125000E+06	4.835523E-03	-1.030066E+02
1.11630000000E+06	4.767590E-03	-1.061831E+02
1.11816875000E+06	5.010986E-03	-1.058238E+02
1.12003750000E+06	4.850307E-03	-1.073262E+02
1.12190625000E+06	4.932252E-03	-1.060744E+02
1.12377500000E+06	4.824986E-03	-1.052403E+02
1.12564375000E+06	4.720598E-03	-1.076733E+02
1.12751250000E+06	5.023210E-03	-1.074183E+02
1.12938125000E+06	4.981305E-03	-1.053291E+02
1.13125000000E+06	4.982891E-03	-1.066406E+02
1.13311875000E+06	4.817566E-03	-1.054599E+02
1.13498750000E+06	4.982194E-03	-1.038080E+02
1.13685625000E+06	4.934239E-03	-1.031496E+02
1.13872500000E+06	4.748948E-03	-1.068945E+02
1.14059375000E+06	5.008942E-03	-1.094137E+02
1.14246250000E+06	4.937464E-03	-1.089071E+02
1.14433125000E+06	4.975557E-03	-1.051295E+02
1.14620000000E+06	4.804426E-03	-1.087054E+02
1.14806875000E+06	4.992968E-03	-1.065727E+02
1.14993750000E+06	5.025432E-03	-1.073482E+02
1.15180625000E+06	5.106806E-03	-1.077801E+02
1.15367500000E+06	4.975086E-03	-1.052824E+02
1.15554375000E+06	4.931441E-03	-1.069289E+02
1.15741250000E+06	5.123302E-03	-1.063657E+02
1.15928125000E+06	5.041469E-03	-1.072139E+02
1.16115000000E+06	5.134012E-03	-1.065791E+02
1.16301875000E+06	4.902613E-03	-1.057332E+02
1.16488750000E+06	5.072187E-03	-1.064064E+02
1.16675625000E+06	5.107031E-03	-1.094183E+02
1.16862500000E+06	5.076691E-03	-1.056002E+02
1.17049375000E+06	4.982016E-03	-1.056166E+02
1.17236250000E+06	5.106146E-03	-1.066551E+02
1.17423125000E+06	5.098004E-03	-1.057918E+02
1.17610000000E+06	4.946411E-03	-1.077014E+02
1.17796875000E+06	5.116354E-03	-1.043930E+02
1.17983750000E+06	4.895105E-03	-1.060714E+02
1.18170625000E+06	5.153365E-03	-1.058204E+02
1.18357500000E+06	5.095602E-03	-1.088269E+02
1.18544375000E+06	5.443006E-03	-1.045374E+02
1.18731250000E+06	5.090597E-03	-1.090875E+02
1.18918125000E+06	5.309531E-03	-1.059388E+02
1.19105000000E+06	5.079389E-03	-1.070770E+02
1.19291875000E+06	5.146594E-03	-1.060946E+02
1.19478750000E+06	5.164438E-03	-1.060912E+02
1.19665625000E+06	5.177767E-03	-1.067319E+02
1.19852500000E+06	5.306414E-03	-1.075197E+02
1.20039375000E+06	5.423320E-03	-1.064911E+02
1.20226250000E+06	5.403926E-03	-1.058321E+02
1.20413125000E+06	5.216765E-03	-1.080661E+02
1.20600000000E+06	5.303557E-03	-1.072737E+02
1.20786875000E+06	5.340434E-03	-1.070593E+02
1.20973750000E+06	5.190943E-03	-1.083348E+02
1.21160625000E+06	5.276730E-03	-1.099779E+02
1.21347500000E+06	5.122240E-03	-1.064269E+02
1.21534375000E+06	5.290954E-03	-1.059126E+02
1.21721250000E+06	5.090567E-03	-1.086299E+02
1.21908125000E+06	5.226580E-03	-1.068189E+02
1.22095000000E+06	5.400174E-03	-1.083016E+02
1.22281875000E+06	5.235220E-03	-1.077528E+02
1.22468750000E+06	5.367017E-03	-1.070538E+02
1.22655625000E+06	5.257656E-03	-1.063804E+02
1.22842500000E+06	5.493919E-03	-1.105479E+02
1.23029375000E+06	5.399216E-03	-1.084016E+02
1.23216250000E+06	5.502676E-03	-1.088059E+02
1.23403125000E+06	5.492955E-03	-1.059970E+02
1.23590000000E+06	5.352080E-03	-1.079007E+02
1.23776875000E+06	5.367611E-03	-1.064079E+02
1.23963750000E+06	5.386663E-03	-1.068456E+02
1.24150625000E+06	5.538878E-03	-1.086987E+02
1.24337500000E+06	5.423152E-03	-1.089447E+02
1.24524375000E+06	5.298259E-03	-1.068355E+02
1.24711250000E+06	5.398960E-03	-1.082656E+02
1.24898125000E+06	5.453162E-03	-1.080117E+02
1.25085000000E+06	5.229367E-03	-1.078457E+02
1.25271875000E+06	5.401947E-03	-1.095735E+02
1.25458750000E+06	5.436373E-03	-1.092203E+02
1.25645625000E+06	5.269765E-03	-1.091070E+02
1.25832500000E+06	5.246157E-03	-1.066798E+02
1.26019375000E+06	5.428818E-03	-1.068681E+02
1.26206250000E+06	5.537108E-03	-1.094813E+02
1.26393125000E+06	5.394601E-03	-1.079464E+02
1.26580000000E+06	5.485617E-03	-1.094377E+02
1.26766875000E+06	5.667537E-03	-1.096786E+02
1.26953750000E+06	5.715916E-03	-1.081415E+02
1.27140625000E+06	5.271394E-03	-1.082730E+02
1.27327500000E+06	5.552063E-03	-1.092129E+02
1.27514375000E+06	5.734800E-03	-1.074476E+02
1.27701250000E+06	5.536515E-03	-1.085119E+02
1.27888125000E+06	5.819902E-03	-1.104180E+02
1.28075000000E+06	5.620140E-03	-1.055151E+02
1.28261875000E+06	5.614502E-03	-1.102825E+02
1.28448750000E+06	5.461550E-03	-1.082135E+02
1.28635625000E+06	5.615136E-03	-1.078612E+02
1.28822500000E+06	5.606465E-03	-1.089187E+02
1.29009375000E+06	5.346819E-03	-1.073201E+02
1.29196250000E+06	5.525070E-03	-1.088628E+02
1.29383125000E+06	5.747832E-03	-1.079912E+02
1.29570000000E+06	5.674054E-03	-1.077757E+02
1.29756875000E+06	5.534946E-03	-1.085480E+02
1.29943750000E+06	5.675706E-03	-1.085659E+02
1.30130625000E+06	5.835671E-03	-1.096852E+02
1.30317500000E+06	5.732524E-03	-1.089063E+02
1.30504375000E+06	5.602439E-03	-1.096383E+02
1.30691250000E+06	5.786220E-03	-1.098125E+02
1.30878125000E+06	5.479752E-03	-1.074832E+02
1.31065000000E+06	5.492293E-03	-1.086909E+02
1.31251875000E+06	5.580677E-03	-1.092662E+02
1.31438750000E+06	5.699867E-03	-1.085068E+02
1.31625625000E+06	5.871496E-03	-1.081604E+02
1.31812500000E+06	5.696026E-03	-1.094815E+02
1.31999375000E+06	5.694806E-03	-1.105485E+02
1.32186250000E+06	5.685301E-03	-1.070342E+02
1.32373125000E+06	5.703904E-03	-1.101932E+02
1.32560000000E+06	5.853073E-03	-1.098619E+02
1.32746875000E+06	5.957576E-03	-1.100476E+02
1.32933750000E+06	5.836949E-03	-1.094736E+02
1.33120625000E+06	5.942518E-03	-1.088683E+02
1.33307500000E+06	5.950432E-03	-1.108842E+02
1.33494375000E+06	5.695516E-03	-1.087153E+02
1.33681250000E+06	5.742783E-03	-1.102725E+02
1.33868125000E+06	6.057213E-03	-1.103373E+02
1.34055000000E+06	5.941343E-03	-1.071329E+02
1.34241875000E+06	5.730780E-03	-1.084973E+02
1.34428750000E+06	6.061714E-03	-1.094015E+02
1.34615625000E+06	5.875664E-03	-1.083854E+02
1.34802500000E+06	5.959917E-03	-1.093217E+02
1.34989375000E+06	5.944206E-03	-1.092013E+02
1.35176250000E+06	5.709494E-03	-1.082806E+02
1.35363125000E+06	6.023003E-03	-1.091677E+02
1.35550000000E+06	5.948992E-03	-1.064044E+02
1.35736875000E+06	5.891046E-03	-1.073863E+02
1.35923750000E+06	5.902197E-03	-1.088019E+02
1.36110625000E+06	6.017752E-03	-1.093539E+02
1.36297500000E+06	5.877367E-03	-1.093177E+02
1.36484375000E+06	6.143312E-03	-1.115885E+02
1.36671250000E+06	5.971870E-03	-1.100140E+02
1.36858125000E+06	5.940677E-03	-1.091746E+02
1.37045000000E+06	6.207449E-03	-1.086014E+02
1.37231875000E+06	6.005576E-03	-1.101258E+02
1.37418750000E+06	5.841031E-03	-1.098473E+02
1.37605625000E+06	5.836904E-03	-1.101574E+02
1.37792500000E+06	5.964308E-03	-1.080908E+02
1.37979375000E+06	6.115257E-03	-1.095098E+02
1.38166250000E+06	5.963247E-03	-1.098790E+02
1.38353125000E+06	6.058228E-03	-1.082336E+02
1.38540000000E+06	6.203490E-03	-1.108476E+02
1.38726875000E+06	6.197581E-03	-1.102068E+02
1.38913750000E+06	6.085277E-03	-1.091556E+02
1.39100625000E+06	5.908518E-03	-1.099873E+02
1.39287500000E+06	5.978145E-03	-1.073387E+02
1.39474375000E+06	5.977944E-03	-1.095460E+02
1.39661250000E+06	6.119579E-03	-1.092285E+02
1.39848125000E+06	6.175759E-03	-1.082861E+02
1.40035000000E+06	6.200099E-03	-1.097664E+02
1.40221875000E+06	6.122268E-03	-1.085602E+02
1.40408750000E+06	6.384320E-03	-1.084191E+02
1.40595625000E+06	6.286759E-03	-1.093810E+02
1.40782500000E+06	6.371599E-03	-1.091262E+02
1.40969375000E+06	6.437084E-03	-1.111536E+02
1.41156250000E+06	6.035335E-03	-1.102984E+02
1.41343125000E+06	6.080620E-03	-1.101233E+02
1.41530000000E+06	6.198812E-03	-1.096957E+02
1.41716875000E+06	6.139603E-03	-1.104510E+02
1.41903750000E+06	5.970958E-03	-1.079034E+02
1.42090625000E+06	6.326832E-03	-1.102801E+02
1.42277500000E+06	6.368898E-03	-1.088150E+02
1.42464375000E+06	6.276333E-03	-1.110596E+02
1.42651250000E+06	6.322375E-03	-1.103803E+02
1.42838125000E+06	6.298234E-03	-1.103456E+02
1.43025000000E+06	6.264676E-03	-1.108062E+02
1.43211875000E+06	6.242717E-03	-1.111870E+02
1.43398750000E+06	6.400766E-03	-1.101388E+02
1.43585625000E+06	6.084886E-03	-1.094104E+02
1.43772500000E+06	6.279564E-03	-1.099561E+02
1.43959375000E+06	6.342645E-03	-1.098469E+02
1.44146250000E+06	6.346498E-03	-1.130409E+02
1.44333125000E+06	6.268944E-03	-1.088416E+02
1.44520000000E+06	6.189211E-03	-1.094434E+02
1.44706875000E+06	6.217089E-03	-1.113928E+02
1.44893750000E+06	6.480662E-03	-1.090984E+02
1.45080625000E+06	6.318629E-03	-1.098760E+02
1.45267500000E+06	6.267669E-03	-1.102341E+02
1.45454375000E+06	6.466400E-03	-1.106771E+02
1.45641250000E+06	6.393625E-03	-1.105094E+02
1.45828125000E+06	6.387921E-03	-1.125492E+02
1.46015000000E+06	6.550119E-03	-1.101829E+02
1.46201875000E+06	6.561908E-03	-1.090471E+02
1.46388750000E+06	6.425354E-03	-1.105263E+02
1.46575625000E+06	6.748566E-03	-1.106353E+02
1.46762500000E+06	6.606588E-03	-1.090933E+02
1.46949375000E+06	6.394946E-03	-1.108170E+02
1.47136250000E+06	6.323064E-03	-1.094364E+02
1.47323125000E+06	6.665605E-03	-1.126568E+02
1.47510000000E+06	6.638808E-03	-1.120694E+02
1.47696875000E+06	6.491563E-03	-1.103287E+02
1.47883750000E+06	6.532378E-03	-1.116368E+02
1.48070625000E+06	6.541399E-03	-1.116093E+02
1.48257500000E+06	6.461854E-03	-1.116105E+02
1.48444375000E+06	6.759942E-03	-1.105615E+02
1.48631250000E+06	6.561628E-03	-1.109997E+02
1.48818125000E+06	6.503535E-03	-1.098132E+02
1.49005000000E+06	6.742081E-03	-1.109693E+02
1.49191875000E+06	6.512213E-03	-1.111945E+02
1.49378750000E+06	6.640549E-03	-1.111897E+02
1.49565625000E+06	6.651697E-03	-1.119343E+02
1.49752500000E+06	6.589477E-03	-1.099799E+02
1.49939375000E+06	6.733447E-03	-1.101223E+02
1.50126250000E+06	6.681529E-03	-1.112478E+02
1.50313125000E+06	6.386338E-03	-1.104225E+02
1.50500000000E+06	6.839787E-03	-1.110867E+02
1.50686875000E+06	6.692109E-03	-1.111650E+02
1.50873750000E+06	6.647614E-03	-1.111009E+02
1.51060625000E+06	6.621487E-03	-1.104751E+02
1.51247500000E+06	6.664759E-03	-1.121676E+02
1.51434375000E+06	6.666054E-03	-1.115944E+02
1.51621250000E+06	6.742649E-03	-1.125558E+02
1.51808125000E+06	6.844370E-03	-1.116966E+02
1.51995000000E+06	6.762127E-03	-1.100928E+02
1.52181875000E+06	6.624091E-03	-1.120075E+02
1.52368750000E+06	6.785665E-03	-1.108602E+02
1.52555625000E+06	6.660711E-03	-1.117725E+02
1.52742500000E+06	6.741233E-03	-1.122487E+02
1.52929375000E+06	6.945431E-03	-1.115825E+02
1.53116250000E+06	6.809730E-03	-1.101451E+02
1.53303125000E+06	6.720978E-03	-1.124276E+02
1.53490000000E+06	6.946694E-03	-1.119571E+02
1.53676875000E+06	6.704648E-03	-1.125297E+02
1.53863750000E+06	6.791267E-03	-1.113333E+02
1.54050625000E+06	6.752675E-03	-1.134171E+02
1.54237500000E+06	6.931414E-03	-1.123875E+02
1.54424375000E+06	6.852525E-03	-1.133263E+02
1.54611250000E+06	6.603221E-03	-1.117579E+02
1.54798125000E+06	6.778033E-03	-1.108902E+02
1.54985000000E+06	7.150590E-03	-1.110661E+02
1.55171875000E+06	6.836247E-03	-1.136410E+02
1.55358750000E+06	6.718830E-03	-1.129477E+02
1.55545625000E+06	6.841241E-03	-1.132452E+02
1.55732500000E+06	7.043204E-03	-1.120557E+02
1.55919375000E+06	6.923050E-03	-1.122782E+02
1.56106250000E+06	6.962295E-03	-1.122058E+02
1.56293125000E+06	6.930133E-03	-1.115215E+02
1.56480000000E+06	6.905590E-03	-1.127249E+02
1.56666875000E+06	6.996812E-03	-1.108326E+02
1.56853750000E+06	6.870591E-03	-1.124950E+02
1.57040625000E+06	7.062774E-03	-1.110839E+02
1.57227500000E+06	7.061461E-03	-1.117548E+02
1.57414375000E+06	6.861377E-03	-1.127463E+02
1.57601250000E+06	7.122879E-03	-1.131556E+02
1.57788125000E+06	7.000214E-03	-1.111544E+02
1.57975000000E+06	6.911179E-03	-1.141467E+02
1.58161875000E+06	7.118419E-03	-1.120399E+02
1.58348750000E+06	7.076263E-03	-1.125832E+02
1.58535625000E+06	6.877870E-03	-1.127047E+02
1.58722500000E+06	7.175342E-03	-1.116241E+02
1.58909375000E+06	7.082152E-03	-1.119168E+02
1.59096250000E+06	7.054130E-03	-1.117472E+02
1.59283125000E+06	6.955515E-03	-1.133795E+02
1.59470000000E+06	7.116991E-03	-1.117964E+02
1.59656875000E+06	7.049429E-03	-1.126579E+02
1.59843750000E+06	7.133258E-03	-1.106300E+02
1.60030625000E+06	7.226445E-03	-1.132856E+02
1.60217500000E+06	7.181271E-03	-1.120043E+02
1.60404375000E+06	7.165682E-03	-1.126432E+02
1.60591250000E+06	7.312831E-03	-1.121855E+02
1.60778125000E+06	6.759537E-03	-1.122409E+02
1.60965000000E+06	7.164923E-03	-1.127890E+02
1.61151875000E+06	7.116965E-03	-1.130526E+02
1.61338750000E+06	7.272635E-03	-1.127870E+02
1.61525625000E+06	7.061325E-03	-1.132170E+02
1.61712500000E+06	7.428036E-03	-1.131717E+02
1.61899375000E+06	7.234877E-03	-1.118347E+02
1.62086250000E+06	7.189268E-03	-1.128424E+02
1.62273125000E+06	7.457891E-03	-1.123097E+02
1.62460000000E+06	7.291607E-03	-1.135041E+02
1.62646875000E+06	7.429943E-03	-1.142958E+02
1.62833750000E+06	7.154485E-03	-1.125686E+02
1.63020625000E+06	7.154748E-03	-1.136485E+02
1.63207500000E+06	7.126401E-03	-1.125521E+02
1.63394375000E+06	7.386790E-03	-1.137261E+02
1.63581250000E+06	7.235966E-03	-1.132803E+02
1.63768125000E+06	7.449845E-03	-1.148802E+02
1.63955000000E+06	7.472415E-03	-1.124949E+02
1.64141875000E+06	7.340138E-03	-1.139527E+02
1.64328750000E+06	7.383151E-03	-1.130773E+02
1.64515625000E+06	7.420945E-03	-1.130269E+02
1.64702500000E+06	7.333844E-03	-1.132726E+02
1.64889375000E+06	7.287663E-03	-1.130333E+02
1.65076250000E+06	7.376260E-03	-1.140402E+02
1.65263125000E+06	7.576848E-03	-1.132017E+02
1.65450000000E+06	7.412584E-03	-1.136804E+02
1.65636875000E+06	7.390257E-03	-1.130279E+02
1.65823750000E+06	7.390316E-03	-1.143524E+02
1.66010625000E+06	7.563212E-03	-1.136123E+02
1.66197500000E+06	7.365861E-03	-1.121240E+02
1.66384375000E+06	7.530220E-03	-1.126713E+02
1.66571250000E+06	7.425945E-03	-1.136047E+02
1.66758125000E+06	7.413597E-03	-1.149904E+02
1.66945000000E+06	7.477668E-03	-1.153761E+02
1.67131875000E+06	7.509458E-03	-1.139247E+02
1.67318750000E+06	7.554044E-03	-1.132298E+02
1.67505625000E+06	7.640650E-03	-1.132846E+02
1.67692500000E+06	7.334037E-03	-1.148983E+02
1.67879375000E+06	7.489958E-03	-1.128989E+02
1.68066250000E+06	7.647673E-03	-1.146323E+02
1.68253125000E+06	7.583384E-03	-1.157147E+02
1.68440000000E+06	7.516866E-03	-1.138760E+02
1.68626875000E+06	7.763558E-03	-1.146502E+02
1.68813750000E+06	7.443845E-03	-1.145825E+02
1.69000625000E+06	7.661062E-03	-1.162433E+02
1.69187500000E+06	7.473910E-03	-1.135895E+02
1.69374375000E+06	7.434714E-03	-1.140172E+02
1.69561250000E+06	7.624347E-03	-1.145674E+02
1.69748125000E+06	7.305773E-03	-1.145546E+02
1.69935000000E+06	7.821708E-03	-1.148715E+02
1.70121875000E+06	7.524913E-03	-1.158273E+02
1.70308750000E+06	7.613198E-03	-1.165905E+02
1.70495625000E+06	7.634523E-03	-1.131926E+02
1.70682500000E+06	7.682675E-03	-1.146126E+02
1.70869375000E+06	7.562472E-03	-1.125947E+02
1.71056250000E+06	7.637512E-03	-1.145328E+02
1.71243125000E+06	7.891242E-03	-1.151267E+02
1.71430000000E+06	7.781544E-03	-1.145682E+02
1.71616875000E+06	7.794266E-03	-1.144436E+02
1.71803750000E+06	7.827400E-03	-1.143139E+02
1.71990625000E+06	7.749547E-03	-1.146883E+02
1.72177500000E+06	7.880301E-03	-1.138572E+02
1.72364375000E+06	7.674765E-03	-1.152509E+02
1.72551250000E+06	7.775449E-03	-1.148350E+02
1.72738125000E+06	7.687103E-03	-1.144663E+02
1.72925000000E+06	7.908530E-03	-1.144576E+02
1.73111875000E+06	7.801882E-03	-1.137295E+02
1.73298750000E+06	7.696587E-03	-1.138504E+02
1.73485625000E+06	7.810763E-03	-1.140793E+02
1.73672500000E+06	7.866879E-03	-1.143210E+02
1.73859375000E+06	7.972385E-03	-1.159484E+02
1.74046250000E+06	7.911623E-03	-1.143441E+02
1.74233125000E+06	7.761747E-03	-1.160591E+02
1.74420000000E+06	7.957914E-03	-1.168669E+02
1.74606875000E+06	7.933825E-03	-1.145002E+02
1.74793750000E+06	7.999117E-03	-1.144826E+02
1.74980625000E+06	7.866266E-03	-1.140310E+02
1.75167500000E+06	7.806734E-03	-1.164054E+02
1.75354375000E+06	7.916869E-03	-1.142513E+02
1.75541250000E+06	7.957769E-03	-1.146108E+02
1.75728125000E+06	8.090724E-03	-1.138495E+02
1.75915000000E+06	7.871649E-03	-1.160938E+02
1.76101875000E+06	8.067168E-03	-1.159385E+02
1.76288750000E+06	7.878344E-03	-1.148546E+02
1.76475625000E+06	8.091252E-03	-1.152423E+02
1.76662500000E+06	7.837722E-03	-1.156195E+02
1.76849375000E+06	8.108735E-03	-1.145672E+02
1.77036250000E+06	8.013747E-03	-1.147323E+02
1.77223125000E+06	8.064880E-03	-1.151875E+02
1.77410000000E+06	8.088412E-03	-1.153968E+02
1.77596875000E+06	8.140294E-03	-1.159992E+02
1.77783750000E+06	8.031894E-03	-1.158564E+02
1.77970625000E+06	8.019067E-03	-1.157278E+02
1.78157500000E+06	8.131722E-03	-1.160825E+02
1.78344375000E+06	8.174315E-03	-1.166997E+02
1.78531250000E+06	8.146361E-03	-1.153167E+02
1.78718125000E+06	8.242593E-03	-1.148665E+02
1.78905000000E+06	8.039562E-03	-1.159305E+02
1.79091875000E+06	8.054667E-03	-1.151710E+02
1.79278750000E+06	8.091542E-03	-1.161389E+02
1.79465625000E+06	8.124056E-03	-1.159669E+02
1.79652500000E+06	8.256805E-03	-1.156592E+02
1.79839375000E+06	8.236507E-03	-1.157435E+02
1.80026250000E+06	8.150295E-03	-1.153490E+02
1.80213125000E+06	8.249787E-03	-1.159162E+02
1.80400000000E+06	8.091941E-03	-1.152701E+02
1.80586875000E+06	8.215859E-03	-1.179839E+02
1.80773750000E+06	8.297717E-03	-1.157373E+02
1.80960625000E+06	8.376424E-03	-1.177782E+02
1.81147500000E+06	8.060850E-03	-1.150234E+02
1.81334375000E+06	8.321585E-03	-1.158297E+02
1.81521250000E+06	8.606458E-03	-1.175208E+02
1.81708125000E+06	8.202463E-03	-1.152372E+02
1.81895000000E+06	8.124535E-03	-1.186205E+02
1.82081875000E+06	8.271686E-03	-1.160607E+02
1.82268750000E+06	8.343657E-03	-1.148195E+02
1.82455625000E+06	8.451561E-03	-1.164418E+02
1.82642500000E+06	8.243646E-03	-1.164132E+02
1.82829375000E+06	8.333045E-03	-1.190496E+02
1.83016250000E+06	8.325047E-03	-1.167026E+02
1.83203125000E+06	8.329020E-03	-1.161492E+02
1.83390000000E+06	8.443043E-03	-1.167091E+02
1.83576875000E+06	8.574481E-03	-1.167318E+02
1.83763750000E+06	8.111209E-03	-1.168413E+02
1.83950625000E+06	8.306965E-03	-1.166466E+02
1.84137500000E+06	8.492202E-03	-1.168258E+02
1.84324375000E+06	8.557607E-03	-1.177640E+02
1.84511250000E+06	8.496116E-03	-1.172014E+02
1.84698125000E+06	8.351296E-03	-1.175068E+02
1.84885000000E+06	8.207908E-03	-1.179252E+02
1.85071875000E+06	8.479719E-03	-1.174662E+02
1.85258750000E+06	8.445842E-03	-1.173075E+02
1.85445625000E+06	8.513304E-03	-1.179877E+02
1.85632500000E+06	8.532473E-03	-1.179577E+02
1.85819375000E+06	8.463520E-03	-1.174422E+02
1.86006250000E+06	8.617101E-03	-1.178296E+02
1.86193125000E+06	8.629345E-03	-1.189104E+02
1.86380000000E+06	8.446891E-03	-1.180188E+02
1.86566875000E+06	8.706433E-03	-1.174245E+02
1.86753750000E+06	8.639209E-03	-1.181708E+02
1.86940625000E+06	8.421320E-03	-1.174774E+02
1.87127500000E+06	8.521691E-03	-1.185082E+02
1.87314375000E+06	8.434663E-03	-1.170275E+02
1.87501250000E+06	8.724183E-03	-1.177732E+02
1.87688125000E+06	8.792092E-03	-1.180381E+02
1.87875000000E+06	8.770462E-03	-1.173941E+02
1.88061875000E+06	8.796301E-03	-1.182343E+02
1.88248750000E+06	8.539918E-03	-1.182262E+02
1.88435625000E+06	8.733581E-03	-1.175978E+02
1.88622500000E+06	8.379579E-03	-1.173820E+02
1.88809375000E+06	8.758934E-03	-1.178552E+02
1.88996250000E+06	8.776941E-03	-1.181535E+02
1.89183125000E+06	8.705090E-03	-1.161708E+02
1.89370000000E+06	8.675681E-03	-1.190911E+02
1.89556875000E+06	8.814914E-03	-1.180194E+02
1.89743750000E+06	8.755424E-03	-1.175870E+02
1.89930625000E+06	8.891785E-03	-1.208518E+02
1.90117500000E+06	8.613753E-03	-1.172992E+02
1.90304375000E+06	8.779511E-03	-1.190942E+02
1.90491250000E+06	8.981631E-03	-1.183812E+02
1.90678125000E+06	8.853121E-03	-1.181726E+02
1.90865000000E+06	8.916049E-03	-1.183661E+02
1.91051875000E+06	8.645891E-03	-1.180915E+02
1.91238750000E+06	8.874519E-03	-1.191492E+02
1.91425625000E+06	8.969063E-03	-1.187304E+02
1.91612500000E+06	8.819790E-03	-1.192813E+02
1.91799375000E+06	8.774328E-03	-1.194453E+02
1.91986250000E+06	8.778617E-03	-1.183549E+02
1.92173125000E+06	8.816248E-03	-1.186150E+02
1.92360000000E+06	8.913764E-03	-1.197046E+02
1.92546875000E+06	8.832099E-03	-1.186889E+02
1.92733750000E+06	8.967132E-03	-1.189883E+02
1.92920625000E+06	8.874326E-03	-1.188669E+02
1.93107500000E+06	8.770146E-03	-1.191412E+02
1.93294375000E+06	8.900135E-03	-1.194267E+02
1.93481250000E+06	8.906870E-03	-1.192473E+02
1.93668125000E+06	8.848332E-03	-1.201382E+02
1.93855000000E+06	9.006796E-03	-1.197420E+02
1.94041875000E+06	8.955611E-03	-1.194216E+02
1.94228750000E+06	8.905639E-03	-1.193207E+02
1.94415625000E+06	8.913082E-03	-1.190949E+02
1.94602500000E+06	8.968690E-03	-1.195767E+02
1.94789375000E+06	8.964657E-03	-1.197829E+02
1.94976250000E+06	8.930656E-03	-1.198318E+02
1.95163125000E+06	8.909931E-03	-1.200836E+02
1.95350000000E+06	8.748881E-03	-1.196676E+02
1.95536875000E+06	8.971359E-03	-1.196002E+02
1.95723750000E+06	9.013134E-03	-1.205637E+02
1.95910625000E+06	9.006154E-03	-1.209344E+02
1.96097500000E+06	8.807265E-03	-1.197575E+02
1.96284375000E+06	8.876760E-03	-1.196477E+02
1.96471250000E+06	8.975391E-03	-1.193650E+02
1.96658125000E+06	9.017730E-03	-1.200880E+02
1.96845000000E+06	8.922464E-03	-1.205485E+02
1.97031875000E+06	8.938787E-03	-1.194944E+02
1.97218750000E+06	9.032200E-03	-1.204212E+02
1.97405625000E+06	9.070143E-03	-1.195170E+02
1.97592500000E+06	8.967418E-03	-1.198900E+02
1.97779375000E+06	9.175712E-03	-1.212680E+02
1.97966250000E+06	9.169119E-03	-1.194939E+02
1.98153125000E+06	9.240166E-03	-1.207514E+02
1.98340000000E+06	9.179781E-03	-1.205167E+02
1.98526875000E+06	9.046877E-03	-1.213903E+02
1.98713750000E+06	9.198084E-03	-1.199922E+02
1.98900625000E+06	9.185619E-03	-1.208792E+02
1.99087500000E+06	9.075538E-03	-1.188542E+02
1.99274375000E+06	9.235034E-03	-1.193334E+02
1.99461250000E+06	9.240252E-03	-1.199112E+02
1.99648125000E+06	9.146138E-03	-1.197232E+02
1.99835000000E+06	9.312703E-03	-1.200695E+02
2.00021875000E+06	9.206065E-03	-1.199014E+02
2.00208750000E+06	9.592191E-03	-1.189903E+02
2.00395625000E+06	9.400013E-03	-1.203943E+02
2.00582500000E+06	9.106209E-03	-1.210194E+02
2.00769375000E+06	9.055733E-03	-1.221456E+02
2.00956250000E+06	9.417430E-03	-1.236696E+02
2.01143125000E+06	9.183783E-03	-1.191882E+02
2.01330000000E+06	9.402591E-03	-1.205923E+02
2.01516875000E+06	9.011168E-03	-1.210128E+02
2.01703750000E+06	9.356659E-03	-1.213187E+02
2.01890625000E+06	9.435659E-03	-1.196690E+02
2.02077500000E+06	9.267455E-03	-1.206244E+02
2.02264375000E+06	9.490182E-03	-1.202698E+02
2.02451250000E+06	9.462819E-03	-1.206145E+02
2.02638125000E+06	9.323197E-03	-1.197269E+02
2.02825000000E+06	9.293387E-03	-1.203548E+02
2.03011875000E+06	9.387174E-03	-1.214527E+02
2.03198750000E+06	9.204615E-03	-1.210631E+02
2.03385625000E+06	9.383659E-03	-1.205033E+02
2.03572500000E+06	9.507693E-03	-1.201463E+02
2.03759375000E+06	9.460807E-03	-1.214089E+02
2.03946250000E+06	9.282147E-03	-1.194286E+02
2.04133125000E+06	9.498607E-03	-1.213559E+02
2.04320000000E+06	9.476136E-03	-1.210473E+02
2.04506875000E+06	9.282387E-03	-1.198550E+02
2.04693750000E+06	9.540185E-03	-1.221360E+02
2.04880625000E+06	9.263758E-03	-1.229987E+02
2.05067500000E+06	9.252951E-03	-1.203435E+02
2.05254375000E+06	9.316337E-03	-1.217739E+02
2.05441250000E+06	9.618249E-03	-1.225704E+02
2.05628125000E+06	9.680114E-03	-1.220644E+02
2.05815000000E+06	9.453740E-03	-1.212402E+02
2.06001875000E+06	9.534936E-03	-1.220173E+02
2.06188750000E+06	9.534478E-03	-1.225598E+02
2.06375625000E+06	9.590124E-03	-1.212147E+02
2.06562500000E+06	9.628080E-03	-1.223273E+02
2.06749375000E+06	9.428557E-03	-1.213935E+02
2.06936250000E+06	9.712839E-03	-1.226496E+02
2.07123125000E+06	9.922229E-03	-1.218783E+02
2.07310000000E+06	9.611649E-03	-1.212164E+02
2.07496875000E+06	9.531289E-03	-1.220084E+02
2.07683750000E+06	9.595038E-03	-1.222307E+02
2.07870625000E+06	9.485321E-03	-1.231766E+02
2.08057500000E+06	9.568952E-03	-1.240080E+02
2.08244375000E+06	9.640724E-03	-1.202353E+02
2.08431250000E+06	9.639264E-03	-1.219013E+02
2.08618125000E+06	9.684077E-03	-1.227757E+02
2.08805000000E+06	9.709950E-03	-1.216306E+02
2.08991875000E+06	9.697706E-03	-1.219815E+02
2.09178750000E+06	9.696409E-03	-1.229726E+02
2.09365625000E+06	9.833016E-03	-1.231099E+02
2.09552500000E+06	9.842878E-03	-1.221548E+02
2.09739375000E+06	9.609734E-03	-1.228735E+02
2.09926250000E+06	9.661895E-03	-1.231477E+02
2.10113125000E+06	9.677737E-03	-1.228628E+02
2.10300000000E+06	9.739222E-03	-1.226848E+02
2.10486875000E+06	9.663943E-03	-1.221768E+02
2.10673750000E+06	9.614383E-03	-1.225353E+02
2.10860625000E+06	9.732679E-03	-1.237175E+02
2.11047500000E+06	9.740638E-03	-1.228001E+02
2.11234375000E+06	9.797749E-03	-1.231258E+02
2.11421250000E+06	9.754403E-03	-1.237341E+02
2.11608125000E+06	9.735225E-03	-1.223797E+02
2.11795000000E+06	9.579262E-03	-1.236724E+02
2.11981875000E+06	9.816229E-03	-1.226664E+02
2.12168750000E+06	9.773713E-03	-1.239620E+02
2.12355625000E+06	9.711850E-03	-1.227759E+02
2.12542500000E+06	9.849720E-03	-1.238181E+02
2.12729375000E+06	9.712390E-03	-1.235513E+02
2.12916250000E+06	9.855721E-03	-1.241508E+02
2.13103125000E+06	9.842001E-03	-1.237998E+02
2.13290000000E+06	9.785679E-03	-1.244453E+02
2.13476875000E+06	9.834756E-03	-1.244437E+02
2.13663750000E+06	9.896302E-03	-1.241117E+02
2.13850625000E+06	9.774734E-03	-1.237701E+02
2.14037500000E+06	9.809228E-03	-1.236756E+02
2.14224375000E+06	9.798510E-03	-1.243077E+02
2.14411250000E+06	9.945012E-03	-1.245102E+02
2.14598125000E+06	9.856137E-03	-1.249714E+02
2.14785000000E+06	9.815952E-03	-1.243041E+02
2.14971875000E+06	9.799077E-03	-1.244615E+02
2.15158750000E+06	9.873742E-03	-1.244907E+02
2.15345625000E+06	9.981129E-03	-1.248057E+02
2.15532500000E+06	9.834897E-03	-1.242473E+02
2.15719375000E+06	9.889968E-03	-1.247591E+02
2.15906250000E+06	9.786564E-03	-1.245701E+02
2.16093125000E+06	9.970199E-03	-1.254797E+02
2.16280000000E+06	9.777299E-03	-1.253250E+02
2.16466875000E+06	9.795013E-03	-1.250992E+02
2.16653750000E+06	9.874372E-03	-1.240051E+02
2.16840625000E+06	9.775045E-03	-1.239513E+02
2.17027500000E+06	9.920198E-03	-1.251303E+02
2.17214375000E+06	9.662961E-03	-1.245120E+02
2.17401250000E+06	1.002420E-02	-1.242524E+02
2.17588125000E+06	9.978707E-03	-1.252349E+02
2.17775000000E+06	9.778195E-03	-1.249394E+02
2.17961875000E+06	9.845115E-03	-1.247535E+02
2.18148750000E+06	1.001540E-02	-1.246444E+02
2.18335625000E+06	9.902251E-03	-1.248269E+02
2.18522500000E+06	9.811363E-03	-1.265768E+02
2.18709375000E+06	1.008688E-02	-1.254523E+02
2.18896250000E+06	9.879954E-03	-1.257821E+02
2.19083125000E+06	9.841838E-03	-1.252245E+02
2.19270000000E+06	9.999682E-03	-1.248136E+02
2.19456875000E+06	9.849150E-03	-1.271691E+02
2.19643750000E+06	1.009481E-02	-1.245845E+02
2.19830625000E+06	9.896020E-03	-1.258974E+02
2.20017500000E+06	1.002057E-02	-1.270938E+02
2.20204375000E+06	1.035488E-02	-1.250828E+02
2.20391250000E+06	9.876668E-03	-1.245133E+02
2.20578125000E+06	9.652935E-03	-1.251682E+02
2.20765000000E+06	1.004636E-02	-1.266045E+02
2.20951875000E+06	9.847990E-03	-1.251387E+02
2.21138750000E+06	9.950923E-03	-1.274096E+02
2.21325625000E+06	9.935975E-03	-1.248740E+02
2.21512500000E+06	9.665633E-03	-1.254082E+02
2.21699375000E+06	9.721277E-03	-1.258895E+02
2.21886250000E+06	9.735014E-03	-1.263890E+02
2.22073125000E+06	1.023895E-02	-1.272410E+02
2.22260000000E+06	9.946067E-03	-1.268686E+02
2.22446875000E+06	9.884529E-03	-1.244789E+02
2.22633750000E+06	9.912852E-03	-1.256498E+02
2.22820625000E+06	1.008948E-02	-1.268844E+02
2.23007500000E+06	1.018371E-02	-1.269225E+02
2.23194375000E+06	9.962922E-03	-1.254986E+02
2.23381250000E+06	1.003921E-02	-1.260928E+02
2.23568125000E+06	9.895486E-03	-1.273728E+02
2.23755000000E+06	9.894037E-03	-1.263761E+02
2.23941875000E+06	1.013966E-02	-1.254928E+02
2.24128750000E+06	1.002271E-02	-1.254464E+02
2.24315625000E+06	1.002519E-02	-1.247797E+02
2.24502500000E+06	1.002622E-02	-1.271468E+02
2.24689375000E+06	1.019466E-02	-1.263512E+02
2.24876250000E+06	1.006760E-02	-1.273491E+02
2.25063125000E+06	1.011818E-02	-1.259317E+02
2.25250000000E+06	9.954765E-03	-1.263386E+02
2.25436875000E+06	9.822925E-03	-1.258059E+02
2.25623750000E+06	1.013502E-02	-1.255417E+02
2.25810625000E+06	1.004194E-02	-1.268051E+02
2.25997500000E+06	9.916088E-03	-1.272644E+02
2.26184375000E+06	9.888853E-03	-1.262217E+02
2.26371250000E+06	9.898764E-03	-1.250600E+02
2.26558125000E+06	9.858971E-03	-1.263787E+02
2.26745000000E+06	1.010812E-02	-1.263925E+02
2.26931875000E+06	9.973234E-03	-1.263320E+02
2.27118750000E+06	1.005161E-02	-1.257576E+02
2.27305625000E+06	9.930322E-03	-1.271742E+02
2.27492500000E+06	1.004176E-02	-1.259832E+02
2.27679375000E+06	1.018019E-02	-1.271358E+02
2.27866250000E+06	1.001227E-02	-1.277894E+02
2.28053125000E+06	9.999464E-03	-1.256206E+02
2.28240000000E+06	9.712932E-03	-1.252921E+02
2.28426875000E+06	1.020602E-02	-1.273999E+02
2.28613750000E+06	1.015657E-02	-1.272571E+02
2.28800625000E+06	9.991966E-03	-1.262957E+02
2.28987500000E+06	1.000176E-02	-1.261334E+02
2.29174375000E+06	9.811701E-03	-1.277717E+02
2.29361250000E+06	9.933406E-03	-1.264232E+02
2.29548125000E+06	1.008663E-02	-1.258543E+02
2.29735000000E+06	9.930684E-03	-1.264422E+02
2.29921875000E+06	1.006446E-02	-1.260985E+02
2.30108750000E+06	1.000904E-02	-1.251460E+02
2.30295625000E+06	9.931506E-03	-1.268419E+02
2.30482500000E+06	1.005946E-02	-1.257383E+02
2.30669375000E+06	9.986660E-03	-1.268941E+02
2.30856250000E+06	9.964657E-03	-1.268160E+02
2.31043125000E+06	9.883550E-03	-1.258977E+02
2.31230000000E+06	1.009035E-02	-1.261532E+02
2.31416875000E+06	9.999741E-03	-1.268754E+02
2.31603750000E+06	1.008079E-02	-1.260292E+02
2.31790625000E+06	1.011219E-02	-1.256072E+02
2.31977500000E+06	1.011375E-02	-1.255721E+02
2.32164375000E+06	1.015453E-02	-1.260415E+02
2.32351250000E+06	9.871981E-03	-1.259328E+02
2.32538125000E+06	1.020882E-02	-1.267769E+02
2.32725000000E+06	1.013270E-02	-1.276902E+02
2.32911875000E+06	9.994781E-03	-1.249593E+02
2.33098750000E+06	1.014256E-02	-1.265280E+02
2.33285625000E+06	1.024031E-02	-1.263039E+02
2.33472500000E+06	1.008772E-02	-1.259687E+02
2.33659375000E+06	1.012848E-02	-1.262379E+02
2.33846250000E+06	1.022930E-02	-1.259379E+02
2.34033125000E+06	1.013539E-02	-1.259968E+02
2.34220000000E+06	1.001399E-02	-1.268062E+02
2.34406875000E+06	1.010012E-02	-1.266524E+02
2.34593750000E+06	1.025371E-02	-1.256023E+02
2.34780625000E+06	1.013907E-02	-1.264141E+02
2.34967500000E+06	1.014352E-02	-1.259992E+02
2.35154375000E+06	1.007980E-02	-1.259941E+02
2.35341250000E+06	1.018801E-02	-1.256660E+02
2.35528125000E+06	1.011648E-02	-1.268651E+02
2.35715000000E+06	1.016674E-02	-1.254725E+02
2.35901875000E+06	1.023032E-02	-1.264199E+02
2.36088750000E+06	1.008310E-02	-1.259982E+02
2.36275625000E+06	1.024989E-02	-1.257988E+02
2.36462500000E+06	1.012924E-02	-1.255503E+02
2.36649375000E+06	1.014332E-02	-1.253977E+02
2.36836250000E+06	1.028463E-02	-1.253124E+02
2.37023125000E+06	1.028908E-02	-1.260504E+02
2.37210000000E+06	1.019792E-02	-1.255372E+02
2.37396875000E+06	1.017777E-02	-1.260334E+02
2.37583750000E+06	1.027584E-02	-1.262183E+02
2.37770625000E+06	1.030987E-02	-1.250857E+02
2.37957500000E+06	1.014787E-02	-1.260956E+02
2.38144375000E+06	1.024662E-02	-1.260792E+02
2.38331250000E+06	1.018620E-02	-1.254366E+02
2.38518125000E+06	1.036869E-02	-1.251376E+02
2.38705000000E+06	1.028811E-02	-1.253360E+02
2.38891875000E+06	1.026081E-02	-1.250117E+02
2.39078750000E+06	1.038532E-02	-1.256738E+02
2.39265625000E+06	1.020928E-02	-1.249746E+02
2.39452500000E+06	1.029411E-02	-1.250683E+02
2.39639375000E+06	1.029532E-02	-1.246971E+02
2.39826250000E+06	1.025956E-02	-1.257949E+02
2.40013125000E+06	1.044905E-02	-1.255785E+02
2.40200000000E+06	1.044069E-02	-1.258787E+02
2.40386875000E+06	1.024501E-02	-1.260062E+02
2.40573750000E+06	1.041440E-02	-1.252473E+02
2.40760625000E+06	1.026551E-02	-1.261055E+02
2.40947500000E+06	1.037239E-02	-1.254025E+02
2.41134375000E+06	1.036768E-02	-1.262787E+02
2.41321250000E+06	1.037598E-02	-1.251209E+02
2.41508125000E+06	1.055844E-02	-1.261552E+02
2.41695000000E+06	1.062814E-02	-1.258312E+02
2.41881875000E+06	1.050543E-02	-1.270891E+02
2.42068750000E+06	1.046615E-02	-1.265951E+02
2.42255625000E+06	1.069935E-02	-1.265861E+02
2.42442500000E+06	1.047329E-02	-1.270453E+02
2.42629375000E+06	1.042173E-02	-1.257270E+02
2.42816250000E+06	1.046793E-02	-1.251831E+02
2.43003125000E+06	1.081046E-02	-1.259473E+02
2.43190000000E+06	1.058953E-02	-1.259950E+02
2.43376875000E+06	1.057754E-02	-1.275833E+02
2.43563750000E+06	1.075936E-02	-1.263599E+02
2.43750625000E+06	1.045006E-02	-1.239791E+02
2.43937500000E+06	1.072840E-02	-1.256668E+02
2.44124375000E+06	1.059319E-02	-1.254396E+02
2.44311250000E+06	1.056009E-02	-1.257490E+02
2.44498125000E+06	1.060673E-02	-1.253745E+02
2.44685000000E+06	1.067721E-02	-1.251531E+02
2.44871875000E+06	1.036643E-02	-1.252537E+02
2.45058750000E+06	1.065780E-02	-1.248535E+02
2.45245625000E+06	1.081746E-02	-1.239764E+02
2.45432500000E+06	1.069291E-02	-1.257929E+02
2.45619375000E+06	1.059277E-02	-1.262141E+02
2.45806250000E+06	1.057083E-02	-1.254163E+02
2.45993125000E+06	1.054015E-02	-1.266778E+02
2.46180000000E+06	1.040943E-02	-1.249634E+02
2.46366875000E+06	1.083683E-02	-1.262972E+02
2.46553750000E+06	1.068347E-02	-1.261787E+02
2.46740625000E+06	1.070111E-02	-1.244417E+02
2.46927500000E+06	1.057008E-02	-1.251845E+02
2.47114375000E+06	1.091055E-02	-1.263927E+02
2.47301250000E+06	1.090457E-02	-1.266339E+02
2.47488125000E+06	1.095291E-02	-1.263314E+02
2.47675000000E+06	1.087950E-02	-1.265649E+02
2.47861875000E+06	1.068100E-02	-1.259006E+02
2.48048750000E+06	1.068664E-02	-1.274295E+02
2.48235625000E+06	1.103669E-02	-1.257625E+02
2.48422500000E+06	1.105065E-02	-1.254385E+02
2.48609375000E+06	1.074828E-02	-1.255597E+02
2.48796250000E+06	1.080819E-02	-1.254617E+02
2.48983125000E+06	1.088785E-02	-1.260738E+02
2.49170000000E+06	1.098152E-02	-1.263141E+02
2.49356875000E+06	1.083296E-02	-1.265193E+02
2.49543750000E+06	1.109534E-02	-1.247476E+02
2.49730625000E+06	1.082276E-02	-1.249180E+02
2.49917500000E+06	1.074336E-02	-1.267277E+02
2.50104375000E+06	1.070821E-02	-1.263359E+02
2.50291250000E+06	1.078790E-02	-1.251275E+02
2.50478125000E+06	1.112412E-02	-1.257364E+02
2.50665000000E+06	1.118647E-02	-1.262050E+02
2.50851875000E+06	1.108474E-02	-1.247362E+02
2.51038750000E+06	1.095172E-02	-1.256240E+02
2.51225625000E+06	1.106137E-02	-1.258313E+02
2.51412500000E+06	1.095347E-02	-1.254536E+02
2.51599375000E+06	1.117959E-02	-1.253035E+02
2.51786250000E+06	1.118811E-02	-1.260167E+02
2.51973125000E+06	1.123877E-02	-1.258213E+02
2.52160000000E+06	1.121727E-02	-1.257467E+02
2.52346875000E+06	1.121450E-02	-1.260758E+02
2.52533750000E+06	1.116341E-02	-1.257376E+02
2.52720625000E+06	1.123266E-02	-1.260764E+02
2.52907500000E+06	1.115225E-02	-1.262079E+02
2.53094375000E+06	1.104137E-02	-1.253700E+02
2.53281250000E+06	1.091065E-02	-1.260867E+02
2.53468125000E+06	1.105444E-02	-1.257681E+02
2.53655000000E+06	1.118525E-02	-1.252734E+02
2.53841875000E+06	1.139835E-02	-1.254004E+02
2.54028750000E+06	1.120166E-02	-1.262400E+02
2.54215625000E+06	1.131720E-02	-1.263643E+02
2.54402500000E+06	1.115937E-02	-1.266485E+02
2.54589375000E+06	1.125250E-02	-1.261972E+02
2.54776250000E+06	1.127273E-02	-1.271730E+02
2.54963125000E+06	1.142563E-02	-1.262894E+02
2.55150000000E+06	1.150645E-02	-1.261731E+02
2.55336875000E+06	1.147186E-02	-1.268661E+02
2.55523750000E+06	1.131869E-02	-1.254798E+02
2.55710625000E+06	1.123763E-02	-1.267245E+02
2.55897500000E+06	1.131850E-02	-1.272820E+02
2.56084375000E+06	1.148067E-02	-1.264856E+02
2.56271250000E+06	1.142310E-02	-1.260927E+02
2.56458125000E+06	1.143793E-02	-1.265774E+02
2.56645000000E+06	1.155631E-02	-1.264935E+02
2.56831875000E+06	1.159380E-02	-1.261305E+02
2.57018750000E+06	1.158281E-02	-1.269066E+02
2.57205625000E+06	1.146095E-02	-1.266257E+02
2.57392500000E+06	1.153543E-02	-1.260212E+02
2.57579375000E+06	1.132675E-02	-1.266885E+02
2.57766250000E+06	1.147283E-02	-1.256849E+02
2.57953125000E+06	1.161454E-02	-1.269696E+02
2.58140000000E+06	1.143265E-02	-1.254652E+02
2.58326875000E+06	1.158451E-02	-1.262549E+02
2.58513750000E+06	1.148830E-02	-1.262354E+02
2.58700625000E+06	1.154290E-02	-1.261439E+02
2.58887500000E+06	1.153185E-02	-1.265210E+02
2.59074375000E+06	1.159791E-02	-1.263836E+02
2.59261250000E+06	1.170403E-02	-1.264087E+02
2.59448125000E+06	1.161082E-02	-1.261272E+02
2.59635000000E+06	1.158752E-02	-1.265433E+02
2.59821875000E+06	1.164605E-02	-1.263913E+02
2.60008750000E+06	1.166063E-02	-1.270870E+02
2.60195625000E+06	1.165166E-02	-1.274154E+02
2.60382500000E+06	1.176992E-02	-1.268417E+02
2.60569375000E+06	1.166762E-02	-1.269742E+02
2.60756250000E+06	1.165592E-02	-1.269546E+02
2.60943125000E+06	1.165499E-02	-1.267871E+02
2.61130000000E+06	1.169285E-02	-1.268784E+02
2.61316875000E+06	1.176806E-02	-1.272361E+02
2.61503750000E+06	1.174800E-02	-1.267527E+02
2.61690625000E+06	1.180324E-02	-1.273037E+02
2.61877500000E+06	1.180489E-02	-1.273642E+02
2.62064375000E+06	1.175660E-02	-1.267425E+02
2.62251250000E+06	1.177058E-02	-1.266929E+02
2.62438125000E+06	1.191639E-02	-1.274560E+02
2.62625000000E+06	1.183615E-02	-1.274671E+02
2.62811875000E+06	1.187395E-02	-1.271090E+02
2.62998750000E+06	1.182486E-02	-1.271489E+02
2.63185625000E+06	1.188164E-02	-1.273181E+02
2.63372500000E+06	1.175984E-02	-1.269896E+02
2.63559375000E+06	1.191806E-02	-1.272263E+02
2.63746250000E+06	1.189633E-02	-1.269773E+02
2.63933125000E+06	1.192614E-02	-1.272458E+02
2.64120000000E+06	1.186350E-02	-1.270255E+02
2.64306875000E+06	1.205174E-02	-1.272332E+02
2.64493750000E+06	1.197850E-02	-1.268909E+02
2.64680625000E+06	1.190741E-02	-1.268267E+02
2.64867500000E+06	1.199135E-02	-1.276275E+02
2.65054375000E+06	1.198133E-02	-1.273568E+02
2.65241250000E+06	1.203632E-02	-1.276729E+02
2.65428125000E+06	1.191744E-02	-1.276973E+02
2.65615000000E+06	1.202627E-02	-1.279884E+02
2.65801875000E+06	1.208544E-02	-1.274360E+02
2.65988750000E+06	1.193559E-02	-1.281120E+02
2.66175625000E+06	1.202032E-02	-1.275580E+02
2.66362500000E+06	1.200676E-02	-1.273192E+02
2.66549375000E+06	1.219510E-02	-1.274836E+02
2.66736250000E+06	1.194970E-02	-1.278887E+02
2.66923125000E+06	1.216704E-02	-1.274392E+02
2.67110000000E+06	1.208346E-02	-1.277087E+02
2.67296875000E+06	1.202806E-02	-1.275645E+02
2.67483750000E+06	1.232451E-02	-1.274593E+02
2.67670625000E+06	1.225981E-02	-1.272849E+02
2.67857500000E+06	1.219851E-02	-1.277974E+02
2.68044375000E+06	1.209195E-02	-1.277397E+02
2.68231250000E+06	1.212090E-02	-1.274010E+02
2.68418125000E+06	1.223573E-02	-1.277315E+02
2.68605000000E+06	1.219558E-02	-1.277426E+02
2.68791875000E+06	1.219845E-02	-1.282718E+02
2.68978750000E+06	1.228095E-02	-1.279372E+02
2.69165625000E+06	1.215325E-02	-1.278050E+02
2.69352500000E+06	1.224620E-02	-1.280078E+02
2.69539375000E+06	1.214196E-02	-1.276344E+02
2.69726250000E+06	1.211137E-02	-1.278489E+02
2.69913125000E+06	1.235824E-02	-1.281333E+02
2.70100000000E+06	1.240583E-02	-1.281080E+02
2.70286875000E+06	1.217372E-02	-1.285623E+02
2.70473750000E+06	1.221216E-02	-1.277869E+02
2.70660625000E+06	1.227389E-02	-1.276673E+02
2.70847500000E+06	1.219685E-02	-1.284591E+02
2.71034375000E+06	1.223280E-02	-1.281647E+02
2.71221250000E+06	1.253594E-02	-1.282030E+02
2.71408125000E+06	1.215885E-02	-1.281794E+02
2.71595000000E+06	1.233359E-02	-1.284895E+02
2.71781875000E+06	1.215854E-02	-1.288239E+02
2.71968750000E+06	1.244523E-02	-1.289280E+02
2.72155625000E+06	1.260099E-02	-1.284682E+02
2.72342500000E+06	1.246817E-02	-1.277594E+02
2.72529375000E+06	1.241371E-02	-1.290713E+02
2.72716250000E+06	1.241944E-02	-1.286903E+02
2.72903125000E+06	1.242332E-02	-1.295378E+02
2.73090000000E+06	1.237799E-02	-1.274420E+02
2.73276875000E+06	1.221747E-02	-1.280910E+02
2.73463750000E+06	1.264820E-02	-1.268588E+02
2.73650625000E+06	1.222910E-02	-1.278737E+02
2.73837500000E+06	1.244934E-02	-1.289102E+02
2.74024375000E+06	1.250738E-02	-1.282213E+02
2.74211250000E+06	1.270330E-02	-1.304138E+02
2.74398125000E+06	1.248757E-02	-1.293778E+02
2.74585000000E+06	1.258771E-02	-1.284022E+02
2.74771875000E+06	1.266859E-02	-1.277904E+02
2.74958750000E+06	1.274595E-02	-1.289229E+02
2.75145625000E+06	1.276213E-02	-1.281196E+02
2.75332500000E+06	1.241907E-02	-1.290878E+02
2.75519375000E+06	1.265939E-02	-1.302424E+02
2.75706250000E+06	1.274067E-02	-1.285553E+02
2.75893125000E+06	1.283191E-02	-1.286882E+02
2.76080000000E+06	1.260400E-02	-1.292445E+02
2.76266875000E+06	1.253323E-02	-1.297081E+02
2.76453750000E+06	1.268964E-02	-1.290759E+02
2.76640625000E+06	1.264642E-02	-1.298271E+02
2.76827500000E+06	1.268853E-02	-1.289077E+02
2.77014375000E+06	1.274746E-02	-1.298134E+02
2.77201250000E+06	1.268167E-02	-1.286595E+02
2.77388125000E+06	1.259849E-02	-1.295838E+02
2.77575000000E+06	1.271013E-02	-1.289425E+02
2.77761875000E+06	1.252568E-02	-1.293796E+02
2.77948750000E+06	1.309322E-02	-1.294983E+02
2.78135625000E+06	1.262161E-02	-1.293628E+02
2.78322500000E+06	1.275819E-02	-1.288787E+02
2.78509375000E+06	1.295185E-02	-1.291165E+02
2.78696250000E+06	1.261284E-02	-1.294220E+02
2.78883125000E+06	1.305610E-02	-1.289447E+02
2.79070000000E+06	1.281999E-02	-1.293579E+02
2.79256875000E+06	1.272637E-02	-1.298891E+02
2.79443750000E+06	1.274439E-02	-1.287942E+02
2.79630625000E+06	1.298352E-02	-1.295995E+02
2.79817500000E+06	1.295228E-02	-1.296970E+02
2.80004375000E+06	1.299598E-02	-1.300634E+02
2.80191250000E+06	1.286861E-02	-1.311453E+02
2.80378125000E+06	1.282363E-02	-1.299896E+02
2.80565000000E+06	1.270323E-02	-1.296365E+02
2.80751875000E+06	1.321264E-02	-1.289367E+02
2.80938750000E+06	1.275991E-02	-1.292119E+02
2.81125625000E+06	1.297770E-02	-1.294614E+02
2.81312500000E+06	1.302904E-02	-1.294637E+02
2.81499375000E+06	1.321202E-02	-1.296782E+02
2.81686250000E+06	1.310203E-02	-1.303996E+02
2.81873125000E+06	1.300996E-02	-1.288950E+02
2.82060000000E+06	1.314249E-02	-1.305476E+02
2.82246875000E+06	1.297008E-02	-1.298354E+02
2.82433750000E+06	1.281715E-02	-1.300814E+02
2.82620625000E+06	1.298298E-02	-1.301623E+02
2.82807500000E+06	1.293572E-02	-1.300745E+02
2.82994375000E+06	1.318851E-02	-1.306722E+02
2.83181250000E+06	1.307661E-02	-1.299989E+02
2.83368125000E+06	1.314799E-02	-1.299124E+02
2.83555000000E+06	1.312816E-02	-1.304171E+02
2.83741875000E+06	1.325356E-02	-1.306124E+02
2.83928750000E+06	1.294780E-02	-1.291354E+02
2.84115625000E+06	1.314753E-02	-1.305841E+02
2.84302500000E+06	1.321674E-02	-1.299449E+02
2.84489375000E+06	1.271900E-02	-1.295779E+02
2.84676250000E+06	1.318672E-02	-1.301143E+02
2.84863125000E+06	1.311770E-02	-1.301669E+02
2.85050000000E+06	1.316077E-02	-1.295490E+02
2.85236875000E+06	1.314632E-02	-1.299353E+02
2.85423750000E+06	1.325004E-02	-1.303569E+02
2.85610625000E+06	1.307351E-02	-1.298586E+02
2.85797500000E+06	1.341613E-02	-1.308942E+02
2.85984375000E+06	1.314324E-02	-1.309788E+02
2.86171250000E+06	1.313054E-02	-1.306386E+02
2.86358125000E+06	1.333197E-02	-1.307425E+02
2.86545000000E+06	1.331860E-02	-1.302153E+02
2.86731875000E+06	1.340674E-02	-1.302232E+02
2.86918750000E+06	1.333020E-02	-1.310206E+02
2.87105625000E+06	1.322403E-02	-1.300280E+02
2.87292500000E+06	1.320624E-02	-1.304138E+02
2.87479375000E+06	1.338994E-02	-1.307140E+02
2.87666250000E+06	1.321542E-02	-1.307369E+02
2.87853125000E+06	1.325014E-02	-1.301302E+02
2.88040000000E+06	1.332316E-02	-1.308636E+02
2.88226875000E+06	1.339230E-02	-1.303961E+02
2.88413750000E+06	1.342060E-02	-1.299334E+02
2.88600625000E+06	1.319635E-02	-1.307211E+02
2.88787500000E+06	1.339692E-02	-1.315366E+02
2.88974375000E+06	1.318600E-02	-1.301949E+02
2.89161250000E+06	1.330251E-02	-1.310143E+02
2.89348125000E+06	1.347600E-02	-1.302276E+02
2.89535000000E+06	1.358435E-02	-1.320270E+02
2.89721875000E+06	1.345765E-02	-1.304568E+02
2.89908750000E+06	1.353748E-02	-1.302649E+02
2.90095625000E+06	1.338373E-02	-1.306210E+02
2.90282500000E+06	1.348723E-02	-1.314385E+02
2.90469375000E+06	1.357505E-02	-1.302159E+02
2.90656250000E+06	1.366754E-02	-1.310841E+02
2.90843125000E+06	1.359976E-02	-1.313603E+02
2.91030000000E+06	1.360402E-02	-1.311335E+02
2.91216875000E+06	1.351446E-02	-1.312329E+02
2.91403750000E+06	1.364370E-02	-1.312702E+02
2.91590625000E+06	1.364088E-02	-1.313076E+02
2.91777500000E+06	1.354896E-02	-1.312429E+02
2.91964375000E+06	1.354917E-02	-1.312396E+02
2.92151250000E+06	1.364195E-02	-1.314746E+02
2.92338125000E+06	1.357701E-02	-1.309170E+02
2.92525000000E+06	1.372516E-02	-1.312351E+02
2.92711875000E+06	1.371447E-02	-1.307159E+02
2.92898750000E+06	1.358293E-02	-1.310803E+02
2.93085625000E+06	1.369241E-02	-1.317769E+02
2.93272500000E+06	1.373271E-02	-1.317101E+02
2.93459375000E+06	1.358605E-02	-1.313624E+02
2.93646250000E+06	1.373743E-02	-1.313121E+02
2.93833125000E+06	1.358960E-02	-1.316618E+02
2.94020000000E+06	1.382797E-02	-1.316353E+02
2.94206875000E+06	1.362995E-02	-1.304417E+02
2.94393750000E+06	1.377232E-02	-1.315279E+02
2.94580625000E+06	1.375724E-02	-1.317936E+02
2.94767500000E+06	1.371554E-02	-1.312046E+02
2.94954375000E+06	1.375584E-02	-1.319512E+02
2.95141250000E+06	1.371283E-02	-1.319272E+02
2.95328125000E+06	1.378378E-02	-1.315523E+02
2.95515000000E+06	1.365903E-02	-1.315611E+02
2.95701875000E+06	1.382213E-02	-1.315179E+02
2.95888750000E+06	1.387419E-02	-1.314766E+02
2.96075625000E+06	1.382747E-02	-1.317860E+02
2.96262500000E+06	1.384311E-02	-1.318351E+02
2.96449375000E+06	1.390682E-02	-1.319467E+02
2.96636250000E+06	1.385288E-02	-1.319074E+02
2.96823125000E+06	1.380398E-02	-1.320402E+02
2.97010000000E+06	1.383519E-02	-1.320589E+02
2.97196875000E+06	1.392758E-02	-1.315247E+02
2.97383750000E+06	1.381178E-02	-1.320642E+02
2.97570625000E+06	1.402283E-02	-1.324200E+02
2.97757500000E+06	1.389814E-02	-1.318507E+02
2.97944375000E+06	1.379638E-02	-1.322489E+02
2.98131250000E+06	1.393448E-02	-1.314731E+02
2.98318125000E+06	1.392762E-02	-1.324513E+02
2.98505000000E+06	1.401051E-02	-1.322449E+02
2.98691875000E+06	1.400434E-02	-1.321141E+02
2.98878750000E+06	1.393865E-02	-1.315844E+02
2.99065625000E+06	1.409603E-02	-1.323285E+02
2.99252500000E+06	1.407352E-02	-1.323915E+02
2.99439375000E+06	1.416741E-02	-1.324299E+02
2.99626250000E+06	1.408125E-02	-1.320988E+02
2.99813125000E+06	1.401914E-02	-1.322133E+02
3.00000000000E+06	1.413807E-02	-1.326524E+02
