"E5100A REV3.14"
"DATE: Jul  3 2004"



"CHANNEL: 2"
"MEASURE TYPE: AR"
"FORMAT TYPE: LINMP"
"NUMBER of POINTS: 1601"
"SWEEP TIME:  3.458 s"
"SWEEP TYPE: LINF"
"SOURCE POWER: 0 dBm"
"IF BANDWIDTH: 500 Hz"

"Frequency"	"Main Array"	"Sub Array"
1.00000000000E+04	1.845899E-02	-1.172863E+02
1.18687500000E+04	1.789462E-02	1.078396E+01
1.37375000000E+04	8.156905E-03	8.655919E+01
1.56062500000E+04	5.505359E-03	1.568186E+02
1.74750000000E+04	1.588135E-03	-1.366536E+02
1.93437500000E+04	1.963668E-03	-2.830374E+01
2.12125000000E+04	4.602355E-03	7.489644E+01
2.30812500000E+04	3.629700E-04	1.025936E+02
2.49500000000E+04	3.094131E-03	-7.153556E+00
2.68187500000E+04	8.272223E-04	-1.320262E+02
2.86875000000E+04	8.417036E-04	-4.173774E+01
3.05562500000E+04	1.751888E-03	-1.036602E+02
3.24250000000E+04	7.659236E-04	7.869850E+01
3.42937500000E+04	6.234927E-04	-1.435494E+02
3.61625000000E+04	1.105014E-03	-1.271113E+02
3.80312500000E+04	7.326964E-04	-7.050063E+01
3.99000000000E+04	1.203827E-03	-1.131368E+02
4.17687500000E+04	6.412577E-04	-1.240430E+02
4.36375000000E+04	4.853915E-04	3.073739E+01
4.55062500000E+04	7.198051E-04	1.238353E+02
4.73750000000E+04	2.379525E-04	3.204268E+01
4.92437500000E+04	7.033199E-04	-1.638445E+02
5.11125000000E+04	3.349332E-04	5.983658E+01
5.29812500000E+04	7.951960E-04	-1.519026E+02
5.48500000000E+04	1.081233E-03	-1.300153E+02
5.67187500000E+04	8.163051E-04	-4.924690E+01
5.85875000000E+04	1.067602E-03	-2.101571E+00
6.04562500000E+04	4.016325E-04	-5.094036E+00
6.23250000000E+04	1.032236E-03	-1.524773E+02
6.41937500000E+04	6.144262E-04	-1.285403E+02
6.60625000000E+04	8.056214E-04	-4.531294E+01
6.79312500000E+04	6.403090E-04	-1.292904E+02
6.98000000000E+04	5.892367E-04	-1.063814E+02
7.16687500000E+04	6.511773E-04	-1.677645E+02
7.35375000000E+04	7.880879E-04	-1.523617E+02
7.54062500000E+04	3.522536E-04	-1.210049E+02
7.72750000000E+04	4.873864E-04	-7.545084E+01
7.91437500000E+04	4.566065E-04	1.778016E+02
8.10125000000E+04	3.931542E-04	1.445870E+02
8.28812500000E+04	4.966080E-04	1.583980E+02
8.47500000000E+04	3.093986E-04	1.626045E+02
8.66187500000E+04	6.289044E-04	-7.751743E+01
8.84875000000E+04	3.856185E-04	-9.091217E+01
9.03562500000E+04	5.674257E-04	-1.037931E+01
9.22250000000E+04	4.930692E-04	-1.577684E+02
9.40937500000E+04	6.032311E-04	-2.639614E+01
9.59625000000E+04	6.036534E-04	-6.904245E+01
9.78312500000E+04	1.029841E-04	3.151223E+01
9.97000000000E+04	1.687213E-04	-1.682287E+02
1.01568750000E+05	6.710091E-04	-9.945165E+01
1.03437500000E+05	4.134077E-04	-1.591022E+02
1.05306250000E+05	1.588000E-03	1.774868E+02
1.07175000000E+05	9.431232E-05	-1.677404E+02
1.09043750000E+05	3.442555E-04	-7.621586E+01
1.10912500000E+05	1.167560E-03	2.803925E+01
1.12781250000E+05	1.314468E-04	-1.303678E+02
1.14650000000E+05	4.834643E-04	5.664138E+01
1.16518750000E+05	4.706766E-04	1.097322E+02
1.18387500000E+05	3.530309E-04	-6.775776E+01
1.20256250000E+05	5.614455E-04	-8.038309E+01
1.22125000000E+05	6.149715E-04	-7.856216E+01
1.23993750000E+05	1.645877E-04	-8.968785E+01
1.25862500000E+05	8.020243E-05	-8.172270E+01
1.27731250000E+05	3.518660E-04	1.759464E+02
1.29600000000E+05	2.059851E-04	1.337711E+02
1.31468750000E+05	1.303754E-04	-1.363452E+02
1.33337500000E+05	6.096502E-04	-6.483588E+01
1.35206250000E+05	1.405642E-04	-1.748808E+02
1.37075000000E+05	1.473116E-04	-1.533629E+02
1.38943750000E+05	1.208301E-04	-6.102967E+01
1.40812500000E+05	5.266526E-04	-1.064144E+02
1.42681250000E+05	2.242736E-04	2.867198E+01
1.44550000000E+05	1.770108E-04	1.254344E+02
1.46418750000E+05	7.106714E-04	-7.877429E+01
1.48287500000E+05	1.256587E-04	9.286186E+01
1.50156250000E+05	3.327299E-04	-1.139568E+02
1.52025000000E+05	3.607725E-04	9.419244E+01
1.53893750000E+05	1.253627E-04	-2.175524E+01
1.55762500000E+05	4.739473E-04	1.776965E+02
1.57631250000E+05	3.972479E-04	4.493631E+01
1.59500000000E+05	1.764282E-04	-1.382358E+02
1.61368750000E+05	2.236822E-04	-1.310800E+02
1.63237500000E+05	2.459069E-04	-7.707338E+00
1.65106250000E+05	3.329926E-04	1.027151E+02
1.66975000000E+05	5.937108E-05	1.740352E+02
1.68843750000E+05	3.482084E-04	1.346288E+02
1.70712500000E+05	2.986566E-04	1.142276E+02
1.72581250000E+05	3.126221E-04	1.705444E+02
1.74450000000E+05	4.012480E-04	-7.285402E+00
1.76318750000E+05	3.653731E-04	1.783976E+02
1.78187500000E+05	3.603463E-04	-1.538980E+02
1.80056250000E+05	6.846725E-04	3.389380E+01
1.81925000000E+05	1.473971E-04	-4.105452E+01
1.83793750000E+05	4.127856E-04	1.512081E+02
1.85662500000E+05	1.269951E-04	-1.169872E+02
1.87531250000E+05	1.814590E-04	9.061944E+00
1.89400000000E+05	1.300767E-04	1.207800E+02
1.91268750000E+05	2.172484E-04	1.638102E+02
1.93137500000E+05	2.057992E-04	-8.877055E+01
1.95006250000E+05	1.765959E-04	4.252680E+01
1.96875000000E+05	1.244878E-04	-7.416730E+01
1.98743750000E+05	9.221805E-05	-1.630587E+02
2.00612500000E+05	3.437207E-05	5.974398E+01
2.02481250000E+05	2.013260E-04	9.838398E+01
2.04350000000E+05	8.470932E-05	-3.264748E+00
2.06218750000E+05	7.074032E-05	1.202155E+02
2.08087500000E+05	1.342159E-04	1.571799E+02
2.09956250000E+05	2.727145E-04	-4.298409E+01
2.11825000000E+05	4.117940E-04	1.032255E+02
2.13693750000E+05	1.971149E-04	-1.241987E+02
2.15562500000E+05	1.724732E-04	5.841700E+01
2.17431250000E+05	1.489393E-04	3.339954E+01
2.19300000000E+05	4.010609E-04	7.468811E+01
2.21168750000E+05	3.275806E-04	1.353973E+02
2.23037500000E+05	3.990888E-04	3.971008E+01
2.24906250000E+05	3.595766E-04	3.898457E+01
2.26775000000E+05	2.038237E-04	-1.452175E+02
2.28643750000E+05	2.530411E-04	7.174248E+01
2.30512500000E+05	1.385297E-04	-1.489030E+02
2.32381250000E+05	3.274147E-04	1.147312E+02
2.34250000000E+05	2.165431E-04	1.656520E+01
2.36118750000E+05	2.708535E-04	-7.592710E+01
2.37987500000E+05	1.915123E-04	1.427662E+01
2.39856250000E+05	4.793991E-04	1.380308E+02
2.41725000000E+05	1.967148E-04	-1.762116E+02
2.43593750000E+05	8.756413E-05	-8.308697E-01
2.45462500000E+05	3.681815E-04	-4.167041E+01
2.47331250000E+05	2.714200E-04	1.472047E+02
2.49200000000E+05	1.631903E-04	5.370900E+01
2.51068750000E+05	1.055454E-04	-1.160434E+02
2.52937500000E+05	2.166326E-04	-8.149380E+01
2.54806250000E+05	2.249435E-04	6.660697E+01
2.56675000000E+05	6.534891E-04	1.067056E+02
2.58543750000E+05	4.042344E-04	5.838973E+01
2.60412500000E+05	1.944186E-04	-1.099703E+01
2.62281250000E+05	1.133178E-04	-4.968932E+00
2.64150000000E+05	1.836398E-04	8.450204E+01
2.66018750000E+05	3.779822E-04	1.067258E+02
2.67887500000E+05	3.703914E-04	7.635451E+01
2.69756250000E+05	2.511264E-04	4.489974E+01
2.71625000000E+05	2.156920E-04	9.107686E+01
2.73493750000E+05	3.847411E-04	8.715187E+01
2.75362500000E+05	3.471647E-04	1.384896E+02
2.77231250000E+05	3.646507E-04	1.146407E+02
2.79100000000E+05	2.837263E-04	6.699693E+01
2.80968750000E+05	3.771115E-05	6.837598E+01
2.82837500000E+05	1.740889E-04	1.542096E+02
2.84706250000E+05	3.420468E-04	1.096226E+02
2.86575000000E+05	1.514022E-04	-9.590789E+00
2.88443750000E+05	2.891980E-04	6.025243E+01
2.90312500000E+05	4.822388E-04	9.179820E+01
2.92181250000E+05	2.433459E-04	3.231120E+01
2.94050000000E+05	4.286963E-04	9.531934E+01
2.95918750000E+05	2.757802E-04	8.638125E+01
2.97787500000E+05	2.875367E-04	9.757920E+01
2.99656250000E+05	1.840556E-04	9.733041E+01
3.01525000000E+05	2.714345E-04	1.155001E+02
3.03393750000E+05	4.503975E-04	9.784613E+01
3.05262500000E+05	5.136078E-04	1.216383E+02
3.07131250000E+05	2.841945E-04	4.163574E+01
3.09000000000E+05	2.991247E-04	5.666910E+01
3.10868750000E+05	3.696760E-04	6.239386E+01
3.12737500000E+05	3.506326E-04	1.060071E+02
3.14606250000E+05	2.163626E-04	1.362044E+02
3.16475000000E+05	4.481205E-04	1.071079E+02
3.18343750000E+05	3.303035E-04	1.325694E+02
3.20212500000E+05	3.819558E-04	1.171944E+02
3.22081250000E+05	3.073219E-04	9.117578E+01
3.23950000000E+05	5.008338E-04	7.496835E+01
3.25818750000E+05	3.492925E-04	9.043243E+01
3.27687500000E+05	3.777757E-04	4.104146E+01
3.29556250000E+05	4.429119E-04	1.140799E+02
3.31425000000E+05	4.256755E-04	1.118760E+02
3.33293750000E+05	2.434748E-04	9.230355E+01
3.35162500000E+05	2.034147E-04	6.670142E+01
3.37031250000E+05	1.884171E-04	1.166899E+02
3.38900000000E+05	3.740739E-04	7.579725E+01
3.40768750000E+05	2.949436E-04	1.004385E+02
3.42637500000E+05	3.620904E-04	5.568742E+01
3.44506250000E+05	3.473621E-04	1.197643E+02
3.46375000000E+05	1.396733E-04	9.860130E+01
3.48243750000E+05	2.532738E-04	1.366439E+02
3.50112500000E+05	3.622173E-04	1.100055E+02
3.51981250000E+05	4.268226E-04	1.040264E+02
3.53850000000E+05	4.939167E-04	8.647688E+01
3.55718750000E+05	4.632520E-04	8.804047E+01
3.57587500000E+05	3.545975E-04	9.133012E+01
3.59456250000E+05	4.757457E-04	7.993240E+01
3.61325000000E+05	2.275798E-04	9.913504E+01
3.63193750000E+05	2.500141E-04	7.172182E+01
3.65062500000E+05	3.668645E-04	1.329024E+02
3.66931250000E+05	3.505599E-04	1.062136E+02
3.68800000000E+05	2.891273E-04	9.546963E+01
3.70668750000E+05	4.895531E-04	8.536501E+01
3.72537500000E+05	4.774158E-04	1.058324E+02
3.74406250000E+05	3.418162E-04	6.934947E+01
3.76275000000E+05	3.776487E-04	8.026258E+01
3.78143750000E+05	2.412263E-04	6.864012E+01
3.80012500000E+05	3.112839E-04	5.811085E+01
3.81881250000E+05	4.007034E-04	1.075121E+02
3.83750000000E+05	3.502898E-04	7.925494E+01
3.85618750000E+05	4.190330E-04	1.094080E+02
3.87487500000E+05	4.982222E-04	1.019568E+02
3.89356250000E+05	3.446594E-04	7.338218E+01
3.91225000000E+05	3.513257E-04	7.920870E+01
3.93093750000E+05	2.622104E-04	1.043896E+02
3.94962500000E+05	3.331680E-04	1.324763E+02
3.96831250000E+05	5.814964E-04	7.734724E+01
3.98700000000E+05	3.707631E-04	1.099417E+02
4.00568750000E+05	2.618024E-04	7.105328E+01
4.02437500000E+05	4.323922E-04	8.460328E+01
4.04306250000E+05	4.133019E-04	1.004286E+02
4.06175000000E+05	4.373884E-04	8.377292E+01
4.08043750000E+05	5.434553E-04	9.159869E+01
4.09912500000E+05	3.331758E-04	9.372125E+01
4.11781250000E+05	3.842530E-04	1.034263E+02
4.13650000000E+05	4.209618E-04	3.687008E+01
4.15518750000E+05	3.980787E-04	8.039392E+01
4.17387500000E+05	4.321914E-04	1.218731E+02
4.19256250000E+05	2.923530E-04	1.173402E+02
4.21125000000E+05	3.848209E-04	9.748151E+01
4.22993750000E+05	3.944917E-04	1.035507E+02
4.24862500000E+05	4.253450E-04	7.017426E+01
4.26731250000E+05	5.346599E-04	7.204119E+01
4.28600000000E+05	5.489764E-04	9.257320E+01
4.30468750000E+05	3.739664E-04	1.003865E+02
4.32337500000E+05	4.329241E-04	1.048548E+02
4.34206250000E+05	5.334241E-04	1.051103E+02
4.36075000000E+05	3.315968E-04	7.148831E+01
4.37943750000E+05	5.526475E-04	7.735732E+01
4.39812500000E+05	2.309501E-04	8.846166E+01
4.41681250000E+05	3.439182E-04	9.298515E+01
4.43550000000E+05	5.754677E-04	8.980991E+01
4.45418750000E+05	2.825818E-04	1.061923E+02
4.47287500000E+05	4.069516E-04	1.001806E+02
4.49156250000E+05	5.641740E-04	1.012829E+02
4.51025000000E+05	3.460828E-04	9.936001E+01
4.52893750000E+05	4.407088E-04	8.082027E+01
4.54762500000E+05	4.509104E-04	8.337838E+01
4.56631250000E+05	4.121774E-04	9.549477E+01
4.58500000000E+05	6.309430E-04	8.587026E+01
4.60368750000E+05	6.090466E-04	1.136119E+02
4.62237500000E+05	3.645296E-04	8.296842E+01
4.64106250000E+05	6.218709E-04	7.746517E+01
4.65975000000E+05	3.911112E-04	6.100063E+01
4.67843750000E+05	5.786259E-04	9.504220E+01
4.69712500000E+05	4.474135E-04	1.019408E+02
4.71581250000E+05	4.858208E-04	1.070153E+02
4.73450000000E+05	4.686023E-04	9.678421E+01
4.75318750000E+05	3.218971E-04	7.769013E+01
4.77187500000E+05	4.108297E-04	7.581388E+01
4.79056250000E+05	6.259143E-04	7.569115E+01
4.80925000000E+05	5.572605E-04	9.665891E+01
4.82793750000E+05	5.188668E-04	9.523707E+01
4.84662500000E+05	3.232997E-04	7.415627E+01
4.86531250000E+05	3.849834E-04	1.119083E+02
4.88400000000E+05	4.434779E-04	9.128118E+01
4.90268750000E+05	3.469893E-04	9.965858E+01
4.92137500000E+05	5.040285E-04	9.875563E+01
4.94006250000E+05	5.938133E-04	9.211652E+01
4.95875000000E+05	3.705126E-04	9.862988E+01
4.97743750000E+05	3.832171E-04	9.642937E+01
4.99612500000E+05	4.245192E-04	8.425414E+01
5.01481250000E+05	5.617519E-04	9.339879E+01
5.03350000000E+05	6.552206E-04	7.252852E+01
5.05218750000E+05	4.884041E-04	8.361380E+01
5.07087500000E+05	5.674917E-04	8.929838E+01
5.08956250000E+05	5.872077E-04	9.911593E+01
5.10825000000E+05	4.219544E-04	1.059753E+02
5.12693750000E+05	5.188121E-04	8.407996E+01
5.14562500000E+05	4.562135E-04	9.014536E+01
5.16431250000E+05	5.532644E-04	7.321857E+01
5.18300000000E+05	6.014780E-04	9.297044E+01
5.20168750000E+05	5.701252E-04	8.016692E+01
5.22037500000E+05	5.496565E-04	8.560273E+01
5.23906250000E+05	4.989789E-04	9.766866E+01
5.25775000000E+05	4.015054E-04	1.051340E+02
5.27643750000E+05	5.310491E-04	9.441364E+01
5.29512500000E+05	5.289702E-04	6.802559E+01
5.31381250000E+05	7.914828E-04	9.368257E+01
5.33250000000E+05	6.525415E-04	7.502545E+01
5.35118750000E+05	4.448971E-04	1.010378E+02
5.36987500000E+05	4.703038E-04	1.025369E+02
5.38856250000E+05	5.453937E-04	9.470052E+01
5.40725000000E+05	5.078845E-04	8.313219E+01
5.42593750000E+05	5.253439E-04	9.840232E+01
5.44462500000E+05	5.379375E-04	7.596226E+01
5.46331250000E+05	6.082528E-04	8.844786E+01
5.48200000000E+05	5.958895E-04	9.970560E+01
5.50068750000E+05	4.892151E-04	8.056036E+01
5.51937500000E+05	5.356821E-04	8.568214E+01
5.53806250000E+05	6.306460E-04	7.887024E+01
5.55675000000E+05	5.395484E-04	1.202046E+02
5.57543750000E+05	5.666474E-04	1.004916E+02
5.59412500000E+05	5.335895E-04	9.089318E+01
5.61281250000E+05	5.631431E-04	1.080935E+02
5.63150000000E+05	5.861397E-04	9.425459E+01
5.65018750000E+05	5.721682E-04	9.033558E+01
5.66887500000E+05	7.314007E-04	8.917806E+01
5.68756250000E+05	5.815406E-04	8.512496E+01
5.70625000000E+05	8.523330E-04	9.473635E+01
5.72493750000E+05	5.852319E-04	8.605013E+01
5.74362500000E+05	5.812910E-04	8.061715E+01
5.76231250000E+05	4.507789E-04	7.349999E+01
5.78100000000E+05	6.207718E-04	8.119882E+01
5.79968750000E+05	5.717945E-04	8.722301E+01
5.81837500000E+05	7.566669E-04	8.668884E+01
5.83706250000E+05	4.877887E-04	9.014815E+01
5.85575000000E+05	6.605347E-04	1.006755E+02
5.87443750000E+05	5.302007E-04	1.022283E+02
5.89312500000E+05	5.918888E-04	1.010588E+02
5.91181250000E+05	4.825616E-04	8.899698E+01
5.93050000000E+05	6.262584E-04	9.424568E+01
5.94918750000E+05	5.613712E-04	1.149379E+02
5.96787500000E+05	4.580083E-04	9.091717E+01
5.98656250000E+05	7.402932E-04	7.698016E+01
6.00525000000E+05	7.022016E-04	1.034138E+02
6.02393750000E+05	4.116678E-04	8.953373E+01
6.04262500000E+05	5.746406E-04	9.147535E+01
6.06131250000E+05	6.842301E-04	7.466716E+01
6.08000000000E+05	7.372298E-04	9.667265E+01
6.09868750000E+05	5.687964E-04	9.767551E+01
6.11737500000E+05	7.302482E-04	1.102627E+02
6.13606250000E+05	6.684194E-04	1.045708E+02
6.15475000000E+05	4.371354E-04	1.008924E+02
6.17343750000E+05	5.349600E-04	1.018369E+02
6.19212500000E+05	5.378307E-04	9.204623E+01
6.21081250000E+05	5.000211E-04	9.059645E+01
6.22950000000E+05	6.434893E-04	1.062308E+02
6.24818750000E+05	4.990055E-04	1.077103E+02
6.26687500000E+05	6.715470E-04	9.389768E+01
6.28556250000E+05	5.462469E-04	7.133335E+01
6.30425000000E+05	6.924180E-04	8.829243E+01
6.32293750000E+05	6.139281E-04	8.775625E+01
6.34162500000E+05	6.673990E-04	9.548489E+01
6.36031250000E+05	7.918930E-04	7.391408E+01
6.37900000000E+05	5.273626E-04	9.497544E+01
6.39768750000E+05	6.066008E-04	9.860369E+01
6.41637500000E+05	5.546929E-04	8.897694E+01
6.43506250000E+05	6.890542E-04	9.972206E+01
6.45375000000E+05	6.560495E-04	1.029241E+02
6.47243750000E+05	6.330677E-04	9.707821E+01
6.49112500000E+05	5.771278E-04	7.950347E+01
6.50981250000E+05	8.788156E-04	8.951392E+01
6.52850000000E+05	5.906257E-04	8.554172E+01
6.54718750000E+05	5.939197E-04	9.380032E+01
6.56587500000E+05	6.743081E-04	8.719297E+01
6.58456250000E+05	6.263481E-04	9.675974E+01
6.60325000000E+05	5.218459E-04	7.908046E+01
6.62193750000E+05	5.425628E-04	8.039288E+01
6.64062500000E+05	7.026051E-04	8.351149E+01
6.65931250000E+05	4.512622E-04	9.348299E+01
6.67800000000E+05	6.190707E-04	9.293404E+01
6.69668750000E+05	7.924699E-04	9.037034E+01
6.71537500000E+05	7.277423E-04	8.616962E+01
6.73406250000E+05	6.546763E-04	1.143849E+02
6.75275000000E+05	9.458653E-04	8.014983E+01
6.77143750000E+05	6.434587E-04	9.373270E+01
6.79012500000E+05	8.658669E-04	8.593598E+01
6.80881250000E+05	5.900931E-04	9.859319E+01
6.82750000000E+05	8.103846E-04	9.430998E+01
6.84618750000E+05	6.715700E-04	1.045701E+02
6.86487500000E+05	6.916373E-04	1.016240E+02
6.88356250000E+05	6.458035E-04	1.022755E+02
6.90225000000E+05	6.808703E-04	9.224489E+01
6.92093750000E+05	7.576279E-04	8.300331E+01
6.93962500000E+05	5.797936E-04	9.110957E+01
6.95831250000E+05	7.735512E-04	7.682993E+01
6.97700000000E+05	5.551441E-04	1.028223E+02
6.99568750000E+05	5.347845E-04	8.502180E+01
7.01437500000E+05	6.300482E-04	8.321400E+01
7.03306250000E+05	5.241258E-04	9.255629E+01
7.05175000000E+05	7.269239E-04	9.060149E+01
7.07043750000E+05	6.028924E-04	8.739086E+01
7.08912500000E+05	5.611051E-04	9.728123E+01
7.10781250000E+05	7.316553E-04	8.611549E+01
7.12650000000E+05	5.509167E-04	9.087273E+01
7.14518750000E+05	8.041530E-04	8.951197E+01
7.16387500000E+05	6.067297E-04	9.986319E+01
7.18256250000E+05	7.622723E-04	8.189321E+01
7.20125000000E+05	5.675076E-04	9.325677E+01
7.21993750000E+05	6.892856E-04	8.783761E+01
7.23862500000E+05	8.414333E-04	9.166344E+01
7.25731250000E+05	5.614175E-04	9.213147E+01
7.27600000000E+05	7.231040E-04	9.603302E+01
7.29468750000E+05	5.216100E-04	8.343199E+01
7.31337500000E+05	5.786458E-04	1.034583E+02
7.33206250000E+05	7.355070E-04	7.770820E+01
7.35075000000E+05	6.282189E-04	9.168450E+01
7.36943750000E+05	7.033930E-04	9.351734E+01
7.38812500000E+05	7.858185E-04	9.048186E+01
7.40681250000E+05	8.034190E-04	9.018456E+01
7.42550000000E+05	5.408140E-04	9.168280E+01
7.44418750000E+05	7.670870E-04	9.005580E+01
7.46287500000E+05	8.617696E-04	9.433006E+01
7.48156250000E+05	5.534267E-04	9.626364E+01
7.50025000000E+05	7.486513E-04	9.529295E+01
7.51893750000E+05	7.915216E-04	8.097730E+01
7.53762500000E+05	6.864516E-04	9.579430E+01
7.55631250000E+05	6.789936E-04	9.451923E+01
7.57500000000E+05	8.626090E-04	9.293086E+01
7.59368750000E+05	8.231797E-04	1.019111E+02
7.61237500000E+05	8.167763E-04	8.476236E+01
7.63106250000E+05	8.687425E-04	9.218044E+01
7.64975000000E+05	6.551362E-04	8.535777E+01
7.66843750000E+05	7.649467E-04	9.918755E+01
7.68712500000E+05	8.431384E-04	8.224644E+01
7.70581250000E+05	7.304961E-04	8.942616E+01
7.72450000000E+05	8.732936E-04	8.484137E+01
7.74318750000E+05	8.688208E-04	7.080339E+01
7.76187500000E+05	8.071419E-04	9.838633E+01
7.78056250000E+05	7.976929E-04	9.931973E+01
7.79925000000E+05	7.860475E-04	9.987062E+01
7.81793750000E+05	8.861197E-04	8.880135E+01
7.83662500000E+05	7.688997E-04	9.374316E+01
7.85531250000E+05	8.611956E-04	8.807790E+01
7.87400000000E+05	6.932008E-04	8.701997E+01
7.89268750000E+05	9.910354E-04	9.535697E+01
7.91137500000E+05	8.977719E-04	8.560475E+01
7.93006250000E+05	7.702694E-04	9.223302E+01
7.94875000000E+05	9.944051E-04	9.512478E+01
7.96743750000E+05	8.897203E-04	9.074653E+01
7.98612500000E+05	9.778495E-04	7.619640E+01
8.00481250000E+05	9.215986E-04	7.986845E+01
8.02350000000E+05	8.212158E-04	8.752530E+01
8.04218750000E+05	1.083977E-03	8.635936E+01
8.06087500000E+05	8.910391E-04	8.566028E+01
8.07956250000E+05	7.369372E-04	8.168961E+01
8.09825000000E+05	6.839206E-04	8.880981E+01
8.11693750000E+05	7.996470E-04	7.676030E+01
8.13562500000E+05	8.968198E-04	8.650983E+01
8.15431250000E+05	7.435870E-04	1.012518E+02
8.17300000000E+05	6.924207E-04	9.019756E+01
8.19168750000E+05	8.793001E-04	9.536683E+01
8.21037500000E+05	1.001065E-03	8.439894E+01
8.22906250000E+05	7.785478E-04	9.511984E+01
8.24775000000E+05	9.075652E-04	8.949594E+01
8.26643750000E+05	6.857868E-04	9.583241E+01
8.28512500000E+05	1.015202E-03	1.033587E+02
8.30381250000E+05	1.016293E-03	8.546091E+01
8.32250000000E+05	7.580713E-04	9.179267E+01
8.34118750000E+05	7.560123E-04	8.922024E+01
8.35987500000E+05	8.168623E-04	8.374657E+01
8.37856250000E+05	8.233701E-04	9.462725E+01
8.39725000000E+05	1.026694E-03	9.120689E+01
8.41593750000E+05	9.577243E-04	7.333029E+01
8.43462500000E+05	9.642481E-04	8.188368E+01
8.45331250000E+05	8.241875E-04	8.867442E+01
8.47200000000E+05	9.638686E-04	9.198034E+01
8.49068750000E+05	8.300313E-04	8.198515E+01
8.50937500000E+05	6.164335E-04	8.676512E+01
8.52806250000E+05	8.352541E-04	8.307625E+01
8.54675000000E+05	1.025237E-03	9.295235E+01
8.56543750000E+05	7.424127E-04	8.580747E+01
8.58412500000E+05	8.679815E-04	9.422792E+01
8.60281250000E+05	7.637726E-04	7.537223E+01
8.62150000000E+05	1.019192E-03	8.667114E+01
8.64018750000E+05	1.103419E-03	9.506949E+01
8.65887500000E+05	9.650717E-04	8.421653E+01
8.67756250000E+05	9.677426E-04	7.480734E+01
8.69625000000E+05	7.060278E-04	8.697290E+01
8.71493750000E+05	9.787758E-04	9.973707E+01
8.73362500000E+05	7.333804E-04	7.729911E+01
8.75231250000E+05	8.563244E-04	6.817740E+01
8.77100000000E+05	7.942132E-04	8.446473E+01
8.78968750000E+05	7.874478E-04	9.445294E+01
8.80837500000E+05	9.771682E-04	9.571465E+01
8.82706250000E+05	9.117086E-04	8.826313E+01
8.84575000000E+05	8.804209E-04	9.334140E+01
8.86443750000E+05	8.471525E-04	8.639176E+01
8.88312500000E+05	9.630132E-04	8.314474E+01
8.90181250000E+05	7.989696E-04	9.489388E+01
8.92050000000E+05	9.463026E-04	8.517884E+01
8.93918750000E+05	8.766840E-04	8.632315E+01
8.95787500000E+05	7.288546E-04	1.001912E+02
8.97656250000E+05	1.008015E-03	7.981154E+01
8.99525000000E+05	7.738391E-04	8.791529E+01
9.01393750000E+05	1.033697E-03	8.442338E+01
9.03262500000E+05	1.036198E-03	9.169552E+01
9.05131250000E+05	1.052780E-03	8.592250E+01
9.07000000000E+05	9.141988E-04	9.234068E+01
9.08868750000E+05	9.921077E-04	1.007523E+02
9.10737500000E+05	1.017893E-03	8.639819E+01
9.12606250000E+05	7.375311E-04	8.671648E+01
9.14475000000E+05	7.962966E-04	9.362254E+01
9.16343750000E+05	1.029694E-03	8.243180E+01
9.18212500000E+05	9.978305E-04	8.630636E+01
9.20081250000E+05	9.696693E-04	7.901524E+01
9.21950000000E+05	9.368049E-04	9.458796E+01
9.23818750000E+05	9.485190E-04	8.699522E+01
9.25687500000E+05	1.008868E-03	9.593438E+01
9.27556250000E+05	8.323870E-04	9.382764E+01
9.29425000000E+05	9.835269E-04	7.906084E+01
9.31293750000E+05	8.909687E-04	7.897981E+01
9.33162500000E+05	1.032447E-03	7.903008E+01
9.35031250000E+05	8.564238E-04	8.800315E+01
9.36900000000E+05	7.736700E-04	7.814244E+01
9.38768750000E+05	8.229456E-04	8.809821E+01
9.40637500000E+05	8.969294E-04	8.630750E+01
9.42506250000E+05	7.014001E-04	8.598299E+01
9.44375000000E+05	8.546154E-04	1.074199E+02
9.46243750000E+05	1.012264E-03	9.568454E+01
9.48112500000E+05	1.014813E-03	8.660445E+01
9.49981250000E+05	7.544555E-04	8.726588E+01
9.51850000000E+05	1.037403E-03	8.433192E+01
9.53718750000E+05	9.146393E-04	7.079895E+01
9.55587500000E+05	8.434087E-04	8.135099E+01
9.57456250000E+05	1.009734E-03	8.480865E+01
9.59325000000E+05	1.029256E-03	8.365820E+01
9.61193750000E+05	1.106243E-03	9.300098E+01
9.63062500000E+05	9.240295E-04	9.868551E+01
9.64931250000E+05	8.939298E-04	8.139003E+01
9.66800000000E+05	8.671095E-04	8.184311E+01
9.68668750000E+05	9.883635E-04	8.238116E+01
9.70537500000E+05	1.121835E-03	7.954829E+01
9.72406250000E+05	8.042124E-04	9.657471E+01
9.74275000000E+05	8.741923E-04	8.721590E+01
9.76143750000E+05	8.697892E-04	8.518349E+01
9.78012500000E+05	8.974816E-04	9.105836E+01
9.79881250000E+05	1.032238E-03	7.620264E+01
9.81750000000E+05	9.195961E-04	8.423624E+01
9.83618750000E+05	1.146703E-03	8.986539E+01
9.85487500000E+05	1.036235E-03	9.134372E+01
9.87356250000E+05	9.443380E-04	9.930154E+01
9.89225000000E+05	1.040997E-03	9.030061E+01
9.91093750000E+05	9.911517E-04	8.210093E+01
9.92962500000E+05	6.349654E-04	9.335339E+01
9.94831250000E+05	8.987324E-04	8.530972E+01
9.96700000000E+05	8.594604E-04	7.961395E+01
9.98568750000E+05	1.070585E-03	7.853574E+01
1.00043750000E+06	8.198334E-04	8.817257E+01
1.00230625000E+06	1.160290E-03	9.965825E+01
1.00417500000E+06	1.149086E-03	7.884340E+01
1.00604375000E+06	9.518100E-04	8.842062E+01
1.00791250000E+06	1.042511E-03	8.942754E+01
1.00978125000E+06	1.121629E-03	8.733810E+01
1.01165000000E+06	8.743465E-04	8.136900E+01
1.01351875000E+06	9.596729E-04	8.308885E+01
1.01538750000E+06	9.925251E-04	9.391748E+01
1.01725625000E+06	1.106516E-03	8.248408E+01
1.01912500000E+06	9.050913E-04	7.091872E+01
1.02099375000E+06	9.616593E-04	8.616134E+01
1.02286250000E+06	1.040880E-03	8.806162E+01
1.02473125000E+06	9.537636E-04	9.030338E+01
1.02660000000E+06	1.086762E-03	8.773765E+01
1.02846875000E+06	8.789960E-04	7.957063E+01
1.03033750000E+06	1.088712E-03	6.985609E+01
1.03220625000E+06	9.696332E-04	9.230034E+01
1.03407500000E+06	1.175129E-03	8.837685E+01
1.03594375000E+06	9.591336E-04	8.178335E+01
1.03781250000E+06	9.498696E-04	9.429967E+01
1.03968125000E+06	9.940448E-04	8.990446E+01
1.04155000000E+06	8.599539E-04	8.164974E+01
1.04341875000E+06	1.000117E-03	8.976086E+01
1.04528750000E+06	9.404329E-04	9.163181E+01
1.04715625000E+06	1.015972E-03	8.119215E+01
1.04902500000E+06	1.148852E-03	8.904100E+01
1.05089375000E+06	9.372776E-04	9.559081E+01
1.05276250000E+06	1.138260E-03	8.485995E+01
1.05463125000E+06	1.035964E-03	9.603467E+01
1.05650000000E+06	1.081065E-03	9.125060E+01
1.05836875000E+06	1.250339E-03	8.805209E+01
1.06023750000E+06	7.774625E-04	9.313181E+01
1.06210625000E+06	1.231340E-03	8.423597E+01
1.06397500000E+06	9.295724E-04	8.606391E+01
1.06584375000E+06	1.317848E-03	8.604533E+01
1.06771250000E+06	1.075350E-03	7.702464E+01
1.06958125000E+06	1.038442E-03	8.812872E+01
1.07145000000E+06	1.256894E-03	8.267370E+01
1.07331875000E+06	9.804835E-04	9.312109E+01
1.07518750000E+06	9.313814E-04	1.026734E+02
1.07705625000E+06	8.568669E-04	8.602682E+01
1.07892500000E+06	9.601712E-04	8.063233E+01
1.08079375000E+06	1.072084E-03	7.962054E+01
1.08266250000E+06	1.126889E-03	8.796137E+01
1.08453125000E+06	1.181391E-03	9.042908E+01
1.08640000000E+06	9.396021E-04	9.191870E+01
1.08826875000E+06	1.094404E-03	8.837509E+01
1.09013750000E+06	9.451222E-04	9.624287E+01
1.09200625000E+06	9.336033E-04	8.486951E+01
1.09387500000E+06	9.953859E-04	9.008765E+01
1.09574375000E+06	1.172536E-03	9.321906E+01
1.09761250000E+06	1.044644E-03	8.706248E+01
1.09948125000E+06	8.668890E-04	9.569065E+01
1.10135000000E+06	9.413213E-04	9.648331E+01
1.10321875000E+06	1.124391E-03	8.078342E+01
1.10508750000E+06	9.985429E-04	7.972583E+01
1.10695625000E+06	1.016005E-03	8.740958E+01
1.10882500000E+06	9.996290E-04	7.956573E+01
1.11069375000E+06	1.254764E-03	8.728874E+01
1.11256250000E+06	1.019665E-03	8.032590E+01
1.11443125000E+06	9.834672E-04	7.818881E+01
1.11630000000E+06	1.062870E-03	9.581438E+01
1.11816875000E+06	1.278695E-03	7.378726E+01
1.12003750000E+06	9.578271E-04	8.225999E+01
1.12190625000E+06	1.099567E-03	8.821325E+01
1.12377500000E+06	1.181812E-03	8.113433E+01
1.12564375000E+06	1.166771E-03	9.133305E+01
1.12751250000E+06	1.092807E-03	8.122495E+01
1.12938125000E+06	1.136889E-03	7.589626E+01
1.13125000000E+06	1.036262E-03	8.075231E+01
1.13311875000E+06	1.348552E-03	8.588384E+01
1.13498750000E+06	1.187231E-03	9.174192E+01
1.13685625000E+06	1.130914E-03	8.694881E+01
1.13872500000E+06	9.908883E-04	8.237562E+01
1.14059375000E+06	1.189374E-03	8.045349E+01
1.14246250000E+06	1.102048E-03	8.315714E+01
1.14433125000E+06	1.153397E-03	8.926465E+01
1.14620000000E+06	1.120125E-03	9.838641E+01
1.14806875000E+06	1.044699E-03	8.976192E+01
1.14993750000E+06	1.018671E-03	8.724935E+01
1.15180625000E+06	1.041214E-03	8.364222E+01
1.15367500000E+06	1.181851E-03	8.152933E+01
1.15554375000E+06	1.275116E-03	8.332552E+01
1.15741250000E+06	1.019933E-03	8.415566E+01
1.15928125000E+06	1.173830E-03	8.162080E+01
1.16115000000E+06	1.176729E-03	8.181580E+01
1.16301875000E+06	1.115660E-03	8.783179E+01
1.16488750000E+06	1.047564E-03	9.464265E+01
1.16675625000E+06	1.002015E-03	8.347778E+01
1.16862500000E+06	1.233552E-03	8.985051E+01
1.17049375000E+06	9.532400E-04	8.764695E+01
1.17236250000E+06	9.703047E-04	9.308592E+01
1.17423125000E+06	1.301126E-03	8.525377E+01
1.17610000000E+06	1.050382E-03	8.330092E+01
1.17796875000E+06	1.102864E-03	9.047828E+01
1.17983750000E+06	1.182794E-03	8.923264E+01
1.18170625000E+06	1.052202E-03	8.738471E+01
1.18357500000E+06	1.051006E-03	8.666216E+01
1.18544375000E+06	8.438182E-04	7.981573E+01
1.18731250000E+06	1.099877E-03	9.168826E+01
1.18918125000E+06	1.341958E-03	7.814029E+01
1.19105000000E+06	1.181604E-03	1.045575E+02
1.19291875000E+06	1.057920E-03	9.491567E+01
1.19478750000E+06	1.215043E-03	9.303918E+01
1.19665625000E+06	9.751626E-04	9.324317E+01
1.19852500000E+06	1.188492E-03	9.156146E+01
1.20039375000E+06	1.130760E-03	8.594177E+01
1.20226250000E+06	1.097516E-03	8.776260E+01
1.20413125000E+06	1.385526E-03	8.795709E+01
1.20600000000E+06	1.172499E-03	8.774665E+01
1.20786875000E+06	1.021166E-03	9.016468E+01
1.20973750000E+06	1.339654E-03	8.757669E+01
1.21160625000E+06	1.196337E-03	8.963443E+01
1.21347500000E+06	1.429175E-03	8.165648E+01
1.21534375000E+06	1.177065E-03	8.682565E+01
1.21721250000E+06	1.255063E-03	7.983289E+01
1.21908125000E+06	1.009725E-03	8.097601E+01
1.22095000000E+06	1.125646E-03	8.178645E+01
1.22281875000E+06	1.236306E-03	8.993226E+01
1.22468750000E+06	1.293852E-03	8.260950E+01
1.22655625000E+06	1.140830E-03	9.286219E+01
1.22842500000E+06	9.853962E-04	8.447047E+01
1.23029375000E+06	1.013462E-03	7.937057E+01
1.23216250000E+06	1.056623E-03	8.872733E+01
1.23403125000E+06	1.280025E-03	7.916833E+01
1.23590000000E+06	1.215844E-03	8.841969E+01
1.23776875000E+06	1.107958E-03	9.420414E+01
1.23963750000E+06	1.156167E-03	8.091233E+01
1.24150625000E+06	1.328281E-03	8.134858E+01
1.24337500000E+06	1.178350E-03	7.842313E+01
1.24524375000E+06	1.281315E-03	7.622262E+01
1.24711250000E+06	1.331292E-03	7.933155E+01
1.24898125000E+06	1.374220E-03	8.422462E+01
1.25085000000E+06	1.116160E-03	7.263168E+01
1.25271875000E+06	1.276025E-03	8.883160E+01
1.25458750000E+06	1.428631E-03	8.810682E+01
1.25645625000E+06	1.255752E-03	8.432631E+01
1.25832500000E+06	1.152026E-03	8.437346E+01
1.26019375000E+06	1.032989E-03	8.450199E+01
1.26206250000E+06	1.524014E-03	7.899940E+01
1.26393125000E+06	1.014369E-03	1.039035E+02
1.26580000000E+06	9.875183E-04	8.588493E+01
1.26766875000E+06	1.130070E-03	8.106625E+01
1.26953750000E+06	1.155667E-03	8.252603E+01
1.27140625000E+06	1.176402E-03	7.357915E+01
1.27327500000E+06	1.091037E-03	8.418671E+01
1.27514375000E+06	1.190332E-03	9.069603E+01
1.27701250000E+06	1.177351E-03	9.368623E+01
1.27888125000E+06	1.132449E-03	8.103793E+01
1.28075000000E+06	1.003851E-03	7.799226E+01
1.28261875000E+06	9.621407E-04	1.054906E+02
1.28448750000E+06	1.145854E-03	1.013356E+02
1.28635625000E+06	1.173381E-03	8.228262E+01
1.28822500000E+06	1.240451E-03	8.692104E+01
1.29009375000E+06	1.110248E-03	8.401062E+01
1.29196250000E+06	1.109048E-03	8.277241E+01
1.29383125000E+06	1.248900E-03	8.262183E+01
1.29570000000E+06	1.097937E-03	8.863158E+01
1.29756875000E+06	1.329559E-03	8.501704E+01
1.29943750000E+06	9.750726E-04	7.763388E+01
1.30130625000E+06	1.209720E-03	7.812269E+01
1.30317500000E+06	1.037571E-03	8.090730E+01
1.30504375000E+06	1.219256E-03	9.166430E+01
1.30691250000E+06	1.101279E-03	8.293174E+01
1.30878125000E+06	1.364795E-03	7.792618E+01
1.31065000000E+06	1.368050E-03	7.995135E+01
1.31251875000E+06	1.398841E-03	8.568965E+01
1.31438750000E+06	1.226237E-03	8.670017E+01
1.31625625000E+06	1.210256E-03	7.581116E+01
1.31812500000E+06	1.056604E-03	9.625082E+01
1.31999375000E+06	1.234370E-03	8.122497E+01
1.32186250000E+06	1.147944E-03	9.133062E+01
1.32373125000E+06	1.194378E-03	8.173192E+01
1.32560000000E+06	1.138336E-03	8.085535E+01
1.32746875000E+06	1.125757E-03	8.377660E+01
1.32933750000E+06	1.131332E-03	8.575581E+01
1.33120625000E+06	1.187168E-03	9.339863E+01
1.33307500000E+06	1.290018E-03	8.164751E+01
1.33494375000E+06	1.268394E-03	7.932912E+01
1.33681250000E+06	1.252389E-03	8.228233E+01
1.33868125000E+06	1.068064E-03	8.299345E+01
1.34055000000E+06	1.098734E-03	8.424269E+01
1.34241875000E+06	1.254470E-03	8.502291E+01
1.34428750000E+06	1.106408E-03	9.276942E+01
1.34615625000E+06	1.074642E-03	8.898878E+01
1.34802500000E+06	1.148209E-03	8.151482E+01
1.34989375000E+06	1.113177E-03	9.328231E+01
1.35176250000E+06	1.223389E-03	9.166005E+01
1.35363125000E+06	1.135407E-03	8.955920E+01
1.35550000000E+06	1.241838E-03	9.045177E+01
1.35736875000E+06	1.327054E-03	7.655046E+01
1.35923750000E+06	1.460043E-03	8.444904E+01
1.36110625000E+06	1.257549E-03	8.443043E+01
1.36297500000E+06	1.335681E-03	8.200906E+01
1.36484375000E+06	1.330314E-03	8.343268E+01
1.36671250000E+06	1.242676E-03	7.648459E+01
1.36858125000E+06	1.384321E-03	8.161722E+01
1.37045000000E+06	1.204501E-03	9.864041E+01
1.37231875000E+06	1.108282E-03	8.137204E+01
1.37418750000E+06	1.261251E-03	8.601708E+01
1.37605625000E+06	1.292543E-03	7.954991E+01
1.37792500000E+06	1.396595E-03	8.911556E+01
1.37979375000E+06	1.377185E-03	8.425420E+01
1.38166250000E+06	1.497640E-03	8.830267E+01
1.38353125000E+06	1.385983E-03	8.695000E+01
1.38540000000E+06	1.239961E-03	8.574679E+01
1.38726875000E+06	1.201237E-03	8.070502E+01
1.38913750000E+06	1.295181E-03	8.653938E+01
1.39100625000E+06	1.198332E-03	7.744061E+01
1.39287500000E+06	1.345440E-03	9.028359E+01
1.39474375000E+06	1.243706E-03	9.311134E+01
1.39661250000E+06	1.219637E-03	8.074124E+01
1.39848125000E+06	1.321343E-03	9.516492E+01
1.40035000000E+06	1.266500E-03	8.602008E+01
1.40221875000E+06	1.208365E-03	8.022416E+01
1.40408750000E+06	1.298319E-03	8.828520E+01
1.40595625000E+06	1.187547E-03	8.540326E+01
1.40782500000E+06	1.291644E-03	9.372389E+01
1.40969375000E+06	1.573125E-03	8.731554E+01
1.41156250000E+06	1.446789E-03	8.772169E+01
1.41343125000E+06	1.459887E-03	9.308316E+01
1.41530000000E+06	1.320352E-03	8.121082E+01
1.41716875000E+06	1.497364E-03	8.727972E+01
1.41903750000E+06	1.099398E-03	7.649407E+01
1.42090625000E+06	1.423563E-03	9.102690E+01
1.42277500000E+06	1.224354E-03	8.204174E+01
1.42464375000E+06	1.173069E-03	8.339742E+01
1.42651250000E+06	1.309952E-03	8.151316E+01
1.42838125000E+06	1.225341E-03	8.860306E+01
1.43025000000E+06	1.372572E-03	8.623976E+01
1.43211875000E+06	1.202442E-03	7.770660E+01
1.43398750000E+06	1.237809E-03	9.417487E+01
1.43585625000E+06	1.091894E-03	8.887366E+01
1.43772500000E+06	1.426333E-03	8.708724E+01
1.43959375000E+06	9.853477E-04	1.023894E+02
1.44146250000E+06	1.456704E-03	8.526089E+01
1.44333125000E+06	1.373409E-03	9.208672E+01
1.44520000000E+06	1.468218E-03	8.485303E+01
1.44706875000E+06	1.279087E-03	8.248399E+01
1.44893750000E+06	1.049492E-03	8.724979E+01
1.45080625000E+06	1.396132E-03	8.705415E+01
1.45267500000E+06	1.161946E-03	7.250446E+01
1.45454375000E+06	1.474658E-03	9.196581E+01
1.45641250000E+06	1.242794E-03	8.587599E+01
1.45828125000E+06	1.148820E-03	8.827643E+01
1.46015000000E+06	1.450711E-03	8.877281E+01
1.46201875000E+06	1.135578E-03	8.726096E+01
1.46388750000E+06	1.387585E-03	8.143633E+01
1.46575625000E+06	1.363120E-03	7.434071E+01
1.46762500000E+06	1.011506E-03	8.440014E+01
1.46949375000E+06	1.547581E-03	9.196487E+01
1.47136250000E+06	1.274682E-03	8.733064E+01
1.47323125000E+06	1.378688E-03	8.059581E+01
1.47510000000E+06	1.465589E-03	8.471490E+01
1.47696875000E+06	1.492723E-03	8.399815E+01
1.47883750000E+06	1.193232E-03	9.383340E+01
1.48070625000E+06	1.294871E-03	7.159616E+01
1.48257500000E+06	1.370689E-03	8.779152E+01
1.48444375000E+06	1.344807E-03	8.275639E+01
1.48631250000E+06	1.279391E-03	8.815867E+01
1.48818125000E+06	1.363506E-03	9.334544E+01
1.49005000000E+06	1.265927E-03	8.535931E+01
1.49191875000E+06	1.172212E-03	8.614883E+01
1.49378750000E+06	1.566241E-03	8.855484E+01
1.49565625000E+06	1.289523E-03	9.864048E+01
1.49752500000E+06	1.225428E-03	9.001063E+01
1.49939375000E+06	1.235767E-03	7.691891E+01
1.50126250000E+06	1.604308E-03	8.729722E+01
1.50313125000E+06	1.429367E-03	8.171046E+01
1.50500000000E+06	1.255928E-03	9.343693E+01
1.50686875000E+06	1.334524E-03	9.093744E+01
1.50873750000E+06	1.507039E-03	8.627725E+01
1.51060625000E+06	1.271412E-03	8.099621E+01
1.51247500000E+06	1.219395E-03	8.818910E+01
1.51434375000E+06	1.328958E-03	8.449963E+01
1.51621250000E+06	1.319156E-03	8.183352E+01
1.51808125000E+06	1.389980E-03	8.405937E+01
1.51995000000E+06	1.529621E-03	8.097265E+01
1.52181875000E+06	1.212336E-03	8.815529E+01
1.52368750000E+06	1.305416E-03	8.550556E+01
1.52555625000E+06	1.289969E-03	8.827744E+01
1.52742500000E+06	1.333848E-03	8.991639E+01
1.52929375000E+06	1.318161E-03	8.591683E+01
1.53116250000E+06	1.319915E-03	7.729704E+01
1.53303125000E+06	1.623702E-03	9.588937E+01
1.53490000000E+06	1.458010E-03	8.810937E+01
1.53676875000E+06	1.369900E-03	9.183772E+01
1.53863750000E+06	1.036914E-03	9.689883E+01
1.54050625000E+06	1.420763E-03	9.051060E+01
1.54237500000E+06	1.175952E-03	8.102601E+01
1.54424375000E+06	1.357495E-03	8.596741E+01
1.54611250000E+06	1.466131E-03	8.793894E+01
1.54798125000E+06	1.279381E-03	7.559259E+01
1.54985000000E+06	1.388973E-03	9.478317E+01
1.55171875000E+06	1.338771E-03	9.377073E+01
1.55358750000E+06	1.118717E-03	9.039479E+01
1.55545625000E+06	1.464396E-03	7.618726E+01
1.55732500000E+06	1.302249E-03	8.452228E+01
1.55919375000E+06	1.213496E-03	7.646136E+01
1.56106250000E+06	1.593916E-03	8.415074E+01
1.56293125000E+06	1.281796E-03	8.868081E+01
1.56480000000E+06	1.409471E-03	8.560012E+01
1.56666875000E+06	9.754812E-04	7.936219E+01
1.56853750000E+06	1.380393E-03	8.761980E+01
1.57040625000E+06	1.385983E-03	8.135583E+01
1.57227500000E+06	1.569765E-03	8.719602E+01
1.57414375000E+06	1.410153E-03	8.012739E+01
1.57601250000E+06	1.191676E-03	9.447569E+01
1.57788125000E+06	1.407857E-03	1.009679E+02
1.57975000000E+06	1.299238E-03	7.671673E+01
1.58161875000E+06	1.364113E-03	9.041222E+01
1.58348750000E+06	1.388928E-03	9.886955E+01
1.58535625000E+06	1.419450E-03	8.393831E+01
1.58722500000E+06	1.500494E-03	8.845805E+01
1.58909375000E+06	1.546077E-03	8.791341E+01
1.59096250000E+06	1.455565E-03	8.684824E+01
1.59283125000E+06	1.190608E-03	7.757252E+01
1.59470000000E+06	1.377574E-03	7.680080E+01
1.59656875000E+06	1.273751E-03	7.811618E+01
1.59843750000E+06	1.342575E-03	8.221069E+01
1.60030625000E+06	1.610079E-03	7.956401E+01
1.60217500000E+06	1.356604E-03	8.405338E+01
1.60404375000E+06	1.665508E-03	9.366654E+01
1.60591250000E+06	1.606727E-03	8.527341E+01
1.60778125000E+06	1.315093E-03	7.694882E+01
1.60965000000E+06	1.411299E-03	9.241637E+01
1.61151875000E+06	1.351710E-03	8.824957E+01
1.61338750000E+06	1.530186E-03	8.584008E+01
1.61525625000E+06	1.261844E-03	8.514592E+01
1.61712500000E+06	1.496936E-03	9.411569E+01
1.61899375000E+06	1.549936E-03	9.163306E+01
1.62086250000E+06	1.536199E-03	8.412376E+01
1.62273125000E+06	1.406419E-03	8.407323E+01
1.62460000000E+06	1.508674E-03	9.085149E+01
1.62646875000E+06	1.531002E-03	9.223729E+01
1.62833750000E+06	1.284629E-03	8.208907E+01
1.63020625000E+06	1.427799E-03	9.578043E+01
1.63207500000E+06	1.393242E-03	8.510709E+01
1.63394375000E+06	1.366077E-03	8.154456E+01
1.63581250000E+06	1.503441E-03	8.910923E+01
1.63768125000E+06	1.446094E-03	9.118189E+01
1.63955000000E+06	1.720283E-03	8.055797E+01
1.64141875000E+06	1.413734E-03	9.004599E+01
1.64328750000E+06	1.386477E-03	8.747678E+01
1.64515625000E+06	1.646853E-03	8.574290E+01
1.64702500000E+06	1.602515E-03	7.835677E+01
1.64889375000E+06	1.278060E-03	8.199290E+01
1.65076250000E+06	1.198421E-03	8.546035E+01
1.65263125000E+06	1.294020E-03	8.272968E+01
1.65450000000E+06	1.537734E-03	8.893496E+01
1.65636875000E+06	1.358049E-03	8.077439E+01
1.65823750000E+06	1.441098E-03	8.601205E+01
1.66010625000E+06	1.262623E-03	8.896178E+01
1.66197500000E+06	1.351982E-03	9.977177E+01
1.66384375000E+06	1.732497E-03	7.894795E+01
1.66571250000E+06	1.599318E-03	9.150337E+01
1.66758125000E+06	1.416644E-03	8.228718E+01
1.66945000000E+06	1.657899E-03	9.116391E+01
1.67131875000E+06	1.364463E-03	9.808813E+01
1.67318750000E+06	1.533399E-03	7.263115E+01
1.67505625000E+06	1.404538E-03	9.051131E+01
1.67692500000E+06	1.471772E-03	8.274836E+01
1.67879375000E+06	1.156126E-03	9.666780E+01
1.68066250000E+06	1.185090E-03	1.132433E+02
1.68253125000E+06	1.378355E-03	8.644441E+01
1.68440000000E+06	1.240069E-03	8.056020E+01
1.68626875000E+06	1.378405E-03	1.004908E+02
1.68813750000E+06	1.516049E-03	9.142644E+01
1.69000625000E+06	1.218371E-03	9.662804E+01
1.69187500000E+06	1.395994E-03	9.709698E+01
1.69374375000E+06	1.404950E-03	9.152762E+01
1.69561250000E+06	1.241280E-03	8.350568E+01
1.69748125000E+06	1.293703E-03	9.124249E+01
1.69935000000E+06	1.228200E-03	8.984038E+01
1.70121875000E+06	1.564040E-03	9.022563E+01
1.70308750000E+06	1.303381E-03	9.131209E+01
1.70495625000E+06	1.493677E-03	9.329675E+01
1.70682500000E+06	1.484104E-03	8.587969E+01
1.70869375000E+06	1.448061E-03	9.675406E+01
1.71056250000E+06	1.537907E-03	8.910214E+01
1.71243125000E+06	1.444534E-03	8.582573E+01
1.71430000000E+06	1.425985E-03	9.066705E+01
1.71616875000E+06	1.561676E-03	9.025931E+01
1.71803750000E+06	1.565199E-03	8.168156E+01
1.71990625000E+06	1.331737E-03	7.725933E+01
1.72177500000E+06	1.454905E-03	9.514809E+01
1.72364375000E+06	1.402153E-03	9.420674E+01
1.72551250000E+06	1.441033E-03	8.763690E+01
1.72738125000E+06	1.443487E-03	9.377058E+01
1.72925000000E+06	1.591347E-03	9.513750E+01
1.73111875000E+06	1.740129E-03	8.909557E+01
1.73298750000E+06	1.592747E-03	7.619196E+01
1.73485625000E+06	1.451654E-03	9.658280E+01
1.73672500000E+06	1.446872E-03	8.544052E+01
1.73859375000E+06	1.488292E-03	9.073606E+01
1.74046250000E+06	1.495895E-03	8.525010E+01
1.74233125000E+06	1.412799E-03	8.585489E+01
1.74420000000E+06	1.471892E-03	8.205983E+01
1.74606875000E+06	1.351279E-03	7.924667E+01
1.74793750000E+06	1.212321E-03	8.923853E+01
1.74980625000E+06	1.571395E-03	8.317928E+01
1.75167500000E+06	1.417659E-03	8.487818E+01
1.75354375000E+06	1.536387E-03	9.801443E+01
1.75541250000E+06	1.561963E-03	9.122306E+01
1.75728125000E+06	1.591416E-03	8.660926E+01
1.75915000000E+06	1.515419E-03	8.012602E+01
1.76101875000E+06	1.495100E-03	8.797562E+01
1.76288750000E+06	1.577724E-03	8.540913E+01
1.76475625000E+06	1.539821E-03	9.032498E+01
1.76662500000E+06	1.481731E-03	8.988434E+01
1.76849375000E+06	1.636742E-03	8.184479E+01
1.77036250000E+06	1.362309E-03	8.567205E+01
1.77223125000E+06	1.399265E-03	9.477943E+01
1.77410000000E+06	1.370184E-03	8.916155E+01
1.77596875000E+06	1.545007E-03	9.733643E+01
1.77783750000E+06	1.451075E-03	8.851069E+01
1.77970625000E+06	1.509761E-03	9.455858E+01
1.78157500000E+06	1.473247E-03	9.666373E+01
1.78344375000E+06	1.439731E-03	8.875865E+01
1.78531250000E+06	1.691141E-03	9.278596E+01
1.78718125000E+06	1.382422E-03	8.960204E+01
1.78905000000E+06	1.428601E-03	8.221766E+01
1.79091875000E+06	1.603472E-03	8.699525E+01
1.79278750000E+06	1.434286E-03	8.837298E+01
1.79465625000E+06	1.620662E-03	9.284193E+01
1.79652500000E+06	1.758977E-03	9.007800E+01
1.79839375000E+06	1.576211E-03	9.611094E+01
1.80026250000E+06	1.419224E-03	9.066604E+01
1.80213125000E+06	1.529722E-03	9.649974E+01
1.80400000000E+06	1.578236E-03	8.688416E+01
1.80586875000E+06	1.645867E-03	9.043013E+01
1.80773750000E+06	1.480408E-03	9.251685E+01
1.80960625000E+06	1.718495E-03	8.173122E+01
1.81147500000E+06	1.343420E-03	9.276620E+01
1.81334375000E+06	1.696419E-03	9.628362E+01
1.81521250000E+06	1.639191E-03	8.410584E+01
1.81708125000E+06	1.718981E-03	9.741994E+01
1.81895000000E+06	1.402038E-03	8.634236E+01
1.82081875000E+06	1.587336E-03	8.121073E+01
1.82268750000E+06	1.710017E-03	9.966566E+01
1.82455625000E+06	1.672817E-03	9.190599E+01
1.82642500000E+06	1.549424E-03	9.670996E+01
1.82829375000E+06	1.592187E-03	8.897913E+01
1.83016250000E+06	1.665217E-03	8.203160E+01
1.83203125000E+06	1.755346E-03	1.010197E+02
1.83390000000E+06	1.756048E-03	9.263602E+01
1.83576875000E+06	1.646019E-03	1.001075E+02
1.83763750000E+06	1.485524E-03	8.878444E+01
1.83950625000E+06	1.579154E-03	9.763017E+01
1.84137500000E+06	1.389139E-03	9.392677E+01
1.84324375000E+06	1.484781E-03	8.679427E+01
1.84511250000E+06	1.739698E-03	9.101091E+01
1.84698125000E+06	1.537454E-03	8.970175E+01
1.84885000000E+06	1.530162E-03	8.804222E+01
1.85071875000E+06	1.649952E-03	9.154351E+01
1.85258750000E+06	1.748974E-03	9.169686E+01
1.85445625000E+06	1.599170E-03	8.542587E+01
1.85632500000E+06	1.570844E-03	7.826391E+01
1.85819375000E+06	1.676721E-03	8.505516E+01
1.86006250000E+06	1.693764E-03	9.231004E+01
1.86193125000E+06	1.731778E-03	9.850135E+01
1.86380000000E+06	1.716839E-03	9.583438E+01
1.86566875000E+06	1.718007E-03	9.049123E+01
1.86753750000E+06	1.695856E-03	8.367396E+01
1.86940625000E+06	1.700135E-03	8.965215E+01
1.87127500000E+06	1.566839E-03	8.858560E+01
1.87314375000E+06	1.626555E-03	9.382503E+01
1.87501250000E+06	1.615962E-03	8.940447E+01
1.87688125000E+06	1.634111E-03	8.537874E+01
1.87875000000E+06	1.642089E-03	9.202108E+01
1.88061875000E+06	1.735981E-03	8.692839E+01
1.88248750000E+06	1.803386E-03	8.845830E+01
1.88435625000E+06	1.646765E-03	9.766251E+01
1.88622500000E+06	1.616377E-03	8.909911E+01
1.88809375000E+06	1.746207E-03	8.950269E+01
1.88996250000E+06	1.743274E-03	9.243100E+01
1.89183125000E+06	1.694834E-03	8.805827E+01
1.89370000000E+06	1.695431E-03	8.655714E+01
1.89556875000E+06	1.677761E-03	9.136390E+01
1.89743750000E+06	1.763699E-03	8.758782E+01
1.89930625000E+06	1.670155E-03	9.424130E+01
1.90117500000E+06	1.563608E-03	9.408186E+01
1.90304375000E+06	1.655340E-03	9.345322E+01
1.90491250000E+06	1.663359E-03	8.831676E+01
1.90678125000E+06	1.680727E-03	8.874441E+01
1.90865000000E+06	1.660390E-03	9.195335E+01
1.91051875000E+06	1.735189E-03	9.430564E+01
1.91238750000E+06	1.637745E-03	8.842593E+01
1.91425625000E+06	1.786158E-03	9.355999E+01
1.91612500000E+06	1.569448E-03	8.891798E+01
1.91799375000E+06	1.691216E-03	9.271100E+01
1.91986250000E+06	1.761163E-03	9.121153E+01
1.92173125000E+06	1.533717E-03	9.292406E+01
1.92360000000E+06	1.719495E-03	8.813596E+01
1.92546875000E+06	1.614612E-03	9.200875E+01
1.92733750000E+06	1.598355E-03	9.043099E+01
1.92920625000E+06	1.737670E-03	9.354864E+01
1.93107500000E+06	1.732496E-03	9.145345E+01
1.93294375000E+06	1.707278E-03	9.095829E+01
1.93481250000E+06	1.942944E-03	9.590409E+01
1.93668125000E+06	1.750172E-03	9.351064E+01
1.93855000000E+06	1.887565E-03	8.421352E+01
1.94041875000E+06	1.815626E-03	9.143246E+01
1.94228750000E+06	1.692924E-03	9.107738E+01
1.94415625000E+06	1.837342E-03	8.518023E+01
1.94602500000E+06	1.883393E-03	8.831589E+01
1.94789375000E+06	1.660238E-03	9.570375E+01
1.94976250000E+06	1.970311E-03	9.125896E+01
1.95163125000E+06	1.714992E-03	8.749626E+01
1.95350000000E+06	1.640450E-03	8.938895E+01
1.95536875000E+06	1.649853E-03	9.300947E+01
1.95723750000E+06	1.589491E-03	8.709433E+01
1.95910625000E+06	1.960157E-03	8.907084E+01
1.96097500000E+06	1.681700E-03	8.140709E+01
1.96284375000E+06	1.583105E-03	9.062640E+01
1.96471250000E+06	1.890563E-03	9.654021E+01
1.96658125000E+06	1.811269E-03	8.867571E+01
1.96845000000E+06	1.691639E-03	8.943252E+01
1.97031875000E+06	1.730084E-03	9.132371E+01
1.97218750000E+06	1.728375E-03	9.000040E+01
1.97405625000E+06	1.754981E-03	8.096510E+01
1.97592500000E+06	1.896111E-03	8.556058E+01
1.97779375000E+06	1.984413E-03	9.237447E+01
1.97966250000E+06	1.695230E-03	8.981741E+01
1.98153125000E+06	1.507077E-03	9.007734E+01
1.98340000000E+06	1.444026E-03	9.583328E+01
1.98526875000E+06	1.837350E-03	9.506362E+01
1.98713750000E+06	2.134714E-03	9.443754E+01
1.98900625000E+06	1.987298E-03	8.871668E+01
1.99087500000E+06	2.068251E-03	9.090192E+01
1.99274375000E+06	1.884093E-03	9.189265E+01
1.99461250000E+06	1.904083E-03	9.887838E+01
1.99648125000E+06	1.863968E-03	8.789244E+01
1.99835000000E+06	2.111682E-03	8.612305E+01
2.00021875000E+06	1.837904E-03	8.448907E+01
2.00208750000E+06	1.913061E-03	8.725076E+01
2.00395625000E+06	1.740447E-03	9.293174E+01
2.00582500000E+06	1.893838E-03	9.066708E+01
2.00769375000E+06	1.899372E-03	8.942435E+01
2.00956250000E+06	1.588416E-03	8.895551E+01
2.01143125000E+06	2.037254E-03	9.174614E+01
2.01330000000E+06	1.663371E-03	9.076266E+01
2.01516875000E+06	1.866164E-03	8.185544E+01
2.01703750000E+06	1.776484E-03	1.008076E+02
2.01890625000E+06	1.747805E-03	9.089655E+01
2.02077500000E+06	1.931460E-03	9.334386E+01
2.02264375000E+06	1.885309E-03	8.962650E+01
2.02451250000E+06	1.896721E-03	9.096728E+01
2.02638125000E+06	2.020594E-03	8.965804E+01
2.02825000000E+06	2.000676E-03	9.465491E+01
2.03011875000E+06	2.110514E-03	9.488971E+01
2.03198750000E+06	1.749038E-03	8.814394E+01
2.03385625000E+06	1.914758E-03	9.295060E+01
2.03572500000E+06	2.069601E-03	8.633302E+01
2.03759375000E+06	1.672134E-03	8.977277E+01
2.03946250000E+06	1.676887E-03	8.567800E+01
2.04133125000E+06	1.751907E-03	8.573096E+01
2.04320000000E+06	2.178007E-03	9.476965E+01
2.04506875000E+06	1.848192E-03	9.984689E+01
2.04693750000E+06	2.035297E-03	9.582014E+01
2.04880625000E+06	1.772875E-03	8.594041E+01
2.05067500000E+06	1.698335E-03	8.805452E+01
2.05254375000E+06	1.811443E-03	8.772318E+01
2.05441250000E+06	2.124704E-03	8.888392E+01
2.05628125000E+06	2.031643E-03	8.418870E+01
2.05815000000E+06	2.022895E-03	9.579610E+01
2.06001875000E+06	1.966337E-03	8.709358E+01
2.06188750000E+06	1.891390E-03	9.432232E+01
2.06375625000E+06	1.825353E-03	8.842705E+01
2.06562500000E+06	2.158716E-03	8.946667E+01
2.06749375000E+06	2.136235E-03	8.500385E+01
2.06936250000E+06	1.980724E-03	9.051588E+01
2.07123125000E+06	1.985064E-03	9.131272E+01
2.07310000000E+06	1.906084E-03	8.783696E+01
2.07496875000E+06	1.886922E-03	9.280235E+01
2.07683750000E+06	1.971729E-03	8.768034E+01
2.07870625000E+06	1.875138E-03	8.474550E+01
2.08057500000E+06	2.038129E-03	8.626463E+01
2.08244375000E+06	1.981943E-03	8.699696E+01
2.08431250000E+06	1.947802E-03	8.908958E+01
2.08618125000E+06	2.118468E-03	8.526261E+01
2.08805000000E+06	1.913628E-03	9.059616E+01
2.08991875000E+06	2.101030E-03	9.106902E+01
2.09178750000E+06	1.944670E-03	9.031681E+01
2.09365625000E+06	2.041499E-03	9.022210E+01
2.09552500000E+06	1.996833E-03	9.062415E+01
2.09739375000E+06	2.008965E-03	8.712806E+01
2.09926250000E+06	2.029837E-03	8.705937E+01
2.10113125000E+06	1.956889E-03	9.380418E+01
2.10300000000E+06	2.270284E-03	8.996198E+01
2.10486875000E+06	2.031830E-03	8.992004E+01
2.10673750000E+06	2.223377E-03	8.431967E+01
2.10860625000E+06	1.985810E-03	8.856756E+01
2.11047500000E+06	2.207252E-03	8.805728E+01
2.11234375000E+06	2.066606E-03	8.975926E+01
2.11421250000E+06	2.119842E-03	9.086595E+01
2.11608125000E+06	1.965955E-03	8.767313E+01
2.11795000000E+06	2.119554E-03	8.244458E+01
2.11981875000E+06	2.012829E-03	8.693456E+01
2.12168750000E+06	2.012698E-03	8.539038E+01
2.12355625000E+06	2.100502E-03	8.173151E+01
2.12542500000E+06	2.267197E-03	8.832317E+01
2.12729375000E+06	2.036041E-03	8.482915E+01
2.12916250000E+06	2.074678E-03	8.619318E+01
2.13103125000E+06	1.978903E-03	8.510944E+01
2.13290000000E+06	2.123663E-03	8.801029E+01
2.13476875000E+06	2.135056E-03	9.046754E+01
2.13663750000E+06	2.138889E-03	8.863976E+01
2.13850625000E+06	2.089749E-03	8.332203E+01
2.14037500000E+06	2.132769E-03	8.904421E+01
2.14224375000E+06	2.038433E-03	8.270856E+01
2.14411250000E+06	2.065246E-03	8.514860E+01
2.14598125000E+06	1.931482E-03	8.723567E+01
2.14785000000E+06	2.069020E-03	8.812659E+01
2.14971875000E+06	2.210049E-03	8.271163E+01
2.15158750000E+06	2.060246E-03	9.115458E+01
2.15345625000E+06	2.000693E-03	8.883098E+01
2.15532500000E+06	2.120822E-03	8.631722E+01
2.15719375000E+06	2.179777E-03	8.167016E+01
2.15906250000E+06	2.162268E-03	8.780512E+01
2.16093125000E+06	2.189382E-03	8.331298E+01
2.16280000000E+06	1.901504E-03	8.992496E+01
2.16466875000E+06	2.235071E-03	8.158493E+01
2.16653750000E+06	2.033695E-03	8.513950E+01
2.16840625000E+06	1.929226E-03	8.743307E+01
2.17027500000E+06	2.134802E-03	8.574104E+01
2.17214375000E+06	2.007216E-03	8.918062E+01
2.17401250000E+06	2.181477E-03	8.757037E+01
2.17588125000E+06	2.497431E-03	8.321594E+01
2.17775000000E+06	2.561712E-03	8.688516E+01
2.17961875000E+06	2.461461E-03	7.855515E+01
2.18148750000E+06	2.250591E-03	7.572751E+01
2.18335625000E+06	2.392618E-03	8.983508E+01
2.18522500000E+06	2.183609E-03	8.212636E+01
2.18709375000E+06	2.214046E-03	7.471262E+01
2.18896250000E+06	2.297446E-03	8.505396E+01
2.19083125000E+06	2.249887E-03	7.775620E+01
2.19270000000E+06	2.422442E-03	7.786880E+01
2.19456875000E+06	1.802466E-03	8.794013E+01
2.19643750000E+06	2.176538E-03	8.474004E+01
2.19830625000E+06	2.168993E-03	8.375634E+01
2.20017500000E+06	1.878071E-03	7.715428E+01
2.20204375000E+06	1.922046E-03	8.556449E+01
2.20391250000E+06	2.127525E-03	8.145725E+01
2.20578125000E+06	2.116336E-03	8.767704E+01
2.20765000000E+06	2.099568E-03	7.401787E+01
2.20951875000E+06	2.363007E-03	8.648664E+01
2.21138750000E+06	2.215044E-03	8.596702E+01
2.21325625000E+06	2.310709E-03	8.218036E+01
2.21512500000E+06	2.756097E-03	8.075842E+01
2.21699375000E+06	2.305125E-03	7.810649E+01
2.21886250000E+06	2.149586E-03	8.795211E+01
2.22073125000E+06	2.362506E-03	8.227126E+01
2.22260000000E+06	2.253371E-03	8.139384E+01
2.22446875000E+06	2.232458E-03	8.199543E+01
2.22633750000E+06	2.248246E-03	8.119608E+01
2.22820625000E+06	2.502416E-03	7.761934E+01
2.23007500000E+06	2.030333E-03	7.771263E+01
2.23194375000E+06	2.474087E-03	7.897460E+01
2.23381250000E+06	2.519123E-03	8.156202E+01
2.23568125000E+06	2.126857E-03	8.112553E+01
2.23755000000E+06	2.369971E-03	7.922401E+01
2.23941875000E+06	2.031074E-03	7.849968E+01
2.24128750000E+06	2.252687E-03	8.108334E+01
2.24315625000E+06	2.429096E-03	7.294922E+01
2.24502500000E+06	2.113566E-03	7.042958E+01
2.24689375000E+06	2.440345E-03	7.873625E+01
2.24876250000E+06	2.461891E-03	7.779637E+01
2.25063125000E+06	2.316903E-03	7.921885E+01
2.25250000000E+06	2.166607E-03	7.733844E+01
2.25436875000E+06	2.318703E-03	8.063885E+01
2.25623750000E+06	2.185324E-03	8.095415E+01
2.25810625000E+06	2.208246E-03	7.802677E+01
2.25997500000E+06	2.198377E-03	8.131528E+01
2.26184375000E+06	2.266542E-03	8.246720E+01
2.26371250000E+06	2.339181E-03	7.614438E+01
2.26558125000E+06	2.324817E-03	7.714738E+01
2.26745000000E+06	2.155586E-03	8.241935E+01
2.26931875000E+06	2.235541E-03	7.895489E+01
2.27118750000E+06	2.230143E-03	7.207921E+01
2.27305625000E+06	2.016694E-03	7.733925E+01
2.27492500000E+06	2.330302E-03	8.123984E+01
2.27679375000E+06	2.271671E-03	7.492693E+01
2.27866250000E+06	2.198604E-03	7.936059E+01
2.28053125000E+06	2.192978E-03	7.238788E+01
2.28240000000E+06	2.149113E-03	7.552940E+01
2.28426875000E+06	2.226314E-03	7.653488E+01
2.28613750000E+06	2.260056E-03	7.137436E+01
2.28800625000E+06	2.230342E-03	7.995098E+01
2.28987500000E+06	2.217073E-03	7.596745E+01
2.29174375000E+06	2.102040E-03	7.171027E+01
2.29361250000E+06	2.117991E-03	7.734605E+01
2.29548125000E+06	2.132969E-03	7.432495E+01
2.29735000000E+06	2.122842E-03	7.678043E+01
2.29921875000E+06	2.108846E-03	7.512966E+01
2.30108750000E+06	2.350891E-03	7.941059E+01
2.30295625000E+06	2.285372E-03	7.444624E+01
2.30482500000E+06	2.336102E-03	7.250742E+01
2.30669375000E+06	2.159251E-03	7.172190E+01
2.30856250000E+06	2.218638E-03	7.469535E+01
2.31043125000E+06	2.226713E-03	7.565339E+01
2.31230000000E+06	2.189284E-03	7.414045E+01
2.31416875000E+06	2.169474E-03	7.394624E+01
2.31603750000E+06	2.262651E-03	7.625562E+01
2.31790625000E+06	2.183513E-03	7.232176E+01
2.31977500000E+06	2.229073E-03	7.793037E+01
2.32164375000E+06	2.220115E-03	7.401476E+01
2.32351250000E+06	2.049325E-03	7.859644E+01
2.32538125000E+06	2.259118E-03	7.604085E+01
2.32725000000E+06	2.113825E-03	7.266061E+01
2.32911875000E+06	2.137701E-03	7.369223E+01
2.33098750000E+06	2.179686E-03	7.118919E+01
2.33285625000E+06	2.162484E-03	7.567789E+01
2.33472500000E+06	2.064048E-03	7.372047E+01
2.33659375000E+06	2.165546E-03	7.329378E+01
2.33846250000E+06	2.211820E-03	7.269409E+01
2.34033125000E+06	2.097135E-03	7.486845E+01
2.34220000000E+06	2.086265E-03	7.059531E+01
2.34406875000E+06	2.181987E-03	7.572828E+01
2.34593750000E+06	2.273398E-03	7.139256E+01
2.34780625000E+06	1.979246E-03	7.559718E+01
2.34967500000E+06	2.084727E-03	6.926176E+01
2.35154375000E+06	2.074173E-03	7.381342E+01
2.35341250000E+06	2.150127E-03	7.077431E+01
2.35528125000E+06	2.064732E-03	7.446365E+01
2.35715000000E+06	2.099919E-03	7.464073E+01
2.35901875000E+06	2.109631E-03	6.982314E+01
2.36088750000E+06	2.114223E-03	7.403728E+01
2.36275625000E+06	2.168906E-03	7.800974E+01
2.36462500000E+06	2.015916E-03	7.579076E+01
2.36649375000E+06	2.092663E-03	7.509964E+01
2.36836250000E+06	2.067040E-03	7.599911E+01
2.37023125000E+06	2.062979E-03	7.313127E+01
2.37210000000E+06	2.025719E-03	7.613447E+01
2.37396875000E+06	1.971437E-03	7.149029E+01
2.37583750000E+06	1.990438E-03	7.308339E+01
2.37770625000E+06	2.109905E-03	7.372980E+01
2.37957500000E+06	1.934873E-03	6.779310E+01
2.38144375000E+06	2.197108E-03	7.070776E+01
2.38331250000E+06	2.241479E-03	7.053162E+01
2.38518125000E+06	2.126151E-03	7.324034E+01
2.38705000000E+06	2.021189E-03	7.685008E+01
2.38891875000E+06	2.136822E-03	7.296062E+01
2.39078750000E+06	2.098237E-03	7.465799E+01
2.39265625000E+06	1.966852E-03	6.958107E+01
2.39452500000E+06	2.241148E-03	7.064075E+01
2.39639375000E+06	1.950158E-03	7.530501E+01
2.39826250000E+06	1.930306E-03	6.640001E+01
2.40013125000E+06	2.014569E-03	7.339647E+01
2.40200000000E+06	1.907631E-03	7.801057E+01
2.40386875000E+06	2.264226E-03	6.950581E+01
2.40573750000E+06	2.000987E-03	7.122263E+01
2.40760625000E+06	2.234278E-03	7.592541E+01
2.40947500000E+06	1.965952E-03	6.525024E+01
2.41134375000E+06	1.840259E-03	7.042632E+01
2.41321250000E+06	1.882280E-03	8.019385E+01
2.41508125000E+06	2.196932E-03	7.322175E+01
2.41695000000E+06	2.204581E-03	7.927621E+01
2.41881875000E+06	1.951368E-03	7.421571E+01
2.42068750000E+06	1.471888E-03	7.853917E+01
2.42255625000E+06	2.075522E-03	7.533536E+01
2.42442500000E+06	2.269387E-03	7.334227E+01
2.42629375000E+06	2.136632E-03	7.472769E+01
2.42816250000E+06	1.848948E-03	7.363957E+01
2.43003125000E+06	1.791167E-03	6.071766E+01
2.43190000000E+06	1.963309E-03	6.706961E+01
2.43376875000E+06	1.805694E-03	7.306352E+01
2.43563750000E+06	2.000433E-03	7.721723E+01
2.43750625000E+06	2.253326E-03	7.223869E+01
2.43937500000E+06	2.119912E-03	7.605821E+01
2.44124375000E+06	2.098157E-03	6.775970E+01
2.44311250000E+06	2.146756E-03	8.016411E+01
2.44498125000E+06	2.040256E-03	7.016063E+01
2.44685000000E+06	1.819761E-03	7.003392E+01
2.44871875000E+06	1.692501E-03	7.656606E+01
2.45058750000E+06	1.681255E-03	7.034733E+01
2.45245625000E+06	1.953098E-03	7.396796E+01
2.45432500000E+06	2.155257E-03	6.586620E+01
2.45619375000E+06	1.946212E-03	7.253211E+01
2.45806250000E+06	1.597420E-03	8.016664E+01
2.45993125000E+06	1.839180E-03	7.199409E+01
2.46180000000E+06	2.314158E-03	7.657935E+01
2.46366875000E+06	1.897367E-03	6.005662E+01
2.46553750000E+06	1.917451E-03	7.387004E+01
2.46740625000E+06	2.236410E-03	5.961647E+01
2.46927500000E+06	1.815031E-03	6.726763E+01
2.47114375000E+06	1.953481E-03	6.506828E+01
2.47301250000E+06	2.293432E-03	6.315699E+01
2.47488125000E+06	1.959564E-03	7.230447E+01
2.47675000000E+06	1.893923E-03	8.060043E+01
2.47861875000E+06	1.918400E-03	8.063972E+01
2.48048750000E+06	1.951315E-03	7.190814E+01
2.48235625000E+06	1.796783E-03	8.086349E+01
2.48422500000E+06	1.829019E-03	6.398323E+01
2.48609375000E+06	1.841287E-03	7.326927E+01
2.48796250000E+06	2.115802E-03	7.417314E+01
2.48983125000E+06	2.128676E-03	7.179412E+01
2.49170000000E+06	2.135526E-03	6.895671E+01
2.49356875000E+06	2.179746E-03	6.299100E+01
2.49543750000E+06	1.893422E-03	7.346642E+01
2.49730625000E+06	2.018973E-03	7.365182E+01
2.49917500000E+06	2.165116E-03	7.035722E+01
2.50104375000E+06	1.859463E-03	6.866454E+01
2.50291250000E+06	1.900162E-03	7.714395E+01
2.50478125000E+06	1.937995E-03	6.938543E+01
2.50665000000E+06	1.782292E-03	7.981165E+01
2.50851875000E+06	2.056011E-03	6.828175E+01
2.51038750000E+06	1.837982E-03	6.546069E+01
2.51225625000E+06	1.811238E-03	7.227446E+01
2.51412500000E+06	1.742682E-03	7.060763E+01
2.51599375000E+06	1.885300E-03	7.253758E+01
2.51786250000E+06	2.095733E-03	7.368601E+01
2.51973125000E+06	1.915412E-03	7.682358E+01
2.52160000000E+06	1.911891E-03	6.769872E+01
2.52346875000E+06	1.978902E-03	7.274487E+01
2.52533750000E+06	1.741011E-03	7.626449E+01
2.52720625000E+06	1.771811E-03	7.712251E+01
2.52907500000E+06	1.776993E-03	7.789502E+01
2.53094375000E+06	1.999447E-03	7.070301E+01
2.53281250000E+06	1.872944E-03	7.290024E+01
2.53468125000E+06	1.744943E-03	7.233509E+01
2.53655000000E+06	1.882203E-03	7.183583E+01
2.53841875000E+06	1.991675E-03	7.631924E+01
2.54028750000E+06	1.695837E-03	7.239079E+01
2.54215625000E+06	1.732233E-03	7.440657E+01
2.54402500000E+06	1.933424E-03	7.420119E+01
2.54589375000E+06	1.840631E-03	7.436884E+01
2.54776250000E+06	2.042382E-03	7.241515E+01
2.54963125000E+06	1.710487E-03	7.072172E+01
2.55150000000E+06	1.838130E-03	7.420800E+01
2.55336875000E+06	1.853268E-03	7.007583E+01
2.55523750000E+06	1.938800E-03	6.944106E+01
2.55710625000E+06	1.887536E-03	7.391073E+01
2.55897500000E+06	1.891206E-03	6.950707E+01
2.56084375000E+06	1.816774E-03	7.023436E+01
2.56271250000E+06	1.825824E-03	7.373898E+01
2.56458125000E+06	1.730887E-03	7.755798E+01
2.56645000000E+06	1.900153E-03	7.376508E+01
2.56831875000E+06	1.828262E-03	6.617642E+01
2.57018750000E+06	1.818392E-03	7.261087E+01
2.57205625000E+06	1.718548E-03	7.563416E+01
2.57392500000E+06	1.752694E-03	6.845139E+01
2.57579375000E+06	1.711816E-03	7.066679E+01
2.57766250000E+06	1.759637E-03	7.241507E+01
2.57953125000E+06	1.834837E-03	6.752001E+01
2.58140000000E+06	1.745038E-03	7.269558E+01
2.58326875000E+06	1.861401E-03	7.466721E+01
2.58513750000E+06	1.769703E-03	7.388251E+01
2.58700625000E+06	1.663207E-03	7.473392E+01
2.58887500000E+06	1.805807E-03	7.255205E+01
2.59074375000E+06	1.895531E-03	7.424236E+01
2.59261250000E+06	1.904604E-03	7.366516E+01
2.59448125000E+06	1.846266E-03	7.527737E+01
2.59635000000E+06	1.859960E-03	7.357314E+01
2.59821875000E+06	1.718449E-03	7.197290E+01
2.60008750000E+06	1.958712E-03	7.618642E+01
2.60195625000E+06	1.754538E-03	7.468477E+01
2.60382500000E+06	1.788253E-03	7.581955E+01
2.60569375000E+06	1.670921E-03	7.494483E+01
2.60756250000E+06	1.885175E-03	7.497719E+01
2.60943125000E+06	1.900277E-03	7.176335E+01
2.61130000000E+06	1.748019E-03	7.218401E+01
2.61316875000E+06	1.795792E-03	7.506145E+01
2.61503750000E+06	1.828592E-03	7.191494E+01
2.61690625000E+06	1.686749E-03	7.547881E+01
2.61877500000E+06	1.706958E-03	7.345905E+01
2.62064375000E+06	1.687925E-03	7.870613E+01
2.62251250000E+06	1.756975E-03	7.199138E+01
2.62438125000E+06	1.817516E-03	7.565791E+01
2.62625000000E+06	1.724043E-03	7.595803E+01
2.62811875000E+06	1.690281E-03	7.574596E+01
2.62998750000E+06	1.907821E-03	7.379785E+01
2.63185625000E+06	1.750751E-03	7.267196E+01
2.63372500000E+06	1.880276E-03	7.269854E+01
2.63559375000E+06	1.696299E-03	7.552500E+01
2.63746250000E+06	1.904653E-03	7.104670E+01
2.63933125000E+06	1.927146E-03	7.905074E+01
2.64120000000E+06	1.769575E-03	7.307933E+01
2.64306875000E+06	1.820799E-03	7.475482E+01
2.64493750000E+06	1.813479E-03	6.982536E+01
2.64680625000E+06	1.870049E-03	7.479662E+01
2.64867500000E+06	1.795474E-03	7.355643E+01
2.65054375000E+06	1.732598E-03	7.486456E+01
2.65241250000E+06	1.772636E-03	7.850723E+01
2.65428125000E+06	1.828164E-03	7.467852E+01
2.65615000000E+06	1.586223E-03	7.330968E+01
2.65801875000E+06	1.738491E-03	7.324014E+01
2.65988750000E+06	1.634383E-03	8.333470E+01
2.66175625000E+06	1.783738E-03	7.332939E+01
2.66362500000E+06	1.662682E-03	7.658665E+01
2.66549375000E+06	1.864060E-03	8.079956E+01
2.66736250000E+06	1.873133E-03	7.482916E+01
2.66923125000E+06	1.838219E-03	7.664110E+01
2.67110000000E+06	1.887525E-03	7.892359E+01
2.67296875000E+06	1.644362E-03	7.637960E+01
2.67483750000E+06	1.736979E-03	7.942594E+01
2.67670625000E+06	1.852021E-03	7.145979E+01
2.67857500000E+06	1.800627E-03	7.875924E+01
2.68044375000E+06	1.841005E-03	7.512022E+01
2.68231250000E+06	1.855266E-03	7.640720E+01
2.68418125000E+06	1.755345E-03	7.797308E+01
2.68605000000E+06	1.685664E-03	7.907054E+01
2.68791875000E+06	1.688085E-03	7.297642E+01
2.68978750000E+06	1.764054E-03	8.262466E+01
2.69165625000E+06	1.433186E-03	8.526476E+01
2.69352500000E+06	1.637228E-03	6.771014E+01
2.69539375000E+06	1.791254E-03	7.019762E+01
2.69726250000E+06	1.844977E-03	6.895618E+01
2.69913125000E+06	1.900809E-03	7.753793E+01
2.70100000000E+06	1.779789E-03	7.074809E+01
2.70286875000E+06	1.663398E-03	7.173892E+01
2.70473750000E+06	1.632252E-03	7.302866E+01
2.70660625000E+06	1.839283E-03	7.900137E+01
2.70847500000E+06	1.657748E-03	6.698376E+01
2.71034375000E+06	1.610062E-03	8.302195E+01
2.71221250000E+06	1.610739E-03	8.066357E+01
2.71408125000E+06	1.895987E-03	9.352206E+01
2.71595000000E+06	1.752048E-03	6.883982E+01
2.71781875000E+06	2.028337E-03	8.400446E+01
2.71968750000E+06	1.710964E-03	7.421998E+01
2.72155625000E+06	1.909575E-03	7.410597E+01
2.72342500000E+06	1.780804E-03	8.083046E+01
2.72529375000E+06	1.936787E-03	7.779320E+01
2.72716250000E+06	1.833129E-03	6.835114E+01
2.72903125000E+06	1.824988E-03	7.925802E+01
2.73090000000E+06	1.701739E-03	7.696400E+01
2.73276875000E+06	1.676532E-03	8.372773E+01
2.73463750000E+06	1.935723E-03	7.753339E+01
2.73650625000E+06	1.859148E-03	7.629084E+01
2.73837500000E+06	1.955878E-03	7.696741E+01
2.74024375000E+06	1.726456E-03	8.426770E+01
2.74211250000E+06	1.532868E-03	7.397862E+01
2.74398125000E+06	2.160096E-03	8.207662E+01
2.74585000000E+06	1.917299E-03	7.734454E+01
2.74771875000E+06	1.909740E-03	8.111009E+01
2.74958750000E+06	1.665518E-03	7.311052E+01
2.75145625000E+06	1.727673E-03	7.050906E+01
2.75332500000E+06	1.830629E-03	7.330668E+01
2.75519375000E+06	1.347765E-03	6.875785E+01
2.75706250000E+06	1.664814E-03	7.953496E+01
2.75893125000E+06	1.911641E-03	8.572385E+01
2.76080000000E+06	1.728525E-03	7.734714E+01
2.76266875000E+06	1.973552E-03	7.630984E+01
2.76453750000E+06	1.936117E-03	6.778856E+01
2.76640625000E+06	1.473443E-03	7.116811E+01
2.76827500000E+06	1.600472E-03	7.817009E+01
2.77014375000E+06	1.535317E-03	7.779911E+01
2.77201250000E+06	1.558424E-03	8.288899E+01
2.77388125000E+06	1.764882E-03	7.954135E+01
2.77575000000E+06	1.679567E-03	7.500218E+01
2.77761875000E+06	1.525664E-03	7.128461E+01
2.77948750000E+06	1.758109E-03	7.775169E+01
2.78135625000E+06	1.919831E-03	7.483455E+01
2.78322500000E+06	1.843048E-03	7.563218E+01
2.78509375000E+06	1.803875E-03	7.435675E+01
2.78696250000E+06	1.649533E-03	6.935945E+01
2.78883125000E+06	1.782938E-03	8.744229E+01
2.79070000000E+06	1.721553E-03	8.174443E+01
2.79256875000E+06	1.688593E-03	7.540839E+01
2.79443750000E+06	1.810134E-03	7.192605E+01
2.79630625000E+06	1.798360E-03	7.322207E+01
2.79817500000E+06	1.855252E-03	8.075855E+01
2.80004375000E+06	1.949596E-03	7.546234E+01
2.80191250000E+06	1.962891E-03	7.223640E+01
2.80378125000E+06	1.965835E-03	8.250853E+01
2.80565000000E+06	1.541047E-03	7.994106E+01
2.80751875000E+06	1.596603E-03	7.425723E+01
2.80938750000E+06	1.778075E-03	7.943262E+01
2.81125625000E+06	1.721239E-03	8.189003E+01
2.81312500000E+06	1.819762E-03	7.600238E+01
2.81499375000E+06	1.695766E-03	7.707600E+01
2.81686250000E+06	1.627817E-03	7.563785E+01
2.81873125000E+06	1.506520E-03	7.624056E+01
2.82060000000E+06	1.740196E-03	7.399935E+01
2.82246875000E+06	1.727162E-03	7.388122E+01
2.82433750000E+06	1.714101E-03	7.937946E+01
2.82620625000E+06	1.700688E-03	7.893291E+01
2.82807500000E+06	1.699577E-03	7.575628E+01
2.82994375000E+06	1.809097E-03	7.789804E+01
2.83181250000E+06	1.643237E-03	7.377325E+01
2.83368125000E+06	1.594241E-03	7.838248E+01
2.83555000000E+06	1.818762E-03	6.953725E+01
2.83741875000E+06	1.731298E-03	7.470433E+01
2.83928750000E+06	1.747435E-03	7.037716E+01
2.84115625000E+06	1.828280E-03	7.777719E+01
2.84302500000E+06	1.526581E-03	7.280656E+01
2.84489375000E+06	1.844640E-03	7.067540E+01
2.84676250000E+06	1.745011E-03	7.650558E+01
2.84863125000E+06	1.696265E-03	7.687669E+01
2.85050000000E+06	1.928814E-03	6.966523E+01
2.85236875000E+06	1.920057E-03	7.078918E+01
2.85423750000E+06	1.816507E-03	7.948784E+01
2.85610625000E+06	1.727125E-03	8.722997E+01
2.85797500000E+06	1.722884E-03	7.512162E+01
2.85984375000E+06	1.960477E-03	7.446679E+01
2.86171250000E+06	1.720626E-03	7.788203E+01
2.86358125000E+06	1.791219E-03	7.698608E+01
2.86545000000E+06	1.620091E-03	8.242136E+01
2.86731875000E+06	1.795792E-03	7.852406E+01
2.86918750000E+06	1.772438E-03	7.084882E+01
2.87105625000E+06	1.815123E-03	7.634949E+01
2.87292500000E+06	1.754151E-03	7.862933E+01
2.87479375000E+06	1.617483E-03	7.815370E+01
2.87666250000E+06	1.627823E-03	7.780119E+01
2.87853125000E+06	1.666658E-03	7.370228E+01
2.88040000000E+06	1.654445E-03	7.489379E+01
2.88226875000E+06	1.670836E-03	6.967919E+01
2.88413750000E+06	1.700849E-03	7.545910E+01
2.88600625000E+06	1.706011E-03	7.109396E+01
2.88787500000E+06	1.718935E-03	7.844900E+01
2.88974375000E+06	1.768309E-03	7.480857E+01
2.89161250000E+06	1.705182E-03	7.756971E+01
2.89348125000E+06	1.703740E-03	7.452747E+01
2.89535000000E+06	1.620963E-03	7.281314E+01
2.89721875000E+06	1.694366E-03	7.783751E+01
2.89908750000E+06	1.689553E-03	7.365313E+01
2.90095625000E+06	1.622954E-03	7.736169E+01
2.90282500000E+06	1.694298E-03	7.354931E+01
2.90469375000E+06	1.600172E-03	7.636235E+01
2.90656250000E+06	1.663408E-03	7.592570E+01
2.90843125000E+06	1.800289E-03	7.548252E+01
2.91030000000E+06	1.631302E-03	7.808354E+01
2.91216875000E+06	1.689007E-03	7.267233E+01
2.91403750000E+06	1.708575E-03	7.785007E+01
2.91590625000E+06	1.617401E-03	7.805850E+01
2.91777500000E+06	1.681966E-03	7.947174E+01
2.91964375000E+06	1.731151E-03	7.441368E+01
2.92151250000E+06	1.586041E-03	7.034907E+01
2.92338125000E+06	1.607483E-03	7.499200E+01
2.92525000000E+06	1.670202E-03	7.367137E+01
2.92711875000E+06	1.693162E-03	7.310825E+01
2.92898750000E+06	1.750250E-03	7.313228E+01
2.93085625000E+06	1.668868E-03	6.868600E+01
2.93272500000E+06	1.600412E-03	7.412006E+01
2.93459375000E+06	1.694755E-03	7.753907E+01
2.93646250000E+06	1.698433E-03	7.685966E+01
2.93833125000E+06	1.696443E-03	7.964445E+01
2.94020000000E+06	1.814047E-03	7.683708E+01
2.94206875000E+06	1.751547E-03	7.851861E+01
2.94393750000E+06	1.625546E-03	7.652940E+01
2.94580625000E+06	1.609648E-03	7.444094E+01
2.94767500000E+06	1.707152E-03	7.822481E+01
2.94954375000E+06	1.647265E-03	7.690613E+01
2.95141250000E+06	1.602459E-03	7.815273E+01
2.95328125000E+06	1.710725E-03	7.479359E+01
2.95515000000E+06	1.596293E-03	7.619257E+01
2.95701875000E+06	1.621519E-03	7.626534E+01
2.95888750000E+06	1.712619E-03	7.685781E+01
2.96075625000E+06	1.915716E-03	7.515288E+01
2.96262500000E+06	1.787984E-03	7.675362E+01
2.96449375000E+06	1.628835E-03	7.581247E+01
2.96636250000E+06	1.625028E-03	7.523970E+01
2.96823125000E+06	1.583700E-03	7.706660E+01
2.97010000000E+06	1.532718E-03	7.337115E+01
2.97196875000E+06	1.725825E-03	7.773138E+01
2.97383750000E+06	1.643837E-03	7.099338E+01
2.97570625000E+06	1.663837E-03	7.745992E+01
2.97757500000E+06	1.571524E-03	7.721739E+01
2.97944375000E+06	1.705794E-03	7.709583E+01
2.98131250000E+06	1.703025E-03	7.460229E+01
2.98318125000E+06	1.706820E-03	7.705022E+01
2.98505000000E+06	1.616366E-03	7.635724E+01
2.98691875000E+06	1.682209E-03	7.970048E+01
2.98878750000E+06	1.682994E-03	7.643668E+01
2.99065625000E+06	1.651981E-03	7.525301E+01
2.99252500000E+06	1.665691E-03	7.850616E+01
2.99439375000E+06	1.573099E-03	7.509412E+01
2.99626250000E+06	1.691688E-03	8.216198E+01
2.99813125000E+06	1.719417E-03	7.429987E+01
3.00000000000E+06	1.765968E-03	7.294490E+01
