"E5100A REV3.14"
"DATE: Jul  3 2004"



"CHANNEL: 2"
"MEASURE TYPE: AR"
"FORMAT TYPE: LINMP"
"NUMBER of POINTS: 1601"
"SWEEP TIME:  3.458 s"
"SWEEP TYPE: LINF"
"SOURCE POWER: 0 dBm"
"IF BANDWIDTH: 500 Hz"

"Frequency"	"Main Array"	"Sub Array"
1.00000000000E+04	8.062471E-02	-1.533562E+02
1.18687500000E+04	1.115916E-02	-9.962110E+01
1.37375000000E+04	1.018895E-02	-1.779845E+02
1.56062500000E+04	7.519309E-03	1.186385E+02
1.74750000000E+04	1.306766E-03	1.009953E+02
1.93437500000E+04	1.500668E-03	-4.808186E+01
2.12125000000E+04	1.258069E-03	6.642699E+01
2.30812500000E+04	1.396115E-03	-9.764132E+01
2.49500000000E+04	1.717228E-03	1.377762E+02
2.68187500000E+04	1.181387E-03	1.265627E+02
2.86875000000E+04	3.451139E-04	-5.592005E+00
3.05562500000E+04	1.315484E-03	-4.720260E+01
3.24250000000E+04	1.396625E-03	1.094277E+02
3.42937500000E+04	2.042713E-03	1.474058E+02
3.61625000000E+04	1.878288E-03	5.432504E+01
3.80312500000E+04	5.865269E-04	4.797492E+01
3.99000000000E+04	7.161314E-04	1.121483E+02
4.17687500000E+04	3.395331E-04	9.843317E+01
4.36375000000E+04	1.006215E-03	1.416060E+02
4.55062500000E+04	6.193474E-04	5.368531E+01
4.73750000000E+04	4.312911E-04	3.085136E+01
4.92437500000E+04	1.514344E-03	9.129746E+01
5.11125000000E+04	8.360639E-04	1.623591E+02
5.29812500000E+04	1.346773E-03	6.376238E+01
5.48500000000E+04	1.524495E-04	1.573474E+02
5.67187500000E+04	3.003448E-04	6.196330E+01
5.85875000000E+04	1.054159E-03	7.990461E+01
6.04562500000E+04	9.356212E-04	9.714334E+01
6.23250000000E+04	1.411548E-03	6.523498E+01
6.41937500000E+04	1.267647E-03	1.141056E+02
6.60625000000E+04	1.587543E-03	6.574276E+01
6.79312500000E+04	1.001890E-03	1.085106E+02
6.98000000000E+04	1.520532E-03	9.319191E+01
7.16687500000E+04	1.244535E-03	7.446281E+01
7.35375000000E+04	1.291491E-03	8.580196E+01
7.54062500000E+04	1.747958E-03	8.450987E+01
7.72750000000E+04	1.504076E-03	5.252447E+01
7.91437500000E+04	8.642149E-04	5.827334E+01
8.10125000000E+04	1.431730E-03	9.386462E+01
8.28812500000E+04	1.039418E-03	7.052226E+01
8.47500000000E+04	1.269069E-03	8.354396E+01
8.66187500000E+04	1.050398E-03	6.863454E+01
8.84875000000E+04	1.339504E-03	9.093477E+01
9.03562500000E+04	1.093633E-03	2.289348E+01
9.22250000000E+04	1.464635E-03	7.513694E+01
9.40937500000E+04	1.244973E-03	8.568766E+01
9.59625000000E+04	1.066571E-03	8.714162E+01
9.78312500000E+04	7.578081E-04	9.555901E+01
9.97000000000E+04	1.699647E-03	5.898639E+01
1.01568750000E+05	1.558264E-03	9.525041E+01
1.03437500000E+05	1.043916E-03	1.091842E+02
1.05306250000E+05	2.491464E-03	9.210159E+01
1.07175000000E+05	1.241522E-03	8.018457E+01
1.09043750000E+05	1.100249E-03	8.713905E+01
1.10912500000E+05	2.446509E-03	3.457930E+01
1.12781250000E+05	1.625996E-03	8.079052E+01
1.14650000000E+05	1.122021E-03	9.109828E+01
1.16518750000E+05	1.547727E-03	8.207330E+01
1.18387500000E+05	1.781967E-03	8.444019E+01
1.20256250000E+05	1.398055E-03	8.110888E+01
1.22125000000E+05	1.665082E-03	1.021448E+02
1.23993750000E+05	1.396480E-03	9.236049E+01
1.25862500000E+05	2.029624E-03	8.219238E+01
1.27731250000E+05	1.794867E-03	8.942550E+01
1.29600000000E+05	2.021614E-03	7.687276E+01
1.31468750000E+05	1.759071E-03	8.597224E+01
1.33337500000E+05	2.372396E-03	9.005379E+01
1.35206250000E+05	1.415130E-03	1.011667E+02
1.37075000000E+05	1.415143E-03	8.379035E+01
1.38943750000E+05	1.380373E-03	8.193980E+01
1.40812500000E+05	1.966243E-03	8.290923E+01
1.42681250000E+05	1.888982E-03	9.163860E+01
1.44550000000E+05	2.178596E-03	7.906163E+01
1.46418750000E+05	1.790297E-03	8.318172E+01
1.48287500000E+05	2.092557E-03	9.046291E+01
1.50156250000E+05	2.429979E-03	8.488192E+01
1.52025000000E+05	1.627896E-03	9.472391E+01
1.53893750000E+05	2.178755E-03	9.631044E+01
1.55762500000E+05	2.186564E-03	8.734410E+01
1.57631250000E+05	1.986820E-03	9.578714E+01
1.59500000000E+05	2.100538E-03	7.813550E+01
1.61368750000E+05	1.949573E-03	9.067590E+01
1.63237500000E+05	2.051625E-03	9.635848E+01
1.65106250000E+05	2.254111E-03	8.003655E+01
1.66975000000E+05	2.423070E-03	9.031290E+01
1.68843750000E+05	2.323691E-03	7.789972E+01
1.70712500000E+05	2.278571E-03	7.627289E+01
1.72581250000E+05	2.306460E-03	8.888299E+01
1.74450000000E+05	2.545074E-03	8.369052E+01
1.76318750000E+05	2.582056E-03	9.724500E+01
1.78187500000E+05	2.451053E-03	8.980768E+01
1.80056250000E+05	2.580898E-03	8.629414E+01
1.81925000000E+05	2.448685E-03	8.825619E+01
1.83793750000E+05	2.159932E-03	9.459521E+01
1.85662500000E+05	2.482732E-03	8.823228E+01
1.87531250000E+05	2.550655E-03	8.518240E+01
1.89400000000E+05	2.497418E-03	8.329626E+01
1.91268750000E+05	2.440111E-03	8.572237E+01
1.93137500000E+05	2.830473E-03	9.422301E+01
1.95006250000E+05	2.382631E-03	8.348339E+01
1.96875000000E+05	2.760968E-03	8.992979E+01
1.98743750000E+05	2.811943E-03	9.153103E+01
2.00612500000E+05	2.712433E-03	8.989375E+01
2.02481250000E+05	2.535362E-03	8.731637E+01
2.04350000000E+05	2.562380E-03	8.328102E+01
2.06218750000E+05	3.152519E-03	8.422395E+01
2.08087500000E+05	2.992719E-03	8.797722E+01
2.09956250000E+05	3.565484E-03	8.804320E+01
2.11825000000E+05	2.881346E-03	7.971305E+01
2.13693750000E+05	3.084857E-03	9.599979E+01
2.15562500000E+05	2.948220E-03	8.692266E+01
2.17431250000E+05	3.088124E-03	9.038452E+01
2.19300000000E+05	2.859767E-03	9.056808E+01
2.21168750000E+05	3.077809E-03	8.915678E+01
2.23037500000E+05	3.344776E-03	9.119941E+01
2.24906250000E+05	3.055374E-03	8.646271E+01
2.26775000000E+05	3.321019E-03	9.426194E+01
2.28643750000E+05	2.993753E-03	9.194895E+01
2.30512500000E+05	3.167568E-03	8.581114E+01
2.32381250000E+05	3.142073E-03	8.531549E+01
2.34250000000E+05	3.391221E-03	8.332348E+01
2.36118750000E+05	3.332564E-03	8.969489E+01
2.37987500000E+05	3.438895E-03	8.896090E+01
2.39856250000E+05	3.562656E-03	9.271815E+01
2.41725000000E+05	3.417424E-03	8.795502E+01
2.43593750000E+05	3.507009E-03	8.838554E+01
2.45462500000E+05	3.286950E-03	8.662508E+01
2.47331250000E+05	3.646337E-03	8.423908E+01
2.49200000000E+05	3.616599E-03	8.599411E+01
2.51068750000E+05	3.604648E-03	8.737675E+01
2.52937500000E+05	3.488017E-03	8.259256E+01
2.54806250000E+05	3.921058E-03	8.992937E+01
2.56675000000E+05	3.647297E-03	8.826745E+01
2.58543750000E+05	3.608353E-03	8.786389E+01
2.60412500000E+05	3.370323E-03	8.659223E+01
2.62281250000E+05	3.674347E-03	8.758085E+01
2.64150000000E+05	3.625484E-03	8.849673E+01
2.66018750000E+05	3.975725E-03	8.983582E+01
2.67887500000E+05	3.625892E-03	9.101473E+01
2.69756250000E+05	3.658015E-03	9.109653E+01
2.71625000000E+05	3.856350E-03	8.375127E+01
2.73493750000E+05	3.775276E-03	9.251781E+01
2.75362500000E+05	3.906167E-03	8.643974E+01
2.77231250000E+05	4.068716E-03	8.601879E+01
2.79100000000E+05	4.238576E-03	8.866873E+01
2.80968750000E+05	4.021538E-03	8.791553E+01
2.82837500000E+05	3.844961E-03	8.838918E+01
2.84706250000E+05	4.025343E-03	8.338332E+01
2.86575000000E+05	3.994883E-03	9.039538E+01
2.88443750000E+05	4.209254E-03	8.929274E+01
2.90312500000E+05	4.061282E-03	8.756518E+01
2.92181250000E+05	4.318249E-03	9.032770E+01
2.94050000000E+05	4.298638E-03	8.721739E+01
2.95918750000E+05	4.383501E-03	8.569938E+01
2.97787500000E+05	4.225035E-03	8.985689E+01
2.99656250000E+05	4.133827E-03	8.807739E+01
3.01525000000E+05	4.425184E-03	8.798129E+01
3.03393750000E+05	4.352031E-03	8.529777E+01
3.05262500000E+05	4.108443E-03	8.724287E+01
3.07131250000E+05	4.336458E-03	8.505186E+01
3.09000000000E+05	4.340969E-03	8.504395E+01
3.10868750000E+05	4.579071E-03	8.972547E+01
3.12737500000E+05	4.476764E-03	8.796909E+01
3.14606250000E+05	4.328929E-03	8.458647E+01
3.16475000000E+05	4.593729E-03	8.746993E+01
3.18343750000E+05	4.549325E-03	8.724535E+01
3.20212500000E+05	4.617662E-03	8.559263E+01
3.22081250000E+05	4.509828E-03	9.019621E+01
3.23950000000E+05	4.315983E-03	8.724790E+01
3.25818750000E+05	4.639498E-03	8.662523E+01
3.27687500000E+05	4.661756E-03	8.539676E+01
3.29556250000E+05	4.551117E-03	8.803117E+01
3.31425000000E+05	4.527931E-03	8.831950E+01
3.33293750000E+05	4.783109E-03	8.591988E+01
3.35162500000E+05	4.351929E-03	8.492323E+01
3.37031250000E+05	4.739282E-03	8.618682E+01
3.38900000000E+05	4.804293E-03	8.723972E+01
3.40768750000E+05	4.718946E-03	8.820697E+01
3.42637500000E+05	4.810846E-03	8.791359E+01
3.44506250000E+05	5.002326E-03	8.342153E+01
3.46375000000E+05	4.891770E-03	8.496463E+01
3.48243750000E+05	4.927859E-03	8.347426E+01
3.50112500000E+05	5.074539E-03	8.536057E+01
3.51981250000E+05	5.038743E-03	8.592727E+01
3.53850000000E+05	4.921064E-03	8.749416E+01
3.55718750000E+05	4.994073E-03	8.756550E+01
3.57587500000E+05	5.149632E-03	8.574326E+01
3.59456250000E+05	5.045808E-03	8.529915E+01
3.61325000000E+05	5.085572E-03	8.443575E+01
3.63193750000E+05	5.343450E-03	8.639980E+01
3.65062500000E+05	5.217017E-03	8.699194E+01
3.66931250000E+05	5.379561E-03	8.675936E+01
3.68800000000E+05	5.395523E-03	8.485979E+01
3.70668750000E+05	5.034588E-03	8.690631E+01
3.72537500000E+05	5.289888E-03	8.532966E+01
3.74406250000E+05	5.464565E-03	8.730293E+01
3.76275000000E+05	5.357141E-03	8.625923E+01
3.78143750000E+05	5.166783E-03	8.810659E+01
3.80012500000E+05	5.341819E-03	8.617003E+01
3.81881250000E+05	5.350772E-03	8.703436E+01
3.83750000000E+05	5.523122E-03	8.722347E+01
3.85618750000E+05	5.467461E-03	8.725305E+01
3.87487500000E+05	5.391674E-03	8.685559E+01
3.89356250000E+05	5.523745E-03	8.537528E+01
3.91225000000E+05	5.617834E-03	8.617903E+01
3.93093750000E+05	5.590606E-03	8.745777E+01
3.94962500000E+05	5.773792E-03	8.448797E+01
3.96831250000E+05	5.732894E-03	8.832005E+01
3.98700000000E+05	5.759565E-03	8.855481E+01
4.00568750000E+05	5.697848E-03	8.495214E+01
4.02437500000E+05	5.515749E-03	8.390436E+01
4.04306250000E+05	5.789053E-03	8.492957E+01
4.06175000000E+05	5.579565E-03	8.542450E+01
4.08043750000E+05	5.644436E-03	8.579652E+01
4.09912500000E+05	5.948832E-03	8.718428E+01
4.11781250000E+05	6.007496E-03	8.589799E+01
4.13650000000E+05	5.988777E-03	8.547044E+01
4.15518750000E+05	5.930762E-03	8.699851E+01
4.17387500000E+05	6.057719E-03	8.699075E+01
4.19256250000E+05	6.117700E-03	8.531688E+01
4.21125000000E+05	6.231487E-03	8.704054E+01
4.22993750000E+05	5.949130E-03	8.456483E+01
4.24862500000E+05	6.056979E-03	8.564770E+01
4.26731250000E+05	6.098649E-03	8.574711E+01
4.28600000000E+05	6.136470E-03	8.588739E+01
4.30468750000E+05	6.237415E-03	8.617187E+01
4.32337500000E+05	6.157039E-03	8.630003E+01
4.34206250000E+05	6.301423E-03	8.528226E+01
4.36075000000E+05	6.364495E-03	8.532594E+01
4.37943750000E+05	6.295025E-03	8.544144E+01
4.39812500000E+05	6.330717E-03	8.643622E+01
4.41681250000E+05	6.380953E-03	8.652180E+01
4.43550000000E+05	6.310194E-03	8.771373E+01
4.45418750000E+05	6.481064E-03	8.373392E+01
4.47287500000E+05	6.569369E-03	8.505158E+01
4.49156250000E+05	6.306333E-03	8.397542E+01
4.51025000000E+05	6.618001E-03	8.621809E+01
4.52893750000E+05	6.407731E-03	8.475914E+01
4.54762500000E+05	6.612318E-03	8.724154E+01
4.56631250000E+05	6.564085E-03	8.520031E+01
4.58500000000E+05	6.603928E-03	8.704034E+01
4.60368750000E+05	6.478571E-03	8.412108E+01
4.62237500000E+05	6.641097E-03	8.473080E+01
4.64106250000E+05	6.646827E-03	8.523283E+01
4.65975000000E+05	6.483603E-03	8.613146E+01
4.67843750000E+05	6.787649E-03	8.546553E+01
4.69712500000E+05	6.884104E-03	8.450224E+01
4.71581250000E+05	6.647118E-03	8.491628E+01
4.73450000000E+05	6.737601E-03	8.688318E+01
4.75318750000E+05	6.767988E-03	8.557185E+01
4.77187500000E+05	6.753858E-03	8.443728E+01
4.79056250000E+05	7.039576E-03	8.657536E+01
4.80925000000E+05	7.090731E-03	8.502354E+01
4.82793750000E+05	6.900624E-03	8.679647E+01
4.84662500000E+05	7.198163E-03	8.514990E+01
4.86531250000E+05	7.132361E-03	8.397314E+01
4.88400000000E+05	7.164033E-03	8.593252E+01
4.90268750000E+05	6.968829E-03	8.531005E+01
4.92137500000E+05	7.113455E-03	8.532888E+01
4.94006250000E+05	7.144093E-03	8.368678E+01
4.95875000000E+05	7.287792E-03	8.524360E+01
4.97743750000E+05	7.251999E-03	8.513412E+01
4.99612500000E+05	7.167669E-03	8.682464E+01
5.01481250000E+05	7.309321E-03	8.395536E+01
5.03350000000E+05	7.293547E-03	8.357085E+01
5.05218750000E+05	7.360005E-03	8.545133E+01
5.07087500000E+05	7.323610E-03	8.506397E+01
5.08956250000E+05	7.308770E-03	8.523016E+01
5.10825000000E+05	7.346492E-03	8.329684E+01
5.12693750000E+05	7.372805E-03	8.361292E+01
5.14562500000E+05	7.411500E-03	8.552496E+01
5.16431250000E+05	7.294620E-03	8.472634E+01
5.18300000000E+05	7.457932E-03	8.458767E+01
5.20168750000E+05	7.564879E-03	8.587349E+01
5.22037500000E+05	7.577414E-03	8.447414E+01
5.23906250000E+05	7.403213E-03	8.327768E+01
5.25775000000E+05	7.607316E-03	8.445719E+01
5.27643750000E+05	7.639708E-03	8.621486E+01
5.29512500000E+05	7.770639E-03	8.630645E+01
5.31381250000E+05	7.548123E-03	8.566128E+01
5.33250000000E+05	7.828191E-03	8.416179E+01
5.35118750000E+05	7.638150E-03	8.583652E+01
5.36987500000E+05	7.855371E-03	8.601450E+01
5.38856250000E+05	7.833137E-03	8.521894E+01
5.40725000000E+05	7.774383E-03	8.439924E+01
5.42593750000E+05	7.807900E-03	8.538636E+01
5.44462500000E+05	7.900375E-03	8.461787E+01
5.46331250000E+05	7.717388E-03	8.427805E+01
5.48200000000E+05	7.797105E-03	8.468301E+01
5.50068750000E+05	7.873141E-03	8.495543E+01
5.51937500000E+05	7.983863E-03	8.292422E+01
5.53806250000E+05	7.868346E-03	8.487965E+01
5.55675000000E+05	7.959664E-03	8.375724E+01
5.57543750000E+05	8.033176E-03	8.477573E+01
5.59412500000E+05	8.077212E-03	8.502815E+01
5.61281250000E+05	8.023542E-03	8.434055E+01
5.63150000000E+05	8.085292E-03	8.457359E+01
5.65018750000E+05	8.054305E-03	8.411769E+01
5.66887500000E+05	8.337408E-03	8.452322E+01
5.68756250000E+05	8.243668E-03	8.392015E+01
5.70625000000E+05	8.214690E-03	8.543527E+01
5.72493750000E+05	8.385665E-03	8.549332E+01
5.74362500000E+05	8.251553E-03	8.383953E+01
5.76231250000E+05	8.411306E-03	8.428526E+01
5.78100000000E+05	8.275979E-03	8.372523E+01
5.79968750000E+05	8.450449E-03	8.333222E+01
5.81837500000E+05	8.387942E-03	8.450379E+01
5.83706250000E+05	8.594355E-03	8.399918E+01
5.85575000000E+05	8.429602E-03	8.499334E+01
5.87443750000E+05	8.721801E-03	8.417359E+01
5.89312500000E+05	8.504230E-03	8.506247E+01
5.91181250000E+05	8.350121E-03	8.303715E+01
5.93050000000E+05	8.452838E-03	8.420219E+01
5.94918750000E+05	8.514585E-03	8.442966E+01
5.96787500000E+05	8.519452E-03	8.346873E+01
5.98656250000E+05	8.519359E-03	8.386870E+01
6.00525000000E+05	8.776858E-03	8.502338E+01
6.02393750000E+05	8.611256E-03	8.399680E+01
6.04262500000E+05	8.739178E-03	8.460979E+01
6.06131250000E+05	8.721769E-03	8.353210E+01
6.08000000000E+05	9.032337E-03	8.374302E+01
6.09868750000E+05	8.826485E-03	8.251122E+01
6.11737500000E+05	8.920068E-03	8.420120E+01
6.13606250000E+05	8.859098E-03	8.277058E+01
6.15475000000E+05	8.953209E-03	8.432078E+01
6.17343750000E+05	8.828005E-03	8.297092E+01
6.19212500000E+05	8.932318E-03	8.389436E+01
6.21081250000E+05	9.145021E-03	8.313065E+01
6.22950000000E+05	9.040487E-03	8.383721E+01
6.24818750000E+05	8.942549E-03	8.351319E+01
6.26687500000E+05	8.950761E-03	8.409461E+01
6.28556250000E+05	9.155686E-03	8.374346E+01
6.30425000000E+05	9.059961E-03	8.504984E+01
6.32293750000E+05	9.323273E-03	8.292276E+01
6.34162500000E+05	9.419800E-03	8.445032E+01
6.36031250000E+05	9.287341E-03	8.316302E+01
6.37900000000E+05	9.254316E-03	8.272270E+01
6.39768750000E+05	9.192167E-03	8.286890E+01
6.41637500000E+05	9.210809E-03	8.396832E+01
6.43506250000E+05	9.299166E-03	8.298126E+01
6.45375000000E+05	9.347265E-03	8.336567E+01
6.47243750000E+05	9.377798E-03	8.330780E+01
6.49112500000E+05	9.266067E-03	8.353578E+01
6.50981250000E+05	9.506482E-03	8.305314E+01
6.52850000000E+05	9.402902E-03	8.261356E+01
6.54718750000E+05	9.250459E-03	8.273234E+01
6.56587500000E+05	9.504166E-03	8.494025E+01
6.58456250000E+05	9.401176E-03	8.267111E+01
6.60325000000E+05	9.443065E-03	8.286269E+01
6.62193750000E+05	9.544807E-03	8.404140E+01
6.64062500000E+05	9.622570E-03	8.367205E+01
6.65931250000E+05	9.760059E-03	8.389365E+01
6.67800000000E+05	9.877620E-03	8.233678E+01
6.69668750000E+05	9.972948E-03	8.318980E+01
6.71537500000E+05	9.731765E-03	8.450032E+01
6.73406250000E+05	9.857743E-03	8.321658E+01
6.75275000000E+05	9.407920E-03	8.497169E+01
6.77143750000E+05	9.602414E-03	8.345620E+01
6.79012500000E+05	9.996003E-03	8.362488E+01
6.80881250000E+05	9.967816E-03	8.287333E+01
6.82750000000E+05	9.788345E-03	8.394093E+01
6.84618750000E+05	1.010333E-02	8.255465E+01
6.86487500000E+05	9.980518E-03	8.228555E+01
6.88356250000E+05	9.859776E-03	8.324399E+01
6.90225000000E+05	9.912824E-03	8.158298E+01
6.92093750000E+05	9.853910E-03	8.335719E+01
6.93962500000E+05	1.010218E-02	8.149232E+01
6.95831250000E+05	9.913532E-03	8.347015E+01
6.97700000000E+05	1.009853E-02	8.279534E+01
6.99568750000E+05	9.863113E-03	8.214071E+01
7.01437500000E+05	1.011760E-02	8.282290E+01
7.03306250000E+05	1.026397E-02	8.385999E+01
7.05175000000E+05	1.000062E-02	8.228896E+01
7.07043750000E+05	1.025231E-02	8.269768E+01
7.08912500000E+05	1.036735E-02	8.412042E+01
7.10781250000E+05	1.032260E-02	8.235377E+01
7.12650000000E+05	1.006128E-02	8.344933E+01
7.14518750000E+05	1.036281E-02	8.201066E+01
7.16387500000E+05	1.031090E-02	8.296713E+01
7.18256250000E+05	1.044059E-02	8.221429E+01
7.20125000000E+05	1.038102E-02	8.260387E+01
7.21993750000E+05	1.039718E-02	8.324938E+01
7.23862500000E+05	1.052008E-02	8.308390E+01
7.25731250000E+05	1.064803E-02	8.262519E+01
7.27600000000E+05	1.066419E-02	8.330827E+01
7.29468750000E+05	1.039310E-02	8.253954E+01
7.31337500000E+05	1.070913E-02	8.264530E+01
7.33206250000E+05	1.044225E-02	8.295309E+01
7.35075000000E+05	1.073230E-02	8.241216E+01
7.36943750000E+05	1.071556E-02	8.227246E+01
7.38812500000E+05	1.060200E-02	8.280354E+01
7.40681250000E+05	1.056602E-02	8.212863E+01
7.42550000000E+05	1.052587E-02	8.254131E+01
7.44418750000E+05	1.069543E-02	8.229026E+01
7.46287500000E+05	1.109483E-02	8.284691E+01
7.48156250000E+05	1.074922E-02	8.267399E+01
7.50025000000E+05	1.075781E-02	8.164241E+01
7.51893750000E+05	1.077263E-02	8.325597E+01
7.53762500000E+05	1.079225E-02	8.342406E+01
7.55631250000E+05	1.097250E-02	8.193805E+01
7.57500000000E+05	1.077790E-02	8.201385E+01
7.59368750000E+05	1.106073E-02	8.261279E+01
7.61237500000E+05	1.101878E-02	8.285020E+01
7.63106250000E+05	1.088790E-02	8.255547E+01
7.64975000000E+05	1.103743E-02	8.304432E+01
7.66843750000E+05	1.097604E-02	8.212223E+01
7.68712500000E+05	1.095822E-02	8.181388E+01
7.70581250000E+05	1.125466E-02	8.280010E+01
7.72450000000E+05	1.102062E-02	8.136533E+01
7.74318750000E+05	1.096954E-02	8.150188E+01
7.76187500000E+05	1.092164E-02	8.246084E+01
7.78056250000E+05	1.096599E-02	8.165266E+01
7.79925000000E+05	1.101951E-02	8.257585E+01
7.81793750000E+05	1.136387E-02	8.300076E+01
7.83662500000E+05	1.124562E-02	8.246375E+01
7.85531250000E+05	1.123717E-02	8.173877E+01
7.87400000000E+05	1.125809E-02	8.173309E+01
7.89268750000E+05	1.177593E-02	8.227238E+01
7.91137500000E+05	1.159559E-02	8.278583E+01
7.93006250000E+05	1.147431E-02	8.244994E+01
7.94875000000E+05	1.128461E-02	8.237067E+01
7.96743750000E+05	1.145763E-02	8.101003E+01
7.98612500000E+05	1.146811E-02	8.148734E+01
8.00481250000E+05	1.140403E-02	8.114245E+01
8.02350000000E+05	1.134062E-02	8.078953E+01
8.04218750000E+05	1.165042E-02	8.153500E+01
8.06087500000E+05	1.153826E-02	8.185632E+01
8.07956250000E+05	1.162137E-02	8.154896E+01
8.09825000000E+05	1.172819E-02	8.070178E+01
8.11693750000E+05	1.196356E-02	8.178426E+01
8.13562500000E+05	1.190620E-02	8.118240E+01
8.15431250000E+05	1.189067E-02	8.078558E+01
8.17300000000E+05	1.192997E-02	8.248901E+01
8.19168750000E+05	1.191443E-02	8.173769E+01
8.21037500000E+05	1.197153E-02	8.113280E+01
8.22906250000E+05	1.196161E-02	8.197105E+01
8.24775000000E+05	1.216939E-02	8.098901E+01
8.26643750000E+05	1.202624E-02	8.205691E+01
8.28512500000E+05	1.192041E-02	8.146090E+01
8.30381250000E+05	1.207770E-02	8.146568E+01
8.32250000000E+05	1.207582E-02	8.149271E+01
8.34118750000E+05	1.212112E-02	8.096184E+01
8.35987500000E+05	1.209150E-02	8.176083E+01
8.37856250000E+05	1.221462E-02	8.133784E+01
8.39725000000E+05	1.177609E-02	8.117561E+01
8.41593750000E+05	1.231929E-02	8.093769E+01
8.43462500000E+05	1.215577E-02	8.019923E+01
8.45331250000E+05	1.202512E-02	8.067275E+01
8.47200000000E+05	1.229207E-02	8.140076E+01
8.49068750000E+05	1.229756E-02	8.159171E+01
8.50937500000E+05	1.230033E-02	8.115052E+01
8.52806250000E+05	1.240275E-02	8.057018E+01
8.54675000000E+05	1.222149E-02	8.110113E+01
8.56543750000E+05	1.243450E-02	8.100584E+01
8.58412500000E+05	1.215616E-02	8.272402E+01
8.60281250000E+05	1.238265E-02	8.082133E+01
8.62150000000E+05	1.234875E-02	8.077300E+01
8.64018750000E+05	1.256437E-02	8.134596E+01
8.65887500000E+05	1.238945E-02	8.264124E+01
8.67756250000E+05	1.248779E-02	8.216326E+01
8.69625000000E+05	1.266135E-02	8.150505E+01
8.71493750000E+05	1.263839E-02	8.095847E+01
8.73362500000E+05	1.271238E-02	8.157763E+01
8.75231250000E+05	1.261704E-02	8.158801E+01
8.77100000000E+05	1.284466E-02	8.051631E+01
8.78968750000E+05	1.253465E-02	8.036331E+01
8.80837500000E+05	1.259286E-02	7.905070E+01
8.82706250000E+05	1.298088E-02	8.081321E+01
8.84575000000E+05	1.298185E-02	8.108736E+01
8.86443750000E+05	1.273356E-02	8.039235E+01
8.88312500000E+05	1.306478E-02	8.162646E+01
8.90181250000E+05	1.295490E-02	8.116338E+01
8.92050000000E+05	1.296092E-02	8.001482E+01
8.93918750000E+05	1.290431E-02	8.212077E+01
8.95787500000E+05	1.282480E-02	8.138240E+01
8.97656250000E+05	1.290388E-02	8.026274E+01
8.99525000000E+05	1.308068E-02	8.120854E+01
9.01393750000E+05	1.283103E-02	8.049950E+01
9.03262500000E+05	1.298882E-02	8.104259E+01
9.05131250000E+05	1.342415E-02	8.208169E+01
9.07000000000E+05	1.309015E-02	8.161476E+01
9.08868750000E+05	1.319390E-02	7.942556E+01
9.10737500000E+05	1.310897E-02	7.993362E+01
9.12606250000E+05	1.291977E-02	8.111092E+01
9.14475000000E+05	1.327256E-02	8.024715E+01
9.16343750000E+05	1.314441E-02	8.151624E+01
9.18212500000E+05	1.313930E-02	8.044326E+01
9.20081250000E+05	1.313971E-02	7.923363E+01
9.21950000000E+05	1.316945E-02	8.092078E+01
9.23818750000E+05	1.345400E-02	8.103125E+01
9.25687500000E+05	1.331987E-02	8.203657E+01
9.27556250000E+05	1.358085E-02	8.015294E+01
9.29425000000E+05	1.379377E-02	8.057677E+01
9.31293750000E+05	1.332172E-02	8.033369E+01
9.33162500000E+05	1.373532E-02	8.006562E+01
9.35031250000E+05	1.350745E-02	7.952426E+01
9.36900000000E+05	1.376890E-02	8.009506E+01
9.38768750000E+05	1.355868E-02	8.059634E+01
9.40637500000E+05	1.363566E-02	8.090481E+01
9.42506250000E+05	1.367858E-02	7.921976E+01
9.44375000000E+05	1.376276E-02	8.129707E+01
9.46243750000E+05	1.374417E-02	8.091109E+01
9.48112500000E+05	1.395901E-02	8.045217E+01
9.49981250000E+05	1.378021E-02	8.065265E+01
9.51850000000E+05	1.384091E-02	7.995231E+01
9.53718750000E+05	1.397960E-02	8.055400E+01
9.55587500000E+05	1.371850E-02	8.084576E+01
9.57456250000E+05	1.407146E-02	7.975794E+01
9.59325000000E+05	1.371792E-02	8.003879E+01
9.61193750000E+05	1.405371E-02	8.020961E+01
9.63062500000E+05	1.375975E-02	8.020946E+01
9.64931250000E+05	1.415438E-02	8.028719E+01
9.66800000000E+05	1.408907E-02	7.998612E+01
9.68668750000E+05	1.408668E-02	8.045125E+01
9.70537500000E+05	1.396846E-02	7.975620E+01
9.72406250000E+05	1.423958E-02	7.975839E+01
9.74275000000E+05	1.421385E-02	8.116114E+01
9.76143750000E+05	1.409062E-02	8.099677E+01
9.78012500000E+05	1.375121E-02	8.030001E+01
9.79881250000E+05	1.441089E-02	7.959834E+01
9.81750000000E+05	1.428555E-02	8.007438E+01
9.83618750000E+05	1.427091E-02	7.937595E+01
9.85487500000E+05	1.440232E-02	7.962376E+01
9.87356250000E+05	1.415772E-02	7.997694E+01
9.89225000000E+05	1.425159E-02	7.902763E+01
9.91093750000E+05	1.432368E-02	7.989576E+01
9.92962500000E+05	1.431760E-02	7.976099E+01
9.94831250000E+05	1.434361E-02	7.963227E+01
9.96700000000E+05	1.458636E-02	8.005038E+01
9.98568750000E+05	1.454076E-02	7.977983E+01
1.00043750000E+06	1.430840E-02	7.921257E+01
1.00230625000E+06	1.463667E-02	7.972492E+01
1.00417500000E+06	1.441674E-02	8.033372E+01
1.00604375000E+06	1.440099E-02	7.949313E+01
1.00791250000E+06	1.455557E-02	7.983550E+01
1.00978125000E+06	1.458968E-02	8.050593E+01
1.01165000000E+06	1.496906E-02	7.988892E+01
1.01351875000E+06	1.440358E-02	7.904303E+01
1.01538750000E+06	1.488391E-02	8.043240E+01
1.01725625000E+06	1.456145E-02	8.072676E+01
1.01912500000E+06	1.477510E-02	7.991394E+01
1.02099375000E+06	1.499841E-02	7.866933E+01
1.02286250000E+06	1.473707E-02	8.046648E+01
1.02473125000E+06	1.469618E-02	7.881561E+01
1.02660000000E+06	1.509928E-02	7.855719E+01
1.02846875000E+06	1.496897E-02	7.881742E+01
1.03033750000E+06	1.493953E-02	7.920249E+01
1.03220625000E+06	1.509639E-02	7.980301E+01
1.03407500000E+06	1.514463E-02	8.009489E+01
1.03594375000E+06	1.524875E-02	7.951128E+01
1.03781250000E+06	1.508891E-02	7.934969E+01
1.03968125000E+06	1.512421E-02	7.930873E+01
1.04155000000E+06	1.518675E-02	7.939564E+01
1.04341875000E+06	1.515910E-02	7.911124E+01
1.04528750000E+06	1.493528E-02	7.844083E+01
1.04715625000E+06	1.527093E-02	7.934396E+01
1.04902500000E+06	1.507285E-02	7.958051E+01
1.05089375000E+06	1.563860E-02	8.019469E+01
1.05276250000E+06	1.516499E-02	7.955121E+01
1.05463125000E+06	1.533065E-02	7.910101E+01
1.05650000000E+06	1.542314E-02	7.845189E+01
1.05836875000E+06	1.549199E-02	7.921140E+01
1.06023750000E+06	1.528161E-02	7.933171E+01
1.06210625000E+06	1.526405E-02	7.889896E+01
1.06397500000E+06	1.551567E-02	7.871571E+01
1.06584375000E+06	1.546603E-02	7.903339E+01
1.06771250000E+06	1.553617E-02	8.077087E+01
1.06958125000E+06	1.557689E-02	7.822878E+01
1.07145000000E+06	1.554729E-02	7.857693E+01
1.07331875000E+06	1.549127E-02	7.804547E+01
1.07518750000E+06	1.559410E-02	7.866826E+01
1.07705625000E+06	1.567874E-02	7.909968E+01
1.07892500000E+06	1.542882E-02	7.897950E+01
1.08079375000E+06	1.560849E-02	7.906127E+01
1.08266250000E+06	1.547710E-02	8.005133E+01
1.08453125000E+06	1.564796E-02	7.932014E+01
1.08640000000E+06	1.587091E-02	7.877809E+01
1.08826875000E+06	1.582672E-02	7.980369E+01
1.09013750000E+06	1.574360E-02	7.903384E+01
1.09200625000E+06	1.595467E-02	7.924314E+01
1.09387500000E+06	1.585368E-02	7.959885E+01
1.09574375000E+06	1.579402E-02	7.916106E+01
1.09761250000E+06	1.603667E-02	7.877858E+01
1.09948125000E+06	1.589179E-02	7.894197E+01
1.10135000000E+06	1.616326E-02	7.939637E+01
1.10321875000E+06	1.604340E-02	7.865099E+01
1.10508750000E+06	1.622131E-02	7.870457E+01
1.10695625000E+06	1.600440E-02	7.867440E+01
1.10882500000E+06	1.604281E-02	7.854462E+01
1.11069375000E+06	1.630835E-02	7.830337E+01
1.11256250000E+06	1.604660E-02	7.915759E+01
1.11443125000E+06	1.624829E-02	7.725606E+01
1.11630000000E+06	1.631716E-02	7.799883E+01
1.11816875000E+06	1.621351E-02	7.903554E+01
1.12003750000E+06	1.628234E-02	7.903797E+01
1.12190625000E+06	1.627287E-02	7.842905E+01
1.12377500000E+06	1.636093E-02	7.814369E+01
1.12564375000E+06	1.623471E-02	7.863861E+01
1.12751250000E+06	1.639127E-02	7.862691E+01
1.12938125000E+06	1.643567E-02	7.870411E+01
1.13125000000E+06	1.641481E-02	7.892443E+01
1.13311875000E+06	1.639879E-02	7.872836E+01
1.13498750000E+06	1.625576E-02	7.893270E+01
1.13685625000E+06	1.643945E-02	7.838894E+01
1.13872500000E+06	1.644631E-02	7.862880E+01
1.14059375000E+06	1.656553E-02	7.742222E+01
1.14246250000E+06	1.651082E-02	7.812450E+01
1.14433125000E+06	1.658915E-02	7.857565E+01
1.14620000000E+06	1.682787E-02	7.895425E+01
1.14806875000E+06	1.665059E-02	7.806092E+01
1.14993750000E+06	1.666005E-02	7.880478E+01
1.15180625000E+06	1.644358E-02	7.830794E+01
1.15367500000E+06	1.640362E-02	7.824347E+01
1.15554375000E+06	1.669461E-02	7.838956E+01
1.15741250000E+06	1.669266E-02	7.897723E+01
1.15928125000E+06	1.679717E-02	7.735167E+01
1.16115000000E+06	1.687750E-02	7.799633E+01
1.16301875000E+06	1.692574E-02	7.773411E+01
1.16488750000E+06	1.679235E-02	7.911137E+01
1.16675625000E+06	1.707674E-02	7.861407E+01
1.16862500000E+06	1.686387E-02	7.854589E+01
1.17049375000E+06	1.705760E-02	7.892854E+01
1.17236250000E+06	1.701038E-02	7.848473E+01
1.17423125000E+06	1.678009E-02	7.851408E+01
1.17610000000E+06	1.714072E-02	7.827802E+01
1.17796875000E+06	1.728515E-02	7.824892E+01
1.17983750000E+06	1.698864E-02	7.757652E+01
1.18170625000E+06	1.705814E-02	7.771217E+01
1.18357500000E+06	1.729342E-02	7.823707E+01
1.18544375000E+06	1.733137E-02	7.763140E+01
1.18731250000E+06	1.718355E-02	7.755738E+01
1.18918125000E+06	1.724629E-02	7.822492E+01
1.19105000000E+06	1.720505E-02	7.845504E+01
1.19291875000E+06	1.728446E-02	7.781670E+01
1.19478750000E+06	1.759849E-02	7.707054E+01
1.19665625000E+06	1.733705E-02	7.664523E+01
1.19852500000E+06	1.724464E-02	7.743037E+01
1.20039375000E+06	1.719490E-02	7.703647E+01
1.20226250000E+06	1.752178E-02	7.840155E+01
1.20413125000E+06	1.726985E-02	7.764251E+01
1.20600000000E+06	1.722207E-02	7.879179E+01
1.20786875000E+06	1.729648E-02	7.744907E+01
1.20973750000E+06	1.739478E-02	7.853838E+01
1.21160625000E+06	1.731239E-02	7.733365E+01
1.21347500000E+06	1.755355E-02	7.791927E+01
1.21534375000E+06	1.734152E-02	7.671252E+01
1.21721250000E+06	1.761173E-02	7.761771E+01
1.21908125000E+06	1.749902E-02	7.697131E+01
1.22095000000E+06	1.778220E-02	7.764419E+01
1.22281875000E+06	1.761699E-02	7.784397E+01
1.22468750000E+06	1.791482E-02	7.758195E+01
1.22655625000E+06	1.796931E-02	7.786719E+01
1.22842500000E+06	1.783023E-02	7.677686E+01
1.23029375000E+06	1.780009E-02	7.693845E+01
1.23216250000E+06	1.797432E-02	7.729810E+01
1.23403125000E+06	1.789803E-02	7.742346E+01
1.23590000000E+06	1.808379E-02	7.717146E+01
1.23776875000E+06	1.796543E-02	7.779806E+01
1.23963750000E+06	1.793036E-02	7.735195E+01
1.24150625000E+06	1.806170E-02	7.700382E+01
1.24337500000E+06	1.818673E-02	7.699974E+01
1.24524375000E+06	1.806884E-02	7.779711E+01
1.24711250000E+06	1.819366E-02	7.740119E+01
1.24898125000E+06	1.809727E-02	7.744366E+01
1.25085000000E+06	1.824079E-02	7.674234E+01
1.25271875000E+06	1.817896E-02	7.701321E+01
1.25458750000E+06	1.819838E-02	7.747489E+01
1.25645625000E+06	1.836905E-02	7.709624E+01
1.25832500000E+06	1.803643E-02	7.682249E+01
1.26019375000E+06	1.829064E-02	7.661318E+01
1.26206250000E+06	1.839692E-02	7.697595E+01
1.26393125000E+06	1.825442E-02	7.660922E+01
1.26580000000E+06	1.842238E-02	7.656644E+01
1.26766875000E+06	1.841100E-02	7.721429E+01
1.26953750000E+06	1.852054E-02	7.708929E+01
1.27140625000E+06	1.866542E-02	7.699192E+01
1.27327500000E+06	1.794204E-02	7.607931E+01
1.27514375000E+06	1.865475E-02	7.686468E+01
1.27701250000E+06	1.859409E-02	7.642986E+01
1.27888125000E+06	1.883956E-02	7.757865E+01
1.28075000000E+06	1.819782E-02	7.715242E+01
1.28261875000E+06	1.854064E-02	7.737546E+01
1.28448750000E+06	1.855736E-02	7.757368E+01
1.28635625000E+06	1.892776E-02	7.676421E+01
1.28822500000E+06	1.885399E-02	7.632177E+01
1.29009375000E+06	1.882440E-02	7.711979E+01
1.29196250000E+06	1.878459E-02	7.580112E+01
1.29383125000E+06	1.879855E-02	7.598464E+01
1.29570000000E+06	1.917468E-02	7.707459E+01
1.29756875000E+06	1.900987E-02	7.723679E+01
1.29943750000E+06	1.865147E-02	7.682954E+01
1.30130625000E+06	1.875931E-02	7.730624E+01
1.30317500000E+06	1.880786E-02	7.675830E+01
1.30504375000E+06	1.881126E-02	7.668087E+01
1.30691250000E+06	1.893318E-02	7.649619E+01
1.30878125000E+06	1.910930E-02	7.633302E+01
1.31065000000E+06	1.915709E-02	7.609605E+01
1.31251875000E+06	1.891844E-02	7.674129E+01
1.31438750000E+06	1.886241E-02	7.748065E+01
1.31625625000E+06	1.923775E-02	7.642003E+01
1.31812500000E+06	1.905930E-02	7.673342E+01
1.31999375000E+06	1.915741E-02	7.729484E+01
1.32186250000E+06	1.920190E-02	7.657653E+01
1.32373125000E+06	1.902537E-02	7.588929E+01
1.32560000000E+06	1.945900E-02	7.668120E+01
1.32746875000E+06	1.892586E-02	7.655837E+01
1.32933750000E+06	1.906381E-02	7.644953E+01
1.33120625000E+06	1.927106E-02	7.636156E+01
1.33307500000E+06	1.923822E-02	7.644882E+01
1.33494375000E+06	1.952972E-02	7.664910E+01
1.33681250000E+06	1.957691E-02	7.635518E+01
1.33868125000E+06	1.918145E-02	7.669424E+01
1.34055000000E+06	1.974026E-02	7.706658E+01
1.34241875000E+06	1.954451E-02	7.624432E+01
1.34428750000E+06	1.944772E-02	7.608338E+01
1.34615625000E+06	1.952074E-02	7.640631E+01
1.34802500000E+06	1.951784E-02	7.548115E+01
1.34989375000E+06	1.972810E-02	7.661704E+01
1.35176250000E+06	1.972881E-02	7.573745E+01
1.35363125000E+06	1.953481E-02	7.615028E+01
1.35550000000E+06	1.960480E-02	7.621718E+01
1.35736875000E+06	1.948329E-02	7.682262E+01
1.35923750000E+06	1.986384E-02	7.676723E+01
1.36110625000E+06	1.970979E-02	7.696076E+01
1.36297500000E+06	1.969089E-02	7.632046E+01
1.36484375000E+06	1.958810E-02	7.720843E+01
1.36671250000E+06	2.003891E-02	7.521465E+01
1.36858125000E+06	1.994931E-02	7.607974E+01
1.37045000000E+06	2.018957E-02	7.549964E+01
1.37231875000E+06	1.999820E-02	7.504716E+01
1.37418750000E+06	1.983100E-02	7.572829E+01
1.37605625000E+06	1.995169E-02	7.689181E+01
1.37792500000E+06	2.036416E-02	7.578976E+01
1.37979375000E+06	1.970287E-02	7.566348E+01
1.38166250000E+06	2.022116E-02	7.585808E+01
1.38353125000E+06	2.018012E-02	7.694116E+01
1.38540000000E+06	1.979225E-02	7.536353E+01
1.38726875000E+06	2.036050E-02	7.517831E+01
1.38913750000E+06	2.029875E-02	7.597802E+01
1.39100625000E+06	2.007992E-02	7.552370E+01
1.39287500000E+06	1.987823E-02	7.570651E+01
1.39474375000E+06	2.007205E-02	7.503086E+01
1.39661250000E+06	1.991399E-02	7.528621E+01
1.39848125000E+06	2.013998E-02	7.583542E+01
1.40035000000E+06	2.042684E-02	7.563933E+01
1.40221875000E+06	2.033072E-02	7.555959E+01
1.40408750000E+06	2.005614E-02	7.528629E+01
1.40595625000E+06	2.057381E-02	7.559721E+01
1.40782500000E+06	2.023665E-02	7.555319E+01
1.40969375000E+06	2.025039E-02	7.644818E+01
1.41156250000E+06	2.040865E-02	7.586384E+01
1.41343125000E+06	2.067606E-02	7.652248E+01
1.41530000000E+06	2.057045E-02	7.491183E+01
1.41716875000E+06	2.064077E-02	7.565755E+01
1.41903750000E+06	2.047958E-02	7.514292E+01
1.42090625000E+06	2.055305E-02	7.648389E+01
1.42277500000E+06	2.075821E-02	7.498695E+01
1.42464375000E+06	2.065304E-02	7.553374E+01
1.42651250000E+06	2.091276E-02	7.617458E+01
1.42838125000E+06	2.053494E-02	7.500603E+01
1.43025000000E+06	2.087986E-02	7.495040E+01
1.43211875000E+06	2.077670E-02	7.507546E+01
1.43398750000E+06	2.076306E-02	7.531734E+01
1.43585625000E+06	2.090423E-02	7.499966E+01
1.43772500000E+06	2.076005E-02	7.540494E+01
1.43959375000E+06	2.093107E-02	7.525698E+01
1.44146250000E+06	2.075338E-02	7.568428E+01
1.44333125000E+06	2.110000E-02	7.570504E+01
1.44520000000E+06	2.100541E-02	7.500636E+01
1.44706875000E+06	2.088567E-02	7.522796E+01
1.44893750000E+06	2.090445E-02	7.506499E+01
1.45080625000E+06	2.112467E-02	7.502139E+01
1.45267500000E+06	2.135064E-02	7.476759E+01
1.45454375000E+06	2.105585E-02	7.529430E+01
1.45641250000E+06	2.113565E-02	7.568551E+01
1.45828125000E+06	2.125043E-02	7.518945E+01
1.46015000000E+06	2.119399E-02	7.512153E+01
1.46201875000E+06	2.114837E-02	7.497639E+01
1.46388750000E+06	2.133223E-02	7.519252E+01
1.46575625000E+06	2.157911E-02	7.627237E+01
1.46762500000E+06	2.133751E-02	7.504292E+01
1.46949375000E+06	2.161282E-02	7.480955E+01
1.47136250000E+06	2.130333E-02	7.566952E+01
1.47323125000E+06	2.178729E-02	7.600362E+01
1.47510000000E+06	2.132887E-02	7.497252E+01
1.47696875000E+06	2.125372E-02	7.480826E+01
1.47883750000E+06	2.133954E-02	7.483684E+01
1.48070625000E+06	2.158113E-02	7.552960E+01
1.48257500000E+06	2.176824E-02	7.531414E+01
1.48444375000E+06	2.162427E-02	7.502607E+01
1.48631250000E+06	2.180560E-02	7.458868E+01
1.48818125000E+06	2.137158E-02	7.503806E+01
1.49005000000E+06	2.176040E-02	7.501461E+01
1.49191875000E+06	2.180394E-02	7.469827E+01
1.49378750000E+06	2.181772E-02	7.432138E+01
1.49565625000E+06	2.195276E-02	7.468806E+01
1.49752500000E+06	2.166144E-02	7.503642E+01
1.49939375000E+06	2.170714E-02	7.451765E+01
1.50126250000E+06	2.133641E-02	7.465237E+01
1.50313125000E+06	2.176966E-02	7.445133E+01
1.50500000000E+06	2.194402E-02	7.511439E+01
1.50686875000E+06	2.209981E-02	7.453055E+01
1.50873750000E+06	2.191610E-02	7.415028E+01
1.51060625000E+06	2.193042E-02	7.406749E+01
1.51247500000E+06	2.189850E-02	7.554383E+01
1.51434375000E+06	2.207073E-02	7.488843E+01
1.51621250000E+06	2.201057E-02	7.457011E+01
1.51808125000E+06	2.214321E-02	7.475074E+01
1.51995000000E+06	2.208321E-02	7.467927E+01
1.52181875000E+06	2.217530E-02	7.481652E+01
1.52368750000E+06	2.214611E-02	7.426427E+01
1.52555625000E+06	2.205432E-02	7.493422E+01
1.52742500000E+06	2.218576E-02	7.478432E+01
1.52929375000E+06	2.221280E-02	7.426519E+01
1.53116250000E+06	2.231584E-02	7.478172E+01
1.53303125000E+06	2.216532E-02	7.452267E+01
1.53490000000E+06	2.245506E-02	7.414546E+01
1.53676875000E+06	2.224919E-02	7.513570E+01
1.53863750000E+06	2.218279E-02	7.459682E+01
1.54050625000E+06	2.225326E-02	7.461933E+01
1.54237500000E+06	2.248581E-02	7.400499E+01
1.54424375000E+06	2.236087E-02	7.434148E+01
1.54611250000E+06	2.250830E-02	7.478606E+01
1.54798125000E+06	2.256538E-02	7.405276E+01
1.54985000000E+06	2.275017E-02	7.395135E+01
1.55171875000E+06	2.256787E-02	7.444810E+01
1.55358750000E+06	2.235716E-02	7.460992E+01
1.55545625000E+06	2.249935E-02	7.381591E+01
1.55732500000E+06	2.288286E-02	7.427106E+01
1.55919375000E+06	2.279047E-02	7.408633E+01
1.56106250000E+06	2.251646E-02	7.389617E+01
1.56293125000E+06	2.266681E-02	7.351259E+01
1.56480000000E+06	2.273448E-02	7.347204E+01
1.56666875000E+06	2.265917E-02	7.504912E+01
1.56853750000E+06	2.264465E-02	7.419112E+01
1.57040625000E+06	2.313801E-02	7.374152E+01
1.57227500000E+06	2.309213E-02	7.444619E+01
1.57414375000E+06	2.308559E-02	7.417561E+01
1.57601250000E+06	2.282709E-02	7.549019E+01
1.57788125000E+06	2.292616E-02	7.426328E+01
1.57975000000E+06	2.324939E-02	7.467346E+01
1.58161875000E+06	2.321362E-02	7.384348E+01
1.58348750000E+06	2.343583E-02	7.320226E+01
1.58535625000E+06	2.311259E-02	7.458435E+01
1.58722500000E+06	2.302387E-02	7.396618E+01
1.58909375000E+06	2.318995E-02	7.438855E+01
1.59096250000E+06	2.323124E-02	7.318830E+01
1.59283125000E+06	2.337343E-02	7.424778E+01
1.59470000000E+06	2.297913E-02	7.423903E+01
1.59656875000E+06	2.332231E-02	7.340287E+01
1.59843750000E+06	2.327904E-02	7.302412E+01
1.60030625000E+06	2.312243E-02	7.409503E+01
1.60217500000E+06	2.328608E-02	7.422436E+01
1.60404375000E+06	2.329877E-02	7.374535E+01
1.60591250000E+06	2.343355E-02	7.468147E+01
1.60778125000E+06	2.333910E-02	7.384262E+01
1.60965000000E+06	2.360547E-02	7.463737E+01
1.61151875000E+06	2.342647E-02	7.314948E+01
1.61338750000E+06	2.348607E-02	7.399255E+01
1.61525625000E+06	2.323185E-02	7.382251E+01
1.61712500000E+06	2.371869E-02	7.333652E+01
1.61899375000E+06	2.343750E-02	7.360262E+01
1.62086250000E+06	2.360743E-02	7.404219E+01
1.62273125000E+06	2.350031E-02	7.414152E+01
1.62460000000E+06	2.350193E-02	7.349802E+01
1.62646875000E+06	2.373907E-02	7.425990E+01
1.62833750000E+06	2.363013E-02	7.352851E+01
1.63020625000E+06	2.381636E-02	7.400687E+01
1.63207500000E+06	2.388841E-02	7.310854E+01
1.63394375000E+06	2.370730E-02	7.404046E+01
1.63581250000E+06	2.405387E-02	7.367458E+01
1.63768125000E+06	2.385789E-02	7.330860E+01
1.63955000000E+06	2.412522E-02	7.418534E+01
1.64141875000E+06	2.382803E-02	7.369101E+01
1.64328750000E+06	2.400533E-02	7.405594E+01
1.64515625000E+06	2.403488E-02	7.389419E+01
1.64702500000E+06	2.412743E-02	7.353344E+01
1.64889375000E+06	2.429334E-02	7.350513E+01
1.65076250000E+06	2.413853E-02	7.330016E+01
1.65263125000E+06	2.399455E-02	7.347982E+01
1.65450000000E+06	2.386664E-02	7.362124E+01
1.65636875000E+06	2.405951E-02	7.375088E+01
1.65823750000E+06	2.419064E-02	7.369666E+01
1.66010625000E+06	2.448842E-02	7.328915E+01
1.66197500000E+06	2.434023E-02	7.321221E+01
1.66384375000E+06	2.424270E-02	7.368074E+01
1.66571250000E+06	2.434289E-02	7.319933E+01
1.66758125000E+06	2.425969E-02	7.295632E+01
1.66945000000E+06	2.411807E-02	7.371689E+01
1.67131875000E+06	2.408332E-02	7.307422E+01
1.67318750000E+06	2.442622E-02	7.342582E+01
1.67505625000E+06	2.436132E-02	7.314906E+01
1.67692500000E+06	2.457966E-02	7.362642E+01
1.67879375000E+06	2.486347E-02	7.292599E+01
1.68066250000E+06	2.447265E-02	7.296397E+01
1.68253125000E+06	2.459076E-02	7.282507E+01
1.68440000000E+06	2.468120E-02	7.257169E+01
1.68626875000E+06	2.483423E-02	7.343166E+01
1.68813750000E+06	2.460643E-02	7.352328E+01
1.69000625000E+06	2.463795E-02	7.272311E+01
1.69187500000E+06	2.472341E-02	7.266475E+01
1.69374375000E+06	2.476596E-02	7.370242E+01
1.69561250000E+06	2.446574E-02	7.264589E+01
1.69748125000E+06	2.467868E-02	7.430372E+01
1.69935000000E+06	2.487560E-02	7.396147E+01
1.70121875000E+06	2.465669E-02	7.340060E+01
1.70308750000E+06	2.503828E-02	7.361652E+01
1.70495625000E+06	2.464603E-02	7.271545E+01
1.70682500000E+06	2.533054E-02	7.217629E+01
1.70869375000E+06	2.461664E-02	7.214771E+01
1.71056250000E+06	2.493964E-02	7.254398E+01
1.71243125000E+06	2.482041E-02	7.255215E+01
1.71430000000E+06	2.501326E-02	7.296275E+01
1.71616875000E+06	2.534223E-02	7.298561E+01
1.71803750000E+06	2.540771E-02	7.346286E+01
1.71990625000E+06	2.498103E-02	7.370519E+01
1.72177500000E+06	2.498410E-02	7.269583E+01
1.72364375000E+06	2.537492E-02	7.266924E+01
1.72551250000E+06	2.538920E-02	7.306918E+01
1.72738125000E+06	2.545848E-02	7.365294E+01
1.72925000000E+06	2.561528E-02	7.287825E+01
1.73111875000E+06	2.553089E-02	7.238478E+01
1.73298750000E+06	2.554315E-02	7.316672E+01
1.73485625000E+06	2.540112E-02	7.317439E+01
1.73672500000E+06	2.540597E-02	7.256402E+01
1.73859375000E+06	2.563646E-02	7.274019E+01
1.74046250000E+06	2.583089E-02	7.240417E+01
1.74233125000E+06	2.587306E-02	7.216345E+01
1.74420000000E+06	2.600245E-02	7.283474E+01
1.74606875000E+06	2.551514E-02	7.302836E+01
1.74793750000E+06	2.573314E-02	7.249103E+01
1.74980625000E+06	2.582360E-02	7.317584E+01
1.75167500000E+06	2.600179E-02	7.265772E+01
1.75354375000E+06	2.566236E-02	7.285522E+01
1.75541250000E+06	2.594760E-02	7.247244E+01
1.75728125000E+06	2.613891E-02	7.251147E+01
1.75915000000E+06	2.611271E-02	7.249252E+01
1.76101875000E+06	2.593777E-02	7.315115E+01
1.76288750000E+06	2.634589E-02	7.242103E+01
1.76475625000E+06	2.612462E-02	7.261935E+01
1.76662500000E+06	2.626277E-02	7.298370E+01
1.76849375000E+06	2.625935E-02	7.260725E+01
1.77036250000E+06	2.645131E-02	7.237874E+01
1.77223125000E+06	2.636165E-02	7.228603E+01
1.77410000000E+06	2.638155E-02	7.269107E+01
1.77596875000E+06	2.639534E-02	7.269128E+01
1.77783750000E+06	2.655762E-02	7.297432E+01
1.77970625000E+06	2.654822E-02	7.240216E+01
1.78157500000E+06	2.649102E-02	7.208429E+01
1.78344375000E+06	2.656893E-02	7.267741E+01
1.78531250000E+06	2.677742E-02	7.254004E+01
1.78718125000E+06	2.650495E-02	7.248031E+01
1.78905000000E+06	2.687967E-02	7.173894E+01
1.79091875000E+06	2.662813E-02	7.218517E+01
1.79278750000E+06	2.681202E-02	7.247121E+01
1.79465625000E+06	2.672135E-02	7.203080E+01
1.79652500000E+06	2.685608E-02	7.251313E+01
1.79839375000E+06	2.698876E-02	7.149082E+01
1.80026250000E+06	2.719958E-02	7.153702E+01
1.80213125000E+06	2.703310E-02	7.228031E+01
1.80400000000E+06	2.709899E-02	7.179611E+01
1.80586875000E+06	2.708521E-02	7.201553E+01
1.80773750000E+06	2.721981E-02	7.151364E+01
1.80960625000E+06	2.699903E-02	7.177875E+01
1.81147500000E+06	2.756210E-02	7.203434E+01
1.81334375000E+06	2.734523E-02	7.235139E+01
1.81521250000E+06	2.722132E-02	7.143951E+01
1.81708125000E+06	2.697127E-02	7.170330E+01
1.81895000000E+06	2.747849E-02	7.111105E+01
1.82081875000E+06	2.739029E-02	7.142031E+01
1.82268750000E+06	2.709293E-02	7.086824E+01
1.82455625000E+06	2.766858E-02	7.096193E+01
1.82642500000E+06	2.752113E-02	7.089269E+01
1.82829375000E+06	2.714848E-02	7.065894E+01
1.83016250000E+06	2.752376E-02	7.079589E+01
1.83203125000E+06	2.750337E-02	7.157556E+01
1.83390000000E+06	2.761200E-02	7.015125E+01
1.83576875000E+06	2.746630E-02	7.113508E+01
1.83763750000E+06	2.709213E-02	7.065628E+01
1.83950625000E+06	2.740602E-02	7.057563E+01
1.84137500000E+06	2.799236E-02	7.100363E+01
1.84324375000E+06	2.772072E-02	6.985370E+01
1.84511250000E+06	2.782937E-02	6.999146E+01
1.84698125000E+06	2.765501E-02	7.044475E+01
1.84885000000E+06	2.744933E-02	7.007764E+01
1.85071875000E+06	2.768054E-02	6.992343E+01
1.85258750000E+06	2.786549E-02	7.005399E+01
1.85445625000E+06	2.784690E-02	7.043891E+01
1.85632500000E+06	2.795436E-02	6.984584E+01
1.85819375000E+06	2.830900E-02	6.994265E+01
1.86006250000E+06	2.800660E-02	7.006523E+01
1.86193125000E+06	2.824841E-02	6.961144E+01
1.86380000000E+06	2.817796E-02	7.032961E+01
1.86566875000E+06	2.766811E-02	6.997609E+01
1.86753750000E+06	2.801209E-02	6.922740E+01
1.86940625000E+06	2.827253E-02	6.988633E+01
1.87127500000E+06	2.811452E-02	6.948533E+01
1.87314375000E+06	2.833829E-02	6.979243E+01
1.87501250000E+06	2.790379E-02	6.996313E+01
1.87688125000E+06	2.790713E-02	6.971380E+01
1.87875000000E+06	2.811309E-02	6.988728E+01
1.88061875000E+06	2.838265E-02	6.870654E+01
1.88248750000E+06	2.814767E-02	6.960696E+01
1.88435625000E+06	2.802345E-02	6.911886E+01
1.88622500000E+06	2.785706E-02	6.883640E+01
1.88809375000E+06	2.818764E-02	6.984636E+01
1.88996250000E+06	2.836904E-02	6.927141E+01
1.89183125000E+06	2.823222E-02	6.894250E+01
1.89370000000E+06	2.807931E-02	6.941241E+01
1.89556875000E+06	2.812951E-02	6.889074E+01
1.89743750000E+06	2.796489E-02	6.860073E+01
1.89930625000E+06	2.818691E-02	6.896228E+01
1.90117500000E+06	2.825278E-02	6.902954E+01
1.90304375000E+06	2.833643E-02	6.921778E+01
1.90491250000E+06	2.849836E-02	6.903869E+01
1.90678125000E+06	2.854289E-02	6.879730E+01
1.90865000000E+06	2.848803E-02	6.864022E+01
1.91051875000E+06	2.837452E-02	6.848903E+01
1.91238750000E+06	2.858406E-02	6.896323E+01
1.91425625000E+06	2.815163E-02	6.889008E+01
1.91612500000E+06	2.831283E-02	6.937669E+01
1.91799375000E+06	2.853959E-02	6.885527E+01
1.91986250000E+06	2.841572E-02	6.909011E+01
1.92173125000E+06	2.835648E-02	6.940929E+01
1.92360000000E+06	2.859253E-02	6.904209E+01
1.92546875000E+06	2.873499E-02	6.874201E+01
1.92733750000E+06	2.825089E-02	6.825360E+01
1.92920625000E+06	2.862808E-02	6.902993E+01
1.93107500000E+06	2.878463E-02	6.868854E+01
1.93294375000E+06	2.859249E-02	6.838564E+01
1.93481250000E+06	2.875366E-02	6.888427E+01
1.93668125000E+06	2.857940E-02	6.865038E+01
1.93855000000E+06	2.864554E-02	6.824710E+01
1.94041875000E+06	2.881911E-02	6.859011E+01
1.94228750000E+06	2.868569E-02	6.851289E+01
1.94415625000E+06	2.871050E-02	6.887217E+01
1.94602500000E+06	2.856015E-02	6.849834E+01
1.94789375000E+06	2.878260E-02	6.851093E+01
1.94976250000E+06	2.864379E-02	6.902082E+01
1.95163125000E+06	2.863429E-02	6.848367E+01
1.95350000000E+06	2.875418E-02	6.845621E+01
1.95536875000E+06	2.881392E-02	6.848675E+01
1.95723750000E+06	2.893797E-02	6.827020E+01
1.95910625000E+06	2.888526E-02	6.811770E+01
1.96097500000E+06	2.879202E-02	6.859007E+01
1.96284375000E+06	2.881916E-02	6.839007E+01
1.96471250000E+06	2.904204E-02	6.810989E+01
1.96658125000E+06	2.918166E-02	6.869836E+01
1.96845000000E+06	2.874577E-02	6.818061E+01
1.97031875000E+06	2.896925E-02	6.851559E+01
1.97218750000E+06	2.902175E-02	6.866911E+01
1.97405625000E+06	2.918001E-02	6.824172E+01
1.97592500000E+06	2.906543E-02	6.813909E+01
1.97779375000E+06	2.926416E-02	6.840555E+01
1.97966250000E+06	2.921933E-02	6.821152E+01
1.98153125000E+06	2.910014E-02	6.863130E+01
1.98340000000E+06	2.935847E-02	6.816899E+01
1.98526875000E+06	2.903597E-02	6.800932E+01
1.98713750000E+06	2.920999E-02	6.861649E+01
1.98900625000E+06	2.889513E-02	6.788375E+01
1.99087500000E+06	2.934499E-02	6.894917E+01
1.99274375000E+06	2.934309E-02	6.864320E+01
1.99461250000E+06	2.929743E-02	6.835499E+01
1.99648125000E+06	2.924146E-02	6.781631E+01
1.99835000000E+06	2.955933E-02	6.787643E+01
2.00021875000E+06	2.919959E-02	6.840480E+01
2.00208750000E+06	2.939703E-02	6.853934E+01
2.00395625000E+06	2.957080E-02	6.762848E+01
2.00582500000E+06	2.902531E-02	6.697997E+01
2.00769375000E+06	2.939575E-02	6.754967E+01
2.00956250000E+06	2.978881E-02	6.777454E+01
2.01143125000E+06	2.957025E-02	6.844507E+01
2.01330000000E+06	2.944499E-02	6.800890E+01
2.01516875000E+06	2.942274E-02	6.836930E+01
2.01703750000E+06	2.970729E-02	6.787401E+01
2.01890625000E+06	2.942996E-02	6.732891E+01
2.02077500000E+06	2.977561E-02	6.720010E+01
2.02264375000E+06	2.970060E-02	6.804832E+01
2.02451250000E+06	2.994516E-02	6.858263E+01
2.02638125000E+06	2.981559E-02	6.729685E+01
2.02825000000E+06	2.986553E-02	6.831271E+01
2.03011875000E+06	2.991859E-02	6.794733E+01
2.03198750000E+06	2.948458E-02	6.735191E+01
2.03385625000E+06	2.975666E-02	6.832948E+01
2.03572500000E+06	2.989218E-02	6.805877E+01
2.03759375000E+06	2.945485E-02	6.784953E+01
2.03946250000E+06	2.989714E-02	6.783226E+01
2.04133125000E+06	3.010985E-02	6.707388E+01
2.04320000000E+06	3.006854E-02	6.750370E+01
2.04506875000E+06	3.001076E-02	6.754752E+01
2.04693750000E+06	2.972856E-02	6.790122E+01
2.04880625000E+06	3.011274E-02	6.702373E+01
2.05067500000E+06	2.993854E-02	6.736223E+01
2.05254375000E+06	2.973460E-02	6.789478E+01
2.05441250000E+06	3.061154E-02	6.799030E+01
2.05628125000E+06	3.010721E-02	6.768298E+01
2.05815000000E+06	3.012579E-02	6.804795E+01
2.06001875000E+06	3.005340E-02	6.755572E+01
2.06188750000E+06	3.064780E-02	6.782792E+01
2.06375625000E+06	3.023787E-02	6.764537E+01
2.06562500000E+06	3.030376E-02	6.731972E+01
2.06749375000E+06	3.063811E-02	6.710500E+01
2.06936250000E+06	3.031087E-02	6.771127E+01
2.07123125000E+06	3.035085E-02	6.746300E+01
2.07310000000E+06	3.027377E-02	6.707591E+01
2.07496875000E+06	3.021971E-02	6.766100E+01
2.07683750000E+06	3.039333E-02	6.788529E+01
2.07870625000E+06	3.056292E-02	6.719071E+01
2.08057500000E+06	3.052947E-02	6.694046E+01
2.08244375000E+06	3.065655E-02	6.740523E+01
2.08431250000E+06	3.053253E-02	6.711694E+01
2.08618125000E+06	3.047355E-02	6.721194E+01
2.08805000000E+06	3.076385E-02	6.738322E+01
2.08991875000E+06	3.066247E-02	6.770682E+01
2.09178750000E+06	3.056868E-02	6.763153E+01
2.09365625000E+06	3.040476E-02	6.659191E+01
2.09552500000E+06	3.079901E-02	6.740341E+01
2.09739375000E+06	3.059094E-02	6.741457E+01
2.09926250000E+06	3.077498E-02	6.737269E+01
2.10113125000E+06	3.090746E-02	6.753712E+01
2.10300000000E+06	3.059646E-02	6.734143E+01
2.10486875000E+06	3.060744E-02	6.757500E+01
2.10673750000E+06	3.084909E-02	6.765556E+01
2.10860625000E+06	3.088448E-02	6.706301E+01
2.11047500000E+06	3.090348E-02	6.704662E+01
2.11234375000E+06	3.092364E-02	6.749334E+01
2.11421250000E+06	3.089190E-02	6.746884E+01
2.11608125000E+06	3.097151E-02	6.720375E+01
2.11795000000E+06	3.089242E-02	6.704449E+01
2.11981875000E+06	3.104734E-02	6.712988E+01
2.12168750000E+06	3.093587E-02	6.752901E+01
2.12355625000E+06	3.114020E-02	6.700761E+01
2.12542500000E+06	3.123589E-02	6.673190E+01
2.12729375000E+06	3.108349E-02	6.677676E+01
2.12916250000E+06	3.114711E-02	6.731834E+01
2.13103125000E+06	3.110827E-02	6.689799E+01
2.13290000000E+06	3.100174E-02	6.679297E+01
2.13476875000E+06	3.142513E-02	6.707678E+01
2.13663750000E+06	3.124106E-02	6.696165E+01
2.13850625000E+06	3.149241E-02	6.676815E+01
2.14037500000E+06	3.128217E-02	6.702477E+01
2.14224375000E+06	3.133330E-02	6.684232E+01
2.14411250000E+06	3.139225E-02	6.695844E+01
2.14598125000E+06	3.140426E-02	6.683856E+01
2.14785000000E+06	3.141559E-02	6.669958E+01
2.14971875000E+06	3.144025E-02	6.660356E+01
2.15158750000E+06	3.124693E-02	6.674245E+01
2.15345625000E+06	3.160536E-02	6.634649E+01
2.15532500000E+06	3.170443E-02	6.683910E+01
2.15719375000E+06	3.147059E-02	6.678762E+01
2.15906250000E+06	3.160685E-02	6.653806E+01
2.16093125000E+06	3.179213E-02	6.677337E+01
2.16280000000E+06	3.169835E-02	6.626260E+01
2.16466875000E+06	3.163090E-02	6.683300E+01
2.16653750000E+06	3.158988E-02	6.666610E+01
2.16840625000E+06	3.175054E-02	6.645009E+01
2.17027500000E+06	3.166062E-02	6.648228E+01
2.17214375000E+06	3.161293E-02	6.675768E+01
2.17401250000E+06	3.195026E-02	6.645772E+01
2.17588125000E+06	3.181688E-02	6.625971E+01
2.17775000000E+06	3.200731E-02	6.622538E+01
2.17961875000E+06	3.189087E-02	6.636887E+01
2.18148750000E+06	3.176832E-02	6.647919E+01
2.18335625000E+06	3.217273E-02	6.638824E+01
2.18522500000E+06	3.220402E-02	6.635677E+01
2.18709375000E+06	3.181846E-02	6.654107E+01
2.18896250000E+06	3.216418E-02	6.649093E+01
2.19083125000E+06	3.195368E-02	6.589883E+01
2.19270000000E+06	3.210153E-02	6.653567E+01
2.19456875000E+06	3.187598E-02	6.604012E+01
2.19643750000E+06	3.217266E-02	6.681750E+01
2.19830625000E+06	3.246522E-02	6.642766E+01
2.20017500000E+06	3.213113E-02	6.571426E+01
2.20204375000E+06	3.240924E-02	6.658960E+01
2.20391250000E+06	3.235672E-02	6.665138E+01
2.20578125000E+06	3.182822E-02	6.594125E+01
2.20765000000E+06	3.233696E-02	6.661894E+01
2.20951875000E+06	3.215008E-02	6.582531E+01
2.21138750000E+06	3.197955E-02	6.551593E+01
2.21325625000E+06	3.238168E-02	6.605022E+01
2.21512500000E+06	3.233111E-02	6.481524E+01
2.21699375000E+06	3.278660E-02	6.569907E+01
2.21886250000E+06	3.254007E-02	6.570317E+01
2.22073125000E+06	3.198984E-02	6.633011E+01
2.22260000000E+06	3.298863E-02	6.649373E+01
2.22446875000E+06	3.264858E-02	6.605725E+01
2.22633750000E+06	3.281099E-02	6.694514E+01
2.22820625000E+06	3.256353E-02	6.628590E+01
2.23007500000E+06	3.240027E-02	6.547916E+01
2.23194375000E+06	3.243483E-02	6.606225E+01
2.23381250000E+06	3.267120E-02	6.562583E+01
2.23568125000E+06	3.266568E-02	6.608923E+01
2.23755000000E+06	3.276605E-02	6.567902E+01
2.23941875000E+06	3.225333E-02	6.631888E+01
2.24128750000E+06	3.285292E-02	6.637217E+01
2.24315625000E+06	3.274842E-02	6.585431E+01
2.24502500000E+06	3.294805E-02	6.540726E+01
2.24689375000E+06	3.319834E-02	6.589008E+01
2.24876250000E+06	3.290378E-02	6.560535E+01
2.25063125000E+06	3.284947E-02	6.534085E+01
2.25250000000E+06	3.307181E-02	6.531679E+01
2.25436875000E+06	3.282668E-02	6.617125E+01
2.25623750000E+06	3.290739E-02	6.560217E+01
2.25810625000E+06	3.325950E-02	6.565276E+01
2.25997500000E+06	3.322775E-02	6.551805E+01
2.26184375000E+06	3.325649E-02	6.517263E+01
2.26371250000E+06	3.305557E-02	6.543751E+01
2.26558125000E+06	3.303436E-02	6.573467E+01
2.26745000000E+06	3.322157E-02	6.574413E+01
2.26931875000E+06	3.318102E-02	6.555423E+01
2.27118750000E+06	3.297861E-02	6.552636E+01
2.27305625000E+06	3.341317E-02	6.517601E+01
2.27492500000E+06	3.313687E-02	6.529388E+01
2.27679375000E+06	3.316832E-02	6.498238E+01
2.27866250000E+06	3.342361E-02	6.515272E+01
2.28053125000E+06	3.326103E-02	6.532966E+01
2.28240000000E+06	3.350445E-02	6.563646E+01
2.28426875000E+06	3.358135E-02	6.515329E+01
2.28613750000E+06	3.317868E-02	6.590979E+01
2.28800625000E+06	3.336672E-02	6.537572E+01
2.28987500000E+06	3.361750E-02	6.546285E+01
2.29174375000E+06	3.336132E-02	6.507134E+01
2.29361250000E+06	3.361555E-02	6.516766E+01
2.29548125000E+06	3.311549E-02	6.568133E+01
2.29735000000E+06	3.374053E-02	6.516766E+01
2.29921875000E+06	3.355613E-02	6.547440E+01
2.30108750000E+06	3.368065E-02	6.496665E+01
2.30295625000E+06	3.359785E-02	6.501276E+01
2.30482500000E+06	3.386324E-02	6.496957E+01
2.30669375000E+06	3.372503E-02	6.469257E+01
2.30856250000E+06	3.359617E-02	6.487936E+01
2.31043125000E+06	3.389388E-02	6.517873E+01
2.31230000000E+06	3.382836E-02	6.495776E+01
2.31416875000E+06	3.376562E-02	6.522311E+01
2.31603750000E+06	3.369548E-02	6.522436E+01
2.31790625000E+06	3.366041E-02	6.527654E+01
2.31977500000E+06	3.404686E-02	6.456635E+01
2.32164375000E+06	3.373237E-02	6.473492E+01
2.32351250000E+06	3.391360E-02	6.510010E+01
2.32538125000E+06	3.400501E-02	6.452269E+01
2.32725000000E+06	3.399919E-02	6.509505E+01
2.32911875000E+06	3.381230E-02	6.517922E+01
2.33098750000E+06	3.414138E-02	6.477048E+01
2.33285625000E+06	3.398456E-02	6.532078E+01
2.33472500000E+06	3.410248E-02	6.472295E+01
2.33659375000E+06	3.420105E-02	6.505293E+01
2.33846250000E+06	3.424384E-02	6.472703E+01
2.34033125000E+06	3.419373E-02	6.495226E+01
2.34220000000E+06	3.424086E-02	6.486189E+01
2.34406875000E+06	3.409126E-02	6.470642E+01
2.34593750000E+06	3.427682E-02	6.501907E+01
2.34780625000E+06	3.439254E-02	6.439480E+01
2.34967500000E+06	3.450061E-02	6.481566E+01
2.35154375000E+06	3.460323E-02	6.483007E+01
2.35341250000E+06	3.432782E-02	6.453225E+01
2.35528125000E+06	3.434652E-02	6.491045E+01
2.35715000000E+06	3.452011E-02	6.469255E+01
2.35901875000E+06	3.457041E-02	6.422965E+01
2.36088750000E+06	3.448655E-02	6.450912E+01
2.36275625000E+06	3.447865E-02	6.448129E+01
2.36462500000E+06	3.436061E-02	6.443747E+01
2.36649375000E+06	3.451741E-02	6.439186E+01
2.36836250000E+06	3.462994E-02	6.437731E+01
2.37023125000E+06	3.454989E-02	6.447418E+01
2.37210000000E+06	3.468569E-02	6.435435E+01
2.37396875000E+06	3.473078E-02	6.428508E+01
2.37583750000E+06	3.473442E-02	6.427934E+01
2.37770625000E+06	3.464179E-02	6.415797E+01
2.37957500000E+06	3.458864E-02	6.449548E+01
2.38144375000E+06	3.487471E-02	6.432873E+01
2.38331250000E+06	3.473946E-02	6.437708E+01
2.38518125000E+06	3.479830E-02	6.446972E+01
2.38705000000E+06	3.476242E-02	6.421289E+01
2.38891875000E+06	3.498155E-02	6.423479E+01
2.39078750000E+06	3.503900E-02	6.410801E+01
2.39265625000E+06	3.500184E-02	6.398745E+01
2.39452500000E+06	3.495099E-02	6.430521E+01
2.39639375000E+06	3.500630E-02	6.411057E+01
2.39826250000E+06	3.502309E-02	6.409118E+01
2.40013125000E+06	3.498188E-02	6.419863E+01
2.40200000000E+06	3.507271E-02	6.434667E+01
2.40386875000E+06	3.516131E-02	6.421128E+01
2.40573750000E+06	3.513276E-02	6.409841E+01
2.40760625000E+06	3.548533E-02	6.433811E+01
2.40947500000E+06	3.502531E-02	6.419907E+01
2.41134375000E+06	3.511263E-02	6.366334E+01
2.41321250000E+06	3.546998E-02	6.402753E+01
2.41508125000E+06	3.523647E-02	6.429509E+01
2.41695000000E+06	3.528685E-02	6.390858E+01
2.41881875000E+06	3.534743E-02	6.381828E+01
2.42068750000E+06	3.536822E-02	6.404488E+01
2.42255625000E+06	3.541964E-02	6.365271E+01
2.42442500000E+06	3.557444E-02	6.438722E+01
2.42629375000E+06	3.547828E-02	6.430058E+01
2.42816250000E+06	3.545860E-02	6.375759E+01
2.43003125000E+06	3.556812E-02	6.386049E+01
2.43190000000E+06	3.537322E-02	6.406132E+01
2.43376875000E+06	3.596011E-02	6.400638E+01
2.43563750000E+06	3.541714E-02	6.356003E+01
2.43750625000E+06	3.595947E-02	6.383955E+01
2.43937500000E+06	3.589462E-02	6.380524E+01
2.44124375000E+06	3.599107E-02	6.427538E+01
2.44311250000E+06	3.554019E-02	6.374297E+01
2.44498125000E+06	3.553145E-02	6.331400E+01
2.44685000000E+06	3.565108E-02	6.411880E+01
2.44871875000E+06	3.615780E-02	6.367706E+01
2.45058750000E+06	3.609934E-02	6.339373E+01
2.45245625000E+06	3.583996E-02	6.369238E+01
2.45432500000E+06	3.563803E-02	6.353711E+01
2.45619375000E+06	3.588290E-02	6.376100E+01
2.45806250000E+06	3.614714E-02	6.425030E+01
2.45993125000E+06	3.566340E-02	6.395952E+01
2.46180000000E+06	3.610694E-02	6.344693E+01
2.46366875000E+06	3.642253E-02	6.359882E+01
2.46553750000E+06	3.611784E-02	6.250576E+01
2.46740625000E+06	3.609629E-02	6.373930E+01
2.46927500000E+06	3.621729E-02	6.322186E+01
2.47114375000E+06	3.666947E-02	6.290903E+01
2.47301250000E+06	3.621141E-02	6.363457E+01
2.47488125000E+06	3.586901E-02	6.339957E+01
2.47675000000E+06	3.666675E-02	6.305167E+01
2.47861875000E+06	3.649144E-02	6.364068E+01
2.48048750000E+06	3.678664E-02	6.345649E+01
2.48235625000E+06	3.656863E-02	6.278063E+01
2.48422500000E+06	3.624346E-02	6.364429E+01
2.48609375000E+06	3.630635E-02	6.364626E+01
2.48796250000E+06	3.644953E-02	6.391941E+01
2.48983125000E+06	3.606541E-02	6.379805E+01
2.49170000000E+06	3.624176E-02	6.281981E+01
2.49356875000E+06	3.652528E-02	6.325463E+01
2.49543750000E+06	3.632601E-02	6.297877E+01
2.49730625000E+06	3.642461E-02	6.286082E+01
2.49917500000E+06	3.650213E-02	6.278309E+01
2.50104375000E+06	3.677253E-02	6.278157E+01
2.50291250000E+06	3.661241E-02	6.296725E+01
2.50478125000E+06	3.624724E-02	6.344755E+01
2.50665000000E+06	3.652428E-02	6.301937E+01
2.50851875000E+06	3.650817E-02	6.348287E+01
2.51038750000E+06	3.668263E-02	6.272926E+01
2.51225625000E+06	3.643540E-02	6.299794E+01
2.51412500000E+06	3.696344E-02	6.330089E+01
2.51599375000E+06	3.670634E-02	6.287746E+01
2.51786250000E+06	3.672536E-02	6.331165E+01
2.51973125000E+06	3.662038E-02	6.264742E+01
2.52160000000E+06	3.685858E-02	6.242423E+01
2.52346875000E+06	3.650406E-02	6.293480E+01
2.52533750000E+06	3.712061E-02	6.287105E+01
2.52720625000E+06	3.703577E-02	6.301821E+01
2.52907500000E+06	3.730000E-02	6.302673E+01
2.53094375000E+06	3.708049E-02	6.280612E+01
2.53281250000E+06	3.714456E-02	6.280582E+01
2.53468125000E+06	3.705789E-02	6.305617E+01
2.53655000000E+06	3.756148E-02	6.310719E+01
2.53841875000E+06	3.721166E-02	6.255486E+01
2.54028750000E+06	3.732094E-02	6.308881E+01
2.54215625000E+06	3.725651E-02	6.208534E+01
2.54402500000E+06	3.699835E-02	6.249290E+01
2.54589375000E+06	3.705375E-02	6.263700E+01
2.54776250000E+06	3.754564E-02	6.284517E+01
2.54963125000E+06	3.720670E-02	6.228743E+01
2.55150000000E+06	3.750445E-02	6.218603E+01
2.55336875000E+06	3.755691E-02	6.218137E+01
2.55523750000E+06	3.737210E-02	6.275298E+01
2.55710625000E+06	3.738734E-02	6.263026E+01
2.55897500000E+06	3.735405E-02	6.227931E+01
2.56084375000E+06	3.753522E-02	6.239443E+01
2.56271250000E+06	3.741323E-02	6.235712E+01
2.56458125000E+06	3.754605E-02	6.276642E+01
2.56645000000E+06	3.777139E-02	6.303183E+01
2.56831875000E+06	3.756643E-02	6.209212E+01
2.57018750000E+06	3.773150E-02	6.221700E+01
2.57205625000E+06	3.758908E-02	6.235679E+01
2.57392500000E+06	3.781405E-02	6.231309E+01
2.57579375000E+06	3.764718E-02	6.258827E+01
2.57766250000E+06	3.777444E-02	6.244165E+01
2.57953125000E+06	3.776433E-02	6.248485E+01
2.58140000000E+06	3.787257E-02	6.267160E+01
2.58326875000E+06	3.794982E-02	6.264770E+01
2.58513750000E+06	3.793865E-02	6.225150E+01
2.58700625000E+06	3.792819E-02	6.213146E+01
2.58887500000E+06	3.784686E-02	6.187783E+01
2.59074375000E+06	3.807864E-02	6.208253E+01
2.59261250000E+06	3.815655E-02	6.198137E+01
2.59448125000E+06	3.809284E-02	6.269209E+01
2.59635000000E+06	3.809794E-02	6.182108E+01
2.59821875000E+06	3.810859E-02	6.210545E+01
2.60008750000E+06	3.835950E-02	6.198455E+01
2.60195625000E+06	3.827776E-02	6.217046E+01
2.60382500000E+06	3.850233E-02	6.218422E+01
2.60569375000E+06	3.847865E-02	6.197072E+01
2.60756250000E+06	3.813878E-02	6.200592E+01
2.60943125000E+06	3.844596E-02	6.208132E+01
2.61130000000E+06	3.842262E-02	6.185730E+01
2.61316875000E+06	3.836454E-02	6.165526E+01
2.61503750000E+06	3.851752E-02	6.185415E+01
2.61690625000E+06	3.848302E-02	6.211319E+01
2.61877500000E+06	3.848115E-02	6.162458E+01
2.62064375000E+06	3.843187E-02	6.198654E+01
2.62251250000E+06	3.833985E-02	6.216887E+01
2.62438125000E+06	3.854227E-02	6.182669E+01
2.62625000000E+06	3.862050E-02	6.188694E+01
2.62811875000E+06	3.852888E-02	6.141605E+01
2.62998750000E+06	3.870485E-02	6.181956E+01
2.63185625000E+06	3.859587E-02	6.151241E+01
2.63372500000E+06	3.869789E-02	6.149147E+01
2.63559375000E+06	3.882327E-02	6.172139E+01
2.63746250000E+06	3.871876E-02	6.154252E+01
2.63933125000E+06	3.872338E-02	6.158940E+01
2.64120000000E+06	3.886846E-02	6.182674E+01
2.64306875000E+06	3.874443E-02	6.177306E+01
2.64493750000E+06	3.883751E-02	6.151462E+01
2.64680625000E+06	3.892904E-02	6.167558E+01
2.64867500000E+06	3.883766E-02	6.152772E+01
2.65054375000E+06	3.896325E-02	6.160929E+01
2.65241250000E+06	3.903739E-02	6.145079E+01
2.65428125000E+06	3.908968E-02	6.129477E+01
2.65615000000E+06	3.900837E-02	6.134135E+01
2.65801875000E+06	3.895926E-02	6.127000E+01
2.65988750000E+06	3.920276E-02	6.117146E+01
2.66175625000E+06	3.915158E-02	6.157315E+01
2.66362500000E+06	3.910801E-02	6.136071E+01
2.66549375000E+06	3.925898E-02	6.142606E+01
2.66736250000E+06	3.919002E-02	6.124051E+01
2.66923125000E+06	3.919156E-02	6.132158E+01
2.67110000000E+06	3.934526E-02	6.118787E+01
2.67296875000E+06	3.923331E-02	6.103495E+01
2.67483750000E+06	3.920851E-02	6.114177E+01
2.67670625000E+06	3.930306E-02	6.091953E+01
2.67857500000E+06	3.942958E-02	6.126976E+01
2.68044375000E+06	3.951372E-02	6.122438E+01
2.68231250000E+06	3.956321E-02	6.104229E+01
2.68418125000E+06	3.952475E-02	6.105048E+01
2.68605000000E+06	3.961247E-02	6.120449E+01
2.68791875000E+06	3.950941E-02	6.110915E+01
2.68978750000E+06	3.956197E-02	6.114197E+01
2.69165625000E+06	3.972946E-02	6.096078E+01
2.69352500000E+06	3.961869E-02	6.104123E+01
2.69539375000E+06	3.976814E-02	6.079008E+01
2.69726250000E+06	3.977094E-02	6.114420E+01
2.69913125000E+06	3.967908E-02	6.106657E+01
2.70100000000E+06	3.985060E-02	6.109720E+01
2.70286875000E+06	3.965614E-02	6.079143E+01
2.70473750000E+06	3.995167E-02	6.059472E+01
2.70660625000E+06	3.996453E-02	6.089241E+01
2.70847500000E+06	3.999862E-02	6.109605E+01
2.71034375000E+06	3.980059E-02	6.077674E+01
2.71221250000E+06	3.995416E-02	6.085797E+01
2.71408125000E+06	4.013707E-02	6.086072E+01
2.71595000000E+06	3.984657E-02	6.063655E+01
2.71781875000E+06	3.988300E-02	6.033862E+01
2.71968750000E+06	4.003274E-02	6.073793E+01
2.72155625000E+06	4.013022E-02	6.100106E+01
2.72342500000E+06	4.026067E-02	6.048116E+01
2.72529375000E+06	4.003306E-02	6.066497E+01
2.72716250000E+06	4.010668E-02	6.076634E+01
2.72903125000E+06	4.011662E-02	6.068005E+01
2.73090000000E+06	4.043982E-02	6.051879E+01
2.73276875000E+06	4.047843E-02	6.049132E+01
2.73463750000E+06	4.044470E-02	6.041248E+01
2.73650625000E+06	4.044282E-02	6.057797E+01
2.73837500000E+06	4.012727E-02	6.046635E+01
2.74024375000E+06	4.057739E-02	6.005342E+01
2.74211250000E+06	4.032447E-02	5.990260E+01
2.74398125000E+06	4.055959E-02	5.966096E+01
2.74585000000E+06	4.037577E-02	6.000668E+01
2.74771875000E+06	4.013673E-02	6.037318E+01
2.74958750000E+06	4.056473E-02	6.037692E+01
2.75145625000E+06	4.076510E-02	6.041768E+01
2.75332500000E+06	4.017666E-02	5.990465E+01
2.75519375000E+06	4.021112E-02	6.042611E+01
2.75706250000E+06	4.044712E-02	6.036897E+01
2.75893125000E+06	4.056501E-02	6.056242E+01
2.76080000000E+06	4.045530E-02	5.956324E+01
2.76266875000E+06	4.051331E-02	5.995767E+01
2.76453750000E+06	4.092276E-02	6.004620E+01
2.76640625000E+06	4.074776E-02	5.983559E+01
2.76827500000E+06	4.076172E-02	5.926755E+01
2.77014375000E+06	4.051233E-02	6.075936E+01
2.77201250000E+06	4.107982E-02	5.998114E+01
2.77388125000E+06	4.080362E-02	6.018874E+01
2.77575000000E+06	3.963681E-02	5.961090E+01
2.77761875000E+06	4.118337E-02	6.028168E+01
2.77948750000E+06	4.096019E-02	6.015641E+01
2.78135625000E+06	4.116798E-02	5.967723E+01
2.78322500000E+06	4.071804E-02	5.988731E+01
2.78509375000E+06	4.058952E-02	6.010376E+01
2.78696250000E+06	4.150026E-02	5.960789E+01
2.78883125000E+06	4.118685E-02	5.955513E+01
2.79070000000E+06	4.101669E-02	6.045290E+01
2.79256875000E+06	4.081260E-02	5.918502E+01
2.79443750000E+06	4.112619E-02	6.005817E+01
2.79630625000E+06	4.134689E-02	5.953798E+01
2.79817500000E+06	4.101049E-02	6.000110E+01
2.80004375000E+06	4.139649E-02	5.920377E+01
2.80191250000E+06	4.135482E-02	5.913560E+01
2.80378125000E+06	4.118885E-02	5.947938E+01
2.80565000000E+06	4.125084E-02	5.962147E+01
2.80751875000E+06	4.119653E-02	5.967151E+01
2.80938750000E+06	4.144080E-02	5.930824E+01
2.81125625000E+06	4.123652E-02	5.974065E+01
2.81312500000E+06	4.163567E-02	5.905045E+01
2.81499375000E+06	4.154705E-02	5.950358E+01
2.81686250000E+06	4.131318E-02	5.940773E+01
2.81873125000E+06	4.166964E-02	5.924670E+01
2.82060000000E+06	4.173941E-02	5.933489E+01
2.82246875000E+06	4.182658E-02	5.957824E+01
2.82433750000E+06	4.180559E-02	5.951791E+01
2.82620625000E+06	4.186326E-02	5.888341E+01
2.82807500000E+06	4.174568E-02	5.926717E+01
2.82994375000E+06	4.189643E-02	5.915883E+01
2.83181250000E+06	4.160186E-02	5.920748E+01
2.83368125000E+06	4.204094E-02	5.925090E+01
2.83555000000E+06	4.217812E-02	5.915121E+01
2.83741875000E+06	4.163659E-02	5.947952E+01
2.83928750000E+06	4.210129E-02	5.911924E+01
2.84115625000E+06	4.173937E-02	5.915014E+01
2.84302500000E+06	4.210165E-02	5.951219E+01
2.84489375000E+06	4.197744E-02	5.822690E+01
2.84676250000E+06	4.194642E-02	5.915801E+01
2.84863125000E+06	4.227221E-02	5.907968E+01
2.85050000000E+06	4.208442E-02	5.882054E+01
2.85236875000E+06	4.202617E-02	5.882652E+01
2.85423750000E+06	4.208000E-02	5.890084E+01
2.85610625000E+06	4.208193E-02	5.886304E+01
2.85797500000E+06	4.176103E-02	5.890861E+01
2.85984375000E+06	4.222806E-02	5.860000E+01
2.86171250000E+06	4.217715E-02	5.856382E+01
2.86358125000E+06	4.244923E-02	5.860951E+01
2.86545000000E+06	4.224110E-02	5.856723E+01
2.86731875000E+06	4.241683E-02	5.868051E+01
2.86918750000E+06	4.244624E-02	5.902154E+01
2.87105625000E+06	4.270063E-02	5.881853E+01
2.87292500000E+06	4.241227E-02	5.879959E+01
2.87479375000E+06	4.231974E-02	5.877921E+01
2.87666250000E+06	4.247106E-02	5.845359E+01
2.87853125000E+06	4.249670E-02	5.874403E+01
2.88040000000E+06	4.247211E-02	5.835458E+01
2.88226875000E+06	4.242796E-02	5.860287E+01
2.88413750000E+06	4.259200E-02	5.832198E+01
2.88600625000E+06	4.257951E-02	5.860815E+01
2.88787500000E+06	4.265281E-02	5.825294E+01
2.88974375000E+06	4.252101E-02	5.854932E+01
2.89161250000E+06	4.265770E-02	5.833676E+01
2.89348125000E+06	4.261056E-02	5.821569E+01
2.89535000000E+06	4.297228E-02	5.862849E+01
2.89721875000E+06	4.265937E-02	5.836459E+01
2.89908750000E+06	4.313296E-02	5.840909E+01
2.90095625000E+06	4.293155E-02	5.820773E+01
2.90282500000E+06	4.295501E-02	5.841151E+01
2.90469375000E+06	4.301637E-02	5.831833E+01
2.90656250000E+06	4.314813E-02	5.819372E+01
2.90843125000E+06	4.300042E-02	5.839761E+01
2.91030000000E+06	4.299417E-02	5.834807E+01
2.91216875000E+06	4.308787E-02	5.832645E+01
2.91403750000E+06	4.289408E-02	5.808763E+01
2.91590625000E+06	4.310950E-02	5.815740E+01
2.91777500000E+06	4.298906E-02	5.809328E+01
2.91964375000E+06	4.296351E-02	5.849331E+01
2.92151250000E+06	4.295481E-02	5.807378E+01
2.92338125000E+06	4.307288E-02	5.819941E+01
2.92525000000E+06	4.293218E-02	5.818012E+01
2.92711875000E+06	4.313697E-02	5.785004E+01
2.92898750000E+06	4.323523E-02	5.811819E+01
2.93085625000E+06	4.348147E-02	5.760999E+01
2.93272500000E+06	4.326051E-02	5.784088E+01
2.93459375000E+06	4.320616E-02	5.772485E+01
2.93646250000E+06	4.330171E-02	5.781297E+01
2.93833125000E+06	4.336502E-02	5.786097E+01
2.94020000000E+06	4.326735E-02	5.785773E+01
2.94206875000E+06	4.357246E-02	5.774587E+01
2.94393750000E+06	4.339052E-02	5.793173E+01
2.94580625000E+06	4.337806E-02	5.796165E+01
2.94767500000E+06	4.321688E-02	5.759823E+01
2.94954375000E+06	4.374986E-02	5.774541E+01
2.95141250000E+06	4.351265E-02	5.780900E+01
2.95328125000E+06	4.386172E-02	5.780581E+01
2.95515000000E+06	4.362320E-02	5.779399E+01
2.95701875000E+06	4.357836E-02	5.766428E+01
2.95888750000E+06	4.372414E-02	5.775423E+01
2.96075625000E+06	4.392380E-02	5.760683E+01
2.96262500000E+06	4.376566E-02	5.777203E+01
2.96449375000E+06	4.370932E-02	5.770139E+01
2.96636250000E+06	4.369286E-02	5.753865E+01
2.96823125000E+06	4.376265E-02	5.725299E+01
2.97010000000E+06	4.384662E-02	5.757536E+01
2.97196875000E+06	4.386136E-02	5.753149E+01
2.97383750000E+06	4.377909E-02	5.756541E+01
2.97570625000E+06	4.393136E-02	5.734739E+01
2.97757500000E+06	4.392213E-02	5.733543E+01
2.97944375000E+06	4.399611E-02	5.746894E+01
2.98131250000E+06	4.414066E-02	5.716651E+01
2.98318125000E+06	4.405148E-02	5.742896E+01
2.98505000000E+06	4.414739E-02	5.725647E+01
2.98691875000E+06	4.407357E-02	5.731184E+01
2.98878750000E+06	4.419770E-02	5.710188E+01
2.99065625000E+06	4.428123E-02	5.711207E+01
2.99252500000E+06	4.399925E-02	5.713710E+01
2.99439375000E+06	4.412454E-02	5.712976E+01
2.99626250000E+06	4.427135E-02	5.706748E+01
2.99813125000E+06	4.429691E-02	5.711238E+01
3.00000000000E+06	4.425577E-02	5.697443E+01
