"E5100A REV3.14"
"DATE: Jul  3 2004"



"CHANNEL: 2"
"MEASURE TYPE: AR"
"FORMAT TYPE: LINMP"
"NUMBER of POINTS: 1601"
"SWEEP TIME:  3.458 s"
"SWEEP TYPE: LINF"
"SOURCE POWER: 0 dBm"
"IF BANDWIDTH: 500 Hz"

"Frequency"	"Main Array"	"Sub Array"
1.00000000000E+04	2.161930E-02	7.406095E+01
1.18687500000E+04	8.023086E-03	5.741942E+01
1.37375000000E+04	6.375578E-03	1.756666E+02
1.56062500000E+04	5.301608E-03	1.363787E+02
1.74750000000E+04	5.351818E-03	-1.654107E+02
1.93437500000E+04	4.466478E-03	-1.787739E+02
2.12125000000E+04	3.568626E-03	-1.474116E+02
2.30812500000E+04	2.065685E-03	1.482021E+00
2.49500000000E+04	2.696507E-04	2.982948E+00
2.68187500000E+04	1.360430E-03	1.217210E+02
2.86875000000E+04	1.007817E-03	-1.049069E+02
3.05562500000E+04	1.868982E-03	1.706697E+02
3.24250000000E+04	6.719565E-04	5.699667E+01
3.42937500000E+04	1.607680E-03	1.611814E+02
3.61625000000E+04	8.101751E-04	-2.370014E+01
3.80312500000E+04	1.393637E-03	1.260229E+02
3.99000000000E+04	6.781166E-04	-1.077786E+02
4.17687500000E+04	1.900216E-03	1.468582E+02
4.36375000000E+04	7.066415E-04	-1.857848E+01
4.55062500000E+04	8.360827E-04	7.654931E+01
4.73750000000E+04	4.424565E-04	-7.249910E+01
4.92437500000E+04	2.605731E-03	1.323116E+02
5.11125000000E+04	5.528723E-05	-4.420942E+01
5.29812500000E+04	4.453682E-04	3.220624E+01
5.48500000000E+04	1.477444E-05	-1.690835E+02
5.67187500000E+04	1.350552E-03	3.913854E+01
5.85875000000E+04	7.426289E-04	-4.513404E+01
6.04562500000E+04	3.736950E-04	1.403956E+02
6.23250000000E+04	3.779221E-04	-1.975085E+01
6.41937500000E+04	4.935181E-04	4.068450E+01
6.60625000000E+04	3.899755E-04	-2.122813E+01
6.79312500000E+04	6.067394E-04	5.632874E+01
6.98000000000E+04	3.089404E-04	3.449948E+01
7.16687500000E+04	3.906383E-04	5.534321E+01
7.35375000000E+04	5.427244E-05	2.915277E+01
7.54062500000E+04	2.344712E-04	-7.674272E+01
7.72750000000E+04	8.374027E-04	4.529456E+01
7.91437500000E+04	2.574687E-04	1.381987E+02
8.10125000000E+04	4.102586E-04	-1.276153E+01
8.28812500000E+04	2.230362E-04	-2.193957E+01
8.47500000000E+04	3.372876E-04	1.137196E+02
8.66187500000E+04	2.134671E-04	1.032192E+02
8.84875000000E+04	1.278247E-03	5.263803E+00
9.03562500000E+04	5.707730E-04	1.342780E+02
9.22250000000E+04	5.466597E-04	-2.036534E+01
9.40937500000E+04	7.933278E-04	9.364587E+01
9.59625000000E+04	1.592280E-04	-2.685279E+00
9.78312500000E+04	2.372473E-04	-1.204018E+02
9.97000000000E+04	4.358544E-04	1.236462E+02
1.01568750000E+05	6.409887E-04	5.413978E+01
1.03437500000E+05	2.448616E-04	-4.901360E+00
1.05306250000E+05	1.653437E-03	5.420950E+01
1.07175000000E+05	3.913194E-04	9.897364E+01
1.09043750000E+05	7.055980E-04	8.346875E+01
1.10912500000E+05	1.424437E-03	-1.160717E+02
1.12781250000E+05	4.030469E-04	9.102982E+01
1.14650000000E+05	2.163385E-04	1.245859E+02
1.16518750000E+05	5.317793E-04	1.009130E+02
1.18387500000E+05	5.357496E-04	7.108345E+01
1.20256250000E+05	3.268789E-04	1.983905E+01
1.22125000000E+05	7.221387E-04	3.224344E+00
1.23993750000E+05	5.434309E-04	1.167493E+02
1.25862500000E+05	1.386284E-04	-1.559373E+02
1.27731250000E+05	2.482324E-04	3.816737E+01
1.29600000000E+05	4.649703E-04	1.184133E+02
1.31468750000E+05	8.207509E-04	1.186277E+02
1.33337500000E+05	4.870124E-04	1.095999E+01
1.35206250000E+05	4.143100E-04	3.621291E+01
1.37075000000E+05	4.105670E-04	5.526541E+01
1.38943750000E+05	3.312286E-04	1.269442E+02
1.40812500000E+05	6.064770E-04	1.023614E+02
1.42681250000E+05	2.694311E-04	5.666595E+01
1.44550000000E+05	5.649612E-04	1.054246E+02
1.46418750000E+05	5.143293E-04	5.426616E+01
1.48287500000E+05	8.408266E-04	3.503229E+01
1.50156250000E+05	4.202771E-04	3.336533E+01
1.52025000000E+05	4.760108E-04	6.515707E+01
1.53893750000E+05	5.214266E-04	4.294490E+01
1.55762500000E+05	5.188793E-04	9.542651E+01
1.57631250000E+05	7.939462E-05	7.697435E+01
1.59500000000E+05	3.421645E-04	1.960582E+01
1.61368750000E+05	3.476507E-04	7.996458E+01
1.63237500000E+05	7.340731E-04	1.015903E+02
1.65106250000E+05	5.240850E-04	9.348044E+01
1.66975000000E+05	5.912115E-04	7.448381E+01
1.68843750000E+05	5.971023E-04	6.413774E+01
1.70712500000E+05	8.160301E-04	8.867493E+01
1.72581250000E+05	4.439860E-04	1.101498E+02
1.74450000000E+05	3.452609E-04	1.139914E+02
1.76318750000E+05	5.454825E-04	6.056671E+01
1.78187500000E+05	4.987284E-04	8.394249E+01
1.80056250000E+05	7.074911E-04	3.658071E+01
1.81925000000E+05	2.502366E-04	1.456422E+02
1.83793750000E+05	5.721392E-04	5.774069E+01
1.85662500000E+05	7.796905E-04	7.554915E+01
1.87531250000E+05	6.005474E-04	8.326237E+01
1.89400000000E+05	8.250127E-04	6.553815E+01
1.91268750000E+05	4.366509E-04	5.522123E+01
1.93137500000E+05	3.428986E-04	7.647988E+01
1.95006250000E+05	2.855014E-04	1.008946E+02
1.96875000000E+05	4.737171E-04	8.293010E+01
1.98743750000E+05	8.025780E-04	6.819518E+01
2.00612500000E+05	7.489898E-04	1.056267E+02
2.02481250000E+05	6.804860E-04	8.996188E+01
2.04350000000E+05	7.914710E-04	8.357619E+01
2.06218750000E+05	2.394626E-04	8.489487E+01
2.08087500000E+05	6.926350E-04	9.636234E+01
2.09956250000E+05	3.567317E-04	6.970704E+01
2.11825000000E+05	3.393237E-04	6.407044E+01
2.13693750000E+05	4.156770E-04	8.699150E+01
2.15562500000E+05	5.529568E-04	7.687039E+01
2.17431250000E+05	5.193930E-04	9.548672E+01
2.19300000000E+05	1.379552E-04	1.398437E+02
2.21168750000E+05	4.648623E-04	1.279018E+02
2.23037500000E+05	3.451378E-04	4.761344E+01
2.24906250000E+05	2.825339E-04	9.012119E+01
2.26775000000E+05	6.145780E-04	7.313660E+01
2.28643750000E+05	4.001980E-04	4.127583E+01
2.30512500000E+05	5.883255E-04	1.166787E+02
2.32381250000E+05	5.548622E-04	7.375385E+01
2.34250000000E+05	3.636555E-04	5.121749E+01
2.36118750000E+05	5.033100E-04	8.312232E+01
2.37987500000E+05	7.989481E-04	9.019470E+01
2.39856250000E+05	5.444100E-04	6.881303E+01
2.41725000000E+05	4.882421E-04	8.838895E+01
2.43593750000E+05	1.007241E-03	7.318976E+01
2.45462500000E+05	5.945690E-04	8.873164E+01
2.47331250000E+05	6.380109E-04	9.402677E+01
2.49200000000E+05	4.476220E-04	5.994827E+01
2.51068750000E+05	4.088220E-04	6.104635E+01
2.52937500000E+05	1.019545E-03	1.123804E+02
2.54806250000E+05	2.846846E-04	3.165553E+01
2.56675000000E+05	6.247527E-04	5.323037E+01
2.58543750000E+05	8.724184E-04	8.771532E+01
2.60412500000E+05	8.022195E-04	1.024763E+02
2.62281250000E+05	8.269952E-04	1.052481E+02
2.64150000000E+05	8.541702E-04	9.020541E+01
2.66018750000E+05	4.171202E-04	6.937415E+01
2.67887500000E+05	3.239622E-04	3.727539E+01
2.69756250000E+05	6.190909E-04	8.532970E+01
2.71625000000E+05	9.192643E-04	9.006716E+01
2.73493750000E+05	5.569250E-04	6.983194E+01
2.75362500000E+05	6.085403E-04	1.223830E+02
2.77231250000E+05	7.147934E-04	9.156301E+01
2.79100000000E+05	9.733881E-04	9.095000E+01
2.80968750000E+05	7.181318E-04	8.184804E+01
2.82837500000E+05	7.104973E-04	5.351697E+01
2.84706250000E+05	8.526986E-04	9.243528E+01
2.86575000000E+05	7.472240E-04	8.707990E+01
2.88443750000E+05	5.821267E-04	1.013710E+02
2.90312500000E+05	8.566417E-04	1.062871E+02
2.92181250000E+05	8.088473E-04	8.757067E+01
2.94050000000E+05	8.499552E-04	8.154842E+01
2.95918750000E+05	6.397470E-04	8.868572E+01
2.97787500000E+05	9.458314E-04	8.026189E+01
2.99656250000E+05	7.324261E-04	8.213737E+01
3.01525000000E+05	6.961906E-04	8.842119E+01
3.03393750000E+05	3.389796E-04	8.480470E+01
3.05262500000E+05	9.303906E-04	7.134473E+01
3.07131250000E+05	4.559458E-04	7.789915E+01
3.09000000000E+05	8.700425E-04	9.210289E+01
3.10868750000E+05	8.780263E-04	7.954993E+01
3.12737500000E+05	6.620035E-04	8.570995E+01
3.14606250000E+05	7.502259E-04	9.363892E+01
3.16475000000E+05	8.183413E-04	9.670163E+01
3.18343750000E+05	8.555957E-04	9.891558E+01
3.20212500000E+05	7.635559E-04	9.260986E+01
3.22081250000E+05	7.604048E-04	7.820380E+01
3.23950000000E+05	8.215472E-04	8.684507E+01
3.25818750000E+05	8.869114E-04	8.177345E+01
3.27687500000E+05	8.554987E-04	6.572759E+01
3.29556250000E+05	1.062197E-03	8.502345E+01
3.31425000000E+05	8.763756E-04	7.947838E+01
3.33293750000E+05	8.019393E-04	1.088110E+02
3.35162500000E+05	7.675070E-04	7.812343E+01
3.37031250000E+05	8.784729E-04	8.274521E+01
3.38900000000E+05	6.255843E-04	8.632231E+01
3.40768750000E+05	6.707666E-04	9.384746E+01
3.42637500000E+05	5.966224E-04	9.879081E+01
3.44506250000E+05	8.358591E-04	7.614209E+01
3.46375000000E+05	9.404536E-04	7.958490E+01
3.48243750000E+05	1.100308E-03	9.160319E+01
3.50112500000E+05	7.627349E-04	5.545476E+01
3.51981250000E+05	1.068439E-03	8.982211E+01
3.53850000000E+05	7.707439E-04	1.040662E+02
3.55718750000E+05	7.789766E-04	8.897689E+01
3.57587500000E+05	9.612399E-04	8.997306E+01
3.59456250000E+05	7.285889E-04	9.385324E+01
3.61325000000E+05	8.288167E-04	9.083757E+01
3.63193750000E+05	7.800023E-04	8.608777E+01
3.65062500000E+05	9.114203E-04	8.380886E+01
3.66931250000E+05	1.004368E-03	8.353990E+01
3.68800000000E+05	9.975572E-04	9.928590E+01
3.70668750000E+05	8.890963E-04	9.122875E+01
3.72537500000E+05	1.237865E-03	7.172495E+01
3.74406250000E+05	1.002644E-03	8.782989E+01
3.76275000000E+05	1.233585E-03	8.038138E+01
3.78143750000E+05	9.648511E-04	8.547794E+01
3.80012500000E+05	8.018959E-04	7.101141E+01
3.81881250000E+05	1.110758E-03	7.349561E+01
3.83750000000E+05	9.795638E-04	6.723675E+01
3.85618750000E+05	9.283832E-04	7.301068E+01
3.87487500000E+05	9.553645E-04	8.999364E+01
3.89356250000E+05	9.695261E-04	8.288657E+01
3.91225000000E+05	1.021045E-03	8.596236E+01
3.93093750000E+05	8.445315E-04	8.063799E+01
3.94962500000E+05	9.099669E-04	9.878802E+01
3.96831250000E+05	1.157389E-03	8.059373E+01
3.98700000000E+05	8.455978E-04	8.710394E+01
4.00568750000E+05	1.051146E-03	8.201971E+01
4.02437500000E+05	9.467693E-04	8.412498E+01
4.04306250000E+05	1.002201E-03	7.570357E+01
4.06175000000E+05	8.842474E-04	8.309914E+01
4.08043750000E+05	1.125755E-03	8.761640E+01
4.09912500000E+05	1.093430E-03	7.466495E+01
4.11781250000E+05	1.034231E-03	7.555901E+01
4.13650000000E+05	7.621853E-04	7.410611E+01
4.15518750000E+05	9.245298E-04	8.568276E+01
4.17387500000E+05	1.024281E-03	7.934218E+01
4.19256250000E+05	1.074487E-03	7.868433E+01
4.21125000000E+05	1.046992E-03	7.851303E+01
4.22993750000E+05	9.538159E-04	8.444983E+01
4.24862500000E+05	9.774953E-04	7.448186E+01
4.26731250000E+05	1.037747E-03	8.607680E+01
4.28600000000E+05	9.880930E-04	9.057744E+01
4.30468750000E+05	1.049964E-03	8.364432E+01
4.32337500000E+05	9.545120E-04	9.964826E+01
4.34206250000E+05	1.126463E-03	8.346735E+01
4.36075000000E+05	1.036291E-03	8.255956E+01
4.37943750000E+05	9.907822E-04	9.313180E+01
4.39812500000E+05	1.129615E-03	8.013264E+01
4.41681250000E+05	1.220096E-03	9.136877E+01
4.43550000000E+05	1.023065E-03	8.960064E+01
4.45418750000E+05	9.749021E-04	8.162115E+01
4.47287500000E+05	1.035501E-03	8.657048E+01
4.49156250000E+05	1.048760E-03	8.846124E+01
4.51025000000E+05	1.139990E-03	7.815974E+01
4.52893750000E+05	1.251190E-03	8.203172E+01
4.54762500000E+05	1.083481E-03	7.531432E+01
4.56631250000E+05	1.187560E-03	9.009638E+01
4.58500000000E+05	1.372201E-03	7.884342E+01
4.60368750000E+05	9.425415E-04	8.636476E+01
4.62237500000E+05	1.206262E-03	7.838364E+01
4.64106250000E+05	1.158736E-03	8.005859E+01
4.65975000000E+05	1.246198E-03	7.969793E+01
4.67843750000E+05	1.160453E-03	8.176895E+01
4.69712500000E+05	1.052351E-03	9.022120E+01
4.71581250000E+05	1.143316E-03	9.403184E+01
4.73450000000E+05	1.134491E-03	9.147422E+01
4.75318750000E+05	1.339002E-03	8.616631E+01
4.77187500000E+05	1.211321E-03	7.914860E+01
4.79056250000E+05	1.172256E-03	7.831285E+01
4.80925000000E+05	1.117893E-03	8.540478E+01
4.82793750000E+05	1.146150E-03	8.668884E+01
4.84662500000E+05	1.209198E-03	8.702056E+01
4.86531250000E+05	1.143311E-03	8.353770E+01
4.88400000000E+05	1.081635E-03	8.790712E+01
4.90268750000E+05	1.400525E-03	8.689777E+01
4.92137500000E+05	1.169580E-03	7.738374E+01
4.94006250000E+05	1.348658E-03	8.578537E+01
4.95875000000E+05	1.225813E-03	8.750838E+01
4.97743750000E+05	1.300946E-03	8.173096E+01
4.99612500000E+05	1.115548E-03	8.385018E+01
5.01481250000E+05	1.160322E-03	9.256139E+01
5.03350000000E+05	1.290242E-03	8.380457E+01
5.05218750000E+05	1.067923E-03	7.974849E+01
5.07087500000E+05	1.280254E-03	8.350658E+01
5.08956250000E+05	1.143259E-03	8.039513E+01
5.10825000000E+05	1.241591E-03	8.137016E+01
5.12693750000E+05	1.156577E-03	8.338493E+01
5.14562500000E+05	1.268288E-03	7.984506E+01
5.16431250000E+05	1.086726E-03	7.806149E+01
5.18300000000E+05	1.408952E-03	8.242548E+01
5.20168750000E+05	1.359276E-03	8.344736E+01
5.22037500000E+05	1.301696E-03	8.852974E+01
5.23906250000E+05	1.307703E-03	8.142087E+01
5.25775000000E+05	1.189840E-03	8.389705E+01
5.27643750000E+05	1.257661E-03	9.127294E+01
5.29512500000E+05	1.385519E-03	8.501533E+01
5.31381250000E+05	1.222419E-03	8.405096E+01
5.33250000000E+05	1.277244E-03	8.517333E+01
5.35118750000E+05	1.282615E-03	8.687920E+01
5.36987500000E+05	1.266655E-03	8.480997E+01
5.38856250000E+05	1.324194E-03	8.259051E+01
5.40725000000E+05	1.273653E-03	8.666503E+01
5.42593750000E+05	1.268283E-03	8.844064E+01
5.44462500000E+05	1.142604E-03	7.777027E+01
5.46331250000E+05	1.279782E-03	8.245028E+01
5.48200000000E+05	1.418086E-03	8.430781E+01
5.50068750000E+05	1.373130E-03	8.050990E+01
5.51937500000E+05	1.162884E-03	8.052396E+01
5.53806250000E+05	1.338427E-03	8.115681E+01
5.55675000000E+05	1.477507E-03	7.185862E+01
5.57543750000E+05	1.275638E-03	8.695332E+01
5.59412500000E+05	1.386931E-03	8.855006E+01
5.61281250000E+05	1.319891E-03	8.669077E+01
5.63150000000E+05	1.374752E-03	8.924005E+01
5.65018750000E+05	1.358665E-03	8.688844E+01
5.66887500000E+05	1.241103E-03	8.797584E+01
5.68756250000E+05	1.076150E-03	8.089965E+01
5.70625000000E+05	1.415535E-03	8.076572E+01
5.72493750000E+05	1.463316E-03	8.414987E+01
5.74362500000E+05	1.375273E-03	8.176874E+01
5.76231250000E+05	1.339579E-03	7.919848E+01
5.78100000000E+05	1.304599E-03	8.694505E+01
5.79968750000E+05	1.426381E-03	8.765897E+01
5.81837500000E+05	1.416420E-03	8.484735E+01
5.83706250000E+05	1.464315E-03	7.700937E+01
5.85575000000E+05	1.358948E-03	7.992405E+01
5.87443750000E+05	1.279823E-03	7.994069E+01
5.89312500000E+05	1.350252E-03	9.183756E+01
5.91181250000E+05	1.598915E-03	8.499883E+01
5.93050000000E+05	1.469867E-03	8.281608E+01
5.94918750000E+05	1.255804E-03	8.886351E+01
5.96787500000E+05	1.285109E-03	8.530202E+01
5.98656250000E+05	1.367730E-03	9.229865E+01
6.00525000000E+05	1.532575E-03	8.433398E+01
6.02393750000E+05	1.279777E-03	7.540090E+01
6.04262500000E+05	1.548096E-03	7.928997E+01
6.06131250000E+05	1.598291E-03	8.481069E+01
6.08000000000E+05	1.549517E-03	8.094199E+01
6.09868750000E+05	1.385859E-03	7.851910E+01
6.11737500000E+05	1.406314E-03	8.008616E+01
6.13606250000E+05	1.659636E-03	8.110356E+01
6.15475000000E+05	1.405705E-03	7.700878E+01
6.17343750000E+05	1.495299E-03	8.349875E+01
6.19212500000E+05	1.535676E-03	8.628201E+01
6.21081250000E+05	1.427668E-03	7.999441E+01
6.22950000000E+05	1.566355E-03	8.356878E+01
6.24818750000E+05	1.451298E-03	7.997150E+01
6.26687500000E+05	1.650659E-03	7.848689E+01
6.28556250000E+05	1.627615E-03	8.223132E+01
6.30425000000E+05	1.666170E-03	8.794553E+01
6.32293750000E+05	1.445647E-03	8.539452E+01
6.34162500000E+05	1.710540E-03	7.797598E+01
6.36031250000E+05	1.611443E-03	8.372076E+01
6.37900000000E+05	1.589538E-03	8.214453E+01
6.39768750000E+05	1.614694E-03	8.001699E+01
6.41637500000E+05	1.589119E-03	7.855873E+01
6.43506250000E+05	1.590919E-03	8.628081E+01
6.45375000000E+05	1.622223E-03	7.651134E+01
6.47243750000E+05	1.407563E-03	8.513011E+01
6.49112500000E+05	1.439128E-03	8.650529E+01
6.50981250000E+05	1.592012E-03	8.224343E+01
6.52850000000E+05	1.703582E-03	8.646010E+01
6.54718750000E+05	1.846830E-03	8.014288E+01
6.56587500000E+05	1.474384E-03	7.618872E+01
6.58456250000E+05	1.673629E-03	8.180949E+01
6.60325000000E+05	1.655047E-03	7.975574E+01
6.62193750000E+05	1.558068E-03	7.681300E+01
6.64062500000E+05	1.690625E-03	8.538544E+01
6.65931250000E+05	1.764290E-03	8.303590E+01
6.67800000000E+05	1.690204E-03	8.364813E+01
6.69668750000E+05	1.711787E-03	8.013206E+01
6.71537500000E+05	1.541580E-03	8.660664E+01
6.73406250000E+05	1.870568E-03	8.231151E+01
6.75275000000E+05	1.660015E-03	7.830374E+01
6.77143750000E+05	1.811493E-03	8.194558E+01
6.79012500000E+05	1.833868E-03	8.410803E+01
6.80881250000E+05	1.917631E-03	8.314111E+01
6.82750000000E+05	1.714175E-03	7.956181E+01
6.84618750000E+05	1.589458E-03	8.204647E+01
6.86487500000E+05	1.743892E-03	7.841195E+01
6.88356250000E+05	1.470272E-03	8.057281E+01
6.90225000000E+05	1.515524E-03	8.525970E+01
6.92093750000E+05	1.820051E-03	8.893574E+01
6.93962500000E+05	1.775593E-03	8.172167E+01
6.95831250000E+05	1.684343E-03	7.775325E+01
6.97700000000E+05	1.598757E-03	7.923224E+01
6.99568750000E+05	1.636881E-03	8.392763E+01
7.01437500000E+05	1.521845E-03	8.036400E+01
7.03306250000E+05	1.898337E-03	8.298073E+01
7.05175000000E+05	1.627186E-03	8.128587E+01
7.07043750000E+05	1.605792E-03	8.956631E+01
7.08912500000E+05	1.634903E-03	8.371584E+01
7.10781250000E+05	1.607416E-03	8.088593E+01
7.12650000000E+05	1.449662E-03	8.721193E+01
7.14518750000E+05	1.881131E-03	8.172124E+01
7.16387500000E+05	1.785014E-03	8.967626E+01
7.18256250000E+05	1.795488E-03	8.520330E+01
7.20125000000E+05	1.702187E-03	8.258985E+01
7.21993750000E+05	1.759597E-03	8.398785E+01
7.23862500000E+05	1.865646E-03	8.841615E+01
7.25731250000E+05	1.740739E-03	8.554944E+01
7.27600000000E+05	1.853923E-03	8.177873E+01
7.29468750000E+05	1.912855E-03	8.345483E+01
7.31337500000E+05	1.847386E-03	8.686839E+01
7.33206250000E+05	1.726441E-03	8.374258E+01
7.35075000000E+05	1.604255E-03	8.333078E+01
7.36943750000E+05	1.977074E-03	7.914145E+01
7.38812500000E+05	1.833694E-03	8.043188E+01
7.40681250000E+05	1.966532E-03	8.175214E+01
7.42550000000E+05	1.968265E-03	8.125460E+01
7.44418750000E+05	1.913448E-03	8.716463E+01
7.46287500000E+05	1.756544E-03	8.168801E+01
7.48156250000E+05	1.802957E-03	8.279617E+01
7.50025000000E+05	1.643717E-03	8.286996E+01
7.51893750000E+05	1.826091E-03	8.259173E+01
7.53762500000E+05	1.891673E-03	8.160160E+01
7.55631250000E+05	1.913857E-03	8.658073E+01
7.57500000000E+05	1.964050E-03	8.353867E+01
7.59368750000E+05	2.047119E-03	8.161774E+01
7.61237500000E+05	1.924937E-03	8.112397E+01
7.63106250000E+05	1.752633E-03	8.097739E+01
7.64975000000E+05	1.955892E-03	7.833222E+01
7.66843750000E+05	1.988751E-03	7.899510E+01
7.68712500000E+05	1.883578E-03	8.621590E+01
7.70581250000E+05	1.929798E-03	8.354938E+01
7.72450000000E+05	1.998080E-03	8.124065E+01
7.74318750000E+05	1.943874E-03	8.126604E+01
7.76187500000E+05	1.797508E-03	8.387310E+01
7.78056250000E+05	1.830050E-03	7.976048E+01
7.79925000000E+05	1.970517E-03	7.557793E+01
7.81793750000E+05	1.781825E-03	8.471136E+01
7.83662500000E+05	1.929440E-03	8.085932E+01
7.85531250000E+05	2.066351E-03	8.390109E+01
7.87400000000E+05	1.834489E-03	8.281611E+01
7.89268750000E+05	1.739400E-03	7.574519E+01
7.91137500000E+05	1.824149E-03	7.918184E+01
7.93006250000E+05	1.975141E-03	8.358086E+01
7.94875000000E+05	1.818437E-03	8.595995E+01
7.96743750000E+05	1.979639E-03	8.571017E+01
7.98612500000E+05	1.924022E-03	8.494908E+01
8.00481250000E+05	1.949978E-03	8.200990E+01
8.02350000000E+05	2.085133E-03	8.137505E+01
8.04218750000E+05	1.851455E-03	7.756799E+01
8.06087500000E+05	2.034572E-03	7.899557E+01
8.07956250000E+05	1.976320E-03	8.235740E+01
8.09825000000E+05	2.012485E-03	8.178123E+01
8.11693750000E+05	1.995587E-03	8.050903E+01
8.13562500000E+05	1.941081E-03	7.750287E+01
8.15431250000E+05	1.800204E-03	8.487552E+01
8.17300000000E+05	1.992766E-03	8.363308E+01
8.19168750000E+05	1.915354E-03	8.284011E+01
8.21037500000E+05	2.007252E-03	8.603741E+01
8.22906250000E+05	2.031800E-03	8.300233E+01
8.24775000000E+05	2.043950E-03	8.137821E+01
8.26643750000E+05	2.004114E-03	8.128793E+01
8.28512500000E+05	2.001694E-03	7.774136E+01
8.30381250000E+05	2.021963E-03	8.328759E+01
8.32250000000E+05	1.941608E-03	8.342622E+01
8.34118750000E+05	2.023527E-03	8.410919E+01
8.35987500000E+05	2.074874E-03	8.268093E+01
8.37856250000E+05	1.853834E-03	7.828625E+01
8.39725000000E+05	1.914597E-03	7.776697E+01
8.41593750000E+05	1.828151E-03	8.312907E+01
8.43462500000E+05	1.965935E-03	8.262213E+01
8.45331250000E+05	1.876879E-03	8.518342E+01
8.47200000000E+05	2.198136E-03	8.622450E+01
8.49068750000E+05	2.035586E-03	7.974194E+01
8.50937500000E+05	2.049207E-03	8.190308E+01
8.52806250000E+05	2.051778E-03	8.281631E+01
8.54675000000E+05	1.947271E-03	8.653777E+01
8.56543750000E+05	2.129727E-03	8.484123E+01
8.58412500000E+05	1.968308E-03	7.821915E+01
8.60281250000E+05	1.985922E-03	8.422872E+01
8.62150000000E+05	2.060482E-03	8.116600E+01
8.64018750000E+05	2.027346E-03	7.865915E+01
8.65887500000E+05	2.218000E-03	7.669908E+01
8.67756250000E+05	2.013489E-03	8.267945E+01
8.69625000000E+05	1.923559E-03	8.135851E+01
8.71493750000E+05	1.927579E-03	8.259597E+01
8.73362500000E+05	2.187352E-03	8.323325E+01
8.75231250000E+05	1.975334E-03	7.773870E+01
8.77100000000E+05	1.970142E-03	8.429188E+01
8.78968750000E+05	2.227852E-03	8.377129E+01
8.80837500000E+05	1.991370E-03	8.522459E+01
8.82706250000E+05	1.980362E-03	8.502524E+01
8.84575000000E+05	2.233847E-03	7.948401E+01
8.86443750000E+05	2.042806E-03	8.401179E+01
8.88312500000E+05	1.932676E-03	8.225195E+01
8.90181250000E+05	2.069891E-03	8.102122E+01
8.92050000000E+05	1.896074E-03	8.261383E+01
8.93918750000E+05	2.038144E-03	8.303591E+01
8.95787500000E+05	2.263058E-03	8.233217E+01
8.97656250000E+05	2.264339E-03	8.193362E+01
8.99525000000E+05	2.135305E-03	8.146336E+01
9.01393750000E+05	2.156717E-03	8.132672E+01
9.03262500000E+05	2.269062E-03	8.392155E+01
9.05131250000E+05	2.130778E-03	8.266841E+01
9.07000000000E+05	2.276659E-03	8.035446E+01
9.08868750000E+05	2.293685E-03	8.075684E+01
9.10737500000E+05	2.354868E-03	8.076241E+01
9.12606250000E+05	2.038890E-03	8.097192E+01
9.14475000000E+05	2.306964E-03	8.327682E+01
9.16343750000E+05	2.214707E-03	7.848911E+01
9.18212500000E+05	2.324317E-03	8.129488E+01
9.20081250000E+05	2.467535E-03	8.605997E+01
9.21950000000E+05	2.252636E-03	8.147958E+01
9.23818750000E+05	2.265583E-03	7.670073E+01
9.25687500000E+05	2.141336E-03	8.176205E+01
9.27556250000E+05	2.349944E-03	8.805456E+01
9.29425000000E+05	2.393824E-03	7.689945E+01
9.31293750000E+05	2.140424E-03	8.201914E+01
9.33162500000E+05	2.358189E-03	8.211789E+01
9.35031250000E+05	2.008057E-03	8.692266E+01
9.36900000000E+05	2.229791E-03	8.449103E+01
9.38768750000E+05	2.306346E-03	8.268374E+01
9.40637500000E+05	2.380146E-03	8.516249E+01
9.42506250000E+05	2.344145E-03	8.229513E+01
9.44375000000E+05	2.204557E-03	8.171590E+01
9.46243750000E+05	2.103732E-03	7.929089E+01
9.48112500000E+05	2.237780E-03	8.122293E+01
9.49981250000E+05	2.157171E-03	7.882613E+01
9.51850000000E+05	2.163172E-03	8.250059E+01
9.53718750000E+05	2.512604E-03	7.964680E+01
9.55587500000E+05	2.339299E-03	7.937414E+01
9.57456250000E+05	2.284174E-03	8.366334E+01
9.59325000000E+05	2.195550E-03	7.860378E+01
9.61193750000E+05	2.291530E-03	7.790936E+01
9.63062500000E+05	2.317179E-03	8.227505E+01
9.64931250000E+05	2.539405E-03	8.006887E+01
9.66800000000E+05	2.395748E-03	7.841742E+01
9.68668750000E+05	2.419124E-03	8.353239E+01
9.70537500000E+05	2.317674E-03	8.720930E+01
9.72406250000E+05	2.263762E-03	8.180959E+01
9.74275000000E+05	2.432255E-03	7.707784E+01
9.76143750000E+05	2.331871E-03	7.541300E+01
9.78012500000E+05	2.302703E-03	7.599214E+01
9.79881250000E+05	2.386258E-03	8.097183E+01
9.81750000000E+05	2.564500E-03	8.569138E+01
9.83618750000E+05	2.454175E-03	7.905357E+01
9.85487500000E+05	2.472911E-03	8.625568E+01
9.87356250000E+05	2.386000E-03	8.265912E+01
9.89225000000E+05	2.374089E-03	7.845047E+01
9.91093750000E+05	2.296914E-03	7.914374E+01
9.92962500000E+05	2.507145E-03	8.040452E+01
9.94831250000E+05	2.410630E-03	8.276087E+01
9.96700000000E+05	2.181898E-03	7.789661E+01
9.98568750000E+05	2.270091E-03	8.109520E+01
1.00043750000E+06	2.421361E-03	8.112624E+01
1.00230625000E+06	2.544119E-03	7.468139E+01
1.00417500000E+06	2.378410E-03	8.405299E+01
1.00604375000E+06	2.366375E-03	8.013436E+01
1.00791250000E+06	2.461834E-03	7.785293E+01
1.00978125000E+06	2.483146E-03	8.070462E+01
1.01165000000E+06	2.372511E-03	8.054025E+01
1.01351875000E+06	2.584845E-03	8.099712E+01
1.01538750000E+06	2.607212E-03	7.658501E+01
1.01725625000E+06	2.502066E-03	7.631762E+01
1.01912500000E+06	2.208444E-03	8.304801E+01
1.02099375000E+06	2.401367E-03	8.323705E+01
1.02286250000E+06	2.437372E-03	8.361520E+01
1.02473125000E+06	2.574908E-03	7.657719E+01
1.02660000000E+06	2.395760E-03	7.996034E+01
1.02846875000E+06	2.324605E-03	8.334216E+01
1.03033750000E+06	2.359790E-03	8.338464E+01
1.03220625000E+06	2.618672E-03	8.523484E+01
1.03407500000E+06	2.381854E-03	8.065086E+01
1.03594375000E+06	2.424150E-03	8.176626E+01
1.03781250000E+06	2.473369E-03	7.952291E+01
1.03968125000E+06	2.542348E-03	7.695599E+01
1.04155000000E+06	2.478281E-03	7.851342E+01
1.04341875000E+06	2.323854E-03	7.790459E+01
1.04528750000E+06	2.410080E-03	8.411650E+01
1.04715625000E+06	2.372104E-03	8.041285E+01
1.04902500000E+06	2.578424E-03	8.224661E+01
1.05089375000E+06	2.345148E-03	7.980238E+01
1.05276250000E+06	2.395902E-03	8.024184E+01
1.05463125000E+06	2.743036E-03	8.377338E+01
1.05650000000E+06	2.416311E-03	7.963906E+01
1.05836875000E+06	2.571195E-03	8.080312E+01
1.06023750000E+06	2.541476E-03	7.988671E+01
1.06210625000E+06	2.432385E-03	8.114839E+01
1.06397500000E+06	2.364946E-03	8.016903E+01
1.06584375000E+06	2.456959E-03	7.551492E+01
1.06771250000E+06	2.762751E-03	7.882263E+01
1.06958125000E+06	2.648116E-03	8.216162E+01
1.07145000000E+06	2.707956E-03	7.798082E+01
1.07331875000E+06	2.593837E-03	8.317908E+01
1.07518750000E+06	2.588646E-03	8.414075E+01
1.07705625000E+06	2.765260E-03	7.886847E+01
1.07892500000E+06	2.655558E-03	7.798871E+01
1.08079375000E+06	2.606748E-03	8.292055E+01
1.08266250000E+06	2.767926E-03	8.296207E+01
1.08453125000E+06	2.882538E-03	8.040118E+01
1.08640000000E+06	2.735349E-03	7.489239E+01
1.08826875000E+06	2.491919E-03	8.251768E+01
1.09013750000E+06	2.509005E-03	8.152760E+01
1.09200625000E+06	2.579618E-03	8.096111E+01
1.09387500000E+06	2.650989E-03	7.961441E+01
1.09574375000E+06	2.752585E-03	8.241273E+01
1.09761250000E+06	2.420906E-03	8.208209E+01
1.09948125000E+06	2.612000E-03	8.481433E+01
1.10135000000E+06	2.635390E-03	8.570114E+01
1.10321875000E+06	2.475772E-03	7.943044E+01
1.10508750000E+06	2.612212E-03	7.869587E+01
1.10695625000E+06	2.588059E-03	8.227488E+01
1.10882500000E+06	2.587483E-03	8.046995E+01
1.11069375000E+06	2.672811E-03	7.653873E+01
1.11256250000E+06	2.751037E-03	8.035374E+01
1.11443125000E+06	2.656261E-03	8.150131E+01
1.11630000000E+06	2.510457E-03	8.117261E+01
1.11816875000E+06	2.719891E-03	8.009142E+01
1.12003750000E+06	2.473878E-03	7.863341E+01
1.12190625000E+06	2.767309E-03	7.497852E+01
1.12377500000E+06	2.684389E-03	8.165953E+01
1.12564375000E+06	2.506038E-03	7.927642E+01
1.12751250000E+06	2.748343E-03	7.914710E+01
1.12938125000E+06	2.727269E-03	8.352651E+01
1.13125000000E+06	2.862917E-03	8.144319E+01
1.13311875000E+06	2.694336E-03	8.066791E+01
1.13498750000E+06	2.651043E-03	8.200430E+01
1.13685625000E+06	2.770180E-03	8.117642E+01
1.13872500000E+06	2.675040E-03	8.047367E+01
1.14059375000E+06	2.864062E-03	7.862424E+01
1.14246250000E+06	2.752160E-03	8.548802E+01
1.14433125000E+06	2.855529E-03	7.978573E+01
1.14620000000E+06	2.759144E-03	7.689001E+01
1.14806875000E+06	2.924701E-03	8.026971E+01
1.14993750000E+06	2.664100E-03	8.019350E+01
1.15180625000E+06	2.832786E-03	8.142391E+01
1.15367500000E+06	2.832906E-03	7.826850E+01
1.15554375000E+06	2.659295E-03	8.082722E+01
1.15741250000E+06	2.735893E-03	8.054485E+01
1.15928125000E+06	2.774103E-03	7.875087E+01
1.16115000000E+06	2.844575E-03	8.411201E+01
1.16301875000E+06	2.631582E-03	8.104240E+01
1.16488750000E+06	2.836174E-03	7.967281E+01
1.16675625000E+06	2.772529E-03	7.959055E+01
1.16862500000E+06	2.773784E-03	8.529517E+01
1.17049375000E+06	2.770789E-03	7.891004E+01
1.17236250000E+06	2.766609E-03	8.035819E+01
1.17423125000E+06	2.807181E-03	7.626980E+01
1.17610000000E+06	2.736019E-03	7.715675E+01
1.17796875000E+06	2.826034E-03	7.941457E+01
1.17983750000E+06	2.798940E-03	7.471196E+01
1.18170625000E+06	2.858637E-03	8.229479E+01
1.18357500000E+06	2.897418E-03	7.984335E+01
1.18544375000E+06	2.965813E-03	8.015778E+01
1.18731250000E+06	3.169749E-03	8.272424E+01
1.18918125000E+06	2.958649E-03	8.415884E+01
1.19105000000E+06	2.837687E-03	8.282662E+01
1.19291875000E+06	2.607839E-03	7.892999E+01
1.19478750000E+06	2.991532E-03	7.904871E+01
1.19665625000E+06	2.775992E-03	8.189822E+01
1.19852500000E+06	2.719293E-03	8.305096E+01
1.20039375000E+06	2.928747E-03	8.005965E+01
1.20226250000E+06	2.647271E-03	8.307599E+01
1.20413125000E+06	2.639657E-03	8.137041E+01
1.20600000000E+06	3.105966E-03	7.802204E+01
1.20786875000E+06	2.908569E-03	8.277737E+01
1.20973750000E+06	2.781643E-03	7.746237E+01
1.21160625000E+06	2.763737E-03	8.113629E+01
1.21347500000E+06	2.893829E-03	7.707009E+01
1.21534375000E+06	3.069723E-03	8.187820E+01
1.21721250000E+06	2.798503E-03	7.808651E+01
1.21908125000E+06	2.888146E-03	8.092591E+01
1.22095000000E+06	2.815973E-03	7.540183E+01
1.22281875000E+06	2.941657E-03	7.835316E+01
1.22468750000E+06	2.857881E-03	8.052830E+01
1.22655625000E+06	2.794848E-03	7.930860E+01
1.22842500000E+06	2.869101E-03	7.929956E+01
1.23029375000E+06	2.799252E-03	7.827238E+01
1.23216250000E+06	3.100534E-03	8.057087E+01
1.23403125000E+06	3.016912E-03	8.182653E+01
1.23590000000E+06	2.932775E-03	7.751366E+01
1.23776875000E+06	2.922480E-03	7.933489E+01
1.23963750000E+06	2.901776E-03	7.721239E+01
1.24150625000E+06	2.982404E-03	8.226538E+01
1.24337500000E+06	3.007632E-03	7.829086E+01
1.24524375000E+06	2.914315E-03	7.718932E+01
1.24711250000E+06	2.828947E-03	7.858308E+01
1.24898125000E+06	3.076294E-03	7.868446E+01
1.25085000000E+06	2.971521E-03	7.912044E+01
1.25271875000E+06	2.953110E-03	7.507820E+01
1.25458750000E+06	3.028938E-03	8.110482E+01
1.25645625000E+06	2.920666E-03	7.822448E+01
1.25832500000E+06	2.995053E-03	7.799277E+01
1.26019375000E+06	2.955697E-03	8.065248E+01
1.26206250000E+06	3.051519E-03	8.322958E+01
1.26393125000E+06	2.910314E-03	8.052145E+01
1.26580000000E+06	2.950880E-03	8.128553E+01
1.26766875000E+06	3.009482E-03	7.755609E+01
1.26953750000E+06	3.161289E-03	8.092986E+01
1.27140625000E+06	3.013839E-03	7.814371E+01
1.27327500000E+06	2.817197E-03	7.628831E+01
1.27514375000E+06	3.168681E-03	7.890292E+01
1.27701250000E+06	3.014197E-03	8.267715E+01
1.27888125000E+06	3.091714E-03	8.022013E+01
1.28075000000E+06	3.038063E-03	8.060630E+01
1.28261875000E+06	3.011032E-03	8.046095E+01
1.28448750000E+06	2.836512E-03	7.694273E+01
1.28635625000E+06	3.279397E-03	8.097853E+01
1.28822500000E+06	3.087914E-03	7.678532E+01
1.29009375000E+06	3.152242E-03	8.066728E+01
1.29196250000E+06	3.036695E-03	7.728854E+01
1.29383125000E+06	2.789491E-03	8.155209E+01
1.29570000000E+06	3.135589E-03	8.082427E+01
1.29756875000E+06	3.269355E-03	7.690852E+01
1.29943750000E+06	3.072432E-03	7.795469E+01
1.30130625000E+06	2.925288E-03	7.956316E+01
1.30317500000E+06	3.089938E-03	8.043712E+01
1.30504375000E+06	2.914370E-03	8.019396E+01
1.30691250000E+06	3.293695E-03	8.082045E+01
1.30878125000E+06	2.949454E-03	8.205008E+01
1.31065000000E+06	3.076445E-03	7.929994E+01
1.31251875000E+06	3.156942E-03	8.060851E+01
1.31438750000E+06	3.104604E-03	7.908934E+01
1.31625625000E+06	2.935766E-03	7.985884E+01
1.31812500000E+06	3.037690E-03	8.375665E+01
1.31999375000E+06	2.926956E-03	8.012734E+01
1.32186250000E+06	3.143868E-03	8.187071E+01
1.32373125000E+06	3.182658E-03	7.945370E+01
1.32560000000E+06	3.091838E-03	8.285037E+01
1.32746875000E+06	2.999761E-03	7.776657E+01
1.32933750000E+06	3.085315E-03	8.095982E+01
1.33120625000E+06	3.166504E-03	8.216639E+01
1.33307500000E+06	3.082068E-03	7.950645E+01
1.33494375000E+06	3.097158E-03	8.085814E+01
1.33681250000E+06	3.131155E-03	7.831380E+01
1.33868125000E+06	3.072482E-03	8.086488E+01
1.34055000000E+06	3.175768E-03	7.521281E+01
1.34241875000E+06	3.205635E-03	7.924041E+01
1.34428750000E+06	3.101085E-03	8.051891E+01
1.34615625000E+06	3.298832E-03	7.616751E+01
1.34802500000E+06	3.249397E-03	7.886937E+01
1.34989375000E+06	3.174272E-03	7.555450E+01
1.35176250000E+06	3.186563E-03	8.002126E+01
1.35363125000E+06	3.220588E-03	7.995848E+01
1.35550000000E+06	3.135602E-03	8.043348E+01
1.35736875000E+06	3.127923E-03	7.739091E+01
1.35923750000E+06	3.226250E-03	8.127304E+01
1.36110625000E+06	3.117358E-03	8.355074E+01
1.36297500000E+06	3.456330E-03	7.787656E+01
1.36484375000E+06	3.244318E-03	8.384212E+01
1.36671250000E+06	3.245728E-03	8.255737E+01
1.36858125000E+06	3.450574E-03	7.897201E+01
1.37045000000E+06	3.182742E-03	8.054034E+01
1.37231875000E+06	3.177511E-03	7.836745E+01
1.37418750000E+06	3.088956E-03	7.836883E+01
1.37605625000E+06	3.216709E-03	7.912278E+01
1.37792500000E+06	3.451484E-03	7.934502E+01
1.37979375000E+06	3.219686E-03	7.836700E+01
1.38166250000E+06	3.050133E-03	8.076221E+01
1.38353125000E+06	3.436133E-03	7.628547E+01
1.38540000000E+06	3.325155E-03	8.084933E+01
1.38726875000E+06	3.140514E-03	8.199657E+01
1.38913750000E+06	3.205885E-03	7.715791E+01
1.39100625000E+06	3.128896E-03	7.864096E+01
1.39287500000E+06	3.409898E-03	7.707701E+01
1.39474375000E+06	3.319251E-03	8.101560E+01
1.39661250000E+06	3.367675E-03	8.043138E+01
1.39848125000E+06	3.558795E-03	7.731413E+01
1.40035000000E+06	3.473935E-03	7.906244E+01
1.40221875000E+06	3.358782E-03	7.700477E+01
1.40408750000E+06	3.303656E-03	7.421777E+01
1.40595625000E+06	3.498110E-03	7.981108E+01
1.40782500000E+06	3.397345E-03	8.119118E+01
1.40969375000E+06	3.359923E-03	7.440049E+01
1.41156250000E+06	3.252832E-03	8.037492E+01
1.41343125000E+06	3.251017E-03	7.979242E+01
1.41530000000E+06	3.391182E-03	7.874023E+01
1.41716875000E+06	3.426471E-03	8.048154E+01
1.41903750000E+06	3.415251E-03	7.649661E+01
1.42090625000E+06	3.305120E-03	7.586160E+01
1.42277500000E+06	3.258803E-03	7.831554E+01
1.42464375000E+06	3.315890E-03	7.926033E+01
1.42651250000E+06	3.484115E-03	8.208192E+01
1.42838125000E+06	3.310267E-03	7.810616E+01
1.43025000000E+06	3.294112E-03	7.882235E+01
1.43211875000E+06	3.382931E-03	7.832709E+01
1.43398750000E+06	3.204483E-03	8.040662E+01
1.43585625000E+06	3.156049E-03	7.979969E+01
1.43772500000E+06	3.409405E-03	7.632903E+01
1.43959375000E+06	3.452628E-03	7.853867E+01
1.44146250000E+06	3.304617E-03	7.541556E+01
1.44333125000E+06	3.385673E-03	7.939924E+01
1.44520000000E+06	3.507393E-03	8.046378E+01
1.44706875000E+06	3.310602E-03	7.636407E+01
1.44893750000E+06	3.274813E-03	7.938358E+01
1.45080625000E+06	3.106616E-03	7.871717E+01
1.45267500000E+06	3.632238E-03	7.859676E+01
1.45454375000E+06	3.293765E-03	8.043598E+01
1.45641250000E+06	3.201025E-03	7.693720E+01
1.45828125000E+06	3.294470E-03	7.924725E+01
1.46015000000E+06	3.602307E-03	7.917311E+01
1.46201875000E+06	3.475093E-03	7.555936E+01
1.46388750000E+06	3.373059E-03	7.781299E+01
1.46575625000E+06	3.317988E-03	7.775349E+01
1.46762500000E+06	3.355930E-03	7.437231E+01
1.46949375000E+06	3.332367E-03	7.895761E+01
1.47136250000E+06	3.417641E-03	7.792470E+01
1.47323125000E+06	3.459445E-03	8.151746E+01
1.47510000000E+06	3.285951E-03	8.012799E+01
1.47696875000E+06	3.321551E-03	7.850024E+01
1.47883750000E+06	3.471021E-03	7.970446E+01
1.48070625000E+06	3.527440E-03	8.087489E+01
1.48257500000E+06	3.307907E-03	7.821689E+01
1.48444375000E+06	3.638231E-03	7.587754E+01
1.48631250000E+06	3.575567E-03	7.903860E+01
1.48818125000E+06	3.315069E-03	8.307365E+01
1.49005000000E+06	3.554736E-03	8.239696E+01
1.49191875000E+06	3.658739E-03	7.752586E+01
1.49378750000E+06	3.535355E-03	7.633327E+01
1.49565625000E+06	3.305283E-03	7.841859E+01
1.49752500000E+06	3.320077E-03	7.415860E+01
1.49939375000E+06	3.492323E-03	7.658723E+01
1.50126250000E+06	3.345447E-03	7.702791E+01
1.50313125000E+06	3.640257E-03	7.613451E+01
1.50500000000E+06	3.533924E-03	7.957191E+01
1.50686875000E+06	3.529908E-03	8.051274E+01
1.50873750000E+06	3.612451E-03	7.815862E+01
1.51060625000E+06	3.563737E-03	7.661344E+01
1.51247500000E+06	3.591163E-03	7.947837E+01
1.51434375000E+06	3.519842E-03	7.851802E+01
1.51621250000E+06	3.745113E-03	8.065952E+01
1.51808125000E+06	3.577774E-03	7.941280E+01
1.51995000000E+06	3.475537E-03	8.056954E+01
1.52181875000E+06	3.741235E-03	7.933912E+01
1.52368750000E+06	3.472690E-03	7.760348E+01
1.52555625000E+06	3.568224E-03	7.613866E+01
1.52742500000E+06	3.486235E-03	7.833461E+01
1.52929375000E+06	3.569894E-03	7.884829E+01
1.53116250000E+06	3.608155E-03	7.826186E+01
1.53303125000E+06	3.809807E-03	7.788374E+01
1.53490000000E+06	3.671111E-03	7.932366E+01
1.53676875000E+06	3.344350E-03	7.705733E+01
1.53863750000E+06	3.623112E-03	7.959259E+01
1.54050625000E+06	3.636114E-03	7.835084E+01
1.54237500000E+06	3.708101E-03	7.907139E+01
1.54424375000E+06	3.321799E-03	7.838265E+01
1.54611250000E+06	3.721865E-03	7.884400E+01
1.54798125000E+06	3.583846E-03	7.800278E+01
1.54985000000E+06	3.772880E-03	7.625314E+01
1.55171875000E+06	3.475708E-03	7.758639E+01
1.55358750000E+06	3.658619E-03	7.993804E+01
1.55545625000E+06	3.452403E-03	7.470729E+01
1.55732500000E+06	3.714635E-03	8.122154E+01
1.55919375000E+06	3.575821E-03	7.737063E+01
1.56106250000E+06	3.567886E-03	8.193729E+01
1.56293125000E+06	3.869776E-03	7.400235E+01
1.56480000000E+06	3.847741E-03	8.093120E+01
1.56666875000E+06	3.511891E-03	8.187590E+01
1.56853750000E+06	3.483966E-03	7.665384E+01
1.57040625000E+06	3.561505E-03	7.524007E+01
1.57227500000E+06	3.576207E-03	7.695773E+01
1.57414375000E+06	3.436424E-03	7.995671E+01
1.57601250000E+06	3.696820E-03	7.726600E+01
1.57788125000E+06	3.714783E-03	8.127715E+01
1.57975000000E+06	3.545344E-03	7.678857E+01
1.58161875000E+06	3.802710E-03	7.415911E+01
1.58348750000E+06	3.948621E-03	7.861388E+01
1.58535625000E+06	3.691128E-03	7.977347E+01
1.58722500000E+06	3.805311E-03	7.782690E+01
1.58909375000E+06	3.546816E-03	8.047025E+01
1.59096250000E+06	3.585816E-03	7.844661E+01
1.59283125000E+06	3.766096E-03	7.870229E+01
1.59470000000E+06	3.837897E-03	7.779244E+01
1.59656875000E+06	3.586457E-03	7.660326E+01
1.59843750000E+06	3.775858E-03	8.133163E+01
1.60030625000E+06	3.716240E-03	7.906184E+01
1.60217500000E+06	3.823020E-03	7.993311E+01
1.60404375000E+06	3.569384E-03	7.724591E+01
1.60591250000E+06	3.831686E-03	7.493472E+01
1.60778125000E+06	3.665003E-03	7.978356E+01
1.60965000000E+06	3.770829E-03	7.662384E+01
1.61151875000E+06	3.668096E-03	7.910638E+01
1.61338750000E+06	3.508511E-03	7.996964E+01
1.61525625000E+06	3.809000E-03	7.856547E+01
1.61712500000E+06	3.724185E-03	7.734327E+01
1.61899375000E+06	3.911256E-03	7.740533E+01
1.62086250000E+06	3.650945E-03	7.519331E+01
1.62273125000E+06	3.643344E-03	7.785022E+01
1.62460000000E+06	3.784704E-03	7.474554E+01
1.62646875000E+06	3.694703E-03	8.143069E+01
1.62833750000E+06	3.955774E-03	7.863555E+01
1.63020625000E+06	3.463338E-03	8.004800E+01
1.63207500000E+06	3.713451E-03	7.769079E+01
1.63394375000E+06	3.840046E-03	7.725552E+01
1.63581250000E+06	3.817490E-03	7.840925E+01
1.63768125000E+06	3.828840E-03	8.179993E+01
1.63955000000E+06	3.818200E-03	7.862209E+01
1.64141875000E+06	3.805175E-03	7.706142E+01
1.64328750000E+06	3.673105E-03	7.963551E+01
1.64515625000E+06	3.811940E-03	7.872723E+01
1.64702500000E+06	3.760385E-03	7.807680E+01
1.64889375000E+06	3.891773E-03	7.719738E+01
1.65076250000E+06	3.929949E-03	7.756803E+01
1.65263125000E+06	3.963894E-03	7.731721E+01
1.65450000000E+06	3.780508E-03	7.775651E+01
1.65636875000E+06	3.818296E-03	7.738989E+01
1.65823750000E+06	3.816464E-03	7.723275E+01
1.66010625000E+06	4.018059E-03	7.960906E+01
1.66197500000E+06	3.916818E-03	7.879208E+01
1.66384375000E+06	3.759222E-03	7.698623E+01
1.66571250000E+06	3.880589E-03	8.113509E+01
1.66758125000E+06	3.811439E-03	7.692934E+01
1.66945000000E+06	3.772663E-03	7.755273E+01
1.67131875000E+06	3.611437E-03	7.838322E+01
1.67318750000E+06	3.870053E-03	7.854160E+01
1.67505625000E+06	3.866623E-03	7.652953E+01
1.67692500000E+06	3.845951E-03	7.922330E+01
1.67879375000E+06	3.892683E-03	7.313265E+01
1.68066250000E+06	3.789003E-03	8.165340E+01
1.68253125000E+06	4.036990E-03	7.459604E+01
1.68440000000E+06	3.965496E-03	7.979422E+01
1.68626875000E+06	4.128775E-03	7.949081E+01
1.68813750000E+06	3.960585E-03	7.409799E+01
1.69000625000E+06	3.993819E-03	8.311395E+01
1.69187500000E+06	3.732732E-03	8.042934E+01
1.69374375000E+06	3.873670E-03	7.675027E+01
1.69561250000E+06	3.722877E-03	7.244005E+01
1.69748125000E+06	3.689990E-03	7.486247E+01
1.69935000000E+06	3.903813E-03	7.460449E+01
1.70121875000E+06	4.016865E-03	7.655817E+01
1.70308750000E+06	4.206914E-03	7.833663E+01
1.70495625000E+06	3.822648E-03	7.895004E+01
1.70682500000E+06	3.977615E-03	7.987362E+01
1.70869375000E+06	4.007559E-03	7.555371E+01
1.71056250000E+06	4.023848E-03	7.548029E+01
1.71243125000E+06	3.776713E-03	7.951852E+01
1.71430000000E+06	4.131428E-03	7.822733E+01
1.71616875000E+06	3.790685E-03	7.837032E+01
1.71803750000E+06	4.098025E-03	7.655842E+01
1.71990625000E+06	4.058433E-03	8.015980E+01
1.72177500000E+06	4.016174E-03	7.648502E+01
1.72364375000E+06	4.069769E-03	7.947523E+01
1.72551250000E+06	3.948343E-03	7.820588E+01
1.72738125000E+06	3.840270E-03	8.004189E+01
1.72925000000E+06	4.074958E-03	7.772415E+01
1.73111875000E+06	4.055753E-03	7.928761E+01
1.73298750000E+06	3.995493E-03	7.776154E+01
1.73485625000E+06	3.920560E-03	7.779060E+01
1.73672500000E+06	3.963701E-03	7.698576E+01
1.73859375000E+06	4.011949E-03	7.953490E+01
1.74046250000E+06	4.037675E-03	7.824376E+01
1.74233125000E+06	4.029006E-03	7.811117E+01
1.74420000000E+06	4.173376E-03	7.587875E+01
1.74606875000E+06	3.924930E-03	7.732658E+01
1.74793750000E+06	4.100848E-03	7.798417E+01
1.74980625000E+06	4.118957E-03	7.836742E+01
1.75167500000E+06	3.947761E-03	8.168779E+01
1.75354375000E+06	4.137149E-03	7.642151E+01
1.75541250000E+06	4.069630E-03	7.805423E+01
1.75728125000E+06	4.046206E-03	7.825409E+01
1.75915000000E+06	4.199187E-03	7.828831E+01
1.76101875000E+06	3.967341E-03	7.834067E+01
1.76288750000E+06	4.131576E-03	8.033369E+01
1.76475625000E+06	4.070500E-03	7.985297E+01
1.76662500000E+06	4.207675E-03	7.482664E+01
1.76849375000E+06	4.179104E-03	7.842992E+01
1.77036250000E+06	4.156121E-03	7.532247E+01
1.77223125000E+06	4.205566E-03	7.479389E+01
1.77410000000E+06	4.166531E-03	7.804745E+01
1.77596875000E+06	4.165857E-03	7.978912E+01
1.77783750000E+06	4.061588E-03	7.818066E+01
1.77970625000E+06	4.429366E-03	7.764753E+01
1.78157500000E+06	4.078284E-03	7.594070E+01
1.78344375000E+06	4.179813E-03	7.855495E+01
1.78531250000E+06	4.169567E-03	7.515837E+01
1.78718125000E+06	4.154564E-03	7.596587E+01
1.78905000000E+06	4.190763E-03	7.778036E+01
1.79091875000E+06	4.189194E-03	7.747295E+01
1.79278750000E+06	4.137496E-03	7.810829E+01
1.79465625000E+06	4.288991E-03	7.612174E+01
1.79652500000E+06	4.182122E-03	7.694331E+01
1.79839375000E+06	4.208326E-03	7.826775E+01
1.80026250000E+06	4.215352E-03	7.779987E+01
1.80213125000E+06	4.156631E-03	7.799238E+01
1.80400000000E+06	4.204673E-03	7.840012E+01
1.80586875000E+06	4.131807E-03	7.854597E+01
1.80773750000E+06	4.175449E-03	7.656404E+01
1.80960625000E+06	4.208297E-03	7.855368E+01
1.81147500000E+06	4.289883E-03	7.945982E+01
1.81334375000E+06	4.275003E-03	7.671471E+01
1.81521250000E+06	4.164739E-03	7.805523E+01
1.81708125000E+06	4.264158E-03	7.774309E+01
1.81895000000E+06	4.448799E-03	7.975974E+01
1.82081875000E+06	4.263361E-03	7.696363E+01
1.82268750000E+06	4.101454E-03	7.737917E+01
1.82455625000E+06	4.422703E-03	7.892365E+01
1.82642500000E+06	4.283217E-03	7.984431E+01
1.82829375000E+06	4.245179E-03	7.886438E+01
1.83016250000E+06	4.192089E-03	8.162263E+01
1.83203125000E+06	4.191116E-03	8.120224E+01
1.83390000000E+06	4.312571E-03	7.818996E+01
1.83576875000E+06	4.467982E-03	7.559943E+01
1.83763750000E+06	4.245926E-03	7.718688E+01
1.83950625000E+06	3.967424E-03	7.597241E+01
1.84137500000E+06	4.327621E-03	7.407812E+01
1.84324375000E+06	4.389010E-03	7.747903E+01
1.84511250000E+06	4.571944E-03	7.845353E+01
1.84698125000E+06	4.284265E-03	7.950961E+01
1.84885000000E+06	4.219458E-03	7.864935E+01
1.85071875000E+06	4.302745E-03	7.455103E+01
1.85258750000E+06	4.554057E-03	7.696855E+01
1.85445625000E+06	4.263375E-03	8.033354E+01
1.85632500000E+06	4.434648E-03	7.659166E+01
1.85819375000E+06	4.286492E-03	7.923134E+01
1.86006250000E+06	4.170337E-03	7.568891E+01
1.86193125000E+06	4.464753E-03	7.650001E+01
1.86380000000E+06	4.521197E-03	8.100098E+01
1.86566875000E+06	4.457079E-03	7.987230E+01
1.86753750000E+06	4.482341E-03	7.907505E+01
1.86940625000E+06	4.404679E-03	7.667791E+01
1.87127500000E+06	4.477650E-03	7.912424E+01
1.87314375000E+06	4.528454E-03	7.696398E+01
1.87501250000E+06	4.442817E-03	7.294295E+01
1.87688125000E+06	4.499155E-03	7.845342E+01
1.87875000000E+06	4.491939E-03	7.566244E+01
1.88061875000E+06	4.313846E-03	7.826527E+01
1.88248750000E+06	4.360220E-03	7.665828E+01
1.88435625000E+06	4.447635E-03	7.608238E+01
1.88622500000E+06	4.433932E-03	7.692489E+01
1.88809375000E+06	4.373068E-03	7.894369E+01
1.88996250000E+06	4.248564E-03	7.892484E+01
1.89183125000E+06	4.454371E-03	7.682700E+01
1.89370000000E+06	4.635594E-03	7.817177E+01
1.89556875000E+06	4.601036E-03	7.738409E+01
1.89743750000E+06	4.723781E-03	7.921465E+01
1.89930625000E+06	4.512390E-03	7.809987E+01
1.90117500000E+06	4.456850E-03	7.876527E+01
1.90304375000E+06	4.518341E-03	7.521796E+01
1.90491250000E+06	4.616537E-03	7.767282E+01
1.90678125000E+06	4.514454E-03	7.641542E+01
1.90865000000E+06	4.491412E-03	7.755148E+01
1.91051875000E+06	4.540445E-03	7.834120E+01
1.91238750000E+06	4.484612E-03	7.921572E+01
1.91425625000E+06	4.562781E-03	7.869269E+01
1.91612500000E+06	4.544124E-03	7.843746E+01
1.91799375000E+06	4.441088E-03	7.832785E+01
1.91986250000E+06	4.756688E-03	7.552237E+01
1.92173125000E+06	4.357581E-03	7.828712E+01
1.92360000000E+06	4.685960E-03	7.692979E+01
1.92546875000E+06	4.611964E-03	7.765490E+01
1.92733750000E+06	4.428909E-03	7.576158E+01
1.92920625000E+06	4.437083E-03	7.866959E+01
1.93107500000E+06	4.553837E-03	7.833628E+01
1.93294375000E+06	4.575035E-03	7.619083E+01
1.93481250000E+06	4.598307E-03	7.766348E+01
1.93668125000E+06	4.593672E-03	7.702509E+01
1.93855000000E+06	4.602892E-03	7.697416E+01
1.94041875000E+06	4.454125E-03	7.901468E+01
1.94228750000E+06	4.724929E-03	7.588658E+01
1.94415625000E+06	4.663999E-03	7.809695E+01
1.94602500000E+06	4.699293E-03	7.786381E+01
1.94789375000E+06	4.640247E-03	7.768973E+01
1.94976250000E+06	4.599032E-03	7.968201E+01
1.95163125000E+06	4.620232E-03	7.772662E+01
1.95350000000E+06	4.632423E-03	7.737788E+01
1.95536875000E+06	4.715989E-03	7.582745E+01
1.95723750000E+06	4.754265E-03	7.610618E+01
1.95910625000E+06	4.538065E-03	7.800592E+01
1.96097500000E+06	4.758097E-03	7.778119E+01
1.96284375000E+06	4.691891E-03	7.620335E+01
1.96471250000E+06	4.555026E-03	7.706474E+01
1.96658125000E+06	4.749270E-03	7.702103E+01
1.96845000000E+06	4.522799E-03	7.745934E+01
1.97031875000E+06	4.720138E-03	7.581933E+01
1.97218750000E+06	4.703508E-03	7.676590E+01
1.97405625000E+06	4.820748E-03	7.592316E+01
1.97592500000E+06	4.726797E-03	7.735204E+01
1.97779375000E+06	4.711393E-03	7.789681E+01
1.97966250000E+06	4.782832E-03	7.829555E+01
1.98153125000E+06	4.697212E-03	7.747733E+01
1.98340000000E+06	4.576062E-03	7.551358E+01
1.98526875000E+06	4.900009E-03	7.725678E+01
1.98713750000E+06	4.789065E-03	7.627327E+01
1.98900625000E+06	4.588755E-03	7.594491E+01
1.99087500000E+06	4.769732E-03	7.628693E+01
1.99274375000E+06	4.778178E-03	7.588638E+01
1.99461250000E+06	4.494360E-03	7.681513E+01
1.99648125000E+06	5.162897E-03	7.796507E+01
1.99835000000E+06	4.903839E-03	7.589735E+01
2.00021875000E+06	4.961718E-03	7.716799E+01
2.00208750000E+06	4.867956E-03	7.600940E+01
2.00395625000E+06	4.874996E-03	7.624891E+01
2.00582500000E+06	4.684065E-03	7.274395E+01
2.00769375000E+06	4.739714E-03	7.313102E+01
2.00956250000E+06	4.713101E-03	8.144451E+01
2.01143125000E+06	4.926043E-03	7.682332E+01
2.01330000000E+06	4.891125E-03	7.523318E+01
2.01516875000E+06	4.628915E-03	7.765640E+01
2.01703750000E+06	4.792458E-03	7.928154E+01
2.01890625000E+06	4.872011E-03	7.751704E+01
2.02077500000E+06	5.090149E-03	7.763361E+01
2.02264375000E+06	4.934948E-03	7.882354E+01
2.02451250000E+06	4.803884E-03	7.636584E+01
2.02638125000E+06	4.971017E-03	7.459090E+01
2.02825000000E+06	4.712809E-03	7.666168E+01
2.03011875000E+06	4.799206E-03	7.399129E+01
2.03198750000E+06	4.824548E-03	7.317419E+01
2.03385625000E+06	4.673827E-03	7.683250E+01
2.03572500000E+06	4.743071E-03	7.491089E+01
2.03759375000E+06	5.048043E-03	7.762627E+01
2.03946250000E+06	5.044842E-03	7.651303E+01
2.04133125000E+06	5.040939E-03	7.522464E+01
2.04320000000E+06	4.846453E-03	7.583026E+01
2.04506875000E+06	4.841696E-03	7.612316E+01
2.04693750000E+06	4.814161E-03	7.624113E+01
2.04880625000E+06	4.871042E-03	7.618255E+01
2.05067500000E+06	5.023622E-03	7.707915E+01
2.05254375000E+06	4.775802E-03	7.868830E+01
2.05441250000E+06	4.999882E-03	7.763074E+01
2.05628125000E+06	4.776636E-03	7.619913E+01
2.05815000000E+06	4.951981E-03	7.415219E+01
2.06001875000E+06	4.839114E-03	7.510426E+01
2.06188750000E+06	4.822906E-03	7.386842E+01
2.06375625000E+06	5.034999E-03	7.637425E+01
2.06562500000E+06	4.952856E-03	7.862886E+01
2.06749375000E+06	4.820236E-03	7.782733E+01
2.06936250000E+06	5.001949E-03	7.519566E+01
2.07123125000E+06	5.080113E-03	7.619850E+01
2.07310000000E+06	4.874251E-03	7.917124E+01
2.07496875000E+06	4.989916E-03	7.483416E+01
2.07683750000E+06	4.966726E-03	7.643889E+01
2.07870625000E+06	4.821673E-03	7.644649E+01
2.08057500000E+06	4.880551E-03	7.544516E+01
2.08244375000E+06	4.890008E-03	7.398917E+01
2.08431250000E+06	4.982796E-03	7.502033E+01
2.08618125000E+06	4.914770E-03	7.521355E+01
2.08805000000E+06	5.156935E-03	7.426166E+01
2.08991875000E+06	4.906026E-03	7.514297E+01
2.09178750000E+06	4.966628E-03	7.540895E+01
2.09365625000E+06	5.071585E-03	7.521920E+01
2.09552500000E+06	5.151776E-03	7.454967E+01
2.09739375000E+06	4.906367E-03	7.546214E+01
2.09926250000E+06	4.889000E-03	7.316209E+01
2.10113125000E+06	5.200822E-03	7.291802E+01
2.10300000000E+06	5.081960E-03	7.312630E+01
2.10486875000E+06	5.066357E-03	7.710867E+01
2.10673750000E+06	4.934419E-03	7.350819E+01
2.10860625000E+06	5.126383E-03	7.464452E+01
2.11047500000E+06	4.997686E-03	7.431020E+01
2.11234375000E+06	5.125402E-03	7.428778E+01
2.11421250000E+06	5.018795E-03	7.664848E+01
2.11608125000E+06	5.163776E-03	7.579456E+01
2.11795000000E+06	5.114555E-03	7.503860E+01
2.11981875000E+06	4.922322E-03	7.382885E+01
2.12168750000E+06	5.112846E-03	7.275373E+01
2.12355625000E+06	5.176824E-03	7.472186E+01
2.12542500000E+06	4.917252E-03	7.415110E+01
2.12729375000E+06	5.128334E-03	7.419842E+01
2.12916250000E+06	5.025266E-03	7.363472E+01
2.13103125000E+06	5.170718E-03	7.426227E+01
2.13290000000E+06	5.036882E-03	7.365462E+01
2.13476875000E+06	5.093257E-03	7.330564E+01
2.13663750000E+06	5.028963E-03	7.470157E+01
2.13850625000E+06	5.236972E-03	7.509071E+01
2.14037500000E+06	5.141641E-03	7.256441E+01
2.14224375000E+06	5.055841E-03	7.323291E+01
2.14411250000E+06	5.254507E-03	7.392330E+01
2.14598125000E+06	5.069272E-03	7.396502E+01
2.14785000000E+06	5.132797E-03	7.359438E+01
2.14971875000E+06	5.089846E-03	7.416363E+01
2.15158750000E+06	5.166295E-03	7.586258E+01
2.15345625000E+06	5.197480E-03	7.341801E+01
2.15532500000E+06	5.101662E-03	7.570763E+01
2.15719375000E+06	5.213894E-03	7.532481E+01
2.15906250000E+06	5.150160E-03	7.425665E+01
2.16093125000E+06	5.309873E-03	7.223960E+01
2.16280000000E+06	4.890494E-03	7.428960E+01
2.16466875000E+06	5.175492E-03	7.416405E+01
2.16653750000E+06	5.194873E-03	7.362889E+01
2.16840625000E+06	5.323305E-03	7.467472E+01
2.17027500000E+06	5.212170E-03	7.389985E+01
2.17214375000E+06	5.279623E-03	7.410461E+01
2.17401250000E+06	5.300721E-03	7.329838E+01
2.17588125000E+06	5.231305E-03	7.278313E+01
2.17775000000E+06	5.378989E-03	7.350082E+01
2.17961875000E+06	5.318999E-03	7.563275E+01
2.18148750000E+06	5.321614E-03	7.338109E+01
2.18335625000E+06	5.296505E-03	7.640666E+01
2.18522500000E+06	5.217381E-03	7.325162E+01
2.18709375000E+06	5.354066E-03	7.504788E+01
2.18896250000E+06	5.140169E-03	7.480646E+01
2.19083125000E+06	5.089356E-03	7.333871E+01
2.19270000000E+06	5.236164E-03	7.268481E+01
2.19456875000E+06	5.560549E-03	7.468116E+01
2.19643750000E+06	5.047299E-03	7.426471E+01
2.19830625000E+06	5.197745E-03	7.666698E+01
2.20017500000E+06	5.312598E-03	7.333221E+01
2.20204375000E+06	5.208169E-03	7.425847E+01
2.20391250000E+06	5.407799E-03	7.552505E+01
2.20578125000E+06	5.237413E-03	7.292194E+01
2.20765000000E+06	5.146362E-03	7.572260E+01
2.20951875000E+06	5.394106E-03	7.275861E+01
2.21138750000E+06	5.243925E-03	7.368121E+01
2.21325625000E+06	5.321493E-03	7.281812E+01
2.21512500000E+06	5.551163E-03	7.380406E+01
2.21699375000E+06	5.689007E-03	7.051318E+01
2.21886250000E+06	5.045349E-03	7.495760E+01
2.22073125000E+06	5.155417E-03	7.018052E+01
2.22260000000E+06	5.314576E-03	7.412663E+01
2.22446875000E+06	5.279747E-03	6.901019E+01
2.22633750000E+06	5.614945E-03	7.343174E+01
2.22820625000E+06	5.325911E-03	7.467439E+01
2.23007500000E+06	5.010434E-03	7.273905E+01
2.23194375000E+06	5.439945E-03	7.386013E+01
2.23381250000E+06	5.170483E-03	7.237978E+01
2.23568125000E+06	5.327801E-03	7.483408E+01
2.23755000000E+06	5.579630E-03	7.579190E+01
2.23941875000E+06	5.352625E-03	7.330143E+01
2.24128750000E+06	5.509263E-03	6.975989E+01
2.24315625000E+06	5.255889E-03	7.256445E+01
2.24502500000E+06	5.283684E-03	7.119757E+01
2.24689375000E+06	5.262378E-03	7.362016E+01
2.24876250000E+06	5.514929E-03	7.076895E+01
2.25063125000E+06	5.355279E-03	7.015739E+01
2.25250000000E+06	5.371023E-03	7.353616E+01
2.25436875000E+06	5.507712E-03	7.240738E+01
2.25623750000E+06	5.457208E-03	7.273396E+01
2.25810625000E+06	5.356092E-03	7.325442E+01
2.25997500000E+06	5.666065E-03	7.363869E+01
2.26184375000E+06	5.500910E-03	7.392410E+01
2.26371250000E+06	5.331053E-03	7.187472E+01
2.26558125000E+06	5.351556E-03	7.276762E+01
2.26745000000E+06	5.310360E-03	7.108209E+01
2.26931875000E+06	5.576581E-03	7.412542E+01
2.27118750000E+06	5.228191E-03	7.317957E+01
2.27305625000E+06	5.423842E-03	7.354682E+01
2.27492500000E+06	5.399975E-03	7.240311E+01
2.27679375000E+06	5.332378E-03	7.208384E+01
2.27866250000E+06	5.393651E-03	7.291703E+01
2.28053125000E+06	5.418474E-03	7.353988E+01
2.28240000000E+06	5.519823E-03	7.298840E+01
2.28426875000E+06	5.527305E-03	7.141108E+01
2.28613750000E+06	5.548370E-03	7.282991E+01
2.28800625000E+06	5.323225E-03	6.819154E+01
2.28987500000E+06	5.275691E-03	7.343163E+01
2.29174375000E+06	5.551192E-03	7.238005E+01
2.29361250000E+06	5.465931E-03	7.168530E+01
2.29548125000E+06	5.391902E-03	7.243434E+01
2.29735000000E+06	5.565699E-03	7.184029E+01
2.29921875000E+06	5.386882E-03	7.153848E+01
2.30108750000E+06	5.446185E-03	7.047544E+01
2.30295625000E+06	5.442010E-03	7.107217E+01
2.30482500000E+06	5.347698E-03	7.241526E+01
2.30669375000E+06	5.552711E-03	7.399226E+01
2.30856250000E+06	5.508598E-03	6.948654E+01
2.31043125000E+06	5.396439E-03	7.064786E+01
2.31230000000E+06	5.626213E-03	7.202553E+01
2.31416875000E+06	5.618272E-03	7.158296E+01
2.31603750000E+06	5.635790E-03	6.958033E+01
2.31790625000E+06	5.512882E-03	7.067049E+01
2.31977500000E+06	5.500940E-03	7.218517E+01
2.32164375000E+06	5.537306E-03	6.932507E+01
2.32351250000E+06	5.649638E-03	7.073627E+01
2.32538125000E+06	5.444214E-03	6.955773E+01
2.32725000000E+06	5.529559E-03	7.048447E+01
2.32911875000E+06	5.515294E-03	7.222614E+01
2.33098750000E+06	5.258765E-03	7.110661E+01
2.33285625000E+06	5.499176E-03	6.899050E+01
2.33472500000E+06	5.405932E-03	6.963268E+01
2.33659375000E+06	5.415226E-03	6.924023E+01
2.33846250000E+06	5.519734E-03	7.103917E+01
2.34033125000E+06	5.567442E-03	7.073845E+01
2.34220000000E+06	5.610054E-03	7.220226E+01
2.34406875000E+06	5.458862E-03	7.009757E+01
2.34593750000E+06	5.555807E-03	6.973947E+01
2.34780625000E+06	5.627059E-03	7.115881E+01
2.34967500000E+06	5.485964E-03	6.972122E+01
2.35154375000E+06	5.566823E-03	7.053553E+01
2.35341250000E+06	5.569343E-03	7.126484E+01
2.35528125000E+06	5.623876E-03	6.975656E+01
2.35715000000E+06	5.436544E-03	7.138630E+01
2.35901875000E+06	5.534261E-03	6.877599E+01
2.36088750000E+06	5.616451E-03	7.064710E+01
2.36275625000E+06	5.622523E-03	7.118531E+01
2.36462500000E+06	5.565675E-03	7.084219E+01
2.36649375000E+06	5.792711E-03	7.140990E+01
2.36836250000E+06	5.579066E-03	6.952300E+01
2.37023125000E+06	5.627046E-03	7.006562E+01
2.37210000000E+06	5.578969E-03	7.054380E+01
2.37396875000E+06	5.600603E-03	6.848148E+01
2.37583750000E+06	5.578726E-03	6.950462E+01
2.37770625000E+06	5.617463E-03	7.137405E+01
2.37957500000E+06	5.702713E-03	7.070307E+01
2.38144375000E+06	5.650316E-03	6.984830E+01
2.38331250000E+06	5.566585E-03	7.009884E+01
2.38518125000E+06	5.529242E-03	7.113138E+01
2.38705000000E+06	5.752364E-03	6.924561E+01
2.38891875000E+06	5.774011E-03	7.028646E+01
2.39078750000E+06	5.561097E-03	6.973032E+01
2.39265625000E+06	5.557257E-03	6.998636E+01
2.39452500000E+06	5.536053E-03	7.040662E+01
2.39639375000E+06	5.654196E-03	6.939293E+01
2.39826250000E+06	5.650880E-03	7.100564E+01
2.40013125000E+06	5.652309E-03	6.945978E+01
2.40200000000E+06	5.581775E-03	6.923740E+01
2.40386875000E+06	5.660274E-03	7.036442E+01
2.40573750000E+06	5.634062E-03	7.077196E+01
2.40760625000E+06	5.575439E-03	6.978466E+01
2.40947500000E+06	5.754268E-03	6.954468E+01
2.41134375000E+06	5.597367E-03	6.960242E+01
2.41321250000E+06	5.663117E-03	6.936064E+01
2.41508125000E+06	5.587653E-03	6.939653E+01
2.41695000000E+06	5.626061E-03	6.906548E+01
2.41881875000E+06	5.617669E-03	6.964587E+01
2.42068750000E+06	5.729448E-03	7.117746E+01
2.42255625000E+06	5.661716E-03	6.835235E+01
2.42442500000E+06	5.607876E-03	7.091884E+01
2.42629375000E+06	5.597328E-03	7.014348E+01
2.42816250000E+06	5.597637E-03	6.905623E+01
2.43003125000E+06	5.663920E-03	6.984219E+01
2.43190000000E+06	5.577277E-03	7.031537E+01
2.43376875000E+06	5.692431E-03	6.634830E+01
2.43563750000E+06	5.888083E-03	7.115092E+01
2.43750625000E+06	5.601922E-03	6.816090E+01
2.43937500000E+06	5.841793E-03	6.970003E+01
2.44124375000E+06	5.696242E-03	6.909901E+01
2.44311250000E+06	5.711472E-03	6.954179E+01
2.44498125000E+06	5.486731E-03	7.308945E+01
2.44685000000E+06	5.695723E-03	6.890143E+01
2.44871875000E+06	5.552249E-03	6.978069E+01
2.45058750000E+06	5.781258E-03	6.980472E+01
2.45245625000E+06	5.566650E-03	6.841332E+01
2.45432500000E+06	5.760477E-03	6.868831E+01
2.45619375000E+06	5.824895E-03	6.912251E+01
2.45806250000E+06	5.612551E-03	7.193777E+01
2.45993125000E+06	5.415568E-03	6.941689E+01
2.46180000000E+06	5.733315E-03	7.020844E+01
2.46366875000E+06	5.558216E-03	7.107611E+01
2.46553750000E+06	5.688847E-03	6.724810E+01
2.46740625000E+06	5.578731E-03	6.863017E+01
2.46927500000E+06	5.864170E-03	6.823610E+01
2.47114375000E+06	5.664214E-03	6.732679E+01
2.47301250000E+06	5.527632E-03	6.943122E+01
2.47488125000E+06	5.595255E-03	6.752258E+01
2.47675000000E+06	5.426524E-03	7.063878E+01
2.47861875000E+06	5.823230E-03	6.924200E+01
2.48048750000E+06	5.731887E-03	7.161563E+01
2.48235625000E+06	5.608326E-03	6.878088E+01
2.48422500000E+06	5.647522E-03	7.113558E+01
2.48609375000E+06	5.734242E-03	6.941040E+01
2.48796250000E+06	5.589267E-03	7.006327E+01
2.48983125000E+06	5.977309E-03	7.103688E+01
2.49170000000E+06	6.003732E-03	6.629346E+01
2.49356875000E+06	5.723045E-03	6.876222E+01
2.49543750000E+06	5.886318E-03	6.987376E+01
2.49730625000E+06	5.483622E-03	7.093249E+01
2.49917500000E+06	5.688670E-03	6.906995E+01
2.50104375000E+06	5.539989E-03	6.840794E+01
2.50291250000E+06	5.614460E-03	6.621825E+01
2.50478125000E+06	5.541794E-03	7.011692E+01
2.50665000000E+06	5.629049E-03	6.676595E+01
2.50851875000E+06	5.835374E-03	6.772850E+01
2.51038750000E+06	5.760734E-03	6.801109E+01
2.51225625000E+06	5.537130E-03	6.880506E+01
2.51412500000E+06	5.714240E-03	6.924188E+01
2.51599375000E+06	5.687778E-03	7.029836E+01
2.51786250000E+06	5.524325E-03	7.038117E+01
2.51973125000E+06	5.893572E-03	7.066164E+01
2.52160000000E+06	5.780114E-03	6.940764E+01
2.52346875000E+06	5.887119E-03	6.744201E+01
2.52533750000E+06	5.639484E-03	6.800903E+01
2.52720625000E+06	5.847509E-03	6.905430E+01
2.52907500000E+06	5.868066E-03	7.215952E+01
2.53094375000E+06	5.775529E-03	6.984110E+01
2.53281250000E+06	5.869229E-03	6.919250E+01
2.53468125000E+06	5.747021E-03	6.947734E+01
2.53655000000E+06	5.715634E-03	6.846310E+01
2.53841875000E+06	5.761758E-03	6.967657E+01
2.54028750000E+06	5.681439E-03	6.878196E+01
2.54215625000E+06	5.776748E-03	6.878439E+01
2.54402500000E+06	5.643630E-03	6.709246E+01
2.54589375000E+06	5.817595E-03	6.995181E+01
2.54776250000E+06	5.633445E-03	6.952419E+01
2.54963125000E+06	5.609651E-03	6.941328E+01
2.55150000000E+06	5.734330E-03	6.688669E+01
2.55336875000E+06	5.896503E-03	7.101769E+01
2.55523750000E+06	5.745664E-03	6.736034E+01
2.55710625000E+06	5.720177E-03	6.619287E+01
2.55897500000E+06	5.795960E-03	6.758444E+01
2.56084375000E+06	5.798086E-03	6.879585E+01
2.56271250000E+06	5.863087E-03	6.889249E+01
2.56458125000E+06	5.748473E-03	6.911665E+01
2.56645000000E+06	5.769535E-03	6.780157E+01
2.56831875000E+06	5.735139E-03	6.792686E+01
2.57018750000E+06	5.751058E-03	6.875714E+01
2.57205625000E+06	5.884012E-03	6.952687E+01
2.57392500000E+06	5.929805E-03	7.010181E+01
2.57579375000E+06	5.772856E-03	6.820657E+01
2.57766250000E+06	5.778659E-03	6.951025E+01
2.57953125000E+06	5.859251E-03	6.773127E+01
2.58140000000E+06	5.707155E-03	6.946702E+01
2.58326875000E+06	5.741561E-03	6.840643E+01
2.58513750000E+06	5.806132E-03	6.975858E+01
2.58700625000E+06	5.749248E-03	7.027064E+01
2.58887500000E+06	5.627167E-03	6.807653E+01
2.59074375000E+06	5.848728E-03	6.603708E+01
2.59261250000E+06	5.836836E-03	6.821722E+01
2.59448125000E+06	5.816870E-03	6.759047E+01
2.59635000000E+06	5.910573E-03	6.836897E+01
2.59821875000E+06	5.706500E-03	6.831040E+01
2.60008750000E+06	5.819572E-03	6.898292E+01
2.60195625000E+06	5.774551E-03	6.762971E+01
2.60382500000E+06	5.784841E-03	6.936740E+01
2.60569375000E+06	5.907537E-03	6.826076E+01
2.60756250000E+06	5.918166E-03	6.853219E+01
2.60943125000E+06	5.767371E-03	6.869125E+01
2.61130000000E+06	5.851221E-03	6.813079E+01
2.61316875000E+06	5.806930E-03	6.733546E+01
2.61503750000E+06	5.782340E-03	6.853837E+01
2.61690625000E+06	5.860403E-03	6.980170E+01
2.61877500000E+06	5.860780E-03	6.816849E+01
2.62064375000E+06	5.832402E-03	6.687560E+01
2.62251250000E+06	5.858091E-03	6.839413E+01
2.62438125000E+06	5.935981E-03	6.868813E+01
2.62625000000E+06	5.935837E-03	6.784117E+01
2.62811875000E+06	5.810611E-03	6.736884E+01
2.62998750000E+06	5.884437E-03	6.676365E+01
2.63185625000E+06	5.845149E-03	6.832257E+01
2.63372500000E+06	5.890419E-03	6.859983E+01
2.63559375000E+06	5.856487E-03	6.817332E+01
2.63746250000E+06	5.898144E-03	6.810004E+01
2.63933125000E+06	5.776328E-03	6.786018E+01
2.64120000000E+06	5.775305E-03	6.889995E+01
2.64306875000E+06	5.826085E-03	6.758247E+01
2.64493750000E+06	5.877961E-03	6.740859E+01
2.64680625000E+06	5.839774E-03	6.800989E+01
2.64867500000E+06	5.900740E-03	6.766138E+01
2.65054375000E+06	5.895250E-03	6.830128E+01
2.65241250000E+06	5.873866E-03	6.824387E+01
2.65428125000E+06	5.892622E-03	6.722052E+01
2.65615000000E+06	5.868358E-03	6.814676E+01
2.65801875000E+06	5.940700E-03	6.780351E+01
2.65988750000E+06	5.933355E-03	6.861334E+01
2.66175625000E+06	6.032965E-03	6.853591E+01
2.66362500000E+06	5.882075E-03	6.789197E+01
2.66549375000E+06	5.874652E-03	6.804724E+01
2.66736250000E+06	5.996630E-03	6.905207E+01
2.66923125000E+06	5.985701E-03	6.838657E+01
2.67110000000E+06	5.966968E-03	6.746469E+01
2.67296875000E+06	5.956296E-03	6.806216E+01
2.67483750000E+06	5.842426E-03	6.794014E+01
2.67670625000E+06	5.994075E-03	6.645686E+01
2.67857500000E+06	5.955672E-03	6.903088E+01
2.68044375000E+06	5.790229E-03	6.819947E+01
2.68231250000E+06	5.800528E-03	6.788276E+01
2.68418125000E+06	6.048363E-03	6.838654E+01
2.68605000000E+06	5.982305E-03	6.832543E+01
2.68791875000E+06	5.922971E-03	6.821754E+01
2.68978750000E+06	5.908844E-03	6.854403E+01
2.69165625000E+06	5.848822E-03	6.594256E+01
2.69352500000E+06	5.958580E-03	6.855511E+01
2.69539375000E+06	6.047656E-03	6.884272E+01
2.69726250000E+06	5.943835E-03	6.738782E+01
2.69913125000E+06	5.907937E-03	6.789418E+01
2.70100000000E+06	5.986430E-03	6.792744E+01
2.70286875000E+06	6.005365E-03	6.897966E+01
2.70473750000E+06	5.894055E-03	6.829961E+01
2.70660625000E+06	5.965445E-03	6.804730E+01
2.70847500000E+06	6.135115E-03	6.895805E+01
2.71034375000E+06	5.943118E-03	6.695359E+01
2.71221250000E+06	6.008931E-03	6.716197E+01
2.71408125000E+06	5.935491E-03	6.755216E+01
2.71595000000E+06	6.079710E-03	6.604050E+01
2.71781875000E+06	6.145485E-03	6.540865E+01
2.71968750000E+06	6.011398E-03	6.736575E+01
2.72155625000E+06	6.143761E-03	6.654845E+01
2.72342500000E+06	6.055865E-03	6.786263E+01
2.72529375000E+06	5.877072E-03	6.885668E+01
2.72716250000E+06	6.140125E-03	6.786719E+01
2.72903125000E+06	6.039819E-03	6.761834E+01
2.73090000000E+06	6.071051E-03	6.687469E+01
2.73276875000E+06	6.073628E-03	6.858469E+01
2.73463750000E+06	5.975795E-03	6.861266E+01
2.73650625000E+06	5.951272E-03	6.754172E+01
2.73837500000E+06	5.960813E-03	6.940918E+01
2.74024375000E+06	5.929556E-03	6.872656E+01
2.74211250000E+06	6.223825E-03	6.699492E+01
2.74398125000E+06	5.894612E-03	6.538748E+01
2.74585000000E+06	6.061665E-03	6.974399E+01
2.74771875000E+06	6.208799E-03	6.669631E+01
2.74958750000E+06	6.007239E-03	6.931882E+01
2.75145625000E+06	6.187365E-03	6.878989E+01
2.75332500000E+06	5.970038E-03	6.938889E+01
2.75519375000E+06	6.157784E-03	6.786972E+01
2.75706250000E+06	6.139238E-03	6.563505E+01
2.75893125000E+06	6.119709E-03	6.728698E+01
2.76080000000E+06	6.159910E-03	6.697236E+01
2.76266875000E+06	5.920128E-03	6.195418E+01
2.76453750000E+06	6.011195E-03	6.852122E+01
2.76640625000E+06	5.983782E-03	7.037279E+01
2.76827500000E+06	6.124589E-03	6.832710E+01
2.77014375000E+06	6.054540E-03	6.408160E+01
2.77201250000E+06	5.675198E-03	6.867582E+01
2.77388125000E+06	5.953862E-03	6.889134E+01
2.77575000000E+06	6.145777E-03	6.832217E+01
2.77761875000E+06	6.119493E-03	6.565265E+01
2.77948750000E+06	6.422167E-03	7.030888E+01
2.78135625000E+06	5.999738E-03	7.072144E+01
2.78322500000E+06	6.139949E-03	6.905597E+01
2.78509375000E+06	5.929032E-03	6.888194E+01
2.78696250000E+06	6.100117E-03	6.894258E+01
2.78883125000E+06	6.179290E-03	6.897894E+01
2.79070000000E+06	6.378460E-03	7.127705E+01
2.79256875000E+06	5.916419E-03	6.720718E+01
2.79443750000E+06	5.987037E-03	6.489532E+01
2.79630625000E+06	6.154474E-03	6.874117E+01
2.79817500000E+06	5.977330E-03	6.792768E+01
2.80004375000E+06	6.156493E-03	6.844560E+01
2.80191250000E+06	6.200370E-03	6.643848E+01
2.80378125000E+06	6.112582E-03	6.514814E+01
2.80565000000E+06	5.996590E-03	6.619543E+01
2.80751875000E+06	6.007434E-03	6.552445E+01
2.80938750000E+06	6.091622E-03	6.700749E+01
2.81125625000E+06	6.060492E-03	6.761768E+01
2.81312500000E+06	6.111660E-03	6.535383E+01
2.81499375000E+06	6.320386E-03	6.626093E+01
2.81686250000E+06	6.005402E-03	6.777135E+01
2.81873125000E+06	6.347144E-03	6.754928E+01
2.82060000000E+06	6.357463E-03	6.719624E+01
2.82246875000E+06	6.201259E-03	6.704166E+01
2.82433750000E+06	6.080692E-03	6.728983E+01
2.82620625000E+06	6.072867E-03	6.841689E+01
2.82807500000E+06	5.953667E-03	6.659560E+01
2.82994375000E+06	6.309074E-03	6.688539E+01
2.83181250000E+06	6.095994E-03	6.777394E+01
2.83368125000E+06	6.196775E-03	6.565441E+01
2.83555000000E+06	6.099788E-03	6.717349E+01
2.83741875000E+06	6.250280E-03	6.659531E+01
2.83928750000E+06	6.126989E-03	6.647924E+01
2.84115625000E+06	6.218535E-03	6.625299E+01
2.84302500000E+06	5.942676E-03	6.716994E+01
2.84489375000E+06	6.093069E-03	6.605836E+01
2.84676250000E+06	6.167499E-03	6.699163E+01
2.84863125000E+06	6.013056E-03	6.592173E+01
2.85050000000E+06	6.372988E-03	6.613327E+01
2.85236875000E+06	6.105887E-03	6.451366E+01
2.85423750000E+06	6.266977E-03	6.556137E+01
2.85610625000E+06	6.039934E-03	6.583920E+01
2.85797500000E+06	6.230746E-03	6.789780E+01
2.85984375000E+06	6.250482E-03	6.578218E+01
2.86171250000E+06	6.245023E-03	6.685228E+01
2.86358125000E+06	6.227477E-03	6.646666E+01
2.86545000000E+06	6.342041E-03	6.549033E+01
2.86731875000E+06	6.270940E-03	6.611447E+01
2.86918750000E+06	6.363942E-03	6.813021E+01
2.87105625000E+06	6.188016E-03	6.633154E+01
2.87292500000E+06	6.111453E-03	6.750587E+01
2.87479375000E+06	6.232791E-03	6.680318E+01
2.87666250000E+06	6.192090E-03	6.511745E+01
2.87853125000E+06	6.126971E-03	6.666586E+01
2.88040000000E+06	6.342456E-03	6.637283E+01
2.88226875000E+06	6.197647E-03	6.733054E+01
2.88413750000E+06	6.271619E-03	6.615668E+01
2.88600625000E+06	6.160094E-03	6.571252E+01
2.88787500000E+06	6.426002E-03	6.521067E+01
2.88974375000E+06	6.212379E-03	6.593626E+01
2.89161250000E+06	6.315274E-03	6.553384E+01
2.89348125000E+06	6.154242E-03	6.743054E+01
2.89535000000E+06	6.272617E-03	6.504536E+01
2.89721875000E+06	6.244819E-03	6.437566E+01
2.89908750000E+06	6.214377E-03	6.693605E+01
2.90095625000E+06	6.136054E-03	6.650883E+01
2.90282500000E+06	6.289109E-03	6.674084E+01
2.90469375000E+06	6.320398E-03	6.624446E+01
2.90656250000E+06	6.321307E-03	6.801939E+01
2.90843125000E+06	6.254760E-03	6.735769E+01
2.91030000000E+06	6.347628E-03	6.721233E+01
2.91216875000E+06	6.416475E-03	6.562127E+01
2.91403750000E+06	6.334739E-03	6.627846E+01
2.91590625000E+06	6.098561E-03	6.673138E+01
2.91777500000E+06	6.248298E-03	6.548920E+01
2.91964375000E+06	6.318474E-03	6.563506E+01
2.92151250000E+06	6.205641E-03	6.657422E+01
2.92338125000E+06	6.177972E-03	6.614317E+01
2.92525000000E+06	6.280936E-03	6.651314E+01
2.92711875000E+06	6.310459E-03	6.642928E+01
2.92898750000E+06	6.347462E-03	6.581497E+01
2.93085625000E+06	6.205457E-03	6.573018E+01
2.93272500000E+06	6.322484E-03	6.738511E+01
2.93459375000E+06	6.447626E-03	6.549269E+01
2.93646250000E+06	6.316751E-03	6.545893E+01
2.93833125000E+06	6.226342E-03	6.764854E+01
2.94020000000E+06	6.498807E-03	6.655064E+01
2.94206875000E+06	6.216221E-03	6.530209E+01
2.94393750000E+06	6.204070E-03	6.673957E+01
2.94580625000E+06	6.376369E-03	6.602439E+01
2.94767500000E+06	6.315578E-03	6.588494E+01
2.94954375000E+06	6.466997E-03	6.684098E+01
2.95141250000E+06	6.392993E-03	6.632771E+01
2.95328125000E+06	6.318321E-03	6.465112E+01
2.95515000000E+06	6.375554E-03	6.687740E+01
2.95701875000E+06	6.323455E-03	6.702576E+01
2.95888750000E+06	6.403954E-03	6.498359E+01
2.96075625000E+06	6.292717E-03	6.617264E+01
2.96262500000E+06	6.301188E-03	6.612599E+01
2.96449375000E+06	6.357056E-03	6.587318E+01
2.96636250000E+06	6.489810E-03	6.770634E+01
2.96823125000E+06	6.407541E-03	6.471146E+01
2.97010000000E+06	6.428250E-03	6.643615E+01
2.97196875000E+06	6.337953E-03	6.523901E+01
2.97383750000E+06	6.318667E-03	6.597485E+01
2.97570625000E+06	6.387570E-03	6.503984E+01
2.97757500000E+06	6.470158E-03	6.647531E+01
2.97944375000E+06	6.393156E-03	6.626522E+01
2.98131250000E+06	6.407238E-03	6.605361E+01
2.98318125000E+06	6.381954E-03	6.567483E+01
2.98505000000E+06	6.396741E-03	6.655762E+01
2.98691875000E+06	6.357838E-03	6.499170E+01
2.98878750000E+06	6.421610E-03	6.634718E+01
2.99065625000E+06	6.407320E-03	6.645370E+01
2.99252500000E+06	6.405220E-03	6.645694E+01
2.99439375000E+06	6.329908E-03	6.669080E+01
2.99626250000E+06	6.413150E-03	6.618047E+01
2.99813125000E+06	6.430031E-03	6.611855E+01
3.00000000000E+06	6.327773E-03	6.543036E+01
