"E5100A REV3.14"
"DATE: Jul  3 2004"



"CHANNEL: 2"
"MEASURE TYPE: AR"
"FORMAT TYPE: LINMP"
"NUMBER of POINTS: 1601"
"SWEEP TIME:  3.458 s"
"SWEEP TYPE: LINF"
"SOURCE POWER: 0 dBm"
"IF BANDWIDTH: 500 Hz"

"Frequency"	"Main Array"	"Sub Array"
1.00000000000E+04	1.541564E-02	8.014036E+01
1.18687500000E+04	1.308807E-02	-1.902866E+01
1.37375000000E+04	5.238398E-03	1.025239E+02
1.56062500000E+04	2.984892E-03	6.861291E+01
1.74750000000E+04	2.978208E-03	-1.634189E+02
1.93437500000E+04	2.886570E-04	-2.768334E+01
2.12125000000E+04	3.143920E-03	4.535072E+01
2.30812500000E+04	4.539612E-04	6.068372E+01
2.49500000000E+04	1.562723E-03	4.489529E+01
2.68187500000E+04	9.294335E-04	-1.331974E+02
2.86875000000E+04	6.329095E-04	-8.557869E+01
3.05562500000E+04	2.573405E-03	1.273217E+02
3.24250000000E+04	1.008102E-03	-6.496416E+01
3.42937500000E+04	5.636060E-04	4.736491E+01
3.61625000000E+04	5.232668E-04	7.307670E+01
3.80312500000E+04	1.056190E-03	-1.780855E+01
3.99000000000E+04	1.211558E-03	-8.227213E+01
4.17687500000E+04	1.206102E-03	-8.417941E+01
4.36375000000E+04	6.105467E-04	-7.180191E-01
4.55062500000E+04	8.585329E-04	-6.092587E+01
4.73750000000E+04	8.004926E-04	-7.918212E+01
4.92437500000E+04	2.863157E-04	7.964461E+01
5.11125000000E+04	1.572269E-04	-1.663044E+02
5.29812500000E+04	1.667341E-03	-7.030740E+01
5.48500000000E+04	9.564183E-04	-5.779032E+01
5.67187500000E+04	1.293924E-03	-6.662367E+01
5.85875000000E+04	6.347960E-04	1.781520E+02
6.04562500000E+04	1.053441E-03	-6.727407E+01
6.23250000000E+04	6.713386E-04	-1.087186E+02
6.41937500000E+04	3.104320E-04	-9.707039E+01
6.60625000000E+04	1.096075E-03	-1.305691E+02
6.79312500000E+04	1.147547E-03	-6.877216E+01
6.98000000000E+04	1.130868E-03	-8.521108E+01
7.16687500000E+04	1.099539E-03	-1.183055E+02
7.35375000000E+04	1.367527E-03	-8.455994E+01
7.54062500000E+04	1.006785E-03	-7.473757E+01
7.72750000000E+04	1.437728E-03	-6.554950E+01
7.91437500000E+04	8.389759E-04	-9.443712E+01
8.10125000000E+04	2.045333E-03	-9.787048E+01
8.28812500000E+04	9.090796E-04	-6.105817E+01
8.47500000000E+04	1.147733E-03	-9.536195E+01
8.66187500000E+04	1.606775E-03	-8.416453E+01
8.84875000000E+04	2.248655E-03	-8.071555E+01
9.03562500000E+04	1.345492E-03	-7.260658E+01
9.22250000000E+04	1.176967E-03	-9.874491E+01
9.40937500000E+04	1.009433E-03	-9.889888E+01
9.59625000000E+04	1.601679E-03	-9.595567E+01
9.78312500000E+04	1.476443E-03	-9.662063E+01
9.97000000000E+04	1.468258E-03	-5.964812E+01
1.01568750000E+05	1.399990E-03	-8.797118E+01
1.03437500000E+05	1.485827E-03	-7.209106E+01
1.05306250000E+05	2.630021E-03	-5.638967E+01
1.07175000000E+05	1.937133E-03	-7.890080E+01
1.09043750000E+05	1.427883E-03	-8.535085E+01
1.10912500000E+05	1.345893E-03	-2.843464E+01
1.12781250000E+05	1.787023E-03	-9.041769E+01
1.14650000000E+05	1.591086E-03	-6.858851E+01
1.16518750000E+05	1.900518E-03	-7.307566E+01
1.18387500000E+05	1.586260E-03	-7.831214E+01
1.20256250000E+05	1.774868E-03	-9.689759E+01
1.22125000000E+05	1.777381E-03	-8.786523E+01
1.23993750000E+05	1.823364E-03	-8.129752E+01
1.25862500000E+05	1.898987E-03	-8.416930E+01
1.27731250000E+05	2.466875E-03	-9.219625E+01
1.29600000000E+05	2.262966E-03	-8.694324E+01
1.31468750000E+05	2.262326E-03	-8.253046E+01
1.33337500000E+05	1.641484E-03	-6.987072E+01
1.35206250000E+05	2.203249E-03	-9.479894E+01
1.37075000000E+05	2.273664E-03	-8.404848E+01
1.38943750000E+05	2.247715E-03	-7.977782E+01
1.40812500000E+05	2.360009E-03	-8.356634E+01
1.42681250000E+05	2.280053E-03	-8.833971E+01
1.44550000000E+05	2.707719E-03	-9.174525E+01
1.46418750000E+05	2.263056E-03	-9.473204E+01
1.48287500000E+05	2.698575E-03	-8.748554E+01
1.50156250000E+05	2.359919E-03	-9.024339E+01
1.52025000000E+05	2.586969E-03	-7.514477E+01
1.53893750000E+05	2.815218E-03	-8.948872E+01
1.55762500000E+05	2.387374E-03	-9.081319E+01
1.57631250000E+05	2.850306E-03	-8.496706E+01
1.59500000000E+05	2.784502E-03	-8.037343E+01
1.61368750000E+05	2.425655E-03	-9.629581E+01
1.63237500000E+05	2.654761E-03	-8.498053E+01
1.65106250000E+05	2.527106E-03	-8.186379E+01
1.66975000000E+05	2.792909E-03	-9.250608E+01
1.68843750000E+05	2.986234E-03	-8.167968E+01
1.70712500000E+05	2.897054E-03	-8.804961E+01
1.72581250000E+05	3.055261E-03	-8.766962E+01
1.74450000000E+05	3.091753E-03	-8.646430E+01
1.76318750000E+05	2.892696E-03	-8.477333E+01
1.78187500000E+05	3.178340E-03	-7.782882E+01
1.80056250000E+05	2.651350E-03	-8.597609E+01
1.81925000000E+05	3.057678E-03	-9.240231E+01
1.83793750000E+05	2.872666E-03	-8.932990E+01
1.85662500000E+05	3.296313E-03	-8.975717E+01
1.87531250000E+05	3.038905E-03	-8.766028E+01
1.89400000000E+05	3.278279E-03	-9.092731E+01
1.91268750000E+05	3.409116E-03	-9.658747E+01
1.93137500000E+05	3.159647E-03	-8.769684E+01
1.95006250000E+05	3.573649E-03	-9.283539E+01
1.96875000000E+05	3.113789E-03	-9.025693E+01
1.98743750000E+05	2.907072E-03	-8.834766E+01
2.00612500000E+05	3.575539E-03	-9.771886E+01
2.02481250000E+05	3.103914E-03	-9.083575E+01
2.04350000000E+05	3.460344E-03	-9.002576E+01
2.06218750000E+05	3.338030E-03	-8.442262E+01
2.08087500000E+05	3.495396E-03	-8.923763E+01
2.09956250000E+05	3.811711E-03	-8.751350E+01
2.11825000000E+05	3.665639E-03	-8.925156E+01
2.13693750000E+05	3.580271E-03	-8.347239E+01
2.15562500000E+05	3.213015E-03	-8.220399E+01
2.17431250000E+05	3.909659E-03	-9.260050E+01
2.19300000000E+05	3.896927E-03	-8.800623E+01
2.21168750000E+05	3.954411E-03	-9.089034E+01
2.23037500000E+05	3.909357E-03	-8.744690E+01
2.24906250000E+05	3.595370E-03	-8.634600E+01
2.26775000000E+05	4.166712E-03	-9.056522E+01
2.28643750000E+05	3.796787E-03	-9.527458E+01
2.30512500000E+05	3.775223E-03	-9.043404E+01
2.32381250000E+05	3.873423E-03	-8.737294E+01
2.34250000000E+05	4.147847E-03	-8.663139E+01
2.36118750000E+05	3.705351E-03	-8.961536E+01
2.37987500000E+05	3.740144E-03	-9.119124E+01
2.39856250000E+05	3.981907E-03	-9.021673E+01
2.41725000000E+05	4.200151E-03	-8.878115E+01
2.43593750000E+05	4.087920E-03	-9.038337E+01
2.45462500000E+05	3.780242E-03	-8.828294E+01
2.47331250000E+05	4.196869E-03	-8.963087E+01
2.49200000000E+05	4.371501E-03	-9.524491E+01
2.51068750000E+05	4.177985E-03	-9.261487E+01
2.52937500000E+05	4.444772E-03	-9.097634E+01
2.54806250000E+05	4.277358E-03	-9.216811E+01
2.56675000000E+05	4.672674E-03	-8.957251E+01
2.58543750000E+05	4.480902E-03	-8.651158E+01
2.60412500000E+05	4.278329E-03	-9.157858E+01
2.62281250000E+05	4.612177E-03	-8.570650E+01
2.64150000000E+05	4.590182E-03	-8.797263E+01
2.66018750000E+05	4.309643E-03	-8.769110E+01
2.67887500000E+05	4.688567E-03	-9.189210E+01
2.69756250000E+05	4.583528E-03	-8.702647E+01
2.71625000000E+05	4.542219E-03	-8.750906E+01
2.73493750000E+05	4.789752E-03	-8.848261E+01
2.75362500000E+05	4.790195E-03	-8.930878E+01
2.77231250000E+05	4.807002E-03	-8.905279E+01
2.79100000000E+05	4.704101E-03	-8.970294E+01
2.80968750000E+05	4.974778E-03	-9.225300E+01
2.82837500000E+05	4.850114E-03	-8.639584E+01
2.84706250000E+05	5.232735E-03	-9.095914E+01
2.86575000000E+05	4.927938E-03	-9.187777E+01
2.88443750000E+05	4.686318E-03	-8.990671E+01
2.90312500000E+05	5.013170E-03	-9.278798E+01
2.92181250000E+05	5.085899E-03	-8.716006E+01
2.94050000000E+05	5.134645E-03	-9.278432E+01
2.95918750000E+05	5.566192E-03	-9.062379E+01
2.97787500000E+05	5.265798E-03	-8.930029E+01
2.99656250000E+05	5.141565E-03	-8.976429E+01
3.01525000000E+05	5.425445E-03	-8.857508E+01
3.03393750000E+05	5.093813E-03	-8.994535E+01
3.05262500000E+05	5.267585E-03	-9.281382E+01
3.07131250000E+05	5.353254E-03	-8.910764E+01
3.09000000000E+05	5.504275E-03	-8.709616E+01
3.10868750000E+05	5.517903E-03	-9.210711E+01
3.12737500000E+05	5.448586E-03	-9.283678E+01
3.14606250000E+05	5.438157E-03	-9.224944E+01
3.16475000000E+05	5.668181E-03	-8.919135E+01
3.18343750000E+05	5.449020E-03	-8.988988E+01
3.20212500000E+05	5.717077E-03	-9.162276E+01
3.22081250000E+05	5.474660E-03	-9.114723E+01
3.23950000000E+05	5.672225E-03	-9.279475E+01
3.25818750000E+05	5.735610E-03	-9.212770E+01
3.27687500000E+05	5.666686E-03	-9.164697E+01
3.29556250000E+05	5.750415E-03	-8.953357E+01
3.31425000000E+05	5.669793E-03	-9.249888E+01
3.33293750000E+05	5.756512E-03	-9.207550E+01
3.35162500000E+05	5.535482E-03	-9.235977E+01
3.37031250000E+05	5.899474E-03	-9.419738E+01
3.38900000000E+05	5.980619E-03	-9.054449E+01
3.40768750000E+05	5.875964E-03	-9.349539E+01
3.42637500000E+05	5.946912E-03	-9.172912E+01
3.44506250000E+05	6.141589E-03	-9.163644E+01
3.46375000000E+05	6.095471E-03	-9.090228E+01
3.48243750000E+05	6.045403E-03	-9.326300E+01
3.50112500000E+05	6.018374E-03	-9.116763E+01
3.51981250000E+05	6.087163E-03	-9.211845E+01
3.53850000000E+05	6.186015E-03	-9.260851E+01
3.55718750000E+05	6.266071E-03	-9.230140E+01
3.57587500000E+05	6.356566E-03	-9.317411E+01
3.59456250000E+05	6.280226E-03	-9.234390E+01
3.61325000000E+05	6.129069E-03	-9.029375E+01
3.63193750000E+05	6.478705E-03	-9.214027E+01
3.65062500000E+05	6.383614E-03	-9.077158E+01
3.66931250000E+05	6.325410E-03	-9.066808E+01
3.68800000000E+05	6.500954E-03	-9.230729E+01
3.70668750000E+05	6.459481E-03	-9.347263E+01
3.72537500000E+05	6.392563E-03	-9.180141E+01
3.74406250000E+05	6.570575E-03	-9.129436E+01
3.76275000000E+05	6.559099E-03	-9.054804E+01
3.78143750000E+05	6.642206E-03	-9.245095E+01
3.80012500000E+05	6.649489E-03	-9.227298E+01
3.81881250000E+05	6.791121E-03	-9.213518E+01
3.83750000000E+05	6.609161E-03	-9.169196E+01
3.85618750000E+05	6.751511E-03	-9.156153E+01
3.87487500000E+05	6.719116E-03	-9.221355E+01
3.89356250000E+05	6.779491E-03	-9.323998E+01
3.91225000000E+05	7.027398E-03	-9.183163E+01
3.93093750000E+05	6.819159E-03	-9.088705E+01
3.94962500000E+05	6.711490E-03	-9.365666E+01
3.96831250000E+05	6.895533E-03	-9.163099E+01
3.98700000000E+05	6.825031E-03	-9.280996E+01
4.00568750000E+05	6.969991E-03	-9.133678E+01
4.02437500000E+05	6.911053E-03	-9.165277E+01
4.04306250000E+05	7.039297E-03	-9.341633E+01
4.06175000000E+05	6.979478E-03	-9.410391E+01
4.08043750000E+05	6.996501E-03	-9.365026E+01
4.09912500000E+05	7.094539E-03	-9.320956E+01
4.11781250000E+05	7.061049E-03	-9.114513E+01
4.13650000000E+05	7.137202E-03	-9.371107E+01
4.15518750000E+05	7.355714E-03	-9.245296E+01
4.17387500000E+05	7.232096E-03	-9.275559E+01
4.19256250000E+05	7.462533E-03	-9.331992E+01
4.21125000000E+05	7.115537E-03	-9.276736E+01
4.22993750000E+05	7.158293E-03	-9.148571E+01
4.24862500000E+05	7.155170E-03	-9.366624E+01
4.26731250000E+05	7.422689E-03	-9.306660E+01
4.28600000000E+05	7.499124E-03	-9.289703E+01
4.30468750000E+05	7.382672E-03	-9.270855E+01
4.32337500000E+05	7.656951E-03	-9.321610E+01
4.34206250000E+05	7.655752E-03	-9.290614E+01
4.36075000000E+05	7.556043E-03	-9.252679E+01
4.37943750000E+05	7.622288E-03	-9.337704E+01
4.39812500000E+05	7.523871E-03	-9.179312E+01
4.41681250000E+05	7.728945E-03	-9.238025E+01
4.43550000000E+05	7.752018E-03	-9.334779E+01
4.45418750000E+05	7.612244E-03	-9.368831E+01
4.47287500000E+05	7.868364E-03	-9.306635E+01
4.49156250000E+05	7.818959E-03	-9.370567E+01
4.51025000000E+05	7.834801E-03	-9.149083E+01
4.52893750000E+05	7.894658E-03	-9.386701E+01
4.54762500000E+05	7.810390E-03	-9.284032E+01
4.56631250000E+05	8.060547E-03	-9.393522E+01
4.58500000000E+05	7.980331E-03	-9.365287E+01
4.60368750000E+05	7.972754E-03	-9.238040E+01
4.62237500000E+05	7.987299E-03	-9.379382E+01
4.64106250000E+05	8.263445E-03	-9.339463E+01
4.65975000000E+05	8.308963E-03	-9.304866E+01
4.67843750000E+05	8.076889E-03	-9.321861E+01
4.69712500000E+05	8.227536E-03	-9.383181E+01
4.71581250000E+05	8.180686E-03	-9.297572E+01
4.73450000000E+05	8.342426E-03	-9.383432E+01
4.75318750000E+05	8.158382E-03	-9.390699E+01
4.77187500000E+05	8.244566E-03	-9.362289E+01
4.79056250000E+05	8.389745E-03	-9.479283E+01
4.80925000000E+05	8.286840E-03	-9.387445E+01
4.82793750000E+05	8.520238E-03	-9.347776E+01
4.84662500000E+05	8.520743E-03	-9.313606E+01
4.86531250000E+05	8.563797E-03	-9.560261E+01
4.88400000000E+05	8.454680E-03	-9.451868E+01
4.90268750000E+05	8.575728E-03	-9.361762E+01
4.92137500000E+05	8.558957E-03	-9.451721E+01
4.94006250000E+05	8.792908E-03	-9.269379E+01
4.95875000000E+05	8.565991E-03	-9.351151E+01
4.97743750000E+05	8.669085E-03	-9.411472E+01
4.99612500000E+05	8.656582E-03	-9.373214E+01
5.01481250000E+05	8.723423E-03	-9.421455E+01
5.03350000000E+05	8.852473E-03	-9.384035E+01
5.05218750000E+05	8.863444E-03	-9.506414E+01
5.07087500000E+05	8.827629E-03	-9.505161E+01
5.08956250000E+05	8.836677E-03	-9.371117E+01
5.10825000000E+05	8.980968E-03	-9.431453E+01
5.12693750000E+05	8.986034E-03	-9.417773E+01
5.14562500000E+05	8.899689E-03	-9.479524E+01
5.16431250000E+05	8.915573E-03	-9.403841E+01
5.18300000000E+05	9.170617E-03	-9.460016E+01
5.20168750000E+05	9.131757E-03	-9.328778E+01
5.22037500000E+05	9.147639E-03	-9.470236E+01
5.23906250000E+05	9.145681E-03	-9.481680E+01
5.25775000000E+05	9.199899E-03	-9.358688E+01
5.27643750000E+05	9.223799E-03	-9.503845E+01
5.29512500000E+05	9.212484E-03	-9.444876E+01
5.31381250000E+05	9.343259E-03	-9.463017E+01
5.33250000000E+05	9.128152E-03	-9.510850E+01
5.35118750000E+05	9.425100E-03	-9.437912E+01
5.36987500000E+05	9.367304E-03	-9.453965E+01
5.38856250000E+05	9.377416E-03	-9.522108E+01
5.40725000000E+05	9.475509E-03	-9.404734E+01
5.42593750000E+05	9.468056E-03	-9.469515E+01
5.44462500000E+05	9.579434E-03	-9.591814E+01
5.46331250000E+05	9.404408E-03	-9.497087E+01
5.48200000000E+05	9.532601E-03	-9.487094E+01
5.50068750000E+05	9.434507E-03	-9.485990E+01
5.51937500000E+05	9.586598E-03	-9.563805E+01
5.53806250000E+05	9.602177E-03	-9.542980E+01
5.55675000000E+05	9.719959E-03	-9.450638E+01
5.57543750000E+05	9.913334E-03	-9.361645E+01
5.59412500000E+05	9.768146E-03	-9.518196E+01
5.61281250000E+05	9.766922E-03	-9.458530E+01
5.63150000000E+05	9.843168E-03	-9.492793E+01
5.65018750000E+05	1.004429E-02	-9.567389E+01
5.66887500000E+05	9.868789E-03	-9.463770E+01
5.68756250000E+05	9.833920E-03	-9.578989E+01
5.70625000000E+05	9.979745E-03	-9.586137E+01
5.72493750000E+05	9.799899E-03	-9.538847E+01
5.74362500000E+05	1.001856E-02	-9.512918E+01
5.76231250000E+05	1.017943E-02	-9.371832E+01
5.78100000000E+05	9.858940E-03	-9.546168E+01
5.79968750000E+05	1.008717E-02	-9.639380E+01
5.81837500000E+05	1.020424E-02	-9.557909E+01
5.83706250000E+05	1.016550E-02	-9.565699E+01
5.85575000000E+05	1.027604E-02	-9.504237E+01
5.87443750000E+05	1.026438E-02	-9.572301E+01
5.89312500000E+05	1.026900E-02	-9.459348E+01
5.91181250000E+05	1.040502E-02	-9.562988E+01
5.93050000000E+05	1.036237E-02	-9.644975E+01
5.94918750000E+05	1.043275E-02	-9.593203E+01
5.96787500000E+05	1.055076E-02	-9.454713E+01
5.98656250000E+05	1.045923E-02	-9.489149E+01
6.00525000000E+05	1.047239E-02	-9.569711E+01
6.02393750000E+05	1.048688E-02	-9.551700E+01
6.04262500000E+05	1.051986E-02	-9.587335E+01
6.06131250000E+05	1.073526E-02	-9.634738E+01
6.08000000000E+05	1.056613E-02	-9.582587E+01
6.09868750000E+05	1.062511E-02	-9.643441E+01
6.11737500000E+05	1.035111E-02	-9.581245E+01
6.13606250000E+05	1.051196E-02	-9.512213E+01
6.15475000000E+05	1.078251E-02	-9.568202E+01
6.17343750000E+05	1.073108E-02	-9.540842E+01
6.19212500000E+05	1.082626E-02	-9.676347E+01
6.21081250000E+05	1.075742E-02	-9.536519E+01
6.22950000000E+05	1.073958E-02	-9.553403E+01
6.24818750000E+05	1.090236E-02	-9.541311E+01
6.26687500000E+05	1.086785E-02	-9.527557E+01
6.28556250000E+05	1.114863E-02	-9.567214E+01
6.30425000000E+05	1.081242E-02	-9.604074E+01
6.32293750000E+05	1.093846E-02	-9.655525E+01
6.34162500000E+05	1.107453E-02	-9.516056E+01
6.36031250000E+05	1.089083E-02	-9.576181E+01
6.37900000000E+05	1.107073E-02	-9.639725E+01
6.39768750000E+05	1.107384E-02	-9.565827E+01
6.41637500000E+05	1.113294E-02	-9.666700E+01
6.43506250000E+05	1.122289E-02	-9.569735E+01
6.45375000000E+05	1.115805E-02	-9.545466E+01
6.47243750000E+05	1.124597E-02	-9.633302E+01
6.49112500000E+05	1.132436E-02	-9.676345E+01
6.50981250000E+05	1.127370E-02	-9.661533E+01
6.52850000000E+05	1.142496E-02	-9.636500E+01
6.54718750000E+05	1.163934E-02	-9.611129E+01
6.56587500000E+05	1.137141E-02	-9.630293E+01
6.58456250000E+05	1.145204E-02	-9.596084E+01
6.60325000000E+05	1.142134E-02	-9.595864E+01
6.62193750000E+05	1.148163E-02	-9.660197E+01
6.64062500000E+05	1.160193E-02	-9.726680E+01
6.65931250000E+05	1.162698E-02	-9.719985E+01
6.67800000000E+05	1.163383E-02	-9.650053E+01
6.69668750000E+05	1.144682E-02	-9.695472E+01
6.71537500000E+05	1.170900E-02	-9.652618E+01
6.73406250000E+05	1.175633E-02	-9.705984E+01
6.75275000000E+05	1.159691E-02	-9.650340E+01
6.77143750000E+05	1.174502E-02	-9.654868E+01
6.79012500000E+05	1.201929E-02	-9.731208E+01
6.80881250000E+05	1.185793E-02	-9.673145E+01
6.82750000000E+05	1.207673E-02	-9.685293E+01
6.84618750000E+05	1.198378E-02	-9.685186E+01
6.86487500000E+05	1.196516E-02	-9.652630E+01
6.88356250000E+05	1.187593E-02	-9.722390E+01
6.90225000000E+05	1.196139E-02	-9.715154E+01
6.92093750000E+05	1.205120E-02	-9.745355E+01
6.93962500000E+05	1.211134E-02	-9.692934E+01
6.95831250000E+05	1.220354E-02	-9.672159E+01
6.97700000000E+05	1.210218E-02	-9.671023E+01
6.99568750000E+05	1.212959E-02	-9.731768E+01
7.01437500000E+05	1.220101E-02	-9.741773E+01
7.03306250000E+05	1.210060E-02	-9.680136E+01
7.05175000000E+05	1.236848E-02	-9.737794E+01
7.07043750000E+05	1.230168E-02	-9.603222E+01
7.08912500000E+05	1.247018E-02	-9.750388E+01
7.10781250000E+05	1.255275E-02	-9.725726E+01
7.12650000000E+05	1.256678E-02	-9.703057E+01
7.14518750000E+05	1.219702E-02	-9.755888E+01
7.16387500000E+05	1.253862E-02	-9.651929E+01
7.18256250000E+05	1.238824E-02	-9.658694E+01
7.20125000000E+05	1.245688E-02	-9.844133E+01
7.21993750000E+05	1.262272E-02	-9.780920E+01
7.23862500000E+05	1.278136E-02	-9.662505E+01
7.25731250000E+05	1.266658E-02	-9.710875E+01
7.27600000000E+05	1.263565E-02	-9.727647E+01
7.29468750000E+05	1.259546E-02	-9.685941E+01
7.31337500000E+05	1.267322E-02	-9.741215E+01
7.33206250000E+05	1.293998E-02	-9.723119E+01
7.35075000000E+05	1.262027E-02	-9.855022E+01
7.36943750000E+05	1.269875E-02	-9.740411E+01
7.38812500000E+05	1.278980E-02	-9.717087E+01
7.40681250000E+05	1.298921E-02	-9.667992E+01
7.42550000000E+05	1.319127E-02	-9.726102E+01
7.44418750000E+05	1.306833E-02	-9.811072E+01
7.46287500000E+05	1.296983E-02	-9.781655E+01
7.48156250000E+05	1.298332E-02	-9.641560E+01
7.50025000000E+05	1.301897E-02	-9.741715E+01
7.51893750000E+05	1.295651E-02	-9.739471E+01
7.53762500000E+05	1.307069E-02	-9.792175E+01
7.55631250000E+05	1.312001E-02	-9.819299E+01
7.57500000000E+05	1.331885E-02	-9.782117E+01
7.59368750000E+05	1.312294E-02	-9.763948E+01
7.61237500000E+05	1.316156E-02	-9.798331E+01
7.63106250000E+05	1.326488E-02	-9.797549E+01
7.64975000000E+05	1.332852E-02	-9.761997E+01
7.66843750000E+05	1.330160E-02	-9.793163E+01
7.68712500000E+05	1.353403E-02	-9.849085E+01
7.70581250000E+05	1.341489E-02	-9.770123E+01
7.72450000000E+05	1.351819E-02	-9.873927E+01
7.74318750000E+05	1.344339E-02	-9.771526E+01
7.76187500000E+05	1.340361E-02	-9.769142E+01
7.78056250000E+05	1.364120E-02	-9.712782E+01
7.79925000000E+05	1.345423E-02	-9.792973E+01
7.81793750000E+05	1.374702E-02	-9.785257E+01
7.83662500000E+05	1.378351E-02	-9.752572E+01
7.85531250000E+05	1.374331E-02	-9.736769E+01
7.87400000000E+05	1.340746E-02	-9.705777E+01
7.89268750000E+05	1.355212E-02	-9.811635E+01
7.91137500000E+05	1.382823E-02	-9.701826E+01
7.93006250000E+05	1.365737E-02	-9.792363E+01
7.94875000000E+05	1.394517E-02	-9.831352E+01
7.96743750000E+05	1.384342E-02	-9.756989E+01
7.98612500000E+05	1.381923E-02	-9.826392E+01
8.00481250000E+05	1.405711E-02	-9.776163E+01
8.02350000000E+05	1.393695E-02	-9.755556E+01
8.04218750000E+05	1.400470E-02	-9.856729E+01
8.06087500000E+05	1.397576E-02	-9.825435E+01
8.07956250000E+05	1.415078E-02	-9.806437E+01
8.09825000000E+05	1.397741E-02	-9.807521E+01
8.11693750000E+05	1.414498E-02	-9.833093E+01
8.13562500000E+05	1.411961E-02	-9.841990E+01
8.15431250000E+05	1.426798E-02	-9.860738E+01
8.17300000000E+05	1.405884E-02	-9.872961E+01
8.19168750000E+05	1.422392E-02	-9.906380E+01
8.21037500000E+05	1.431697E-02	-9.803346E+01
8.22906250000E+05	1.438357E-02	-9.772546E+01
8.24775000000E+05	1.461642E-02	-9.814156E+01
8.26643750000E+05	1.450395E-02	-9.948999E+01
8.28512500000E+05	1.435354E-02	-9.782594E+01
8.30381250000E+05	1.465732E-02	-9.909851E+01
8.32250000000E+05	1.450737E-02	-9.853303E+01
8.34118750000E+05	1.425507E-02	-9.905704E+01
8.35987500000E+05	1.472011E-02	-9.871761E+01
8.37856250000E+05	1.466854E-02	-9.831274E+01
8.39725000000E+05	1.469193E-02	-9.895846E+01
8.41593750000E+05	1.482012E-02	-9.892014E+01
8.43462500000E+05	1.461225E-02	-9.802294E+01
8.45331250000E+05	1.467081E-02	-9.869321E+01
8.47200000000E+05	1.473618E-02	-9.825731E+01
8.49068750000E+05	1.486925E-02	-9.880384E+01
8.50937500000E+05	1.488598E-02	-9.889863E+01
8.52806250000E+05	1.487193E-02	-9.844569E+01
8.54675000000E+05	1.513443E-02	-9.819155E+01
8.56543750000E+05	1.492077E-02	-9.895496E+01
8.58412500000E+05	1.510615E-02	-9.794791E+01
8.60281250000E+05	1.487585E-02	-9.890014E+01
8.62150000000E+05	1.501217E-02	-9.922162E+01
8.64018750000E+05	1.503490E-02	-9.904842E+01
8.65887500000E+05	1.515574E-02	-9.945295E+01
8.67756250000E+05	1.498266E-02	-9.912906E+01
8.69625000000E+05	1.519139E-02	-9.850100E+01
8.71493750000E+05	1.532042E-02	-9.954777E+01
8.73362500000E+05	1.550057E-02	-9.954559E+01
8.75231250000E+05	1.522574E-02	-9.930673E+01
8.77100000000E+05	1.521514E-02	-9.859232E+01
8.78968750000E+05	1.538368E-02	-9.892435E+01
8.80837500000E+05	1.531359E-02	-9.959248E+01
8.82706250000E+05	1.535870E-02	-9.939718E+01
8.84575000000E+05	1.542657E-02	-9.836808E+01
8.86443750000E+05	1.554061E-02	-1.004695E+02
8.88312500000E+05	1.562645E-02	-9.962939E+01
8.90181250000E+05	1.572465E-02	-9.901214E+01
8.92050000000E+05	1.567764E-02	-9.884321E+01
8.93918750000E+05	1.552460E-02	-9.943914E+01
8.95787500000E+05	1.549963E-02	-9.924216E+01
8.97656250000E+05	1.560433E-02	-9.875761E+01
8.99525000000E+05	1.583661E-02	-9.898523E+01
9.01393750000E+05	1.584102E-02	-9.902637E+01
9.03262500000E+05	1.579120E-02	-9.927697E+01
9.05131250000E+05	1.577898E-02	-9.894212E+01
9.07000000000E+05	1.593812E-02	-9.929128E+01
9.08868750000E+05	1.594765E-02	-9.974632E+01
9.10737500000E+05	1.594592E-02	-9.995731E+01
9.12606250000E+05	1.567259E-02	-9.923502E+01
9.14475000000E+05	1.616290E-02	-9.959460E+01
9.16343750000E+05	1.610258E-02	-9.943741E+01
9.18212500000E+05	1.604676E-02	-9.958787E+01
9.20081250000E+05	1.589094E-02	-9.964010E+01
9.21950000000E+05	1.624274E-02	-1.003321E+02
9.23818750000E+05	1.645798E-02	-9.929488E+01
9.25687500000E+05	1.621209E-02	-9.975315E+01
9.27556250000E+05	1.614723E-02	-1.002783E+02
9.29425000000E+05	1.629749E-02	-1.003824E+02
9.31293750000E+05	1.646800E-02	-9.946133E+01
9.33162500000E+05	1.627563E-02	-1.000837E+02
9.35031250000E+05	1.629772E-02	-9.942640E+01
9.36900000000E+05	1.625390E-02	-9.974522E+01
9.38768750000E+05	1.645804E-02	-1.001113E+02
9.40637500000E+05	1.659454E-02	-1.002397E+02
9.42506250000E+05	1.640601E-02	-9.957986E+01
9.44375000000E+05	1.643588E-02	-9.958762E+01
9.46243750000E+05	1.654848E-02	-1.002212E+02
9.48112500000E+05	1.660825E-02	-1.011810E+02
9.49981250000E+05	1.659838E-02	-9.995739E+01
9.51850000000E+05	1.665474E-02	-1.003406E+02
9.53718750000E+05	1.677744E-02	-9.988194E+01
9.55587500000E+05	1.662142E-02	-1.001717E+02
9.57456250000E+05	1.699192E-02	-1.008998E+02
9.59325000000E+05	1.675906E-02	-9.964507E+01
9.61193750000E+05	1.691165E-02	-1.003776E+02
9.63062500000E+05	1.659894E-02	-9.988353E+01
9.64931250000E+05	1.693196E-02	-9.958780E+01
9.66800000000E+05	1.693312E-02	-9.920335E+01
9.68668750000E+05	1.697734E-02	-1.008139E+02
9.70537500000E+05	1.688500E-02	-9.995785E+01
9.72406250000E+05	1.707890E-02	-1.000659E+02
9.74275000000E+05	1.705816E-02	-1.004034E+02
9.76143750000E+05	1.681584E-02	-9.988604E+01
9.78012500000E+05	1.702769E-02	-1.010725E+02
9.79881250000E+05	1.736866E-02	-1.009299E+02
9.81750000000E+05	1.718606E-02	-9.987763E+01
9.83618750000E+05	1.714793E-02	-9.970006E+01
9.85487500000E+05	1.734908E-02	-9.986902E+01
9.87356250000E+05	1.737450E-02	-1.002526E+02
9.89225000000E+05	1.732557E-02	-1.001680E+02
9.91093750000E+05	1.743765E-02	-1.010468E+02
9.92962500000E+05	1.746245E-02	-1.001016E+02
9.94831250000E+05	1.731186E-02	-1.004146E+02
9.96700000000E+05	1.735996E-02	-9.978548E+01
9.98568750000E+05	1.754349E-02	-1.001872E+02
1.00043750000E+06	1.732808E-02	-1.011843E+02
1.00230625000E+06	1.735416E-02	-1.003556E+02
1.00417500000E+06	1.755555E-02	-1.012087E+02
1.00604375000E+06	1.780144E-02	-1.010547E+02
1.00791250000E+06	1.791796E-02	-1.003717E+02
1.00978125000E+06	1.790874E-02	-1.011899E+02
1.01165000000E+06	1.758591E-02	-9.996027E+01
1.01351875000E+06	1.758168E-02	-9.997109E+01
1.01538750000E+06	1.773682E-02	-1.005242E+02
1.01725625000E+06	1.777041E-02	-1.007172E+02
1.01912500000E+06	1.794119E-02	-1.013600E+02
1.02099375000E+06	1.793674E-02	-1.011738E+02
1.02286250000E+06	1.776040E-02	-1.015472E+02
1.02473125000E+06	1.812208E-02	-1.012824E+02
1.02660000000E+06	1.781919E-02	-1.016433E+02
1.02846875000E+06	1.794875E-02	-1.006580E+02
1.03033750000E+06	1.805811E-02	-1.003856E+02
1.03220625000E+06	1.812993E-02	-1.015881E+02
1.03407500000E+06	1.817300E-02	-1.015903E+02
1.03594375000E+06	1.827361E-02	-1.011985E+02
1.03781250000E+06	1.817179E-02	-1.008422E+02
1.03968125000E+06	1.808599E-02	-1.008571E+02
1.04155000000E+06	1.820506E-02	-1.014945E+02
1.04341875000E+06	1.819088E-02	-1.009638E+02
1.04528750000E+06	1.837195E-02	-1.014988E+02
1.04715625000E+06	1.825193E-02	-1.010699E+02
1.04902500000E+06	1.824503E-02	-1.011789E+02
1.05089375000E+06	1.832348E-02	-1.012910E+02
1.05276250000E+06	1.834077E-02	-1.009720E+02
1.05463125000E+06	1.850782E-02	-1.013699E+02
1.05650000000E+06	1.841695E-02	-1.016543E+02
1.05836875000E+06	1.876967E-02	-1.007597E+02
1.06023750000E+06	1.841505E-02	-1.016143E+02
1.06210625000E+06	1.881611E-02	-1.014539E+02
1.06397500000E+06	1.853798E-02	-1.005268E+02
1.06584375000E+06	1.862971E-02	-1.017422E+02
1.06771250000E+06	1.867015E-02	-1.008564E+02
1.06958125000E+06	1.912936E-02	-1.013251E+02
1.07145000000E+06	1.892521E-02	-1.012724E+02
1.07331875000E+06	1.888096E-02	-1.014823E+02
1.07518750000E+06	1.873968E-02	-1.007168E+02
1.07705625000E+06	1.885185E-02	-1.018402E+02
1.07892500000E+06	1.895757E-02	-1.014130E+02
1.08079375000E+06	1.879770E-02	-1.019090E+02
1.08266250000E+06	1.891183E-02	-1.006811E+02
1.08453125000E+06	1.910583E-02	-1.016589E+02
1.08640000000E+06	1.897287E-02	-1.013451E+02
1.08826875000E+06	1.909825E-02	-1.014893E+02
1.09013750000E+06	1.911324E-02	-1.013585E+02
1.09200625000E+06	1.938638E-02	-1.019590E+02
1.09387500000E+06	1.914837E-02	-1.017553E+02
1.09574375000E+06	1.924878E-02	-1.015848E+02
1.09761250000E+06	1.927160E-02	-1.015728E+02
1.09948125000E+06	1.913852E-02	-1.015009E+02
1.10135000000E+06	1.916108E-02	-1.009676E+02
1.10321875000E+06	1.935033E-02	-1.015506E+02
1.10508750000E+06	1.925499E-02	-1.018559E+02
1.10695625000E+06	1.925713E-02	-1.016837E+02
1.10882500000E+06	1.940195E-02	-1.015044E+02
1.11069375000E+06	1.963913E-02	-1.023839E+02
1.11256250000E+06	1.931883E-02	-1.012492E+02
1.11443125000E+06	1.945651E-02	-1.017882E+02
1.11630000000E+06	1.959912E-02	-1.008001E+02
1.11816875000E+06	1.963463E-02	-1.018578E+02
1.12003750000E+06	1.983230E-02	-1.026688E+02
1.12190625000E+06	1.967964E-02	-1.016259E+02
1.12377500000E+06	1.970749E-02	-1.026266E+02
1.12564375000E+06	1.967568E-02	-1.016671E+02
1.12751250000E+06	1.953557E-02	-1.023718E+02
1.12938125000E+06	1.978039E-02	-1.017143E+02
1.13125000000E+06	1.980940E-02	-1.021540E+02
1.13311875000E+06	1.994867E-02	-1.019687E+02
1.13498750000E+06	1.983908E-02	-1.020764E+02
1.13685625000E+06	1.981657E-02	-1.021726E+02
1.13872500000E+06	1.983349E-02	-1.022743E+02
1.14059375000E+06	2.018992E-02	-1.020705E+02
1.14246250000E+06	2.004227E-02	-1.030199E+02
1.14433125000E+06	1.994032E-02	-1.019020E+02
1.14620000000E+06	2.006640E-02	-1.031625E+02
1.14806875000E+06	2.015719E-02	-1.021769E+02
1.14993750000E+06	2.030419E-02	-1.023442E+02
1.15180625000E+06	2.029011E-02	-1.025471E+02
1.15367500000E+06	2.004297E-02	-1.021983E+02
1.15554375000E+06	2.021856E-02	-1.030958E+02
1.15741250000E+06	2.039739E-02	-1.022226E+02
1.15928125000E+06	2.033308E-02	-1.024990E+02
1.16115000000E+06	2.028461E-02	-1.021922E+02
1.16301875000E+06	2.049782E-02	-1.027251E+02
1.16488750000E+06	2.039074E-02	-1.025514E+02
1.16675625000E+06	2.038471E-02	-1.022453E+02
1.16862500000E+06	2.034249E-02	-1.022860E+02
1.17049375000E+06	2.069881E-02	-1.029123E+02
1.17236250000E+06	2.056218E-02	-1.022912E+02
1.17423125000E+06	2.058668E-02	-1.028991E+02
1.17610000000E+06	2.075232E-02	-1.024605E+02
1.17796875000E+06	2.067622E-02	-1.035256E+02
1.17983750000E+06	2.079105E-02	-1.023963E+02
1.18170625000E+06	2.085315E-02	-1.024189E+02
1.18357500000E+06	2.080637E-02	-1.029613E+02
1.18544375000E+06	2.071764E-02	-1.023929E+02
1.18731250000E+06	2.058531E-02	-1.025819E+02
1.18918125000E+06	2.085820E-02	-1.029440E+02
1.19105000000E+06	2.117344E-02	-1.029024E+02
1.19291875000E+06	2.103278E-02	-1.029302E+02
1.19478750000E+06	2.089146E-02	-1.028404E+02
1.19665625000E+06	2.098114E-02	-1.027938E+02
1.19852500000E+06	2.129889E-02	-1.021571E+02
1.20039375000E+06	2.139205E-02	-1.019599E+02
1.20226250000E+06	2.113422E-02	-1.032004E+02
1.20413125000E+06	2.107298E-02	-1.026891E+02
1.20600000000E+06	2.117954E-02	-1.020238E+02
1.20786875000E+06	2.122692E-02	-1.027241E+02
1.20973750000E+06	2.117302E-02	-1.026442E+02
1.21160625000E+06	2.132524E-02	-1.031235E+02
1.21347500000E+06	2.135110E-02	-1.034265E+02
1.21534375000E+06	2.148221E-02	-1.029678E+02
1.21721250000E+06	2.136114E-02	-1.029107E+02
1.21908125000E+06	2.147438E-02	-1.029037E+02
1.22095000000E+06	2.135152E-02	-1.034991E+02
1.22281875000E+06	2.126344E-02	-1.024142E+02
1.22468750000E+06	2.147476E-02	-1.029019E+02
1.22655625000E+06	2.137797E-02	-1.024786E+02
1.22842500000E+06	2.164624E-02	-1.034462E+02
1.23029375000E+06	2.172777E-02	-1.031396E+02
1.23216250000E+06	2.156669E-02	-1.038473E+02
1.23403125000E+06	2.172847E-02	-1.031979E+02
1.23590000000E+06	2.172491E-02	-1.032858E+02
1.23776875000E+06	2.168144E-02	-1.034553E+02
1.23963750000E+06	2.180125E-02	-1.032754E+02
1.24150625000E+06	2.185577E-02	-1.033131E+02
1.24337500000E+06	2.165622E-02	-1.033336E+02
1.24524375000E+06	2.189161E-02	-1.028623E+02
1.24711250000E+06	2.173180E-02	-1.036421E+02
1.24898125000E+06	2.207747E-02	-1.036265E+02
1.25085000000E+06	2.187129E-02	-1.040068E+02
1.25271875000E+06	2.200893E-02	-1.034886E+02
1.25458750000E+06	2.190041E-02	-1.033972E+02
1.25645625000E+06	2.206846E-02	-1.040022E+02
1.25832500000E+06	2.239750E-02	-1.035116E+02
1.26019375000E+06	2.220742E-02	-1.042392E+02
1.26206250000E+06	2.233342E-02	-1.037132E+02
1.26393125000E+06	2.228719E-02	-1.034577E+02
1.26580000000E+06	2.212526E-02	-1.033801E+02
1.26766875000E+06	2.226866E-02	-1.042145E+02
1.26953750000E+06	2.229949E-02	-1.041534E+02
1.27140625000E+06	2.267222E-02	-1.039914E+02
1.27327500000E+06	2.254537E-02	-1.033190E+02
1.27514375000E+06	2.250137E-02	-1.042318E+02
1.27701250000E+06	2.232245E-02	-1.041013E+02
1.27888125000E+06	2.228897E-02	-1.038897E+02
1.28075000000E+06	2.261333E-02	-1.040821E+02
1.28261875000E+06	2.269427E-02	-1.038532E+02
1.28448750000E+06	2.249543E-02	-1.044577E+02
1.28635625000E+06	2.266205E-02	-1.034072E+02
1.28822500000E+06	2.270384E-02	-1.041940E+02
1.29009375000E+06	2.269314E-02	-1.037955E+02
1.29196250000E+06	2.284185E-02	-1.033573E+02
1.29383125000E+06	2.262632E-02	-1.040294E+02
1.29570000000E+06	2.271111E-02	-1.042853E+02
1.29756875000E+06	2.304024E-02	-1.044201E+02
1.29943750000E+06	2.291182E-02	-1.040787E+02
1.30130625000E+06	2.278450E-02	-1.039992E+02
1.30317500000E+06	2.281406E-02	-1.048166E+02
1.30504375000E+06	2.297647E-02	-1.041986E+02
1.30691250000E+06	2.302557E-02	-1.040684E+02
1.30878125000E+06	2.299307E-02	-1.042212E+02
1.31065000000E+06	2.302146E-02	-1.036787E+02
1.31251875000E+06	2.295237E-02	-1.040651E+02
1.31438750000E+06	2.324383E-02	-1.041576E+02
1.31625625000E+06	2.319117E-02	-1.038914E+02
1.31812500000E+06	2.320547E-02	-1.040897E+02
1.31999375000E+06	2.319741E-02	-1.045167E+02
1.32186250000E+06	2.346352E-02	-1.047340E+02
1.32373125000E+06	2.333551E-02	-1.048540E+02
1.32560000000E+06	2.352942E-02	-1.040140E+02
1.32746875000E+06	2.344087E-02	-1.042691E+02
1.32933750000E+06	2.345225E-02	-1.040476E+02
1.33120625000E+06	2.333098E-02	-1.041004E+02
1.33307500000E+06	2.358298E-02	-1.045910E+02
1.33494375000E+06	2.352552E-02	-1.046333E+02
1.33681250000E+06	2.374454E-02	-1.045844E+02
1.33868125000E+06	2.349692E-02	-1.043280E+02
1.34055000000E+06	2.352259E-02	-1.045707E+02
1.34241875000E+06	2.385690E-02	-1.045200E+02
1.34428750000E+06	2.365070E-02	-1.044342E+02
1.34615625000E+06	2.366130E-02	-1.049255E+02
1.34802500000E+06	2.370139E-02	-1.050398E+02
1.34989375000E+06	2.386535E-02	-1.042470E+02
1.35176250000E+06	2.379736E-02	-1.047419E+02
1.35363125000E+06	2.361422E-02	-1.046825E+02
1.35550000000E+06	2.388411E-02	-1.048247E+02
1.35736875000E+06	2.369028E-02	-1.047384E+02
1.35923750000E+06	2.433695E-02	-1.049404E+02
1.36110625000E+06	2.430402E-02	-1.052280E+02
1.36297500000E+06	2.411772E-02	-1.046743E+02
1.36484375000E+06	2.404002E-02	-1.053778E+02
1.36671250000E+06	2.397455E-02	-1.048554E+02
1.36858125000E+06	2.421851E-02	-1.050355E+02
1.37045000000E+06	2.434042E-02	-1.050219E+02
1.37231875000E+06	2.413416E-02	-1.050101E+02
1.37418750000E+06	2.411680E-02	-1.052336E+02
1.37605625000E+06	2.406971E-02	-1.046174E+02
1.37792500000E+06	2.443893E-02	-1.053147E+02
1.37979375000E+06	2.431114E-02	-1.052834E+02
1.38166250000E+06	2.436653E-02	-1.051037E+02
1.38353125000E+06	2.434375E-02	-1.048011E+02
1.38540000000E+06	2.430596E-02	-1.047260E+02
1.38726875000E+06	2.471658E-02	-1.048949E+02
1.38913750000E+06	2.458887E-02	-1.051196E+02
1.39100625000E+06	2.475663E-02	-1.055850E+02
1.39287500000E+06	2.436698E-02	-1.055300E+02
1.39474375000E+06	2.443665E-02	-1.049967E+02
1.39661250000E+06	2.450127E-02	-1.054451E+02
1.39848125000E+06	2.464725E-02	-1.057534E+02
1.40035000000E+06	2.466257E-02	-1.054527E+02
1.40221875000E+06	2.464178E-02	-1.045772E+02
1.40408750000E+06	2.476973E-02	-1.053509E+02
1.40595625000E+06	2.458233E-02	-1.053377E+02
1.40782500000E+06	2.491694E-02	-1.052800E+02
1.40969375000E+06	2.473519E-02	-1.049123E+02
1.41156250000E+06	2.492305E-02	-1.051049E+02
1.41343125000E+06	2.516288E-02	-1.052295E+02
1.41530000000E+06	2.497926E-02	-1.050196E+02
1.41716875000E+06	2.466946E-02	-1.052562E+02
1.41903750000E+06	2.512944E-02	-1.053414E+02
1.42090625000E+06	2.480099E-02	-1.048642E+02
1.42277500000E+06	2.522902E-02	-1.057641E+02
1.42464375000E+06	2.502080E-02	-1.056634E+02
1.42651250000E+06	2.506821E-02	-1.057349E+02
1.42838125000E+06	2.500066E-02	-1.058726E+02
1.43025000000E+06	2.510332E-02	-1.056490E+02
1.43211875000E+06	2.550525E-02	-1.063026E+02
1.43398750000E+06	2.537470E-02	-1.057374E+02
1.43585625000E+06	2.514907E-02	-1.063812E+02
1.43772500000E+06	2.547832E-02	-1.056043E+02
1.43959375000E+06	2.579544E-02	-1.053047E+02
1.44146250000E+06	2.544475E-02	-1.061282E+02
1.44333125000E+06	2.571230E-02	-1.055753E+02
1.44520000000E+06	2.545438E-02	-1.060587E+02
1.44706875000E+06	2.559973E-02	-1.055152E+02
1.44893750000E+06	2.545212E-02	-1.064069E+02
1.45080625000E+06	2.575134E-02	-1.058337E+02
1.45267500000E+06	2.570724E-02	-1.058475E+02
1.45454375000E+06	2.562806E-02	-1.059391E+02
1.45641250000E+06	2.571313E-02	-1.059564E+02
1.45828125000E+06	2.572375E-02	-1.067576E+02
1.46015000000E+06	2.593223E-02	-1.056777E+02
1.46201875000E+06	2.592626E-02	-1.056550E+02
1.46388750000E+06	2.580173E-02	-1.057401E+02
1.46575625000E+06	2.604586E-02	-1.062924E+02
1.46762500000E+06	2.571877E-02	-1.061392E+02
1.46949375000E+06	2.580513E-02	-1.060602E+02
1.47136250000E+06	2.624254E-02	-1.060486E+02
1.47323125000E+06	2.583246E-02	-1.060220E+02
1.47510000000E+06	2.588978E-02	-1.059761E+02
1.47696875000E+06	2.611684E-02	-1.063395E+02
1.47883750000E+06	2.603554E-02	-1.057984E+02
1.48070625000E+06	2.591850E-02	-1.061881E+02
1.48257500000E+06	2.627232E-02	-1.058653E+02
1.48444375000E+06	2.631843E-02	-1.064555E+02
1.48631250000E+06	2.640345E-02	-1.062240E+02
1.48818125000E+06	2.634899E-02	-1.059930E+02
1.49005000000E+06	2.641514E-02	-1.061912E+02
1.49191875000E+06	2.647550E-02	-1.061913E+02
1.49378750000E+06	2.637757E-02	-1.066408E+02
1.49565625000E+06	2.639585E-02	-1.063160E+02
1.49752500000E+06	2.643326E-02	-1.062205E+02
1.49939375000E+06	2.641607E-02	-1.062658E+02
1.50126250000E+06	2.670727E-02	-1.062968E+02
1.50313125000E+06	2.663886E-02	-1.063098E+02
1.50500000000E+06	2.652611E-02	-1.069036E+02
1.50686875000E+06	2.656412E-02	-1.063343E+02
1.50873750000E+06	2.649987E-02	-1.065951E+02
1.51060625000E+06	2.689575E-02	-1.066805E+02
1.51247500000E+06	2.687383E-02	-1.064466E+02
1.51434375000E+06	2.674860E-02	-1.066090E+02
1.51621250000E+06	2.693658E-02	-1.066380E+02
1.51808125000E+06	2.665015E-02	-1.064745E+02
1.51995000000E+06	2.701284E-02	-1.064845E+02
1.52181875000E+06	2.684317E-02	-1.065660E+02
1.52368750000E+06	2.707913E-02	-1.070016E+02
1.52555625000E+06	2.690100E-02	-1.066168E+02
1.52742500000E+06	2.703928E-02	-1.068339E+02
1.52929375000E+06	2.709634E-02	-1.071190E+02
1.53116250000E+06	2.707426E-02	-1.067866E+02
1.53303125000E+06	2.729973E-02	-1.072163E+02
1.53490000000E+06	2.702590E-02	-1.068662E+02
1.53676875000E+06	2.713681E-02	-1.069361E+02
1.53863750000E+06	2.712732E-02	-1.074647E+02
1.54050625000E+06	2.750080E-02	-1.068479E+02
1.54237500000E+06	2.746595E-02	-1.069184E+02
1.54424375000E+06	2.721261E-02	-1.065135E+02
1.54611250000E+06	2.758322E-02	-1.073656E+02
1.54798125000E+06	2.731618E-02	-1.072119E+02
1.54985000000E+06	2.763210E-02	-1.076192E+02
1.55171875000E+06	2.750160E-02	-1.074963E+02
1.55358750000E+06	2.763296E-02	-1.071682E+02
1.55545625000E+06	2.764276E-02	-1.073374E+02
1.55732500000E+06	2.766974E-02	-1.072559E+02
1.55919375000E+06	2.760200E-02	-1.073406E+02
1.56106250000E+06	2.756367E-02	-1.072994E+02
1.56293125000E+06	2.773184E-02	-1.074504E+02
1.56480000000E+06	2.797716E-02	-1.070762E+02
1.56666875000E+06	2.777699E-02	-1.072646E+02
1.56853750000E+06	2.761052E-02	-1.073710E+02
1.57040625000E+06	2.778443E-02	-1.070410E+02
1.57227500000E+06	2.764412E-02	-1.072135E+02
1.57414375000E+06	2.790948E-02	-1.076489E+02
1.57601250000E+06	2.775067E-02	-1.075393E+02
1.57788125000E+06	2.787895E-02	-1.078607E+02
1.57975000000E+06	2.786126E-02	-1.072855E+02
1.58161875000E+06	2.810408E-02	-1.073643E+02
1.58348750000E+06	2.815644E-02	-1.076150E+02
1.58535625000E+06	2.829198E-02	-1.072593E+02
1.58722500000E+06	2.817717E-02	-1.074541E+02
1.58909375000E+06	2.785203E-02	-1.076515E+02
1.59096250000E+06	2.813042E-02	-1.069942E+02
1.59283125000E+06	2.822117E-02	-1.075857E+02
1.59470000000E+06	2.815348E-02	-1.078528E+02
1.59656875000E+06	2.840663E-02	-1.072641E+02
1.59843750000E+06	2.859324E-02	-1.074543E+02
1.60030625000E+06	2.831127E-02	-1.078859E+02
1.60217500000E+06	2.837530E-02	-1.076125E+02
1.60404375000E+06	2.844653E-02	-1.081384E+02
1.60591250000E+06	2.888750E-02	-1.077873E+02
1.60778125000E+06	2.836634E-02	-1.076344E+02
1.60965000000E+06	2.858876E-02	-1.078305E+02
1.61151875000E+06	2.848686E-02	-1.078754E+02
1.61338750000E+06	2.859819E-02	-1.075460E+02
1.61525625000E+06	2.868652E-02	-1.079887E+02
1.61712500000E+06	2.874350E-02	-1.078131E+02
1.61899375000E+06	2.885134E-02	-1.076938E+02
1.62086250000E+06	2.871190E-02	-1.083339E+02
1.62273125000E+06	2.900968E-02	-1.080622E+02
1.62460000000E+06	2.902497E-02	-1.082751E+02
1.62646875000E+06	2.899538E-02	-1.081747E+02
1.62833750000E+06	2.894607E-02	-1.082850E+02
1.63020625000E+06	2.898085E-02	-1.080843E+02
1.63207500000E+06	2.895125E-02	-1.084135E+02
1.63394375000E+06	2.890186E-02	-1.086665E+02
1.63581250000E+06	2.900818E-02	-1.083316E+02
1.63768125000E+06	2.888913E-02	-1.082702E+02
1.63955000000E+06	2.895608E-02	-1.082031E+02
1.64141875000E+06	2.923773E-02	-1.083257E+02
1.64328750000E+06	2.917764E-02	-1.088025E+02
1.64515625000E+06	2.908242E-02	-1.083895E+02
1.64702500000E+06	2.908676E-02	-1.085459E+02
1.64889375000E+06	2.914785E-02	-1.081777E+02
1.65076250000E+06	2.943510E-02	-1.083951E+02
1.65263125000E+06	2.903936E-02	-1.081212E+02
1.65450000000E+06	2.924815E-02	-1.079034E+02
1.65636875000E+06	2.964899E-02	-1.088265E+02
1.65823750000E+06	2.924242E-02	-1.086521E+02
1.66010625000E+06	2.929677E-02	-1.089591E+02
1.66197500000E+06	2.958686E-02	-1.088769E+02
1.66384375000E+06	2.961676E-02	-1.083349E+02
1.66571250000E+06	2.963051E-02	-1.085256E+02
1.66758125000E+06	2.953253E-02	-1.090641E+02
1.66945000000E+06	2.961475E-02	-1.090849E+02
1.67131875000E+06	2.970677E-02	-1.089488E+02
1.67318750000E+06	2.981750E-02	-1.084326E+02
1.67505625000E+06	3.016825E-02	-1.083398E+02
1.67692500000E+06	2.925338E-02	-1.087445E+02
1.67879375000E+06	2.979676E-02	-1.088840E+02
1.68066250000E+06	2.976117E-02	-1.087176E+02
1.68253125000E+06	2.983110E-02	-1.088216E+02
1.68440000000E+06	2.981491E-02	-1.087867E+02
1.68626875000E+06	2.991879E-02	-1.082870E+02
1.68813750000E+06	3.001506E-02	-1.088522E+02
1.69000625000E+06	2.994431E-02	-1.092688E+02
1.69187500000E+06	2.980942E-02	-1.084770E+02
1.69374375000E+06	2.992197E-02	-1.090467E+02
1.69561250000E+06	3.023668E-02	-1.086838E+02
1.69748125000E+06	3.012434E-02	-1.087658E+02
1.69935000000E+06	3.031729E-02	-1.094376E+02
1.70121875000E+06	3.010857E-02	-1.091339E+02
1.70308750000E+06	2.985228E-02	-1.095222E+02
1.70495625000E+06	3.017572E-02	-1.088919E+02
1.70682500000E+06	2.997489E-02	-1.090667E+02
1.70869375000E+06	3.042295E-02	-1.095622E+02
1.71056250000E+06	3.061202E-02	-1.090750E+02
1.71243125000E+06	3.011997E-02	-1.093575E+02
1.71430000000E+06	3.051669E-02	-1.094673E+02
1.71616875000E+06	3.037948E-02	-1.094126E+02
1.71803750000E+06	3.044843E-02	-1.095258E+02
1.71990625000E+06	3.034986E-02	-1.093238E+02
1.72177500000E+06	3.037900E-02	-1.098574E+02
1.72364375000E+06	3.088229E-02	-1.096961E+02
1.72551250000E+06	3.059978E-02	-1.098860E+02
1.72738125000E+06	3.072621E-02	-1.093431E+02
1.72925000000E+06	3.067305E-02	-1.092727E+02
1.73111875000E+06	3.073272E-02	-1.097094E+02
1.73298750000E+06	3.087486E-02	-1.091568E+02
1.73485625000E+06	3.070869E-02	-1.098686E+02
1.73672500000E+06	3.084179E-02	-1.096150E+02
1.73859375000E+06	3.086494E-02	-1.094597E+02
1.74046250000E+06	3.095504E-02	-1.094587E+02
1.74233125000E+06	3.082799E-02	-1.095732E+02
1.74420000000E+06	3.094649E-02	-1.095782E+02
1.74606875000E+06	3.106204E-02	-1.093561E+02
1.74793750000E+06	3.076391E-02	-1.100216E+02
1.74980625000E+06	3.094112E-02	-1.097980E+02
1.75167500000E+06	3.084102E-02	-1.098272E+02
1.75354375000E+06	3.090347E-02	-1.101792E+02
1.75541250000E+06	3.098801E-02	-1.104851E+02
1.75728125000E+06	3.108328E-02	-1.101148E+02
1.75915000000E+06	3.115015E-02	-1.097683E+02
1.76101875000E+06	3.114018E-02	-1.099399E+02
1.76288750000E+06	3.107354E-02	-1.098750E+02
1.76475625000E+06	3.125091E-02	-1.102656E+02
1.76662500000E+06	3.106054E-02	-1.097385E+02
1.76849375000E+06	3.104057E-02	-1.098233E+02
1.77036250000E+06	3.126639E-02	-1.099076E+02
1.77223125000E+06	3.118653E-02	-1.098958E+02
1.77410000000E+06	3.133924E-02	-1.103567E+02
1.77596875000E+06	3.142565E-02	-1.105579E+02
1.77783750000E+06	3.139107E-02	-1.100973E+02
1.77970625000E+06	3.130899E-02	-1.098941E+02
1.78157500000E+06	3.154604E-02	-1.099664E+02
1.78344375000E+06	3.162330E-02	-1.102443E+02
1.78531250000E+06	3.140390E-02	-1.106181E+02
1.78718125000E+06	3.136510E-02	-1.101881E+02
1.78905000000E+06	3.148789E-02	-1.101452E+02
1.79091875000E+06	3.152418E-02	-1.101531E+02
1.79278750000E+06	3.154320E-02	-1.101765E+02
1.79465625000E+06	3.159795E-02	-1.102557E+02
1.79652500000E+06	3.162991E-02	-1.105456E+02
1.79839375000E+06	3.159693E-02	-1.106737E+02
1.80026250000E+06	3.181299E-02	-1.103911E+02
1.80213125000E+06	3.198359E-02	-1.101544E+02
1.80400000000E+06	3.169160E-02	-1.106973E+02
1.80586875000E+06	3.192503E-02	-1.104634E+02
1.80773750000E+06	3.190241E-02	-1.097031E+02
1.80960625000E+06	3.188830E-02	-1.107154E+02
1.81147500000E+06	3.208282E-02	-1.099086E+02
1.81334375000E+06	3.173054E-02	-1.106352E+02
1.81521250000E+06	3.188878E-02	-1.108580E+02
1.81708125000E+06	3.214911E-02	-1.104591E+02
1.81895000000E+06	3.192737E-02	-1.104082E+02
1.82081875000E+06	3.213926E-02	-1.101946E+02
1.82268750000E+06	3.197652E-02	-1.102605E+02
1.82455625000E+06	3.205791E-02	-1.107046E+02
1.82642500000E+06	3.195520E-02	-1.100123E+02
1.82829375000E+06	3.203340E-02	-1.105901E+02
1.83016250000E+06	3.207796E-02	-1.105997E+02
1.83203125000E+06	3.222400E-02	-1.104958E+02
1.83390000000E+06	3.224338E-02	-1.103359E+02
1.83576875000E+06	3.250575E-02	-1.107041E+02
1.83763750000E+06	3.231562E-02	-1.108609E+02
1.83950625000E+06	3.236929E-02	-1.111126E+02
1.84137500000E+06	3.231711E-02	-1.107067E+02
1.84324375000E+06	3.219088E-02	-1.109024E+02
1.84511250000E+06	3.220795E-02	-1.105686E+02
1.84698125000E+06	3.223460E-02	-1.100751E+02
1.84885000000E+06	3.243396E-02	-1.107586E+02
1.85071875000E+06	3.254260E-02	-1.106301E+02
1.85258750000E+06	3.254217E-02	-1.099392E+02
1.85445625000E+06	3.265103E-02	-1.107087E+02
1.85632500000E+06	3.275703E-02	-1.108976E+02
1.85819375000E+06	3.271087E-02	-1.105954E+02
1.86006250000E+06	3.287391E-02	-1.105840E+02
1.86193125000E+06	3.298768E-02	-1.106423E+02
1.86380000000E+06	3.290333E-02	-1.113896E+02
1.86566875000E+06	3.269454E-02	-1.108031E+02
1.86753750000E+06	3.275592E-02	-1.101672E+02
1.86940625000E+06	3.289775E-02	-1.104711E+02
1.87127500000E+06	3.304074E-02	-1.108043E+02
1.87314375000E+06	3.281012E-02	-1.107306E+02
1.87501250000E+06	3.289777E-02	-1.103843E+02
1.87688125000E+06	3.310300E-02	-1.107704E+02
1.87875000000E+06	3.319296E-02	-1.104072E+02
1.88061875000E+06	3.298027E-02	-1.107971E+02
1.88248750000E+06	3.315128E-02	-1.106847E+02
1.88435625000E+06	3.323485E-02	-1.108019E+02
1.88622500000E+06	3.345887E-02	-1.103920E+02
1.88809375000E+06	3.319911E-02	-1.108226E+02
1.88996250000E+06	3.327077E-02	-1.108258E+02
1.89183125000E+06	3.338036E-02	-1.110585E+02
1.89370000000E+06	3.339858E-02	-1.110317E+02
1.89556875000E+06	3.340866E-02	-1.109159E+02
1.89743750000E+06	3.338956E-02	-1.106854E+02
1.89930625000E+06	3.358866E-02	-1.109706E+02
1.90117500000E+06	3.365199E-02	-1.105993E+02
1.90304375000E+06	3.346933E-02	-1.108636E+02
1.90491250000E+06	3.363004E-02	-1.107518E+02
1.90678125000E+06	3.358239E-02	-1.107426E+02
1.90865000000E+06	3.371982E-02	-1.105602E+02
1.91051875000E+06	3.376540E-02	-1.108133E+02
1.91238750000E+06	3.366783E-02	-1.108464E+02
1.91425625000E+06	3.380638E-02	-1.109854E+02
1.91612500000E+06	3.380312E-02	-1.111446E+02
1.91799375000E+06	3.389068E-02	-1.108753E+02
1.91986250000E+06	3.388346E-02	-1.109738E+02
1.92173125000E+06	3.404464E-02	-1.109249E+02
1.92360000000E+06	3.385938E-02	-1.110224E+02
1.92546875000E+06	3.408727E-02	-1.110443E+02
1.92733750000E+06	3.409014E-02	-1.109740E+02
1.92920625000E+06	3.397465E-02	-1.113998E+02
1.93107500000E+06	3.406332E-02	-1.110042E+02
1.93294375000E+06	3.402819E-02	-1.109542E+02
1.93481250000E+06	3.428883E-02	-1.111814E+02
1.93668125000E+06	3.419385E-02	-1.112473E+02
1.93855000000E+06	3.436223E-02	-1.112275E+02
1.94041875000E+06	3.449627E-02	-1.107956E+02
1.94228750000E+06	3.452242E-02	-1.115095E+02
1.94415625000E+06	3.442048E-02	-1.112376E+02
1.94602500000E+06	3.447708E-02	-1.112617E+02
1.94789375000E+06	3.447707E-02	-1.115195E+02
1.94976250000E+06	3.445265E-02	-1.110666E+02
1.95163125000E+06	3.433735E-02	-1.110020E+02
1.95350000000E+06	3.475681E-02	-1.113605E+02
1.95536875000E+06	3.479839E-02	-1.111525E+02
1.95723750000E+06	3.478345E-02	-1.114179E+02
1.95910625000E+06	3.482199E-02	-1.114026E+02
1.96097500000E+06	3.471822E-02	-1.114472E+02
1.96284375000E+06	3.486843E-02	-1.114125E+02
1.96471250000E+06	3.487382E-02	-1.115553E+02
1.96658125000E+06	3.482956E-02	-1.115406E+02
1.96845000000E+06	3.494205E-02	-1.114026E+02
1.97031875000E+06	3.499125E-02	-1.115457E+02
1.97218750000E+06	3.505310E-02	-1.114144E+02
1.97405625000E+06	3.505479E-02	-1.115035E+02
1.97592500000E+06	3.490070E-02	-1.113391E+02
1.97779375000E+06	3.519459E-02	-1.112338E+02
1.97966250000E+06	3.492544E-02	-1.116967E+02
1.98153125000E+06	3.487801E-02	-1.114290E+02
1.98340000000E+06	3.565474E-02	-1.112729E+02
1.98526875000E+06	3.516822E-02	-1.116623E+02
1.98713750000E+06	3.527796E-02	-1.118320E+02
1.98900625000E+06	3.527224E-02	-1.116092E+02
1.99087500000E+06	3.538163E-02	-1.119183E+02
1.99274375000E+06	3.559491E-02	-1.114416E+02
1.99461250000E+06	3.555399E-02	-1.115203E+02
1.99648125000E+06	3.580807E-02	-1.112903E+02
1.99835000000E+06	3.540677E-02	-1.115304E+02
2.00021875000E+06	3.515558E-02	-1.115644E+02
2.00208750000E+06	3.570444E-02	-1.115149E+02
2.00395625000E+06	3.565065E-02	-1.120936E+02
2.00582500000E+06	3.552433E-02	-1.118304E+02
2.00769375000E+06	3.600395E-02	-1.120791E+02
2.00956250000E+06	3.594850E-02	-1.117587E+02
2.01143125000E+06	3.569552E-02	-1.119045E+02
2.01330000000E+06	3.565691E-02	-1.121545E+02
2.01516875000E+06	3.619343E-02	-1.116675E+02
2.01703750000E+06	3.595088E-02	-1.118239E+02
2.01890625000E+06	3.590789E-02	-1.117505E+02
2.02077500000E+06	3.575422E-02	-1.122393E+02
2.02264375000E+06	3.616749E-02	-1.123095E+02
2.02451250000E+06	3.602482E-02	-1.121343E+02
2.02638125000E+06	3.619441E-02	-1.119009E+02
2.02825000000E+06	3.629312E-02	-1.119697E+02
2.03011875000E+06	3.652365E-02	-1.123813E+02
2.03198750000E+06	3.627248E-02	-1.123219E+02
2.03385625000E+06	3.622736E-02	-1.121436E+02
2.03572500000E+06	3.627981E-02	-1.118180E+02
2.03759375000E+06	3.615909E-02	-1.124892E+02
2.03946250000E+06	3.660637E-02	-1.121283E+02
2.04133125000E+06	3.627982E-02	-1.121188E+02
2.04320000000E+06	3.648508E-02	-1.121760E+02
2.04506875000E+06	3.676709E-02	-1.125128E+02
2.04693750000E+06	3.687539E-02	-1.124269E+02
2.04880625000E+06	3.660150E-02	-1.119936E+02
2.05067500000E+06	3.655002E-02	-1.125910E+02
2.05254375000E+06	3.678029E-02	-1.123412E+02
2.05441250000E+06	3.678940E-02	-1.122103E+02
2.05628125000E+06	3.668288E-02	-1.123923E+02
2.05815000000E+06	3.674925E-02	-1.126755E+02
2.06001875000E+06	3.698109E-02	-1.125084E+02
2.06188750000E+06	3.692250E-02	-1.123494E+02
2.06375625000E+06	3.667085E-02	-1.126605E+02
2.06562500000E+06	3.697364E-02	-1.125840E+02
2.06749375000E+06	3.694711E-02	-1.125397E+02
2.06936250000E+06	3.686769E-02	-1.125658E+02
2.07123125000E+06	3.705509E-02	-1.127664E+02
2.07310000000E+06	3.702665E-02	-1.124977E+02
2.07496875000E+06	3.715786E-02	-1.128077E+02
2.07683750000E+06	3.727727E-02	-1.130038E+02
2.07870625000E+06	3.710508E-02	-1.125999E+02
2.08057500000E+06	3.721086E-02	-1.123726E+02
2.08244375000E+06	3.735627E-02	-1.128625E+02
2.08431250000E+06	3.748212E-02	-1.127575E+02
2.08618125000E+06	3.744555E-02	-1.126789E+02
2.08805000000E+06	3.746908E-02	-1.127476E+02
2.08991875000E+06	3.760061E-02	-1.130351E+02
2.09178750000E+06	3.738389E-02	-1.127812E+02
2.09365625000E+06	3.729741E-02	-1.130152E+02
2.09552500000E+06	3.757920E-02	-1.129641E+02
2.09739375000E+06	3.762827E-02	-1.128061E+02
2.09926250000E+06	3.759420E-02	-1.129825E+02
2.10113125000E+06	3.764518E-02	-1.130147E+02
2.10300000000E+06	3.765217E-02	-1.130224E+02
2.10486875000E+06	3.763444E-02	-1.126186E+02
2.10673750000E+06	3.778635E-02	-1.128347E+02
2.10860625000E+06	3.779599E-02	-1.129853E+02
2.11047500000E+06	3.789513E-02	-1.128405E+02
2.11234375000E+06	3.800486E-02	-1.132406E+02
2.11421250000E+06	3.800869E-02	-1.132173E+02
2.11608125000E+06	3.790116E-02	-1.132306E+02
2.11795000000E+06	3.798978E-02	-1.131362E+02
2.11981875000E+06	3.811247E-02	-1.129819E+02
2.12168750000E+06	3.802591E-02	-1.132173E+02
2.12355625000E+06	3.793926E-02	-1.130217E+02
2.12542500000E+06	3.815473E-02	-1.133449E+02
2.12729375000E+06	3.815516E-02	-1.133562E+02
2.12916250000E+06	3.817045E-02	-1.135839E+02
2.13103125000E+06	3.826083E-02	-1.132439E+02
2.13290000000E+06	3.837084E-02	-1.133960E+02
2.13476875000E+06	3.827131E-02	-1.132405E+02
2.13663750000E+06	3.832817E-02	-1.133520E+02
2.13850625000E+06	3.824281E-02	-1.134086E+02
2.14037500000E+06	3.845542E-02	-1.133065E+02
2.14224375000E+06	3.827519E-02	-1.135289E+02
2.14411250000E+06	3.856979E-02	-1.134363E+02
2.14598125000E+06	3.858809E-02	-1.134625E+02
2.14785000000E+06	3.857707E-02	-1.135016E+02
2.14971875000E+06	3.863948E-02	-1.134026E+02
2.15158750000E+06	3.862778E-02	-1.135550E+02
2.15345625000E+06	3.877315E-02	-1.135969E+02
2.15532500000E+06	3.871465E-02	-1.135617E+02
2.15719375000E+06	3.868999E-02	-1.138672E+02
2.15906250000E+06	3.883054E-02	-1.130859E+02
2.16093125000E+06	3.908562E-02	-1.136398E+02
2.16280000000E+06	3.897848E-02	-1.134012E+02
2.16466875000E+06	3.917069E-02	-1.135639E+02
2.16653750000E+06	3.882493E-02	-1.138066E+02
2.16840625000E+06	3.892065E-02	-1.136479E+02
2.17027500000E+06	3.904976E-02	-1.141683E+02
2.17214375000E+06	3.900149E-02	-1.137501E+02
2.17401250000E+06	3.919664E-02	-1.141380E+02
2.17588125000E+06	3.925607E-02	-1.142553E+02
2.17775000000E+06	3.926201E-02	-1.138000E+02
2.17961875000E+06	3.933081E-02	-1.138382E+02
2.18148750000E+06	3.943073E-02	-1.136642E+02
2.18335625000E+06	3.959087E-02	-1.135808E+02
2.18522500000E+06	3.918079E-02	-1.144738E+02
2.18709375000E+06	3.952483E-02	-1.136056E+02
2.18896250000E+06	3.914339E-02	-1.140045E+02
2.19083125000E+06	3.922639E-02	-1.142342E+02
2.19270000000E+06	3.915954E-02	-1.142525E+02
2.19456875000E+06	3.965285E-02	-1.137181E+02
2.19643750000E+06	3.958742E-02	-1.138869E+02
2.19830625000E+06	3.929915E-02	-1.143908E+02
2.20017500000E+06	3.983396E-02	-1.139850E+02
2.20204375000E+06	3.987594E-02	-1.139337E+02
2.20391250000E+06	3.966429E-02	-1.138562E+02
2.20578125000E+06	3.994760E-02	-1.137553E+02
2.20765000000E+06	3.959315E-02	-1.144537E+02
2.20951875000E+06	3.998250E-02	-1.144940E+02
2.21138750000E+06	3.990097E-02	-1.138650E+02
2.21325625000E+06	4.005221E-02	-1.142227E+02
2.21512500000E+06	3.962433E-02	-1.143345E+02
2.21699375000E+06	4.000178E-02	-1.140881E+02
2.21886250000E+06	4.008810E-02	-1.142451E+02
2.22073125000E+06	3.972555E-02	-1.140382E+02
2.22260000000E+06	3.986476E-02	-1.141163E+02
2.22446875000E+06	4.019318E-02	-1.143818E+02
2.22633750000E+06	4.015568E-02	-1.148300E+02
2.22820625000E+06	4.016010E-02	-1.141018E+02
2.23007500000E+06	4.066139E-02	-1.146002E+02
2.23194375000E+06	4.031664E-02	-1.147822E+02
2.23381250000E+06	4.029668E-02	-1.146619E+02
2.23568125000E+06	4.024319E-02	-1.145947E+02
2.23755000000E+06	4.058520E-02	-1.148145E+02
2.23941875000E+06	4.076882E-02	-1.145215E+02
2.24128750000E+06	4.059694E-02	-1.145273E+02
2.24315625000E+06	4.036364E-02	-1.145650E+02
2.24502500000E+06	4.055674E-02	-1.145742E+02
2.24689375000E+06	4.057049E-02	-1.145208E+02
2.24876250000E+06	4.089462E-02	-1.149045E+02
2.25063125000E+06	4.066775E-02	-1.152665E+02
2.25250000000E+06	4.089498E-02	-1.145286E+02
2.25436875000E+06	4.086641E-02	-1.143526E+02
2.25623750000E+06	4.085532E-02	-1.147448E+02
2.25810625000E+06	4.085550E-02	-1.143280E+02
2.25997500000E+06	4.085763E-02	-1.148956E+02
2.26184375000E+06	4.078537E-02	-1.144954E+02
2.26371250000E+06	4.091788E-02	-1.152153E+02
2.26558125000E+06	4.077451E-02	-1.149740E+02
2.26745000000E+06	4.105568E-02	-1.150961E+02
2.26931875000E+06	4.139350E-02	-1.146685E+02
2.27118750000E+06	4.108486E-02	-1.149214E+02
2.27305625000E+06	4.118471E-02	-1.150474E+02
2.27492500000E+06	4.106410E-02	-1.149404E+02
2.27679375000E+06	4.119283E-02	-1.146453E+02
2.27866250000E+06	4.128916E-02	-1.146829E+02
2.28053125000E+06	4.107996E-02	-1.151356E+02
2.28240000000E+06	4.127128E-02	-1.147916E+02
2.28426875000E+06	4.136186E-02	-1.152260E+02
2.28613750000E+06	4.135218E-02	-1.148436E+02
2.28800625000E+06	4.134718E-02	-1.152716E+02
2.28987500000E+06	4.143798E-02	-1.152835E+02
2.29174375000E+06	4.141141E-02	-1.151691E+02
2.29361250000E+06	4.173260E-02	-1.155346E+02
2.29548125000E+06	4.136835E-02	-1.149154E+02
2.29735000000E+06	4.151033E-02	-1.153836E+02
2.29921875000E+06	4.156247E-02	-1.152218E+02
2.30108750000E+06	4.174255E-02	-1.150116E+02
2.30295625000E+06	4.145367E-02	-1.152760E+02
2.30482500000E+06	4.165895E-02	-1.152703E+02
2.30669375000E+06	4.172842E-02	-1.155408E+02
2.30856250000E+06	4.200689E-02	-1.154449E+02
2.31043125000E+06	4.208253E-02	-1.152648E+02
2.31230000000E+06	4.193280E-02	-1.156660E+02
2.31416875000E+06	4.209986E-02	-1.151694E+02
2.31603750000E+06	4.194942E-02	-1.157328E+02
2.31790625000E+06	4.197915E-02	-1.153959E+02
2.31977500000E+06	4.230297E-02	-1.154546E+02
2.32164375000E+06	4.209343E-02	-1.156903E+02
2.32351250000E+06	4.215003E-02	-1.156797E+02
2.32538125000E+06	4.236891E-02	-1.157728E+02
2.32725000000E+06	4.214944E-02	-1.156885E+02
2.32911875000E+06	4.233949E-02	-1.155821E+02
2.33098750000E+06	4.231530E-02	-1.156694E+02
2.33285625000E+06	4.232910E-02	-1.156277E+02
2.33472500000E+06	4.243715E-02	-1.159568E+02
2.33659375000E+06	4.267669E-02	-1.157837E+02
2.33846250000E+06	4.252395E-02	-1.157040E+02
2.34033125000E+06	4.262364E-02	-1.158578E+02
2.34220000000E+06	4.265110E-02	-1.158352E+02
2.34406875000E+06	4.258639E-02	-1.158170E+02
2.34593750000E+06	4.263892E-02	-1.157199E+02
2.34780625000E+06	4.279620E-02	-1.158787E+02
2.34967500000E+06	4.279147E-02	-1.158472E+02
2.35154375000E+06	4.295141E-02	-1.158874E+02
2.35341250000E+06	4.279532E-02	-1.157757E+02
2.35528125000E+06	4.302241E-02	-1.158654E+02
2.35715000000E+06	4.288227E-02	-1.158321E+02
2.35901875000E+06	4.293955E-02	-1.161150E+02
2.36088750000E+06	4.293098E-02	-1.160279E+02
2.36275625000E+06	4.293217E-02	-1.160990E+02
2.36462500000E+06	4.299735E-02	-1.161220E+02
2.36649375000E+06	4.310882E-02	-1.162794E+02
2.36836250000E+06	4.317335E-02	-1.161574E+02
2.37023125000E+06	4.317319E-02	-1.162486E+02
2.37210000000E+06	4.327068E-02	-1.161989E+02
2.37396875000E+06	4.354351E-02	-1.161110E+02
2.37583750000E+06	4.327703E-02	-1.160366E+02
2.37770625000E+06	4.326831E-02	-1.161142E+02
2.37957500000E+06	4.343832E-02	-1.162530E+02
2.38144375000E+06	4.333880E-02	-1.163030E+02
2.38331250000E+06	4.331956E-02	-1.162205E+02
2.38518125000E+06	4.334882E-02	-1.163373E+02
2.38705000000E+06	4.348801E-02	-1.163136E+02
2.38891875000E+06	4.347288E-02	-1.164265E+02
2.39078750000E+06	4.356965E-02	-1.162940E+02
2.39265625000E+06	4.338840E-02	-1.166415E+02
2.39452500000E+06	4.367404E-02	-1.163626E+02
2.39639375000E+06	4.345986E-02	-1.165185E+02
2.39826250000E+06	4.376881E-02	-1.165761E+02
2.40013125000E+06	4.373112E-02	-1.164951E+02
2.40200000000E+06	4.395353E-02	-1.166516E+02
2.40386875000E+06	4.365376E-02	-1.164367E+02
2.40573750000E+06	4.394236E-02	-1.163429E+02
2.40760625000E+06	4.382482E-02	-1.165132E+02
2.40947500000E+06	4.399453E-02	-1.165824E+02
2.41134375000E+06	4.396931E-02	-1.172153E+02
2.41321250000E+06	4.424138E-02	-1.168091E+02
2.41508125000E+06	4.418689E-02	-1.165323E+02
2.41695000000E+06	4.432731E-02	-1.167366E+02
2.41881875000E+06	4.407341E-02	-1.165968E+02
2.42068750000E+06	4.409437E-02	-1.168861E+02
2.42255625000E+06	4.430762E-02	-1.167783E+02
2.42442500000E+06	4.433261E-02	-1.169325E+02
2.42629375000E+06	4.433833E-02	-1.167404E+02
2.42816250000E+06	4.475508E-02	-1.170442E+02
2.43003125000E+06	4.443762E-02	-1.165590E+02
2.43190000000E+06	4.448237E-02	-1.172533E+02
2.43376875000E+06	4.451819E-02	-1.174382E+02
2.43563750000E+06	4.446525E-02	-1.167315E+02
2.43750625000E+06	4.431847E-02	-1.174418E+02
2.43937500000E+06	4.479433E-02	-1.163888E+02
2.44124375000E+06	4.489134E-02	-1.171471E+02
2.44311250000E+06	4.477287E-02	-1.169993E+02
2.44498125000E+06	4.452246E-02	-1.172045E+02
2.44685000000E+06	4.459127E-02	-1.175436E+02
2.44871875000E+06	4.458036E-02	-1.169966E+02
2.45058750000E+06	4.461876E-02	-1.174523E+02
2.45245625000E+06	4.475351E-02	-1.170759E+02
2.45432500000E+06	4.499230E-02	-1.172035E+02
2.45619375000E+06	4.488418E-02	-1.173814E+02
2.45806250000E+06	4.481945E-02	-1.174139E+02
2.45993125000E+06	4.498007E-02	-1.169682E+02
2.46180000000E+06	4.507850E-02	-1.171493E+02
2.46366875000E+06	4.524681E-02	-1.173555E+02
2.46553750000E+06	4.508708E-02	-1.173769E+02
2.46740625000E+06	4.521015E-02	-1.172219E+02
2.46927500000E+06	4.484891E-02	-1.177266E+02
2.47114375000E+06	4.501890E-02	-1.175914E+02
2.47301250000E+06	4.515152E-02	-1.171951E+02
2.47488125000E+06	4.536862E-02	-1.172352E+02
2.47675000000E+06	4.568781E-02	-1.174670E+02
2.47861875000E+06	4.519485E-02	-1.172965E+02
2.48048750000E+06	4.565272E-02	-1.177310E+02
2.48235625000E+06	4.534678E-02	-1.176760E+02
2.48422500000E+06	4.543098E-02	-1.176151E+02
2.48609375000E+06	4.551547E-02	-1.177102E+02
2.48796250000E+06	4.579762E-02	-1.175145E+02
2.48983125000E+06	4.554897E-02	-1.175423E+02
2.49170000000E+06	4.590656E-02	-1.175830E+02
2.49356875000E+06	4.547445E-02	-1.179077E+02
2.49543750000E+06	4.547084E-02	-1.178045E+02
2.49730625000E+06	4.587886E-02	-1.180604E+02
2.49917500000E+06	4.567038E-02	-1.178414E+02
2.50104375000E+06	4.566193E-02	-1.179277E+02
2.50291250000E+06	4.599116E-02	-1.179037E+02
2.50478125000E+06	4.600460E-02	-1.180121E+02
2.50665000000E+06	4.596326E-02	-1.176980E+02
2.50851875000E+06	4.608399E-02	-1.180458E+02
2.51038750000E+06	4.593140E-02	-1.178014E+02
2.51225625000E+06	4.624512E-02	-1.183970E+02
2.51412500000E+06	4.609201E-02	-1.176985E+02
2.51599375000E+06	4.606597E-02	-1.180815E+02
2.51786250000E+06	4.607436E-02	-1.180673E+02
2.51973125000E+06	4.629276E-02	-1.181852E+02
2.52160000000E+06	4.616297E-02	-1.182569E+02
2.52346875000E+06	4.625247E-02	-1.179261E+02
2.52533750000E+06	4.631088E-02	-1.181439E+02
2.52720625000E+06	4.611218E-02	-1.179342E+02
2.52907500000E+06	4.627400E-02	-1.185175E+02
2.53094375000E+06	4.632725E-02	-1.184459E+02
2.53281250000E+06	4.660564E-02	-1.185631E+02
2.53468125000E+06	4.657974E-02	-1.184371E+02
2.53655000000E+06	4.678299E-02	-1.184795E+02
2.53841875000E+06	4.647422E-02	-1.183368E+02
2.54028750000E+06	4.638119E-02	-1.182169E+02
2.54215625000E+06	4.686248E-02	-1.182814E+02
2.54402500000E+06	4.672201E-02	-1.184749E+02
2.54589375000E+06	4.660150E-02	-1.182090E+02
2.54776250000E+06	4.680046E-02	-1.184207E+02
2.54963125000E+06	4.677920E-02	-1.185748E+02
2.55150000000E+06	4.667121E-02	-1.183000E+02
2.55336875000E+06	4.693628E-02	-1.185017E+02
2.55523750000E+06	4.678072E-02	-1.181664E+02
2.55710625000E+06	4.686157E-02	-1.184847E+02
2.55897500000E+06	4.690269E-02	-1.185809E+02
2.56084375000E+06	4.704105E-02	-1.185392E+02
2.56271250000E+06	4.703342E-02	-1.188190E+02
2.56458125000E+06	4.712300E-02	-1.185880E+02
2.56645000000E+06	4.719174E-02	-1.189298E+02
2.56831875000E+06	4.705664E-02	-1.193159E+02
2.57018750000E+06	4.714977E-02	-1.186516E+02
2.57205625000E+06	4.726715E-02	-1.189527E+02
2.57392500000E+06	4.745446E-02	-1.189355E+02
2.57579375000E+06	4.741896E-02	-1.188870E+02
2.57766250000E+06	4.721183E-02	-1.191006E+02
2.57953125000E+06	4.735012E-02	-1.187220E+02
2.58140000000E+06	4.742057E-02	-1.189237E+02
2.58326875000E+06	4.748652E-02	-1.188261E+02
2.58513750000E+06	4.763661E-02	-1.188196E+02
2.58700625000E+06	4.771610E-02	-1.189130E+02
2.58887500000E+06	4.747780E-02	-1.188704E+02
2.59074375000E+06	4.775186E-02	-1.191041E+02
2.59261250000E+06	4.778161E-02	-1.189579E+02
2.59448125000E+06	4.776626E-02	-1.191282E+02
2.59635000000E+06	4.785749E-02	-1.191224E+02
2.59821875000E+06	4.765894E-02	-1.191520E+02
2.60008750000E+06	4.800285E-02	-1.189894E+02
2.60195625000E+06	4.764393E-02	-1.191031E+02
2.60382500000E+06	4.797130E-02	-1.192225E+02
2.60569375000E+06	4.790534E-02	-1.192647E+02
2.60756250000E+06	4.805238E-02	-1.193423E+02
2.60943125000E+06	4.802613E-02	-1.192812E+02
2.61130000000E+06	4.800704E-02	-1.193458E+02
2.61316875000E+06	4.817481E-02	-1.193063E+02
2.61503750000E+06	4.813826E-02	-1.191919E+02
2.61690625000E+06	4.827572E-02	-1.193835E+02
2.61877500000E+06	4.833678E-02	-1.192496E+02
2.62064375000E+06	4.811063E-02	-1.194462E+02
2.62251250000E+06	4.821581E-02	-1.193840E+02
2.62438125000E+06	4.845526E-02	-1.193722E+02
2.62625000000E+06	4.829905E-02	-1.194578E+02
2.62811875000E+06	4.846304E-02	-1.195202E+02
2.62998750000E+06	4.844775E-02	-1.194953E+02
2.63185625000E+06	4.838443E-02	-1.193745E+02
2.63372500000E+06	4.855619E-02	-1.195553E+02
2.63559375000E+06	4.856085E-02	-1.194119E+02
2.63746250000E+06	4.862106E-02	-1.195049E+02
2.63933125000E+06	4.859520E-02	-1.195296E+02
2.64120000000E+06	4.862086E-02	-1.196671E+02
2.64306875000E+06	4.866969E-02	-1.196629E+02
2.64493750000E+06	4.863876E-02	-1.197932E+02
2.64680625000E+06	4.884298E-02	-1.197019E+02
2.64867500000E+06	4.886876E-02	-1.199634E+02
2.65054375000E+06	4.873674E-02	-1.197839E+02
2.65241250000E+06	4.885034E-02	-1.198066E+02
2.65428125000E+06	4.902169E-02	-1.198113E+02
2.65615000000E+06	4.898424E-02	-1.198667E+02
2.65801875000E+06	4.899435E-02	-1.197008E+02
2.65988750000E+06	4.905340E-02	-1.198456E+02
2.66175625000E+06	4.903314E-02	-1.198791E+02
2.66362500000E+06	4.904771E-02	-1.198967E+02
2.66549375000E+06	4.903335E-02	-1.198063E+02
2.66736250000E+06	4.923377E-02	-1.198579E+02
2.66923125000E+06	4.916335E-02	-1.199803E+02
2.67110000000E+06	4.920841E-02	-1.199992E+02
2.67296875000E+06	4.916964E-02	-1.199186E+02
2.67483750000E+06	4.932039E-02	-1.202062E+02
2.67670625000E+06	4.930833E-02	-1.199682E+02
2.67857500000E+06	4.939145E-02	-1.202266E+02
2.68044375000E+06	4.946385E-02	-1.203781E+02
2.68231250000E+06	4.947716E-02	-1.200989E+02
2.68418125000E+06	4.956570E-02	-1.202133E+02
2.68605000000E+06	4.955627E-02	-1.202780E+02
2.68791875000E+06	4.961545E-02	-1.200781E+02
2.68978750000E+06	4.964495E-02	-1.202875E+02
2.69165625000E+06	4.971724E-02	-1.204396E+02
2.69352500000E+06	4.986940E-02	-1.205672E+02
2.69539375000E+06	4.973769E-02	-1.202600E+02
2.69726250000E+06	4.973351E-02	-1.203937E+02
2.69913125000E+06	4.973801E-02	-1.205170E+02
2.70100000000E+06	4.989309E-02	-1.206098E+02
2.70286875000E+06	4.982093E-02	-1.206548E+02
2.70473750000E+06	5.002889E-02	-1.203924E+02
2.70660625000E+06	4.983198E-02	-1.202841E+02
2.70847500000E+06	5.020956E-02	-1.205929E+02
2.71034375000E+06	5.024202E-02	-1.205200E+02
2.71221250000E+06	4.998517E-02	-1.209171E+02
2.71408125000E+06	5.009853E-02	-1.204369E+02
2.71595000000E+06	5.005952E-02	-1.203954E+02
2.71781875000E+06	5.034634E-02	-1.205391E+02
2.71968750000E+06	5.055003E-02	-1.205928E+02
2.72155625000E+06	5.016475E-02	-1.205941E+02
2.72342500000E+06	5.035704E-02	-1.208139E+02
2.72529375000E+06	5.033413E-02	-1.208987E+02
2.72716250000E+06	5.042014E-02	-1.209669E+02
2.72903125000E+06	5.018247E-02	-1.205693E+02
2.73090000000E+06	5.073287E-02	-1.207624E+02
2.73276875000E+06	5.025949E-02	-1.208547E+02
2.73463750000E+06	5.029879E-02	-1.206791E+02
2.73650625000E+06	5.074504E-02	-1.206284E+02
2.73837500000E+06	5.096197E-02	-1.207961E+02
2.74024375000E+06	5.030465E-02	-1.207461E+02
2.74211250000E+06	5.055363E-02	-1.209670E+02
2.74398125000E+06	5.067066E-02	-1.209237E+02
2.74585000000E+06	5.098913E-02	-1.211812E+02
2.74771875000E+06	5.107849E-02	-1.211599E+02
2.74958750000E+06	5.065484E-02	-1.210286E+02
2.75145625000E+06	5.084044E-02	-1.208411E+02
2.75332500000E+06	5.069664E-02	-1.207689E+02
2.75519375000E+06	5.100257E-02	-1.209300E+02
2.75706250000E+06	5.063781E-02	-1.213762E+02
2.75893125000E+06	5.090388E-02	-1.208788E+02
2.76080000000E+06	5.099749E-02	-1.214345E+02
2.76266875000E+06	5.118311E-02	-1.214182E+02
2.76453750000E+06	5.103670E-02	-1.209544E+02
2.76640625000E+06	5.079884E-02	-1.213622E+02
2.76827500000E+06	5.134571E-02	-1.211995E+02
2.77014375000E+06	5.114456E-02	-1.214800E+02
2.77201250000E+06	5.098018E-02	-1.212178E+02
2.77388125000E+06	5.137325E-02	-1.213999E+02
2.77575000000E+06	5.130504E-02	-1.210383E+02
2.77761875000E+06	5.118881E-02	-1.212745E+02
2.77948750000E+06	5.165567E-02	-1.214980E+02
2.78135625000E+06	5.156191E-02	-1.213243E+02
2.78322500000E+06	5.137681E-02	-1.216121E+02
2.78509375000E+06	5.195026E-02	-1.215027E+02
2.78696250000E+06	5.186991E-02	-1.216404E+02
2.78883125000E+06	5.138446E-02	-1.215560E+02
2.79070000000E+06	5.181267E-02	-1.216549E+02
2.79256875000E+06	5.166402E-02	-1.215953E+02
2.79443750000E+06	5.194433E-02	-1.214158E+02
2.79630625000E+06	5.175653E-02	-1.215579E+02
2.79817500000E+06	5.183247E-02	-1.216103E+02
2.80004375000E+06	5.189532E-02	-1.214206E+02
2.80191250000E+06	5.206088E-02	-1.215001E+02
2.80378125000E+06	5.197791E-02	-1.216405E+02
2.80565000000E+06	5.172137E-02	-1.215352E+02
2.80751875000E+06	5.195234E-02	-1.217428E+02
2.80938750000E+06	5.221123E-02	-1.219474E+02
2.81125625000E+06	5.221226E-02	-1.217228E+02
2.81312500000E+06	5.232695E-02	-1.216579E+02
2.81499375000E+06	5.214408E-02	-1.220750E+02
2.81686250000E+06	5.230159E-02	-1.219483E+02
2.81873125000E+06	5.235973E-02	-1.219086E+02
2.82060000000E+06	5.227757E-02	-1.219752E+02
2.82246875000E+06	5.240324E-02	-1.217885E+02
2.82433750000E+06	5.228057E-02	-1.219337E+02
2.82620625000E+06	5.251911E-02	-1.218813E+02
2.82807500000E+06	5.250511E-02	-1.219285E+02
2.82994375000E+06	5.243243E-02	-1.219022E+02
2.83181250000E+06	5.263931E-02	-1.219660E+02
2.83368125000E+06	5.272930E-02	-1.219854E+02
2.83555000000E+06	5.256703E-02	-1.221872E+02
2.83741875000E+06	5.261919E-02	-1.222596E+02
2.83928750000E+06	5.262944E-02	-1.222029E+02
2.84115625000E+06	5.272312E-02	-1.222649E+02
2.84302500000E+06	5.302490E-02	-1.222321E+02
2.84489375000E+06	5.288276E-02	-1.219720E+02
2.84676250000E+06	5.274841E-02	-1.223466E+02
2.84863125000E+06	5.304592E-02	-1.221811E+02
2.85050000000E+06	5.308555E-02	-1.220714E+02
2.85236875000E+06	5.302239E-02	-1.223009E+02
2.85423750000E+06	5.303038E-02	-1.221042E+02
2.85610625000E+06	5.301828E-02	-1.221927E+02
2.85797500000E+06	5.330190E-02	-1.221905E+02
2.85984375000E+06	5.319824E-02	-1.222282E+02
2.86171250000E+06	5.312045E-02	-1.223539E+02
2.86358125000E+06	5.311097E-02	-1.222374E+02
2.86545000000E+06	5.309788E-02	-1.222626E+02
2.86731875000E+06	5.317730E-02	-1.222393E+02
2.86918750000E+06	5.330509E-02	-1.223538E+02
2.87105625000E+06	5.343045E-02	-1.226170E+02
2.87292500000E+06	5.343500E-02	-1.225041E+02
2.87479375000E+06	5.348872E-02	-1.226603E+02
2.87666250000E+06	5.351191E-02	-1.224260E+02
2.87853125000E+06	5.366128E-02	-1.225781E+02
2.88040000000E+06	5.374054E-02	-1.225502E+02
2.88226875000E+06	5.368329E-02	-1.225473E+02
2.88413750000E+06	5.378132E-02	-1.227747E+02
2.88600625000E+06	5.375131E-02	-1.226489E+02
2.88787500000E+06	5.364305E-02	-1.228567E+02
2.88974375000E+06	5.399641E-02	-1.226280E+02
2.89161250000E+06	5.383255E-02	-1.228014E+02
2.89348125000E+06	5.375350E-02	-1.226265E+02
2.89535000000E+06	5.380530E-02	-1.226607E+02
2.89721875000E+06	5.405642E-02	-1.227227E+02
2.89908750000E+06	5.389290E-02	-1.228051E+02
2.90095625000E+06	5.409784E-02	-1.228789E+02
2.90282500000E+06	5.406048E-02	-1.227703E+02
2.90469375000E+06	5.396712E-02	-1.228692E+02
2.90656250000E+06	5.409275E-02	-1.228614E+02
2.90843125000E+06	5.426339E-02	-1.229009E+02
2.91030000000E+06	5.428302E-02	-1.228372E+02
2.91216875000E+06	5.432165E-02	-1.231142E+02
2.91403750000E+06	5.443446E-02	-1.230559E+02
2.91590625000E+06	5.424530E-02	-1.229058E+02
2.91777500000E+06	5.435891E-02	-1.228541E+02
2.91964375000E+06	5.448118E-02	-1.228406E+02
2.92151250000E+06	5.461764E-02	-1.229228E+02
2.92338125000E+06	5.452931E-02	-1.232373E+02
2.92525000000E+06	5.459058E-02	-1.232973E+02
2.92711875000E+06	5.453838E-02	-1.231880E+02
2.92898750000E+06	5.456290E-02	-1.231902E+02
2.93085625000E+06	5.463960E-02	-1.232236E+02
2.93272500000E+06	5.458351E-02	-1.233226E+02
2.93459375000E+06	5.476082E-02	-1.231853E+02
2.93646250000E+06	5.480742E-02	-1.231924E+02
2.93833125000E+06	5.473234E-02	-1.234196E+02
2.94020000000E+06	5.488493E-02	-1.232767E+02
2.94206875000E+06	5.484243E-02	-1.233068E+02
2.94393750000E+06	5.494324E-02	-1.232988E+02
2.94580625000E+06	5.506072E-02	-1.235137E+02
2.94767500000E+06	5.492352E-02	-1.233883E+02
2.94954375000E+06	5.512510E-02	-1.233224E+02
2.95141250000E+06	5.499445E-02	-1.234547E+02
2.95328125000E+06	5.522287E-02	-1.234350E+02
2.95515000000E+06	5.514392E-02	-1.235925E+02
2.95701875000E+06	5.511009E-02	-1.233521E+02
2.95888750000E+06	5.517976E-02	-1.235141E+02
2.96075625000E+06	5.528137E-02	-1.236178E+02
2.96262500000E+06	5.526199E-02	-1.236589E+02
2.96449375000E+06	5.526786E-02	-1.236926E+02
2.96636250000E+06	5.543193E-02	-1.236080E+02
2.96823125000E+06	5.549148E-02	-1.237767E+02
2.97010000000E+06	5.539903E-02	-1.237076E+02
2.97196875000E+06	5.549740E-02	-1.235997E+02
2.97383750000E+06	5.571682E-02	-1.237574E+02
2.97570625000E+06	5.555486E-02	-1.239096E+02
2.97757500000E+06	5.564912E-02	-1.237447E+02
2.97944375000E+06	5.561480E-02	-1.236520E+02
2.98131250000E+06	5.579345E-02	-1.237971E+02
2.98318125000E+06	5.596092E-02	-1.238808E+02
2.98505000000E+06	5.585455E-02	-1.239163E+02
2.98691875000E+06	5.588473E-02	-1.239247E+02
2.98878750000E+06	5.588891E-02	-1.238761E+02
2.99065625000E+06	5.586488E-02	-1.239696E+02
2.99252500000E+06	5.601424E-02	-1.239977E+02
2.99439375000E+06	5.586419E-02	-1.240832E+02
2.99626250000E+06	5.605219E-02	-1.240264E+02
2.99813125000E+06	5.596641E-02	-1.240210E+02
3.00000000000E+06	5.601178E-02	-1.241156E+02
