"E5100A REV3.14"
"DATE: Jul  3 2004"



"CHANNEL: 2"
"MEASURE TYPE: AR"
"FORMAT TYPE: LINMP"
"NUMBER of POINTS: 1601"
"SWEEP TIME:  3.458 s"
"SWEEP TYPE: LINF"
"SOURCE POWER: 0 dBm"
"IF BANDWIDTH: 500 Hz"

"Frequency"	"Main Array"	"Sub Array"
1.00000000000E+04	5.274707E-03	-1.710972E+02
1.18687500000E+04	1.441918E-02	-1.624820E+02
1.37375000000E+04	7.188419E-03	-7.061333E+01
1.56062500000E+04	5.618484E-03	-3.291507E+01
1.74750000000E+04	8.363911E-04	-8.764592E-01
1.93437500000E+04	2.625277E-03	-1.741632E+02
2.12125000000E+04	1.814628E-03	-3.976410E+01
2.30812500000E+04	1.310303E-04	-7.476346E+01
2.49500000000E+04	1.905703E-03	-1.714168E+02
2.68187500000E+04	1.901631E-03	-2.585717E+01
2.86875000000E+04	1.545129E-03	1.343264E+02
3.05562500000E+04	1.733673E-03	1.515552E+02
3.24250000000E+04	8.620835E-04	-7.264196E+01
3.42937500000E+04	1.071365E-03	1.085476E+02
3.61625000000E+04	1.020769E-03	1.274142E+02
3.80312500000E+04	8.701464E-04	7.730395E+01
3.99000000000E+04	1.262202E-03	1.327926E+02
4.17687500000E+04	9.194950E-04	1.095284E+02
4.36375000000E+04	1.334315E-03	1.517832E+02
4.55062500000E+04	9.865275E-04	-1.442638E+02
4.73750000000E+04	4.572118E-04	5.690749E+01
4.92437500000E+04	1.211922E-03	-1.622527E+02
5.11125000000E+04	1.403978E-03	6.169716E+01
5.29812500000E+04	1.409086E-03	1.343790E+02
5.48500000000E+04	4.804252E-04	5.353644E+01
5.67187500000E+04	1.419677E-03	4.370531E+01
5.85875000000E+04	7.804933E-04	1.020828E+02
6.04562500000E+04	6.503173E-04	1.225165E+02
6.23250000000E+04	1.758137E-04	6.412049E+01
6.41937500000E+04	1.514044E-04	-1.742088E+02
6.60625000000E+04	5.957381E-04	1.740522E+02
6.79312500000E+04	8.529015E-04	1.232444E+02
6.98000000000E+04	9.154761E-04	8.149766E+01
7.16687500000E+04	5.217507E-04	1.256113E+02
7.35375000000E+04	6.671436E-04	1.233111E+02
7.54062500000E+04	5.554605E-04	1.457161E+02
7.72750000000E+04	5.909110E-04	1.429466E+02
7.91437500000E+04	1.016440E-03	1.127045E+02
8.10125000000E+04	5.229219E-04	1.166424E+02
8.28812500000E+04	1.247929E-03	7.806576E+01
8.47500000000E+04	6.296829E-04	8.064233E+01
8.66187500000E+04	1.113953E-03	1.123926E+02
8.84875000000E+04	7.308194E-04	3.943757E+01
9.03562500000E+04	5.607920E-04	8.508723E+01
9.22250000000E+04	6.306128E-04	1.213361E+02
9.40937500000E+04	4.293327E-04	1.272683E+02
9.59625000000E+04	3.002900E-04	4.988625E+01
9.78312500000E+04	8.249917E-04	7.402866E+01
9.97000000000E+04	1.040690E-03	1.156361E+02
1.01568750000E+05	8.588070E-04	8.380110E+01
1.03437500000E+05	8.937954E-04	6.677047E+01
1.05306250000E+05	1.658047E-03	7.908504E+00
1.07175000000E+05	1.040951E-04	7.786517E+01
1.09043750000E+05	7.006071E-04	6.853043E+01
1.10912500000E+05	1.969966E-03	6.890730E+01
1.12781250000E+05	3.657997E-04	2.585514E+01
1.14650000000E+05	6.790237E-04	4.810095E+01
1.16518750000E+05	8.851733E-04	8.581879E+01
1.18387500000E+05	7.628104E-04	9.357484E+01
1.20256250000E+05	9.706419E-04	9.856203E+01
1.22125000000E+05	1.044119E-03	5.720365E+01
1.23993750000E+05	6.940066E-04	7.187737E+01
1.25862500000E+05	1.138504E-03	8.446940E+01
1.27731250000E+05	1.476230E-03	8.168401E+01
1.29600000000E+05	4.542200E-04	5.740879E+01
1.31468750000E+05	4.603963E-04	1.004747E+02
1.33337500000E+05	5.113610E-04	6.548092E+01
1.35206250000E+05	1.142255E-03	8.340820E+01
1.37075000000E+05	7.722410E-04	1.059731E+02
1.38943750000E+05	7.825536E-04	9.410686E+01
1.40812500000E+05	8.530993E-04	9.893962E+01
1.42681250000E+05	1.005621E-03	8.320198E+01
1.44550000000E+05	1.294389E-03	9.553499E+01
1.46418750000E+05	3.799745E-04	7.637605E+01
1.48287500000E+05	1.048020E-03	7.632091E+01
1.50156250000E+05	7.592757E-04	5.229593E+01
1.52025000000E+05	4.376865E-04	6.191840E+01
1.53893750000E+05	5.182991E-04	5.414283E+01
1.55762500000E+05	8.124733E-04	5.805142E+01
1.57631250000E+05	7.417343E-04	8.228022E+01
1.59500000000E+05	8.231475E-04	6.737044E+01
1.61368750000E+05	8.675077E-04	9.462144E+01
1.63237500000E+05	1.305255E-03	7.324924E+01
1.65106250000E+05	8.087904E-04	8.426888E+01
1.66975000000E+05	7.980206E-04	4.868070E+01
1.68843750000E+05	8.086471E-04	7.300294E+01
1.70712500000E+05	1.194417E-03	9.263613E+01
1.72581250000E+05	1.014621E-03	8.345568E+01
1.74450000000E+05	6.775764E-04	8.112836E+01
1.76318750000E+05	8.719296E-04	9.329562E+01
1.78187500000E+05	4.425584E-04	9.092371E+01
1.80056250000E+05	7.213698E-04	6.724007E+01
1.81925000000E+05	1.047189E-03	7.028327E+01
1.83793750000E+05	8.997780E-04	1.004411E+02
1.85662500000E+05	9.016154E-04	7.270053E+01
1.87531250000E+05	1.310249E-03	6.173568E+01
1.89400000000E+05	1.007402E-03	9.514493E+01
1.91268750000E+05	1.339472E-03	8.136575E+01
1.93137500000E+05	9.791071E-04	5.196924E+01
1.95006250000E+05	8.567012E-04	6.703249E+01
1.96875000000E+05	8.292822E-04	9.734381E+01
1.98743750000E+05	8.147203E-04	7.064731E+01
2.00612500000E+05	6.287502E-04	7.064355E+01
2.02481250000E+05	9.860535E-04	6.376245E+01
2.04350000000E+05	1.467481E-03	9.788329E+01
2.06218750000E+05	1.050441E-03	8.562148E+01
2.08087500000E+05	1.234441E-03	7.076945E+01
2.09956250000E+05	8.052355E-04	8.501949E+01
2.11825000000E+05	1.326653E-03	8.249893E+01
2.13693750000E+05	9.583516E-04	9.137309E+01
2.15562500000E+05	1.186180E-03	8.893198E+01
2.17431250000E+05	1.073299E-03	9.035020E+01
2.19300000000E+05	1.004242E-03	1.008533E+02
2.21168750000E+05	1.209833E-03	7.504082E+01
2.23037500000E+05	1.436502E-03	7.403549E+01
2.24906250000E+05	1.316672E-03	7.147453E+01
2.26775000000E+05	1.169226E-03	9.539119E+01
2.28643750000E+05	9.505908E-04	9.471494E+01
2.30512500000E+05	1.338005E-03	8.895045E+01
2.32381250000E+05	1.004202E-03	7.950883E+01
2.34250000000E+05	1.167049E-03	8.209625E+01
2.36118750000E+05	1.125898E-03	7.133218E+01
2.37987500000E+05	9.904779E-04	9.600827E+01
2.39856250000E+05	7.316879E-04	7.694286E+01
2.41725000000E+05	1.020957E-03	8.169982E+01
2.43593750000E+05	1.483226E-03	6.758984E+01
2.45462500000E+05	1.283442E-03	8.173159E+01
2.47331250000E+05	1.138265E-03	9.196150E+01
2.49200000000E+05	1.278965E-03	8.660931E+01
2.51068750000E+05	1.231886E-03	1.007873E+02
2.52937500000E+05	1.211306E-03	6.211917E+01
2.54806250000E+05	1.059999E-03	8.726936E+01
2.56675000000E+05	1.336640E-03	9.853558E+01
2.58543750000E+05	1.237417E-03	8.307120E+01
2.60412500000E+05	1.172635E-03	7.340875E+01
2.62281250000E+05	1.202515E-03	6.013766E+01
2.64150000000E+05	1.196946E-03	8.029868E+01
2.66018750000E+05	1.205255E-03	8.156161E+01
2.67887500000E+05	1.065947E-03	7.706358E+01
2.69756250000E+05	1.096265E-03	9.310936E+01
2.71625000000E+05	1.176086E-03	8.294953E+01
2.73493750000E+05	1.020087E-03	8.645673E+01
2.75362500000E+05	1.118223E-03	7.581847E+01
2.77231250000E+05	1.557126E-03	7.499757E+01
2.79100000000E+05	1.167665E-03	7.993713E+01
2.80968750000E+05	1.142361E-03	9.842165E+01
2.82837500000E+05	1.214564E-03	8.791808E+01
2.84706250000E+05	1.364422E-03	8.622401E+01
2.86575000000E+05	1.305579E-03	8.422930E+01
2.88443750000E+05	1.540687E-03	8.851726E+01
2.90312500000E+05	1.438851E-03	7.631125E+01
2.92181250000E+05	1.433181E-03	8.480959E+01
2.94050000000E+05	1.331252E-03	9.355223E+01
2.95918750000E+05	1.269512E-03	7.787993E+01
2.97787500000E+05	1.446791E-03	7.276170E+01
2.99656250000E+05	1.645706E-03	9.132060E+01
3.01525000000E+05	1.571251E-03	8.298954E+01
3.03393750000E+05	1.197390E-03	7.762003E+01
3.05262500000E+05	1.826187E-03	8.048264E+01
3.07131250000E+05	1.129188E-03	7.815459E+01
3.09000000000E+05	1.447674E-03	7.643988E+01
3.10868750000E+05	1.343085E-03	8.902109E+01
3.12737500000E+05	1.248279E-03	7.660983E+01
3.14606250000E+05	1.426262E-03	9.707895E+01
3.16475000000E+05	1.299243E-03	8.163148E+01
3.18343750000E+05	1.358656E-03	8.092463E+01
3.20212500000E+05	1.557957E-03	8.603301E+01
3.22081250000E+05	1.564095E-03	7.802731E+01
3.23950000000E+05	1.540901E-03	8.095662E+01
3.25818750000E+05	1.494323E-03	8.338341E+01
3.27687500000E+05	1.359237E-03	8.161726E+01
3.29556250000E+05	1.423278E-03	8.523569E+01
3.31425000000E+05	1.361354E-03	7.976470E+01
3.33293750000E+05	1.386749E-03	8.818983E+01
3.35162500000E+05	1.453846E-03	8.773901E+01
3.37031250000E+05	1.730822E-03	8.479675E+01
3.38900000000E+05	1.384121E-03	7.638775E+01
3.40768750000E+05	1.577889E-03	8.517678E+01
3.42637500000E+05	1.585237E-03	8.299167E+01
3.44506250000E+05	1.304407E-03	8.886905E+01
3.46375000000E+05	1.679804E-03	8.190624E+01
3.48243750000E+05	1.600551E-03	8.599615E+01
3.50112500000E+05	1.652336E-03	7.989973E+01
3.51981250000E+05	1.670712E-03	8.987228E+01
3.53850000000E+05	1.690755E-03	8.567471E+01
3.55718750000E+05	1.804831E-03	8.598333E+01
3.57587500000E+05	1.701508E-03	8.529124E+01
3.59456250000E+05	1.625643E-03	8.641978E+01
3.61325000000E+05	1.573929E-03	8.322280E+01
3.63193750000E+05	1.704518E-03	7.949063E+01
3.65062500000E+05	1.737949E-03	9.187637E+01
3.66931250000E+05	1.534098E-03	8.082448E+01
3.68800000000E+05	1.710704E-03	8.841914E+01
3.70668750000E+05	1.561497E-03	8.239157E+01
3.72537500000E+05	1.610528E-03	8.437469E+01
3.74406250000E+05	1.831576E-03	8.064702E+01
3.76275000000E+05	1.467941E-03	8.484072E+01
3.78143750000E+05	1.604938E-03	8.478674E+01
3.80012500000E+05	1.705310E-03	8.580704E+01
3.81881250000E+05	1.722751E-03	7.942661E+01
3.83750000000E+05	1.901565E-03	8.798994E+01
3.85618750000E+05	1.640748E-03	8.139899E+01
3.87487500000E+05	1.673714E-03	8.118587E+01
3.89356250000E+05	1.667583E-03	8.255496E+01
3.91225000000E+05	1.893949E-03	7.995267E+01
3.93093750000E+05	1.612576E-03	8.634719E+01
3.94962500000E+05	1.710767E-03	8.150125E+01
3.96831250000E+05	1.583675E-03	8.792773E+01
3.98700000000E+05	1.661954E-03	8.723306E+01
4.00568750000E+05	1.645360E-03	9.034693E+01
4.02437500000E+05	1.587734E-03	8.938604E+01
4.04306250000E+05	1.788413E-03	7.928374E+01
4.06175000000E+05	1.893690E-03	8.181976E+01
4.08043750000E+05	1.884915E-03	8.099365E+01
4.09912500000E+05	1.910381E-03	8.489024E+01
4.11781250000E+05	1.781801E-03	8.995213E+01
4.13650000000E+05	1.829239E-03	8.446724E+01
4.15518750000E+05	1.795221E-03	8.268671E+01
4.17387500000E+05	1.666266E-03	7.831847E+01
4.19256250000E+05	1.857419E-03	7.987816E+01
4.21125000000E+05	1.887404E-03	8.562115E+01
4.22993750000E+05	1.849422E-03	8.542076E+01
4.24862500000E+05	1.869705E-03	8.608875E+01
4.26731250000E+05	1.886061E-03	8.115683E+01
4.28600000000E+05	1.736009E-03	8.213099E+01
4.30468750000E+05	1.853953E-03	7.871983E+01
4.32337500000E+05	1.707475E-03	8.742137E+01
4.34206250000E+05	1.779724E-03	8.122398E+01
4.36075000000E+05	2.112615E-03	8.752003E+01
4.37943750000E+05	2.000843E-03	8.191221E+01
4.39812500000E+05	2.006380E-03	8.043552E+01
4.41681250000E+05	2.019100E-03	7.555845E+01
4.43550000000E+05	2.030881E-03	8.054765E+01
4.45418750000E+05	1.937551E-03	8.182683E+01
4.47287500000E+05	2.039486E-03	8.437933E+01
4.49156250000E+05	2.053874E-03	8.349387E+01
4.51025000000E+05	1.963580E-03	8.153333E+01
4.52893750000E+05	1.792380E-03	8.006724E+01
4.54762500000E+05	1.989940E-03	8.323577E+01
4.56631250000E+05	2.070033E-03	8.053062E+01
4.58500000000E+05	2.026404E-03	8.780798E+01
4.60368750000E+05	1.935646E-03	8.763829E+01
4.62237500000E+05	2.022647E-03	7.683755E+01
4.64106250000E+05	2.130543E-03	8.236347E+01
4.65975000000E+05	2.051328E-03	8.567876E+01
4.67843750000E+05	1.863899E-03	8.491137E+01
4.69712500000E+05	1.989745E-03	8.124652E+01
4.71581250000E+05	2.099920E-03	8.601815E+01
4.73450000000E+05	2.103117E-03	8.612619E+01
4.75318750000E+05	2.135283E-03	8.339146E+01
4.77187500000E+05	2.235533E-03	7.834553E+01
4.79056250000E+05	2.061020E-03	8.204100E+01
4.80925000000E+05	1.904306E-03	8.270451E+01
4.82793750000E+05	2.181685E-03	7.809864E+01
4.84662500000E+05	2.251307E-03	8.154641E+01
4.86531250000E+05	2.146961E-03	7.637475E+01
4.88400000000E+05	2.182893E-03	8.635121E+01
4.90268750000E+05	2.239715E-03	8.647233E+01
4.92137500000E+05	2.019307E-03	8.497511E+01
4.94006250000E+05	2.189151E-03	8.359151E+01
4.95875000000E+05	2.140716E-03	7.904222E+01
4.97743750000E+05	2.040586E-03	8.029749E+01
4.99612500000E+05	2.142558E-03	8.302267E+01
5.01481250000E+05	2.223918E-03	8.386957E+01
5.03350000000E+05	2.111598E-03	8.575626E+01
5.05218750000E+05	2.321097E-03	8.659711E+01
5.07087500000E+05	2.078781E-03	8.757039E+01
5.08956250000E+05	2.319863E-03	8.229327E+01
5.10825000000E+05	2.255240E-03	8.355951E+01
5.12693750000E+05	2.312322E-03	8.455316E+01
5.14562500000E+05	2.114032E-03	8.185432E+01
5.16431250000E+05	2.308741E-03	8.106257E+01
5.18300000000E+05	2.266003E-03	8.457632E+01
5.20168750000E+05	2.393945E-03	8.072890E+01
5.22037500000E+05	2.262045E-03	8.242005E+01
5.23906250000E+05	2.410785E-03	8.080825E+01
5.25775000000E+05	2.263819E-03	8.626317E+01
5.27643750000E+05	2.222911E-03	8.621225E+01
5.29512500000E+05	2.139721E-03	8.159525E+01
5.31381250000E+05	2.220506E-03	8.242830E+01
5.33250000000E+05	2.323434E-03	8.831817E+01
5.35118750000E+05	2.383143E-03	8.582337E+01
5.36987500000E+05	2.526043E-03	8.269262E+01
5.38856250000E+05	2.385350E-03	8.234013E+01
5.40725000000E+05	2.375348E-03	8.079610E+01
5.42593750000E+05	2.347460E-03	8.118925E+01
5.44462500000E+05	2.263139E-03	7.895564E+01
5.46331250000E+05	2.420663E-03	8.740702E+01
5.48200000000E+05	2.426731E-03	8.482690E+01
5.50068750000E+05	2.312536E-03	8.377162E+01
5.51937500000E+05	2.370309E-03	8.133686E+01
5.53806250000E+05	2.447043E-03	7.902692E+01
5.55675000000E+05	2.564669E-03	7.978179E+01
5.57543750000E+05	2.387824E-03	8.675598E+01
5.59412500000E+05	2.391787E-03	8.231051E+01
5.61281250000E+05	2.394693E-03	8.233098E+01
5.63150000000E+05	2.602983E-03	8.215172E+01
5.65018750000E+05	2.346017E-03	8.343850E+01
5.66887500000E+05	2.514737E-03	8.839580E+01
5.68756250000E+05	2.531577E-03	8.581220E+01
5.70625000000E+05	2.495851E-03	8.514924E+01
5.72493750000E+05	2.383462E-03	8.183324E+01
5.74362500000E+05	2.457556E-03	8.694550E+01
5.76231250000E+05	2.533102E-03	8.298100E+01
5.78100000000E+05	2.569250E-03	8.127968E+01
5.79968750000E+05	2.428430E-03	8.364326E+01
5.81837500000E+05	2.431206E-03	8.187836E+01
5.83706250000E+05	2.356745E-03	8.287669E+01
5.85575000000E+05	2.468238E-03	8.400082E+01
5.87443750000E+05	2.516672E-03	8.275217E+01
5.89312500000E+05	2.515694E-03	8.350167E+01
5.91181250000E+05	2.553024E-03	8.231799E+01
5.93050000000E+05	2.590011E-03	8.491365E+01
5.94918750000E+05	2.657476E-03	8.327216E+01
5.96787500000E+05	2.547292E-03	8.699703E+01
5.98656250000E+05	2.485235E-03	8.312048E+01
6.00525000000E+05	2.596161E-03	8.418469E+01
6.02393750000E+05	2.705291E-03	7.577254E+01
6.04262500000E+05	2.630228E-03	8.301995E+01
6.06131250000E+05	2.605750E-03	8.046652E+01
6.08000000000E+05	2.648089E-03	8.415662E+01
6.09868750000E+05	2.541681E-03	7.975743E+01
6.11737500000E+05	2.528023E-03	8.148344E+01
6.13606250000E+05	2.631823E-03	8.484587E+01
6.15475000000E+05	2.435407E-03	8.762457E+01
6.17343750000E+05	2.758852E-03	8.542116E+01
6.19212500000E+05	2.622303E-03	8.754307E+01
6.21081250000E+05	2.557361E-03	8.169113E+01
6.22950000000E+05	2.881335E-03	8.235094E+01
6.24818750000E+05	2.822462E-03	7.968431E+01
6.26687500000E+05	2.865052E-03	8.133440E+01
6.28556250000E+05	2.710135E-03	7.787434E+01
6.30425000000E+05	2.818934E-03	8.230544E+01
6.32293750000E+05	2.732196E-03	8.528749E+01
6.34162500000E+05	2.694824E-03	8.310958E+01
6.36031250000E+05	2.642848E-03	8.252153E+01
6.37900000000E+05	2.763006E-03	8.235184E+01
6.39768750000E+05	2.700578E-03	8.492384E+01
6.41637500000E+05	2.729212E-03	8.298517E+01
6.43506250000E+05	2.786699E-03	8.373889E+01
6.45375000000E+05	2.836083E-03	8.370028E+01
6.47243750000E+05	2.895214E-03	8.111829E+01
6.49112500000E+05	2.956805E-03	8.377705E+01
6.50981250000E+05	2.660250E-03	7.857486E+01
6.52850000000E+05	2.749746E-03	8.581748E+01
6.54718750000E+05	2.743077E-03	8.481650E+01
6.56587500000E+05	2.812024E-03	8.325968E+01
6.58456250000E+05	2.883264E-03	8.495451E+01
6.60325000000E+05	2.906532E-03	8.138199E+01
6.62193750000E+05	2.810137E-03	8.360881E+01
6.64062500000E+05	2.873281E-03	8.259642E+01
6.65931250000E+05	2.819902E-03	8.401494E+01
6.67800000000E+05	2.971437E-03	8.499154E+01
6.69668750000E+05	2.763435E-03	8.130896E+01
6.71537500000E+05	2.924225E-03	8.257772E+01
6.73406250000E+05	2.950455E-03	8.123453E+01
6.75275000000E+05	3.037758E-03	8.289578E+01
6.77143750000E+05	2.858348E-03	8.049724E+01
6.79012500000E+05	2.929258E-03	8.309962E+01
6.80881250000E+05	3.092064E-03	8.217863E+01
6.82750000000E+05	3.059085E-03	8.396494E+01
6.84618750000E+05	2.797798E-03	8.398787E+01
6.86487500000E+05	3.033698E-03	8.192616E+01
6.88356250000E+05	3.017962E-03	8.419756E+01
6.90225000000E+05	3.010471E-03	8.342324E+01
6.92093750000E+05	3.062271E-03	7.972382E+01
6.93962500000E+05	3.005963E-03	8.551347E+01
6.95831250000E+05	3.047556E-03	8.372131E+01
6.97700000000E+05	3.053258E-03	7.822168E+01
6.99568750000E+05	2.877635E-03	8.020753E+01
7.01437500000E+05	2.903790E-03	8.117456E+01
7.03306250000E+05	2.892633E-03	8.788749E+01
7.05175000000E+05	3.215774E-03	8.050047E+01
7.07043750000E+05	2.962027E-03	8.066242E+01
7.08912500000E+05	3.032772E-03	8.244862E+01
7.10781250000E+05	3.125496E-03	8.285340E+01
7.12650000000E+05	3.247943E-03	8.043150E+01
7.14518750000E+05	3.082729E-03	8.142558E+01
7.16387500000E+05	3.257544E-03	7.960410E+01
7.18256250000E+05	3.058442E-03	8.322063E+01
7.20125000000E+05	3.153381E-03	7.844017E+01
7.21993750000E+05	3.060549E-03	8.129518E+01
7.23862500000E+05	3.229629E-03	8.147583E+01
7.25731250000E+05	3.239894E-03	8.368079E+01
7.27600000000E+05	2.937349E-03	8.279655E+01
7.29468750000E+05	3.147328E-03	8.010831E+01
7.31337500000E+05	3.273566E-03	7.852109E+01
7.33206250000E+05	3.164749E-03	8.073566E+01
7.35075000000E+05	3.234230E-03	8.156898E+01
7.36943750000E+05	3.112879E-03	8.253171E+01
7.38812500000E+05	3.193713E-03	8.033435E+01
7.40681250000E+05	3.264095E-03	8.142313E+01
7.42550000000E+05	3.217731E-03	8.435078E+01
7.44418750000E+05	3.137831E-03	8.157594E+01
7.46287500000E+05	3.387262E-03	8.340205E+01
7.48156250000E+05	3.194703E-03	8.348145E+01
7.50025000000E+05	3.184054E-03	7.977998E+01
7.51893750000E+05	3.305554E-03	8.232816E+01
7.53762500000E+05	3.268383E-03	8.154021E+01
7.55631250000E+05	3.176024E-03	8.182716E+01
7.57500000000E+05	3.350531E-03	8.242560E+01
7.59368750000E+05	3.286672E-03	8.228556E+01
7.61237500000E+05	3.292080E-03	7.847646E+01
7.63106250000E+05	3.313043E-03	7.997241E+01
7.64975000000E+05	3.230324E-03	8.170288E+01
7.66843750000E+05	3.509374E-03	8.072813E+01
7.68712500000E+05	3.302562E-03	8.114425E+01
7.70581250000E+05	3.391336E-03	8.106895E+01
7.72450000000E+05	3.250163E-03	8.210699E+01
7.74318750000E+05	3.377358E-03	8.662141E+01
7.76187500000E+05	3.280587E-03	8.011008E+01
7.78056250000E+05	3.341214E-03	8.466524E+01
7.79925000000E+05	3.362895E-03	8.445544E+01
7.81793750000E+05	3.197256E-03	7.711008E+01
7.83662500000E+05	3.514053E-03	7.992973E+01
7.85531250000E+05	3.384093E-03	8.044525E+01
7.87400000000E+05	3.189108E-03	7.936378E+01
7.89268750000E+05	3.404050E-03	8.228034E+01
7.91137500000E+05	3.435658E-03	8.055758E+01
7.93006250000E+05	3.241133E-03	7.388103E+01
7.94875000000E+05	3.542528E-03	8.410153E+01
7.96743750000E+05	3.368226E-03	7.957455E+01
7.98612500000E+05	3.365157E-03	8.165101E+01
8.00481250000E+05	3.620907E-03	8.326551E+01
8.02350000000E+05	3.447640E-03	7.949815E+01
8.04218750000E+05	3.411514E-03	8.013506E+01
8.06087500000E+05	3.697462E-03	8.432716E+01
8.07956250000E+05	3.528116E-03	8.403513E+01
8.09825000000E+05	3.504070E-03	7.744967E+01
8.11693750000E+05	3.693448E-03	7.884760E+01
8.13562500000E+05	3.408021E-03	8.112286E+01
8.15431250000E+05	3.514531E-03	8.251254E+01
8.17300000000E+05	3.727444E-03	8.085019E+01
8.19168750000E+05	3.429178E-03	8.085680E+01
8.21037500000E+05	3.544399E-03	8.298806E+01
8.22906250000E+05	3.693067E-03	7.984778E+01
8.24775000000E+05	3.560525E-03	8.244536E+01
8.26643750000E+05	3.539941E-03	8.117016E+01
8.28512500000E+05	3.655704E-03	7.873600E+01
8.30381250000E+05	3.597987E-03	7.936623E+01
8.32250000000E+05	3.720953E-03	8.182955E+01
8.34118750000E+05	3.941956E-03	7.808042E+01
8.35987500000E+05	3.630886E-03	7.844591E+01
8.37856250000E+05	3.704172E-03	8.215701E+01
8.39725000000E+05	3.573973E-03	7.955043E+01
8.41593750000E+05	3.765831E-03	8.269421E+01
8.43462500000E+05	3.738244E-03	8.234885E+01
8.45331250000E+05	3.549318E-03	7.946046E+01
8.47200000000E+05	3.548507E-03	7.987873E+01
8.49068750000E+05	3.581992E-03	7.793673E+01
8.50937500000E+05	3.588793E-03	7.725773E+01
8.52806250000E+05	3.627333E-03	8.078088E+01
8.54675000000E+05	3.741882E-03	8.011601E+01
8.56543750000E+05	3.791763E-03	8.120178E+01
8.58412500000E+05	3.703057E-03	8.194424E+01
8.60281250000E+05	3.653651E-03	8.075687E+01
8.62150000000E+05	3.629299E-03	7.937688E+01
8.64018750000E+05	3.810657E-03	8.018516E+01
8.65887500000E+05	3.772808E-03	8.198218E+01
8.67756250000E+05	3.611901E-03	7.918178E+01
8.69625000000E+05	3.613717E-03	8.274744E+01
8.71493750000E+05	3.946700E-03	8.311145E+01
8.73362500000E+05	3.896971E-03	7.913226E+01
8.75231250000E+05	4.021766E-03	8.125210E+01
8.77100000000E+05	3.732112E-03	8.169893E+01
8.78968750000E+05	3.722306E-03	8.353100E+01
8.80837500000E+05	3.594874E-03	7.909774E+01
8.82706250000E+05	3.884322E-03	8.317353E+01
8.84575000000E+05	3.771906E-03	8.271322E+01
8.86443750000E+05	3.892827E-03	8.204002E+01
8.88312500000E+05	3.752598E-03	8.198384E+01
8.90181250000E+05	3.782436E-03	8.005799E+01
8.92050000000E+05	3.999535E-03	8.073521E+01
8.93918750000E+05	3.848671E-03	8.265167E+01
8.95787500000E+05	3.873231E-03	7.931515E+01
8.97656250000E+05	4.023108E-03	7.867575E+01
8.99525000000E+05	3.848120E-03	8.346503E+01
9.01393750000E+05	3.896592E-03	8.030772E+01
9.03262500000E+05	3.858394E-03	8.270963E+01
9.05131250000E+05	3.897917E-03	8.105151E+01
9.07000000000E+05	4.045764E-03	7.707563E+01
9.08868750000E+05	3.955632E-03	8.023485E+01
9.10737500000E+05	4.088897E-03	8.212090E+01
9.12606250000E+05	3.815526E-03	7.868092E+01
9.14475000000E+05	4.112780E-03	8.116911E+01
9.16343750000E+05	3.876083E-03	7.899348E+01
9.18212500000E+05	3.933758E-03	7.783548E+01
9.20081250000E+05	3.679234E-03	8.119367E+01
9.21950000000E+05	3.786706E-03	8.352107E+01
9.23818750000E+05	4.178976E-03	7.997915E+01
9.25687500000E+05	4.125142E-03	8.017233E+01
9.27556250000E+05	3.846155E-03	8.314713E+01
9.29425000000E+05	3.943202E-03	8.241869E+01
9.31293750000E+05	4.125290E-03	7.796689E+01
9.33162500000E+05	3.974084E-03	7.996971E+01
9.35031250000E+05	3.964459E-03	7.768150E+01
9.36900000000E+05	3.928384E-03	8.080570E+01
9.38768750000E+05	3.991289E-03	8.102258E+01
9.40637500000E+05	4.038413E-03	7.861729E+01
9.42506250000E+05	3.790507E-03	7.766277E+01
9.44375000000E+05	3.944889E-03	7.810267E+01
9.46243750000E+05	4.301846E-03	8.015479E+01
9.48112500000E+05	4.023490E-03	7.960860E+01
9.49981250000E+05	4.148231E-03	8.016915E+01
9.51850000000E+05	4.065336E-03	8.081028E+01
9.53718750000E+05	4.158898E-03	7.798314E+01
9.55587500000E+05	4.167459E-03	7.886230E+01
9.57456250000E+05	3.963355E-03	7.938200E+01
9.59325000000E+05	4.100826E-03	8.069572E+01
9.61193750000E+05	4.119435E-03	7.830286E+01
9.63062500000E+05	3.989893E-03	7.988878E+01
9.64931250000E+05	3.865612E-03	7.809184E+01
9.66800000000E+05	4.029280E-03	7.825266E+01
9.68668750000E+05	4.325709E-03	8.103334E+01
9.70537500000E+05	4.187275E-03	7.905733E+01
9.72406250000E+05	4.168887E-03	8.061594E+01
9.74275000000E+05	4.055229E-03	7.933863E+01
9.76143750000E+05	4.171587E-03	8.081566E+01
9.78012500000E+05	4.195722E-03	7.789204E+01
9.79881250000E+05	4.361345E-03	8.102918E+01
9.81750000000E+05	4.262310E-03	7.695081E+01
9.83618750000E+05	4.290463E-03	7.969018E+01
9.85487500000E+05	4.047215E-03	7.523331E+01
9.87356250000E+05	4.195361E-03	8.184580E+01
9.89225000000E+05	4.134497E-03	8.161671E+01
9.91093750000E+05	4.397305E-03	7.962576E+01
9.92962500000E+05	4.276588E-03	8.013367E+01
9.94831250000E+05	4.343787E-03	8.021583E+01
9.96700000000E+05	4.444779E-03	7.904572E+01
9.98568750000E+05	4.191372E-03	8.002849E+01
1.00043750000E+06	4.345152E-03	7.933455E+01
1.00230625000E+06	4.245547E-03	7.847701E+01
1.00417500000E+06	4.249298E-03	7.796642E+01
1.00604375000E+06	4.371441E-03	8.021478E+01
1.00791250000E+06	4.239319E-03	7.809367E+01
1.00978125000E+06	4.104531E-03	7.917936E+01
1.01165000000E+06	4.375835E-03	8.123155E+01
1.01351875000E+06	4.431898E-03	8.135323E+01
1.01538750000E+06	4.461899E-03	7.780855E+01
1.01725625000E+06	4.279731E-03	8.029832E+01
1.01912500000E+06	4.380580E-03	7.887317E+01
1.02099375000E+06	4.525892E-03	7.941449E+01
1.02286250000E+06	4.233529E-03	7.993919E+01
1.02473125000E+06	4.514983E-03	7.995159E+01
1.02660000000E+06	4.416896E-03	7.881306E+01
1.02846875000E+06	4.437094E-03	7.986776E+01
1.03033750000E+06	4.624917E-03	7.944794E+01
1.03220625000E+06	4.358683E-03	8.193929E+01
1.03407500000E+06	4.497099E-03	8.034591E+01
1.03594375000E+06	4.267640E-03	8.276935E+01
1.03781250000E+06	4.691421E-03	8.006436E+01
1.03968125000E+06	4.291085E-03	7.521748E+01
1.04155000000E+06	4.553820E-03	7.995972E+01
1.04341875000E+06	4.558267E-03	8.059946E+01
1.04528750000E+06	4.371880E-03	7.837986E+01
1.04715625000E+06	4.672165E-03	7.846873E+01
1.04902500000E+06	4.536235E-03	7.946696E+01
1.05089375000E+06	4.513242E-03	7.825469E+01
1.05276250000E+06	4.489386E-03	7.965847E+01
1.05463125000E+06	4.547470E-03	7.889288E+01
1.05650000000E+06	4.615804E-03	7.839564E+01
1.05836875000E+06	4.566975E-03	8.053779E+01
1.06023750000E+06	4.504700E-03	8.085786E+01
1.06210625000E+06	4.639643E-03	8.044901E+01
1.06397500000E+06	4.537425E-03	8.013289E+01
1.06584375000E+06	4.623519E-03	8.099788E+01
1.06771250000E+06	4.672429E-03	7.813453E+01
1.06958125000E+06	4.702732E-03	8.118248E+01
1.07145000000E+06	4.517670E-03	7.884855E+01
1.07331875000E+06	4.795831E-03	8.038029E+01
1.07518750000E+06	4.786483E-03	8.123080E+01
1.07705625000E+06	4.434570E-03	7.938474E+01
1.07892500000E+06	4.507000E-03	7.785866E+01
1.08079375000E+06	4.839318E-03	8.035677E+01
1.08266250000E+06	4.708542E-03	7.802692E+01
1.08453125000E+06	4.825218E-03	7.896344E+01
1.08640000000E+06	4.880391E-03	8.282059E+01
1.08826875000E+06	4.532082E-03	8.128788E+01
1.09013750000E+06	4.609367E-03	7.875723E+01
1.09200625000E+06	4.598092E-03	7.861689E+01
1.09387500000E+06	4.680128E-03	7.885572E+01
1.09574375000E+06	4.777235E-03	7.794827E+01
1.09761250000E+06	4.487380E-03	7.910475E+01
1.09948125000E+06	4.682481E-03	7.801081E+01
1.10135000000E+06	4.559643E-03	7.760116E+01
1.10321875000E+06	4.676878E-03	7.929674E+01
1.10508750000E+06	4.821368E-03	7.723164E+01
1.10695625000E+06	4.687424E-03	7.844562E+01
1.10882500000E+06	4.873015E-03	7.668191E+01
1.11069375000E+06	4.641341E-03	8.023527E+01
1.11256250000E+06	4.939667E-03	7.839166E+01
1.11443125000E+06	4.893157E-03	7.769353E+01
1.11630000000E+06	4.942261E-03	7.820770E+01
1.11816875000E+06	4.994826E-03	8.026852E+01
1.12003750000E+06	4.687586E-03	8.002155E+01
1.12190625000E+06	4.622620E-03	7.772769E+01
1.12377500000E+06	4.879904E-03	7.794160E+01
1.12564375000E+06	4.962290E-03	7.782022E+01
1.12751250000E+06	4.993569E-03	8.024120E+01
1.12938125000E+06	5.044956E-03	7.662408E+01
1.13125000000E+06	5.012790E-03	7.840518E+01
1.13311875000E+06	5.134303E-03	8.120473E+01
1.13498750000E+06	5.000932E-03	8.138850E+01
1.13685625000E+06	4.712619E-03	7.776252E+01
1.13872500000E+06	5.026798E-03	7.956309E+01
1.14059375000E+06	4.886177E-03	7.588234E+01
1.14246250000E+06	4.690919E-03	7.989776E+01
1.14433125000E+06	4.997500E-03	7.733897E+01
1.14620000000E+06	4.931333E-03	7.658038E+01
1.14806875000E+06	4.751505E-03	7.984801E+01
1.14993750000E+06	4.742640E-03	7.999575E+01
1.15180625000E+06	5.141188E-03	7.609643E+01
1.15367500000E+06	4.921495E-03	7.683436E+01
1.15554375000E+06	4.823188E-03	7.798424E+01
1.15741250000E+06	5.072866E-03	7.779259E+01
1.15928125000E+06	5.230001E-03	7.651868E+01
1.16115000000E+06	4.988205E-03	7.929809E+01
1.16301875000E+06	4.905082E-03	7.889595E+01
1.16488750000E+06	5.136517E-03	7.678258E+01
1.16675625000E+06	4.975267E-03	7.930158E+01
1.16862500000E+06	5.247796E-03	8.011964E+01
1.17049375000E+06	5.149754E-03	7.523299E+01
1.17236250000E+06	5.344079E-03	7.766602E+01
1.17423125000E+06	4.894318E-03	7.830865E+01
1.17610000000E+06	5.177085E-03	7.755907E+01
1.17796875000E+06	5.079963E-03	7.800712E+01
1.17983750000E+06	4.928858E-03	7.567620E+01
1.18170625000E+06	5.091679E-03	7.815274E+01
1.18357500000E+06	5.232891E-03	7.894848E+01
1.18544375000E+06	5.163694E-03	7.796587E+01
1.18731250000E+06	5.357580E-03	7.805432E+01
1.18918125000E+06	5.001732E-03	7.766360E+01
1.19105000000E+06	5.064218E-03	7.533610E+01
1.19291875000E+06	5.182027E-03	7.571834E+01
1.19478750000E+06	5.341501E-03	7.856457E+01
1.19665625000E+06	5.355786E-03	7.883310E+01
1.19852500000E+06	5.342775E-03	7.628134E+01
1.20039375000E+06	4.958064E-03	7.735822E+01
1.20226250000E+06	5.302595E-03	7.872961E+01
1.20413125000E+06	5.074530E-03	7.716798E+01
1.20600000000E+06	5.231396E-03	7.756342E+01
1.20786875000E+06	5.199637E-03	8.005485E+01
1.20973750000E+06	5.067756E-03	7.450931E+01
1.21160625000E+06	5.074650E-03	7.866649E+01
1.21347500000E+06	5.287434E-03	7.952318E+01
1.21534375000E+06	5.175174E-03	7.655405E+01
1.21721250000E+06	5.393362E-03	7.852022E+01
1.21908125000E+06	5.098567E-03	7.850204E+01
1.22095000000E+06	5.529192E-03	7.806356E+01
1.22281875000E+06	5.475282E-03	7.712302E+01
1.22468750000E+06	5.501780E-03	7.739750E+01
1.22655625000E+06	5.196704E-03	7.621101E+01
1.22842500000E+06	5.593145E-03	7.321262E+01
1.23029375000E+06	5.400251E-03	7.719370E+01
1.23216250000E+06	5.282991E-03	7.712904E+01
1.23403125000E+06	5.425209E-03	7.681731E+01
1.23590000000E+06	5.305327E-03	7.853073E+01
1.23776875000E+06	5.442808E-03	7.796243E+01
1.23963750000E+06	5.596253E-03	7.819754E+01
1.24150625000E+06	5.341446E-03	7.713461E+01
1.24337500000E+06	5.554265E-03	7.828358E+01
1.24524375000E+06	5.309044E-03	7.685963E+01
1.24711250000E+06	5.540185E-03	7.860545E+01
1.24898125000E+06	5.407705E-03	7.808717E+01
1.25085000000E+06	5.586631E-03	7.684628E+01
1.25271875000E+06	5.251080E-03	7.709724E+01
1.25458750000E+06	5.580074E-03	7.686464E+01
1.25645625000E+06	5.272879E-03	7.571484E+01
1.25832500000E+06	5.566843E-03	7.829933E+01
1.26019375000E+06	5.518353E-03	7.603661E+01
1.26206250000E+06	5.414215E-03	7.596041E+01
1.26393125000E+06	5.415794E-03	7.643663E+01
1.26580000000E+06	5.379475E-03	7.596152E+01
1.26766875000E+06	5.472892E-03	7.687635E+01
1.26953750000E+06	5.507584E-03	7.701384E+01
1.27140625000E+06	5.401478E-03	7.659225E+01
1.27327500000E+06	5.413751E-03	7.446756E+01
1.27514375000E+06	5.581292E-03	7.705412E+01
1.27701250000E+06	5.690714E-03	7.782397E+01
1.27888125000E+06	5.439507E-03	7.695270E+01
1.28075000000E+06	5.268299E-03	7.837210E+01
1.28261875000E+06	5.381199E-03	7.740540E+01
1.28448750000E+06	5.610187E-03	7.378334E+01
1.28635625000E+06	5.859106E-03	7.849372E+01
1.28822500000E+06	5.629013E-03	7.778423E+01
1.29009375000E+06	5.413346E-03	7.569077E+01
1.29196250000E+06	5.337368E-03	7.834367E+01
1.29383125000E+06	5.572769E-03	7.686696E+01
1.29570000000E+06	5.573315E-03	7.945167E+01
1.29756875000E+06	5.593881E-03	7.735789E+01
1.29943750000E+06	5.659977E-03	7.544482E+01
1.30130625000E+06	5.607216E-03	7.849107E+01
1.30317500000E+06	5.795419E-03	7.442363E+01
1.30504375000E+06	5.871221E-03	7.794872E+01
1.30691250000E+06	5.761417E-03	7.579372E+01
1.30878125000E+06	5.512051E-03	7.564450E+01
1.31065000000E+06	5.620610E-03	7.741763E+01
1.31251875000E+06	5.562329E-03	7.595164E+01
1.31438750000E+06	5.614235E-03	7.723054E+01
1.31625625000E+06	5.626462E-03	7.764346E+01
1.31812500000E+06	5.503824E-03	7.912424E+01
1.31999375000E+06	5.556142E-03	7.579769E+01
1.32186250000E+06	5.865411E-03	7.646504E+01
1.32373125000E+06	5.799545E-03	7.737521E+01
1.32560000000E+06	5.586573E-03	7.590079E+01
1.32746875000E+06	5.753243E-03	7.602478E+01
1.32933750000E+06	5.626708E-03	7.638901E+01
1.33120625000E+06	5.671030E-03	7.744792E+01
1.33307500000E+06	5.549294E-03	7.529890E+01
1.33494375000E+06	5.891074E-03	7.477853E+01
1.33681250000E+06	5.691238E-03	7.421882E+01
1.33868125000E+06	5.947978E-03	7.517111E+01
1.34055000000E+06	5.838188E-03	7.630360E+01
1.34241875000E+06	5.845599E-03	7.639581E+01
1.34428750000E+06	5.804261E-03	7.649375E+01
1.34615625000E+06	5.949360E-03	7.649498E+01
1.34802500000E+06	5.943749E-03	7.856274E+01
1.34989375000E+06	5.635397E-03	7.651925E+01
1.35176250000E+06	5.858564E-03	7.820755E+01
1.35363125000E+06	5.611355E-03	7.757018E+01
1.35550000000E+06	5.763430E-03	7.581103E+01
1.35736875000E+06	5.826666E-03	7.696391E+01
1.35923750000E+06	5.503684E-03	7.555463E+01
1.36110625000E+06	5.638524E-03	7.544466E+01
1.36297500000E+06	5.743459E-03	7.485166E+01
1.36484375000E+06	5.985186E-03	7.856163E+01
1.36671250000E+06	5.607415E-03	7.361650E+01
1.36858125000E+06	5.720439E-03	7.586745E+01
1.37045000000E+06	5.911445E-03	7.613487E+01
1.37231875000E+06	5.876382E-03	7.593509E+01
1.37418750000E+06	5.715305E-03	7.737229E+01
1.37605625000E+06	5.996485E-03	7.475195E+01
1.37792500000E+06	6.008563E-03	7.529842E+01
1.37979375000E+06	5.697024E-03	7.469584E+01
1.38166250000E+06	6.115490E-03	7.703846E+01
1.38353125000E+06	5.800996E-03	7.614256E+01
1.38540000000E+06	5.817250E-03	7.369323E+01
1.38726875000E+06	5.945229E-03	7.372777E+01
1.38913750000E+06	5.951144E-03	7.693879E+01
1.39100625000E+06	5.904172E-03	7.898172E+01
1.39287500000E+06	6.014999E-03	7.747030E+01
1.39474375000E+06	5.810053E-03	7.545776E+01
1.39661250000E+06	5.778954E-03	7.756916E+01
1.39848125000E+06	6.148425E-03	7.591990E+01
1.40035000000E+06	6.054093E-03	7.666998E+01
1.40221875000E+06	6.082149E-03	7.545075E+01
1.40408750000E+06	6.091583E-03	7.538544E+01
1.40595625000E+06	6.088755E-03	7.708477E+01
1.40782500000E+06	6.162499E-03	7.596319E+01
1.40969375000E+06	5.955453E-03	7.441137E+01
1.41156250000E+06	5.835648E-03	7.520858E+01
1.41343125000E+06	5.991210E-03	7.356389E+01
1.41530000000E+06	6.066408E-03	7.612039E+01
1.41716875000E+06	5.982591E-03	7.596972E+01
1.41903750000E+06	6.130032E-03	7.448638E+01
1.42090625000E+06	6.022824E-03	7.420042E+01
1.42277500000E+06	6.148550E-03	7.566856E+01
1.42464375000E+06	6.206265E-03	7.441949E+01
1.42651250000E+06	6.006275E-03	7.563249E+01
1.42838125000E+06	6.174885E-03	7.609796E+01
1.43025000000E+06	6.080484E-03	7.531931E+01
1.43211875000E+06	6.362581E-03	7.650750E+01
1.43398750000E+06	6.050376E-03	7.667438E+01
1.43585625000E+06	6.137166E-03	7.481155E+01
1.43772500000E+06	6.022098E-03	7.493309E+01
1.43959375000E+06	6.371354E-03	7.519707E+01
1.44146250000E+06	6.106980E-03	7.604852E+01
1.44333125000E+06	6.428906E-03	7.383000E+01
1.44520000000E+06	6.156788E-03	7.507349E+01
1.44706875000E+06	6.505315E-03	7.618372E+01
1.44893750000E+06	6.268872E-03	7.602214E+01
1.45080625000E+06	6.417792E-03	7.673528E+01
1.45267500000E+06	6.242295E-03	7.585039E+01
1.45454375000E+06	6.036867E-03	7.349225E+01
1.45641250000E+06	6.059004E-03	7.404591E+01
1.45828125000E+06	6.589329E-03	7.599534E+01
1.46015000000E+06	6.395360E-03	7.645574E+01
1.46201875000E+06	6.446767E-03	7.519339E+01
1.46388750000E+06	6.292324E-03	7.753069E+01
1.46575625000E+06	6.241162E-03	7.774104E+01
1.46762500000E+06	6.570480E-03	7.496523E+01
1.46949375000E+06	6.259058E-03	7.723890E+01
1.47136250000E+06	6.335265E-03	7.454288E+01
1.47323125000E+06	6.450722E-03	7.497282E+01
1.47510000000E+06	6.181189E-03	7.482602E+01
1.47696875000E+06	6.192633E-03	7.216480E+01
1.47883750000E+06	5.904850E-03	7.631290E+01
1.48070625000E+06	6.392587E-03	7.453555E+01
1.48257500000E+06	6.239607E-03	7.416482E+01
1.48444375000E+06	6.379855E-03	7.524119E+01
1.48631250000E+06	6.243402E-03	7.438617E+01
1.48818125000E+06	6.356999E-03	7.525602E+01
1.49005000000E+06	6.362475E-03	7.328074E+01
1.49191875000E+06	6.386190E-03	7.480494E+01
1.49378750000E+06	6.360711E-03	7.549695E+01
1.49565625000E+06	6.663038E-03	7.653517E+01
1.49752500000E+06	6.421627E-03	7.467959E+01
1.49939375000E+06	6.363009E-03	7.405564E+01
1.50126250000E+06	6.298151E-03	7.652241E+01
1.50313125000E+06	6.661918E-03	7.458376E+01
1.50500000000E+06	6.361954E-03	7.746166E+01
1.50686875000E+06	6.629253E-03	7.448466E+01
1.50873750000E+06	6.506770E-03	7.448667E+01
1.51060625000E+06	6.609397E-03	7.562794E+01
1.51247500000E+06	6.393264E-03	7.400849E+01
1.51434375000E+06	6.417365E-03	7.583703E+01
1.51621250000E+06	6.341458E-03	7.501517E+01
1.51808125000E+06	6.385178E-03	7.465353E+01
1.51995000000E+06	6.515822E-03	7.444440E+01
1.52181875000E+06	6.494355E-03	7.447042E+01
1.52368750000E+06	6.416359E-03	7.448312E+01
1.52555625000E+06	6.446528E-03	7.455455E+01
1.52742500000E+06	6.619651E-03	7.478161E+01
1.52929375000E+06	6.511345E-03	7.541803E+01
1.53116250000E+06	6.522536E-03	7.501065E+01
1.53303125000E+06	6.623738E-03	7.589675E+01
1.53490000000E+06	6.613554E-03	7.311663E+01
1.53676875000E+06	6.671377E-03	7.330724E+01
1.53863750000E+06	6.655078E-03	7.524963E+01
1.54050625000E+06	6.642106E-03	7.466056E+01
1.54237500000E+06	6.715314E-03	7.279630E+01
1.54424375000E+06	6.335379E-03	7.359936E+01
1.54611250000E+06	6.627097E-03	7.562267E+01
1.54798125000E+06	6.376295E-03	7.419650E+01
1.54985000000E+06	6.679561E-03	7.436077E+01
1.55171875000E+06	6.509492E-03	7.479336E+01
1.55358750000E+06	6.290248E-03	7.324359E+01
1.55545625000E+06	6.635043E-03	7.545728E+01
1.55732500000E+06	6.505627E-03	7.334284E+01
1.55919375000E+06	6.690989E-03	7.440862E+01
1.56106250000E+06	6.749483E-03	7.620971E+01
1.56293125000E+06	6.583048E-03	7.425861E+01
1.56480000000E+06	6.730397E-03	7.448235E+01
1.56666875000E+06	6.817041E-03	7.281075E+01
1.56853750000E+06	6.628322E-03	7.589356E+01
1.57040625000E+06	6.816277E-03	7.254179E+01
1.57227500000E+06	6.454977E-03	7.265283E+01
1.57414375000E+06	6.579070E-03	7.467043E+01
1.57601250000E+06	6.867384E-03	7.228852E+01
1.57788125000E+06	6.909662E-03	7.376750E+01
1.57975000000E+06	6.425834E-03	7.032676E+01
1.58161875000E+06	6.990232E-03	7.402460E+01
1.58348750000E+06	7.035537E-03	7.185325E+01
1.58535625000E+06	6.445163E-03	7.173039E+01
1.58722500000E+06	6.612488E-03	7.306262E+01
1.58909375000E+06	7.246781E-03	7.273755E+01
1.59096250000E+06	6.714864E-03	7.314310E+01
1.59283125000E+06	6.823813E-03	7.316821E+01
1.59470000000E+06	6.627537E-03	7.449885E+01
1.59656875000E+06	6.676287E-03	7.141010E+01
1.59843750000E+06	6.754146E-03	7.292602E+01
1.60030625000E+06	6.741345E-03	7.353088E+01
1.60217500000E+06	6.741646E-03	7.281099E+01
1.60404375000E+06	6.832818E-03	7.264697E+01
1.60591250000E+06	6.744386E-03	7.360857E+01
1.60778125000E+06	7.073072E-03	7.426858E+01
1.60965000000E+06	6.808958E-03	7.381927E+01
1.61151875000E+06	6.853387E-03	7.484485E+01
1.61338750000E+06	6.670499E-03	7.346136E+01
1.61525625000E+06	6.900868E-03	7.262402E+01
1.61712500000E+06	6.886974E-03	7.422145E+01
1.61899375000E+06	6.863708E-03	7.235369E+01
1.62086250000E+06	6.858106E-03	7.363755E+01
1.62273125000E+06	6.807309E-03	7.318341E+01
1.62460000000E+06	7.095133E-03	7.526026E+01
1.62646875000E+06	6.913498E-03	7.293159E+01
1.62833750000E+06	6.915250E-03	7.179840E+01
1.63020625000E+06	6.959456E-03	7.510657E+01
1.63207500000E+06	6.953170E-03	7.497061E+01
1.63394375000E+06	6.983048E-03	7.351409E+01
1.63581250000E+06	7.085506E-03	7.554733E+01
1.63768125000E+06	6.937638E-03	7.454733E+01
1.63955000000E+06	6.863104E-03	7.317316E+01
1.64141875000E+06	6.948192E-03	7.362935E+01
1.64328750000E+06	7.182779E-03	7.392924E+01
1.64515625000E+06	7.091433E-03	7.341980E+01
1.64702500000E+06	6.874491E-03	7.302307E+01
1.64889375000E+06	7.132078E-03	7.535045E+01
1.65076250000E+06	6.791401E-03	7.281721E+01
1.65263125000E+06	7.194784E-03	7.398389E+01
1.65450000000E+06	7.110037E-03	7.271082E+01
1.65636875000E+06	7.089428E-03	7.230269E+01
1.65823750000E+06	7.175299E-03	7.279179E+01
1.66010625000E+06	7.086169E-03	7.291167E+01
1.66197500000E+06	6.839450E-03	7.456539E+01
1.66384375000E+06	6.953634E-03	7.397802E+01
1.66571250000E+06	7.033593E-03	7.396500E+01
1.66758125000E+06	7.049673E-03	7.298791E+01
1.66945000000E+06	7.196684E-03	7.365903E+01
1.67131875000E+06	7.099048E-03	7.366573E+01
1.67318750000E+06	7.026306E-03	7.420048E+01
1.67505625000E+06	6.999049E-03	7.438757E+01
1.67692500000E+06	6.995939E-03	7.236066E+01
1.67879375000E+06	7.213899E-03	7.387493E+01
1.68066250000E+06	7.382689E-03	7.317603E+01
1.68253125000E+06	7.029647E-03	7.274355E+01
1.68440000000E+06	7.277263E-03	7.268302E+01
1.68626875000E+06	7.044705E-03	7.286366E+01
1.68813750000E+06	7.402550E-03	7.259928E+01
1.69000625000E+06	7.149361E-03	7.456065E+01
1.69187500000E+06	7.210537E-03	7.472376E+01
1.69374375000E+06	7.199620E-03	7.359944E+01
1.69561250000E+06	7.066922E-03	7.294667E+01
1.69748125000E+06	7.173302E-03	7.084268E+01
1.69935000000E+06	7.438418E-03	7.524330E+01
1.70121875000E+06	7.175210E-03	7.199860E+01
1.70308750000E+06	7.085589E-03	7.382484E+01
1.70495625000E+06	7.329546E-03	7.559141E+01
1.70682500000E+06	6.863338E-03	7.314858E+01
1.70869375000E+06	7.217522E-03	7.297752E+01
1.71056250000E+06	7.274248E-03	7.407039E+01
1.71243125000E+06	7.331849E-03	7.160710E+01
1.71430000000E+06	7.241587E-03	7.315582E+01
1.71616875000E+06	7.327382E-03	7.074358E+01
1.71803750000E+06	7.321947E-03	7.272217E+01
1.71990625000E+06	7.371166E-03	7.289857E+01
1.72177500000E+06	7.193854E-03	7.366705E+01
1.72364375000E+06	7.249488E-03	7.389431E+01
1.72551250000E+06	7.360628E-03	7.254524E+01
1.72738125000E+06	7.201719E-03	7.257291E+01
1.72925000000E+06	7.303108E-03	7.186842E+01
1.73111875000E+06	7.407703E-03	7.298965E+01
1.73298750000E+06	7.575817E-03	7.307367E+01
1.73485625000E+06	7.293592E-03	7.260680E+01
1.73672500000E+06	7.480523E-03	7.417951E+01
1.73859375000E+06	7.228999E-03	7.379719E+01
1.74046250000E+06	7.344861E-03	7.112295E+01
1.74233125000E+06	7.481702E-03	7.204462E+01
1.74420000000E+06	7.326805E-03	7.378609E+01
1.74606875000E+06	7.414307E-03	7.358743E+01
1.74793750000E+06	7.295169E-03	7.186736E+01
1.74980625000E+06	7.163939E-03	7.179374E+01
1.75167500000E+06	7.683611E-03	7.311115E+01
1.75354375000E+06	7.366960E-03	7.387878E+01
1.75541250000E+06	7.519282E-03	7.042107E+01
1.75728125000E+06	7.433159E-03	7.357170E+01
1.75915000000E+06	7.405338E-03	7.273705E+01
1.76101875000E+06	7.455310E-03	7.424812E+01
1.76288750000E+06	7.610986E-03	7.139315E+01
1.76475625000E+06	7.414781E-03	7.384999E+01
1.76662500000E+06	7.624815E-03	7.305659E+01
1.76849375000E+06	7.765338E-03	7.162078E+01
1.77036250000E+06	7.492563E-03	7.112763E+01
1.77223125000E+06	7.552328E-03	7.197289E+01
1.77410000000E+06	7.612961E-03	7.332232E+01
1.77596875000E+06	7.634546E-03	7.244783E+01
1.77783750000E+06	7.610092E-03	7.372956E+01
1.77970625000E+06	7.391174E-03	7.266388E+01
1.78157500000E+06	7.630942E-03	7.208192E+01
1.78344375000E+06	7.571827E-03	7.373157E+01
1.78531250000E+06	7.638799E-03	7.232786E+01
1.78718125000E+06	7.593027E-03	7.313079E+01
1.78905000000E+06	7.637276E-03	7.149530E+01
1.79091875000E+06	7.427664E-03	7.201212E+01
1.79278750000E+06	7.692173E-03	7.205759E+01
1.79465625000E+06	7.599396E-03	7.308587E+01
1.79652500000E+06	7.704018E-03	7.269437E+01
1.79839375000E+06	7.672282E-03	7.248491E+01
1.80026250000E+06	7.872887E-03	7.247318E+01
1.80213125000E+06	7.633249E-03	7.267410E+01
1.80400000000E+06	7.709513E-03	7.260600E+01
1.80586875000E+06	7.581424E-03	7.192236E+01
1.80773750000E+06	7.829315E-03	7.221290E+01
1.80960625000E+06	7.984991E-03	7.089690E+01
1.81147500000E+06	7.618651E-03	7.196473E+01
1.81334375000E+06	7.808350E-03	7.246811E+01
1.81521250000E+06	7.478465E-03	7.254204E+01
1.81708125000E+06	7.801357E-03	7.303719E+01
1.81895000000E+06	7.613024E-03	7.348801E+01
1.82081875000E+06	7.718849E-03	7.009045E+01
1.82268750000E+06	7.909671E-03	7.288900E+01
1.82455625000E+06	7.834618E-03	7.301706E+01
1.82642500000E+06	7.829257E-03	7.117226E+01
1.82829375000E+06	7.638690E-03	7.050124E+01
1.83016250000E+06	7.654333E-03	7.290372E+01
1.83203125000E+06	8.006815E-03	7.238087E+01
1.83390000000E+06	7.827591E-03	7.074027E+01
1.83576875000E+06	7.802858E-03	7.145611E+01
1.83763750000E+06	7.817176E-03	7.385365E+01
1.83950625000E+06	7.990583E-03	7.355153E+01
1.84137500000E+06	7.582170E-03	7.061160E+01
1.84324375000E+06	7.535542E-03	7.405427E+01
1.84511250000E+06	8.216054E-03	7.207612E+01
1.84698125000E+06	7.681948E-03	7.510245E+01
1.84885000000E+06	7.841788E-03	7.062144E+01
1.85071875000E+06	8.348557E-03	7.176733E+01
1.85258750000E+06	7.593921E-03	7.094604E+01
1.85445625000E+06	7.799179E-03	7.276961E+01
1.85632500000E+06	7.851859E-03	7.189378E+01
1.85819375000E+06	7.860143E-03	7.428550E+01
1.86006250000E+06	8.335338E-03	7.285441E+01
1.86193125000E+06	8.044416E-03	7.344320E+01
1.86380000000E+06	7.839710E-03	7.123462E+01
1.86566875000E+06	7.976243E-03	7.231756E+01
1.86753750000E+06	8.140808E-03	7.278411E+01
1.86940625000E+06	7.903512E-03	7.441912E+01
1.87127500000E+06	7.891329E-03	7.210136E+01
1.87314375000E+06	8.210154E-03	7.225134E+01
1.87501250000E+06	7.958878E-03	7.171255E+01
1.87688125000E+06	8.207143E-03	7.262463E+01
1.87875000000E+06	8.163287E-03	7.149100E+01
1.88061875000E+06	7.699942E-03	7.312499E+01
1.88248750000E+06	7.945905E-03	7.299937E+01
1.88435625000E+06	7.784339E-03	7.200326E+01
1.88622500000E+06	8.111469E-03	7.202154E+01
1.88809375000E+06	8.075799E-03	7.085474E+01
1.88996250000E+06	8.151378E-03	7.240020E+01
1.89183125000E+06	8.154692E-03	7.287952E+01
1.89370000000E+06	7.958239E-03	7.120155E+01
1.89556875000E+06	8.237232E-03	7.174537E+01
1.89743750000E+06	8.051545E-03	6.942187E+01
1.89930625000E+06	8.084474E-03	7.043732E+01
1.90117500000E+06	8.278147E-03	7.369768E+01
1.90304375000E+06	8.063866E-03	7.138026E+01
1.90491250000E+06	8.242671E-03	7.048602E+01
1.90678125000E+06	8.108759E-03	7.078951E+01
1.90865000000E+06	8.216265E-03	7.120289E+01
1.91051875000E+06	8.078844E-03	7.179494E+01
1.91238750000E+06	8.077790E-03	7.122746E+01
1.91425625000E+06	8.252787E-03	7.253745E+01
1.91612500000E+06	8.236919E-03	7.179186E+01
1.91799375000E+06	8.455331E-03	7.215139E+01
1.91986250000E+06	8.229778E-03	7.003625E+01
1.92173125000E+06	8.181155E-03	7.182230E+01
1.92360000000E+06	8.187015E-03	7.086462E+01
1.92546875000E+06	8.256636E-03	7.099148E+01
1.92733750000E+06	8.428915E-03	7.075420E+01
1.92920625000E+06	8.287838E-03	7.195548E+01
1.93107500000E+06	8.063587E-03	7.053072E+01
1.93294375000E+06	8.392302E-03	7.026909E+01
1.93481250000E+06	8.248408E-03	7.098524E+01
1.93668125000E+06	8.382373E-03	7.037934E+01
1.93855000000E+06	8.505327E-03	7.080417E+01
1.94041875000E+06	8.327957E-03	6.964235E+01
1.94228750000E+06	8.309951E-03	7.102882E+01
1.94415625000E+06	8.241823E-03	7.128361E+01
1.94602500000E+06	8.401045E-03	7.176166E+01
1.94789375000E+06	8.308505E-03	7.094402E+01
1.94976250000E+06	8.301570E-03	7.006049E+01
1.95163125000E+06	8.481162E-03	7.034322E+01
1.95350000000E+06	8.256954E-03	7.059937E+01
1.95536875000E+06	8.278183E-03	7.031066E+01
1.95723750000E+06	8.317933E-03	7.238158E+01
1.95910625000E+06	8.314599E-03	7.161869E+01
1.96097500000E+06	8.460963E-03	7.005532E+01
1.96284375000E+06	8.382638E-03	6.990919E+01
1.96471250000E+06	8.326164E-03	7.095348E+01
1.96658125000E+06	8.460039E-03	6.923156E+01
1.96845000000E+06	8.470427E-03	7.076369E+01
1.97031875000E+06	8.437677E-03	7.039270E+01
1.97218750000E+06	8.506967E-03	7.118105E+01
1.97405625000E+06	8.371011E-03	7.113916E+01
1.97592500000E+06	8.582928E-03	7.057330E+01
1.97779375000E+06	8.682309E-03	7.021929E+01
1.97966250000E+06	8.809761E-03	6.942702E+01
1.98153125000E+06	8.405921E-03	7.077059E+01
1.98340000000E+06	8.463752E-03	7.002101E+01
1.98526875000E+06	8.709691E-03	7.000339E+01
1.98713750000E+06	8.615050E-03	6.937581E+01
1.98900625000E+06	8.457607E-03	6.949984E+01
1.99087500000E+06	8.730096E-03	6.991277E+01
1.99274375000E+06	8.535338E-03	7.208309E+01
1.99461250000E+06	8.655925E-03	7.174096E+01
1.99648125000E+06	8.744910E-03	7.008788E+01
1.99835000000E+06	8.680098E-03	6.958550E+01
2.00021875000E+06	8.651057E-03	7.085392E+01
2.00208750000E+06	8.939233E-03	7.054004E+01
2.00395625000E+06	8.336886E-03	7.118373E+01
2.00582500000E+06	8.528150E-03	6.986559E+01
2.00769375000E+06	8.775228E-03	6.931812E+01
2.00956250000E+06	8.325339E-03	7.063845E+01
2.01143125000E+06	8.715617E-03	7.075944E+01
2.01330000000E+06	8.280511E-03	6.797464E+01
2.01516875000E+06	8.537495E-03	7.043842E+01
2.01703750000E+06	8.241366E-03	7.018357E+01
2.01890625000E+06	8.761166E-03	6.867320E+01
2.02077500000E+06	8.581324E-03	7.051516E+01
2.02264375000E+06	9.062902E-03	7.114114E+01
2.02451250000E+06	8.430449E-03	7.029017E+01
2.02638125000E+06	8.551917E-03	7.082851E+01
2.02825000000E+06	8.865315E-03	7.258116E+01
2.03011875000E+06	8.725434E-03	6.934049E+01
2.03198750000E+06	8.689443E-03	6.913093E+01
2.03385625000E+06	8.788806E-03	6.886192E+01
2.03572500000E+06	8.664225E-03	7.133372E+01
2.03759375000E+06	8.790583E-03	7.053122E+01
2.03946250000E+06	8.600459E-03	7.147993E+01
2.04133125000E+06	9.056712E-03	7.039003E+01
2.04320000000E+06	8.786890E-03	7.155836E+01
2.04506875000E+06	8.683993E-03	6.881166E+01
2.04693750000E+06	8.950080E-03	6.840067E+01
2.04880625000E+06	8.664384E-03	7.064342E+01
2.05067500000E+06	8.886114E-03	6.959811E+01
2.05254375000E+06	9.205073E-03	6.946926E+01
2.05441250000E+06	8.661021E-03	6.980976E+01
2.05628125000E+06	8.856163E-03	7.074105E+01
2.05815000000E+06	8.796061E-03	6.980270E+01
2.06001875000E+06	8.969813E-03	6.976278E+01
2.06188750000E+06	8.717276E-03	6.829001E+01
2.06375625000E+06	8.757083E-03	6.947273E+01
2.06562500000E+06	8.865063E-03	6.914545E+01
2.06749375000E+06	8.900965E-03	6.951775E+01
2.06936250000E+06	8.863581E-03	6.903984E+01
2.07123125000E+06	8.878331E-03	6.854541E+01
2.07310000000E+06	8.851256E-03	7.005114E+01
2.07496875000E+06	9.132506E-03	7.074803E+01
2.07683750000E+06	9.135585E-03	6.976022E+01
2.07870625000E+06	8.980117E-03	7.045687E+01
2.08057500000E+06	8.963346E-03	6.935777E+01
2.08244375000E+06	9.023136E-03	6.948981E+01
2.08431250000E+06	8.971335E-03	6.813734E+01
2.08618125000E+06	8.868408E-03	6.946513E+01
2.08805000000E+06	8.813013E-03	6.934853E+01
2.08991875000E+06	8.836201E-03	6.908340E+01
2.09178750000E+06	9.207519E-03	6.987268E+01
2.09365625000E+06	8.973558E-03	6.923520E+01
2.09552500000E+06	9.201130E-03	6.854067E+01
2.09739375000E+06	8.868474E-03	7.028887E+01
2.09926250000E+06	9.089022E-03	6.819568E+01
2.10113125000E+06	9.150156E-03	6.931930E+01
2.10300000000E+06	9.101573E-03	6.909893E+01
2.10486875000E+06	9.068802E-03	6.894624E+01
2.10673750000E+06	8.941243E-03	6.833467E+01
2.10860625000E+06	9.234629E-03	6.956891E+01
2.11047500000E+06	9.234856E-03	6.998112E+01
2.11234375000E+06	9.136351E-03	6.890400E+01
2.11421250000E+06	9.074107E-03	6.753839E+01
2.11608125000E+06	9.084665E-03	6.875074E+01
2.11795000000E+06	9.225514E-03	6.863266E+01
2.11981875000E+06	9.363401E-03	6.820276E+01
2.12168750000E+06	9.181752E-03	6.835253E+01
2.12355625000E+06	9.247362E-03	6.943005E+01
2.12542500000E+06	9.160239E-03	6.869864E+01
2.12729375000E+06	9.190273E-03	6.918994E+01
2.12916250000E+06	9.127084E-03	6.957850E+01
2.13103125000E+06	9.246376E-03	6.834757E+01
2.13290000000E+06	9.054671E-03	6.846520E+01
2.13476875000E+06	9.175215E-03	6.871351E+01
2.13663750000E+06	9.142153E-03	6.871062E+01
2.13850625000E+06	9.205035E-03	6.843515E+01
2.14037500000E+06	9.193253E-03	6.785464E+01
2.14224375000E+06	9.373015E-03	6.846029E+01
2.14411250000E+06	9.366349E-03	6.823780E+01
2.14598125000E+06	9.316313E-03	6.820927E+01
2.14785000000E+06	9.420742E-03	6.832489E+01
2.14971875000E+06	9.344068E-03	6.813846E+01
2.15158750000E+06	9.343343E-03	6.774905E+01
2.15345625000E+06	9.396751E-03	6.803067E+01
2.15532500000E+06	9.341205E-03	6.872232E+01
2.15719375000E+06	9.273791E-03	6.860806E+01
2.15906250000E+06	9.309498E-03	6.887416E+01
2.16093125000E+06	9.382034E-03	6.836327E+01
2.16280000000E+06	9.177102E-03	6.886284E+01
2.16466875000E+06	9.451252E-03	6.868494E+01
2.16653750000E+06	9.367059E-03	6.825751E+01
2.16840625000E+06	9.451447E-03	6.827203E+01
2.17027500000E+06	9.441941E-03	6.805080E+01
2.17214375000E+06	9.562506E-03	6.668957E+01
2.17401250000E+06	9.433232E-03	6.703650E+01
2.17588125000E+06	9.518363E-03	6.831995E+01
2.17775000000E+06	9.286060E-03	6.816644E+01
2.17961875000E+06	9.661222E-03	6.747789E+01
2.18148750000E+06	9.458901E-03	6.682246E+01
2.18335625000E+06	9.633852E-03	6.625193E+01
2.18522500000E+06	9.500662E-03	6.888813E+01
2.18709375000E+06	9.434626E-03	6.725654E+01
2.18896250000E+06	9.377667E-03	6.811556E+01
2.19083125000E+06	9.549750E-03	6.689384E+01
2.19270000000E+06	9.513712E-03	6.711270E+01
2.19456875000E+06	9.656479E-03	6.843993E+01
2.19643750000E+06	9.557584E-03	6.782646E+01
2.19830625000E+06	9.379573E-03	6.508489E+01
2.20017500000E+06	9.197691E-03	6.695825E+01
2.20204375000E+06	9.574757E-03	6.890183E+01
2.20391250000E+06	9.533027E-03	6.798163E+01
2.20578125000E+06	9.418005E-03	6.686150E+01
2.20765000000E+06	9.405911E-03	6.931370E+01
2.20951875000E+06	9.798347E-03	6.893906E+01
2.21138750000E+06	9.763763E-03	6.633996E+01
2.21325625000E+06	9.401383E-03	6.706707E+01
2.21512500000E+06	9.786721E-03	6.713963E+01
2.21699375000E+06	1.035309E-02	6.653997E+01
2.21886250000E+06	9.547262E-03	6.809259E+01
2.22073125000E+06	9.618241E-03	6.560991E+01
2.22260000000E+06	9.688635E-03	6.643143E+01
2.22446875000E+06	9.974493E-03	6.601523E+01
2.22633750000E+06	9.702771E-03	6.465562E+01
2.22820625000E+06	9.699089E-03	6.727183E+01
2.23007500000E+06	9.498638E-03	6.632140E+01
2.23194375000E+06	9.995707E-03	6.627199E+01
2.23381250000E+06	9.608817E-03	6.710536E+01
2.23568125000E+06	9.501549E-03	6.464778E+01
2.23755000000E+06	9.564243E-03	6.730049E+01
2.23941875000E+06	9.421906E-03	6.525594E+01
2.24128750000E+06	9.687577E-03	6.734163E+01
2.24315625000E+06	9.716865E-03	6.684188E+01
2.24502500000E+06	9.792749E-03	6.771239E+01
2.24689375000E+06	9.565082E-03	6.472084E+01
2.24876250000E+06	9.667578E-03	6.534254E+01
2.25063125000E+06	9.492490E-03	6.556060E+01
2.25250000000E+06	9.745952E-03	6.687303E+01
2.25436875000E+06	9.840153E-03	6.678216E+01
2.25623750000E+06	9.758356E-03	6.762348E+01
2.25810625000E+06	9.809718E-03	6.540466E+01
2.25997500000E+06	9.835297E-03	6.698425E+01
2.26184375000E+06	1.001267E-02	6.786549E+01
2.26371250000E+06	1.006003E-02	6.616127E+01
2.26558125000E+06	9.841288E-03	6.482311E+01
2.26745000000E+06	1.015108E-02	6.553230E+01
2.26931875000E+06	9.791507E-03	6.535763E+01
2.27118750000E+06	9.863980E-03	6.691293E+01
2.27305625000E+06	9.901853E-03	6.551386E+01
2.27492500000E+06	9.769345E-03	6.480338E+01
2.27679375000E+06	9.751308E-03	6.591122E+01
2.27866250000E+06	9.698500E-03	6.424054E+01
2.28053125000E+06	9.950411E-03	6.492413E+01
2.28240000000E+06	1.000283E-02	6.454099E+01
2.28426875000E+06	9.939745E-03	6.638139E+01
2.28613750000E+06	9.889247E-03	6.663000E+01
2.28800625000E+06	9.823787E-03	6.593407E+01
2.28987500000E+06	9.938537E-03	6.554313E+01
2.29174375000E+06	9.877709E-03	6.513260E+01
2.29361250000E+06	9.946302E-03	6.634701E+01
2.29548125000E+06	9.898671E-03	6.515711E+01
2.29735000000E+06	9.876356E-03	6.412892E+01
2.29921875000E+06	1.005488E-02	6.523855E+01
2.30108750000E+06	1.010491E-02	6.500930E+01
2.30295625000E+06	9.887743E-03	6.439804E+01
2.30482500000E+06	1.000463E-02	6.504782E+01
2.30669375000E+06	1.005388E-02	6.413683E+01
2.30856250000E+06	1.015500E-02	6.440196E+01
2.31043125000E+06	1.000450E-02	6.565481E+01
2.31230000000E+06	1.002063E-02	6.500306E+01
2.31416875000E+06	1.003491E-02	6.429420E+01
2.31603750000E+06	9.846903E-03	6.549772E+01
2.31790625000E+06	9.954325E-03	6.487057E+01
2.31977500000E+06	1.001425E-02	6.583199E+01
2.32164375000E+06	1.001613E-02	6.493022E+01
2.32351250000E+06	1.010383E-02	6.568864E+01
2.32538125000E+06	1.007279E-02	6.341449E+01
2.32725000000E+06	9.865705E-03	6.507002E+01
2.32911875000E+06	1.004061E-02	6.466052E+01
2.33098750000E+06	9.974494E-03	6.369973E+01
2.33285625000E+06	1.022087E-02	6.393373E+01
2.33472500000E+06	1.006587E-02	6.465684E+01
2.33659375000E+06	9.898793E-03	6.468029E+01
2.33846250000E+06	9.983867E-03	6.427666E+01
2.34033125000E+06	9.922866E-03	6.351541E+01
2.34220000000E+06	9.969035E-03	6.394582E+01
2.34406875000E+06	1.015949E-02	6.474739E+01
2.34593750000E+06	1.015167E-02	6.472079E+01
2.34780625000E+06	1.008429E-02	6.454891E+01
2.34967500000E+06	9.990067E-03	6.394146E+01
2.35154375000E+06	1.004243E-02	6.537173E+01
2.35341250000E+06	1.005730E-02	6.519599E+01
2.35528125000E+06	1.003923E-02	6.486886E+01
2.35715000000E+06	9.996631E-03	6.479677E+01
2.35901875000E+06	1.006001E-02	6.383791E+01
2.36088750000E+06	1.010294E-02	6.459362E+01
2.36275625000E+06	1.011447E-02	6.435661E+01
2.36462500000E+06	9.979406E-03	6.354733E+01
2.36649375000E+06	1.006346E-02	6.445353E+01
2.36836250000E+06	1.008912E-02	6.388390E+01
2.37023125000E+06	1.008779E-02	6.489410E+01
2.37210000000E+06	1.008400E-02	6.441144E+01
2.37396875000E+06	1.016815E-02	6.456207E+01
2.37583750000E+06	1.005763E-02	6.374743E+01
2.37770625000E+06	1.021289E-02	6.397023E+01
2.37957500000E+06	1.013184E-02	6.401792E+01
2.38144375000E+06	1.009307E-02	6.372496E+01
2.38331250000E+06	1.016019E-02	6.271305E+01
2.38518125000E+06	1.020162E-02	6.367509E+01
2.38705000000E+06	1.012718E-02	6.367179E+01
2.38891875000E+06	1.016628E-02	6.338342E+01
2.39078750000E+06	1.018343E-02	6.323287E+01
2.39265625000E+06	1.027632E-02	6.329853E+01
2.39452500000E+06	1.015177E-02	6.329451E+01
2.39639375000E+06	1.022537E-02	6.372962E+01
2.39826250000E+06	1.030895E-02	6.383627E+01
2.40013125000E+06	1.027652E-02	6.304515E+01
2.40200000000E+06	1.012429E-02	6.390582E+01
2.40386875000E+06	1.017658E-02	6.329288E+01
2.40573750000E+06	1.018263E-02	6.389056E+01
2.40760625000E+06	1.031961E-02	6.315336E+01
2.40947500000E+06	1.012988E-02	6.378682E+01
2.41134375000E+06	1.031539E-02	6.345644E+01
2.41321250000E+06	1.022758E-02	6.335885E+01
2.41508125000E+06	1.018591E-02	6.469865E+01
2.41695000000E+06	1.029763E-02	6.318995E+01
2.41881875000E+06	1.015761E-02	6.337510E+01
2.42068750000E+06	1.026629E-02	6.366085E+01
2.42255625000E+06	1.030872E-02	6.318859E+01
2.42442500000E+06	1.011028E-02	6.366999E+01
2.42629375000E+06	1.035974E-02	6.286715E+01
2.42816250000E+06	1.042470E-02	6.206729E+01
2.43003125000E+06	1.045921E-02	6.327211E+01
2.43190000000E+06	1.040963E-02	6.312235E+01
2.43376875000E+06	1.038156E-02	6.355499E+01
2.43563750000E+06	1.028148E-02	6.521410E+01
2.43750625000E+06	1.008791E-02	6.267969E+01
2.43937500000E+06	1.041800E-02	6.275272E+01
2.44124375000E+06	1.008300E-02	6.391548E+01
2.44311250000E+06	1.022707E-02	6.523567E+01
2.44498125000E+06	1.039836E-02	6.300360E+01
2.44685000000E+06	1.043653E-02	6.357958E+01
2.44871875000E+06	1.053178E-02	6.234292E+01
2.45058750000E+06	1.057336E-02	6.277780E+01
2.45245625000E+06	1.056488E-02	6.106803E+01
2.45432500000E+06	1.013126E-02	6.421474E+01
2.45619375000E+06	1.018461E-02	6.387046E+01
2.45806250000E+06	1.065966E-02	6.201319E+01
2.45993125000E+06	1.018798E-02	6.409303E+01
2.46180000000E+06	1.015035E-02	6.625434E+01
2.46366875000E+06	1.029537E-02	6.377979E+01
2.46553750000E+06	1.006164E-02	6.490895E+01
2.46740625000E+06	1.009066E-02	6.179668E+01
2.46927500000E+06	1.055415E-02	6.211450E+01
2.47114375000E+06	1.004410E-02	6.373628E+01
2.47301250000E+06	1.018987E-02	6.351611E+01
2.47488125000E+06	1.051044E-02	6.209419E+01
2.47675000000E+06	1.045704E-02	6.375457E+01
2.47861875000E+06	1.014090E-02	6.307528E+01
2.48048750000E+06	1.018047E-02	6.348552E+01
2.48235625000E+06	1.063198E-02	6.245473E+01
2.48422500000E+06	1.057458E-02	6.298570E+01
2.48609375000E+06	1.062464E-02	6.234625E+01
2.48796250000E+06	1.043115E-02	6.366221E+01
2.48983125000E+06	1.037596E-02	6.416126E+01
2.49170000000E+06	1.015453E-02	6.182544E+01
2.49356875000E+06	1.061249E-02	6.124530E+01
2.49543750000E+06	1.048840E-02	6.341199E+01
2.49730625000E+06	1.035200E-02	6.299285E+01
2.49917500000E+06	1.034930E-02	6.386388E+01
2.50104375000E+06	1.042176E-02	6.122402E+01
2.50291250000E+06	1.041223E-02	6.483685E+01
2.50478125000E+06	1.026250E-02	6.164471E+01
2.50665000000E+06	1.055100E-02	6.158325E+01
2.50851875000E+06	1.044859E-02	6.231155E+01
2.51038750000E+06	1.055638E-02	6.190421E+01
2.51225625000E+06	1.044496E-02	6.134409E+01
2.51412500000E+06	1.045557E-02	6.405031E+01
2.51599375000E+06	1.039720E-02	6.267115E+01
2.51786250000E+06	1.046157E-02	6.234101E+01
2.51973125000E+06	1.020911E-02	6.194211E+01
2.52160000000E+06	1.049796E-02	6.230574E+01
2.52346875000E+06	1.050695E-02	6.144889E+01
2.52533750000E+06	1.079271E-02	6.302523E+01
2.52720625000E+06	1.048503E-02	6.118245E+01
2.52907500000E+06	1.031913E-02	6.245351E+01
2.53094375000E+06	1.055713E-02	6.254179E+01
2.53281250000E+06	1.055590E-02	6.238137E+01
2.53468125000E+06	1.053425E-02	6.235558E+01
2.53655000000E+06	1.060896E-02	6.181623E+01
2.53841875000E+06	1.027195E-02	6.166645E+01
2.54028750000E+06	1.059449E-02	6.271330E+01
2.54215625000E+06	1.045416E-02	6.309174E+01
2.54402500000E+06	1.056513E-02	6.145215E+01
2.54589375000E+06	1.059580E-02	6.304602E+01
2.54776250000E+06	1.046217E-02	6.197378E+01
2.54963125000E+06	1.051045E-02	6.131860E+01
2.55150000000E+06	1.068363E-02	6.133955E+01
2.55336875000E+06	1.036229E-02	6.159135E+01
2.55523750000E+06	1.040954E-02	6.271680E+01
2.55710625000E+06	1.048331E-02	6.150462E+01
2.55897500000E+06	1.072929E-02	6.285577E+01
2.56084375000E+06	1.071005E-02	6.235896E+01
2.56271250000E+06	1.060491E-02	6.284710E+01
2.56458125000E+06	1.068244E-02	6.168120E+01
2.56645000000E+06	1.064426E-02	6.250574E+01
2.56831875000E+06	1.080224E-02	6.216742E+01
2.57018750000E+06	1.067268E-02	6.142599E+01
2.57205625000E+06	1.069275E-02	6.115331E+01
2.57392500000E+06	1.052261E-02	6.190101E+01
2.57579375000E+06	1.082053E-02	6.355096E+01
2.57766250000E+06	1.064267E-02	6.209792E+01
2.57953125000E+06	1.075815E-02	6.260167E+01
2.58140000000E+06	1.086555E-02	6.152822E+01
2.58326875000E+06	1.063167E-02	6.237058E+01
2.58513750000E+06	1.073615E-02	6.034772E+01
2.58700625000E+06	1.054154E-02	6.270528E+01
2.58887500000E+06	1.075868E-02	6.180770E+01
2.59074375000E+06	1.082137E-02	6.180684E+01
2.59261250000E+06	1.065994E-02	6.232862E+01
2.59448125000E+06	1.059160E-02	6.162178E+01
2.59635000000E+06	1.074133E-02	6.199426E+01
2.59821875000E+06	1.079919E-02	6.150179E+01
2.60008750000E+06	1.071826E-02	6.143003E+01
2.60195625000E+06	1.064458E-02	6.148000E+01
2.60382500000E+06	1.088437E-02	6.246811E+01
2.60569375000E+06	1.071607E-02	6.130672E+01
2.60756250000E+06	1.083136E-02	6.163395E+01
2.60943125000E+06	1.070653E-02	6.190142E+01
2.61130000000E+06	1.075353E-02	6.155444E+01
2.61316875000E+06	1.082784E-02	6.160123E+01
2.61503750000E+06	1.077645E-02	6.126551E+01
2.61690625000E+06	1.079714E-02	6.128738E+01
2.61877500000E+06	1.085308E-02	6.168701E+01
2.62064375000E+06	1.068314E-02	6.198121E+01
2.62251250000E+06	1.086655E-02	6.204485E+01
2.62438125000E+06	1.080752E-02	6.155298E+01
2.62625000000E+06	1.075487E-02	6.179972E+01
2.62811875000E+06	1.084743E-02	6.184996E+01
2.62998750000E+06	1.096685E-02	6.155931E+01
2.63185625000E+06	1.075414E-02	6.151747E+01
2.63372500000E+06	1.083990E-02	6.204823E+01
2.63559375000E+06	1.080758E-02	6.220023E+01
2.63746250000E+06	1.093081E-02	6.148741E+01
2.63933125000E+06	1.083197E-02	6.144649E+01
2.64120000000E+06	1.085554E-02	6.176034E+01
2.64306875000E+06	1.087950E-02	6.118869E+01
2.64493750000E+06	1.095012E-02	6.151439E+01
2.64680625000E+06	1.091766E-02	6.126249E+01
2.64867500000E+06	1.091550E-02	6.158613E+01
2.65054375000E+06	1.089562E-02	6.176324E+01
2.65241250000E+06	1.086559E-02	6.184534E+01
2.65428125000E+06	1.086881E-02	6.128704E+01
2.65615000000E+06	1.094999E-02	6.086264E+01
2.65801875000E+06	1.097224E-02	6.120365E+01
2.65988750000E+06	1.083338E-02	6.080470E+01
2.66175625000E+06	1.093083E-02	6.097702E+01
2.66362500000E+06	1.091432E-02	6.179064E+01
2.66549375000E+06	1.081431E-02	6.099813E+01
2.66736250000E+06	1.100777E-02	6.137152E+01
2.66923125000E+06	1.096405E-02	6.150337E+01
2.67110000000E+06	1.087654E-02	6.124583E+01
2.67296875000E+06	1.101672E-02	6.175705E+01
2.67483750000E+06	1.092380E-02	6.130618E+01
2.67670625000E+06	1.102980E-02	6.055712E+01
2.67857500000E+06	1.106277E-02	6.123696E+01
2.68044375000E+06	1.083957E-02	6.048013E+01
2.68231250000E+06	1.103537E-02	6.090281E+01
2.68418125000E+06	1.093806E-02	6.123560E+01
2.68605000000E+06	1.093071E-02	6.130148E+01
2.68791875000E+06	1.101472E-02	6.122817E+01
2.68978750000E+06	1.111948E-02	6.117278E+01
2.69165625000E+06	1.106317E-02	6.080842E+01
2.69352500000E+06	1.095833E-02	6.066978E+01
2.69539375000E+06	1.096426E-02	6.039892E+01
2.69726250000E+06	1.100439E-02	6.120433E+01
2.69913125000E+06	1.109819E-02	6.129271E+01
2.70100000000E+06	1.114625E-02	6.102547E+01
2.70286875000E+06	1.105274E-02	6.125850E+01
2.70473750000E+06	1.116552E-02	6.114938E+01
2.70660625000E+06	1.116991E-02	6.061262E+01
2.70847500000E+06	1.105246E-02	6.080812E+01
2.71034375000E+06	1.101889E-02	6.092226E+01
2.71221250000E+06	1.109879E-02	6.030168E+01
2.71408125000E+06	1.099249E-02	6.134960E+01
2.71595000000E+06	1.099958E-02	6.082182E+01
2.71781875000E+06	1.114452E-02	6.158608E+01
2.71968750000E+06	1.119852E-02	6.025380E+01
2.72155625000E+06	1.131063E-02	6.014693E+01
2.72342500000E+06	1.124607E-02	6.141716E+01
2.72529375000E+06	1.084708E-02	6.026321E+01
2.72716250000E+06	1.131348E-02	6.051840E+01
2.72903125000E+06	1.113714E-02	6.009241E+01
2.73090000000E+06	1.144049E-02	6.104426E+01
2.73276875000E+06	1.141535E-02	6.118862E+01
2.73463750000E+06	1.134460E-02	6.049421E+01
2.73650625000E+06	1.108672E-02	5.947535E+01
2.73837500000E+06	1.123152E-02	6.019046E+01
2.74024375000E+06	1.123188E-02	6.006082E+01
2.74211250000E+06	1.120830E-02	5.952607E+01
2.74398125000E+06	1.117346E-02	5.972873E+01
2.74585000000E+06	1.119752E-02	6.162854E+01
2.74771875000E+06	1.091755E-02	6.021995E+01
2.74958750000E+06	1.144654E-02	6.026913E+01
2.75145625000E+06	1.114882E-02	6.123069E+01
2.75332500000E+06	1.106047E-02	5.915793E+01
2.75519375000E+06	1.112979E-02	5.897422E+01
2.75706250000E+06	1.102166E-02	6.110968E+01
2.75893125000E+06	1.090933E-02	5.969482E+01
2.76080000000E+06	1.131842E-02	5.946622E+01
2.76266875000E+06	1.126099E-02	6.025383E+01
2.76453750000E+06	1.125916E-02	6.112361E+01
2.76640625000E+06	1.102570E-02	6.050978E+01
2.76827500000E+06	1.094446E-02	6.039869E+01
2.77014375000E+06	1.158712E-02	5.989087E+01
2.77201250000E+06	1.088020E-02	6.099887E+01
2.77388125000E+06	1.179476E-02	6.179619E+01
2.77575000000E+06	1.050936E-02	6.237795E+01
2.77761875000E+06	1.109597E-02	6.084479E+01
2.77948750000E+06	1.117511E-02	6.004422E+01
2.78135625000E+06	1.152467E-02	5.971183E+01
2.78322500000E+06	1.168827E-02	5.910187E+01
2.78509375000E+06	1.157756E-02	5.852174E+01
2.78696250000E+06	1.094032E-02	6.039045E+01
2.78883125000E+06	1.149058E-02	6.059511E+01
2.79070000000E+06	1.165325E-02	5.758686E+01
2.79256875000E+06	1.150494E-02	5.856900E+01
2.79443750000E+06	1.149581E-02	6.198155E+01
2.79630625000E+06	1.107090E-02	5.890579E+01
2.79817500000E+06	1.125732E-02	5.910165E+01
2.80004375000E+06	1.151816E-02	6.014927E+01
2.80191250000E+06	1.116328E-02	5.949644E+01
2.80378125000E+06	1.170224E-02	6.082843E+01
2.80565000000E+06	1.164817E-02	5.987811E+01
2.80751875000E+06	1.141904E-02	5.940984E+01
2.80938750000E+06	1.138522E-02	5.903468E+01
2.81125625000E+06	1.179739E-02	5.930290E+01
2.81312500000E+06	1.157700E-02	5.973770E+01
2.81499375000E+06	1.106813E-02	5.818521E+01
2.81686250000E+06	1.138585E-02	5.925482E+01
2.81873125000E+06	1.142659E-02	5.967507E+01
2.82060000000E+06	1.157128E-02	5.977667E+01
2.82246875000E+06	1.138502E-02	6.013469E+01
2.82433750000E+06	1.138766E-02	5.876537E+01
2.82620625000E+06	1.162016E-02	5.929364E+01
2.82807500000E+06	1.151645E-02	6.006528E+01
2.82994375000E+06	1.129753E-02	5.978952E+01
2.83181250000E+06	1.166218E-02	5.792740E+01
2.83368125000E+06	1.149697E-02	6.140617E+01
2.83555000000E+06	1.149497E-02	5.908710E+01
2.83741875000E+06	1.126796E-02	5.768437E+01
2.83928750000E+06	1.175281E-02	5.865379E+01
2.84115625000E+06	1.167179E-02	5.882646E+01
2.84302500000E+06	1.172896E-02	5.911303E+01
2.84489375000E+06	1.148911E-02	5.982825E+01
2.84676250000E+06	1.138748E-02	5.936401E+01
2.84863125000E+06	1.163978E-02	5.890119E+01
2.85050000000E+06	1.161760E-02	5.942660E+01
2.85236875000E+06	1.132578E-02	5.908564E+01
2.85423750000E+06	1.159201E-02	5.766150E+01
2.85610625000E+06	1.163099E-02	5.977737E+01
2.85797500000E+06	1.169753E-02	5.946475E+01
2.85984375000E+06	1.179657E-02	5.985105E+01
2.86171250000E+06	1.167211E-02	5.926429E+01
2.86358125000E+06	1.171805E-02	5.850813E+01
2.86545000000E+06	1.159876E-02	5.903319E+01
2.86731875000E+06	1.162418E-02	5.844525E+01
2.86918750000E+06	1.173668E-02	5.839189E+01
2.87105625000E+06	1.144432E-02	5.977269E+01
2.87292500000E+06	1.184837E-02	5.882463E+01
2.87479375000E+06	1.158744E-02	5.953351E+01
2.87666250000E+06	1.178750E-02	5.809184E+01
2.87853125000E+06	1.182252E-02	5.864649E+01
2.88040000000E+06	1.185106E-02	5.869647E+01
2.88226875000E+06	1.167100E-02	5.818217E+01
2.88413750000E+06	1.159145E-02	5.919929E+01
2.88600625000E+06	1.179441E-02	5.886131E+01
2.88787500000E+06	1.182767E-02	5.925556E+01
2.88974375000E+06	1.177361E-02	5.836652E+01
2.89161250000E+06	1.155578E-02	5.925572E+01
2.89348125000E+06	1.168690E-02	5.922018E+01
2.89535000000E+06	1.178555E-02	5.880044E+01
2.89721875000E+06	1.173002E-02	5.854627E+01
2.89908750000E+06	1.174889E-02	5.992731E+01
2.90095625000E+06	1.168606E-02	5.946333E+01
2.90282500000E+06	1.176183E-02	5.849937E+01
2.90469375000E+06	1.186719E-02	5.793739E+01
2.90656250000E+06	1.173924E-02	5.833423E+01
2.90843125000E+06	1.172221E-02	5.841519E+01
2.91030000000E+06	1.190128E-02	5.867803E+01
2.91216875000E+06	1.173303E-02	5.880141E+01
2.91403750000E+06	1.172014E-02	5.758210E+01
2.91590625000E+06	1.189394E-02	5.853727E+01
2.91777500000E+06	1.172102E-02	5.948079E+01
2.91964375000E+06	1.181357E-02	5.861629E+01
2.92151250000E+06	1.191093E-02	5.880944E+01
2.92338125000E+06	1.194952E-02	5.828797E+01
2.92525000000E+06	1.172006E-02	5.845228E+01
2.92711875000E+06	1.197864E-02	5.845105E+01
2.92898750000E+06	1.187376E-02	5.854976E+01
2.93085625000E+06	1.176256E-02	5.884877E+01
2.93272500000E+06	1.174690E-02	5.835977E+01
2.93459375000E+06	1.178416E-02	5.867306E+01
2.93646250000E+06	1.177584E-02	5.873649E+01
2.93833125000E+06	1.184383E-02	5.834615E+01
2.94020000000E+06	1.197241E-02	5.852517E+01
2.94206875000E+06	1.196455E-02	5.852451E+01
2.94393750000E+06	1.184942E-02	5.767106E+01
2.94580625000E+06	1.199167E-02	5.839248E+01
2.94767500000E+06	1.204818E-02	5.847237E+01
2.94954375000E+06	1.195954E-02	5.899919E+01
2.95141250000E+06	1.187523E-02	5.839596E+01
2.95328125000E+06	1.194417E-02	5.784640E+01
2.95515000000E+06	1.195999E-02	5.781163E+01
2.95701875000E+06	1.177114E-02	5.778399E+01
2.95888750000E+06	1.194693E-02	5.875658E+01
2.96075625000E+06	1.193249E-02	5.802818E+01
2.96262500000E+06	1.210017E-02	5.825919E+01
2.96449375000E+06	1.191369E-02	5.853772E+01
2.96636250000E+06	1.196446E-02	5.750401E+01
2.96823125000E+06	1.198328E-02	5.793121E+01
2.97010000000E+06	1.196587E-02	5.784014E+01
2.97196875000E+06	1.196621E-02	5.749955E+01
2.97383750000E+06	1.209867E-02	5.789367E+01
2.97570625000E+06	1.203027E-02	5.847446E+01
2.97757500000E+06	1.217338E-02	5.812037E+01
2.97944375000E+06	1.202030E-02	5.808725E+01
2.98131250000E+06	1.205657E-02	5.786554E+01
2.98318125000E+06	1.195511E-02	5.798113E+01
2.98505000000E+06	1.209333E-02	5.770917E+01
2.98691875000E+06	1.197846E-02	5.797778E+01
2.98878750000E+06	1.212247E-02	5.783902E+01
2.99065625000E+06	1.208871E-02	5.794562E+01
2.99252500000E+06	1.204491E-02	5.747043E+01
2.99439375000E+06	1.208416E-02	5.742465E+01
2.99626250000E+06	1.197965E-02	5.823669E+01
2.99813125000E+06	1.207047E-02	5.732475E+01
3.00000000000E+06	1.218120E-02	5.740995E+01
