"E5100A REV3.14"
"DATE: Jun 28 2004"



"CHANNEL: 2"
"MEASURE TYPE: AR"
"FORMAT TYPE: LINMP"
"NUMBER of POINTS: 1601"
"SWEEP TIME:  3.458 s"
"SWEEP TYPE: LINF"
"SOURCE POWER: 0 dBm"
"IF BANDWIDTH: 500 Hz"

"Frequency"	"Main Array"	"Sub Array"
1.00000000000E+04	6.107538E-03	4.739404E+01
1.18687500000E+04	7.080949E-02	-4.335587E+01
1.37375000000E+04	3.669436E-02	-1.598263E+01
1.56062500000E+04	3.552532E-02	-2.835073E+01
1.74750000000E+04	3.008573E-02	-3.202979E+01
1.93437500000E+04	3.433594E-02	-4.173042E+01
2.12125000000E+04	3.064848E-02	-2.381737E+01
2.30812500000E+04	3.128247E-02	-2.923649E+01
2.49500000000E+04	3.543798E-02	-3.563897E+01
2.68187500000E+04	3.809200E-02	-3.447428E+01
2.86875000000E+04	3.414651E-02	-3.497484E+01
3.05562500000E+04	3.377926E-02	-3.707281E+01
3.24250000000E+04	3.190362E-02	-4.133341E+01
3.42937500000E+04	3.357529E-02	-3.953956E+01
3.61625000000E+04	3.332287E-02	-4.440583E+01
3.80312500000E+04	3.133111E-02	-4.473361E+01
3.99000000000E+04	3.151458E-02	-4.784368E+01
4.17687500000E+04	3.110082E-02	-4.740076E+01
4.36375000000E+04	2.943357E-02	-4.437633E+01
4.55062500000E+04	2.977383E-02	-4.984752E+01
4.73750000000E+04	2.855193E-02	-5.073824E+01
4.92437500000E+04	2.691282E-02	-5.118202E+01
5.11125000000E+04	2.705867E-02	-5.063943E+01
5.29812500000E+04	2.517234E-02	-5.303880E+01
5.48500000000E+04	2.343128E-02	-5.468873E+01
5.67187500000E+04	2.287912E-02	-5.149897E+01
5.85875000000E+04	2.271819E-02	-5.285359E+01
6.04562500000E+04	2.147918E-02	-5.481966E+01
6.23250000000E+04	2.052426E-02	-4.903819E+01
6.41937500000E+04	2.056851E-02	-5.414151E+01
6.60625000000E+04	1.663095E-02	-4.858421E+01
6.79312500000E+04	1.889046E-02	-4.598840E+01
6.98000000000E+04	1.899893E-02	-4.707720E+01
7.16687500000E+04	1.852532E-02	-4.170994E+01
7.35375000000E+04	1.887319E-02	-4.105626E+01
7.54062500000E+04	1.975197E-02	-3.826360E+01
7.72750000000E+04	2.018028E-02	-3.653505E+01
7.91437500000E+04	2.165980E-02	-3.643805E+01
8.10125000000E+04	2.229205E-02	-4.014680E+01
8.28812500000E+04	2.284092E-02	-3.975670E+01
8.47500000000E+04	2.375238E-02	-4.083440E+01
8.66187500000E+04	2.441340E-02	-4.329911E+01
8.84875000000E+04	2.450207E-02	-4.446015E+01
9.03562500000E+04	2.385017E-02	-4.541203E+01
9.22250000000E+04	2.357537E-02	-4.674379E+01
9.40937500000E+04	2.347567E-02	-4.930415E+01
9.59625000000E+04	2.446381E-02	-4.943071E+01
9.78312500000E+04	2.394036E-02	-5.257457E+01
9.97000000000E+04	2.388141E-02	-5.394074E+01
1.01568750000E+05	2.366402E-02	-5.358522E+01
1.03437500000E+05	2.305542E-02	-5.429286E+01
1.05306250000E+05	2.268453E-02	-5.317586E+01
1.07175000000E+05	2.321975E-02	-5.684599E+01
1.09043750000E+05	2.271426E-02	-5.720331E+01
1.10912500000E+05	2.410848E-02	-4.614618E+01
1.12781250000E+05	2.235510E-02	-5.830194E+01
1.14650000000E+05	2.213140E-02	-5.921541E+01
1.16518750000E+05	2.187990E-02	-6.042802E+01
1.18387500000E+05	2.091681E-02	-6.028510E+01
1.20256250000E+05	2.104906E-02	-5.997620E+01
1.22125000000E+05	2.063389E-02	-6.143191E+01
1.23993750000E+05	2.088411E-02	-6.135594E+01
1.25862500000E+05	2.012025E-02	-6.227972E+01
1.27731250000E+05	2.014515E-02	-6.393232E+01
1.29600000000E+05	1.937223E-02	-6.095957E+01
1.31468750000E+05	1.930015E-02	-6.385098E+01
1.33337500000E+05	1.934303E-02	-5.997525E+01
1.35206250000E+05	1.913010E-02	-6.496646E+01
1.37075000000E+05	1.842458E-02	-6.444958E+01
1.38943750000E+05	1.792843E-02	-6.441829E+01
1.40812500000E+05	2.156560E-02	-6.651335E+01
1.42681250000E+05	1.947986E-02	-6.599788E+01
1.44550000000E+05	1.923124E-02	-6.635618E+01
1.46418750000E+05	1.847609E-02	-6.865953E+01
1.48287500000E+05	1.843030E-02	-6.823193E+01
1.50156250000E+05	1.790003E-02	-6.657554E+01
1.52025000000E+05	1.773538E-02	-6.749454E+01
1.53893750000E+05	1.759065E-02	-6.863723E+01
1.55762500000E+05	1.817203E-02	-6.803890E+01
1.57631250000E+05	1.698767E-02	-6.947434E+01
1.59500000000E+05	1.722899E-02	-6.748786E+01
1.61368750000E+05	1.756552E-02	-6.982508E+01
1.63237500000E+05	1.729751E-02	-6.952946E+01
1.65106250000E+05	1.718574E-02	-6.886700E+01
1.66975000000E+05	1.563169E-02	-7.769953E+01
1.68843750000E+05	1.642261E-02	-6.926693E+01
1.70712500000E+05	1.630710E-02	-6.977180E+01
1.72581250000E+05	1.656534E-02	-7.251300E+01
1.74450000000E+05	1.634089E-02	-7.037893E+01
1.76318750000E+05	1.618505E-02	-7.078986E+01
1.78187500000E+05	1.611536E-02	-7.110118E+01
1.80056250000E+05	1.591094E-02	-6.994489E+01
1.81925000000E+05	1.606832E-02	-7.278421E+01
1.83793750000E+05	1.565583E-02	-7.189565E+01
1.85662500000E+05	1.521151E-02	-7.349885E+01
1.87531250000E+05	1.549907E-02	-6.973513E+01
1.89400000000E+05	1.554772E-02	-7.122415E+01
1.91268750000E+05	1.568507E-02	-7.179636E+01
1.93137500000E+05	1.516489E-02	-7.225305E+01
1.95006250000E+05	1.536047E-02	-7.511979E+01
1.96875000000E+05	1.542771E-02	-7.207601E+01
1.98743750000E+05	1.529836E-02	-7.302641E+01
2.00612500000E+05	1.457571E-02	-7.219576E+01
2.02481250000E+05	1.457575E-02	-7.240868E+01
2.04350000000E+05	1.474985E-02	-7.223886E+01
2.06218750000E+05	1.428778E-02	-7.109881E+01
2.08087500000E+05	1.414735E-02	-7.296136E+01
2.09956250000E+05	1.431423E-02	-7.266605E+01
2.11825000000E+05	1.436214E-02	-7.379536E+01
2.13693750000E+05	1.449427E-02	-7.342473E+01
2.15562500000E+05	1.443238E-02	-7.512289E+01
2.17431250000E+05	1.466370E-02	-7.210983E+01
2.19300000000E+05	1.477510E-02	-7.219694E+01
2.21168750000E+05	1.474562E-02	-7.311882E+01
2.23037500000E+05	1.467580E-02	-7.369466E+01
2.24906250000E+05	1.432634E-02	-7.460783E+01
2.26775000000E+05	1.437158E-02	-7.254993E+01
2.28643750000E+05	1.402141E-02	-7.583255E+01
2.30512500000E+05	1.467528E-02	-7.343271E+01
2.32381250000E+05	1.447093E-02	-7.465221E+01
2.34250000000E+05	1.444883E-02	-7.421804E+01
2.36118750000E+05	1.471805E-02	-7.502904E+01
2.37987500000E+05	1.475737E-02	-7.441656E+01
2.39856250000E+05	1.512692E-02	-7.438602E+01
2.41725000000E+05	1.467126E-02	-7.678728E+01
2.43593750000E+05	1.466786E-02	-7.750175E+01
2.45462500000E+05	1.433183E-02	-7.730604E+01
2.47331250000E+05	1.450960E-02	-7.746082E+01
2.49200000000E+05	1.434662E-02	-7.878584E+01
2.51068750000E+05	1.477179E-02	-7.856343E+01
2.52937500000E+05	1.462054E-02	-7.888020E+01
2.54806250000E+05	1.468180E-02	-8.044312E+01
2.56675000000E+05	1.440864E-02	-8.243369E+01
2.58543750000E+05	1.450719E-02	-8.307936E+01
2.60412500000E+05	1.407686E-02	-8.003632E+01
2.62281250000E+05	1.394231E-02	-8.174281E+01
2.64150000000E+05	1.385933E-02	-8.206290E+01
2.66018750000E+05	1.386379E-02	-8.448227E+01
2.67887500000E+05	1.322161E-02	-8.307040E+01
2.69756250000E+05	1.323130E-02	-8.291946E+01
2.71625000000E+05	1.298370E-02	-8.289580E+01
2.73493750000E+05	1.343877E-02	-8.181717E+01
2.75362500000E+05	1.312891E-02	-8.296040E+01
2.77231250000E+05	1.258304E-02	-8.204726E+01
2.79100000000E+05	1.291567E-02	-8.318798E+01
2.80968750000E+05	1.284252E-02	-8.221237E+01
2.82837500000E+05	1.279122E-02	-8.580075E+01
2.84706250000E+05	1.263153E-02	-8.402111E+01
2.86575000000E+05	1.285540E-02	-8.263073E+01
2.88443750000E+05	1.267457E-02	-8.266758E+01
2.90312500000E+05	1.265746E-02	-8.257362E+01
2.92181250000E+05	1.213631E-02	-8.373205E+01
2.94050000000E+05	1.272243E-02	-8.362424E+01
2.95918750000E+05	1.251906E-02	-8.203446E+01
2.97787500000E+05	1.206806E-02	-8.470515E+01
2.99656250000E+05	1.193072E-02	-8.068927E+01
3.01525000000E+05	1.217000E-02	-8.377330E+01
3.03393750000E+05	1.228340E-02	-8.250701E+01
3.05262500000E+05	1.260459E-02	-8.204914E+01
3.07131250000E+05	1.220066E-02	-8.223640E+01
3.09000000000E+05	1.198047E-02	-8.365710E+01
3.10868750000E+05	1.218809E-02	-8.106091E+01
3.12737500000E+05	1.213367E-02	-8.315382E+01
3.14606250000E+05	1.177081E-02	-8.125600E+01
3.16475000000E+05	1.220807E-02	-8.022419E+01
3.18343750000E+05	1.187744E-02	-8.224539E+01
3.20212500000E+05	1.256448E-02	-8.207253E+01
3.22081250000E+05	1.166826E-02	-8.176723E+01
3.23950000000E+05	1.235314E-02	-8.232314E+01
3.25818750000E+05	1.193360E-02	-8.281036E+01
3.27687500000E+05	1.202858E-02	-8.409759E+01
3.29556250000E+05	1.220275E-02	-8.311881E+01
3.31425000000E+05	1.179036E-02	-8.174796E+01
3.33293750000E+05	1.218315E-02	-8.366096E+01
3.35162500000E+05	1.238515E-02	-8.196333E+01
3.37031250000E+05	1.200285E-02	-8.437237E+01
3.38900000000E+05	1.179672E-02	-8.433748E+01
3.40768750000E+05	1.173234E-02	-8.175883E+01
3.42637500000E+05	1.147529E-02	-8.449725E+01
3.44506250000E+05	1.221592E-02	-8.139366E+01
3.46375000000E+05	1.238550E-02	-8.227675E+01
3.48243750000E+05	1.184933E-02	-8.234750E+01
3.50112500000E+05	1.168511E-02	-8.160946E+01
3.51981250000E+05	1.187090E-02	-8.106483E+01
3.53850000000E+05	1.176788E-02	-8.191730E+01
3.55718750000E+05	1.228893E-02	-8.255997E+01
3.57587500000E+05	1.180539E-02	-8.156879E+01
3.59456250000E+05	1.193668E-02	-8.371397E+01
3.61325000000E+05	1.189916E-02	-8.078097E+01
3.63193750000E+05	1.129310E-02	-8.274429E+01
3.65062500000E+05	1.153511E-02	-8.179557E+01
3.66931250000E+05	1.193524E-02	-8.333664E+01
3.68800000000E+05	1.184442E-02	-8.431776E+01
3.70668750000E+05	1.179744E-02	-8.373811E+01
3.72537500000E+05	1.177818E-02	-8.517953E+01
3.74406250000E+05	1.145925E-02	-8.304913E+01
3.76275000000E+05	1.200644E-02	-8.292881E+01
3.78143750000E+05	1.191393E-02	-8.242631E+01
3.80012500000E+05	1.193150E-02	-8.273614E+01
3.81881250000E+05	1.187873E-02	-8.228745E+01
3.83750000000E+05	1.214370E-02	-8.223710E+01
3.85618750000E+05	1.197052E-02	-8.366547E+01
3.87487500000E+05	1.170307E-02	-8.221214E+01
3.89356250000E+05	1.177849E-02	-8.178316E+01
3.91225000000E+05	1.176830E-02	-8.205482E+01
3.93093750000E+05	1.202862E-02	-8.283026E+01
3.94962500000E+05	1.184412E-02	-8.358872E+01
3.96831250000E+05	1.189585E-02	-8.257901E+01
3.98700000000E+05	1.151176E-02	-8.432529E+01
4.00568750000E+05	1.195481E-02	-8.321222E+01
4.02437500000E+05	1.168622E-02	-8.246739E+01
4.04306250000E+05	1.161653E-02	-8.521002E+01
4.06175000000E+05	1.212444E-02	-8.336485E+01
4.08043750000E+05	1.160037E-02	-8.335242E+01
4.09912500000E+05	1.207549E-02	-8.382481E+01
4.11781250000E+05	1.163699E-02	-8.404458E+01
4.13650000000E+05	1.172267E-02	-8.550661E+01
4.15518750000E+05	1.205728E-02	-8.231990E+01
4.17387500000E+05	1.179561E-02	-8.167464E+01
4.19256250000E+05	1.163424E-02	-8.437283E+01
4.21125000000E+05	1.194365E-02	-8.408327E+01
4.22993750000E+05	1.195675E-02	-8.445198E+01
4.24862500000E+05	1.167892E-02	-8.474399E+01
4.26731250000E+05	1.201182E-02	-8.266888E+01
4.28600000000E+05	1.185425E-02	-8.476676E+01
4.30468750000E+05	1.164791E-02	-8.331963E+01
4.32337500000E+05	1.196815E-02	-8.429649E+01
4.34206250000E+05	1.182539E-02	-8.452000E+01
4.36075000000E+05	1.199334E-02	-8.300272E+01
4.37943750000E+05	1.200384E-02	-8.448435E+01
4.39812500000E+05	1.206633E-02	-8.236794E+01
4.41681250000E+05	1.233526E-02	-8.382664E+01
4.43550000000E+05	1.231370E-02	-8.353509E+01
4.45418750000E+05	1.184727E-02	-8.372255E+01
4.47287500000E+05	1.206644E-02	-8.414359E+01
4.49156250000E+05	1.232831E-02	-8.352473E+01
4.51025000000E+05	1.227525E-02	-8.398770E+01
4.52893750000E+05	1.196034E-02	-8.491790E+01
4.54762500000E+05	1.214199E-02	-8.396087E+01
4.56631250000E+05	1.205364E-02	-8.323685E+01
4.58500000000E+05	1.207829E-02	-8.391212E+01
4.60368750000E+05	1.208721E-02	-8.315995E+01
4.62237500000E+05	1.232647E-02	-8.299073E+01
4.64106250000E+05	1.238601E-02	-8.327233E+01
4.65975000000E+05	1.213779E-02	-8.367443E+01
4.67843750000E+05	1.215531E-02	-8.390334E+01
4.69712500000E+05	1.229004E-02	-8.302756E+01
4.71581250000E+05	1.211873E-02	-8.603177E+01
4.73450000000E+05	1.236590E-02	-8.374407E+01
4.75318750000E+05	1.236504E-02	-8.500820E+01
4.77187500000E+05	1.239786E-02	-8.383355E+01
4.79056250000E+05	1.232419E-02	-8.375077E+01
4.80925000000E+05	1.244755E-02	-8.325121E+01
4.82793750000E+05	1.236386E-02	-8.427166E+01
4.84662500000E+05	1.248594E-02	-8.375924E+01
4.86531250000E+05	1.244707E-02	-8.486752E+01
4.88400000000E+05	1.221996E-02	-8.407997E+01
4.90268750000E+05	1.240681E-02	-8.524327E+01
4.92137500000E+05	1.206492E-02	-8.513481E+01
4.94006250000E+05	1.232189E-02	-8.529879E+01
4.95875000000E+05	1.259171E-02	-8.430404E+01
4.97743750000E+05	1.210391E-02	-8.552146E+01
4.99612500000E+05	1.253045E-02	-8.299445E+01
5.01481250000E+05	1.255104E-02	-8.510629E+01
5.03350000000E+05	1.243810E-02	-8.507609E+01
5.05218750000E+05	1.248207E-02	-8.559989E+01
5.07087500000E+05	1.215185E-02	-8.536677E+01
5.08956250000E+05	1.253087E-02	-8.532547E+01
5.10825000000E+05	1.247481E-02	-8.511905E+01
5.12693750000E+05	1.255610E-02	-8.730355E+01
5.14562500000E+05	1.271208E-02	-8.643003E+01
5.16431250000E+05	1.247475E-02	-8.689423E+01
5.18300000000E+05	1.242709E-02	-8.738363E+01
5.20168750000E+05	1.259717E-02	-8.668862E+01
5.22037500000E+05	1.245906E-02	-8.615572E+01
5.23906250000E+05	1.235341E-02	-8.772189E+01
5.25775000000E+05	1.261612E-02	-8.708310E+01
5.27643750000E+05	1.264270E-02	-8.708356E+01
5.29512500000E+05	1.251318E-02	-8.769705E+01
5.31381250000E+05	1.246188E-02	-8.743906E+01
5.33250000000E+05	1.254641E-02	-8.663593E+01
5.35118750000E+05	1.260232E-02	-8.625226E+01
5.36987500000E+05	1.233903E-02	-8.672691E+01
5.38856250000E+05	1.238386E-02	-8.776609E+01
5.40725000000E+05	1.224229E-02	-8.626016E+01
5.42593750000E+05	1.255522E-02	-8.759341E+01
5.44462500000E+05	1.250709E-02	-8.787659E+01
5.46331250000E+05	1.244583E-02	-8.719495E+01
5.48200000000E+05	1.224264E-02	-8.705422E+01
5.50068750000E+05	1.252859E-02	-8.765694E+01
5.51937500000E+05	1.210782E-02	-8.637991E+01
5.53806250000E+05	1.253641E-02	-8.670303E+01
5.55675000000E+05	1.260146E-02	-8.775174E+01
5.57543750000E+05	1.247920E-02	-8.786057E+01
5.59412500000E+05	1.256519E-02	-8.636544E+01
5.61281250000E+05	1.247007E-02	-8.677552E+01
5.63150000000E+05	1.223708E-02	-8.723619E+01
5.65018750000E+05	1.269997E-02	-8.797465E+01
5.66887500000E+05	1.240776E-02	-8.655022E+01
5.68756250000E+05	1.255177E-02	-8.651481E+01
5.70625000000E+05	1.255499E-02	-8.734618E+01
5.72493750000E+05	1.227341E-02	-8.821903E+01
5.74362500000E+05	1.269077E-02	-8.733453E+01
5.76231250000E+05	1.249524E-02	-8.614291E+01
5.78100000000E+05	1.239830E-02	-8.736875E+01
5.79968750000E+05	1.252521E-02	-8.642091E+01
5.81837500000E+05	1.269823E-02	-8.562559E+01
5.83706250000E+05	1.267767E-02	-8.727132E+01
5.85575000000E+05	1.251539E-02	-8.675493E+01
5.87443750000E+05	1.231417E-02	-8.834441E+01
5.89312500000E+05	1.240210E-02	-8.638305E+01
5.91181250000E+05	1.264932E-02	-8.694380E+01
5.93050000000E+05	1.232903E-02	-8.577290E+01
5.94918750000E+05	1.268739E-02	-8.715180E+01
5.96787500000E+05	1.274148E-02	-8.744935E+01
5.98656250000E+05	1.275543E-02	-8.710604E+01
6.00525000000E+05	1.246308E-02	-8.637062E+01
6.02393750000E+05	1.271571E-02	-8.610106E+01
6.04262500000E+05	1.267702E-02	-8.732088E+01
6.06131250000E+05	1.286579E-02	-8.679469E+01
6.08000000000E+05	1.271028E-02	-8.660433E+01
6.09868750000E+05	1.271487E-02	-8.613850E+01
6.11737500000E+05	1.296451E-02	-8.753917E+01
6.13606250000E+05	1.281957E-02	-8.603773E+01
6.15475000000E+05	1.280594E-02	-8.598312E+01
6.17343750000E+05	1.285273E-02	-8.555513E+01
6.19212500000E+05	1.259748E-02	-8.719869E+01
6.21081250000E+05	1.261476E-02	-8.765969E+01
6.22950000000E+05	1.310555E-02	-8.654121E+01
6.24818750000E+05	1.287417E-02	-8.791331E+01
6.26687500000E+05	1.294091E-02	-8.661395E+01
6.28556250000E+05	1.288066E-02	-8.701033E+01
6.30425000000E+05	1.301497E-02	-8.666090E+01
6.32293750000E+05	1.303448E-02	-8.648622E+01
6.34162500000E+05	1.296086E-02	-8.674094E+01
6.36031250000E+05	1.286007E-02	-8.664226E+01
6.37900000000E+05	1.288205E-02	-8.547430E+01
6.39768750000E+05	1.300086E-02	-8.706113E+01
6.41637500000E+05	1.299646E-02	-8.672205E+01
6.43506250000E+05	1.320096E-02	-8.745296E+01
6.45375000000E+05	1.321159E-02	-8.596378E+01
6.47243750000E+05	1.280125E-02	-8.682226E+01
6.49112500000E+05	1.335731E-02	-8.728854E+01
6.50981250000E+05	1.306589E-02	-8.722517E+01
6.52850000000E+05	1.312564E-02	-8.746294E+01
6.54718750000E+05	1.312326E-02	-8.761075E+01
6.56587500000E+05	1.343373E-02	-8.613587E+01
6.58456250000E+05	1.333761E-02	-8.671030E+01
6.60325000000E+05	1.305127E-02	-8.699278E+01
6.62193750000E+05	1.322065E-02	-8.696849E+01
6.64062500000E+05	1.309427E-02	-8.703978E+01
6.65931250000E+05	1.345492E-02	-8.689368E+01
6.67800000000E+05	1.295469E-02	-8.908155E+01
6.69668750000E+05	1.336488E-02	-8.780868E+01
6.71537500000E+05	1.348078E-02	-8.640597E+01
6.73406250000E+05	1.340285E-02	-8.783221E+01
6.75275000000E+05	1.329677E-02	-8.578275E+01
6.77143750000E+05	1.342324E-02	-8.693384E+01
6.79012500000E+05	1.337889E-02	-8.641608E+01
6.80881250000E+05	1.333759E-02	-8.750008E+01
6.82750000000E+05	1.333092E-02	-8.623798E+01
6.84618750000E+05	1.340994E-02	-8.815182E+01
6.86487500000E+05	1.357094E-02	-8.748692E+01
6.88356250000E+05	1.356259E-02	-8.715901E+01
6.90225000000E+05	1.324845E-02	-8.770126E+01
6.92093750000E+05	1.374565E-02	-8.739036E+01
6.93962500000E+05	1.361353E-02	-8.672507E+01
6.95831250000E+05	1.355227E-02	-8.655383E+01
6.97700000000E+05	1.340929E-02	-8.732877E+01
6.99568750000E+05	1.358915E-02	-8.690405E+01
7.01437500000E+05	1.335310E-02	-8.665319E+01
7.03306250000E+05	1.361900E-02	-8.803706E+01
7.05175000000E+05	1.369128E-02	-8.748392E+01
7.07043750000E+05	1.356380E-02	-8.712971E+01
7.08912500000E+05	1.346855E-02	-8.612952E+01
7.10781250000E+05	1.362809E-02	-8.774824E+01
7.12650000000E+05	1.375584E-02	-8.748565E+01
7.14518750000E+05	1.375059E-02	-8.625026E+01
7.16387500000E+05	1.367564E-02	-8.698755E+01
7.18256250000E+05	1.358705E-02	-8.612156E+01
7.20125000000E+05	1.395936E-02	-8.717990E+01
7.21993750000E+05	1.359762E-02	-8.845544E+01
7.23862500000E+05	1.372346E-02	-8.722479E+01
7.25731250000E+05	1.402542E-02	-8.707027E+01
7.27600000000E+05	1.371539E-02	-8.658305E+01
7.29468750000E+05	1.368210E-02	-8.842138E+01
7.31337500000E+05	1.376889E-02	-8.651720E+01
7.33206250000E+05	1.411386E-02	-8.849556E+01
7.35075000000E+05	1.387724E-02	-8.690608E+01
7.36943750000E+05	1.378147E-02	-8.742253E+01
7.38812500000E+05	1.397287E-02	-8.676581E+01
7.40681250000E+05	1.411732E-02	-8.696706E+01
7.42550000000E+05	1.409835E-02	-8.776988E+01
7.44418750000E+05	1.401362E-02	-8.674364E+01
7.46287500000E+05	1.426435E-02	-8.728176E+01
7.48156250000E+05	1.386027E-02	-8.795406E+01
7.50025000000E+05	1.412034E-02	-8.669558E+01
7.51893750000E+05	1.429626E-02	-8.682185E+01
7.53762500000E+05	1.405974E-02	-8.803966E+01
7.55631250000E+05	1.403715E-02	-8.720564E+01
7.57500000000E+05	1.417047E-02	-8.732957E+01
7.59368750000E+05	1.419496E-02	-8.823412E+01
7.61237500000E+05	1.440944E-02	-8.667308E+01
7.63106250000E+05	1.413728E-02	-8.788951E+01
7.64975000000E+05	1.430880E-02	-8.758360E+01
7.66843750000E+05	1.425353E-02	-8.585035E+01
7.68712500000E+05	1.442446E-02	-8.702016E+01
7.70581250000E+05	1.418339E-02	-8.726146E+01
7.72450000000E+05	1.421576E-02	-8.664805E+01
7.74318750000E+05	1.405932E-02	-8.767374E+01
7.76187500000E+05	1.443115E-02	-8.894726E+01
7.78056250000E+05	1.443198E-02	-8.713353E+01
7.79925000000E+05	1.412417E-02	-8.715607E+01
7.81793750000E+05	1.464723E-02	-8.778575E+01
7.83662500000E+05	1.430202E-02	-8.754907E+01
7.85531250000E+05	1.417941E-02	-8.734036E+01
7.87400000000E+05	1.454700E-02	-8.867644E+01
7.89268750000E+05	1.436354E-02	-8.700426E+01
7.91137500000E+05	1.457459E-02	-8.697755E+01
7.93006250000E+05	1.454430E-02	-8.776893E+01
7.94875000000E+05	1.461291E-02	-8.676276E+01
7.96743750000E+05	1.418853E-02	-8.747108E+01
7.98612500000E+05	1.486009E-02	-8.762222E+01
8.00481250000E+05	1.453877E-02	-8.707330E+01
8.02350000000E+05	1.441724E-02	-8.720982E+01
8.04218750000E+05	1.479932E-02	-8.720953E+01
8.06087500000E+05	1.490617E-02	-8.833278E+01
8.07956250000E+05	1.468806E-02	-8.845410E+01
8.09825000000E+05	1.479814E-02	-8.820759E+01
8.11693750000E+05	1.466110E-02	-8.696984E+01
8.13562500000E+05	1.505177E-02	-8.715931E+01
8.15431250000E+05	1.464110E-02	-8.850183E+01
8.17300000000E+05	1.492503E-02	-8.815935E+01
8.19168750000E+05	1.501844E-02	-8.852130E+01
8.21037500000E+05	1.518825E-02	-8.867272E+01
8.22906250000E+05	1.478793E-02	-8.701889E+01
8.24775000000E+05	1.500104E-02	-8.891550E+01
8.26643750000E+05	1.501601E-02	-8.802400E+01
8.28512500000E+05	1.491501E-02	-8.671609E+01
8.30381250000E+05	1.469128E-02	-8.886044E+01
8.32250000000E+05	1.539898E-02	-8.708051E+01
8.34118750000E+05	1.492194E-02	-8.794014E+01
8.35987500000E+05	1.518122E-02	-8.946797E+01
8.37856250000E+05	1.503986E-02	-8.829178E+01
8.39725000000E+05	1.499489E-02	-8.867014E+01
8.41593750000E+05	1.513134E-02	-8.750182E+01
8.43462500000E+05	1.516795E-02	-8.774223E+01
8.45331250000E+05	1.487275E-02	-8.764618E+01
8.47200000000E+05	1.496559E-02	-8.816689E+01
8.49068750000E+05	1.511746E-02	-8.775251E+01
8.50937500000E+05	1.507025E-02	-8.869450E+01
8.52806250000E+05	1.520748E-02	-8.849055E+01
8.54675000000E+05	1.533769E-02	-8.897416E+01
8.56543750000E+05	1.534757E-02	-8.694180E+01
8.58412500000E+05	1.542629E-02	-8.883212E+01
8.60281250000E+05	1.543128E-02	-8.794690E+01
8.62150000000E+05	1.538024E-02	-8.668541E+01
8.64018750000E+05	1.565490E-02	-8.843343E+01
8.65887500000E+05	1.531588E-02	-9.013281E+01
8.67756250000E+05	1.506425E-02	-8.922072E+01
8.69625000000E+05	1.498139E-02	-8.900151E+01
8.71493750000E+05	1.561050E-02	-8.866733E+01
8.73362500000E+05	1.558701E-02	-8.855492E+01
8.75231250000E+05	1.548016E-02	-8.855112E+01
8.77100000000E+05	1.556744E-02	-8.761091E+01
8.78968750000E+05	1.564124E-02	-8.843272E+01
8.80837500000E+05	1.509737E-02	-8.789470E+01
8.82706250000E+05	1.575101E-02	-8.901248E+01
8.84575000000E+05	1.556480E-02	-8.700161E+01
8.86443750000E+05	1.543912E-02	-8.841515E+01
8.88312500000E+05	1.570686E-02	-8.867179E+01
8.90181250000E+05	1.537426E-02	-8.785655E+01
8.92050000000E+05	1.553363E-02	-8.821194E+01
8.93918750000E+05	1.569609E-02	-8.952268E+01
8.95787500000E+05	1.552625E-02	-8.852168E+01
8.97656250000E+05	1.606635E-02	-8.720535E+01
8.99525000000E+05	1.548839E-02	-8.901032E+01
9.01393750000E+05	1.567243E-02	-8.838486E+01
9.03262500000E+05	1.599716E-02	-8.909250E+01
9.05131250000E+05	1.589589E-02	-8.802232E+01
9.07000000000E+05	1.593138E-02	-8.807391E+01
9.08868750000E+05	1.590251E-02	-8.818880E+01
9.10737500000E+05	1.633734E-02	-8.765466E+01
9.12606250000E+05	1.596460E-02	-8.865220E+01
9.14475000000E+05	1.607402E-02	-9.013092E+01
9.16343750000E+05	1.633564E-02	-8.823328E+01
9.18212500000E+05	1.565459E-02	-8.749185E+01
9.20081250000E+05	1.569366E-02	-8.818532E+01
9.21950000000E+05	1.637468E-02	-8.838969E+01
9.23818750000E+05	1.599667E-02	-8.868924E+01
9.25687500000E+05	1.637615E-02	-8.864371E+01
9.27556250000E+05	1.612121E-02	-8.818607E+01
9.29425000000E+05	1.610127E-02	-8.921989E+01
9.31293750000E+05	1.614462E-02	-8.830329E+01
9.33162500000E+05	1.591418E-02	-8.820684E+01
9.35031250000E+05	1.618904E-02	-8.822327E+01
9.36900000000E+05	1.615812E-02	-8.760886E+01
9.38768750000E+05	1.635222E-02	-8.881958E+01
9.40637500000E+05	1.621390E-02	-8.818079E+01
9.42506250000E+05	1.627902E-02	-8.864704E+01
9.44375000000E+05	1.638078E-02	-8.920250E+01
9.46243750000E+05	1.610060E-02	-8.958165E+01
9.48112500000E+05	1.659893E-02	-8.716476E+01
9.49981250000E+05	1.606868E-02	-8.783553E+01
9.51850000000E+05	1.609441E-02	-8.934971E+01
9.53718750000E+05	1.683468E-02	-8.975800E+01
9.55587500000E+05	1.681307E-02	-8.772948E+01
9.57456250000E+05	1.659058E-02	-8.747412E+01
9.59325000000E+05	1.632778E-02	-8.877605E+01
9.61193750000E+05	1.611771E-02	-8.852076E+01
9.63062500000E+05	1.624411E-02	-8.780034E+01
9.64931250000E+05	1.662701E-02	-8.950261E+01
9.66800000000E+05	1.647093E-02	-8.815155E+01
9.68668750000E+05	1.658552E-02	-8.869007E+01
9.70537500000E+05	1.675334E-02	-8.930633E+01
9.72406250000E+05	1.653088E-02	-8.691121E+01
9.74275000000E+05	1.699149E-02	-8.795013E+01
9.76143750000E+05	1.682448E-02	-9.036507E+01
9.78012500000E+05	1.684449E-02	-8.872868E+01
9.79881250000E+05	1.653045E-02	-8.901289E+01
9.81750000000E+05	1.647811E-02	-8.839901E+01
9.83618750000E+05	1.659393E-02	-8.802173E+01
9.85487500000E+05	1.697610E-02	-8.795331E+01
9.87356250000E+05	1.647674E-02	-8.907009E+01
9.89225000000E+05	1.708662E-02	-9.005363E+01
9.91093750000E+05	1.673052E-02	-8.922350E+01
9.92962500000E+05	1.677616E-02	-8.981380E+01
9.94831250000E+05	1.661441E-02	-8.903899E+01
9.96700000000E+05	1.670801E-02	-8.871706E+01
9.98568750000E+05	1.720556E-02	-8.815453E+01
1.00043750000E+06	1.685783E-02	-8.935399E+01
1.00230625000E+06	1.669828E-02	-8.951619E+01
1.00417500000E+06	1.707879E-02	-8.891152E+01
1.00604375000E+06	1.667790E-02	-8.882877E+01
1.00791250000E+06	1.688530E-02	-8.946279E+01
1.00978125000E+06	1.699746E-02	-8.870258E+01
1.01165000000E+06	1.737944E-02	-8.836100E+01
1.01351875000E+06	1.692261E-02	-8.789028E+01
1.01538750000E+06	1.700102E-02	-8.860525E+01
1.01725625000E+06	1.694304E-02	-8.897567E+01
1.01912500000E+06	1.720924E-02	-8.851805E+01
1.02099375000E+06	1.708510E-02	-8.923196E+01
1.02286250000E+06	1.695615E-02	-8.895947E+01
1.02473125000E+06	1.723064E-02	-8.795076E+01
1.02660000000E+06	1.726015E-02	-8.815347E+01
1.02846875000E+06	1.728294E-02	-8.807175E+01
1.03033750000E+06	1.745619E-02	-8.932517E+01
1.03220625000E+06	1.742828E-02	-8.775851E+01
1.03407500000E+06	1.731200E-02	-8.892053E+01
1.03594375000E+06	1.757402E-02	-8.823412E+01
1.03781250000E+06	1.737003E-02	-8.922593E+01
1.03968125000E+06	1.734418E-02	-8.776011E+01
1.04155000000E+06	1.758170E-02	-9.071017E+01
1.04341875000E+06	1.741214E-02	-8.944003E+01
1.04528750000E+06	1.765881E-02	-8.801405E+01
1.04715625000E+06	1.726362E-02	-8.853372E+01
1.04902500000E+06	1.708362E-02	-8.943460E+01
1.05089375000E+06	1.726969E-02	-8.915476E+01
1.05276250000E+06	1.772915E-02	-8.965371E+01
1.05463125000E+06	1.791484E-02	-8.916359E+01
1.05650000000E+06	1.761610E-02	-8.987695E+01
1.05836875000E+06	1.787914E-02	-8.864298E+01
1.06023750000E+06	1.765969E-02	-8.841093E+01
1.06210625000E+06	1.772233E-02	-8.998711E+01
1.06397500000E+06	1.772947E-02	-9.006935E+01
1.06584375000E+06	1.742467E-02	-8.864280E+01
1.06771250000E+06	1.745634E-02	-8.925165E+01
1.06958125000E+06	1.764202E-02	-8.967644E+01
1.07145000000E+06	1.789799E-02	-8.973586E+01
1.07331875000E+06	1.795535E-02	-9.029916E+01
1.07518750000E+06	1.803567E-02	-8.959343E+01
1.07705625000E+06	1.811991E-02	-8.900546E+01
1.07892500000E+06	1.796406E-02	-8.810113E+01
1.08079375000E+06	1.767642E-02	-8.949280E+01
1.08266250000E+06	1.829470E-02	-8.968555E+01
1.08453125000E+06	1.843586E-02	-8.855546E+01
1.08640000000E+06	1.766703E-02	-8.992864E+01
1.08826875000E+06	1.803795E-02	-8.790688E+01
1.09013750000E+06	1.779011E-02	-8.918073E+01
1.09200625000E+06	1.788127E-02	-8.799624E+01
1.09387500000E+06	1.799604E-02	-8.961089E+01
1.09574375000E+06	1.825209E-02	-8.916064E+01
1.09761250000E+06	1.793968E-02	-8.892624E+01
1.09948125000E+06	1.816133E-02	-8.906604E+01
1.10135000000E+06	1.786929E-02	-8.912999E+01
1.10321875000E+06	1.796435E-02	-8.848805E+01
1.10508750000E+06	1.789863E-02	-8.971083E+01
1.10695625000E+06	1.801573E-02	-8.902371E+01
1.10882500000E+06	1.793349E-02	-8.786194E+01
1.11069375000E+06	1.836615E-02	-9.077721E+01
1.11256250000E+06	1.835633E-02	-8.871096E+01
1.11443125000E+06	1.783825E-02	-9.009153E+01
1.11630000000E+06	1.809880E-02	-8.831538E+01
1.11816875000E+06	1.874233E-02	-8.994685E+01
1.12003750000E+06	1.865350E-02	-8.910000E+01
1.12190625000E+06	1.813412E-02	-8.858107E+01
1.12377500000E+06	1.858027E-02	-8.860086E+01
1.12564375000E+06	1.822514E-02	-8.928180E+01
1.12751250000E+06	1.835717E-02	-8.899863E+01
1.12938125000E+06	1.845216E-02	-8.991140E+01
1.13125000000E+06	1.843850E-02	-8.792787E+01
1.13311875000E+06	1.849898E-02	-8.877859E+01
1.13498750000E+06	1.841805E-02	-8.891366E+01
1.13685625000E+06	1.826647E-02	-8.831822E+01
1.13872500000E+06	1.841411E-02	-8.963725E+01
1.14059375000E+06	1.857717E-02	-9.005784E+01
1.14246250000E+06	1.890108E-02	-9.002866E+01
1.14433125000E+06	1.852194E-02	-8.937083E+01
1.14620000000E+06	1.883452E-02	-8.816280E+01
1.14806875000E+06	1.882995E-02	-9.015952E+01
1.14993750000E+06	1.896857E-02	-8.964647E+01
1.15180625000E+06	1.911035E-02	-8.915776E+01
1.15367500000E+06	1.864239E-02	-8.920405E+01
1.15554375000E+06	1.878414E-02	-8.870229E+01
1.15741250000E+06	1.914252E-02	-8.835989E+01
1.15928125000E+06	1.891431E-02	-8.867081E+01
1.16115000000E+06	1.909878E-02	-9.005033E+01
1.16301875000E+06	1.879475E-02	-8.837201E+01
1.16488750000E+06	1.914286E-02	-8.882433E+01
1.16675625000E+06	1.883473E-02	-8.948446E+01
1.16862500000E+06	1.848728E-02	-9.003104E+01
1.17049375000E+06	1.925580E-02	-8.850446E+01
1.17236250000E+06	1.917931E-02	-8.924724E+01
1.17423125000E+06	1.906096E-02	-8.876711E+01
1.17610000000E+06	1.902856E-02	-8.848103E+01
1.17796875000E+06	1.889535E-02	-8.929162E+01
1.17983750000E+06	1.867136E-02	-8.990867E+01
1.18170625000E+06	1.889103E-02	-8.995266E+01
1.18357500000E+06	1.910654E-02	-8.977348E+01
1.18544375000E+06	1.919188E-02	-9.028277E+01
1.18731250000E+06	1.943585E-02	-8.902348E+01
1.18918125000E+06	1.885855E-02	-8.820794E+01
1.19105000000E+06	1.929819E-02	-8.968719E+01
1.19291875000E+06	1.952059E-02	-8.917912E+01
1.19478750000E+06	1.960536E-02	-8.975938E+01
1.19665625000E+06	1.935609E-02	-8.883527E+01
1.19852500000E+06	1.925709E-02	-8.882413E+01
1.20039375000E+06	1.965719E-02	-8.917598E+01
1.20226250000E+06	1.913771E-02	-9.019485E+01
1.20413125000E+06	1.997111E-02	-8.954598E+01
1.20600000000E+06	1.909175E-02	-8.849394E+01
1.20786875000E+06	1.922417E-02	-9.063308E+01
1.20973750000E+06	1.948407E-02	-8.917699E+01
1.21160625000E+06	1.976357E-02	-8.982116E+01
1.21347500000E+06	1.951231E-02	-9.034367E+01
1.21534375000E+06	1.972962E-02	-8.982754E+01
1.21721250000E+06	1.999260E-02	-8.890849E+01
1.21908125000E+06	1.953031E-02	-8.995737E+01
1.22095000000E+06	1.959763E-02	-9.021400E+01
1.22281875000E+06	1.987184E-02	-9.051492E+01
1.22468750000E+06	1.960060E-02	-8.971939E+01
1.22655625000E+06	2.009273E-02	-8.929756E+01
1.22842500000E+06	2.003198E-02	-9.004550E+01
1.23029375000E+06	2.007173E-02	-9.029051E+01
1.23216250000E+06	1.927905E-02	-9.008891E+01
1.23403125000E+06	1.972889E-02	-8.989111E+01
1.23590000000E+06	1.991412E-02	-8.987115E+01
1.23776875000E+06	2.017793E-02	-9.031552E+01
1.23963750000E+06	2.020615E-02	-8.989130E+01
1.24150625000E+06	1.995758E-02	-8.971189E+01
1.24337500000E+06	1.986345E-02	-8.843916E+01
1.24524375000E+06	1.992831E-02	-8.849957E+01
1.24711250000E+06	1.968042E-02	-8.919741E+01
1.24898125000E+06	1.980546E-02	-8.925247E+01
1.25085000000E+06	2.031452E-02	-8.867500E+01
1.25271875000E+06	2.059697E-02	-9.019567E+01
1.25458750000E+06	2.029500E-02	-8.950197E+01
1.25645625000E+06	2.024530E-02	-9.094080E+01
1.25832500000E+06	1.992280E-02	-9.007701E+01
1.26019375000E+06	1.971281E-02	-8.875729E+01
1.26206250000E+06	2.032694E-02	-9.013017E+01
1.26393125000E+06	2.039692E-02	-8.855718E+01
1.26580000000E+06	2.006209E-02	-8.912010E+01
1.26766875000E+06	2.068966E-02	-8.991087E+01
1.26953750000E+06	2.025749E-02	-8.792933E+01
1.27140625000E+06	2.063844E-02	-8.933621E+01
1.27327500000E+06	2.010607E-02	-8.968741E+01
1.27514375000E+06	2.064643E-02	-8.951328E+01
1.27701250000E+06	2.051532E-02	-8.973907E+01
1.27888125000E+06	2.045367E-02	-8.979305E+01
1.28075000000E+06	2.072806E-02	-8.869646E+01
1.28261875000E+06	2.023750E-02	-8.957499E+01
1.28448750000E+06	2.023681E-02	-9.015044E+01
1.28635625000E+06	2.033572E-02	-8.993956E+01
1.28822500000E+06	2.075439E-02	-8.922877E+01
1.29009375000E+06	2.060918E-02	-8.901860E+01
1.29196250000E+06	2.054838E-02	-8.911148E+01
1.29383125000E+06	2.058236E-02	-9.037289E+01
1.29570000000E+06	2.062362E-02	-8.867390E+01
1.29756875000E+06	2.089134E-02	-8.975959E+01
1.29943750000E+06	2.077303E-02	-8.993763E+01
1.30130625000E+06	2.058127E-02	-8.992487E+01
1.30317500000E+06	2.071552E-02	-9.112609E+01
1.30504375000E+06	2.070065E-02	-8.982355E+01
1.30691250000E+06	2.045986E-02	-8.952518E+01
1.30878125000E+06	2.143405E-02	-9.016248E+01
1.31065000000E+06	2.055144E-02	-8.982175E+01
1.31251875000E+06	2.074995E-02	-8.960793E+01
1.31438750000E+06	2.145486E-02	-8.904358E+01
1.31625625000E+06	2.138242E-02	-8.883733E+01
1.31812500000E+06	2.078114E-02	-8.937225E+01
1.31999375000E+06	2.099223E-02	-8.867728E+01
1.32186250000E+06	2.118661E-02	-8.880971E+01
1.32373125000E+06	2.126498E-02	-8.975524E+01
1.32560000000E+06	2.090731E-02	-9.020412E+01
1.32746875000E+06	2.122106E-02	-8.961069E+01
1.32933750000E+06	2.103819E-02	-8.971140E+01
1.33120625000E+06	2.133811E-02	-8.896340E+01
1.33307500000E+06	2.117127E-02	-9.011114E+01
1.33494375000E+06	2.119128E-02	-8.848806E+01
1.33681250000E+06	2.115132E-02	-9.072057E+01
1.33868125000E+06	2.101694E-02	-8.994057E+01
1.34055000000E+06	2.140785E-02	-8.972020E+01
1.34241875000E+06	2.117466E-02	-9.030252E+01
1.34428750000E+06	2.105811E-02	-9.036317E+01
1.34615625000E+06	2.122126E-02	-9.072618E+01
1.34802500000E+06	2.123702E-02	-8.931245E+01
1.34989375000E+06	2.168820E-02	-8.890130E+01
1.35176250000E+06	2.151821E-02	-9.047395E+01
1.35363125000E+06	2.140987E-02	-8.969823E+01
1.35550000000E+06	2.130055E-02	-8.913789E+01
1.35736875000E+06	2.159370E-02	-8.993736E+01
1.35923750000E+06	2.173196E-02	-8.973403E+01
1.36110625000E+06	2.201100E-02	-9.070716E+01
1.36297500000E+06	2.203490E-02	-9.071177E+01
1.36484375000E+06	2.157598E-02	-8.987727E+01
1.36671250000E+06	2.150413E-02	-9.042622E+01
1.36858125000E+06	2.187904E-02	-8.930833E+01
1.37045000000E+06	2.190342E-02	-8.961523E+01
1.37231875000E+06	2.160961E-02	-9.070716E+01
1.37418750000E+06	2.142488E-02	-8.907423E+01
1.37605625000E+06	2.148555E-02	-8.930297E+01
1.37792500000E+06	2.180910E-02	-8.889326E+01
1.37979375000E+06	2.168133E-02	-9.050096E+01
1.38166250000E+06	2.177810E-02	-8.910949E+01
1.38353125000E+06	2.131107E-02	-8.972260E+01
1.38540000000E+06	2.194309E-02	-8.947831E+01
1.38726875000E+06	2.184250E-02	-8.970633E+01
1.38913750000E+06	2.169010E-02	-8.949738E+01
1.39100625000E+06	2.220729E-02	-9.024008E+01
1.39287500000E+06	2.195818E-02	-9.113582E+01
1.39474375000E+06	2.179946E-02	-9.085158E+01
1.39661250000E+06	2.163668E-02	-8.992331E+01
1.39848125000E+06	2.190779E-02	-8.996951E+01
1.40035000000E+06	2.185938E-02	-9.091541E+01
1.40221875000E+06	2.215664E-02	-9.008715E+01
1.40408750000E+06	2.200566E-02	-8.930437E+01
1.40595625000E+06	2.208788E-02	-8.979770E+01
1.40782500000E+06	2.205086E-02	-8.889330E+01
1.40969375000E+06	2.194916E-02	-8.970580E+01
1.41156250000E+06	2.219176E-02	-9.070773E+01
1.41343125000E+06	2.192006E-02	-8.942429E+01
1.41530000000E+06	2.244363E-02	-8.981769E+01
1.41716875000E+06	2.231319E-02	-8.975899E+01
1.41903750000E+06	2.219448E-02	-8.818010E+01
1.42090625000E+06	2.249518E-02	-9.036356E+01
1.42277500000E+06	2.219538E-02	-8.985526E+01
1.42464375000E+06	2.235256E-02	-9.096883E+01
1.42651250000E+06	2.291152E-02	-8.979988E+01
1.42838125000E+06	2.285569E-02	-8.987917E+01
1.43025000000E+06	2.219983E-02	-9.029662E+01
1.43211875000E+06	2.246769E-02	-8.974525E+01
1.43398750000E+06	2.254950E-02	-8.975127E+01
1.43585625000E+06	2.242653E-02	-9.019403E+01
1.43772500000E+06	2.251049E-02	-8.973689E+01
1.43959375000E+06	2.320763E-02	-9.034691E+01
1.44146250000E+06	2.257735E-02	-9.019949E+01
1.44333125000E+06	2.237364E-02	-8.961228E+01
1.44520000000E+06	2.234075E-02	-9.024325E+01
1.44706875000E+06	2.222028E-02	-8.988093E+01
1.44893750000E+06	2.280723E-02	-9.040283E+01
1.45080625000E+06	2.252945E-02	-9.028899E+01
1.45267500000E+06	2.261157E-02	-9.006982E+01
1.45454375000E+06	2.250163E-02	-8.898611E+01
1.45641250000E+06	2.282729E-02	-8.912025E+01
1.45828125000E+06	2.298346E-02	-8.947322E+01
1.46015000000E+06	2.292728E-02	-9.044356E+01
1.46201875000E+06	2.293986E-02	-9.061678E+01
1.46388750000E+06	2.291685E-02	-9.099477E+01
1.46575625000E+06	2.241720E-02	-8.963851E+01
1.46762500000E+06	2.330986E-02	-8.984898E+01
1.46949375000E+06	2.331021E-02	-8.921702E+01
1.47136250000E+06	2.273855E-02	-9.126511E+01
1.47323125000E+06	2.285708E-02	-8.992047E+01
1.47510000000E+06	2.306336E-02	-9.107367E+01
1.47696875000E+06	2.279179E-02	-9.027760E+01
1.47883750000E+06	2.301906E-02	-9.032735E+01
1.48070625000E+06	2.282500E-02	-9.017411E+01
1.48257500000E+06	2.311310E-02	-9.127374E+01
1.48444375000E+06	2.362053E-02	-9.085370E+01
1.48631250000E+06	2.308273E-02	-8.890329E+01
1.48818125000E+06	2.319454E-02	-8.876294E+01
1.49005000000E+06	2.339519E-02	-9.060572E+01
1.49191875000E+06	2.307444E-02	-9.007542E+01
1.49378750000E+06	2.317559E-02	-8.934357E+01
1.49565625000E+06	2.312081E-02	-8.896575E+01
1.49752500000E+06	2.327942E-02	-9.034474E+01
1.49939375000E+06	2.369189E-02	-9.027607E+01
1.50126250000E+06	2.359489E-02	-8.927556E+01
1.50313125000E+06	2.347820E-02	-8.959836E+01
1.50500000000E+06	2.322424E-02	-9.100000E+01
1.50686875000E+06	2.293418E-02	-9.047445E+01
1.50873750000E+06	2.364275E-02	-8.960858E+01
1.51060625000E+06	2.317462E-02	-9.050231E+01
1.51247500000E+06	2.379451E-02	-8.974971E+01
1.51434375000E+06	2.375864E-02	-8.959071E+01
1.51621250000E+06	2.368307E-02	-9.076873E+01
1.51808125000E+06	2.405551E-02	-8.901664E+01
1.51995000000E+06	2.415125E-02	-8.963910E+01
1.52181875000E+06	2.334976E-02	-9.004290E+01
1.52368750000E+06	2.370045E-02	-9.047047E+01
1.52555625000E+06	2.411225E-02	-8.982603E+01
1.52742500000E+06	2.339492E-02	-8.985039E+01
1.52929375000E+06	2.371069E-02	-9.046399E+01
1.53116250000E+06	2.380966E-02	-8.837828E+01
1.53303125000E+06	2.388807E-02	-8.942246E+01
1.53490000000E+06	2.387773E-02	-9.113427E+01
1.53676875000E+06	2.361573E-02	-8.937257E+01
1.53863750000E+06	2.338679E-02	-8.971976E+01
1.54050625000E+06	2.413421E-02	-8.988542E+01
1.54237500000E+06	2.422496E-02	-8.873509E+01
1.54424375000E+06	2.365142E-02	-9.157863E+01
1.54611250000E+06	2.435397E-02	-8.951717E+01
1.54798125000E+06	2.406724E-02	-9.023878E+01
1.54985000000E+06	2.376834E-02	-8.978959E+01
1.55171875000E+06	2.384476E-02	-9.004156E+01
1.55358750000E+06	2.407090E-02	-8.965317E+01
1.55545625000E+06	2.382754E-02	-9.017036E+01
1.55732500000E+06	2.414240E-02	-9.032009E+01
1.55919375000E+06	2.405564E-02	-8.956002E+01
1.56106250000E+06	2.395058E-02	-8.954591E+01
1.56293125000E+06	2.407704E-02	-9.010266E+01
1.56480000000E+06	2.432375E-02	-9.000368E+01
1.56666875000E+06	2.441105E-02	-8.971651E+01
1.56853750000E+06	2.449759E-02	-9.127238E+01
1.57040625000E+06	2.446252E-02	-9.140733E+01
1.57227500000E+06	2.404103E-02	-8.948979E+01
1.57414375000E+06	2.417924E-02	-8.957839E+01
1.57601250000E+06	2.429000E-02	-9.144299E+01
1.57788125000E+06	2.414076E-02	-9.118410E+01
1.57975000000E+06	2.458221E-02	-8.944683E+01
1.58161875000E+06	2.428014E-02	-8.930515E+01
1.58348750000E+06	2.466836E-02	-9.022966E+01
1.58535625000E+06	2.434469E-02	-9.123994E+01
1.58722500000E+06	2.453622E-02	-9.017776E+01
1.58909375000E+06	2.466775E-02	-9.129771E+01
1.59096250000E+06	2.480769E-02	-9.081284E+01
1.59283125000E+06	2.481289E-02	-9.019358E+01
1.59470000000E+06	2.483390E-02	-9.045808E+01
1.59656875000E+06	2.459166E-02	-8.989294E+01
1.59843750000E+06	2.509888E-02	-9.075778E+01
1.60030625000E+06	2.471782E-02	-9.025194E+01
1.60217500000E+06	2.459983E-02	-8.998782E+01
1.60404375000E+06	2.452135E-02	-9.011935E+01
1.60591250000E+06	2.459131E-02	-9.040575E+01
1.60778125000E+06	2.432971E-02	-8.966582E+01
1.60965000000E+06	2.464049E-02	-9.013827E+01
1.61151875000E+06	2.516555E-02	-9.052745E+01
1.61338750000E+06	2.490039E-02	-9.106145E+01
1.61525625000E+06	2.488094E-02	-9.099742E+01
1.61712500000E+06	2.450125E-02	-9.092407E+01
1.61899375000E+06	2.551519E-02	-9.004372E+01
1.62086250000E+06	2.485426E-02	-9.041487E+01
1.62273125000E+06	2.479004E-02	-8.896423E+01
1.62460000000E+06	2.515189E-02	-9.081709E+01
1.62646875000E+06	2.472307E-02	-9.015178E+01
1.62833750000E+06	2.507657E-02	-9.071381E+01
1.63020625000E+06	2.512494E-02	-9.012425E+01
1.63207500000E+06	2.488559E-02	-9.028625E+01
1.63394375000E+06	2.513856E-02	-8.957336E+01
1.63581250000E+06	2.485225E-02	-9.013622E+01
1.63768125000E+06	2.512021E-02	-9.047061E+01
1.63955000000E+06	2.536912E-02	-9.107018E+01
1.64141875000E+06	2.516674E-02	-9.124738E+01
1.64328750000E+06	2.539158E-02	-8.987304E+01
1.64515625000E+06	2.534891E-02	-9.107133E+01
1.64702500000E+06	2.490548E-02	-8.990380E+01
1.64889375000E+06	2.551019E-02	-9.037767E+01
1.65076250000E+06	2.514166E-02	-8.997911E+01
1.65263125000E+06	2.519802E-02	-9.161444E+01
1.65450000000E+06	2.510171E-02	-9.055637E+01
1.65636875000E+06	2.551749E-02	-9.035187E+01
1.65823750000E+06	2.556552E-02	-8.999745E+01
1.66010625000E+06	2.531285E-02	-9.048484E+01
1.66197500000E+06	2.502942E-02	-9.012026E+01
1.66384375000E+06	2.554430E-02	-8.981912E+01
1.66571250000E+06	2.553630E-02	-9.119580E+01
1.66758125000E+06	2.592529E-02	-8.967030E+01
1.66945000000E+06	2.576375E-02	-9.061361E+01
1.67131875000E+06	2.566758E-02	-9.063734E+01
1.67318750000E+06	2.565141E-02	-9.013760E+01
1.67505625000E+06	2.568349E-02	-9.056416E+01
1.67692500000E+06	2.511100E-02	-8.994220E+01
1.67879375000E+06	2.598165E-02	-9.011033E+01
1.68066250000E+06	2.525572E-02	-8.943436E+01
1.68253125000E+06	2.604972E-02	-8.982122E+01
1.68440000000E+06	2.587019E-02	-9.133372E+01
1.68626875000E+06	2.594634E-02	-8.984779E+01
1.68813750000E+06	2.584025E-02	-9.014248E+01
1.69000625000E+06	2.574794E-02	-9.039688E+01
1.69187500000E+06	2.559335E-02	-9.068418E+01
1.69374375000E+06	2.586714E-02	-8.991984E+01
1.69561250000E+06	2.622621E-02	-9.029060E+01
1.69748125000E+06	2.568409E-02	-9.149164E+01
1.69935000000E+06	2.548554E-02	-9.091418E+01
1.70121875000E+06	2.638911E-02	-9.061616E+01
1.70308750000E+06	2.605569E-02	-9.045956E+01
1.70495625000E+06	2.608432E-02	-9.031689E+01
1.70682500000E+06	2.577616E-02	-9.052921E+01
1.70869375000E+06	2.588612E-02	-9.186960E+01
1.71056250000E+06	2.633947E-02	-9.104202E+01
1.71243125000E+06	2.643600E-02	-9.152411E+01
1.71430000000E+06	2.604447E-02	-9.051927E+01
1.71616875000E+06	2.598306E-02	-9.146984E+01
1.71803750000E+06	2.643414E-02	-9.061081E+01
1.71990625000E+06	2.621231E-02	-8.978218E+01
1.72177500000E+06	2.614529E-02	-9.016051E+01
1.72364375000E+06	2.636746E-02	-9.050748E+01
1.72551250000E+06	2.649973E-02	-9.053861E+01
1.72738125000E+06	2.612614E-02	-9.054622E+01
1.72925000000E+06	2.655628E-02	-9.050165E+01
1.73111875000E+06	2.574515E-02	-9.114162E+01
1.73298750000E+06	2.618496E-02	-9.096126E+01
1.73485625000E+06	2.621170E-02	-9.131644E+01
1.73672500000E+06	2.678425E-02	-9.058082E+01
1.73859375000E+06	2.615493E-02	-9.101128E+01
1.74046250000E+06	2.625829E-02	-9.117798E+01
1.74233125000E+06	2.657005E-02	-8.997052E+01
1.74420000000E+06	2.680696E-02	-9.059473E+01
1.74606875000E+06	2.660859E-02	-9.128972E+01
1.74793750000E+06	2.715635E-02	-9.012960E+01
1.74980625000E+06	2.648162E-02	-9.052411E+01
1.75167500000E+06	2.720379E-02	-9.060530E+01
1.75354375000E+06	2.642928E-02	-9.136993E+01
1.75541250000E+06	2.646557E-02	-9.048243E+01
1.75728125000E+06	2.690475E-02	-8.984493E+01
1.75915000000E+06	2.663701E-02	-9.145889E+01
1.76101875000E+06	2.687357E-02	-9.142307E+01
1.76288750000E+06	2.690837E-02	-9.116349E+01
1.76475625000E+06	2.682810E-02	-8.956261E+01
1.76662500000E+06	2.759201E-02	-9.115573E+01
1.76849375000E+06	2.648571E-02	-9.121093E+01
1.77036250000E+06	2.675259E-02	-9.136581E+01
1.77223125000E+06	2.656161E-02	-9.116920E+01
1.77410000000E+06	2.690858E-02	-9.078909E+01
1.77596875000E+06	2.689264E-02	-9.033800E+01
1.77783750000E+06	2.735793E-02	-9.007251E+01
1.77970625000E+06	2.731628E-02	-9.044791E+01
1.78157500000E+06	2.728320E-02	-8.961073E+01
1.78344375000E+06	2.674660E-02	-9.083389E+01
1.78531250000E+06	2.684802E-02	-9.067885E+01
1.78718125000E+06	2.675860E-02	-9.087860E+01
1.78905000000E+06	2.686989E-02	-9.058499E+01
1.79091875000E+06	2.684944E-02	-9.019280E+01
1.79278750000E+06	2.719508E-02	-9.040488E+01
1.79465625000E+06	2.748844E-02	-9.211543E+01
1.79652500000E+06	2.743376E-02	-9.053340E+01
1.79839375000E+06	2.695802E-02	-9.124311E+01
1.80026250000E+06	2.776721E-02	-9.122063E+01
1.80213125000E+06	2.774940E-02	-9.000732E+01
1.80400000000E+06	2.756079E-02	-9.069585E+01
1.80586875000E+06	2.734720E-02	-9.055257E+01
1.80773750000E+06	2.753201E-02	-9.099489E+01
1.80960625000E+06	2.740840E-02	-9.086234E+01
1.81147500000E+06	2.736678E-02	-8.964753E+01
1.81334375000E+06	2.706596E-02	-9.055673E+01
1.81521250000E+06	2.732588E-02	-9.025270E+01
1.81708125000E+06	2.713668E-02	-9.087709E+01
1.81895000000E+06	2.718182E-02	-9.053998E+01
1.82081875000E+06	2.742582E-02	-9.044629E+01
1.82268750000E+06	2.758990E-02	-9.097198E+01
1.82455625000E+06	2.769597E-02	-9.130379E+01
1.82642500000E+06	2.762826E-02	-9.045522E+01
1.82829375000E+06	2.805548E-02	-9.064349E+01
1.83016250000E+06	2.757983E-02	-9.029719E+01
1.83203125000E+06	2.800439E-02	-9.071478E+01
1.83390000000E+06	2.802417E-02	-9.074706E+01
1.83576875000E+06	2.731721E-02	-9.058587E+01
1.83763750000E+06	2.761584E-02	-8.938044E+01
1.83950625000E+06	2.749813E-02	-9.034457E+01
1.84137500000E+06	2.818790E-02	-9.113129E+01
1.84324375000E+06	2.739617E-02	-9.064703E+01
1.84511250000E+06	2.734301E-02	-9.077043E+01
1.84698125000E+06	2.804004E-02	-9.101783E+01
1.84885000000E+06	2.754833E-02	-9.037478E+01
1.85071875000E+06	2.740446E-02	-9.003401E+01
1.85258750000E+06	2.728458E-02	-9.093760E+01
1.85445625000E+06	2.757945E-02	-9.012314E+01
1.85632500000E+06	2.793855E-02	-9.018523E+01
1.85819375000E+06	2.790477E-02	-9.023035E+01
1.86006250000E+06	2.810765E-02	-9.026319E+01
1.86193125000E+06	2.738469E-02	-9.039289E+01
1.86380000000E+06	2.781670E-02	-8.989833E+01
1.86566875000E+06	2.781728E-02	-9.099516E+01
1.86753750000E+06	2.807166E-02	-9.086463E+01
1.86940625000E+06	2.837922E-02	-9.200977E+01
1.87127500000E+06	2.813392E-02	-8.966345E+01
1.87314375000E+06	2.799258E-02	-9.075915E+01
1.87501250000E+06	2.869200E-02	-8.972672E+01
1.87688125000E+06	2.833752E-02	-9.075685E+01
1.87875000000E+06	2.834024E-02	-9.013144E+01
1.88061875000E+06	2.812458E-02	-9.122604E+01
1.88248750000E+06	2.865234E-02	-8.979053E+01
1.88435625000E+06	2.808877E-02	-9.105166E+01
1.88622500000E+06	2.833639E-02	-9.100784E+01
1.88809375000E+06	2.823186E-02	-9.085551E+01
1.88996250000E+06	2.853308E-02	-9.055870E+01
1.89183125000E+06	2.826270E-02	-9.005307E+01
1.89370000000E+06	2.843952E-02	-9.145626E+01
1.89556875000E+06	2.885554E-02	-9.091753E+01
1.89743750000E+06	2.819635E-02	-9.024118E+01
1.89930625000E+06	2.845492E-02	-9.000345E+01
1.90117500000E+06	2.881928E-02	-9.017735E+01
1.90304375000E+06	2.855443E-02	-9.037206E+01
1.90491250000E+06	2.810510E-02	-9.072889E+01
1.90678125000E+06	2.823101E-02	-8.963149E+01
1.90865000000E+06	2.838644E-02	-9.071965E+01
1.91051875000E+06	2.834780E-02	-9.007777E+01
1.91238750000E+06	2.855632E-02	-9.012633E+01
1.91425625000E+06	2.860491E-02	-9.042743E+01
1.91612500000E+06	2.849690E-02	-9.038416E+01
1.91799375000E+06	2.855665E-02	-9.106409E+01
1.91986250000E+06	2.847268E-02	-9.029373E+01
1.92173125000E+06	2.854217E-02	-9.014114E+01
1.92360000000E+06	2.879598E-02	-9.033301E+01
1.92546875000E+06	2.884840E-02	-9.006226E+01
1.92733750000E+06	2.884704E-02	-8.994281E+01
1.92920625000E+06	2.878590E-02	-9.064272E+01
1.93107500000E+06	2.891027E-02	-8.949193E+01
1.93294375000E+06	2.859627E-02	-9.005267E+01
1.93481250000E+06	2.876389E-02	-9.065135E+01
1.93668125000E+06	2.954875E-02	-8.942468E+01
1.93855000000E+06	2.875840E-02	-8.982607E+01
1.94041875000E+06	2.905000E-02	-9.051730E+01
1.94228750000E+06	2.893120E-02	-9.082041E+01
1.94415625000E+06	2.899713E-02	-9.098100E+01
1.94602500000E+06	2.883237E-02	-9.083015E+01
1.94789375000E+06	2.925023E-02	-9.074634E+01
1.94976250000E+06	2.931650E-02	-9.032977E+01
1.95163125000E+06	2.888871E-02	-9.062768E+01
1.95350000000E+06	2.900941E-02	-9.039954E+01
1.95536875000E+06	2.905517E-02	-9.055898E+01
1.95723750000E+06	2.872949E-02	-8.916836E+01
1.95910625000E+06	2.916073E-02	-9.006849E+01
1.96097500000E+06	2.886814E-02	-9.012544E+01
1.96284375000E+06	2.904040E-02	-8.968050E+01
1.96471250000E+06	2.898150E-02	-8.965950E+01
1.96658125000E+06	2.959285E-02	-9.025742E+01
1.96845000000E+06	2.945718E-02	-9.050153E+01
1.97031875000E+06	2.952971E-02	-9.058957E+01
1.97218750000E+06	2.989063E-02	-8.921363E+01
1.97405625000E+06	2.901683E-02	-9.049084E+01
1.97592500000E+06	2.996315E-02	-9.035409E+01
1.97779375000E+06	2.979688E-02	-8.991777E+01
1.97966250000E+06	2.951061E-02	-8.990170E+01
1.98153125000E+06	2.931071E-02	-9.056492E+01
1.98340000000E+06	2.907857E-02	-9.129708E+01
1.98526875000E+06	2.982587E-02	-8.999832E+01
1.98713750000E+06	2.994536E-02	-9.035030E+01
1.98900625000E+06	2.999644E-02	-8.960280E+01
1.99087500000E+06	2.967262E-02	-8.991016E+01
1.99274375000E+06	3.001032E-02	-9.037659E+01
1.99461250000E+06	2.949513E-02	-9.002468E+01
1.99648125000E+06	2.936922E-02	-9.033291E+01
1.99835000000E+06	2.972601E-02	-9.022778E+01
2.00021875000E+06	2.986243E-02	-8.966553E+01
2.00208750000E+06	2.969179E-02	-9.029757E+01
2.00395625000E+06	2.994271E-02	-9.047233E+01
2.00582500000E+06	3.010688E-02	-9.047385E+01
2.00769375000E+06	3.022560E-02	-9.006355E+01
2.00956250000E+06	3.061628E-02	-8.985081E+01
2.01143125000E+06	2.971703E-02	-9.033440E+01
2.01330000000E+06	3.003495E-02	-9.014983E+01
2.01516875000E+06	2.994351E-02	-8.983640E+01
2.01703750000E+06	2.989062E-02	-9.060083E+01
2.01890625000E+06	3.015374E-02	-9.034830E+01
2.02077500000E+06	3.067188E-02	-9.013544E+01
2.02264375000E+06	3.010598E-02	-8.962234E+01
2.02451250000E+06	3.029037E-02	-9.061680E+01
2.02638125000E+06	3.045687E-02	-9.040822E+01
2.02825000000E+06	3.016771E-02	-9.017393E+01
2.03011875000E+06	3.018852E-02	-8.949506E+01
2.03198750000E+06	3.029444E-02	-9.086935E+01
2.03385625000E+06	3.023029E-02	-9.048953E+01
2.03572500000E+06	3.057730E-02	-9.096597E+01
2.03759375000E+06	3.045109E-02	-9.066280E+01
2.03946250000E+06	3.067953E-02	-9.016335E+01
2.04133125000E+06	3.076100E-02	-8.986938E+01
2.04320000000E+06	3.061454E-02	-9.005585E+01
2.04506875000E+06	3.027389E-02	-8.971111E+01
2.04693750000E+06	3.049279E-02	-9.070268E+01
2.04880625000E+06	3.091204E-02	-9.050931E+01
2.05067500000E+06	3.056158E-02	-9.002878E+01
2.05254375000E+06	3.079434E-02	-8.977996E+01
2.05441250000E+06	3.038209E-02	-8.984539E+01
2.05628125000E+06	3.076727E-02	-9.039172E+01
2.05815000000E+06	3.077910E-02	-9.075663E+01
2.06001875000E+06	3.083079E-02	-9.009568E+01
2.06188750000E+06	3.063360E-02	-8.985992E+01
2.06375625000E+06	3.076674E-02	-9.019872E+01
2.06562500000E+06	3.050043E-02	-9.012927E+01
2.06749375000E+06	3.041708E-02	-9.036115E+01
2.06936250000E+06	3.131606E-02	-8.960414E+01
2.07123125000E+06	3.070845E-02	-8.970377E+01
2.07310000000E+06	3.113554E-02	-8.996884E+01
2.07496875000E+06	3.083643E-02	-9.014125E+01
2.07683750000E+06	3.112636E-02	-9.074067E+01
2.07870625000E+06	3.081709E-02	-8.948813E+01
2.08057500000E+06	3.097283E-02	-9.037614E+01
2.08244375000E+06	3.066989E-02	-8.980569E+01
2.08431250000E+06	3.099437E-02	-8.972020E+01
2.08618125000E+06	3.123881E-02	-9.002438E+01
2.08805000000E+06	3.110917E-02	-8.968577E+01
2.08991875000E+06	3.105894E-02	-9.008924E+01
2.09178750000E+06	3.124164E-02	-9.080708E+01
2.09365625000E+06	3.128199E-02	-8.918599E+01
2.09552500000E+06	3.174484E-02	-9.067787E+01
2.09739375000E+06	3.170652E-02	-9.054479E+01
2.09926250000E+06	3.138908E-02	-9.015059E+01
2.10113125000E+06	3.113866E-02	-9.071810E+01
2.10300000000E+06	3.136425E-02	-9.050342E+01
2.10486875000E+06	3.152006E-02	-9.008820E+01
2.10673750000E+06	3.163932E-02	-8.962540E+01
2.10860625000E+06	3.091584E-02	-9.035754E+01
2.11047500000E+06	3.153938E-02	-8.923026E+01
2.11234375000E+06	3.145858E-02	-8.980686E+01
2.11421250000E+06	3.120986E-02	-9.033517E+01
2.11608125000E+06	3.174844E-02	-9.044956E+01
2.11795000000E+06	3.161165E-02	-9.045838E+01
2.11981875000E+06	3.177289E-02	-9.007328E+01
2.12168750000E+06	3.160654E-02	-9.048177E+01
2.12355625000E+06	3.127635E-02	-9.026412E+01
2.12542500000E+06	3.153077E-02	-8.994507E+01
2.12729375000E+06	3.153916E-02	-9.055244E+01
2.12916250000E+06	3.169706E-02	-9.021774E+01
2.13103125000E+06	3.195686E-02	-9.051854E+01
2.13290000000E+06	3.209686E-02	-8.965625E+01
2.13476875000E+06	3.199662E-02	-9.019930E+01
2.13663750000E+06	3.177797E-02	-8.955389E+01
2.13850625000E+06	3.220621E-02	-9.061642E+01
2.14037500000E+06	3.178316E-02	-9.047082E+01
2.14224375000E+06	3.214890E-02	-9.044193E+01
2.14411250000E+06	3.185618E-02	-8.935165E+01
2.14598125000E+06	3.185819E-02	-8.972681E+01
2.14785000000E+06	3.175802E-02	-8.990893E+01
2.14971875000E+06	3.200351E-02	-9.005396E+01
2.15158750000E+06	3.210055E-02	-9.116325E+01
2.15345625000E+06	3.225948E-02	-8.974615E+01
2.15532500000E+06	3.180316E-02	-9.048823E+01
2.15719375000E+06	3.204871E-02	-8.984438E+01
2.15906250000E+06	3.245642E-02	-9.042424E+01
2.16093125000E+06	3.210573E-02	-9.022463E+01
2.16280000000E+06	3.159062E-02	-8.963084E+01
2.16466875000E+06	3.237686E-02	-9.005279E+01
2.16653750000E+06	3.242514E-02	-8.938881E+01
2.16840625000E+06	3.244621E-02	-9.010784E+01
2.17027500000E+06	3.237572E-02	-9.067691E+01
2.17214375000E+06	3.238632E-02	-9.040874E+01
2.17401250000E+06	3.262099E-02	-9.013710E+01
2.17588125000E+06	3.268021E-02	-8.990008E+01
2.17775000000E+06	3.231590E-02	-9.020533E+01
2.17961875000E+06	3.198348E-02	-8.985381E+01
2.18148750000E+06	3.249993E-02	-8.980957E+01
2.18335625000E+06	3.228867E-02	-9.087408E+01
2.18522500000E+06	3.201107E-02	-8.943706E+01
2.18709375000E+06	3.218332E-02	-8.958902E+01
2.18896250000E+06	3.222559E-02	-8.968747E+01
2.19083125000E+06	3.233825E-02	-8.997552E+01
2.19270000000E+06	3.254513E-02	-8.970815E+01
2.19456875000E+06	3.274205E-02	-8.970541E+01
2.19643750000E+06	3.297156E-02	-9.026125E+01
2.19830625000E+06	3.276527E-02	-8.940609E+01
2.20017500000E+06	3.257976E-02	-9.005856E+01
2.20204375000E+06	3.294887E-02	-9.033922E+01
2.20391250000E+06	3.282821E-02	-9.026711E+01
2.20578125000E+06	3.307567E-02	-8.990142E+01
2.20765000000E+06	3.320105E-02	-9.075160E+01
2.20951875000E+06	3.303244E-02	-8.998066E+01
2.21138750000E+06	3.299659E-02	-9.014314E+01
2.21325625000E+06	3.296680E-02	-8.938516E+01
2.21512500000E+06	3.299998E-02	-9.037247E+01
2.21699375000E+06	3.282086E-02	-9.032053E+01
2.21886250000E+06	3.315442E-02	-8.983614E+01
2.22073125000E+06	3.281356E-02	-8.944715E+01
2.22260000000E+06	3.348351E-02	-8.997128E+01
2.22446875000E+06	3.335198E-02	-9.004739E+01
2.22633750000E+06	3.319657E-02	-9.016114E+01
2.22820625000E+06	3.320390E-02	-9.026976E+01
2.23007500000E+06	3.309070E-02	-8.966756E+01
2.23194375000E+06	3.345975E-02	-9.041979E+01
2.23381250000E+06	3.330502E-02	-9.029282E+01
2.23568125000E+06	3.321524E-02	-8.981107E+01
2.23755000000E+06	3.335517E-02	-9.086784E+01
2.23941875000E+06	3.316890E-02	-9.047145E+01
2.24128750000E+06	3.349806E-02	-9.066537E+01
2.24315625000E+06	3.328328E-02	-8.910020E+01
2.24502500000E+06	3.378936E-02	-8.981520E+01
2.24689375000E+06	3.297314E-02	-8.977822E+01
2.24876250000E+06	3.344295E-02	-9.002493E+01
2.25063125000E+06	3.333030E-02	-9.056383E+01
2.25250000000E+06	3.388199E-02	-9.013411E+01
2.25436875000E+06	3.338441E-02	-9.010836E+01
2.25623750000E+06	3.358948E-02	-8.956085E+01
2.25810625000E+06	3.360634E-02	-9.083279E+01
2.25997500000E+06	3.349412E-02	-9.001535E+01
2.26184375000E+06	3.309128E-02	-9.049189E+01
2.26371250000E+06	3.379191E-02	-8.974211E+01
2.26558125000E+06	3.398063E-02	-9.001067E+01
2.26745000000E+06	3.375880E-02	-9.082628E+01
2.26931875000E+06	3.379413E-02	-9.069405E+01
2.27118750000E+06	3.375207E-02	-8.999310E+01
2.27305625000E+06	3.421474E-02	-9.059431E+01
2.27492500000E+06	3.396388E-02	-8.976174E+01
2.27679375000E+06	3.377927E-02	-8.974626E+01
2.27866250000E+06	3.404003E-02	-8.988359E+01
2.28053125000E+06	3.382772E-02	-8.942680E+01
2.28240000000E+06	3.378127E-02	-9.064243E+01
2.28426875000E+06	3.360006E-02	-9.024209E+01
2.28613750000E+06	3.371683E-02	-9.067254E+01
2.28800625000E+06	3.397845E-02	-9.019769E+01
2.28987500000E+06	3.436088E-02	-8.977719E+01
2.29174375000E+06	3.391376E-02	-9.039342E+01
2.29361250000E+06	3.427908E-02	-8.951639E+01
2.29548125000E+06	3.429928E-02	-8.998083E+01
2.29735000000E+06	3.422402E-02	-8.977674E+01
2.29921875000E+06	3.413244E-02	-9.002079E+01
2.30108750000E+06	3.372319E-02	-9.017623E+01
2.30295625000E+06	3.430199E-02	-9.013084E+01
2.30482500000E+06	3.416246E-02	-9.007291E+01
2.30669375000E+06	3.427018E-02	-8.991277E+01
2.30856250000E+06	3.385073E-02	-9.006969E+01
2.31043125000E+06	3.449766E-02	-8.987785E+01
2.31230000000E+06	3.458999E-02	-9.111285E+01
2.31416875000E+06	3.462342E-02	-9.033383E+01
2.31603750000E+06	3.433773E-02	-9.016867E+01
2.31790625000E+06	3.467008E-02	-8.964199E+01
2.31977500000E+06	3.440736E-02	-9.016113E+01
2.32164375000E+06	3.443515E-02	-8.971052E+01
2.32351250000E+06	3.447166E-02	-8.949785E+01
2.32538125000E+06	3.448691E-02	-8.999860E+01
2.32725000000E+06	3.492319E-02	-8.969962E+01
2.32911875000E+06	3.475114E-02	-8.958927E+01
2.33098750000E+06	3.458938E-02	-8.969248E+01
2.33285625000E+06	3.453961E-02	-9.082299E+01
2.33472500000E+06	3.470197E-02	-8.947012E+01
2.33659375000E+06	3.472310E-02	-8.998884E+01
2.33846250000E+06	3.427901E-02	-9.005602E+01
2.34033125000E+06	3.478019E-02	-9.008763E+01
2.34220000000E+06	3.461960E-02	-9.009759E+01
2.34406875000E+06	3.522891E-02	-9.034579E+01
2.34593750000E+06	3.499645E-02	-8.979099E+01
2.34780625000E+06	3.475002E-02	-9.019585E+01
2.34967500000E+06	3.487317E-02	-8.967875E+01
2.35154375000E+06	3.458021E-02	-9.009537E+01
2.35341250000E+06	3.496338E-02	-9.042707E+01
2.35528125000E+06	3.504420E-02	-9.025253E+01
2.35715000000E+06	3.503060E-02	-9.053087E+01
2.35901875000E+06	3.490508E-02	-8.991834E+01
2.36088750000E+06	3.540930E-02	-9.022674E+01
2.36275625000E+06	3.512762E-02	-8.982320E+01
2.36462500000E+06	3.527652E-02	-9.027054E+01
2.36649375000E+06	3.530490E-02	-9.011245E+01
2.36836250000E+06	3.523911E-02	-9.021175E+01
2.37023125000E+06	3.512074E-02	-9.026483E+01
2.37210000000E+06	3.510798E-02	-9.064522E+01
2.37396875000E+06	3.534587E-02	-8.972369E+01
2.37583750000E+06	3.509370E-02	-9.043945E+01
2.37770625000E+06	3.552952E-02	-8.970101E+01
2.37957500000E+06	3.551323E-02	-9.012535E+01
2.38144375000E+06	3.536741E-02	-8.960384E+01
2.38331250000E+06	3.533638E-02	-8.973455E+01
2.38518125000E+06	3.524220E-02	-9.059320E+01
2.38705000000E+06	3.547584E-02	-8.958241E+01
2.38891875000E+06	3.569326E-02	-8.997684E+01
2.39078750000E+06	3.580064E-02	-9.011230E+01
2.39265625000E+06	3.586211E-02	-9.047556E+01
2.39452500000E+06	3.549357E-02	-8.988799E+01
2.39639375000E+06	3.570274E-02	-8.943147E+01
2.39826250000E+06	3.607427E-02	-9.021785E+01
2.40013125000E+06	3.525277E-02	-8.988731E+01
2.40200000000E+06	3.547391E-02	-9.032657E+01
2.40386875000E+06	3.546304E-02	-9.073697E+01
2.40573750000E+06	3.605369E-02	-8.990415E+01
2.40760625000E+06	3.577001E-02	-9.022406E+01
2.40947500000E+06	3.613864E-02	-8.970398E+01
2.41134375000E+06	3.561459E-02	-9.028780E+01
2.41321250000E+06	3.586122E-02	-8.979319E+01
2.41508125000E+06	3.591321E-02	-8.929707E+01
2.41695000000E+06	3.580911E-02	-9.073647E+01
2.41881875000E+06	3.622644E-02	-9.019132E+01
2.42068750000E+06	3.581726E-02	-8.998149E+01
2.42255625000E+06	3.597602E-02	-9.075070E+01
2.42442500000E+06	3.626045E-02	-8.995222E+01
2.42629375000E+06	3.622353E-02	-8.969119E+01
2.42816250000E+06	3.654493E-02	-8.977789E+01
2.43003125000E+06	3.625562E-02	-8.944072E+01
2.43190000000E+06	3.639556E-02	-9.035285E+01
2.43376875000E+06	3.593034E-02	-9.084101E+01
2.43563750000E+06	3.651970E-02	-8.996758E+01
2.43750625000E+06	3.635058E-02	-9.049012E+01
2.43937500000E+06	3.658159E-02	-9.000731E+01
2.44124375000E+06	3.656251E-02	-9.005972E+01
2.44311250000E+06	3.651338E-02	-9.017790E+01
2.44498125000E+06	3.673033E-02	-9.033486E+01
2.44685000000E+06	3.633740E-02	-8.954027E+01
2.44871875000E+06	3.620966E-02	-9.022400E+01
2.45058750000E+06	3.651990E-02	-8.977478E+01
2.45245625000E+06	3.648178E-02	-9.023227E+01
2.45432500000E+06	3.645378E-02	-8.960284E+01
2.45619375000E+06	3.654725E-02	-8.954177E+01
2.45806250000E+06	3.648282E-02	-8.962333E+01
2.45993125000E+06	3.644023E-02	-9.036543E+01
2.46180000000E+06	3.653713E-02	-8.955615E+01
2.46366875000E+06	3.666545E-02	-9.003591E+01
2.46553750000E+06	3.630576E-02	-8.978567E+01
2.46740625000E+06	3.679660E-02	-9.008686E+01
2.46927500000E+06	3.678664E-02	-9.043861E+01
2.47114375000E+06	3.720582E-02	-8.962049E+01
2.47301250000E+06	3.701382E-02	-9.052216E+01
2.47488125000E+06	3.675486E-02	-9.038172E+01
2.47675000000E+06	3.655546E-02	-9.060174E+01
2.47861875000E+06	3.754767E-02	-9.038123E+01
2.48048750000E+06	3.723654E-02	-8.978078E+01
2.48235625000E+06	3.698573E-02	-9.031485E+01
2.48422500000E+06	3.679208E-02	-9.020884E+01
2.48609375000E+06	3.697839E-02	-8.976603E+01
2.48796250000E+06	3.669997E-02	-9.004427E+01
2.48983125000E+06	3.704348E-02	-8.948952E+01
2.49170000000E+06	3.732615E-02	-8.919298E+01
2.49356875000E+06	3.718045E-02	-9.030459E+01
2.49543750000E+06	3.701044E-02	-8.995992E+01
2.49730625000E+06	3.722509E-02	-8.988406E+01
2.49917500000E+06	3.711333E-02	-9.004306E+01
2.50104375000E+06	3.691162E-02	-9.064204E+01
2.50291250000E+06	3.754685E-02	-8.997856E+01
2.50478125000E+06	3.759892E-02	-8.991986E+01
2.50665000000E+06	3.759386E-02	-9.034476E+01
2.50851875000E+06	3.744617E-02	-9.058627E+01
2.51038750000E+06	3.734301E-02	-8.963804E+01
2.51225625000E+06	3.703959E-02	-9.007800E+01
2.51412500000E+06	3.761882E-02	-9.039734E+01
2.51599375000E+06	3.768656E-02	-8.951953E+01
2.51786250000E+06	3.746876E-02	-9.026159E+01
2.51973125000E+06	3.787593E-02	-9.010169E+01
2.52160000000E+06	3.753108E-02	-9.042248E+01
2.52346875000E+06	3.759845E-02	-9.023527E+01
2.52533750000E+06	3.748438E-02	-8.947373E+01
2.52720625000E+06	3.786746E-02	-8.981179E+01
2.52907500000E+06	3.762443E-02	-8.963499E+01
2.53094375000E+06	3.816456E-02	-9.048991E+01
2.53281250000E+06	3.774648E-02	-8.987241E+01
2.53468125000E+06	3.768384E-02	-9.041656E+01
2.53655000000E+06	3.771391E-02	-9.008266E+01
2.53841875000E+06	3.817339E-02	-9.026524E+01
2.54028750000E+06	3.813219E-02	-8.976929E+01
2.54215625000E+06	3.766791E-02	-9.037431E+01
2.54402500000E+06	3.792667E-02	-9.055713E+01
2.54589375000E+06	3.790885E-02	-8.963786E+01
2.54776250000E+06	3.789362E-02	-8.984387E+01
2.54963125000E+06	3.764967E-02	-9.041149E+01
2.55150000000E+06	3.804047E-02	-8.955843E+01
2.55336875000E+06	3.838883E-02	-8.999960E+01
2.55523750000E+06	3.772900E-02	-8.988448E+01
2.55710625000E+06	3.808886E-02	-8.975504E+01
2.55897500000E+06	3.806190E-02	-8.999936E+01
2.56084375000E+06	3.793659E-02	-8.983123E+01
2.56271250000E+06	3.820029E-02	-8.995206E+01
2.56458125000E+06	3.835029E-02	-9.008134E+01
2.56645000000E+06	3.825092E-02	-8.996547E+01
2.56831875000E+06	3.831459E-02	-8.958775E+01
2.57018750000E+06	3.806880E-02	-8.966048E+01
2.57205625000E+06	3.836253E-02	-9.010510E+01
2.57392500000E+06	3.810843E-02	-8.972468E+01
2.57579375000E+06	3.868509E-02	-9.041227E+01
2.57766250000E+06	3.835222E-02	-8.990264E+01
2.57953125000E+06	3.865307E-02	-9.026335E+01
2.58140000000E+06	3.857932E-02	-9.009206E+01
2.58326875000E+06	3.862170E-02	-8.996672E+01
2.58513750000E+06	3.858306E-02	-8.994946E+01
2.58700625000E+06	3.846453E-02	-9.016716E+01
2.58887500000E+06	3.864900E-02	-9.009680E+01
2.59074375000E+06	3.888598E-02	-9.031124E+01
2.59261250000E+06	3.856181E-02	-8.990674E+01
2.59448125000E+06	3.855441E-02	-9.054478E+01
2.59635000000E+06	3.865830E-02	-9.002387E+01
2.59821875000E+06	3.887461E-02	-8.961996E+01
2.60008750000E+06	3.888937E-02	-9.021423E+01
2.60195625000E+06	3.880512E-02	-8.983783E+01
2.60382500000E+06	3.868615E-02	-9.023126E+01
2.60569375000E+06	3.876657E-02	-9.046257E+01
2.60756250000E+06	3.855253E-02	-9.039485E+01
2.60943125000E+06	3.939310E-02	-9.003200E+01
2.61130000000E+06	3.863803E-02	-9.011982E+01
2.61316875000E+06	3.907751E-02	-8.998335E+01
2.61503750000E+06	3.912665E-02	-9.035515E+01
2.61690625000E+06	3.889380E-02	-8.983529E+01
2.61877500000E+06	3.900029E-02	-9.036454E+01
2.62064375000E+06	3.925270E-02	-9.044358E+01
2.62251250000E+06	3.905286E-02	-9.015372E+01
2.62438125000E+06	3.884372E-02	-9.030699E+01
2.62625000000E+06	3.941838E-02	-9.026836E+01
2.62811875000E+06	3.961679E-02	-8.996873E+01
2.62998750000E+06	3.927352E-02	-9.058103E+01
2.63185625000E+06	3.938400E-02	-8.981043E+01
2.63372500000E+06	3.914351E-02	-8.989645E+01
2.63559375000E+06	3.917055E-02	-8.958736E+01
2.63746250000E+06	3.926228E-02	-9.021348E+01
2.63933125000E+06	3.930207E-02	-9.001070E+01
2.64120000000E+06	3.936936E-02	-9.004081E+01
2.64306875000E+06	3.947750E-02	-8.973115E+01
2.64493750000E+06	3.940747E-02	-8.989331E+01
2.64680625000E+06	3.957055E-02	-8.993880E+01
2.64867500000E+06	3.964347E-02	-9.010812E+01
2.65054375000E+06	3.946416E-02	-9.009187E+01
2.65241250000E+06	3.919752E-02	-8.993674E+01
2.65428125000E+06	3.963109E-02	-8.961636E+01
2.65615000000E+06	3.920750E-02	-8.975102E+01
2.65801875000E+06	3.952421E-02	-9.025310E+01
2.65988750000E+06	3.957193E-02	-9.012484E+01
2.66175625000E+06	3.979257E-02	-8.977625E+01
2.66362500000E+06	3.956769E-02	-8.967352E+01
2.66549375000E+06	4.001517E-02	-8.988176E+01
2.66736250000E+06	3.959571E-02	-9.019088E+01
2.66923125000E+06	3.988266E-02	-8.983398E+01
2.67110000000E+06	4.011049E-02	-8.967698E+01
2.67296875000E+06	3.999920E-02	-9.023083E+01
2.67483750000E+06	3.983800E-02	-9.008722E+01
2.67670625000E+06	3.995490E-02	-8.999264E+01
2.67857500000E+06	3.994555E-02	-8.972897E+01
2.68044375000E+06	4.040110E-02	-8.958620E+01
2.68231250000E+06	4.018487E-02	-9.027182E+01
2.68418125000E+06	4.026383E-02	-8.945261E+01
2.68605000000E+06	3.992977E-02	-8.980064E+01
2.68791875000E+06	3.985322E-02	-8.942753E+01
2.68978750000E+06	4.053850E-02	-8.974446E+01
2.69165625000E+06	4.062120E-02	-9.022018E+01
2.69352500000E+06	4.012049E-02	-9.008089E+01
2.69539375000E+06	4.018885E-02	-8.978663E+01
2.69726250000E+06	3.974921E-02	-8.959448E+01
2.69913125000E+06	4.035285E-02	-8.958720E+01
2.70100000000E+06	3.993135E-02	-8.989701E+01
2.70286875000E+06	4.035352E-02	-9.073044E+01
2.70473750000E+06	4.059961E-02	-8.969522E+01
2.70660625000E+06	4.039817E-02	-9.009513E+01
2.70847500000E+06	4.007141E-02	-9.060447E+01
2.71034375000E+06	4.054569E-02	-9.038320E+01
2.71221250000E+06	4.029143E-02	-9.030219E+01
2.71408125000E+06	4.039222E-02	-8.953223E+01
2.71595000000E+06	4.079698E-02	-8.971608E+01
2.71781875000E+06	4.043962E-02	-9.014158E+01
2.71968750000E+06	3.990014E-02	-9.013528E+01
2.72155625000E+06	4.023975E-02	-9.033751E+01
2.72342500000E+06	4.052905E-02	-9.023732E+01
2.72529375000E+06	4.075857E-02	-8.982273E+01
2.72716250000E+06	4.125215E-02	-9.044113E+01
2.72903125000E+06	4.087807E-02	-9.023554E+01
2.73090000000E+06	4.068796E-02	-9.026788E+01
2.73276875000E+06	4.114017E-02	-8.955605E+01
2.73463750000E+06	4.092299E-02	-8.935873E+01
2.73650625000E+06	4.100253E-02	-9.008607E+01
2.73837500000E+06	4.064133E-02	-8.977119E+01
2.74024375000E+06	4.080976E-02	-8.995390E+01
2.74211250000E+06	4.074775E-02	-8.983228E+01
2.74398125000E+06	4.084694E-02	-8.925623E+01
2.74585000000E+06	4.086714E-02	-8.992744E+01
2.74771875000E+06	4.106021E-02	-8.993832E+01
2.74958750000E+06	4.132558E-02	-8.952878E+01
2.75145625000E+06	4.127472E-02	-8.998666E+01
2.75332500000E+06	4.082486E-02	-8.984041E+01
2.75519375000E+06	4.120040E-02	-9.007397E+01
2.75706250000E+06	4.127417E-02	-9.042682E+01
2.75893125000E+06	4.119081E-02	-9.036969E+01
2.76080000000E+06	4.145708E-02	-8.996185E+01
2.76266875000E+06	4.128129E-02	-9.035839E+01
2.76453750000E+06	4.151045E-02	-9.038695E+01
2.76640625000E+06	4.126626E-02	-9.026319E+01
2.76827500000E+06	4.196037E-02	-9.001637E+01
2.77014375000E+06	4.161966E-02	-9.019071E+01
2.77201250000E+06	4.120764E-02	-9.025836E+01
2.77388125000E+06	4.122683E-02	-8.988908E+01
2.77575000000E+06	4.121022E-02	-9.010162E+01
2.77761875000E+06	4.176484E-02	-8.954311E+01
2.77948750000E+06	4.155328E-02	-8.911406E+01
2.78135625000E+06	4.161077E-02	-9.055558E+01
2.78322500000E+06	4.161909E-02	-8.986530E+01
2.78509375000E+06	4.163276E-02	-9.024264E+01
2.78696250000E+06	4.163188E-02	-9.002724E+01
2.78883125000E+06	4.160840E-02	-8.991595E+01
2.79070000000E+06	4.136859E-02	-8.980323E+01
2.79256875000E+06	4.180373E-02	-8.974554E+01
2.79443750000E+06	4.189089E-02	-9.024950E+01
2.79630625000E+06	4.200188E-02	-8.993655E+01
2.79817500000E+06	4.187543E-02	-9.000604E+01
2.80004375000E+06	4.192787E-02	-8.987626E+01
2.80191250000E+06	4.189314E-02	-9.023408E+01
2.80378125000E+06	4.184730E-02	-8.989162E+01
2.80565000000E+06	4.144181E-02	-8.983021E+01
2.80751875000E+06	4.209957E-02	-9.001826E+01
2.80938750000E+06	4.179877E-02	-8.980392E+01
2.81125625000E+06	4.193677E-02	-8.953416E+01
2.81312500000E+06	4.252744E-02	-9.018790E+01
2.81499375000E+06	4.203799E-02	-9.023362E+01
2.81686250000E+06	4.220698E-02	-8.973761E+01
2.81873125000E+06	4.219745E-02	-9.045682E+01
2.82060000000E+06	4.225687E-02	-8.994016E+01
2.82246875000E+06	4.229595E-02	-9.014375E+01
2.82433750000E+06	4.216134E-02	-8.971321E+01
2.82620625000E+06	4.195990E-02	-9.004703E+01
2.82807500000E+06	4.209705E-02	-9.070025E+01
2.82994375000E+06	4.222900E-02	-9.006504E+01
2.83181250000E+06	4.209017E-02	-8.966466E+01
2.83368125000E+06	4.251750E-02	-8.989980E+01
2.83555000000E+06	4.252735E-02	-9.033598E+01
2.83741875000E+06	4.217043E-02	-9.041568E+01
2.83928750000E+06	4.221055E-02	-8.985622E+01
2.84115625000E+06	4.254017E-02	-9.000507E+01
2.84302500000E+06	4.246989E-02	-8.934379E+01
2.84489375000E+06	4.248368E-02	-9.006988E+01
2.84676250000E+06	4.279490E-02	-9.027876E+01
2.84863125000E+06	4.270998E-02	-9.001604E+01
2.85050000000E+06	4.258988E-02	-9.034145E+01
2.85236875000E+06	4.262618E-02	-8.952119E+01
2.85423750000E+06	4.285311E-02	-8.998557E+01
2.85610625000E+06	4.259753E-02	-8.993908E+01
2.85797500000E+06	4.237042E-02	-9.018938E+01
2.85984375000E+06	4.303140E-02	-8.968156E+01
2.86171250000E+06	4.282787E-02	-9.000462E+01
2.86358125000E+06	4.292540E-02	-8.963036E+01
2.86545000000E+06	4.308816E-02	-9.031270E+01
2.86731875000E+06	4.326502E-02	-9.008546E+01
2.86918750000E+06	4.276139E-02	-8.936952E+01
2.87105625000E+06	4.272611E-02	-9.019851E+01
2.87292500000E+06	4.302950E-02	-8.996815E+01
2.87479375000E+06	4.300967E-02	-9.048210E+01
2.87666250000E+06	4.308893E-02	-8.999149E+01
2.87853125000E+06	4.335796E-02	-8.971145E+01
2.88040000000E+06	4.334919E-02	-8.960119E+01
2.88226875000E+06	4.278959E-02	-9.045779E+01
2.88413750000E+06	4.328741E-02	-9.008524E+01
2.88600625000E+06	4.345005E-02	-8.964223E+01
2.88787500000E+06	4.352755E-02	-8.950369E+01
2.88974375000E+06	4.347129E-02	-8.989326E+01
2.89161250000E+06	4.284724E-02	-8.960408E+01
2.89348125000E+06	4.347653E-02	-9.043832E+01
2.89535000000E+06	4.350575E-02	-9.014132E+01
2.89721875000E+06	4.333025E-02	-9.002132E+01
2.89908750000E+06	4.319986E-02	-8.989243E+01
2.90095625000E+06	4.342444E-02	-9.033730E+01
2.90282500000E+06	4.334858E-02	-9.024881E+01
2.90469375000E+06	4.366073E-02	-8.995482E+01
2.90656250000E+06	4.338899E-02	-9.026601E+01
2.90843125000E+06	4.353789E-02	-9.044405E+01
2.91030000000E+06	4.362470E-02	-8.955257E+01
2.91216875000E+06	4.364232E-02	-9.008474E+01
2.91403750000E+06	4.371461E-02	-9.029885E+01
2.91590625000E+06	4.371925E-02	-9.033076E+01
2.91777500000E+06	4.396169E-02	-9.007856E+01
2.91964375000E+06	4.367714E-02	-8.992370E+01
2.92151250000E+06	4.344253E-02	-8.985143E+01
2.92338125000E+06	4.355699E-02	-9.031016E+01
2.92525000000E+06	4.359188E-02	-8.964195E+01
2.92711875000E+06	4.415400E-02	-8.996605E+01
2.92898750000E+06	4.406746E-02	-8.997786E+01
2.93085625000E+06	4.406951E-02	-8.959580E+01
2.93272500000E+06	4.350810E-02	-8.967242E+01
2.93459375000E+06	4.399266E-02	-8.991966E+01
2.93646250000E+06	4.352964E-02	-8.994109E+01
2.93833125000E+06	4.451298E-02	-8.996609E+01
2.94020000000E+06	4.433881E-02	-8.995770E+01
2.94206875000E+06	4.393009E-02	-8.962789E+01
2.94393750000E+06	4.435758E-02	-9.014141E+01
2.94580625000E+06	4.422040E-02	-9.019003E+01
2.94767500000E+06	4.412035E-02	-9.012216E+01
2.94954375000E+06	4.436294E-02	-8.985078E+01
2.95141250000E+06	4.416260E-02	-8.985617E+01
2.95328125000E+06	4.466952E-02	-8.959467E+01
2.95515000000E+06	4.386866E-02	-8.956692E+01
2.95701875000E+06	4.468509E-02	-8.997116E+01
2.95888750000E+06	4.430399E-02	-9.026008E+01
2.96075625000E+06	4.416849E-02	-8.975735E+01
2.96262500000E+06	4.423439E-02	-8.991174E+01
2.96449375000E+06	4.422761E-02	-9.016074E+01
2.96636250000E+06	4.437154E-02	-9.011160E+01
2.96823125000E+06	4.461778E-02	-8.965128E+01
2.97010000000E+06	4.480096E-02	-8.981951E+01
2.97196875000E+06	4.441363E-02	-8.970589E+01
2.97383750000E+06	4.480205E-02	-9.014732E+01
2.97570625000E+06	4.458088E-02	-8.994405E+01
2.97757500000E+06	4.468362E-02	-8.962467E+01
2.97944375000E+06	4.480653E-02	-8.984859E+01
2.98131250000E+06	4.459232E-02	-9.001727E+01
2.98318125000E+06	4.465948E-02	-9.039050E+01
2.98505000000E+06	4.505019E-02	-9.003468E+01
2.98691875000E+06	4.470456E-02	-9.008144E+01
2.98878750000E+06	4.463306E-02	-8.990282E+01
2.99065625000E+06	4.456910E-02	-8.978506E+01
2.99252500000E+06	4.511251E-02	-9.024912E+01
2.99439375000E+06	4.501153E-02	-9.033645E+01
2.99626250000E+06	4.496490E-02	-9.021392E+01
2.99813125000E+06	4.492790E-02	-8.978342E+01
3.00000000000E+06	4.464870E-02	-9.007964E+01
