"E5100A REV3.14"
"DATE: Jun 28 2004"



"CHANNEL: 2"
"MEASURE TYPE: AR"
"FORMAT TYPE: LINMP"
"NUMBER of POINTS: 1601"
"SWEEP TIME:  3.458 s"
"SWEEP TYPE: LINF"
"SOURCE POWER: 0 dBm"
"IF BANDWIDTH: 500 Hz"

"Frequency"	"Main Array"	"Sub Array"
1.00000000000E+04	8.777367E-02	-1.852707E+01
1.18687500000E+04	2.611112E-02	6.768553E+00
1.37375000000E+04	7.006302E-02	-3.089090E+01
1.56062500000E+04	4.772045E-02	-3.377297E+01
1.74750000000E+04	5.365391E-02	-3.406458E+01
1.93437500000E+04	3.953271E-02	-4.045010E+01
2.12125000000E+04	4.264469E-02	-4.485854E+01
2.30812500000E+04	4.122195E-02	-4.232736E+01
2.49500000000E+04	3.819937E-02	-5.273122E+01
2.68187500000E+04	4.046807E-02	-5.306512E+01
2.86875000000E+04	3.805899E-02	-5.297458E+01
3.05562500000E+04	3.545239E-02	-5.658254E+01
3.24250000000E+04	3.384009E-02	-5.450430E+01
3.42937500000E+04	3.206708E-02	-5.430645E+01
3.61625000000E+04	3.025806E-02	-5.495241E+01
3.80312500000E+04	3.006897E-02	-5.318553E+01
3.99000000000E+04	2.934396E-02	-5.712098E+01
4.17687500000E+04	2.636804E-02	-6.025163E+01
4.36375000000E+04	2.604074E-02	-6.236739E+01
4.55062500000E+04	2.505157E-02	-5.867139E+01
4.73750000000E+04	2.541260E-02	-6.093058E+01
4.92437500000E+04	2.455829E-02	-6.496185E+01
5.11125000000E+04	2.298452E-02	-6.239969E+01
5.29812500000E+04	2.137358E-02	-6.486693E+01
5.48500000000E+04	2.096245E-02	-6.211385E+01
5.67187500000E+04	1.944700E-02	-6.828657E+01
5.85875000000E+04	1.892115E-02	-6.297504E+01
6.04562500000E+04	1.669841E-02	-6.270279E+01
6.23250000000E+04	1.616220E-02	-6.094785E+01
6.41937500000E+04	1.589178E-02	-5.509399E+01
6.60625000000E+04	1.382148E-02	-5.360971E+01
6.79312500000E+04	1.458556E-02	-4.987206E+01
6.98000000000E+04	1.456932E-02	-4.540755E+01
7.16687500000E+04	1.431526E-02	-4.090731E+01
7.35375000000E+04	1.456330E-02	-4.169751E+01
7.54062500000E+04	1.434484E-02	-3.565022E+01
7.72750000000E+04	1.573291E-02	-3.627682E+01
7.91437500000E+04	1.712064E-02	-3.325876E+01
8.10125000000E+04	1.751186E-02	-3.503542E+01
8.28812500000E+04	1.814909E-02	-3.693953E+01
8.47500000000E+04	1.852353E-02	-3.754743E+01
8.66187500000E+04	1.854371E-02	-3.826515E+01
8.84875000000E+04	1.909134E-02	-4.335246E+01
9.03562500000E+04	2.075547E-02	-3.828377E+01
9.22250000000E+04	1.940468E-02	-4.451753E+01
9.40937500000E+04	1.899537E-02	-4.978331E+01
9.59625000000E+04	1.898424E-02	-4.954450E+01
9.78312500000E+04	1.878681E-02	-5.061848E+01
9.97000000000E+04	1.896960E-02	-5.263984E+01
1.01568750000E+05	1.796320E-02	-5.397668E+01
1.03437500000E+05	1.755984E-02	-5.305621E+01
1.05306250000E+05	1.990844E-02	-4.915308E+01
1.07175000000E+05	1.805916E-02	-5.608527E+01
1.09043750000E+05	1.755661E-02	-5.543353E+01
1.10912500000E+05	1.246588E-02	-6.591279E+01
1.12781250000E+05	1.713667E-02	-5.664129E+01
1.14650000000E+05	1.685263E-02	-5.855130E+01
1.16518750000E+05	1.734240E-02	-5.886560E+01
1.18387500000E+05	1.660530E-02	-5.927942E+01
1.20256250000E+05	1.604361E-02	-6.085252E+01
1.22125000000E+05	1.588511E-02	-6.075016E+01
1.23993750000E+05	1.504433E-02	-6.400178E+01
1.25862500000E+05	1.507760E-02	-6.255545E+01
1.27731250000E+05	1.503085E-02	-6.158033E+01
1.29600000000E+05	1.488616E-02	-6.341584E+01
1.31468750000E+05	1.378384E-02	-6.548834E+01
1.33337500000E+05	1.515318E-02	-7.207716E+01
1.35206250000E+05	1.475752E-02	-6.516821E+01
1.37075000000E+05	1.323462E-02	-6.613827E+01
1.38943750000E+05	1.340581E-02	-6.154145E+01
1.40812500000E+05	1.511388E-02	-6.610164E+01
1.42681250000E+05	1.440941E-02	-6.646564E+01
1.44550000000E+05	1.424268E-02	-6.657237E+01
1.46418750000E+05	1.366373E-02	-6.687141E+01
1.48287500000E+05	1.316030E-02	-6.753233E+01
1.50156250000E+05	1.325794E-02	-6.903401E+01
1.52025000000E+05	1.320555E-02	-6.671974E+01
1.53893750000E+05	1.270198E-02	-6.840089E+01
1.55762500000E+05	1.234835E-02	-6.657672E+01
1.57631250000E+05	1.194586E-02	-6.991412E+01
1.59500000000E+05	1.287657E-02	-6.441682E+01
1.61368750000E+05	1.238200E-02	-7.122515E+01
1.63237500000E+05	1.169765E-02	-6.896693E+01
1.65106250000E+05	1.209898E-02	-6.944744E+01
1.66975000000E+05	1.348469E-02	-6.422841E+01
1.68843750000E+05	1.174449E-02	-7.024107E+01
1.70712500000E+05	1.180177E-02	-6.763766E+01
1.72581250000E+05	1.082772E-02	-7.136330E+01
1.74450000000E+05	1.116673E-02	-6.961148E+01
1.76318750000E+05	1.120827E-02	-7.033353E+01
1.78187500000E+05	1.075099E-02	-7.081969E+01
1.80056250000E+05	1.090332E-02	-7.167819E+01
1.81925000000E+05	1.068756E-02	-7.152785E+01
1.83793750000E+05	1.044403E-02	-7.235442E+01
1.85662500000E+05	1.028545E-02	-7.318822E+01
1.87531250000E+05	1.052918E-02	-7.045854E+01
1.89400000000E+05	1.006609E-02	-7.152866E+01
1.91268750000E+05	1.035329E-02	-6.830558E+01
1.93137500000E+05	1.017517E-02	-7.250858E+01
1.95006250000E+05	1.005649E-02	-7.033929E+01
1.96875000000E+05	1.011539E-02	-7.191079E+01
1.98743750000E+05	1.016467E-02	-7.009173E+01
2.00612500000E+05	1.033404E-02	-7.020982E+01
2.02481250000E+05	9.622134E-03	-7.355019E+01
2.04350000000E+05	9.659245E-03	-7.127663E+01
2.06218750000E+05	9.532286E-03	-7.185175E+01
2.08087500000E+05	9.521008E-03	-7.268227E+01
2.09956250000E+05	9.804960E-03	-7.205798E+01
2.11825000000E+05	9.105593E-03	-7.174016E+01
2.13693750000E+05	9.099736E-03	-7.109814E+01
2.15562500000E+05	8.782932E-03	-7.159399E+01
2.17431250000E+05	9.451370E-03	-7.230359E+01
2.19300000000E+05	9.240553E-03	-7.272369E+01
2.21168750000E+05	8.918671E-03	-7.279129E+01
2.23037500000E+05	9.010654E-03	-7.083500E+01
2.24906250000E+05	8.973290E-03	-7.221404E+01
2.26775000000E+05	9.222023E-03	-7.046986E+01
2.28643750000E+05	8.988581E-03	-7.223244E+01
2.30512500000E+05	9.320330E-03	-7.228817E+01
2.32381250000E+05	8.899912E-03	-7.163837E+01
2.34250000000E+05	9.014329E-03	-7.379263E+01
2.36118750000E+05	1.002835E-02	-7.180698E+01
2.37987500000E+05	8.876271E-03	-7.116001E+01
2.39856250000E+05	9.295426E-03	-7.232823E+01
2.41725000000E+05	9.062173E-03	-7.473619E+01
2.43593750000E+05	9.619667E-03	-7.632497E+01
2.45462500000E+05	9.285690E-03	-7.624712E+01
2.47331250000E+05	9.299094E-03	-7.688194E+01
2.49200000000E+05	9.198130E-03	-7.780196E+01
2.51068750000E+05	8.853975E-03	-8.263383E+01
2.52937500000E+05	8.839983E-03	-7.960384E+01
2.54806250000E+05	8.742762E-03	-8.229195E+01
2.56675000000E+05	8.355006E-03	-8.239509E+01
2.58543750000E+05	8.187998E-03	-8.131117E+01
2.60412500000E+05	8.056664E-03	-8.279257E+01
2.62281250000E+05	8.089257E-03	-8.203889E+01
2.64150000000E+05	7.849591E-03	-8.272424E+01
2.66018750000E+05	7.464775E-03	-8.347805E+01
2.67887500000E+05	7.440392E-03	-8.179832E+01
2.69756250000E+05	7.559727E-03	-8.613379E+01
2.71625000000E+05	7.359703E-03	-8.176120E+01
2.73493750000E+05	7.376633E-03	-8.373858E+01
2.75362500000E+05	7.061347E-03	-7.919801E+01
2.77231250000E+05	7.204603E-03	-8.441343E+01
2.79100000000E+05	7.040169E-03	-8.581823E+01
2.80968750000E+05	6.723881E-03	-8.531104E+01
2.82837500000E+05	6.926517E-03	-8.356308E+01
2.84706250000E+05	6.993295E-03	-8.221584E+01
2.86575000000E+05	6.819768E-03	-8.581877E+01
2.88443750000E+05	6.489135E-03	-8.734168E+01
2.90312500000E+05	6.837440E-03	-8.671064E+01
2.92181250000E+05	6.382238E-03	-8.251265E+01
2.94050000000E+05	6.480278E-03	-8.393204E+01
2.95918750000E+05	6.713537E-03	-8.514931E+01
2.97787500000E+05	6.344794E-03	-8.002622E+01
2.99656250000E+05	6.086268E-03	-8.255479E+01
3.01525000000E+05	6.162938E-03	-8.389107E+01
3.03393750000E+05	6.208756E-03	-8.354219E+01
3.05262500000E+05	6.006052E-03	-7.768050E+01
3.07131250000E+05	6.419749E-03	-8.134974E+01
3.09000000000E+05	5.927185E-03	-8.388215E+01
3.10868750000E+05	6.071200E-03	-8.406893E+01
3.12737500000E+05	6.165369E-03	-8.266167E+01
3.14606250000E+05	5.658082E-03	-8.009872E+01
3.16475000000E+05	5.992382E-03	-8.456094E+01
3.18343750000E+05	5.645777E-03	-8.392207E+01
3.20212500000E+05	5.598399E-03	-7.598926E+01
3.22081250000E+05	5.814436E-03	-8.340022E+01
3.23950000000E+05	5.933815E-03	-8.124433E+01
3.25818750000E+05	5.264874E-03	-8.099931E+01
3.27687500000E+05	5.690344E-03	-8.200677E+01
3.29556250000E+05	5.810561E-03	-8.084830E+01
3.31425000000E+05	6.003463E-03	-8.238268E+01
3.33293750000E+05	5.276189E-03	-7.793247E+01
3.35162500000E+05	5.516917E-03	-8.133237E+01
3.37031250000E+05	5.565570E-03	-8.450794E+01
3.38900000000E+05	5.530376E-03	-8.333201E+01
3.40768750000E+05	5.549956E-03	-8.117970E+01
3.42637500000E+05	5.252505E-03	-8.084679E+01
3.44506250000E+05	4.822151E-03	-7.992534E+01
3.46375000000E+05	5.267221E-03	-7.637965E+01
3.48243750000E+05	5.297164E-03	-8.187093E+01
3.50112500000E+05	5.125806E-03	-7.871310E+01
3.51981250000E+05	5.114520E-03	-8.199752E+01
3.53850000000E+05	5.096020E-03	-8.029911E+01
3.55718750000E+05	5.300211E-03	-7.913689E+01
3.57587500000E+05	4.955779E-03	-8.257459E+01
3.59456250000E+05	4.942564E-03	-8.033286E+01
3.61325000000E+05	4.783824E-03	-8.153819E+01
3.63193750000E+05	5.067152E-03	-7.981487E+01
3.65062500000E+05	5.113118E-03	-8.145986E+01
3.66931250000E+05	4.742754E-03	-7.835448E+01
3.68800000000E+05	5.111747E-03	-8.294466E+01
3.70668750000E+05	4.722815E-03	-7.658849E+01
3.72537500000E+05	4.765867E-03	-8.221843E+01
3.74406250000E+05	4.780559E-03	-8.100553E+01
3.76275000000E+05	4.463657E-03	-7.841494E+01
3.78143750000E+05	4.818608E-03	-8.296587E+01
3.80012500000E+05	4.562922E-03	-8.205550E+01
3.81881250000E+05	4.668949E-03	-8.001389E+01
3.83750000000E+05	4.613550E-03	-8.206920E+01
3.85618750000E+05	4.533116E-03	-8.654668E+01
3.87487500000E+05	4.734107E-03	-8.254678E+01
3.89356250000E+05	4.601577E-03	-8.199358E+01
3.91225000000E+05	4.499315E-03	-7.784593E+01
3.93093750000E+05	4.420696E-03	-8.020316E+01
3.94962500000E+05	4.349940E-03	-8.178497E+01
3.96831250000E+05	4.536814E-03	-8.096111E+01
3.98700000000E+05	4.615372E-03	-8.301815E+01
4.00568750000E+05	4.496489E-03	-8.011311E+01
4.02437500000E+05	4.403318E-03	-8.046625E+01
4.04306250000E+05	4.417042E-03	-8.433665E+01
4.06175000000E+05	4.479595E-03	-8.004225E+01
4.08043750000E+05	4.469546E-03	-7.820580E+01
4.09912500000E+05	4.259831E-03	-7.835021E+01
4.11781250000E+05	3.985353E-03	-8.141209E+01
4.13650000000E+05	4.062386E-03	-8.148202E+01
4.15518750000E+05	4.301059E-03	-8.263219E+01
4.17387500000E+05	4.242701E-03	-8.080164E+01
4.19256250000E+05	4.344285E-03	-7.470671E+01
4.21125000000E+05	4.279577E-03	-8.131893E+01
4.22993750000E+05	3.805120E-03	-8.386834E+01
4.24862500000E+05	4.050269E-03	-8.393000E+01
4.26731250000E+05	3.981350E-03	-8.126181E+01
4.28600000000E+05	3.972785E-03	-8.351659E+01
4.30468750000E+05	3.981590E-03	-8.152453E+01
4.32337500000E+05	4.190288E-03	-7.826177E+01
4.34206250000E+05	4.164209E-03	-7.775743E+01
4.36075000000E+05	3.989792E-03	-8.034190E+01
4.37943750000E+05	4.035645E-03	-7.833902E+01
4.39812500000E+05	3.899215E-03	-8.165204E+01
4.41681250000E+05	3.927668E-03	-7.889002E+01
4.43550000000E+05	4.015270E-03	-8.194131E+01
4.45418750000E+05	4.128904E-03	-8.075359E+01
4.47287500000E+05	4.115146E-03	-8.539241E+01
4.49156250000E+05	4.036547E-03	-8.180183E+01
4.51025000000E+05	3.689954E-03	-8.234515E+01
4.52893750000E+05	3.838179E-03	-8.077672E+01
4.54762500000E+05	3.841767E-03	-7.987124E+01
4.56631250000E+05	3.688621E-03	-8.361578E+01
4.58500000000E+05	3.790603E-03	-8.132937E+01
4.60368750000E+05	3.504604E-03	-8.075083E+01
4.62237500000E+05	3.826421E-03	-8.187045E+01
4.64106250000E+05	3.949637E-03	-8.403738E+01
4.65975000000E+05	3.833486E-03	-7.942676E+01
4.67843750000E+05	3.813919E-03	-8.287249E+01
4.69712500000E+05	4.028346E-03	-7.895406E+01
4.71581250000E+05	3.931418E-03	-8.154780E+01
4.73450000000E+05	3.738518E-03	-8.029484E+01
4.75318750000E+05	3.513428E-03	-8.043320E+01
4.77187500000E+05	3.662129E-03	-7.934303E+01
4.79056250000E+05	4.023071E-03	-8.221347E+01
4.80925000000E+05	3.592007E-03	-8.075387E+01
4.82793750000E+05	3.662825E-03	-8.271486E+01
4.84662500000E+05	3.687960E-03	-8.498565E+01
4.86531250000E+05	4.030638E-03	-7.953130E+01
4.88400000000E+05	3.710400E-03	-8.220268E+01
4.90268750000E+05	3.725426E-03	-7.822240E+01
4.92137500000E+05	3.829258E-03	-7.757115E+01
4.94006250000E+05	3.353012E-03	-8.412657E+01
4.95875000000E+05	3.705970E-03	-8.004929E+01
4.97743750000E+05	3.663009E-03	-8.151698E+01
4.99612500000E+05	3.610878E-03	-8.232868E+01
5.01481250000E+05	3.655523E-03	-7.911666E+01
5.03350000000E+05	3.520425E-03	-7.983446E+01
5.05218750000E+05	3.455608E-03	-8.438523E+01
5.07087500000E+05	3.498080E-03	-8.661291E+01
5.08956250000E+05	3.637404E-03	-8.400480E+01
5.10825000000E+05	3.537485E-03	-8.521191E+01
5.12693750000E+05	3.363288E-03	-8.462324E+01
5.14562500000E+05	3.540044E-03	-8.671072E+01
5.16431250000E+05	3.292617E-03	-8.624455E+01
5.18300000000E+05	3.322336E-03	-8.777853E+01
5.20168750000E+05	3.227965E-03	-9.269498E+01
5.22037500000E+05	3.243328E-03	-8.903152E+01
5.23906250000E+05	3.236653E-03	-8.926536E+01
5.25775000000E+05	3.326245E-03	-8.770040E+01
5.27643750000E+05	3.461492E-03	-8.900982E+01
5.29512500000E+05	3.070533E-03	-9.050748E+01
5.31381250000E+05	3.345467E-03	-8.927657E+01
5.33250000000E+05	3.262491E-03	-8.397679E+01
5.35118750000E+05	3.145737E-03	-8.489220E+01
5.36987500000E+05	3.041634E-03	-8.572474E+01
5.38856250000E+05	3.103195E-03	-8.996980E+01
5.40725000000E+05	2.959687E-03	-9.486597E+01
5.42593750000E+05	3.100086E-03	-8.982942E+01
5.44462500000E+05	2.839206E-03	-8.908207E+01
5.46331250000E+05	2.659894E-03	-8.170321E+01
5.48200000000E+05	2.782681E-03	-8.481040E+01
5.50068750000E+05	2.583144E-03	-8.651211E+01
5.51937500000E+05	2.740774E-03	-8.917732E+01
5.53806250000E+05	3.027950E-03	-8.760737E+01
5.55675000000E+05	2.974645E-03	-8.804851E+01
5.57543750000E+05	2.738488E-03	-8.471152E+01
5.59412500000E+05	2.731504E-03	-8.407814E+01
5.61281250000E+05	2.885053E-03	-8.398975E+01
5.63150000000E+05	2.732998E-03	-8.551028E+01
5.65018750000E+05	2.735757E-03	-8.837140E+01
5.66887500000E+05	2.677695E-03	-8.897431E+01
5.68756250000E+05	2.810149E-03	-9.234460E+01
5.70625000000E+05	2.784146E-03	-8.500688E+01
5.72493750000E+05	2.773231E-03	-8.848602E+01
5.74362500000E+05	2.751948E-03	-8.486386E+01
5.76231250000E+05	2.653731E-03	-8.944699E+01
5.78100000000E+05	2.630692E-03	-8.653867E+01
5.79968750000E+05	2.536733E-03	-8.963073E+01
5.81837500000E+05	2.603193E-03	-8.353997E+01
5.83706250000E+05	2.470355E-03	-8.624045E+01
5.85575000000E+05	2.502536E-03	-8.561595E+01
5.87443750000E+05	2.623065E-03	-8.891485E+01
5.89312500000E+05	2.628258E-03	-8.946512E+01
5.91181250000E+05	2.212023E-03	-8.682714E+01
5.93050000000E+05	2.332496E-03	-8.868349E+01
5.94918750000E+05	2.303437E-03	-8.194357E+01
5.96787500000E+05	2.501950E-03	-8.866015E+01
5.98656250000E+05	2.437290E-03	-8.473792E+01
6.00525000000E+05	2.547615E-03	-8.205418E+01
6.02393750000E+05	2.458637E-03	-8.320708E+01
6.04262500000E+05	2.456412E-03	-8.656772E+01
6.06131250000E+05	2.423763E-03	-8.010417E+01
6.08000000000E+05	2.485248E-03	-8.693966E+01
6.09868750000E+05	2.571019E-03	-8.288223E+01
6.11737500000E+05	2.429064E-03	-8.756711E+01
6.13606250000E+05	2.291516E-03	-8.816704E+01
6.15475000000E+05	2.162244E-03	-8.421239E+01
6.17343750000E+05	2.472394E-03	-8.812717E+01
6.19212500000E+05	2.544600E-03	-8.329055E+01
6.21081250000E+05	2.468860E-03	-8.172743E+01
6.22950000000E+05	2.132517E-03	-8.556758E+01
6.24818750000E+05	2.362252E-03	-8.768513E+01
6.26687500000E+05	2.311857E-03	-8.736240E+01
6.28556250000E+05	2.600217E-03	-8.990238E+01
6.30425000000E+05	2.170910E-03	-8.807982E+01
6.32293750000E+05	2.143007E-03	-8.008501E+01
6.34162500000E+05	2.169433E-03	-7.885371E+01
6.36031250000E+05	2.186660E-03	-8.850829E+01
6.37900000000E+05	2.331859E-03	-8.794401E+01
6.39768750000E+05	2.247122E-03	-8.474097E+01
6.41637500000E+05	2.102674E-03	-8.302476E+01
6.43506250000E+05	2.053028E-03	-8.372781E+01
6.45375000000E+05	2.232930E-03	-8.358520E+01
6.47243750000E+05	2.098962E-03	-8.315786E+01
6.49112500000E+05	2.234942E-03	-8.524575E+01
6.50981250000E+05	2.047392E-03	-7.831155E+01
6.52850000000E+05	2.147948E-03	-8.486782E+01
6.54718750000E+05	2.238170E-03	-8.797142E+01
6.56587500000E+05	1.816262E-03	-7.879542E+01
6.58456250000E+05	2.112326E-03	-8.560897E+01
6.60325000000E+05	2.032131E-03	-8.783975E+01
6.62193750000E+05	2.155471E-03	-8.140545E+01
6.64062500000E+05	2.289165E-03	-8.127153E+01
6.65931250000E+05	2.157146E-03	-8.967892E+01
6.67800000000E+05	1.918750E-03	-7.956493E+01
6.69668750000E+05	2.018031E-03	-8.312389E+01
6.71537500000E+05	2.003564E-03	-8.255782E+01
6.73406250000E+05	1.939160E-03	-8.466327E+01
6.75275000000E+05	2.022200E-03	-8.082889E+01
6.77143750000E+05	1.995849E-03	-8.394387E+01
6.79012500000E+05	1.968523E-03	-8.819567E+01
6.80881250000E+05	1.927822E-03	-8.078542E+01
6.82750000000E+05	1.997938E-03	-8.954846E+01
6.84618750000E+05	1.904549E-03	-8.469980E+01
6.86487500000E+05	1.948073E-03	-8.051425E+01
6.88356250000E+05	1.922711E-03	-8.652724E+01
6.90225000000E+05	1.899812E-03	-8.205917E+01
6.92093750000E+05	1.903841E-03	-8.458128E+01
6.93962500000E+05	1.948789E-03	-8.457154E+01
6.95831250000E+05	1.894013E-03	-8.606366E+01
6.97700000000E+05	1.920234E-03	-9.039822E+01
6.99568750000E+05	1.840530E-03	-8.862164E+01
7.01437500000E+05	1.893501E-03	-8.098272E+01
7.03306250000E+05	1.916576E-03	-8.333512E+01
7.05175000000E+05	1.826608E-03	-8.869917E+01
7.07043750000E+05	1.980650E-03	-8.265047E+01
7.08912500000E+05	1.888969E-03	-8.222931E+01
7.10781250000E+05	1.626421E-03	-8.796962E+01
7.12650000000E+05	1.758896E-03	-8.798953E+01
7.14518750000E+05	1.796565E-03	-8.617302E+01
7.16387500000E+05	1.872392E-03	-8.655795E+01
7.18256250000E+05	1.682665E-03	-8.625426E+01
7.20125000000E+05	1.697844E-03	-8.531788E+01
7.21993750000E+05	1.995340E-03	-8.503391E+01
7.23862500000E+05	1.468106E-03	-7.656011E+01
7.25731250000E+05	1.639499E-03	-8.489072E+01
7.27600000000E+05	1.690032E-03	-8.334784E+01
7.29468750000E+05	1.621562E-03	-8.323445E+01
7.31337500000E+05	1.717290E-03	-7.693909E+01
7.33206250000E+05	1.635283E-03	-8.620171E+01
7.35075000000E+05	1.705700E-03	-8.102811E+01
7.36943750000E+05	1.679031E-03	-8.812189E+01
7.38812500000E+05	1.698736E-03	-8.519434E+01
7.40681250000E+05	1.481514E-03	-8.476880E+01
7.42550000000E+05	1.958531E-03	-8.994588E+01
7.44418750000E+05	1.601864E-03	-8.856343E+01
7.46287500000E+05	1.644338E-03	-9.213863E+01
7.48156250000E+05	1.658923E-03	-8.675725E+01
7.50025000000E+05	1.620458E-03	-9.282711E+01
7.51893750000E+05	1.618497E-03	-8.042305E+01
7.53762500000E+05	1.703789E-03	-8.356802E+01
7.55631250000E+05	1.714859E-03	-9.109525E+01
7.57500000000E+05	1.641530E-03	-8.658662E+01
7.59368750000E+05	1.372584E-03	-8.664675E+01
7.61237500000E+05	1.389810E-03	-8.035072E+01
7.63106250000E+05	1.520162E-03	-9.270258E+01
7.64975000000E+05	1.584401E-03	-8.059548E+01
7.66843750000E+05	1.408363E-03	-8.458401E+01
7.68712500000E+05	1.552882E-03	-8.997761E+01
7.70581250000E+05	1.415247E-03	-9.241157E+01
7.72450000000E+05	1.395156E-03	-8.431335E+01
7.74318750000E+05	1.605498E-03	-8.481213E+01
7.76187500000E+05	1.547544E-03	-8.684026E+01
7.78056250000E+05	1.549206E-03	-8.895459E+01
7.79925000000E+05	1.436469E-03	-8.087463E+01
7.81793750000E+05	1.339970E-03	-8.489322E+01
7.83662500000E+05	1.520699E-03	-8.541136E+01
7.85531250000E+05	1.292603E-03	-9.382539E+01
7.87400000000E+05	1.566638E-03	-8.838810E+01
7.89268750000E+05	1.563611E-03	-8.153291E+01
7.91137500000E+05	1.541930E-03	-7.574175E+01
7.93006250000E+05	1.593044E-03	-8.341402E+01
7.94875000000E+05	1.436417E-03	-7.764410E+01
7.96743750000E+05	1.328084E-03	-8.920644E+01
7.98612500000E+05	1.224166E-03	-7.665036E+01
8.00481250000E+05	1.461736E-03	-8.604455E+01
8.02350000000E+05	1.245829E-03	-8.405733E+01
8.04218750000E+05	1.399003E-03	-8.314124E+01
8.06087500000E+05	1.456463E-03	-8.764356E+01
8.07956250000E+05	1.103545E-03	-8.801655E+01
8.09825000000E+05	1.357483E-03	-9.126478E+01
8.11693750000E+05	1.175546E-03	-9.151823E+01
8.13562500000E+05	1.329743E-03	-9.556239E+01
8.15431250000E+05	1.359796E-03	-8.762803E+01
8.17300000000E+05	1.419966E-03	-8.425468E+01
8.19168750000E+05	1.185192E-03	-9.680125E+01
8.21037500000E+05	1.410391E-03	-8.515557E+01
8.22906250000E+05	1.453719E-03	-8.487440E+01
8.24775000000E+05	1.192354E-03	-9.019810E+01
8.26643750000E+05	1.181174E-03	-9.173412E+01
8.28512500000E+05	1.529324E-03	-9.428736E+01
8.30381250000E+05	1.368580E-03	-9.523394E+01
8.32250000000E+05	1.232934E-03	-1.023214E+02
8.34118750000E+05	1.321032E-03	-8.222459E+01
8.35987500000E+05	1.362360E-03	-9.859813E+01
8.37856250000E+05	1.302711E-03	-8.825757E+01
8.39725000000E+05	1.125035E-03	-8.753113E+01
8.41593750000E+05	1.254688E-03	-8.796943E+01
8.43462500000E+05	9.756404E-04	-9.361633E+01
8.45331250000E+05	1.173430E-03	-9.019116E+01
8.47200000000E+05	1.048204E-03	-9.035514E+01
8.49068750000E+05	1.183035E-03	-9.684548E+01
8.50937500000E+05	1.185297E-03	-8.681295E+01
8.52806250000E+05	1.224468E-03	-1.057740E+02
8.54675000000E+05	1.187203E-03	-9.631348E+01
8.56543750000E+05	1.159871E-03	-9.216983E+01
8.58412500000E+05	1.170212E-03	-8.911854E+01
8.60281250000E+05	9.912027E-04	-9.342284E+01
8.62150000000E+05	1.020782E-03	-8.710740E+01
8.64018750000E+05	1.164147E-03	-9.285905E+01
8.65887500000E+05	1.092478E-03	-8.567413E+01
8.67756250000E+05	1.234526E-03	-9.697511E+01
8.69625000000E+05	1.215589E-03	-7.971123E+01
8.71493750000E+05	9.947006E-04	-9.459487E+01
8.73362500000E+05	1.126535E-03	-9.025722E+01
8.75231250000E+05	1.174566E-03	-9.540752E+01
8.77100000000E+05	1.129269E-03	-8.880669E+01
8.78968750000E+05	9.866281E-04	-8.559270E+01
8.80837500000E+05	8.964955E-04	-9.143376E+01
8.82706250000E+05	1.127577E-03	-8.835121E+01
8.84575000000E+05	1.156000E-03	-1.048297E+02
8.86443750000E+05	1.091118E-03	-9.869640E+01
8.88312500000E+05	1.136954E-03	-9.440619E+01
8.90181250000E+05	1.119979E-03	-8.999451E+01
8.92050000000E+05	1.064971E-03	-9.266965E+01
8.93918750000E+05	1.146325E-03	-9.859897E+01
8.95787500000E+05	1.062528E-03	-9.589534E+01
8.97656250000E+05	1.184618E-03	-1.019077E+02
8.99525000000E+05	1.007397E-03	-9.031202E+01
9.01393750000E+05	8.372933E-04	-8.942719E+01
9.03262500000E+05	1.030190E-03	-9.140360E+01
9.05131250000E+05	9.897673E-04	-9.255157E+01
9.07000000000E+05	1.089232E-03	-1.037046E+02
9.08868750000E+05	1.050207E-03	-8.538058E+01
9.10737500000E+05	1.134293E-03	-7.729491E+01
9.12606250000E+05	1.036739E-03	-8.829257E+01
9.14475000000E+05	8.938809E-04	-9.539192E+01
9.16343750000E+05	1.139448E-03	-9.917881E+01
9.18212500000E+05	9.439032E-04	-9.112275E+01
9.20081250000E+05	1.094264E-03	-9.095560E+01
9.21950000000E+05	8.066151E-04	-1.011385E+02
9.23818750000E+05	9.631133E-04	-9.439103E+01
9.25687500000E+05	8.236694E-04	-9.549992E+01
9.27556250000E+05	7.256694E-04	-1.031400E+02
9.29425000000E+05	9.142795E-04	-9.350352E+01
9.31293750000E+05	8.965573E-04	-8.847021E+01
9.33162500000E+05	8.199404E-04	-9.912767E+01
9.35031250000E+05	9.767168E-04	-1.075550E+02
9.36900000000E+05	6.502449E-04	-8.390003E+01
9.38768750000E+05	8.209273E-04	-1.038272E+02
9.40637500000E+05	7.221375E-04	-1.013566E+02
9.42506250000E+05	8.541452E-04	-1.029439E+02
9.44375000000E+05	7.712626E-04	-9.372190E+01
9.46243750000E+05	8.243044E-04	-9.541138E+01
9.48112500000E+05	1.185996E-03	-9.246542E+01
9.49981250000E+05	1.073060E-03	-1.080618E+02
9.51850000000E+05	5.197422E-04	-1.114664E+02
9.53718750000E+05	6.860786E-04	-9.100521E+01
9.55587500000E+05	6.085815E-04	-1.152355E+02
9.57456250000E+05	9.360373E-04	-8.969932E+01
9.59325000000E+05	7.601141E-04	-9.391281E+01
9.61193750000E+05	8.821813E-04	-7.389355E+01
9.63062500000E+05	7.518389E-04	-9.909805E+01
9.64931250000E+05	8.557485E-04	-1.206813E+02
9.66800000000E+05	6.689792E-04	-9.946186E+01
9.68668750000E+05	8.597492E-04	-8.324590E+01
9.70537500000E+05	7.522323E-04	-7.265218E+01
9.72406250000E+05	5.701975E-04	-9.071389E+01
9.74275000000E+05	9.068059E-04	-9.638036E+01
9.76143750000E+05	6.652260E-04	-1.038041E+02
9.78012500000E+05	9.441045E-04	-8.359582E+01
9.79881250000E+05	8.211326E-04	-8.289090E+01
9.81750000000E+05	5.026354E-04	-7.905037E+01
9.83618750000E+05	8.405417E-04	-1.012873E+02
9.85487500000E+05	6.681939E-04	-1.171160E+02
9.87356250000E+05	6.665033E-04	-1.106486E+02
9.89225000000E+05	7.576736E-04	-8.640318E+01
9.91093750000E+05	7.048295E-04	-1.005610E+02
9.92962500000E+05	6.313377E-04	-1.012755E+02
9.94831250000E+05	6.962811E-04	-8.550531E+01
9.96700000000E+05	6.205523E-04	-7.557832E+01
9.98568750000E+05	5.442283E-04	-1.172588E+02
1.00043750000E+06	7.876839E-04	-1.024694E+02
1.00230625000E+06	2.149885E-04	-6.823322E+01
1.00417500000E+06	5.937380E-04	-1.034523E+02
1.00604375000E+06	5.052385E-04	-8.627283E+01
1.00791250000E+06	4.721206E-04	-1.002104E+02
1.00978125000E+06	5.422710E-04	-8.573160E+01
1.01165000000E+06	8.017038E-04	-1.018759E+02
1.01351875000E+06	6.752402E-04	-1.047825E+02
1.01538750000E+06	6.278725E-04	-7.755138E+01
1.01725625000E+06	6.595943E-04	-1.087153E+02
1.01912500000E+06	4.717556E-04	-9.405299E+01
1.02099375000E+06	6.451535E-04	-8.699562E+01
1.02286250000E+06	5.207183E-04	-1.154489E+02
1.02473125000E+06	3.514152E-04	-1.137858E+02
1.02660000000E+06	4.989586E-04	-1.011093E+02
1.02846875000E+06	4.810661E-04	-8.023260E+01
1.03033750000E+06	4.806169E-04	-8.227428E+01
1.03220625000E+06	5.272773E-04	-1.124412E+02
1.03407500000E+06	5.889094E-04	-1.201556E+02
1.03594375000E+06	6.792170E-04	-1.058775E+02
1.03781250000E+06	5.156727E-04	-8.942965E+01
1.03968125000E+06	7.241457E-04	-8.663709E+01
1.04155000000E+06	6.446040E-04	-1.048233E+02
1.04341875000E+06	3.780151E-04	-1.023285E+02
1.04528750000E+06	3.760483E-04	-1.307446E+02
1.04715625000E+06	6.058593E-04	-1.045934E+02
1.04902500000E+06	4.052348E-04	-1.260615E+02
1.05089375000E+06	2.340441E-04	-1.160107E+02
1.05276250000E+06	3.430721E-04	-1.026399E+02
1.05463125000E+06	1.121796E-04	-1.153247E+02
1.05650000000E+06	6.148520E-04	-1.330321E+02
1.05836875000E+06	6.422225E-04	-9.828220E+01
1.06023750000E+06	3.991514E-04	-1.008156E+02
1.06210625000E+06	4.148560E-04	-7.905490E+01
1.06397500000E+06	5.822535E-04	-1.204066E+02
1.06584375000E+06	5.258306E-04	-9.703835E+01
1.06771250000E+06	4.945298E-04	-7.833008E+01
1.06958125000E+06	7.836315E-04	-9.499508E+01
1.07145000000E+06	3.934072E-04	-1.116952E+02
1.07331875000E+06	6.233491E-04	-1.051018E+02
1.07518750000E+06	2.614580E-04	-9.942632E+01
1.07705625000E+06	4.309404E-04	-1.129252E+02
1.07892500000E+06	3.550532E-04	-5.215922E+01
1.08079375000E+06	7.628433E-04	-8.812469E+01
1.08266250000E+06	3.735255E-04	-1.333271E+02
1.08453125000E+06	7.297695E-04	-1.055678E+02
1.08640000000E+06	4.933512E-04	-1.104963E+02
1.08826875000E+06	3.704164E-04	-6.991422E+01
1.09013750000E+06	4.736926E-04	-9.583953E+01
1.09200625000E+06	4.343178E-04	-1.187062E+02
1.09387500000E+06	6.212353E-04	-1.218011E+02
1.09574375000E+06	8.095460E-05	-9.411330E+01
1.09761250000E+06	2.995818E-04	-8.716384E+01
1.09948125000E+06	3.738086E-04	-9.556231E+01
1.10135000000E+06	2.802346E-04	-9.365551E+01
1.10321875000E+06	3.233437E-04	-1.224037E+02
1.10508750000E+06	2.816153E-04	-1.244338E+02
1.10695625000E+06	2.823155E-04	-9.684473E+01
1.10882500000E+06	2.899129E-04	-1.034947E+02
1.11069375000E+06	3.764353E-04	-8.405126E+01
1.11256250000E+06	2.680592E-04	-1.297138E+02
1.11443125000E+06	2.275110E-04	-1.199930E+02
1.11630000000E+06	5.047867E-04	-1.344263E+02
1.11816875000E+06	6.043320E-04	-1.102349E+02
1.12003750000E+06	2.848463E-04	-1.032880E+02
1.12190625000E+06	3.697700E-04	-9.762360E+01
1.12377500000E+06	3.305898E-04	-1.433392E+02
1.12564375000E+06	4.167919E-04	-1.476289E+02
1.12751250000E+06	3.723857E-04	-1.109611E+02
1.12938125000E+06	1.051089E-04	-1.231964E+02
1.13125000000E+06	4.059080E-04	-1.292010E+02
1.13311875000E+06	1.694193E-04	1.630686E+02
1.13498750000E+06	4.731362E-04	-1.113748E+02
1.13685625000E+06	7.167999E-05	1.543629E+02
1.13872500000E+06	9.324888E-05	-1.777225E+02
1.14059375000E+06	4.237147E-04	-1.117916E+02
1.14246250000E+06	4.613143E-04	-1.057643E+02
1.14433125000E+06	3.447280E-04	-9.051272E+01
1.14620000000E+06	1.325115E-04	-1.256357E+02
1.14806875000E+06	2.854070E-04	-1.015495E+02
1.14993750000E+06	3.359437E-04	-1.566293E+02
1.15180625000E+06	5.576739E-04	-1.425308E+02
1.15367500000E+06	2.019629E-04	-1.500267E+02
1.15554375000E+06	1.512428E-04	-1.713382E+02
1.15741250000E+06	3.748672E-04	-1.312707E+02
1.15928125000E+06	2.047882E-04	-4.251547E+01
1.16115000000E+06	4.453796E-04	1.793075E+02
1.16301875000E+06	2.365094E-04	-1.042529E+02
1.16488750000E+06	2.986251E-04	-1.360729E+02
1.16675625000E+06	1.182920E-04	-1.476148E+02
1.16862500000E+06	1.580070E-04	1.715901E+02
1.17049375000E+06	2.000869E-04	1.502099E+02
1.17236250000E+06	3.183706E-04	-1.797718E+02
1.17423125000E+06	1.908084E-05	-9.529041E+01
1.17610000000E+06	3.635472E-04	1.639316E+02
1.17796875000E+06	1.275278E-04	8.558105E+01
1.17983750000E+06	1.958170E-04	-1.317575E+02
1.18170625000E+06	2.870579E-04	-8.031824E+01
1.18357500000E+06	5.350051E-04	-1.712063E+02
1.18544375000E+06	1.814067E-04	-8.896201E+01
1.18731250000E+06	1.690875E-04	1.385494E+02
1.18918125000E+06	2.089140E-04	-1.500899E+02
1.19105000000E+06	2.456388E-04	-1.127977E+02
1.19291875000E+06	2.017169E-04	-1.732631E+02
1.19478750000E+06	4.214068E-04	-1.186849E+02
1.19665625000E+06	1.095600E-04	1.787101E+02
1.19852500000E+06	2.732348E-04	-1.630983E+02
1.20039375000E+06	4.672412E-04	-1.298253E+02
1.20226250000E+06	1.504981E-04	-1.641942E+02
1.20413125000E+06	3.197504E-04	1.789088E+02
1.20600000000E+06	4.713173E-04	-1.724287E+02
1.20786875000E+06	5.270131E-05	-1.572154E+02
1.20973750000E+06	2.795599E-04	-1.717457E+02
1.21160625000E+06	1.627828E-04	-1.598353E+02
1.21347500000E+06	8.870007E-05	1.366551E+02
1.21534375000E+06	4.752322E-04	1.480650E+02
1.21721250000E+06	2.511370E-04	1.269113E+02
1.21908125000E+06	1.644456E-04	1.563088E+02
1.22095000000E+06	3.128029E-04	1.623987E+02
1.22281875000E+06	1.800754E-04	1.156180E+02
1.22468750000E+06	2.016798E-04	-1.471750E+02
1.22655625000E+06	2.114225E-04	1.068367E+02
1.22842500000E+06	1.940678E-04	1.238219E+02
1.23029375000E+06	2.620307E-04	1.545441E+02
1.23216250000E+06	2.102087E-04	-1.753837E+02
1.23403125000E+06	1.931518E-04	-1.764979E+02
1.23590000000E+06	2.148429E-04	1.738217E+02
1.23776875000E+06	3.556505E-04	-1.741167E+02
1.23963750000E+06	2.366839E-04	1.552803E+02
1.24150625000E+06	2.919522E-04	-1.646508E+02
1.24337500000E+06	3.829752E-05	1.778916E+02
1.24524375000E+06	3.440409E-04	-1.704103E+02
1.24711250000E+06	3.901698E-04	-1.636237E+02
1.24898125000E+06	3.507131E-04	1.216074E+02
1.25085000000E+06	4.509532E-04	1.443441E+02
1.25271875000E+06	2.565762E-04	-1.389214E+02
1.25458750000E+06	3.189554E-04	1.368146E+02
1.25645625000E+06	8.978427E-05	-1.268429E+02
1.25832500000E+06	2.762643E-04	-1.607475E+02
1.26019375000E+06	2.581946E-04	1.532656E+02
1.26206250000E+06	1.575817E-04	1.011021E+02
1.26393125000E+06	2.903364E-04	-1.473758E+02
1.26580000000E+06	3.101819E-04	1.430724E+02
1.26766875000E+06	5.100491E-04	1.114708E+02
1.26953750000E+06	2.232474E-04	1.282977E+02
1.27140625000E+06	2.223471E-04	-5.772912E+01
1.27327500000E+06	1.265224E-04	-1.249416E+02
1.27514375000E+06	4.115860E-04	1.381873E+02
1.27701250000E+06	3.058638E-04	1.272227E+02
1.27888125000E+06	2.115822E-04	1.615175E+02
1.28075000000E+06	2.845704E-04	1.212527E+02
1.28261875000E+06	5.830448E-04	1.642018E+02
1.28448750000E+06	3.995214E-04	1.181060E+02
1.28635625000E+06	5.478952E-04	1.640096E+02
1.28822500000E+06	4.837158E-04	1.331462E+02
1.29009375000E+06	3.286726E-04	1.586987E+02
1.29196250000E+06	3.322026E-04	1.510376E+02
1.29383125000E+06	2.381037E-04	9.437818E+01
1.29570000000E+06	3.485923E-04	1.575661E+02
1.29756875000E+06	3.463409E-04	-1.774388E+02
1.29943750000E+06	1.554013E-04	1.622557E+02
1.30130625000E+06	4.540305E-04	1.410794E+02
1.30317500000E+06	2.899455E-04	1.366438E+02
1.30504375000E+06	6.084552E-04	1.431921E+02
1.30691250000E+06	4.221465E-04	9.358394E+01
1.30878125000E+06	3.897927E-04	1.583989E+02
1.31065000000E+06	2.586260E-04	1.220200E+02
1.31251875000E+06	3.496868E-04	1.427915E+02
1.31438750000E+06	2.030773E-04	1.389182E+02
1.31625625000E+06	4.364589E-04	1.294144E+02
1.31812500000E+06	5.009747E-04	1.312892E+02
1.31999375000E+06	2.824706E-04	1.613978E+02
1.32186250000E+06	4.460557E-04	1.244618E+02
1.32373125000E+06	2.240629E-04	1.121367E+02
1.32560000000E+06	4.420573E-04	-1.575208E+02
1.32746875000E+06	7.076134E-04	1.354707E+02
1.32933750000E+06	4.991686E-04	1.341407E+02
1.33120625000E+06	3.836286E-04	1.274766E+02
1.33307500000E+06	2.941462E-04	8.916556E+01
1.33494375000E+06	2.204766E-04	1.289592E+02
1.33681250000E+06	3.919559E-04	1.628676E+02
1.33868125000E+06	4.290746E-04	1.327806E+02
1.34055000000E+06	4.193678E-04	1.416463E+02
1.34241875000E+06	3.702033E-04	1.440616E+02
1.34428750000E+06	5.156127E-04	1.450632E+02
1.34615625000E+06	4.263551E-04	1.309682E+02
1.34802500000E+06	4.109733E-04	1.205194E+02
1.34989375000E+06	4.603678E-04	1.181249E+02
1.35176250000E+06	5.354033E-04	1.007680E+02
1.35363125000E+06	3.544935E-04	1.288836E+02
1.35550000000E+06	5.018664E-04	1.370746E+02
1.35736875000E+06	5.011697E-04	1.257677E+02
1.35923750000E+06	6.310250E-04	1.274988E+02
1.36110625000E+06	4.916946E-04	1.075880E+02
1.36297500000E+06	4.568640E-04	1.262267E+02
1.36484375000E+06	4.487087E-04	1.544176E+02
1.36671250000E+06	5.082999E-04	1.400106E+02
1.36858125000E+06	4.599822E-04	1.013207E+02
1.37045000000E+06	4.880796E-04	1.157764E+02
1.37231875000E+06	4.496133E-04	1.380459E+02
1.37418750000E+06	6.297990E-04	1.610427E+02
1.37605625000E+06	7.373388E-04	1.091206E+02
1.37792500000E+06	4.828741E-04	1.172436E+02
1.37979375000E+06	5.261515E-04	1.069573E+02
1.38166250000E+06	3.802112E-04	1.215634E+02
1.38353125000E+06	6.594724E-04	1.385452E+02
1.38540000000E+06	3.714056E-04	8.905853E+01
1.38726875000E+06	6.646800E-04	1.246205E+02
1.38913750000E+06	4.183894E-04	1.398139E+02
1.39100625000E+06	6.800408E-04	1.304512E+02
1.39287500000E+06	4.130106E-04	1.234264E+02
1.39474375000E+06	5.282320E-04	1.523279E+02
1.39661250000E+06	4.021293E-04	1.304165E+02
1.39848125000E+06	3.488783E-04	1.577754E+02
1.40035000000E+06	5.231203E-04	1.504978E+02
1.40221875000E+06	6.420739E-04	1.114576E+02
1.40408750000E+06	6.318396E-04	1.407045E+02
1.40595625000E+06	5.358440E-04	1.360281E+02
1.40782500000E+06	7.189563E-04	1.316302E+02
1.40969375000E+06	6.915648E-04	1.220496E+02
1.41156250000E+06	3.059843E-04	9.145763E+01
1.41343125000E+06	6.495105E-04	1.266672E+02
1.41530000000E+06	5.989198E-04	1.423654E+02
1.41716875000E+06	5.891391E-04	1.231079E+02
1.41903750000E+06	4.371247E-04	1.031507E+02
1.42090625000E+06	4.414643E-04	8.324371E+01
1.42277500000E+06	7.206979E-04	1.197201E+02
1.42464375000E+06	7.250206E-04	1.405422E+02
1.42651250000E+06	5.836819E-04	1.251410E+02
1.42838125000E+06	9.901952E-04	1.359147E+02
1.43025000000E+06	6.838435E-04	1.338354E+02
1.43211875000E+06	7.703670E-04	1.493697E+02
1.43398750000E+06	6.319339E-04	1.068829E+02
1.43585625000E+06	7.303180E-04	1.555913E+02
1.43772500000E+06	6.633772E-04	1.060477E+02
1.43959375000E+06	6.914562E-04	1.606431E+02
1.44146250000E+06	6.361575E-04	1.191149E+02
1.44333125000E+06	6.917162E-04	1.426717E+02
1.44520000000E+06	7.002534E-04	1.196516E+02
1.44706875000E+06	5.965026E-04	1.267283E+02
1.44893750000E+06	7.549284E-04	1.128534E+02
1.45080625000E+06	2.850479E-04	7.567742E+01
1.45267500000E+06	6.713765E-04	1.323555E+02
1.45454375000E+06	7.354301E-04	1.406815E+02
1.45641250000E+06	7.221412E-04	1.400698E+02
1.45828125000E+06	7.320518E-04	1.497970E+02
1.46015000000E+06	7.567020E-04	1.344909E+02
1.46201875000E+06	8.133143E-04	1.253892E+02
1.46388750000E+06	3.631019E-04	1.117987E+02
1.46575625000E+06	7.710568E-04	1.222896E+02
1.46762500000E+06	6.291610E-04	1.175482E+02
1.46949375000E+06	7.163557E-04	1.123517E+02
1.47136250000E+06	5.279089E-04	9.556354E+01
1.47323125000E+06	4.942048E-04	1.020875E+02
1.47510000000E+06	8.086018E-04	1.255166E+02
1.47696875000E+06	7.829566E-04	1.157860E+02
1.47883750000E+06	6.083077E-04	1.283079E+02
1.48070625000E+06	6.279228E-04	1.184852E+02
1.48257500000E+06	9.026151E-04	1.276933E+02
1.48444375000E+06	7.069209E-04	1.109902E+02
1.48631250000E+06	9.041540E-04	1.368511E+02
1.48818125000E+06	5.678239E-04	1.370658E+02
1.49005000000E+06	7.285570E-04	1.245502E+02
1.49191875000E+06	8.430561E-04	1.092842E+02
1.49378750000E+06	5.578535E-04	1.174507E+02
1.49565625000E+06	1.076182E-03	1.324384E+02
1.49752500000E+06	5.591121E-04	1.257190E+02
1.49939375000E+06	6.624240E-04	1.274774E+02
1.50126250000E+06	7.303148E-04	1.321191E+02
1.50313125000E+06	5.602515E-04	1.192140E+02
1.50500000000E+06	5.291128E-04	1.221846E+02
1.50686875000E+06	9.591977E-04	1.266016E+02
1.50873750000E+06	7.972864E-04	1.352140E+02
1.51060625000E+06	8.725413E-04	1.288904E+02
1.51247500000E+06	6.956860E-04	1.306037E+02
1.51434375000E+06	1.045974E-03	1.175772E+02
1.51621250000E+06	8.143536E-04	1.168031E+02
1.51808125000E+06	8.301181E-04	1.179046E+02
1.51995000000E+06	8.606638E-04	1.183766E+02
1.52181875000E+06	9.836637E-04	1.194456E+02
1.52368750000E+06	7.107603E-04	1.218252E+02
1.52555625000E+06	8.831996E-04	1.279833E+02
1.52742500000E+06	7.745315E-04	1.087720E+02
1.52929375000E+06	6.173160E-04	1.148966E+02
1.53116250000E+06	8.474325E-04	1.540184E+02
1.53303125000E+06	1.027641E-03	1.381020E+02
1.53490000000E+06	8.243363E-04	9.967747E+01
1.53676875000E+06	8.026342E-04	1.070022E+02
1.53863750000E+06	7.328701E-04	1.239077E+02
1.54050625000E+06	6.954320E-04	1.432078E+02
1.54237500000E+06	9.417264E-04	1.311038E+02
1.54424375000E+06	1.010550E-03	1.109491E+02
1.54611250000E+06	1.127079E-03	1.223344E+02
1.54798125000E+06	7.870797E-04	1.238110E+02
1.54985000000E+06	7.259281E-04	1.199685E+02
1.55171875000E+06	1.036292E-03	1.097168E+02
1.55358750000E+06	6.739015E-04	1.082241E+02
1.55545625000E+06	1.082731E-03	1.386304E+02
1.55732500000E+06	7.954781E-04	1.260476E+02
1.55919375000E+06	8.472276E-04	1.227581E+02
1.56106250000E+06	1.120582E-03	1.162220E+02
1.56293125000E+06	8.897462E-04	1.257110E+02
1.56480000000E+06	1.233910E-03	1.294099E+02
1.56666875000E+06	7.510515E-04	1.252800E+02
1.56853750000E+06	8.350179E-04	1.168069E+02
1.57040625000E+06	8.148011E-04	1.355664E+02
1.57227500000E+06	1.108894E-03	1.328091E+02
1.57414375000E+06	8.835595E-04	1.261760E+02
1.57601250000E+06	8.126208E-04	1.142920E+02
1.57788125000E+06	1.126384E-03	1.106421E+02
1.57975000000E+06	6.948657E-04	1.189949E+02
1.58161875000E+06	7.881126E-04	1.337907E+02
1.58348750000E+06	1.013686E-03	1.094037E+02
1.58535625000E+06	1.207318E-03	1.232686E+02
1.58722500000E+06	8.776996E-04	1.241507E+02
1.58909375000E+06	9.251284E-04	1.306004E+02
1.59096250000E+06	8.182488E-04	1.372498E+02
1.59283125000E+06	1.125937E-03	1.125731E+02
1.59470000000E+06	6.991308E-04	1.182805E+02
1.59656875000E+06	8.424855E-04	1.345020E+02
1.59843750000E+06	8.045736E-04	1.170319E+02
1.60030625000E+06	9.587483E-04	1.256278E+02
1.60217500000E+06	1.006529E-03	1.274569E+02
1.60404375000E+06	9.141194E-04	1.189082E+02
1.60591250000E+06	8.772650E-04	1.216792E+02
1.60778125000E+06	1.327903E-03	1.111397E+02
1.60965000000E+06	8.535647E-04	1.373349E+02
1.61151875000E+06	9.500488E-04	1.324577E+02
1.61338750000E+06	9.063068E-04	1.203845E+02
1.61525625000E+06	1.047328E-03	1.323201E+02
1.61712500000E+06	7.786732E-04	1.111711E+02
1.61899375000E+06	1.119778E-03	1.205563E+02
1.62086250000E+06	8.304260E-04	1.256110E+02
1.62273125000E+06	7.787301E-04	1.272319E+02
1.62460000000E+06	7.635179E-04	1.171329E+02
1.62646875000E+06	1.129379E-03	1.318071E+02
1.62833750000E+06	1.174889E-03	1.321974E+02
1.63020625000E+06	9.061228E-04	1.299323E+02
1.63207500000E+06	1.021168E-03	1.236369E+02
1.63394375000E+06	8.994738E-04	1.348104E+02
1.63581250000E+06	6.941857E-04	1.174167E+02
1.63768125000E+06	1.035829E-03	1.381231E+02
1.63955000000E+06	9.532290E-04	1.194906E+02
1.64141875000E+06	1.183106E-03	1.362553E+02
1.64328750000E+06	9.857501E-04	1.279598E+02
1.64515625000E+06	9.927014E-04	1.215456E+02
1.64702500000E+06	1.135042E-03	1.180823E+02
1.64889375000E+06	1.052108E-03	1.362778E+02
1.65076250000E+06	1.021650E-03	1.293240E+02
1.65263125000E+06	1.028433E-03	1.237035E+02
1.65450000000E+06	1.012504E-03	1.176620E+02
1.65636875000E+06	1.173787E-03	1.334069E+02
1.65823750000E+06	9.690154E-04	1.132323E+02
1.66010625000E+06	8.920963E-04	1.208877E+02
1.66197500000E+06	9.206111E-04	1.310686E+02
1.66384375000E+06	9.985854E-04	1.276765E+02
1.66571250000E+06	1.273830E-03	1.258250E+02
1.66758125000E+06	8.377237E-04	1.274888E+02
1.66945000000E+06	1.007887E-03	1.121102E+02
1.67131875000E+06	1.122809E-03	1.257005E+02
1.67318750000E+06	1.241934E-03	1.141012E+02
1.67505625000E+06	1.245941E-03	1.243620E+02
1.67692500000E+06	8.814539E-04	1.112237E+02
1.67879375000E+06	1.136432E-03	1.222008E+02
1.68066250000E+06	1.136182E-03	1.176108E+02
1.68253125000E+06	9.337630E-04	1.257368E+02
1.68440000000E+06	1.016380E-03	1.405396E+02
1.68626875000E+06	8.535962E-04	1.225762E+02
1.68813750000E+06	1.208380E-03	1.189632E+02
1.69000625000E+06	9.201810E-04	1.384345E+02
1.69187500000E+06	1.181546E-03	1.376799E+02
1.69374375000E+06	1.140798E-03	1.230650E+02
1.69561250000E+06	8.417150E-04	1.311390E+02
1.69748125000E+06	9.516121E-04	1.080223E+02
1.69935000000E+06	1.028177E-03	1.070368E+02
1.70121875000E+06	1.466978E-03	1.179249E+02
1.70308750000E+06	9.844012E-04	1.321053E+02
1.70495625000E+06	8.994116E-04	1.296613E+02
1.70682500000E+06	8.948273E-04	1.232163E+02
1.70869375000E+06	8.671308E-04	1.191055E+02
1.71056250000E+06	8.945302E-04	1.287359E+02
1.71243125000E+06	8.891101E-04	1.195717E+02
1.71430000000E+06	8.602322E-04	1.364707E+02
1.71616875000E+06	1.053699E-03	1.312020E+02
1.71803750000E+06	9.650470E-04	1.164624E+02
1.71990625000E+06	1.006046E-03	1.354018E+02
1.72177500000E+06	1.128011E-03	1.289963E+02
1.72364375000E+06	1.160419E-03	1.267951E+02
1.72551250000E+06	1.080599E-03	1.276810E+02
1.72738125000E+06	1.068046E-03	1.141489E+02
1.72925000000E+06	9.777118E-04	1.277223E+02
1.73111875000E+06	1.384328E-03	1.188514E+02
1.73298750000E+06	1.032173E-03	1.200848E+02
1.73485625000E+06	1.007203E-03	1.158692E+02
1.73672500000E+06	1.038045E-03	1.399794E+02
1.73859375000E+06	9.732593E-04	1.311727E+02
1.74046250000E+06	9.627228E-04	1.177943E+02
1.74233125000E+06	1.075526E-03	1.241138E+02
1.74420000000E+06	1.013240E-03	1.165029E+02
1.74606875000E+06	1.148176E-03	1.289903E+02
1.74793750000E+06	8.421905E-04	1.498644E+02
1.74980625000E+06	1.249926E-03	1.256873E+02
1.75167500000E+06	1.298838E-03	1.311532E+02
1.75354375000E+06	1.323383E-03	1.288117E+02
1.75541250000E+06	1.065934E-03	1.355701E+02
1.75728125000E+06	9.818630E-04	1.291589E+02
1.75915000000E+06	1.359819E-03	1.316603E+02
1.76101875000E+06	1.176324E-03	1.253122E+02
1.76288750000E+06	1.350097E-03	1.411352E+02
1.76475625000E+06	1.212445E-03	1.339928E+02
1.76662500000E+06	1.163358E-03	1.330553E+02
1.76849375000E+06	1.291480E-03	1.240156E+02
1.77036250000E+06	1.460165E-03	1.282621E+02
1.77223125000E+06	1.516387E-03	1.255059E+02
1.77410000000E+06	1.183080E-03	1.201650E+02
1.77596875000E+06	1.264302E-03	1.358211E+02
1.77783750000E+06	1.442369E-03	1.325538E+02
1.77970625000E+06	1.265112E-03	1.280917E+02
1.78157500000E+06	9.950803E-04	1.394536E+02
1.78344375000E+06	1.431630E-03	1.367579E+02
1.78531250000E+06	1.251366E-03	1.293443E+02
1.78718125000E+06	1.276967E-03	1.289177E+02
1.78905000000E+06	1.473545E-03	1.269967E+02
1.79091875000E+06	1.107575E-03	1.308049E+02
1.79278750000E+06	1.471675E-03	1.282711E+02
1.79465625000E+06	1.236300E-03	1.454294E+02
1.79652500000E+06	1.350711E-03	1.407318E+02
1.79839375000E+06	1.274197E-03	1.363512E+02
1.80026250000E+06	1.092830E-03	1.416291E+02
1.80213125000E+06	1.327184E-03	1.343733E+02
1.80400000000E+06	1.367812E-03	1.397768E+02
1.80586875000E+06	1.257813E-03	1.329002E+02
1.80773750000E+06	1.532592E-03	1.443347E+02
1.80960625000E+06	1.456615E-03	1.388500E+02
1.81147500000E+06	1.139007E-03	1.446529E+02
1.81334375000E+06	1.670150E-03	1.327403E+02
1.81521250000E+06	1.475413E-03	1.405212E+02
1.81708125000E+06	1.513665E-03	1.354109E+02
1.81895000000E+06	1.319545E-03	1.340350E+02
1.82081875000E+06	1.167604E-03	1.292564E+02
1.82268750000E+06	1.420407E-03	1.459742E+02
1.82455625000E+06	1.499651E-03	1.362946E+02
1.82642500000E+06	1.589731E-03	1.360197E+02
1.82829375000E+06	1.409972E-03	1.342453E+02
1.83016250000E+06	1.366095E-03	1.365143E+02
1.83203125000E+06	1.539209E-03	1.336557E+02
1.83390000000E+06	1.400185E-03	1.278884E+02
1.83576875000E+06	1.609165E-03	1.274779E+02
1.83763750000E+06	1.557645E-03	1.242181E+02
1.83950625000E+06	1.608569E-03	1.240842E+02
1.84137500000E+06	1.527468E-03	1.305200E+02
1.84324375000E+06	1.656983E-03	1.374698E+02
1.84511250000E+06	1.708246E-03	1.271460E+02
1.84698125000E+06	1.761660E-03	1.319181E+02
1.84885000000E+06	1.704702E-03	1.360298E+02
1.85071875000E+06	1.506520E-03	1.387831E+02
1.85258750000E+06	1.883863E-03	1.396202E+02
1.85445625000E+06	1.676228E-03	1.306821E+02
1.85632500000E+06	1.761166E-03	1.264304E+02
1.85819375000E+06	1.478888E-03	1.383756E+02
1.86006250000E+06	1.777050E-03	1.332237E+02
1.86193125000E+06	1.774392E-03	1.243293E+02
1.86380000000E+06	1.553725E-03	1.375621E+02
1.86566875000E+06	1.637048E-03	1.332621E+02
1.86753750000E+06	1.706302E-03	1.350788E+02
1.86940625000E+06	1.933190E-03	1.297016E+02
1.87127500000E+06	2.012389E-03	1.287385E+02
1.87314375000E+06	1.748161E-03	1.230089E+02
1.87501250000E+06	1.281255E-03	1.256059E+02
1.87688125000E+06	1.704926E-03	1.384038E+02
1.87875000000E+06	2.135435E-03	1.349910E+02
1.88061875000E+06	1.821050E-03	1.265840E+02
1.88248750000E+06	1.918687E-03	1.253640E+02
1.88435625000E+06	1.708869E-03	1.248362E+02
1.88622500000E+06	1.708134E-03	1.249884E+02
1.88809375000E+06	1.696461E-03	1.336926E+02
1.88996250000E+06	1.992855E-03	1.249952E+02
1.89183125000E+06	2.022428E-03	1.207902E+02
1.89370000000E+06	2.103882E-03	1.303481E+02
1.89556875000E+06	1.848218E-03	1.340804E+02
1.89743750000E+06	1.786867E-03	1.231206E+02
1.89930625000E+06	1.761548E-03	1.260389E+02
1.90117500000E+06	1.585595E-03	1.259186E+02
1.90304375000E+06	1.962636E-03	1.269325E+02
1.90491250000E+06	1.857585E-03	1.219592E+02
1.90678125000E+06	1.994220E-03	1.229455E+02
1.90865000000E+06	1.946473E-03	1.273331E+02
1.91051875000E+06	1.554388E-03	1.258271E+02
1.91238750000E+06	1.847416E-03	1.272935E+02
1.91425625000E+06	1.860354E-03	1.252257E+02
1.91612500000E+06	2.213922E-03	1.301660E+02
1.91799375000E+06	1.515113E-03	1.228383E+02
1.91986250000E+06	1.854777E-03	1.192890E+02
1.92173125000E+06	1.987080E-03	1.336277E+02
1.92360000000E+06	1.786108E-03	1.341956E+02
1.92546875000E+06	1.793169E-03	1.242418E+02
1.92733750000E+06	1.656470E-03	1.360295E+02
1.92920625000E+06	2.055274E-03	1.261759E+02
1.93107500000E+06	1.967643E-03	1.277994E+02
1.93294375000E+06	2.444187E-03	1.243764E+02
1.93481250000E+06	2.107396E-03	1.300002E+02
1.93668125000E+06	2.133338E-03	1.185719E+02
1.93855000000E+06	2.221194E-03	1.225156E+02
1.94041875000E+06	1.809219E-03	1.222075E+02
1.94228750000E+06	1.893172E-03	1.264088E+02
1.94415625000E+06	2.010675E-03	1.258602E+02
1.94602500000E+06	2.031019E-03	1.189600E+02
1.94789375000E+06	1.945961E-03	1.196777E+02
1.94976250000E+06	1.959246E-03	1.278130E+02
1.95163125000E+06	2.178682E-03	1.246032E+02
1.95350000000E+06	1.770467E-03	1.251513E+02
1.95536875000E+06	1.941061E-03	1.153428E+02
1.95723750000E+06	1.856605E-03	1.245595E+02
1.95910625000E+06	2.138043E-03	1.247991E+02
1.96097500000E+06	1.989260E-03	1.186497E+02
1.96284375000E+06	2.236626E-03	1.270026E+02
1.96471250000E+06	2.092795E-03	1.200868E+02
1.96658125000E+06	1.903652E-03	1.196387E+02
1.96845000000E+06	2.051367E-03	1.226410E+02
1.97031875000E+06	2.080055E-03	1.185562E+02
1.97218750000E+06	2.115343E-03	1.227968E+02
1.97405625000E+06	2.182232E-03	1.277599E+02
1.97592500000E+06	2.172315E-03	1.158510E+02
1.97779375000E+06	2.145118E-03	1.218771E+02
1.97966250000E+06	2.125587E-03	1.257308E+02
1.98153125000E+06	2.148593E-03	1.269762E+02
1.98340000000E+06	1.776559E-03	1.224208E+02
1.98526875000E+06	1.963960E-03	1.137390E+02
1.98713750000E+06	2.018641E-03	1.226742E+02
1.98900625000E+06	2.272411E-03	1.155954E+02
1.99087500000E+06	2.239890E-03	1.194893E+02
1.99274375000E+06	2.168206E-03	1.223375E+02
1.99461250000E+06	1.935286E-03	1.213778E+02
1.99648125000E+06	1.955124E-03	1.168248E+02
1.99835000000E+06	2.148189E-03	1.184838E+02
2.00021875000E+06	2.156342E-03	1.241409E+02
2.00208750000E+06	2.167359E-03	1.202046E+02
2.00395625000E+06	2.084601E-03	1.256426E+02
2.00582500000E+06	1.979723E-03	1.210114E+02
2.00769375000E+06	2.087051E-03	1.244919E+02
2.00956250000E+06	1.729177E-03	1.163566E+02
2.01143125000E+06	2.196856E-03	1.228116E+02
2.01330000000E+06	2.016379E-03	1.139803E+02
2.01516875000E+06	1.939911E-03	1.211695E+02
2.01703750000E+06	2.115310E-03	1.176591E+02
2.01890625000E+06	2.354470E-03	1.158452E+02
2.02077500000E+06	2.061433E-03	1.221992E+02
2.02264375000E+06	2.231766E-03	1.192931E+02
2.02451250000E+06	1.986714E-03	1.180871E+02
2.02638125000E+06	1.920262E-03	1.180255E+02
2.02825000000E+06	2.242777E-03	1.181453E+02
2.03011875000E+06	2.045119E-03	1.194650E+02
2.03198750000E+06	2.145129E-03	1.200981E+02
2.03385625000E+06	1.970846E-03	1.130449E+02
2.03572500000E+06	2.271676E-03	1.241396E+02
2.03759375000E+06	2.068841E-03	1.169179E+02
2.03946250000E+06	2.433027E-03	1.182545E+02
2.04133125000E+06	1.854651E-03	1.262720E+02
2.04320000000E+06	2.246588E-03	1.246924E+02
2.04506875000E+06	2.296417E-03	1.184230E+02
2.04693750000E+06	1.845689E-03	1.176265E+02
2.04880625000E+06	2.053779E-03	1.223944E+02
2.05067500000E+06	2.120689E-03	1.186402E+02
2.05254375000E+06	2.209166E-03	1.161934E+02
2.05441250000E+06	2.318722E-03	1.163345E+02
2.05628125000E+06	2.064927E-03	1.224965E+02
2.05815000000E+06	2.020158E-03	1.240336E+02
2.06001875000E+06	2.376082E-03	1.267217E+02
2.06188750000E+06	2.014512E-03	1.169597E+02
2.06375625000E+06	2.471552E-03	1.125029E+02
2.06562500000E+06	2.047748E-03	1.221609E+02
2.06749375000E+06	2.399809E-03	1.230301E+02
2.06936250000E+06	2.381737E-03	1.241431E+02
2.07123125000E+06	2.465287E-03	1.169379E+02
2.07310000000E+06	1.999971E-03	1.241882E+02
2.07496875000E+06	2.081695E-03	1.243258E+02
2.07683750000E+06	2.506933E-03	1.144087E+02
2.07870625000E+06	2.150695E-03	1.148749E+02
2.08057500000E+06	2.239575E-03	1.181712E+02
2.08244375000E+06	2.040072E-03	1.132693E+02
2.08431250000E+06	2.088113E-03	1.200229E+02
2.08618125000E+06	2.089194E-03	1.135099E+02
2.08805000000E+06	2.343200E-03	1.181633E+02
2.08991875000E+06	2.143784E-03	1.166897E+02
2.09178750000E+06	2.016619E-03	1.155095E+02
2.09365625000E+06	2.359008E-03	1.164620E+02
2.09552500000E+06	2.053049E-03	1.157617E+02
2.09739375000E+06	1.982799E-03	1.245036E+02
2.09926250000E+06	2.388786E-03	1.251399E+02
2.10113125000E+06	1.978322E-03	1.048797E+02
2.10300000000E+06	2.210742E-03	1.177386E+02
2.10486875000E+06	1.908946E-03	1.160225E+02
2.10673750000E+06	2.391182E-03	1.193149E+02
2.10860625000E+06	2.294408E-03	1.083572E+02
2.11047500000E+06	2.241541E-03	1.141520E+02
2.11234375000E+06	2.132594E-03	1.248110E+02
2.11421250000E+06	2.077298E-03	1.183243E+02
2.11608125000E+06	2.374909E-03	1.146238E+02
2.11795000000E+06	2.188682E-03	1.146402E+02
2.11981875000E+06	1.946708E-03	1.240426E+02
2.12168750000E+06	2.363503E-03	1.179703E+02
2.12355625000E+06	2.203967E-03	1.231756E+02
2.12542500000E+06	2.026151E-03	1.192084E+02
2.12729375000E+06	2.285956E-03	1.164354E+02
2.12916250000E+06	2.090143E-03	1.138333E+02
2.13103125000E+06	2.019570E-03	1.206065E+02
2.13290000000E+06	2.481870E-03	1.141935E+02
2.13476875000E+06	2.182333E-03	1.123076E+02
2.13663750000E+06	2.210318E-03	1.125394E+02
2.13850625000E+06	1.967940E-03	1.158372E+02
2.14037500000E+06	2.482727E-03	1.126487E+02
2.14224375000E+06	2.207910E-03	1.205312E+02
2.14411250000E+06	2.292293E-03	1.185267E+02
2.14598125000E+06	2.520093E-03	1.172981E+02
2.14785000000E+06	2.098330E-03	1.143871E+02
2.14971875000E+06	2.552380E-03	1.134050E+02
2.15158750000E+06	2.019699E-03	1.158938E+02
2.15345625000E+06	2.270450E-03	1.175488E+02
2.15532500000E+06	2.050144E-03	1.125016E+02
2.15719375000E+06	2.345728E-03	1.143253E+02
2.15906250000E+06	2.304740E-03	1.189746E+02
2.16093125000E+06	2.049652E-03	1.164869E+02
2.16280000000E+06	2.219544E-03	1.097077E+02
2.16466875000E+06	2.250716E-03	1.143027E+02
2.16653750000E+06	2.398237E-03	1.194865E+02
2.16840625000E+06	2.538405E-03	1.174362E+02
2.17027500000E+06	2.368083E-03	1.179651E+02
2.17214375000E+06	2.269724E-03	1.157699E+02
2.17401250000E+06	1.996268E-03	1.165972E+02
2.17588125000E+06	2.249921E-03	1.116650E+02
2.17775000000E+06	2.203549E-03	1.096041E+02
2.17961875000E+06	2.594589E-03	1.177319E+02
2.18148750000E+06	2.418975E-03	1.151195E+02
2.18335625000E+06	2.310469E-03	1.084008E+02
2.18522500000E+06	2.296702E-03	1.152937E+02
2.18709375000E+06	2.404442E-03	1.126947E+02
2.18896250000E+06	2.262549E-03	1.180050E+02
2.19083125000E+06	2.359959E-03	1.173722E+02
2.19270000000E+06	2.003051E-03	1.156460E+02
2.19456875000E+06	2.291813E-03	1.170608E+02
2.19643750000E+06	2.128841E-03	1.125268E+02
2.19830625000E+06	2.402152E-03	1.141015E+02
2.20017500000E+06	2.166900E-03	1.173313E+02
2.20204375000E+06	2.321015E-03	1.114043E+02
2.20391250000E+06	2.098274E-03	1.122109E+02
2.20578125000E+06	2.224300E-03	1.139491E+02
2.20765000000E+06	2.500669E-03	1.080593E+02
2.20951875000E+06	2.482327E-03	1.128416E+02
2.21138750000E+06	2.313242E-03	1.155948E+02
2.21325625000E+06	2.528655E-03	1.229131E+02
2.21512500000E+06	2.412182E-03	1.142198E+02
2.21699375000E+06	2.212008E-03	1.160193E+02
2.21886250000E+06	2.573378E-03	1.231418E+02
2.22073125000E+06	2.342068E-03	1.154001E+02
2.22260000000E+06	2.571631E-03	1.128036E+02
2.22446875000E+06	2.063398E-03	1.135371E+02
2.22633750000E+06	2.619373E-03	1.131967E+02
2.22820625000E+06	2.257377E-03	1.167509E+02
2.23007500000E+06	2.177893E-03	1.173783E+02
2.23194375000E+06	2.459183E-03	1.170306E+02
2.23381250000E+06	2.219679E-03	1.105292E+02
2.23568125000E+06	2.530257E-03	1.163356E+02
2.23755000000E+06	2.216986E-03	1.170171E+02
2.23941875000E+06	2.144971E-03	1.179272E+02
2.24128750000E+06	2.417995E-03	1.060439E+02
2.24315625000E+06	2.595407E-03	1.061077E+02
2.24502500000E+06	2.286986E-03	1.109506E+02
2.24689375000E+06	2.726372E-03	1.120703E+02
2.24876250000E+06	2.497793E-03	1.105378E+02
2.25063125000E+06	2.714559E-03	1.174053E+02
2.25250000000E+06	2.158057E-03	1.178487E+02
2.25436875000E+06	2.515802E-03	1.188442E+02
2.25623750000E+06	2.293528E-03	1.102022E+02
2.25810625000E+06	2.613519E-03	1.153045E+02
2.25997500000E+06	2.238367E-03	1.159696E+02
2.26184375000E+06	2.366801E-03	1.146657E+02
2.26371250000E+06	2.437172E-03	1.105184E+02
2.26558125000E+06	2.590918E-03	1.146134E+02
2.26745000000E+06	2.532570E-03	1.185664E+02
2.26931875000E+06	2.323617E-03	1.108313E+02
2.27118750000E+06	2.168715E-03	1.091445E+02
2.27305625000E+06	2.408240E-03	1.104661E+02
2.27492500000E+06	2.394899E-03	1.162052E+02
2.27679375000E+06	2.360417E-03	1.200528E+02
2.27866250000E+06	2.332222E-03	1.179464E+02
2.28053125000E+06	2.403100E-03	1.181796E+02
2.28240000000E+06	2.402891E-03	1.155080E+02
2.28426875000E+06	2.469430E-03	1.142803E+02
2.28613750000E+06	2.199749E-03	1.164801E+02
2.28800625000E+06	2.498391E-03	1.172594E+02
2.28987500000E+06	2.217143E-03	1.044766E+02
2.29174375000E+06	2.661590E-03	1.192256E+02
2.29361250000E+06	2.311248E-03	1.092892E+02
2.29548125000E+06	2.430721E-03	1.093643E+02
2.29735000000E+06	2.539433E-03	1.149230E+02
2.29921875000E+06	2.475775E-03	1.221111E+02
2.30108750000E+06	2.199844E-03	1.123836E+02
2.30295625000E+06	2.229414E-03	1.137874E+02
2.30482500000E+06	2.430276E-03	1.111364E+02
2.30669375000E+06	2.410168E-03	1.146087E+02
2.30856250000E+06	2.394331E-03	1.103000E+02
2.31043125000E+06	2.363506E-03	1.050582E+02
2.31230000000E+06	2.317111E-03	1.175091E+02
2.31416875000E+06	2.388651E-03	1.148469E+02
2.31603750000E+06	2.409965E-03	1.084941E+02
2.31790625000E+06	2.434033E-03	1.150752E+02
2.31977500000E+06	2.630902E-03	1.179318E+02
2.32164375000E+06	2.318520E-03	1.146362E+02
2.32351250000E+06	2.515438E-03	1.169270E+02
2.32538125000E+06	2.359647E-03	1.162182E+02
2.32725000000E+06	2.268407E-03	1.128047E+02
2.32911875000E+06	2.264050E-03	1.126640E+02
2.33098750000E+06	1.995597E-03	1.074228E+02
2.33285625000E+06	2.437189E-03	1.138012E+02
2.33472500000E+06	2.624208E-03	1.142330E+02
2.33659375000E+06	2.218677E-03	1.167144E+02
2.33846250000E+06	2.192498E-03	1.159199E+02
2.34033125000E+06	2.288442E-03	1.077024E+02
2.34220000000E+06	2.558462E-03	1.170973E+02
2.34406875000E+06	2.504743E-03	1.124356E+02
2.34593750000E+06	2.540685E-03	1.113955E+02
2.34780625000E+06	2.294476E-03	1.068479E+02
2.34967500000E+06	2.381682E-03	1.084240E+02
2.35154375000E+06	2.567330E-03	1.176528E+02
2.35341250000E+06	2.197363E-03	1.146515E+02
2.35528125000E+06	2.473269E-03	1.113510E+02
2.35715000000E+06	2.403715E-03	1.154420E+02
2.35901875000E+06	2.279110E-03	1.182073E+02
2.36088750000E+06	2.497811E-03	1.147481E+02
2.36275625000E+06	2.442427E-03	1.167957E+02
2.36462500000E+06	2.336335E-03	1.154407E+02
2.36649375000E+06	2.305998E-03	1.141571E+02
2.36836250000E+06	2.232212E-03	1.130812E+02
2.37023125000E+06	2.376691E-03	1.154607E+02
2.37210000000E+06	2.517058E-03	1.165090E+02
2.37396875000E+06	2.472228E-03	1.167784E+02
2.37583750000E+06	2.726901E-03	1.126719E+02
2.37770625000E+06	2.350013E-03	1.142727E+02
2.37957500000E+06	2.525037E-03	1.061379E+02
2.38144375000E+06	2.303527E-03	1.130074E+02
2.38331250000E+06	2.662473E-03	1.125115E+02
2.38518125000E+06	2.534218E-03	1.134519E+02
2.38705000000E+06	2.569190E-03	1.144688E+02
2.38891875000E+06	2.354561E-03	1.093696E+02
2.39078750000E+06	2.378977E-03	1.115008E+02
2.39265625000E+06	2.285205E-03	1.135550E+02
2.39452500000E+06	2.504690E-03	1.186960E+02
2.39639375000E+06	2.479801E-03	1.087393E+02
2.39826250000E+06	2.354874E-03	1.200061E+02
2.40013125000E+06	2.666814E-03	1.168664E+02
2.40200000000E+06	2.690909E-03	1.138418E+02
2.40386875000E+06	2.516303E-03	1.116155E+02
2.40573750000E+06	2.783233E-03	1.162678E+02
2.40760625000E+06	2.480208E-03	1.191070E+02
2.40947500000E+06	2.583656E-03	1.117378E+02
2.41134375000E+06	2.308005E-03	1.087738E+02
2.41321250000E+06	2.458262E-03	1.157811E+02
2.41508125000E+06	2.338104E-03	1.102962E+02
2.41695000000E+06	2.165671E-03	1.147330E+02
2.41881875000E+06	2.089613E-03	1.172435E+02
2.42068750000E+06	2.493533E-03	1.123562E+02
2.42255625000E+06	2.409886E-03	1.168290E+02
2.42442500000E+06	2.486327E-03	1.129006E+02
2.42629375000E+06	2.413010E-03	1.105389E+02
2.42816250000E+06	2.640838E-03	1.170064E+02
2.43003125000E+06	2.537152E-03	1.152179E+02
2.43190000000E+06	2.378100E-03	1.100332E+02
2.43376875000E+06	2.619181E-03	1.121490E+02
2.43563750000E+06	2.486909E-03	1.177663E+02
2.43750625000E+06	2.926674E-03	1.167877E+02
2.43937500000E+06	2.493697E-03	1.154123E+02
2.44124375000E+06	2.352126E-03	1.220448E+02
2.44311250000E+06	2.554851E-03	1.130433E+02
2.44498125000E+06	2.621920E-03	1.119166E+02
2.44685000000E+06	2.312594E-03	1.127853E+02
2.44871875000E+06	2.468948E-03	1.132783E+02
2.45058750000E+06	2.299321E-03	1.106630E+02
2.45245625000E+06	2.615023E-03	1.105330E+02
2.45432500000E+06	2.542231E-03	1.139342E+02
2.45619375000E+06	2.358500E-03	1.083132E+02
2.45806250000E+06	2.462063E-03	1.083339E+02
2.45993125000E+06	2.253963E-03	1.188619E+02
2.46180000000E+06	2.736766E-03	1.124908E+02
2.46366875000E+06	2.490109E-03	1.115707E+02
2.46553750000E+06	2.764784E-03	1.158424E+02
2.46740625000E+06	2.434740E-03	1.089923E+02
2.46927500000E+06	2.850942E-03	1.204288E+02
2.47114375000E+06	2.654727E-03	1.160462E+02
2.47301250000E+06	2.230052E-03	1.135058E+02
2.47488125000E+06	2.701267E-03	1.158412E+02
2.47675000000E+06	2.682857E-03	1.078537E+02
2.47861875000E+06	2.624207E-03	1.131974E+02
2.48048750000E+06	2.765250E-03	1.177891E+02
2.48235625000E+06	2.562698E-03	1.109813E+02
2.48422500000E+06	2.587134E-03	1.188111E+02
2.48609375000E+06	2.349859E-03	1.133043E+02
2.48796250000E+06	2.568771E-03	1.064530E+02
2.48983125000E+06	2.458086E-03	1.102358E+02
2.49170000000E+06	2.522497E-03	1.154208E+02
2.49356875000E+06	2.348183E-03	1.239747E+02
2.49543750000E+06	2.509666E-03	1.098870E+02
2.49730625000E+06	2.746472E-03	1.117050E+02
2.49917500000E+06	2.452907E-03	1.130253E+02
2.50104375000E+06	2.576912E-03	1.070781E+02
2.50291250000E+06	2.604756E-03	1.126000E+02
2.50478125000E+06	2.687054E-03	1.119477E+02
2.50665000000E+06	2.367427E-03	1.052456E+02
2.50851875000E+06	2.649714E-03	1.082356E+02
2.51038750000E+06	2.595175E-03	1.096745E+02
2.51225625000E+06	2.588806E-03	1.111170E+02
2.51412500000E+06	2.662899E-03	1.132169E+02
2.51599375000E+06	2.436470E-03	1.090719E+02
2.51786250000E+06	2.601291E-03	1.177986E+02
2.51973125000E+06	2.457105E-03	1.129957E+02
2.52160000000E+06	2.713295E-03	1.067876E+02
2.52346875000E+06	2.964329E-03	1.126849E+02
2.52533750000E+06	2.464012E-03	1.151476E+02
2.52720625000E+06	2.524093E-03	1.115606E+02
2.52907500000E+06	2.486296E-03	1.131416E+02
2.53094375000E+06	2.442927E-03	1.119015E+02
2.53281250000E+06	2.608429E-03	1.141109E+02
2.53468125000E+06	2.914725E-03	1.091737E+02
2.53655000000E+06	2.635381E-03	1.132618E+02
2.53841875000E+06	2.300582E-03	1.142158E+02
2.54028750000E+06	2.304889E-03	1.176433E+02
2.54215625000E+06	2.698009E-03	1.118814E+02
2.54402500000E+06	2.376413E-03	1.147216E+02
2.54589375000E+06	2.568293E-03	1.143082E+02
2.54776250000E+06	2.656829E-03	1.128315E+02
2.54963125000E+06	2.372130E-03	1.115124E+02
2.55150000000E+06	2.525550E-03	1.125919E+02
2.55336875000E+06	2.670485E-03	1.155139E+02
2.55523750000E+06	2.486974E-03	1.143809E+02
2.55710625000E+06	2.346485E-03	1.137146E+02
2.55897500000E+06	2.623006E-03	1.065137E+02
2.56084375000E+06	2.368923E-03	1.125061E+02
2.56271250000E+06	2.598285E-03	1.156027E+02
2.56458125000E+06	2.676529E-03	1.155838E+02
2.56645000000E+06	2.517374E-03	1.135996E+02
2.56831875000E+06	2.615470E-03	1.091631E+02
2.57018750000E+06	2.547419E-03	1.156342E+02
2.57205625000E+06	2.840647E-03	1.118462E+02
2.57392500000E+06	2.357303E-03	1.122197E+02
2.57579375000E+06	2.774456E-03	1.136382E+02
2.57766250000E+06	2.652627E-03	1.128087E+02
2.57953125000E+06	2.577263E-03	1.165615E+02
2.58140000000E+06	2.763788E-03	1.143304E+02
2.58326875000E+06	2.452225E-03	1.150731E+02
2.58513750000E+06	2.510064E-03	1.122884E+02
2.58700625000E+06	2.611742E-03	1.106541E+02
2.58887500000E+06	2.658354E-03	1.138643E+02
2.59074375000E+06	2.444515E-03	1.135895E+02
2.59261250000E+06	2.504291E-03	1.116816E+02
2.59448125000E+06	2.700183E-03	1.191056E+02
2.59635000000E+06	2.496500E-03	1.076730E+02
2.59821875000E+06	2.578237E-03	1.159199E+02
2.60008750000E+06	2.688691E-03	1.124099E+02
2.60195625000E+06	2.538153E-03	1.170813E+02
2.60382500000E+06	2.434247E-03	1.183594E+02
2.60569375000E+06	2.465319E-03	1.193555E+02
2.60756250000E+06	2.307531E-03	1.158507E+02
2.60943125000E+06	2.391823E-03	1.109821E+02
2.61130000000E+06	2.465011E-03	1.187970E+02
2.61316875000E+06	2.517583E-03	1.147265E+02
2.61503750000E+06	2.527187E-03	1.123868E+02
2.61690625000E+06	2.609000E-03	1.122759E+02
2.61877500000E+06	2.394042E-03	1.110652E+02
2.62064375000E+06	2.539319E-03	1.169229E+02
2.62251250000E+06	2.347048E-03	1.151816E+02
2.62438125000E+06	2.882761E-03	1.172857E+02
2.62625000000E+06	2.532428E-03	1.102548E+02
2.62811875000E+06	2.655277E-03	1.108876E+02
2.62998750000E+06	2.250756E-03	1.103653E+02
2.63185625000E+06	2.671721E-03	1.151281E+02
2.63372500000E+06	2.623848E-03	1.144377E+02
2.63559375000E+06	2.523232E-03	1.180211E+02
2.63746250000E+06	2.324605E-03	1.142868E+02
2.63933125000E+06	2.778867E-03	1.142331E+02
2.64120000000E+06	2.395432E-03	1.150954E+02
2.64306875000E+06	2.586350E-03	1.094519E+02
2.64493750000E+06	2.373321E-03	1.163661E+02
2.64680625000E+06	2.692313E-03	1.099938E+02
2.64867500000E+06	2.392820E-03	1.210993E+02
2.65054375000E+06	2.502741E-03	1.119931E+02
2.65241250000E+06	2.600589E-03	1.085504E+02
2.65428125000E+06	3.136501E-03	1.138922E+02
2.65615000000E+06	2.627898E-03	1.068018E+02
2.65801875000E+06	2.304652E-03	1.042345E+02
2.65988750000E+06	2.836755E-03	1.052538E+02
2.66175625000E+06	2.876843E-03	1.187864E+02
2.66362500000E+06	2.765098E-03	1.151678E+02
2.66549375000E+06	2.395339E-03	1.147787E+02
2.66736250000E+06	2.566521E-03	1.235330E+02
2.66923125000E+06	2.612615E-03	1.083179E+02
2.67110000000E+06	2.701836E-03	1.062737E+02
2.67296875000E+06	2.190940E-03	1.089353E+02
2.67483750000E+06	2.503580E-03	1.180541E+02
2.67670625000E+06	2.532689E-03	1.190294E+02
2.67857500000E+06	2.638183E-03	1.154315E+02
2.68044375000E+06	2.577121E-03	1.149244E+02
2.68231250000E+06	2.664279E-03	1.133766E+02
2.68418125000E+06	2.024875E-03	1.131165E+02
2.68605000000E+06	2.708535E-03	1.250885E+02
2.68791875000E+06	2.820574E-03	1.127891E+02
2.68978750000E+06	2.582646E-03	1.209238E+02
2.69165625000E+06	2.624515E-03	1.090871E+02
2.69352500000E+06	2.614225E-03	1.153318E+02
2.69539375000E+06	2.322201E-03	1.063358E+02
2.69726250000E+06	2.759626E-03	1.126859E+02
2.69913125000E+06	2.622575E-03	1.153427E+02
2.70100000000E+06	2.762829E-03	1.144718E+02
2.70286875000E+06	2.383421E-03	1.135427E+02
2.70473750000E+06	2.540448E-03	1.118185E+02
2.70660625000E+06	2.649444E-03	1.138113E+02
2.70847500000E+06	2.339565E-03	1.140722E+02
2.71034375000E+06	2.673441E-03	1.207878E+02
2.71221250000E+06	2.764651E-03	1.157577E+02
2.71408125000E+06	2.723875E-03	1.097480E+02
2.71595000000E+06	3.128350E-03	1.148223E+02
2.71781875000E+06	2.899005E-03	1.167729E+02
2.71968750000E+06	2.646277E-03	1.139611E+02
2.72155625000E+06	2.699688E-03	1.159911E+02
2.72342500000E+06	2.767106E-03	1.144660E+02
2.72529375000E+06	2.443084E-03	1.119672E+02
2.72716250000E+06	2.932554E-03	1.114723E+02
2.72903125000E+06	2.974755E-03	1.125321E+02
2.73090000000E+06	2.733357E-03	1.161750E+02
2.73276875000E+06	2.493700E-03	1.131330E+02
2.73463750000E+06	2.425881E-03	1.173830E+02
2.73650625000E+06	2.538499E-03	1.138902E+02
2.73837500000E+06	2.613431E-03	1.168716E+02
2.74024375000E+06	2.577024E-03	1.170532E+02
2.74211250000E+06	2.677910E-03	1.152351E+02
2.74398125000E+06	2.524404E-03	1.198120E+02
2.74585000000E+06	2.434881E-03	1.141053E+02
2.74771875000E+06	2.742732E-03	1.149857E+02
2.74958750000E+06	2.659278E-03	1.146509E+02
2.75145625000E+06	2.643875E-03	1.144063E+02
2.75332500000E+06	2.786818E-03	1.179913E+02
2.75519375000E+06	2.731554E-03	1.144417E+02
2.75706250000E+06	2.718635E-03	1.143342E+02
2.75893125000E+06	2.363293E-03	1.214396E+02
2.76080000000E+06	2.671848E-03	1.160760E+02
2.76266875000E+06	2.889869E-03	1.209934E+02
2.76453750000E+06	2.521938E-03	1.212312E+02
2.76640625000E+06	2.657265E-03	1.085009E+02
2.76827500000E+06	2.565031E-03	1.134876E+02
2.77014375000E+06	2.469699E-03	1.168729E+02
2.77201250000E+06	2.739044E-03	1.085525E+02
2.77388125000E+06	2.799904E-03	1.195430E+02
2.77575000000E+06	2.495048E-03	1.180076E+02
2.77761875000E+06	2.672994E-03	1.096749E+02
2.77948750000E+06	2.665037E-03	1.111676E+02
2.78135625000E+06	2.623656E-03	1.161534E+02
2.78322500000E+06	2.604961E-03	1.145216E+02
2.78509375000E+06	2.643617E-03	1.114777E+02
2.78696250000E+06	2.697845E-03	1.131470E+02
2.78883125000E+06	2.619422E-03	1.126008E+02
2.79070000000E+06	2.447725E-03	1.147037E+02
2.79256875000E+06	2.681322E-03	1.218560E+02
2.79443750000E+06	2.914366E-03	1.172781E+02
2.79630625000E+06	2.824849E-03	1.085506E+02
2.79817500000E+06	2.340484E-03	1.101937E+02
2.80004375000E+06	2.775168E-03	1.151838E+02
2.80191250000E+06	2.729440E-03	1.139748E+02
2.80378125000E+06	2.531387E-03	1.222795E+02
2.80565000000E+06	2.389572E-03	1.089287E+02
2.80751875000E+06	2.497780E-03	1.128233E+02
2.80938750000E+06	2.693385E-03	1.168884E+02
2.81125625000E+06	2.611235E-03	1.141645E+02
2.81312500000E+06	2.740820E-03	1.117277E+02
2.81499375000E+06	2.441460E-03	1.168015E+02
2.81686250000E+06	2.975748E-03	1.191843E+02
2.81873125000E+06	2.639743E-03	1.136690E+02
2.82060000000E+06	2.634611E-03	1.142915E+02
2.82246875000E+06	2.787133E-03	1.123649E+02
2.82433750000E+06	2.729719E-03	1.139854E+02
2.82620625000E+06	2.474158E-03	1.176984E+02
2.82807500000E+06	2.718588E-03	1.098711E+02
2.82994375000E+06	2.586595E-03	1.168892E+02
2.83181250000E+06	2.682544E-03	1.136995E+02
2.83368125000E+06	2.593750E-03	1.126568E+02
2.83555000000E+06	2.519047E-03	1.150939E+02
2.83741875000E+06	2.673504E-03	1.144117E+02
2.83928750000E+06	2.532758E-03	1.164961E+02
2.84115625000E+06	2.489261E-03	1.123122E+02
2.84302500000E+06	2.812559E-03	1.223168E+02
2.84489375000E+06	2.602597E-03	1.154269E+02
2.84676250000E+06	2.428800E-03	1.173191E+02
2.84863125000E+06	2.651299E-03	1.123509E+02
2.85050000000E+06	2.699175E-03	1.158678E+02
2.85236875000E+06	2.671734E-03	1.149525E+02
2.85423750000E+06	2.664734E-03	1.178686E+02
2.85610625000E+06	2.363421E-03	1.158842E+02
2.85797500000E+06	2.565974E-03	1.118846E+02
2.85984375000E+06	2.462264E-03	1.178613E+02
2.86171250000E+06	2.687956E-03	1.186718E+02
2.86358125000E+06	2.461705E-03	1.187018E+02
2.86545000000E+06	2.732445E-03	1.153240E+02
2.86731875000E+06	2.382983E-03	1.163351E+02
2.86918750000E+06	2.865586E-03	1.196321E+02
2.87105625000E+06	2.842153E-03	1.135998E+02
2.87292500000E+06	2.633685E-03	1.147261E+02
2.87479375000E+06	2.912131E-03	1.137415E+02
2.87666250000E+06	2.529863E-03	1.149929E+02
2.87853125000E+06	2.412211E-03	1.194368E+02
2.88040000000E+06	2.697867E-03	1.191772E+02
2.88226875000E+06	2.572173E-03	1.161281E+02
2.88413750000E+06	2.844677E-03	1.147016E+02
2.88600625000E+06	2.604699E-03	1.132240E+02
2.88787500000E+06	2.562413E-03	1.154447E+02
2.88974375000E+06	2.591395E-03	1.122261E+02
2.89161250000E+06	2.671095E-03	1.079488E+02
2.89348125000E+06	2.621298E-03	1.146458E+02
2.89535000000E+06	2.464881E-03	1.155092E+02
2.89721875000E+06	2.556078E-03	1.173710E+02
2.89908750000E+06	2.915676E-03	1.162953E+02
2.90095625000E+06	2.857203E-03	1.165824E+02
2.90282500000E+06	2.978147E-03	1.148896E+02
2.90469375000E+06	2.787195E-03	1.111046E+02
2.90656250000E+06	2.637546E-03	1.199844E+02
2.90843125000E+06	2.744200E-03	1.159040E+02
2.91030000000E+06	2.416993E-03	1.132766E+02
2.91216875000E+06	2.642530E-03	1.187536E+02
2.91403750000E+06	2.504514E-03	1.240825E+02
2.91590625000E+06	2.872064E-03	1.183348E+02
2.91777500000E+06	2.900305E-03	1.204192E+02
2.91964375000E+06	2.486999E-03	1.221854E+02
2.92151250000E+06	2.476749E-03	1.187753E+02
2.92338125000E+06	2.702761E-03	1.233546E+02
2.92525000000E+06	2.550934E-03	1.149968E+02
2.92711875000E+06	3.008237E-03	1.162804E+02
2.92898750000E+06	2.793529E-03	1.196106E+02
2.93085625000E+06	2.806534E-03	1.147030E+02
2.93272500000E+06	2.561861E-03	1.209595E+02
2.93459375000E+06	2.541542E-03	1.205471E+02
2.93646250000E+06	2.886389E-03	1.118315E+02
2.93833125000E+06	2.442859E-03	1.216809E+02
2.94020000000E+06	2.762331E-03	1.155807E+02
2.94206875000E+06	2.417145E-03	1.182707E+02
2.94393750000E+06	2.859983E-03	1.235944E+02
2.94580625000E+06	2.800507E-03	1.193984E+02
2.94767500000E+06	2.446271E-03	1.193452E+02
2.94954375000E+06	2.981207E-03	1.133958E+02
2.95141250000E+06	2.738608E-03	1.184817E+02
2.95328125000E+06	2.840677E-03	1.115918E+02
2.95515000000E+06	2.760889E-03	1.134650E+02
2.95701875000E+06	2.663588E-03	1.168695E+02
2.95888750000E+06	2.930516E-03	1.128435E+02
2.96075625000E+06	2.790606E-03	1.144493E+02
2.96262500000E+06	2.803384E-03	1.251565E+02
2.96449375000E+06	2.619938E-03	1.217715E+02
2.96636250000E+06	2.860057E-03	1.217086E+02
2.96823125000E+06	2.638829E-03	1.171163E+02
2.97010000000E+06	2.424099E-03	1.202556E+02
2.97196875000E+06	2.629489E-03	1.138513E+02
2.97383750000E+06	2.657550E-03	1.157323E+02
2.97570625000E+06	2.560475E-03	1.107384E+02
2.97757500000E+06	2.881306E-03	1.206686E+02
2.97944375000E+06	2.432058E-03	1.089531E+02
2.98131250000E+06	2.727714E-03	1.129220E+02
2.98318125000E+06	2.562171E-03	1.209593E+02
2.98505000000E+06	2.469991E-03	1.206557E+02
2.98691875000E+06	2.738238E-03	1.162193E+02
2.98878750000E+06	2.688491E-03	1.203310E+02
2.99065625000E+06	2.698873E-03	1.148628E+02
2.99252500000E+06	2.586302E-03	1.166925E+02
2.99439375000E+06	2.601650E-03	1.161976E+02
2.99626250000E+06	2.829228E-03	1.187476E+02
2.99813125000E+06	2.898573E-03	1.145890E+02
3.00000000000E+06	2.361115E-03	1.169064E+02
