"E5100A REV3.14"
"DATE: Jun 28 2004"



"CHANNEL: 2"
"MEASURE TYPE: AR"
"FORMAT TYPE: LINMP"
"NUMBER of POINTS: 1601"
"SWEEP TIME:  3.458 s"
"SWEEP TYPE: LINF"
"SOURCE POWER: 0 dBm"
"IF BANDWIDTH: 500 Hz"

"Frequency"	"Main Array"	"Sub Array"
1.00000000000E+04	1.959069E-02	-4.351980E+01
1.18687500000E+04	8.396775E-02	-4.537156E+01
1.37375000000E+04	5.382432E-02	-3.838177E+01
1.56062500000E+04	5.564560E-02	-5.458279E+01
1.74750000000E+04	5.473537E-02	-5.223077E+01
1.93437500000E+04	4.569798E-02	-4.729623E+01
2.12125000000E+04	4.589655E-02	-4.324673E+01
2.30812500000E+04	4.442329E-02	-4.987328E+01
2.49500000000E+04	4.173765E-02	-5.020155E+01
2.68187500000E+04	3.794280E-02	-5.301332E+01
2.86875000000E+04	4.194307E-02	-5.619243E+01
3.05562500000E+04	3.696931E-02	-5.688065E+01
3.24250000000E+04	3.534864E-02	-5.862402E+01
3.42937500000E+04	3.428461E-02	-6.016001E+01
3.61625000000E+04	3.470286E-02	-6.049202E+01
3.80312500000E+04	2.863749E-02	-6.102074E+01
3.99000000000E+04	2.947753E-02	-6.360271E+01
4.17687500000E+04	2.854596E-02	-6.344484E+01
4.36375000000E+04	2.539547E-02	-6.577484E+01
4.55062500000E+04	2.623277E-02	-7.150050E+01
4.73750000000E+04	2.512767E-02	-6.753838E+01
4.92437500000E+04	2.018694E-02	-6.476285E+01
5.11125000000E+04	2.248902E-02	-6.815337E+01
5.29812500000E+04	2.217937E-02	-6.435649E+01
5.48500000000E+04	2.066999E-02	-6.500737E+01
5.67187500000E+04	2.037017E-02	-6.604791E+01
5.85875000000E+04	1.769955E-02	-6.738274E+01
6.04562500000E+04	1.753791E-02	-6.639308E+01
6.23250000000E+04	1.557952E-02	-6.770506E+01
6.41937500000E+04	1.570435E-02	-5.950606E+01
6.60625000000E+04	1.613485E-02	-6.078112E+01
6.79312500000E+04	1.394380E-02	-5.807405E+01
6.98000000000E+04	1.444231E-02	-5.412017E+01
7.16687500000E+04	1.428470E-02	-5.366676E+01
7.35375000000E+04	1.443557E-02	-5.009066E+01
7.54062500000E+04	1.604201E-02	-4.725444E+01
7.72750000000E+04	1.576917E-02	-4.292746E+01
7.91437500000E+04	1.617823E-02	-4.469651E+01
8.10125000000E+04	1.745679E-02	-4.441979E+01
8.28812500000E+04	1.723799E-02	-4.511514E+01
8.47500000000E+04	1.803392E-02	-4.565632E+01
8.66187500000E+04	1.766809E-02	-5.066033E+01
8.84875000000E+04	1.791336E-02	-5.083397E+01
9.03562500000E+04	1.795219E-02	-4.880013E+01
9.22250000000E+04	1.779377E-02	-5.339194E+01
9.40937500000E+04	1.803855E-02	-5.384697E+01
9.59625000000E+04	1.710599E-02	-5.477225E+01
9.78312500000E+04	1.819045E-02	-5.607407E+01
9.97000000000E+04	1.724843E-02	-5.621555E+01
1.01568750000E+05	1.779529E-02	-5.910788E+01
1.03437500000E+05	1.812146E-02	-6.022491E+01
1.05306250000E+05	1.553851E-02	-6.694959E+01
1.07175000000E+05	1.645495E-02	-6.196041E+01
1.09043750000E+05	1.497736E-02	-6.023132E+01
1.10912500000E+05	1.735725E-02	-5.078463E+01
1.12781250000E+05	1.604835E-02	-6.378413E+01
1.14650000000E+05	1.615783E-02	-6.403468E+01
1.16518750000E+05	1.533905E-02	-6.624441E+01
1.18387500000E+05	1.510254E-02	-6.544993E+01
1.20256250000E+05	1.441812E-02	-6.515215E+01
1.22125000000E+05	1.481581E-02	-6.691355E+01
1.23993750000E+05	1.436735E-02	-6.553028E+01
1.25862500000E+05	1.483028E-02	-6.500421E+01
1.27731250000E+05	1.455092E-02	-6.880109E+01
1.29600000000E+05	1.481638E-02	-6.700508E+01
1.31468750000E+05	1.407859E-02	-6.773302E+01
1.33337500000E+05	1.203020E-02	-6.383074E+01
1.35206250000E+05	1.335262E-02	-6.738212E+01
1.37075000000E+05	1.287375E-02	-6.868587E+01
1.38943750000E+05	1.296770E-02	-6.610526E+01
1.40812500000E+05	1.567336E-02	-6.816286E+01
1.42681250000E+05	1.329451E-02	-6.930205E+01
1.44550000000E+05	1.336336E-02	-6.660964E+01
1.46418750000E+05	1.294534E-02	-6.824294E+01
1.48287500000E+05	1.270524E-02	-6.955415E+01
1.50156250000E+05	1.210177E-02	-7.224743E+01
1.52025000000E+05	1.208453E-02	-7.315308E+01
1.53893750000E+05	1.210984E-02	-6.882565E+01
1.55762500000E+05	1.219554E-02	-7.100237E+01
1.57631250000E+05	1.176394E-02	-7.000353E+01
1.59500000000E+05	1.178187E-02	-6.586574E+01
1.61368750000E+05	1.123387E-02	-7.240955E+01
1.63237500000E+05	1.136290E-02	-7.077787E+01
1.65106250000E+05	1.078286E-02	-7.298122E+01
1.66975000000E+05	1.249710E-02	-6.925255E+01
1.68843750000E+05	1.084753E-02	-7.088369E+01
1.70712500000E+05	1.106854E-02	-7.151074E+01
1.72581250000E+05	1.067405E-02	-7.281680E+01
1.74450000000E+05	1.065458E-02	-7.136915E+01
1.76318750000E+05	1.045312E-02	-7.330148E+01
1.78187500000E+05	1.088514E-02	-7.422588E+01
1.80056250000E+05	9.981140E-03	-7.432439E+01
1.81925000000E+05	9.733811E-03	-7.003283E+01
1.83793750000E+05	9.866419E-03	-7.254670E+01
1.85662500000E+05	9.614367E-03	-7.022028E+01
1.87531250000E+05	9.136876E-03	-7.515405E+01
1.89400000000E+05	8.717312E-03	-7.446722E+01
1.91268750000E+05	9.511879E-03	-7.036445E+01
1.93137500000E+05	9.479971E-03	-7.527993E+01
1.95006250000E+05	9.163366E-03	-7.515603E+01
1.96875000000E+05	9.456890E-03	-6.890590E+01
1.98743750000E+05	8.820980E-03	-7.217064E+01
2.00612500000E+05	8.489995E-03	-7.205597E+01
2.02481250000E+05	8.828963E-03	-6.459142E+01
2.04350000000E+05	8.527325E-03	-6.510770E+01
2.06218750000E+05	8.733466E-03	-7.221867E+01
2.08087500000E+05	8.399636E-03	-7.158881E+01
2.09956250000E+05	8.822639E-03	-7.714591E+01
2.11825000000E+05	8.540493E-03	-6.853963E+01
2.13693750000E+05	8.267148E-03	-7.255482E+01
2.15562500000E+05	8.055327E-03	-7.131391E+01
2.17431250000E+05	7.964125E-03	-7.397991E+01
2.19300000000E+05	8.381077E-03	-7.181911E+01
2.21168750000E+05	8.492185E-03	-7.179245E+01
2.23037500000E+05	8.109590E-03	-6.903751E+01
2.24906250000E+05	8.063215E-03	-6.892920E+01
2.26775000000E+05	7.551714E-03	-7.396056E+01
2.28643750000E+05	8.035294E-03	-6.768600E+01
2.30512500000E+05	8.021457E-03	-7.402775E+01
2.32381250000E+05	8.116134E-03	-7.882524E+01
2.34250000000E+05	8.127784E-03	-7.721519E+01
2.36118750000E+05	7.908859E-03	-7.165955E+01
2.37987500000E+05	7.799293E-03	-7.038178E+01
2.39856250000E+05	8.241432E-03	-6.952039E+01
2.41725000000E+05	7.837329E-03	-7.219984E+01
2.43593750000E+05	8.697679E-03	-7.147858E+01
2.45462500000E+05	7.639050E-03	-7.497720E+01
2.47331250000E+05	8.125033E-03	-7.536043E+01
2.49200000000E+05	8.219473E-03	-7.750985E+01
2.51068750000E+05	8.148788E-03	-7.872726E+01
2.52937500000E+05	7.384249E-03	-7.855156E+01
2.54806250000E+05	8.131090E-03	-8.332221E+01
2.56675000000E+05	7.516337E-03	-7.994552E+01
2.58543750000E+05	7.336124E-03	-8.241483E+01
2.60412500000E+05	7.310871E-03	-7.592290E+01
2.62281250000E+05	7.358328E-03	-8.505343E+01
2.64150000000E+05	7.004863E-03	-7.931550E+01
2.66018750000E+05	6.699809E-03	-8.297525E+01
2.67887500000E+05	6.673642E-03	-8.320001E+01
2.69756250000E+05	6.573934E-03	-8.026508E+01
2.71625000000E+05	6.518635E-03	-8.208143E+01
2.73493750000E+05	5.963369E-03	-8.628622E+01
2.75362500000E+05	6.337551E-03	-8.594978E+01
2.77231250000E+05	6.572089E-03	-8.405021E+01
2.79100000000E+05	5.698281E-03	-8.056011E+01
2.80968750000E+05	5.475705E-03	-8.273371E+01
2.82837500000E+05	6.054239E-03	-7.972359E+01
2.84706250000E+05	5.869439E-03	-8.362912E+01
2.86575000000E+05	6.035159E-03	-8.321247E+01
2.88443750000E+05	5.647532E-03	-8.203870E+01
2.90312500000E+05	5.940818E-03	-8.094151E+01
2.92181250000E+05	5.650414E-03	-8.888845E+01
2.94050000000E+05	5.815541E-03	-8.192899E+01
2.95918750000E+05	5.391424E-03	-8.263226E+01
2.97787500000E+05	5.217123E-03	-7.481406E+01
2.99656250000E+05	5.715025E-03	-7.823804E+01
3.01525000000E+05	5.712163E-03	-7.747151E+01
3.03393750000E+05	5.576775E-03	-7.822860E+01
3.05262500000E+05	5.759781E-03	-8.082740E+01
3.07131250000E+05	5.356339E-03	-8.177048E+01
3.09000000000E+05	5.110032E-03	-8.328831E+01
3.10868750000E+05	5.107708E-03	-7.649683E+01
3.12737500000E+05	5.147525E-03	-8.840500E+01
3.14606250000E+05	5.141542E-03	-7.905231E+01
3.16475000000E+05	4.924627E-03	-7.894614E+01
3.18343750000E+05	4.903942E-03	-7.417925E+01
3.20212500000E+05	4.873596E-03	-7.748379E+01
3.22081250000E+05	5.190706E-03	-8.188737E+01
3.23950000000E+05	4.057916E-03	-8.050766E+01
3.25818750000E+05	4.741124E-03	-8.142484E+01
3.27687500000E+05	4.888757E-03	-7.491962E+01
3.29556250000E+05	4.703159E-03	-8.000037E+01
3.31425000000E+05	4.680024E-03	-7.548830E+01
3.33293750000E+05	4.507795E-03	-7.658392E+01
3.35162500000E+05	4.757569E-03	-7.807303E+01
3.37031250000E+05	4.536773E-03	-7.742862E+01
3.38900000000E+05	4.740950E-03	-7.400409E+01
3.40768750000E+05	5.188609E-03	-7.985197E+01
3.42637500000E+05	4.701101E-03	-7.805385E+01
3.44506250000E+05	4.438337E-03	-8.200401E+01
3.46375000000E+05	4.632500E-03	-7.923943E+01
3.48243750000E+05	4.731121E-03	-7.654016E+01
3.50112500000E+05	4.898710E-03	-8.411313E+01
3.51981250000E+05	4.616975E-03	-8.172745E+01
3.53850000000E+05	4.364029E-03	-7.572169E+01
3.55718750000E+05	4.562765E-03	-7.906779E+01
3.57587500000E+05	4.495935E-03	-7.545579E+01
3.59456250000E+05	4.425819E-03	-7.875839E+01
3.61325000000E+05	4.162202E-03	-8.044102E+01
3.63193750000E+05	4.188492E-03	-8.324637E+01
3.65062500000E+05	4.176135E-03	-8.059433E+01
3.66931250000E+05	4.468036E-03	-7.737968E+01
3.68800000000E+05	4.084607E-03	-7.623769E+01
3.70668750000E+05	4.310661E-03	-7.529331E+01
3.72537500000E+05	3.924625E-03	-8.073443E+01
3.74406250000E+05	4.222729E-03	-7.787390E+01
3.76275000000E+05	4.128597E-03	-7.420900E+01
3.78143750000E+05	4.093179E-03	-7.683062E+01
3.80012500000E+05	4.078266E-03	-7.581543E+01
3.81881250000E+05	4.290957E-03	-7.389736E+01
3.83750000000E+05	4.571776E-03	-7.742993E+01
3.85618750000E+05	3.887071E-03	-8.196169E+01
3.87487500000E+05	3.938277E-03	-7.968029E+01
3.89356250000E+05	4.133255E-03	-7.808563E+01
3.91225000000E+05	3.558827E-03	-7.566193E+01
3.93093750000E+05	3.946736E-03	-7.648357E+01
3.94962500000E+05	3.779159E-03	-7.921282E+01
3.96831250000E+05	3.603432E-03	-7.348914E+01
3.98700000000E+05	3.981045E-03	-7.494689E+01
4.00568750000E+05	3.844773E-03	-7.192006E+01
4.02437500000E+05	3.931990E-03	-7.680807E+01
4.04306250000E+05	3.349692E-03	-7.269675E+01
4.06175000000E+05	3.707767E-03	-6.788931E+01
4.08043750000E+05	3.836448E-03	-8.135805E+01
4.09912500000E+05	3.530774E-03	-7.640777E+01
4.11781250000E+05	3.417999E-03	-7.161914E+01
4.13650000000E+05	3.388325E-03	-7.455820E+01
4.15518750000E+05	3.501052E-03	-7.741885E+01
4.17387500000E+05	3.286419E-03	-7.582793E+01
4.19256250000E+05	3.435708E-03	-7.866888E+01
4.21125000000E+05	3.307415E-03	-7.724807E+01
4.22993750000E+05	3.462589E-03	-7.689145E+01
4.24862500000E+05	3.244124E-03	-7.328352E+01
4.26731250000E+05	3.281194E-03	-7.764686E+01
4.28600000000E+05	3.233664E-03	-8.326100E+01
4.30468750000E+05	3.643980E-03	-7.033380E+01
4.32337500000E+05	3.402269E-03	-7.289066E+01
4.34206250000E+05	3.133148E-03	-7.417811E+01
4.36075000000E+05	3.106535E-03	-7.189043E+01
4.37943750000E+05	3.385742E-03	-7.598690E+01
4.39812500000E+05	3.337841E-03	-7.475788E+01
4.41681250000E+05	3.691084E-03	-7.313616E+01
4.43550000000E+05	3.114240E-03	-7.794653E+01
4.45418750000E+05	3.332528E-03	-6.872196E+01
4.47287500000E+05	3.316548E-03	-7.461388E+01
4.49156250000E+05	3.145808E-03	-7.818320E+01
4.51025000000E+05	3.336558E-03	-7.429412E+01
4.52893750000E+05	3.230866E-03	-7.265179E+01
4.54762500000E+05	3.380229E-03	-7.522794E+01
4.56631250000E+05	3.285473E-03	-7.873419E+01
4.58500000000E+05	3.412564E-03	-7.603496E+01
4.60368750000E+05	3.434931E-03	-6.705874E+01
4.62237500000E+05	3.127818E-03	-7.528609E+01
4.64106250000E+05	3.400065E-03	-7.392065E+01
4.65975000000E+05	3.120385E-03	-7.500697E+01
4.67843750000E+05	3.357889E-03	-7.678191E+01
4.69712500000E+05	2.675201E-03	-7.315393E+01
4.71581250000E+05	2.649379E-03	-8.056519E+01
4.73450000000E+05	3.305607E-03	-7.397682E+01
4.75318750000E+05	3.034151E-03	-7.518072E+01
4.77187500000E+05	3.004626E-03	-7.835318E+01
4.79056250000E+05	3.093723E-03	-7.436925E+01
4.80925000000E+05	2.850747E-03	-7.461539E+01
4.82793750000E+05	3.224722E-03	-7.208300E+01
4.84662500000E+05	3.142140E-03	-7.789484E+01
4.86531250000E+05	2.661827E-03	-7.749263E+01
4.88400000000E+05	3.020764E-03	-7.808289E+01
4.90268750000E+05	3.242166E-03	-6.911667E+01
4.92137500000E+05	2.969145E-03	-8.146246E+01
4.94006250000E+05	2.973991E-03	-7.963188E+01
4.95875000000E+05	3.137684E-03	-7.832777E+01
4.97743750000E+05	2.886142E-03	-7.869660E+01
4.99612500000E+05	3.068609E-03	-7.682613E+01
5.01481250000E+05	2.896130E-03	-7.829343E+01
5.03350000000E+05	2.824198E-03	-7.859262E+01
5.05218750000E+05	2.803687E-03	-8.328903E+01
5.07087500000E+05	2.843750E-03	-8.405327E+01
5.08956250000E+05	2.779124E-03	-8.488079E+01
5.10825000000E+05	2.759015E-03	-8.059300E+01
5.12693750000E+05	2.932288E-03	-8.033685E+01
5.14562500000E+05	2.860160E-03	-7.847675E+01
5.16431250000E+05	2.256393E-03	-8.164137E+01
5.18300000000E+05	2.653244E-03	-7.982894E+01
5.20168750000E+05	2.480007E-03	-8.437840E+01
5.22037500000E+05	2.129184E-03	-8.355341E+01
5.23906250000E+05	2.666811E-03	-8.099071E+01
5.25775000000E+05	2.506073E-03	-8.305789E+01
5.27643750000E+05	2.535639E-03	-8.158437E+01
5.29512500000E+05	2.374053E-03	-8.147569E+01
5.31381250000E+05	2.469577E-03	-8.606445E+01
5.33250000000E+05	2.219379E-03	-8.473273E+01
5.35118750000E+05	2.309229E-03	-7.844225E+01
5.36987500000E+05	2.427647E-03	-8.313865E+01
5.38856250000E+05	2.378435E-03	-7.860910E+01
5.40725000000E+05	2.120349E-03	-8.290213E+01
5.42593750000E+05	2.419814E-03	-8.253181E+01
5.44462500000E+05	2.227355E-03	-8.545564E+01
5.46331250000E+05	2.101009E-03	-8.276189E+01
5.48200000000E+05	1.713432E-03	-8.040741E+01
5.50068750000E+05	2.126070E-03	-8.161545E+01
5.51937500000E+05	2.051173E-03	-8.066090E+01
5.53806250000E+05	1.767990E-03	-8.312796E+01
5.55675000000E+05	2.304044E-03	-8.026653E+01
5.57543750000E+05	2.204190E-03	-8.071764E+01
5.59412500000E+05	1.932506E-03	-8.021187E+01
5.61281250000E+05	2.044172E-03	-7.853471E+01
5.63150000000E+05	1.929597E-03	-7.674736E+01
5.65018750000E+05	1.887526E-03	-7.346561E+01
5.66887500000E+05	1.900517E-03	-8.069999E+01
5.68756250000E+05	1.934652E-03	-8.162300E+01
5.70625000000E+05	2.277222E-03	-7.804215E+01
5.72493750000E+05	1.879434E-03	-7.867886E+01
5.74362500000E+05	1.975492E-03	-7.707311E+01
5.76231250000E+05	1.819439E-03	-7.859665E+01
5.78100000000E+05	2.098926E-03	-7.703644E+01
5.79968750000E+05	1.602938E-03	-8.260295E+01
5.81837500000E+05	1.810390E-03	-7.413782E+01
5.83706250000E+05	1.650893E-03	-7.760688E+01
5.85575000000E+05	1.559190E-03	-8.836764E+01
5.87443750000E+05	1.995026E-03	-8.771347E+01
5.89312500000E+05	1.577197E-03	-7.868743E+01
5.91181250000E+05	1.493577E-03	-7.924286E+01
5.93050000000E+05	1.622096E-03	-8.094197E+01
5.94918750000E+05	1.574626E-03	-8.139314E+01
5.96787500000E+05	1.474109E-03	-8.193874E+01
5.98656250000E+05	1.647698E-03	-7.818419E+01
6.00525000000E+05	1.448265E-03	-7.427219E+01
6.02393750000E+05	1.881900E-03	-7.433781E+01
6.04262500000E+05	1.584887E-03	-7.574931E+01
6.06131250000E+05	1.499674E-03	-8.493085E+01
6.08000000000E+05	1.696140E-03	-8.143723E+01
6.09868750000E+05	1.690876E-03	-7.483560E+01
6.11737500000E+05	1.522381E-03	-7.535035E+01
6.13606250000E+05	1.489730E-03	-8.171608E+01
6.15475000000E+05	1.548509E-03	-8.093913E+01
6.17343750000E+05	1.417348E-03	-7.277268E+01
6.19212500000E+05	1.619491E-03	-7.560406E+01
6.21081250000E+05	1.623011E-03	-7.179887E+01
6.22950000000E+05	1.514332E-03	-7.429790E+01
6.24818750000E+05	1.330630E-03	-6.740581E+01
6.26687500000E+05	1.403813E-03	-7.346562E+01
6.28556250000E+05	1.518292E-03	-8.104209E+01
6.30425000000E+05	1.224854E-03	-7.398569E+01
6.32293750000E+05	1.665859E-03	-7.653040E+01
6.34162500000E+05	1.588558E-03	-8.357866E+01
6.36031250000E+05	1.200437E-03	-7.926857E+01
6.37900000000E+05	1.163358E-03	-8.957093E+01
6.39768750000E+05	1.166333E-03	-7.159247E+01
6.41637500000E+05	1.559637E-03	-6.865276E+01
6.43506250000E+05	1.257247E-03	-7.443446E+01
6.45375000000E+05	1.523904E-03	-7.344297E+01
6.47243750000E+05	1.369468E-03	-7.770058E+01
6.49112500000E+05	1.462477E-03	-7.130620E+01
6.50981250000E+05	1.135754E-03	-8.339626E+01
6.52850000000E+05	1.596748E-03	-7.062309E+01
6.54718750000E+05	1.548506E-03	-8.070990E+01
6.56587500000E+05	1.399037E-03	-7.924014E+01
6.58456250000E+05	1.511874E-03	-7.022897E+01
6.60325000000E+05	1.366012E-03	-8.913275E+01
6.62193750000E+05	1.168415E-03	-8.056316E+01
6.64062500000E+05	1.322412E-03	-6.890454E+01
6.65931250000E+05	1.296091E-03	-6.599840E+01
6.67800000000E+05	1.058794E-03	-6.813094E+01
6.69668750000E+05	1.088052E-03	-6.830571E+01
6.71537500000E+05	1.017077E-03	-6.610825E+01
6.73406250000E+05	1.059581E-03	-5.688370E+01
6.75275000000E+05	1.046663E-03	-6.950739E+01
6.77143750000E+05	1.119969E-03	-5.219381E+01
6.79012500000E+05	9.679130E-04	-6.551051E+01
6.80881250000E+05	9.981886E-04	-7.696751E+01
6.82750000000E+05	1.050538E-03	-6.903063E+01
6.84618750000E+05	8.407107E-04	-7.738956E+01
6.86487500000E+05	1.000669E-03	-6.954844E+01
6.88356250000E+05	9.657593E-04	-8.121651E+01
6.90225000000E+05	9.416579E-04	-4.297912E+01
6.92093750000E+05	1.191312E-03	-7.674979E+01
6.93962500000E+05	9.901914E-04	-7.222583E+01
6.95831250000E+05	9.331897E-04	-7.634880E+01
6.97700000000E+05	1.243613E-03	-6.768553E+01
6.99568750000E+05	9.133816E-04	-6.635493E+01
7.01437500000E+05	1.164458E-03	-7.264973E+01
7.03306250000E+05	1.096138E-03	-6.341486E+01
7.05175000000E+05	1.040793E-03	-5.954196E+01
7.07043750000E+05	9.737715E-04	-7.139532E+01
7.08912500000E+05	7.941407E-04	-4.913482E+01
7.10781250000E+05	8.902233E-04	-5.686819E+01
7.12650000000E+05	8.068386E-04	-4.956528E+01
7.14518750000E+05	8.493323E-04	-6.157528E+01
7.16387500000E+05	8.041899E-04	-7.421540E+01
7.18256250000E+05	9.714985E-04	-6.618478E+01
7.20125000000E+05	1.372708E-03	-9.145635E+01
7.21993750000E+05	9.301407E-04	-7.459750E+01
7.23862500000E+05	6.900902E-04	-8.644703E+01
7.25731250000E+05	1.056801E-03	-6.557056E+01
7.27600000000E+05	9.647854E-04	-7.891211E+01
7.29468750000E+05	7.893959E-04	-7.446066E+01
7.31337500000E+05	1.062418E-03	-6.600720E+01
7.33206250000E+05	9.955888E-04	-6.987006E+01
7.35075000000E+05	1.083325E-03	-7.798120E+01
7.36943750000E+05	8.074283E-04	-7.898093E+01
7.38812500000E+05	1.079628E-03	-7.281322E+01
7.40681250000E+05	6.637622E-04	-6.883797E+01
7.42550000000E+05	8.793429E-04	-5.873966E+01
7.44418750000E+05	7.849876E-04	-7.111889E+01
7.46287500000E+05	1.000810E-03	-7.297272E+01
7.48156250000E+05	8.018732E-04	-6.052182E+01
7.50025000000E+05	1.015881E-03	-6.273443E+01
7.51893750000E+05	7.481555E-04	-6.675797E+01
7.53762500000E+05	9.038330E-04	-6.044035E+01
7.55631250000E+05	2.711959E-04	-4.651616E+01
7.57500000000E+05	9.352332E-04	-6.993445E+01
7.59368750000E+05	8.878204E-04	-5.872363E+01
7.61237500000E+05	7.933725E-04	-6.162828E+01
7.63106250000E+05	7.172402E-04	-5.483269E+01
7.64975000000E+05	4.458596E-04	-6.327267E+01
7.66843750000E+05	8.300377E-04	-5.151713E+01
7.68712500000E+05	8.546102E-04	-5.306167E+01
7.70581250000E+05	4.109432E-04	-7.996442E+01
7.72450000000E+05	4.888567E-04	-7.073970E+01
7.74318750000E+05	8.873467E-04	-6.960130E+01
7.76187500000E+05	3.895600E-04	-5.980642E+01
7.78056250000E+05	6.890062E-04	-4.666435E+01
7.79925000000E+05	7.232092E-04	-3.467541E+01
7.81793750000E+05	5.801598E-04	-7.156860E+01
7.83662500000E+05	1.041124E-03	-7.266945E+01
7.85531250000E+05	6.420048E-04	-4.503638E+01
7.87400000000E+05	8.738537E-04	-5.738135E+01
7.89268750000E+05	8.283932E-04	-4.330384E+01
7.91137500000E+05	4.909537E-04	-3.485340E+01
7.93006250000E+05	6.427793E-04	-1.020538E+02
7.94875000000E+05	7.867528E-04	-6.646114E+01
7.96743750000E+05	4.410858E-04	-5.981572E+01
7.98612500000E+05	6.406095E-04	-4.771820E+01
8.00481250000E+05	5.535550E-04	-5.672371E+01
8.02350000000E+05	3.894491E-04	-9.153905E+01
8.04218750000E+05	4.331413E-04	-8.232456E+01
8.06087500000E+05	3.778057E-04	-5.383439E+01
8.07956250000E+05	5.646108E-04	-2.997564E+01
8.09825000000E+05	5.110456E-04	-5.052048E+01
8.11693750000E+05	2.992819E-04	-1.373111E+02
8.13562500000E+05	3.713009E-04	-7.185242E+01
8.15431250000E+05	2.534275E-04	-7.499859E+01
8.17300000000E+05	4.685903E-04	-4.450439E+01
8.19168750000E+05	3.504566E-04	-6.192405E+01
8.21037500000E+05	6.298753E-04	-2.267505E+01
8.22906250000E+05	4.670401E-04	2.678023E+00
8.24775000000E+05	4.129802E-04	-3.320249E+01
8.26643750000E+05	2.672653E-04	-5.966248E+01
8.28512500000E+05	5.414757E-04	-2.669478E+01
8.30381250000E+05	3.425924E-04	-2.582393E+01
8.32250000000E+05	4.005481E-04	-4.677319E+01
8.34118750000E+05	6.516246E-05	-4.387685E+01
8.35987500000E+05	6.333577E-04	-6.458984E+01
8.37856250000E+05	5.695151E-04	-6.280655E+01
8.39725000000E+05	4.960350E-04	-7.178745E+01
8.41593750000E+05	4.527875E-04	-2.526455E+01
8.43462500000E+05	1.928813E-04	-4.731115E+01
8.45331250000E+05	2.947532E-04	-1.032312E+02
8.47200000000E+05	3.676622E-04	-6.472939E+01
8.49068750000E+05	5.745578E-04	-3.486677E+01
8.50937500000E+05	3.652122E-04	-4.323853E+01
8.52806250000E+05	1.588163E-04	-5.247530E+01
8.54675000000E+05	5.728282E-04	-2.418625E+01
8.56543750000E+05	1.169075E-04	1.041905E+01
8.58412500000E+05	3.637791E-04	-6.851051E+01
8.60281250000E+05	2.086151E-04	4.089471E+01
8.62150000000E+05	4.883513E-04	-1.664632E+00
8.64018750000E+05	5.569749E-04	-6.311584E+01
8.65887500000E+05	3.206198E-04	3.344137E+00
8.67756250000E+05	3.323833E-04	-1.783198E+00
8.69625000000E+05	3.545919E-04	-2.441925E+01
8.71493750000E+05	7.239783E-05	1.454528E+02
8.73362500000E+05	2.453246E-04	-2.618715E+01
8.75231250000E+05	2.569969E-04	-8.279930E+01
8.77100000000E+05	4.220362E-04	-7.462196E+01
8.78968750000E+05	8.623981E-05	-1.403266E+02
8.80837500000E+05	2.161573E-04	2.760449E+01
8.82706250000E+05	3.391395E-04	-1.161878E+01
8.84575000000E+05	2.327127E-04	9.790378E+01
8.86443750000E+05	6.672912E-04	-6.381911E+01
8.88312500000E+05	1.756417E-04	-1.208143E+02
8.90181250000E+05	2.514547E-04	-5.964978E+00
8.92050000000E+05	2.626645E-04	3.529719E+01
8.93918750000E+05	3.530121E-05	-1.735400E+02
8.95787500000E+05	6.146615E-04	-3.025505E+01
8.97656250000E+05	4.445020E-04	1.104062E+02
8.99525000000E+05	1.236835E-04	4.961447E+01
9.01393750000E+05	1.433504E-04	5.528870E+01
9.03262500000E+05	5.658839E-04	8.801433E+00
9.05131250000E+05	9.029440E-05	7.520886E+01
9.07000000000E+05	1.492529E-04	1.312442E+02
9.08868750000E+05	1.696546E-04	1.361361E+02
9.10737500000E+05	2.929918E-04	-7.513131E+01
9.12606250000E+05	2.098641E-04	1.548711E+02
9.14475000000E+05	6.765416E-04	9.159972E+01
9.16343750000E+05	1.975469E-04	2.917258E+01
9.18212500000E+05	5.453663E-04	2.528763E+01
9.20081250000E+05	2.814628E-04	5.856211E+01
9.21950000000E+05	4.451921E-04	9.868304E+01
9.23818750000E+05	3.665203E-04	6.239116E+01
9.25687500000E+05	3.230748E-04	1.844824E+00
9.27556250000E+05	6.741530E-04	3.734163E+01
9.29425000000E+05	4.874771E-04	4.908623E+00
9.31293750000E+05	2.651735E-04	1.755580E+01
9.33162500000E+05	8.936260E-04	4.222038E+01
9.35031250000E+05	2.170317E-04	-2.022717E+01
9.36900000000E+05	2.005539E-04	1.009868E+02
9.38768750000E+05	2.279008E-04	-7.138956E+00
9.40637500000E+05	2.493613E-04	4.125954E+01
9.42506250000E+05	3.941929E-04	4.619877E+01
9.44375000000E+05	5.774592E-04	7.300475E+01
9.46243750000E+05	3.250265E-04	6.684718E+01
9.48112500000E+05	1.064799E-04	-9.421986E+01
9.49981250000E+05	3.050046E-04	6.550852E+01
9.51850000000E+05	5.990567E-04	3.934930E+01
9.53718750000E+05	7.922205E-04	1.013761E+02
9.55587500000E+05	4.547513E-04	7.700762E+01
9.57456250000E+05	1.384050E-04	1.959751E+01
9.59325000000E+05	2.144124E-04	1.159911E+02
9.61193750000E+05	4.570651E-04	1.472935E+01
9.63062500000E+05	2.995371E-04	4.604375E+01
9.64931250000E+05	3.903036E-04	9.137498E+01
9.66800000000E+05	4.773723E-04	1.396427E+01
9.68668750000E+05	3.046296E-04	4.374799E+01
9.70537500000E+05	5.695798E-04	9.576466E+01
9.72406250000E+05	7.979987E-04	7.975616E+01
9.74275000000E+05	4.658549E-04	1.529927E+02
9.76143750000E+05	6.885751E-04	7.541569E+01
9.78012500000E+05	3.617232E-04	9.789337E+01
9.79881250000E+05	7.679323E-04	8.533087E+01
9.81750000000E+05	3.321965E-04	3.878962E+01
9.83618750000E+05	4.253800E-04	4.443988E+01
9.85487500000E+05	3.172008E-04	6.921642E+01
9.87356250000E+05	4.345828E-04	9.739857E+01
9.89225000000E+05	4.782090E-04	7.233392E+01
9.91093750000E+05	5.406247E-04	8.647961E+01
9.92962500000E+05	4.100185E-04	1.168040E+02
9.94831250000E+05	3.069213E-04	1.019648E+02
9.96700000000E+05	4.194084E-04	1.145961E+02
9.98568750000E+05	3.060966E-04	5.609370E+01
1.00043750000E+06	3.779557E-04	1.119811E+02
1.00230625000E+06	6.051872E-04	1.061732E+02
1.00417500000E+06	4.888519E-04	1.381400E+01
1.00604375000E+06	9.370213E-04	9.305617E+01
1.00791250000E+06	7.443004E-04	6.887306E+01
1.00978125000E+06	7.621809E-04	8.851566E+01
1.01165000000E+06	2.726659E-04	1.986034E+01
1.01351875000E+06	6.135359E-04	1.152051E+02
1.01538750000E+06	4.991951E-04	5.925851E+01
1.01725625000E+06	2.146101E-04	7.696478E+01
1.01912500000E+06	7.515490E-04	7.006034E+01
1.02099375000E+06	6.207082E-04	9.321713E+01
1.02286250000E+06	6.904447E-04	9.486182E+01
1.02473125000E+06	6.273453E-04	7.529096E+01
1.02660000000E+06	5.160054E-04	8.220212E+01
1.02846875000E+06	5.076603E-04	7.246124E+01
1.03033750000E+06	6.703448E-04	1.158244E+02
1.03220625000E+06	5.603703E-04	9.571729E+01
1.03407500000E+06	5.979118E-04	9.498849E+01
1.03594375000E+06	6.673027E-04	8.553703E+01
1.03781250000E+06	9.259626E-04	9.744854E+01
1.03968125000E+06	7.385294E-04	8.578653E+01
1.04155000000E+06	5.513232E-04	1.099252E+02
1.04341875000E+06	6.775038E-04	5.928621E+01
1.04528750000E+06	9.857798E-04	8.377478E+01
1.04715625000E+06	7.022710E-04	5.945858E+01
1.04902500000E+06	4.191715E-04	4.709674E+01
1.05089375000E+06	5.498951E-04	1.069178E+02
1.05276250000E+06	4.869009E-04	1.033734E+02
1.05463125000E+06	4.772311E-04	9.570311E+01
1.05650000000E+06	3.404402E-04	8.707182E+01
1.05836875000E+06	7.147173E-04	7.646209E+01
1.06023750000E+06	4.743511E-04	8.704275E+01
1.06210625000E+06	8.372024E-04	8.832915E+01
1.06397500000E+06	7.626532E-04	5.411436E+01
1.06584375000E+06	9.381861E-04	7.466248E+01
1.06771250000E+06	8.435745E-04	1.250254E+02
1.06958125000E+06	1.083700E-03	8.400684E+01
1.07145000000E+06	5.159799E-04	7.871532E+01
1.07331875000E+06	6.944675E-04	8.403794E+01
1.07518750000E+06	7.418164E-04	8.210367E+01
1.07705625000E+06	1.199178E-03	6.447260E+01
1.07892500000E+06	8.626464E-04	1.045615E+02
1.08079375000E+06	8.899799E-04	7.157104E+01
1.08266250000E+06	6.773097E-04	7.523389E+01
1.08453125000E+06	1.114308E-03	9.768211E+01
1.08640000000E+06	1.545590E-03	8.293235E+01
1.08826875000E+06	8.443141E-04	8.703782E+01
1.09013750000E+06	1.091519E-03	8.592270E+01
1.09200625000E+06	9.269267E-04	9.941941E+01
1.09387500000E+06	9.348033E-04	1.051504E+02
1.09574375000E+06	2.949260E-04	8.158801E+01
1.09761250000E+06	8.668159E-04	8.072635E+01
1.09948125000E+06	5.806323E-04	8.972712E+01
1.10135000000E+06	9.313817E-04	8.274752E+01
1.10321875000E+06	1.110397E-03	9.477251E+01
1.10508750000E+06	1.033272E-03	7.324839E+01
1.10695625000E+06	6.610613E-04	8.276733E+01
1.10882500000E+06	7.117928E-04	1.037865E+02
1.11069375000E+06	1.125955E-03	9.883247E+01
1.11256250000E+06	6.608603E-04	8.466357E+01
1.11443125000E+06	6.591205E-04	9.311870E+01
1.11630000000E+06	1.036525E-03	9.571623E+01
1.11816875000E+06	1.330696E-03	9.174976E+01
1.12003750000E+06	5.782477E-04	9.733351E+01
1.12190625000E+06	1.010220E-03	1.015335E+02
1.12377500000E+06	9.174600E-04	7.826263E+01
1.12564375000E+06	1.405508E-03	9.047838E+01
1.12751250000E+06	1.062361E-03	9.417384E+01
1.12938125000E+06	5.417793E-04	8.834885E+01
1.13125000000E+06	8.358458E-04	8.668536E+01
1.13311875000E+06	9.064486E-04	1.143800E+02
1.13498750000E+06	5.898590E-04	6.891109E+01
1.13685625000E+06	9.080879E-04	6.411166E+01
1.13872500000E+06	8.214772E-04	9.677041E+01
1.14059375000E+06	8.295036E-04	6.968698E+01
1.14246250000E+06	7.295410E-04	8.686023E+01
1.14433125000E+06	1.288460E-03	9.000708E+01
1.14620000000E+06	1.100434E-03	9.166499E+01
1.14806875000E+06	1.168302E-03	1.124458E+02
1.14993750000E+06	1.145922E-03	9.397923E+01
1.15180625000E+06	5.233920E-04	7.205538E+01
1.15367500000E+06	1.202740E-03	9.732183E+01
1.15554375000E+06	8.788735E-04	9.594761E+01
1.15741250000E+06	9.072963E-04	1.086413E+02
1.15928125000E+06	1.116011E-03	9.055128E+01
1.16115000000E+06	1.156573E-03	9.299292E+01
1.16301875000E+06	1.064094E-03	8.638553E+01
1.16488750000E+06	1.071028E-03	8.246754E+01
1.16675625000E+06	1.209446E-03	9.744131E+01
1.16862500000E+06	8.749107E-04	7.876550E+01
1.17049375000E+06	7.097381E-04	7.890919E+01
1.17236250000E+06	1.483754E-03	8.311881E+01
1.17423125000E+06	1.281879E-03	8.108264E+01
1.17610000000E+06	9.408212E-04	8.652842E+01
1.17796875000E+06	1.081860E-03	9.542093E+01
1.17983750000E+06	8.630303E-04	8.303713E+01
1.18170625000E+06	9.779448E-04	8.807874E+01
1.18357500000E+06	1.345390E-03	9.309747E+01
1.18544375000E+06	1.261642E-03	9.773439E+01
1.18731250000E+06	1.617772E-03	7.835710E+01
1.18918125000E+06	1.391923E-03	8.858348E+01
1.19105000000E+06	1.190012E-03	1.254645E+02
1.19291875000E+06	1.684873E-03	8.328457E+01
1.19478750000E+06	1.356465E-03	9.518184E+01
1.19665625000E+06	1.218006E-03	9.495539E+01
1.19852500000E+06	1.478270E-03	9.749335E+01
1.20039375000E+06	1.176862E-03	1.231225E+02
1.20226250000E+06	1.302302E-03	1.060833E+02
1.20413125000E+06	1.139009E-03	9.429871E+01
1.20600000000E+06	1.048228E-03	9.785358E+01
1.20786875000E+06	1.569671E-03	9.730452E+01
1.20973750000E+06	1.333928E-03	8.745999E+01
1.21160625000E+06	7.966381E-04	9.548384E+01
1.21347500000E+06	1.214659E-03	9.008843E+01
1.21534375000E+06	1.421559E-03	7.982874E+01
1.21721250000E+06	1.366072E-03	8.771988E+01
1.21908125000E+06	1.202675E-03	7.387075E+01
1.22095000000E+06	1.377053E-03	9.125653E+01
1.22281875000E+06	1.312954E-03	9.632335E+01
1.22468750000E+06	1.126013E-03	1.094016E+02
1.22655625000E+06	1.266103E-03	9.569607E+01
1.22842500000E+06	1.836372E-03	1.027478E+02
1.23029375000E+06	1.270349E-03	1.078954E+02
1.23216250000E+06	1.199628E-03	9.653407E+01
1.23403125000E+06	1.489894E-03	8.835011E+01
1.23590000000E+06	1.051865E-03	9.503453E+01
1.23776875000E+06	1.373578E-03	8.829620E+01
1.23963750000E+06	1.577079E-03	9.386406E+01
1.24150625000E+06	1.199537E-03	1.095256E+02
1.24337500000E+06	1.481578E-03	9.646170E+01
1.24524375000E+06	1.379043E-03	9.959859E+01
1.24711250000E+06	1.862652E-03	8.318537E+01
1.24898125000E+06	1.666803E-03	8.672623E+01
1.25085000000E+06	1.499640E-03	9.117585E+01
1.25271875000E+06	1.826062E-03	1.052635E+02
1.25458750000E+06	1.750629E-03	8.541257E+01
1.25645625000E+06	1.614013E-03	9.944749E+01
1.25832500000E+06	1.462776E-03	1.019390E+02
1.26019375000E+06	9.805589E-04	9.984084E+01
1.26206250000E+06	1.447187E-03	8.682765E+01
1.26393125000E+06	1.363648E-03	7.375708E+01
1.26580000000E+06	1.751250E-03	8.412648E+01
1.26766875000E+06	1.440714E-03	9.718153E+01
1.26953750000E+06	1.567762E-03	1.020871E+02
1.27140625000E+06	1.247742E-03	1.055901E+02
1.27327500000E+06	2.003361E-03	1.020516E+02
1.27514375000E+06	1.521321E-03	1.146474E+02
1.27701250000E+06	1.689161E-03	9.948889E+01
1.27888125000E+06	1.390324E-03	9.656002E+01
1.28075000000E+06	1.465269E-03	8.734766E+01
1.28261875000E+06	1.241016E-03	1.071087E+02
1.28448750000E+06	1.699232E-03	9.636264E+01
1.28635625000E+06	1.446696E-03	1.101473E+02
1.28822500000E+06	1.423531E-03	9.560307E+01
1.29009375000E+06	1.658455E-03	8.728162E+01
1.29196250000E+06	1.692005E-03	1.128374E+02
1.29383125000E+06	1.478284E-03	8.724101E+01
1.29570000000E+06	1.617152E-03	8.865063E+01
1.29756875000E+06	2.170278E-03	9.454902E+01
1.29943750000E+06	1.664206E-03	8.635066E+01
1.30130625000E+06	1.832118E-03	8.862872E+01
1.30317500000E+06	1.726474E-03	1.032375E+02
1.30504375000E+06	1.559251E-03	1.069158E+02
1.30691250000E+06	1.855967E-03	8.828334E+01
1.30878125000E+06	1.448046E-03	1.016425E+02
1.31065000000E+06	1.553191E-03	8.633127E+01
1.31251875000E+06	1.705969E-03	8.593685E+01
1.31438750000E+06	1.734231E-03	1.023496E+02
1.31625625000E+06	1.912184E-03	1.082908E+02
1.31812500000E+06	1.772458E-03	8.242307E+01
1.31999375000E+06	1.566129E-03	9.097872E+01
1.32186250000E+06	1.874712E-03	8.936421E+01
1.32373125000E+06	2.076204E-03	9.746394E+01
1.32560000000E+06	1.690738E-03	9.493685E+01
1.32746875000E+06	2.003604E-03	9.332012E+01
1.32933750000E+06	1.405469E-03	9.528191E+01
1.33120625000E+06	2.042769E-03	9.761307E+01
1.33307500000E+06	2.277206E-03	8.513882E+01
1.33494375000E+06	1.826140E-03	9.462003E+01
1.33681250000E+06	1.200307E-03	1.013815E+02
1.33868125000E+06	1.732272E-03	9.517205E+01
1.34055000000E+06	1.861194E-03	1.023481E+02
1.34241875000E+06	2.188406E-03	9.271018E+01
1.34428750000E+06	1.971006E-03	9.014663E+01
1.34615625000E+06	1.659106E-03	8.820691E+01
1.34802500000E+06	1.638747E-03	1.074238E+02
1.34989375000E+06	1.877723E-03	7.982370E+01
1.35176250000E+06	1.827586E-03	9.864703E+01
1.35363125000E+06	1.585982E-03	8.096771E+01
1.35550000000E+06	1.366004E-03	7.146749E+01
1.35736875000E+06	1.441713E-03	8.623244E+01
1.35923750000E+06	1.635033E-03	1.024581E+02
1.36110625000E+06	1.610049E-03	8.073035E+01
1.36297500000E+06	1.955116E-03	1.091126E+02
1.36484375000E+06	1.227214E-03	9.722404E+01
1.36671250000E+06	1.782636E-03	1.058728E+02
1.36858125000E+06	1.892986E-03	7.958238E+01
1.37045000000E+06	1.616024E-03	1.085534E+02
1.37231875000E+06	1.683090E-03	9.270336E+01
1.37418750000E+06	2.202106E-03	1.097931E+02
1.37605625000E+06	2.181894E-03	9.572901E+01
1.37792500000E+06	1.896187E-03	9.532062E+01
1.37979375000E+06	1.570874E-03	9.623535E+01
1.38166250000E+06	1.959196E-03	9.746951E+01
1.38353125000E+06	2.631177E-03	8.816050E+01
1.38540000000E+06	1.769933E-03	9.054952E+01
1.38726875000E+06	1.883258E-03	1.003026E+02
1.38913750000E+06	1.736191E-03	9.111348E+01
1.39100625000E+06	2.027059E-03	9.630802E+01
1.39287500000E+06	2.112990E-03	9.515474E+01
1.39474375000E+06	1.879151E-03	1.082588E+02
1.39661250000E+06	1.336069E-03	8.978890E+01
1.39848125000E+06	1.974883E-03	9.261169E+01
1.40035000000E+06	1.736071E-03	9.915788E+01
1.40221875000E+06	1.959431E-03	9.300488E+01
1.40408750000E+06	2.259081E-03	9.180250E+01
1.40595625000E+06	2.151595E-03	9.515585E+01
1.40782500000E+06	2.198473E-03	9.187638E+01
1.40969375000E+06	1.909858E-03	9.559854E+01
1.41156250000E+06	1.723995E-03	9.199134E+01
1.41343125000E+06	1.932662E-03	9.871430E+01
1.41530000000E+06	1.818739E-03	1.031247E+02
1.41716875000E+06	2.190148E-03	9.053686E+01
1.41903750000E+06	2.157389E-03	1.007934E+02
1.42090625000E+06	2.093059E-03	8.892662E+01
1.42277500000E+06	1.714673E-03	1.161339E+02
1.42464375000E+06	2.006848E-03	9.365468E+01
1.42651250000E+06	2.113930E-03	1.013035E+02
1.42838125000E+06	2.022848E-03	8.844943E+01
1.43025000000E+06	2.026492E-03	9.496927E+01
1.43211875000E+06	2.066465E-03	7.867550E+01
1.43398750000E+06	2.071134E-03	9.590109E+01
1.43585625000E+06	2.108751E-03	1.046076E+02
1.43772500000E+06	1.295768E-03	7.889680E+01
1.43959375000E+06	1.722314E-03	1.005261E+02
1.44146250000E+06	2.551840E-03	9.273373E+01
1.44333125000E+06	1.707204E-03	1.113482E+02
1.44520000000E+06	2.279449E-03	1.049078E+02
1.44706875000E+06	1.528698E-03	9.055604E+01
1.44893750000E+06	2.231312E-03	1.109689E+02
1.45080625000E+06	2.153836E-03	9.149780E+01
1.45267500000E+06	2.559715E-03	1.039017E+02
1.45454375000E+06	2.456856E-03	9.806457E+01
1.45641250000E+06	2.069049E-03	8.979691E+01
1.45828125000E+06	1.746434E-03	9.713950E+01
1.46015000000E+06	1.747681E-03	8.104668E+01
1.46201875000E+06	2.303674E-03	1.001459E+02
1.46388750000E+06	1.920062E-03	9.160903E+01
1.46575625000E+06	1.923923E-03	1.010504E+02
1.46762500000E+06	2.055434E-03	9.883099E+01
1.46949375000E+06	2.313498E-03	9.148260E+01
1.47136250000E+06	2.494282E-03	9.632870E+01
1.47323125000E+06	1.957282E-03	1.146066E+02
1.47510000000E+06	2.023175E-03	9.567934E+01
1.47696875000E+06	2.185867E-03	9.853298E+01
1.47883750000E+06	2.384755E-03	1.030330E+02
1.48070625000E+06	2.830372E-03	1.009342E+02
1.48257500000E+06	1.814144E-03	1.035965E+02
1.48444375000E+06	2.109674E-03	9.365198E+01
1.48631250000E+06	1.665742E-03	9.524065E+01
1.48818125000E+06	2.608355E-03	1.034248E+02
1.49005000000E+06	2.318520E-03	1.009923E+02
1.49191875000E+06	2.566037E-03	9.863761E+01
1.49378750000E+06	2.517369E-03	9.574953E+01
1.49565625000E+06	2.231119E-03	8.622754E+01
1.49752500000E+06	2.027498E-03	9.797984E+01
1.49939375000E+06	2.126104E-03	9.837888E+01
1.50126250000E+06	2.537569E-03	9.863400E+01
1.50313125000E+06	1.976423E-03	1.015771E+02
1.50500000000E+06	2.322182E-03	9.476249E+01
1.50686875000E+06	2.600249E-03	1.047616E+02
1.50873750000E+06	2.382329E-03	8.209996E+01
1.51060625000E+06	2.036935E-03	9.776707E+01
1.51247500000E+06	2.353810E-03	1.118119E+02
1.51434375000E+06	2.378774E-03	9.870763E+01
1.51621250000E+06	1.884866E-03	9.987598E+01
1.51808125000E+06	2.774248E-03	1.019171E+02
1.51995000000E+06	2.388576E-03	9.181611E+01
1.52181875000E+06	2.570636E-03	9.668067E+01
1.52368750000E+06	2.173105E-03	9.891774E+01
1.52555625000E+06	2.563897E-03	9.713925E+01
1.52742500000E+06	2.430068E-03	1.061742E+02
1.52929375000E+06	2.172133E-03	1.010278E+02
1.53116250000E+06	2.141131E-03	9.932222E+01
1.53303125000E+06	2.316376E-03	1.203197E+02
1.53490000000E+06	2.213079E-03	1.109912E+02
1.53676875000E+06	2.429418E-03	1.020647E+02
1.53863750000E+06	2.828481E-03	1.027762E+02
1.54050625000E+06	2.221995E-03	1.005823E+02
1.54237500000E+06	2.628465E-03	8.879071E+01
1.54424375000E+06	2.571762E-03	1.077526E+02
1.54611250000E+06	2.648708E-03	9.363486E+01
1.54798125000E+06	2.470819E-03	9.297098E+01
1.54985000000E+06	2.228850E-03	1.065393E+02
1.55171875000E+06	1.747256E-03	9.291833E+01
1.55358750000E+06	2.222369E-03	9.684612E+01
1.55545625000E+06	2.634738E-03	8.801970E+01
1.55732500000E+06	2.492390E-03	9.542497E+01
1.55919375000E+06	2.635034E-03	9.529512E+01
1.56106250000E+06	2.730714E-03	1.051693E+02
1.56293125000E+06	2.206423E-03	9.434904E+01
1.56480000000E+06	1.974438E-03	9.996789E+01
1.56666875000E+06	2.497429E-03	9.801389E+01
1.56853750000E+06	2.254284E-03	9.554843E+01
1.57040625000E+06	2.300503E-03	1.008481E+02
1.57227500000E+06	2.350466E-03	1.012721E+02
1.57414375000E+06	2.118390E-03	9.685571E+01
1.57601250000E+06	2.583718E-03	9.599839E+01
1.57788125000E+06	2.646417E-03	1.164895E+02
1.57975000000E+06	2.177273E-03	9.614514E+01
1.58161875000E+06	2.557705E-03	1.028353E+02
1.58348750000E+06	2.439259E-03	1.090691E+02
1.58535625000E+06	2.353437E-03	9.541637E+01
1.58722500000E+06	2.556534E-03	1.003300E+02
1.58909375000E+06	1.929019E-03	1.006886E+02
1.59096250000E+06	2.617779E-03	9.354977E+01
1.59283125000E+06	2.709707E-03	9.630370E+01
1.59470000000E+06	2.677696E-03	1.093113E+02
1.59656875000E+06	2.591200E-03	9.393179E+01
1.59843750000E+06	2.718762E-03	9.069401E+01
1.60030625000E+06	2.386151E-03	1.069474E+02
1.60217500000E+06	2.917433E-03	9.920180E+01
1.60404375000E+06	2.708432E-03	1.005987E+02
1.60591250000E+06	3.179848E-03	1.085339E+02
1.60778125000E+06	2.406676E-03	9.799493E+01
1.60965000000E+06	2.395378E-03	1.052374E+02
1.61151875000E+06	2.360464E-03	9.750387E+01
1.61338750000E+06	2.243074E-03	1.023135E+02
1.61525625000E+06	2.342993E-03	1.014642E+02
1.61712500000E+06	2.335668E-03	1.062883E+02
1.61899375000E+06	3.206546E-03	1.058602E+02
1.62086250000E+06	2.560593E-03	9.772400E+01
1.62273125000E+06	2.715829E-03	9.497807E+01
1.62460000000E+06	2.897729E-03	9.938358E+01
1.62646875000E+06	2.531455E-03	1.034446E+02
1.62833750000E+06	2.703816E-03	1.033296E+02
1.63020625000E+06	2.661159E-03	1.015099E+02
1.63207500000E+06	2.709532E-03	9.696486E+01
1.63394375000E+06	2.764836E-03	1.036138E+02
1.63581250000E+06	2.585548E-03	1.014939E+02
1.63768125000E+06	2.541641E-03	1.041039E+02
1.63955000000E+06	2.459469E-03	9.867246E+01
1.64141875000E+06	2.752396E-03	9.576246E+01
1.64328750000E+06	2.449399E-03	9.904574E+01
1.64515625000E+06	2.568306E-03	1.035344E+02
1.64702500000E+06	3.030242E-03	1.031590E+02
1.64889375000E+06	2.869276E-03	1.032180E+02
1.65076250000E+06	2.557421E-03	9.599245E+01
1.65263125000E+06	1.873303E-03	1.078205E+02
1.65450000000E+06	2.049115E-03	1.053433E+02
1.65636875000E+06	3.014697E-03	1.054981E+02
1.65823750000E+06	3.027461E-03	9.933372E+01
1.66010625000E+06	2.938943E-03	9.445921E+01
1.66197500000E+06	2.439986E-03	1.053252E+02
1.66384375000E+06	3.030544E-03	1.107328E+02
1.66571250000E+06	2.995772E-03	9.118518E+01
1.66758125000E+06	2.687581E-03	1.107495E+02
1.66945000000E+06	2.615322E-03	1.035655E+02
1.67131875000E+06	2.698839E-03	9.416647E+01
1.67318750000E+06	2.424016E-03	1.051228E+02
1.67505625000E+06	3.395766E-03	1.033589E+02
1.67692500000E+06	3.054648E-03	9.105817E+01
1.67879375000E+06	2.879468E-03	9.933544E+01
1.68066250000E+06	2.436370E-03	9.822303E+01
1.68253125000E+06	3.602860E-03	9.829251E+01
1.68440000000E+06	2.642551E-03	1.044279E+02
1.68626875000E+06	2.952328E-03	9.762738E+01
1.68813750000E+06	2.666387E-03	1.015892E+02
1.69000625000E+06	2.940570E-03	9.773366E+01
1.69187500000E+06	2.911145E-03	1.050302E+02
1.69374375000E+06	3.186644E-03	9.745155E+01
1.69561250000E+06	3.100986E-03	9.836669E+01
1.69748125000E+06	2.466704E-03	1.037502E+02
1.69935000000E+06	2.519239E-03	1.011987E+02
1.70121875000E+06	2.410975E-03	9.562416E+01
1.70308750000E+06	2.499915E-03	9.387947E+01
1.70495625000E+06	3.225397E-03	1.046672E+02
1.70682500000E+06	2.947570E-03	1.052168E+02
1.70869375000E+06	3.103460E-03	9.939637E+01
1.71056250000E+06	2.882120E-03	9.203696E+01
1.71243125000E+06	2.734899E-03	1.075642E+02
1.71430000000E+06	3.171377E-03	9.921939E+01
1.71616875000E+06	3.101723E-03	1.093489E+02
1.71803750000E+06	3.234043E-03	1.063516E+02
1.71990625000E+06	2.798431E-03	1.064388E+02
1.72177500000E+06	2.285798E-03	8.837330E+01
1.72364375000E+06	2.959319E-03	1.000515E+02
1.72551250000E+06	2.924317E-03	9.788876E+01
1.72738125000E+06	2.280559E-03	1.046391E+02
1.72925000000E+06	2.527190E-03	9.253720E+01
1.73111875000E+06	3.270152E-03	9.731503E+01
1.73298750000E+06	2.678412E-03	1.061296E+02
1.73485625000E+06	2.581811E-03	9.856758E+01
1.73672500000E+06	2.719771E-03	1.028231E+02
1.73859375000E+06	3.007183E-03	1.000852E+02
1.74046250000E+06	2.853083E-03	9.309576E+01
1.74233125000E+06	3.027930E-03	1.001379E+02
1.74420000000E+06	2.562897E-03	9.993504E+01
1.74606875000E+06	2.555132E-03	1.024126E+02
1.74793750000E+06	2.848974E-03	9.369952E+01
1.74980625000E+06	2.770452E-03	9.984152E+01
1.75167500000E+06	3.203226E-03	1.068206E+02
1.75354375000E+06	2.852438E-03	9.813556E+01
1.75541250000E+06	2.635683E-03	1.100033E+02
1.75728125000E+06	2.896651E-03	9.639091E+01
1.75915000000E+06	3.144813E-03	1.053604E+02
1.76101875000E+06	3.071464E-03	1.039423E+02
1.76288750000E+06	3.178723E-03	1.046643E+02
1.76475625000E+06	2.921871E-03	1.055147E+02
1.76662500000E+06	2.684978E-03	1.006538E+02
1.76849375000E+06	2.686259E-03	9.625824E+01
1.77036250000E+06	3.363080E-03	9.862863E+01
1.77223125000E+06	2.731306E-03	1.043417E+02
1.77410000000E+06	2.846401E-03	9.952098E+01
1.77596875000E+06	3.095904E-03	1.030658E+02
1.77783750000E+06	2.975390E-03	1.112579E+02
1.77970625000E+06	3.042710E-03	1.024972E+02
1.78157500000E+06	2.830255E-03	9.208997E+01
1.78344375000E+06	3.287644E-03	1.104971E+02
1.78531250000E+06	3.202487E-03	9.920863E+01
1.78718125000E+06	3.234238E-03	9.453085E+01
1.78905000000E+06	3.298315E-03	1.039529E+02
1.79091875000E+06	2.879534E-03	1.001614E+02
1.79278750000E+06	3.034247E-03	1.035362E+02
1.79465625000E+06	3.601119E-03	1.027489E+02
1.79652500000E+06	3.495258E-03	1.064500E+02
1.79839375000E+06	2.482334E-03	1.111734E+02
1.80026250000E+06	3.037911E-03	1.044177E+02
1.80213125000E+06	3.625379E-03	1.020874E+02
1.80400000000E+06	2.976169E-03	9.429266E+01
1.80586875000E+06	2.993859E-03	1.026816E+02
1.80773750000E+06	3.246873E-03	1.036440E+02
1.80960625000E+06	2.872473E-03	9.090845E+01
1.81147500000E+06	3.403574E-03	1.016828E+02
1.81334375000E+06	3.735226E-03	1.066071E+02
1.81521250000E+06	3.638680E-03	1.034840E+02
1.81708125000E+06	3.321675E-03	9.706165E+01
1.81895000000E+06	3.709890E-03	9.116967E+01
1.82081875000E+06	3.755029E-03	1.008299E+02
1.82268750000E+06	3.098605E-03	1.111587E+02
1.82455625000E+06	3.349400E-03	1.033650E+02
1.82642500000E+06	2.815789E-03	1.035327E+02
1.82829375000E+06	4.009072E-03	1.062840E+02
1.83016250000E+06	3.040470E-03	9.428390E+01
1.83203125000E+06	3.198777E-03	1.032121E+02
1.83390000000E+06	2.991370E-03	9.553791E+01
1.83576875000E+06	3.217519E-03	1.017275E+02
1.83763750000E+06	2.923348E-03	1.078495E+02
1.83950625000E+06	4.139418E-03	1.074252E+02
1.84137500000E+06	3.114196E-03	9.712056E+01
1.84324375000E+06	3.367452E-03	1.013522E+02
1.84511250000E+06	3.156150E-03	1.002925E+02
1.84698125000E+06	4.090551E-03	9.348681E+01
1.84885000000E+06	3.174854E-03	9.922442E+01
1.85071875000E+06	3.053459E-03	1.037083E+02
1.85258750000E+06	3.729766E-03	9.419452E+01
1.85445625000E+06	3.841434E-03	9.646099E+01
1.85632500000E+06	2.848360E-03	1.015515E+02
1.85819375000E+06	3.428406E-03	1.063494E+02
1.86006250000E+06	3.606784E-03	1.042738E+02
1.86193125000E+06	3.470384E-03	9.577278E+01
1.86380000000E+06	3.644564E-03	1.035383E+02
1.86566875000E+06	3.736916E-03	1.087434E+02
1.86753750000E+06	3.179597E-03	1.020449E+02
1.86940625000E+06	4.026983E-03	1.049905E+02
1.87127500000E+06	3.077267E-03	1.050897E+02
1.87314375000E+06	3.552566E-03	9.570014E+01
1.87501250000E+06	3.327126E-03	1.046549E+02
1.87688125000E+06	3.883032E-03	1.064546E+02
1.87875000000E+06	3.431053E-03	9.817769E+01
1.88061875000E+06	3.691956E-03	1.011015E+02
1.88248750000E+06	3.294008E-03	1.040456E+02
1.88435625000E+06	3.783851E-03	9.590649E+01
1.88622500000E+06	3.292258E-03	1.026130E+02
1.88809375000E+06	3.504605E-03	1.012987E+02
1.88996250000E+06	3.820730E-03	9.839215E+01
1.89183125000E+06	3.392430E-03	1.024017E+02
1.89370000000E+06	3.066412E-03	9.959655E+01
1.89556875000E+06	3.562036E-03	9.985170E+01
1.89743750000E+06	3.601540E-03	9.324155E+01
1.89930625000E+06	3.343718E-03	9.866442E+01
1.90117500000E+06	3.617885E-03	1.022861E+02
1.90304375000E+06	3.694087E-03	1.069699E+02
1.90491250000E+06	3.374937E-03	1.048179E+02
1.90678125000E+06	3.711013E-03	1.002737E+02
1.90865000000E+06	3.358818E-03	1.010527E+02
1.91051875000E+06	3.692220E-03	9.892895E+01
1.91238750000E+06	3.378784E-03	1.055271E+02
1.91425625000E+06	3.468161E-03	9.702947E+01
1.91612500000E+06	3.757385E-03	1.054986E+02
1.91799375000E+06	3.409466E-03	1.020464E+02
1.91986250000E+06	3.356841E-03	1.007387E+02
1.92173125000E+06	3.524542E-03	9.518501E+01
1.92360000000E+06	3.256228E-03	9.917818E+01
1.92546875000E+06	3.618252E-03	1.005861E+02
1.92733750000E+06	4.338019E-03	9.589321E+01
1.92920625000E+06	3.625859E-03	1.066182E+02
1.93107500000E+06	3.488560E-03	1.103389E+02
1.93294375000E+06	3.391554E-03	9.962946E+01
1.93481250000E+06	3.691709E-03	1.026498E+02
1.93668125000E+06	3.293553E-03	9.730431E+01
1.93855000000E+06	3.706640E-03	9.299104E+01
1.94041875000E+06	3.448612E-03	1.042269E+02
1.94228750000E+06	3.778919E-03	1.044930E+02
1.94415625000E+06	3.412480E-03	1.015751E+02
1.94602500000E+06	3.760759E-03	9.550381E+01
1.94789375000E+06	3.706598E-03	9.309300E+01
1.94976250000E+06	3.602299E-03	1.005480E+02
1.95163125000E+06	3.860553E-03	9.869050E+01
1.95350000000E+06	3.858834E-03	9.482758E+01
1.95536875000E+06	3.851108E-03	9.908293E+01
1.95723750000E+06	3.066434E-03	9.713856E+01
1.95910625000E+06	3.679193E-03	1.055604E+02
1.96097500000E+06	4.025317E-03	9.746313E+01
1.96284375000E+06	3.912836E-03	1.000512E+02
1.96471250000E+06	3.701132E-03	9.523477E+01
1.96658125000E+06	3.344268E-03	9.947663E+01
1.96845000000E+06	3.895465E-03	1.059279E+02
1.97031875000E+06	4.256354E-03	1.016480E+02
1.97218750000E+06	3.197512E-03	1.106286E+02
1.97405625000E+06	3.971917E-03	1.034353E+02
1.97592500000E+06	3.799291E-03	9.382707E+01
1.97779375000E+06	3.499074E-03	9.192056E+01
1.97966250000E+06	3.109878E-03	9.901019E+01
1.98153125000E+06	4.190137E-03	1.024822E+02
1.98340000000E+06	4.036432E-03	9.283701E+01
1.98526875000E+06	4.167719E-03	1.021432E+02
1.98713750000E+06	3.955028E-03	1.014762E+02
1.98900625000E+06	3.818522E-03	9.905838E+01
1.99087500000E+06	4.078213E-03	9.663164E+01
1.99274375000E+06	3.834604E-03	1.014979E+02
1.99461250000E+06	3.052944E-03	1.001676E+02
1.99648125000E+06	3.379797E-03	1.013986E+02
1.99835000000E+06	4.013159E-03	9.170224E+01
2.00021875000E+06	3.293168E-03	9.607996E+01
2.00208750000E+06	4.232322E-03	9.411482E+01
2.00395625000E+06	3.488388E-03	9.174252E+01
2.00582500000E+06	3.234968E-03	9.633288E+01
2.00769375000E+06	4.072686E-03	1.006811E+02
2.00956250000E+06	3.881907E-03	9.724097E+01
2.01143125000E+06	3.200988E-03	9.356879E+01
2.01330000000E+06	3.635609E-03	9.697888E+01
2.01516875000E+06	4.095981E-03	1.096457E+02
2.01703750000E+06	3.647003E-03	1.028575E+02
2.01890625000E+06	4.408134E-03	9.296237E+01
2.02077500000E+06	4.325093E-03	9.258441E+01
2.02264375000E+06	3.717259E-03	9.820853E+01
2.02451250000E+06	3.820725E-03	1.011576E+02
2.02638125000E+06	3.974445E-03	1.046030E+02
2.02825000000E+06	3.474127E-03	9.628038E+01
2.03011875000E+06	3.766929E-03	9.607391E+01
2.03198750000E+06	4.213127E-03	1.018924E+02
2.03385625000E+06	3.409191E-03	9.701517E+01
2.03572500000E+06	3.856453E-03	1.035777E+02
2.03759375000E+06	4.156099E-03	9.576016E+01
2.03946250000E+06	3.591294E-03	9.316225E+01
2.04133125000E+06	3.373299E-03	9.996307E+01
2.04320000000E+06	3.522553E-03	9.813813E+01
2.04506875000E+06	3.887390E-03	9.918361E+01
2.04693750000E+06	3.857039E-03	9.261977E+01
2.04880625000E+06	3.746787E-03	9.620914E+01
2.05067500000E+06	3.925951E-03	1.000780E+02
2.05254375000E+06	3.863477E-03	9.844452E+01
2.05441250000E+06	3.647213E-03	9.768201E+01
2.05628125000E+06	4.064063E-03	9.751521E+01
2.05815000000E+06	3.920811E-03	1.030902E+02
2.06001875000E+06	3.797618E-03	9.559821E+01
2.06188750000E+06	3.643870E-03	1.020147E+02
2.06375625000E+06	3.849381E-03	9.817928E+01
2.06562500000E+06	3.966287E-03	9.951318E+01
2.06749375000E+06	3.710161E-03	9.639158E+01
2.06936250000E+06	3.734466E-03	1.029014E+02
2.07123125000E+06	3.771889E-03	9.909538E+01
2.07310000000E+06	3.674121E-03	1.011080E+02
2.07496875000E+06	3.766665E-03	1.009520E+02
2.07683750000E+06	4.202458E-03	9.727011E+01
2.07870625000E+06	4.067019E-03	9.978849E+01
2.08057500000E+06	3.782948E-03	9.945358E+01
2.08244375000E+06	3.858970E-03	9.044452E+01
2.08431250000E+06	3.714990E-03	9.552283E+01
2.08618125000E+06	3.725076E-03	1.025051E+02
2.08805000000E+06	3.334060E-03	9.706767E+01
2.08991875000E+06	4.272122E-03	9.585719E+01
2.09178750000E+06	4.481095E-03	9.549944E+01
2.09365625000E+06	3.862503E-03	1.037355E+02
2.09552500000E+06	3.541993E-03	1.014302E+02
2.09739375000E+06	3.933824E-03	1.054415E+02
2.09926250000E+06	4.077931E-03	1.028814E+02
2.10113125000E+06	4.207376E-03	9.735748E+01
2.10300000000E+06	4.170267E-03	9.832323E+01
2.10486875000E+06	3.396013E-03	9.580001E+01
2.10673750000E+06	4.242715E-03	9.341161E+01
2.10860625000E+06	3.696296E-03	9.777225E+01
2.11047500000E+06	3.611498E-03	1.008310E+02
2.11234375000E+06	4.032232E-03	9.837967E+01
2.11421250000E+06	3.785387E-03	1.004074E+02
2.11608125000E+06	4.491693E-03	1.013472E+02
2.11795000000E+06	3.838768E-03	9.805765E+01
2.11981875000E+06	3.769303E-03	1.010889E+02
2.12168750000E+06	3.889766E-03	9.567236E+01
2.12355625000E+06	4.127277E-03	1.032593E+02
2.12542500000E+06	3.745893E-03	9.904725E+01
2.12729375000E+06	3.828756E-03	9.933023E+01
2.12916250000E+06	3.955000E-03	1.021853E+02
2.13103125000E+06	4.154799E-03	1.021582E+02
2.13290000000E+06	3.959373E-03	1.001234E+02
2.13476875000E+06	4.384934E-03	9.232353E+01
2.13663750000E+06	4.316100E-03	1.005094E+02
2.13850625000E+06	3.922779E-03	9.398761E+01
2.14037500000E+06	4.011864E-03	1.009300E+02
2.14224375000E+06	4.133551E-03	1.009628E+02
2.14411250000E+06	4.217417E-03	1.016046E+02
2.14598125000E+06	3.963945E-03	9.564594E+01
2.14785000000E+06	3.574502E-03	1.035904E+02
2.14971875000E+06	4.387113E-03	9.987106E+01
2.15158750000E+06	4.047295E-03	1.043593E+02
2.15345625000E+06	4.410918E-03	9.430344E+01
2.15532500000E+06	3.763822E-03	1.011284E+02
2.15719375000E+06	3.620002E-03	1.043129E+02
2.15906250000E+06	3.823920E-03	1.074884E+02
2.16093125000E+06	3.994216E-03	9.973697E+01
2.16280000000E+06	4.163621E-03	1.004107E+02
2.16466875000E+06	4.130229E-03	9.890057E+01
2.16653750000E+06	3.761635E-03	9.577511E+01
2.16840625000E+06	4.479661E-03	1.053321E+02
2.17027500000E+06	4.213393E-03	9.860125E+01
2.17214375000E+06	3.894005E-03	9.562300E+01
2.17401250000E+06	3.911947E-03	1.000611E+02
2.17588125000E+06	3.919330E-03	9.931023E+01
2.17775000000E+06	4.042190E-03	9.767863E+01
2.17961875000E+06	4.033973E-03	1.061912E+02
2.18148750000E+06	3.506521E-03	9.184128E+01
2.18335625000E+06	4.278604E-03	9.858965E+01
2.18522500000E+06	4.088532E-03	1.002798E+02
2.18709375000E+06	4.514769E-03	9.937072E+01
2.18896250000E+06	3.962235E-03	1.020330E+02
2.19083125000E+06	4.409620E-03	1.044397E+02
2.19270000000E+06	3.898903E-03	1.009075E+02
2.19456875000E+06	4.172290E-03	9.446286E+01
2.19643750000E+06	4.269541E-03	9.876392E+01
2.19830625000E+06	4.267064E-03	1.025720E+02
2.20017500000E+06	3.918015E-03	9.861113E+01
2.20204375000E+06	3.848988E-03	1.025869E+02
2.20391250000E+06	4.408466E-03	9.827219E+01
2.20578125000E+06	4.014827E-03	1.014203E+02
2.20765000000E+06	4.026715E-03	9.625832E+01
2.20951875000E+06	4.007274E-03	9.590735E+01
2.21138750000E+06	3.825895E-03	1.047947E+02
2.21325625000E+06	3.991403E-03	1.009440E+02
2.21512500000E+06	3.739459E-03	9.423173E+01
2.21699375000E+06	4.231055E-03	9.799457E+01
2.21886250000E+06	4.215010E-03	1.017710E+02
2.22073125000E+06	4.285774E-03	1.030546E+02
2.22260000000E+06	4.209565E-03	9.079179E+01
2.22446875000E+06	4.149558E-03	9.956298E+01
2.22633750000E+06	4.072973E-03	9.961195E+01
2.22820625000E+06	3.972813E-03	9.624216E+01
2.23007500000E+06	3.814802E-03	9.627296E+01
2.23194375000E+06	3.513349E-03	1.011729E+02
2.23381250000E+06	3.813549E-03	1.055385E+02
2.23568125000E+06	4.470592E-03	1.032132E+02
2.23755000000E+06	3.950965E-03	9.676146E+01
2.23941875000E+06	4.260480E-03	1.003591E+02
2.24128750000E+06	3.823051E-03	1.012031E+02
2.24315625000E+06	4.321637E-03	1.043059E+02
2.24502500000E+06	4.288150E-03	1.011064E+02
2.24689375000E+06	3.939925E-03	9.935194E+01
2.24876250000E+06	4.006672E-03	1.010824E+02
2.25063125000E+06	4.636087E-03	8.684361E+01
2.25250000000E+06	3.971800E-03	1.077989E+02
2.25436875000E+06	3.828126E-03	9.143679E+01
2.25623750000E+06	4.102388E-03	9.970174E+01
2.25810625000E+06	4.257096E-03	9.408611E+01
2.25997500000E+06	4.031997E-03	9.058044E+01
2.26184375000E+06	4.447438E-03	1.010184E+02
2.26371250000E+06	4.408413E-03	1.030438E+02
2.26558125000E+06	4.132790E-03	9.999462E+01
2.26745000000E+06	3.972755E-03	9.551915E+01
2.26931875000E+06	4.384578E-03	1.050384E+02
2.27118750000E+06	4.094871E-03	9.652913E+01
2.27305625000E+06	4.137984E-03	1.056920E+02
2.27492500000E+06	4.268517E-03	1.000737E+02
2.27679375000E+06	4.282046E-03	1.057236E+02
2.27866250000E+06	4.112531E-03	9.382275E+01
2.28053125000E+06	4.019819E-03	1.034453E+02
2.28240000000E+06	4.525273E-03	1.024664E+02
2.28426875000E+06	4.321420E-03	1.019905E+02
2.28613750000E+06	4.539100E-03	9.814333E+01
2.28800625000E+06	4.383187E-03	9.873154E+01
2.28987500000E+06	4.424352E-03	1.009163E+02
2.29174375000E+06	4.280580E-03	9.246185E+01
2.29361250000E+06	4.338973E-03	9.648763E+01
2.29548125000E+06	4.324144E-03	9.612148E+01
2.29735000000E+06	4.264449E-03	1.027165E+02
2.29921875000E+06	4.061049E-03	9.888654E+01
2.30108750000E+06	4.636574E-03	9.541045E+01
2.30295625000E+06	4.074366E-03	9.972494E+01
2.30482500000E+06	4.262159E-03	1.010432E+02
2.30669375000E+06	4.716137E-03	1.038570E+02
2.30856250000E+06	4.177248E-03	1.016365E+02
2.31043125000E+06	4.382309E-03	1.005511E+02
2.31230000000E+06	4.499968E-03	9.660437E+01
2.31416875000E+06	4.142733E-03	9.981088E+01
2.31603750000E+06	4.420561E-03	1.038004E+02
2.31790625000E+06	4.220833E-03	1.010693E+02
2.31977500000E+06	4.412126E-03	9.366946E+01
2.32164375000E+06	4.451236E-03	1.038684E+02
2.32351250000E+06	4.032538E-03	1.054620E+02
2.32538125000E+06	4.168350E-03	1.041162E+02
2.32725000000E+06	4.394692E-03	1.030280E+02
2.32911875000E+06	4.758077E-03	1.014706E+02
2.33098750000E+06	4.508639E-03	9.697801E+01
2.33285625000E+06	3.935874E-03	9.546899E+01
2.33472500000E+06	4.196453E-03	9.919031E+01
2.33659375000E+06	4.229343E-03	1.003613E+02
2.33846250000E+06	4.231047E-03	9.871889E+01
2.34033125000E+06	4.484002E-03	9.916579E+01
2.34220000000E+06	4.408261E-03	1.000768E+02
2.34406875000E+06	3.804516E-03	1.000700E+02
2.34593750000E+06	4.511465E-03	9.847202E+01
2.34780625000E+06	4.478992E-03	9.948127E+01
2.34967500000E+06	4.541355E-03	9.980082E+01
2.35154375000E+06	3.636762E-03	1.027269E+02
2.35341250000E+06	4.483141E-03	9.746365E+01
2.35528125000E+06	4.399510E-03	9.969864E+01
2.35715000000E+06	3.834274E-03	1.021994E+02
2.35901875000E+06	4.720320E-03	9.473406E+01
2.36088750000E+06	4.534396E-03	1.027332E+02
2.36275625000E+06	4.380609E-03	1.016890E+02
2.36462500000E+06	4.432592E-03	1.003995E+02
2.36649375000E+06	4.624281E-03	1.000861E+02
2.36836250000E+06	4.223200E-03	9.727818E+01
2.37023125000E+06	4.121795E-03	9.645467E+01
2.37210000000E+06	4.654395E-03	9.331134E+01
2.37396875000E+06	4.201245E-03	9.805470E+01
2.37583750000E+06	4.485887E-03	9.741380E+01
2.37770625000E+06	4.217333E-03	1.038208E+02
2.37957500000E+06	4.274585E-03	9.290078E+01
2.38144375000E+06	3.899844E-03	9.963120E+01
2.38331250000E+06	4.646849E-03	9.858456E+01
2.38518125000E+06	3.974027E-03	1.013803E+02
2.38705000000E+06	4.291199E-03	1.009748E+02
2.38891875000E+06	4.753522E-03	1.045341E+02
2.39078750000E+06	4.579016E-03	9.656506E+01
2.39265625000E+06	4.049525E-03	9.559274E+01
2.39452500000E+06	4.269859E-03	8.900800E+01
2.39639375000E+06	4.691808E-03	9.974728E+01
2.39826250000E+06	4.733092E-03	1.010521E+02
2.40013125000E+06	4.244460E-03	1.035831E+02
2.40200000000E+06	4.761655E-03	1.030227E+02
2.40386875000E+06	3.980426E-03	1.022061E+02
2.40573750000E+06	4.406800E-03	1.015819E+02
2.40760625000E+06	4.970298E-03	1.034400E+02
2.40947500000E+06	3.853031E-03	9.777382E+01
2.41134375000E+06	4.561455E-03	1.011379E+02
2.41321250000E+06	4.699225E-03	1.008547E+02
2.41508125000E+06	3.784686E-03	1.002259E+02
2.41695000000E+06	4.223899E-03	9.983608E+01
2.41881875000E+06	3.972510E-03	9.759647E+01
2.42068750000E+06	4.515125E-03	9.654544E+01
2.42255625000E+06	4.932497E-03	1.030457E+02
2.42442500000E+06	4.147701E-03	9.555135E+01
2.42629375000E+06	3.905366E-03	1.061675E+02
2.42816250000E+06	4.781969E-03	9.877671E+01
2.43003125000E+06	4.150156E-03	1.020985E+02
2.43190000000E+06	5.094106E-03	9.645660E+01
2.43376875000E+06	4.472034E-03	1.004456E+02
2.43563750000E+06	5.005429E-03	1.030186E+02
2.43750625000E+06	4.635962E-03	9.642694E+01
2.43937500000E+06	4.205923E-03	9.206633E+01
2.44124375000E+06	4.693337E-03	1.056022E+02
2.44311250000E+06	4.509032E-03	9.452002E+01
2.44498125000E+06	4.924668E-03	1.000184E+02
2.44685000000E+06	4.476626E-03	9.881722E+01
2.44871875000E+06	4.938514E-03	1.039523E+02
2.45058750000E+06	4.613208E-03	9.770544E+01
2.45245625000E+06	4.315925E-03	9.758150E+01
2.45432500000E+06	4.058866E-03	1.046213E+02
2.45619375000E+06	4.126294E-03	1.009716E+02
2.45806250000E+06	4.205051E-03	9.887940E+01
2.45993125000E+06	4.121359E-03	1.004364E+02
2.46180000000E+06	4.989971E-03	1.022737E+02
2.46366875000E+06	3.761983E-03	9.341563E+01
2.46553750000E+06	4.735280E-03	1.039572E+02
2.46740625000E+06	4.618472E-03	9.549744E+01
2.46927500000E+06	4.220520E-03	9.917327E+01
2.47114375000E+06	3.964907E-03	1.040668E+02
2.47301250000E+06	4.404311E-03	9.526043E+01
2.47488125000E+06	4.228494E-03	1.018055E+02
2.47675000000E+06	5.036175E-03	9.513284E+01
2.47861875000E+06	4.175068E-03	1.025198E+02
2.48048750000E+06	5.061774E-03	1.044108E+02
2.48235625000E+06	4.389018E-03	1.008088E+02
2.48422500000E+06	4.794959E-03	1.000362E+02
2.48609375000E+06	4.275925E-03	9.572594E+01
2.48796250000E+06	4.776253E-03	1.048305E+02
2.48983125000E+06	4.392683E-03	1.000441E+02
2.49170000000E+06	4.448753E-03	1.040932E+02
2.49356875000E+06	5.086157E-03	9.332682E+01
2.49543750000E+06	4.074434E-03	1.042120E+02
2.49730625000E+06	4.602697E-03	9.820354E+01
2.49917500000E+06	4.641931E-03	1.055741E+02
2.50104375000E+06	4.594694E-03	1.004380E+02
2.50291250000E+06	4.403335E-03	1.017015E+02
2.50478125000E+06	4.360340E-03	9.688020E+01
2.50665000000E+06	4.762326E-03	1.037545E+02
2.50851875000E+06	4.393237E-03	1.025791E+02
2.51038750000E+06	4.661561E-03	9.971008E+01
2.51225625000E+06	4.397306E-03	1.053692E+02
2.51412500000E+06	4.542522E-03	9.879765E+01
2.51599375000E+06	4.668216E-03	9.636108E+01
2.51786250000E+06	4.904799E-03	9.981252E+01
2.51973125000E+06	4.327460E-03	9.715056E+01
2.52160000000E+06	4.245650E-03	1.020097E+02
2.52346875000E+06	4.626596E-03	1.056037E+02
2.52533750000E+06	4.563007E-03	9.771754E+01
2.52720625000E+06	4.477133E-03	9.975920E+01
2.52907500000E+06	5.124134E-03	9.630815E+01
2.53094375000E+06	4.152742E-03	1.027604E+02
2.53281250000E+06	4.244521E-03	1.000859E+02
2.53468125000E+06	3.650756E-03	9.918751E+01
2.53655000000E+06	4.675569E-03	1.000609E+02
2.53841875000E+06	4.659749E-03	1.041736E+02
2.54028750000E+06	4.457710E-03	1.038829E+02
2.54215625000E+06	4.604693E-03	9.889352E+01
2.54402500000E+06	4.474946E-03	1.023311E+02
2.54589375000E+06	4.766067E-03	1.091254E+02
2.54776250000E+06	4.786208E-03	1.018363E+02
2.54963125000E+06	4.689729E-03	1.023823E+02
2.55150000000E+06	4.315200E-03	1.062960E+02
2.55336875000E+06	4.278034E-03	1.005480E+02
2.55523750000E+06	4.505063E-03	9.981635E+01
2.55710625000E+06	4.234510E-03	9.738335E+01
2.55897500000E+06	4.317545E-03	1.035039E+02
2.56084375000E+06	5.003635E-03	1.015940E+02
2.56271250000E+06	4.657691E-03	1.099686E+02
2.56458125000E+06	4.594991E-03	1.013514E+02
2.56645000000E+06	4.478880E-03	1.029144E+02
2.56831875000E+06	4.321640E-03	1.018842E+02
2.57018750000E+06	4.364192E-03	1.025312E+02
2.57205625000E+06	4.454947E-03	9.933444E+01
2.57392500000E+06	4.093233E-03	1.027945E+02
2.57579375000E+06	4.278265E-03	9.234533E+01
2.57766250000E+06	4.418900E-03	1.017536E+02
2.57953125000E+06	4.671005E-03	1.007010E+02
2.58140000000E+06	4.791859E-03	1.015988E+02
2.58326875000E+06	4.958936E-03	9.777376E+01
2.58513750000E+06	4.696450E-03	1.034609E+02
2.58700625000E+06	4.734482E-03	1.019968E+02
2.58887500000E+06	4.735956E-03	9.796113E+01
2.59074375000E+06	4.650203E-03	1.033471E+02
2.59261250000E+06	4.310988E-03	1.014635E+02
2.59448125000E+06	4.174375E-03	9.955720E+01
2.59635000000E+06	4.355934E-03	1.002725E+02
2.59821875000E+06	4.935108E-03	1.017899E+02
2.60008750000E+06	4.698258E-03	1.057706E+02
2.60195625000E+06	4.579334E-03	9.760050E+01
2.60382500000E+06	4.959868E-03	9.850524E+01
2.60569375000E+06	4.752225E-03	1.026379E+02
2.60756250000E+06	4.631103E-03	1.045711E+02
2.60943125000E+06	4.596645E-03	1.005548E+02
2.61130000000E+06	4.108041E-03	9.930893E+01
2.61316875000E+06	4.895621E-03	1.006215E+02
2.61503750000E+06	4.549841E-03	9.450406E+01
2.61690625000E+06	4.295477E-03	1.023054E+02
2.61877500000E+06	4.582051E-03	1.025019E+02
2.62064375000E+06	4.452128E-03	1.010516E+02
2.62251250000E+06	4.616428E-03	9.987862E+01
2.62438125000E+06	4.623347E-03	9.612636E+01
2.62625000000E+06	4.752276E-03	9.863367E+01
2.62811875000E+06	5.284866E-03	1.080038E+02
2.62998750000E+06	4.816134E-03	9.835452E+01
2.63185625000E+06	4.823959E-03	1.039643E+02
2.63372500000E+06	5.197457E-03	9.722786E+01
2.63559375000E+06	4.789378E-03	9.857031E+01
2.63746250000E+06	4.294447E-03	1.028266E+02
2.63933125000E+06	4.726611E-03	9.507951E+01
2.64120000000E+06	4.240473E-03	1.013098E+02
2.64306875000E+06	4.440918E-03	1.030142E+02
2.64493750000E+06	4.876634E-03	9.866563E+01
2.64680625000E+06	4.463449E-03	9.806956E+01
2.64867500000E+06	4.310284E-03	9.650634E+01
2.65054375000E+06	4.875809E-03	9.495132E+01
2.65241250000E+06	4.994528E-03	9.944694E+01
2.65428125000E+06	4.577459E-03	9.521086E+01
2.65615000000E+06	4.862222E-03	9.800983E+01
2.65801875000E+06	4.867102E-03	1.003839E+02
2.65988750000E+06	4.885701E-03	1.027831E+02
2.66175625000E+06	4.412621E-03	1.050301E+02
2.66362500000E+06	4.348469E-03	1.006673E+02
2.66549375000E+06	4.996500E-03	1.017774E+02
2.66736250000E+06	4.982606E-03	9.608508E+01
2.66923125000E+06	4.636721E-03	1.032280E+02
2.67110000000E+06	4.514943E-03	9.945297E+01
2.67296875000E+06	4.541827E-03	1.009788E+02
2.67483750000E+06	4.890379E-03	9.949261E+01
2.67670625000E+06	4.890016E-03	1.083983E+02
2.67857500000E+06	4.991261E-03	1.027802E+02
2.68044375000E+06	4.652637E-03	1.014538E+02
2.68231250000E+06	4.684111E-03	9.936492E+01
2.68418125000E+06	3.808618E-03	9.825179E+01
2.68605000000E+06	4.486250E-03	1.014535E+02
2.68791875000E+06	5.058314E-03	1.033426E+02
2.68978750000E+06	4.961840E-03	1.040671E+02
2.69165625000E+06	5.243130E-03	9.969630E+01
2.69352500000E+06	4.613735E-03	1.005511E+02
2.69539375000E+06	4.591838E-03	9.991653E+01
2.69726250000E+06	5.004005E-03	1.030535E+02
2.69913125000E+06	4.840802E-03	1.073649E+02
2.70100000000E+06	4.043077E-03	1.072551E+02
2.70286875000E+06	4.466918E-03	1.017224E+02
2.70473750000E+06	4.856574E-03	1.005673E+02
2.70660625000E+06	5.121368E-03	1.030153E+02
2.70847500000E+06	4.670619E-03	1.029119E+02
2.71034375000E+06	4.125960E-03	1.064074E+02
2.71221250000E+06	3.910333E-03	1.017406E+02
2.71408125000E+06	4.875473E-03	9.921800E+01
2.71595000000E+06	4.763273E-03	1.026898E+02
2.71781875000E+06	4.538998E-03	1.080595E+02
2.71968750000E+06	4.774373E-03	9.922444E+01
2.72155625000E+06	4.437127E-03	9.615765E+01
2.72342500000E+06	4.545669E-03	1.028776E+02
2.72529375000E+06	4.831178E-03	1.022639E+02
2.72716250000E+06	4.704474E-03	1.094938E+02
2.72903125000E+06	4.415667E-03	1.005336E+02
2.73090000000E+06	4.655909E-03	1.011040E+02
2.73276875000E+06	4.296995E-03	1.024454E+02
2.73463750000E+06	4.459146E-03	1.018238E+02
2.73650625000E+06	4.708370E-03	9.652959E+01
2.73837500000E+06	4.154773E-03	9.974271E+01
2.74024375000E+06	4.876276E-03	1.025724E+02
2.74211250000E+06	4.272840E-03	9.596674E+01
2.74398125000E+06	4.564672E-03	1.000671E+02
2.74585000000E+06	5.338467E-03	1.021209E+02
2.74771875000E+06	4.911888E-03	9.698029E+01
2.74958750000E+06	4.466027E-03	9.786945E+01
2.75145625000E+06	4.587071E-03	1.080770E+02
2.75332500000E+06	4.310318E-03	1.034127E+02
2.75519375000E+06	4.607546E-03	9.994038E+01
2.75706250000E+06	4.710165E-03	1.037540E+02
2.75893125000E+06	5.041856E-03	1.085512E+02
2.76080000000E+06	4.550895E-03	1.029017E+02
2.76266875000E+06	4.079239E-03	9.697186E+01
2.76453750000E+06	5.188942E-03	1.039437E+02
2.76640625000E+06	5.388367E-03	9.905028E+01
2.76827500000E+06	4.430796E-03	1.036770E+02
2.77014375000E+06	4.791176E-03	1.078783E+02
2.77201250000E+06	4.631047E-03	1.024636E+02
2.77388125000E+06	4.707839E-03	1.112072E+02
2.77575000000E+06	4.643813E-03	1.018833E+02
2.77761875000E+06	4.260368E-03	9.643549E+01
2.77948750000E+06	5.070955E-03	1.044316E+02
2.78135625000E+06	4.223176E-03	1.031079E+02
2.78322500000E+06	4.983210E-03	1.075325E+02
2.78509375000E+06	4.872413E-03	1.008328E+02
2.78696250000E+06	4.353550E-03	1.038191E+02
2.78883125000E+06	4.716563E-03	1.012732E+02
2.79070000000E+06	4.461149E-03	1.027701E+02
2.79256875000E+06	4.846453E-03	1.042164E+02
2.79443750000E+06	4.581439E-03	1.063299E+02
2.79630625000E+06	4.260469E-03	1.032293E+02
2.79817500000E+06	4.683310E-03	1.042243E+02
2.80004375000E+06	5.019363E-03	1.043282E+02
2.80191250000E+06	4.316341E-03	9.774842E+01
2.80378125000E+06	5.025534E-03	1.005748E+02
2.80565000000E+06	4.862806E-03	1.082968E+02
2.80751875000E+06	4.625064E-03	9.924441E+01
2.80938750000E+06	4.859366E-03	1.068041E+02
2.81125625000E+06	5.110539E-03	1.052264E+02
2.81312500000E+06	4.676383E-03	1.030774E+02
2.81499375000E+06	4.655058E-03	1.037211E+02
2.81686250000E+06	5.084366E-03	1.010634E+02
2.81873125000E+06	4.883217E-03	9.965778E+01
2.82060000000E+06	4.927804E-03	1.037716E+02
2.82246875000E+06	4.914012E-03	1.050534E+02
2.82433750000E+06	4.882905E-03	1.060253E+02
2.82620625000E+06	4.552816E-03	1.045530E+02
2.82807500000E+06	4.473836E-03	1.011577E+02
2.82994375000E+06	5.196322E-03	9.930807E+01
2.83181250000E+06	4.788175E-03	1.008856E+02
2.83368125000E+06	4.847294E-03	1.046339E+02
2.83555000000E+06	4.835580E-03	1.056217E+02
2.83741875000E+06	4.832431E-03	9.574036E+01
2.83928750000E+06	4.674835E-03	9.767315E+01
2.84115625000E+06	4.837614E-03	9.892934E+01
2.84302500000E+06	4.658964E-03	1.039267E+02
2.84489375000E+06	4.634950E-03	1.048611E+02
2.84676250000E+06	4.626885E-03	1.022608E+02
2.84863125000E+06	4.513290E-03	9.967670E+01
2.85050000000E+06	5.323694E-03	1.022065E+02
2.85236875000E+06	4.277019E-03	1.076814E+02
2.85423750000E+06	4.679867E-03	1.024666E+02
2.85610625000E+06	5.122008E-03	1.028074E+02
2.85797500000E+06	5.197613E-03	1.037494E+02
2.85984375000E+06	5.047945E-03	1.043159E+02
2.86171250000E+06	4.357789E-03	1.017899E+02
2.86358125000E+06	4.982141E-03	1.073367E+02
2.86545000000E+06	4.774341E-03	1.093932E+02
2.86731875000E+06	4.969059E-03	1.030206E+02
2.86918750000E+06	4.669405E-03	1.066044E+02
2.87105625000E+06	4.403844E-03	1.034903E+02
2.87292500000E+06	4.766499E-03	1.038187E+02
2.87479375000E+06	4.610938E-03	1.056769E+02
2.87666250000E+06	4.988560E-03	1.058625E+02
2.87853125000E+06	4.812348E-03	9.959628E+01
2.88040000000E+06	4.705612E-03	1.048139E+02
2.88226875000E+06	4.600788E-03	1.023060E+02
2.88413750000E+06	4.948979E-03	1.062975E+02
2.88600625000E+06	4.553498E-03	1.021646E+02
2.88787500000E+06	4.755409E-03	1.021831E+02
2.88974375000E+06	4.760795E-03	9.778809E+01
2.89161250000E+06	4.630766E-03	9.898301E+01
2.89348125000E+06	4.940397E-03	1.011288E+02
2.89535000000E+06	4.788819E-03	1.078744E+02
2.89721875000E+06	4.610900E-03	1.055241E+02
2.89908750000E+06	4.967889E-03	9.541743E+01
2.90095625000E+06	4.950196E-03	1.036786E+02
2.90282500000E+06	4.825640E-03	1.086274E+02
2.90469375000E+06	4.721506E-03	1.118880E+02
2.90656250000E+06	5.109391E-03	1.020865E+02
2.90843125000E+06	4.545552E-03	1.001076E+02
2.91030000000E+06	4.865696E-03	9.990636E+01
2.91216875000E+06	4.409845E-03	1.040324E+02
2.91403750000E+06	4.411049E-03	9.980957E+01
2.91590625000E+06	4.815469E-03	1.069541E+02
2.91777500000E+06	4.644171E-03	1.025138E+02
2.91964375000E+06	4.312893E-03	9.584403E+01
2.92151250000E+06	5.011352E-03	1.052384E+02
2.92338125000E+06	4.948154E-03	1.065770E+02
2.92525000000E+06	4.709787E-03	1.012390E+02
2.92711875000E+06	5.464059E-03	1.033034E+02
2.92898750000E+06	4.472504E-03	1.059835E+02
2.93085625000E+06	5.213608E-03	1.019144E+02
2.93272500000E+06	5.217537E-03	9.844717E+01
2.93459375000E+06	4.785109E-03	9.993936E+01
2.93646250000E+06	5.050350E-03	1.085442E+02
2.93833125000E+06	4.630387E-03	1.020675E+02
2.94020000000E+06	5.497067E-03	1.035846E+02
2.94206875000E+06	4.558696E-03	1.039078E+02
2.94393750000E+06	4.245742E-03	1.018254E+02
2.94580625000E+06	4.679699E-03	1.113835E+02
2.94767500000E+06	4.478432E-03	1.113977E+02
2.94954375000E+06	5.259440E-03	1.048998E+02
2.95141250000E+06	4.815971E-03	1.030976E+02
2.95328125000E+06	4.637883E-03	1.003037E+02
2.95515000000E+06	4.574474E-03	1.022979E+02
2.95701875000E+06	5.697996E-03	9.965354E+01
2.95888750000E+06	4.849070E-03	1.039015E+02
2.96075625000E+06	5.382625E-03	1.053775E+02
2.96262500000E+06	4.656679E-03	1.021352E+02
2.96449375000E+06	4.795189E-03	1.065763E+02
2.96636250000E+06	4.494489E-03	1.004550E+02
2.96823125000E+06	4.909078E-03	1.043670E+02
2.97010000000E+06	4.861709E-03	9.844260E+01
2.97196875000E+06	4.248043E-03	1.139284E+02
2.97383750000E+06	4.719801E-03	1.084151E+02
2.97570625000E+06	5.020313E-03	1.032373E+02
2.97757500000E+06	4.916203E-03	1.027188E+02
2.97944375000E+06	5.052815E-03	1.024494E+02
2.98131250000E+06	5.173497E-03	1.050681E+02
2.98318125000E+06	4.500798E-03	1.045751E+02
2.98505000000E+06	5.286728E-03	1.010131E+02
2.98691875000E+06	4.837623E-03	1.058857E+02
2.98878750000E+06	4.809695E-03	1.095900E+02
2.99065625000E+06	5.144934E-03	1.020659E+02
2.99252500000E+06	4.836280E-03	1.106814E+02
2.99439375000E+06	4.959936E-03	1.036130E+02
2.99626250000E+06	4.973352E-03	1.003835E+02
2.99813125000E+06	4.942849E-03	1.047745E+02
3.00000000000E+06	5.175235E-03	1.017236E+02
