"E5100A REV3.14"
"DATE: Jun 28 2004"



"CHANNEL: 2"
"MEASURE TYPE: AR"
"FORMAT TYPE: LINMP"
"NUMBER of POINTS: 1601"
"SWEEP TIME:  3.458 s"
"SWEEP TYPE: LINF"
"SOURCE POWER: 0 dBm"
"IF BANDWIDTH: 500 Hz"

"Frequency"	"Main Array"	"Sub Array"
1.00000000000E+04	7.577488E-02	-2.737218E+01
1.18687500000E+04	6.097246E-02	-3.950861E+01
1.37375000000E+04	5.234699E-02	-4.281783E+01
1.56062500000E+04	5.399582E-02	-3.557516E+01
1.74750000000E+04	5.022247E-02	-4.777727E+01
1.93437500000E+04	4.882563E-02	-4.080054E+01
2.12125000000E+04	4.563457E-02	-4.972042E+01
2.30812500000E+04	4.519148E-02	-5.115318E+01
2.49500000000E+04	4.176378E-02	-5.410811E+01
2.68187500000E+04	4.042786E-02	-5.205041E+01
2.86875000000E+04	3.817712E-02	-5.801542E+01
3.05562500000E+04	4.010130E-02	-5.620006E+01
3.24250000000E+04	3.414195E-02	-6.080267E+01
3.42937500000E+04	3.390973E-02	-6.076672E+01
3.61625000000E+04	3.426486E-02	-6.131653E+01
3.80312500000E+04	3.360629E-02	-6.419633E+01
3.99000000000E+04	3.101874E-02	-6.189469E+01
4.17687500000E+04	3.020154E-02	-6.549099E+01
4.36375000000E+04	2.797004E-02	-5.898350E+01
4.55062500000E+04	2.614845E-02	-6.569260E+01
4.73750000000E+04	2.583659E-02	-6.609490E+01
4.92437500000E+04	2.427950E-02	-6.372683E+01
5.11125000000E+04	2.325810E-02	-6.443045E+01
5.29812500000E+04	2.100601E-02	-6.748893E+01
5.48500000000E+04	2.024715E-02	-6.857627E+01
5.67187500000E+04	1.903130E-02	-6.741974E+01
5.85875000000E+04	1.935455E-02	-6.727100E+01
6.04562500000E+04	1.916926E-02	-6.536974E+01
6.23250000000E+04	1.703671E-02	-6.383668E+01
6.41937500000E+04	1.709660E-02	-6.146315E+01
6.60625000000E+04	1.827890E-02	-5.493872E+01
6.79312500000E+04	1.573766E-02	-6.105316E+01
6.98000000000E+04	1.489867E-02	-5.186591E+01
7.16687500000E+04	1.470665E-02	-5.194691E+01
7.35375000000E+04	1.517062E-02	-4.744926E+01
7.54062500000E+04	1.589327E-02	-4.498051E+01
7.72750000000E+04	1.645002E-02	-4.519936E+01
7.91437500000E+04	1.632187E-02	-4.377617E+01
8.10125000000E+04	1.802740E-02	-4.343012E+01
8.28812500000E+04	1.939776E-02	-4.343092E+01
8.47500000000E+04	1.876386E-02	-4.586277E+01
8.66187500000E+04	1.979471E-02	-4.853618E+01
8.84875000000E+04	1.934421E-02	-4.816955E+01
9.03562500000E+04	1.712076E-02	-4.597665E+01
9.22250000000E+04	1.969018E-02	-5.230366E+01
9.40937500000E+04	1.887093E-02	-5.145019E+01
9.59625000000E+04	1.857615E-02	-5.559130E+01
9.78312500000E+04	1.883408E-02	-5.579638E+01
9.97000000000E+04	1.899917E-02	-5.596249E+01
1.01568750000E+05	1.855044E-02	-5.865776E+01
1.03437500000E+05	1.801524E-02	-5.977702E+01
1.05306250000E+05	1.569522E-02	-6.287454E+01
1.07175000000E+05	1.654069E-02	-6.115180E+01
1.09043750000E+05	1.763600E-02	-6.359758E+01
1.10912500000E+05	1.258029E-02	-6.605347E+01
1.12781250000E+05	1.668201E-02	-6.306419E+01
1.14650000000E+05	1.647410E-02	-6.259388E+01
1.16518750000E+05	1.557761E-02	-6.448359E+01
1.18387500000E+05	1.598877E-02	-6.445679E+01
1.20256250000E+05	1.570488E-02	-6.718766E+01
1.22125000000E+05	1.588506E-02	-6.593492E+01
1.23993750000E+05	1.547632E-02	-6.699299E+01
1.25862500000E+05	1.511490E-02	-6.753570E+01
1.27731250000E+05	1.485683E-02	-6.766122E+01
1.29600000000E+05	1.400865E-02	-7.010869E+01
1.31468750000E+05	1.383367E-02	-6.829456E+01
1.33337500000E+05	1.241940E-02	-6.476852E+01
1.35206250000E+05	1.316420E-02	-6.784156E+01
1.37075000000E+05	1.363976E-02	-6.876762E+01
1.38943750000E+05	1.344647E-02	-6.576688E+01
1.40812500000E+05	1.553063E-02	-6.935999E+01
1.42681250000E+05	1.438270E-02	-7.156346E+01
1.44550000000E+05	1.324906E-02	-7.117468E+01
1.46418750000E+05	1.339251E-02	-6.979581E+01
1.48287500000E+05	1.302059E-02	-7.276786E+01
1.50156250000E+05	1.272236E-02	-7.013008E+01
1.52025000000E+05	1.272981E-02	-7.262638E+01
1.53893750000E+05	1.242446E-02	-7.353677E+01
1.55762500000E+05	1.194011E-02	-7.184866E+01
1.57631250000E+05	1.176139E-02	-7.231222E+01
1.59500000000E+05	1.248367E-02	-6.577402E+01
1.61368750000E+05	1.162727E-02	-7.285290E+01
1.63237500000E+05	1.172045E-02	-7.163811E+01
1.65106250000E+05	1.155342E-02	-7.094788E+01
1.66975000000E+05	9.133164E-03	-7.239935E+01
1.68843750000E+05	1.119675E-02	-7.542813E+01
1.70712500000E+05	1.111925E-02	-7.258427E+01
1.72581250000E+05	1.062263E-02	-7.318771E+01
1.74450000000E+05	1.105017E-02	-7.327157E+01
1.76318750000E+05	1.035763E-02	-7.500430E+01
1.78187500000E+05	1.002134E-02	-7.400452E+01
1.80056250000E+05	1.007388E-02	-7.409635E+01
1.81925000000E+05	1.028334E-02	-7.400242E+01
1.83793750000E+05	1.043100E-02	-7.256075E+01
1.85662500000E+05	1.015474E-02	-7.164284E+01
1.87531250000E+05	9.597114E-03	-7.438965E+01
1.89400000000E+05	9.991672E-03	-7.559962E+01
1.91268750000E+05	1.031908E-02	-7.415787E+01
1.93137500000E+05	9.611760E-03	-7.575907E+01
1.95006250000E+05	9.545892E-03	-7.394751E+01
1.96875000000E+05	8.977280E-03	-7.437572E+01
1.98743750000E+05	8.853481E-03	-7.507212E+01
2.00612500000E+05	9.138247E-03	-7.352312E+01
2.02481250000E+05	9.058503E-03	-7.353342E+01
2.04350000000E+05	8.793508E-03	-7.204882E+01
2.06218750000E+05	8.753469E-03	-7.581593E+01
2.08087500000E+05	9.316372E-03	-7.795467E+01
2.09956250000E+05	9.034174E-03	-7.436477E+01
2.11825000000E+05	9.113023E-03	-7.462160E+01
2.13693750000E+05	9.176634E-03	-7.540636E+01
2.15562500000E+05	8.236418E-03	-7.253304E+01
2.17431250000E+05	8.296628E-03	-7.367741E+01
2.19300000000E+05	8.424439E-03	-7.541552E+01
2.21168750000E+05	8.606825E-03	-7.427593E+01
2.23037500000E+05	8.011900E-03	-7.600906E+01
2.24906250000E+05	8.419200E-03	-7.425335E+01
2.26775000000E+05	8.163182E-03	-7.477671E+01
2.28643750000E+05	8.292425E-03	-7.317657E+01
2.30512500000E+05	8.488461E-03	-7.562442E+01
2.32381250000E+05	7.913829E-03	-7.445760E+01
2.34250000000E+05	7.862415E-03	-7.641041E+01
2.36118750000E+05	8.323940E-03	-7.198125E+01
2.37987500000E+05	8.460549E-03	-7.589468E+01
2.39856250000E+05	8.588573E-03	-7.150140E+01
2.41725000000E+05	8.595251E-03	-7.879339E+01
2.43593750000E+05	8.544155E-03	-7.711408E+01
2.45462500000E+05	8.759134E-03	-7.810028E+01
2.47331250000E+05	8.229456E-03	-7.662212E+01
2.49200000000E+05	7.987889E-03	-7.971681E+01
2.51068750000E+05	8.188511E-03	-8.149843E+01
2.52937500000E+05	7.933513E-03	-8.252872E+01
2.54806250000E+05	7.868432E-03	-8.151271E+01
2.56675000000E+05	7.995617E-03	-8.457156E+01
2.58543750000E+05	8.235493E-03	-8.456884E+01
2.60412500000E+05	7.796444E-03	-8.363502E+01
2.62281250000E+05	7.877251E-03	-8.605426E+01
2.64150000000E+05	7.296538E-03	-8.734934E+01
2.66018750000E+05	7.207943E-03	-8.637358E+01
2.67887500000E+05	7.033127E-03	-8.533813E+01
2.69756250000E+05	6.669748E-03	-8.306726E+01
2.71625000000E+05	6.776270E-03	-9.104311E+01
2.73493750000E+05	6.788216E-03	-8.630002E+01
2.75362500000E+05	6.761454E-03	-8.173244E+01
2.77231250000E+05	6.338606E-03	-8.799880E+01
2.79100000000E+05	6.405625E-03	-9.209988E+01
2.80968750000E+05	6.321058E-03	-8.862427E+01
2.82837500000E+05	5.888499E-03	-8.642480E+01
2.84706250000E+05	5.566509E-03	-8.203870E+01
2.86575000000E+05	6.329559E-03	-8.844119E+01
2.88443750000E+05	6.073681E-03	-8.622591E+01
2.90312500000E+05	6.024784E-03	-8.382477E+01
2.92181250000E+05	5.788088E-03	-8.610224E+01
2.94050000000E+05	5.964342E-03	-8.327956E+01
2.95918750000E+05	5.595079E-03	-8.449337E+01
2.97787500000E+05	5.832841E-03	-8.027334E+01
2.99656250000E+05	5.592955E-03	-8.515821E+01
3.01525000000E+05	5.572131E-03	-8.708910E+01
3.03393750000E+05	5.389472E-03	-8.578922E+01
3.05262500000E+05	5.738365E-03	-8.588167E+01
3.07131250000E+05	5.565999E-03	-8.638700E+01
3.09000000000E+05	5.608247E-03	-8.534682E+01
3.10868750000E+05	5.345218E-03	-8.710114E+01
3.12737500000E+05	4.934156E-03	-8.522359E+01
3.14606250000E+05	5.282335E-03	-8.375520E+01
3.16475000000E+05	5.123988E-03	-8.334119E+01
3.18343750000E+05	5.089812E-03	-8.631123E+01
3.20212500000E+05	5.384993E-03	-8.040742E+01
3.22081250000E+05	4.823091E-03	-8.504810E+01
3.23950000000E+05	4.904259E-03	-8.262859E+01
3.25818750000E+05	4.905152E-03	-8.404602E+01
3.27687500000E+05	4.942483E-03	-8.527546E+01
3.29556250000E+05	4.805592E-03	-8.481345E+01
3.31425000000E+05	5.022275E-03	-8.013714E+01
3.33293750000E+05	4.579281E-03	-7.827698E+01
3.35162500000E+05	5.096932E-03	-8.122385E+01
3.37031250000E+05	4.540935E-03	-8.298229E+01
3.38900000000E+05	4.880196E-03	-8.474508E+01
3.40768750000E+05	4.628287E-03	-8.230671E+01
3.42637500000E+05	4.839863E-03	-8.106065E+01
3.44506250000E+05	4.783362E-03	-7.843859E+01
3.46375000000E+05	4.383308E-03	-8.042183E+01
3.48243750000E+05	4.593641E-03	-9.200219E+01
3.50112500000E+05	4.187731E-03	-8.043967E+01
3.51981250000E+05	4.292126E-03	-8.252463E+01
3.53850000000E+05	4.268856E-03	-8.645486E+01
3.55718750000E+05	4.499505E-03	-8.362833E+01
3.57587500000E+05	4.271436E-03	-8.285938E+01
3.59456250000E+05	4.238236E-03	-8.085440E+01
3.61325000000E+05	4.165601E-03	-8.287244E+01
3.63193750000E+05	3.988470E-03	-8.598018E+01
3.65062500000E+05	4.280462E-03	-8.252146E+01
3.66931250000E+05	4.211760E-03	-8.306410E+01
3.68800000000E+05	4.057367E-03	-8.371023E+01
3.70668750000E+05	4.648771E-03	-8.304568E+01
3.72537500000E+05	3.672305E-03	-8.468670E+01
3.74406250000E+05	3.832415E-03	-8.262163E+01
3.76275000000E+05	3.996965E-03	-8.281500E+01
3.78143750000E+05	3.923120E-03	-8.580897E+01
3.80012500000E+05	3.607864E-03	-8.299042E+01
3.81881250000E+05	3.932925E-03	-8.059290E+01
3.83750000000E+05	3.588192E-03	-8.851482E+01
3.85618750000E+05	3.857547E-03	-8.479859E+01
3.87487500000E+05	3.702689E-03	-8.207195E+01
3.89356250000E+05	3.625968E-03	-7.874515E+01
3.91225000000E+05	4.175101E-03	-8.567618E+01
3.93093750000E+05	3.598474E-03	-8.411437E+01
3.94962500000E+05	3.618684E-03	-8.570856E+01
3.96831250000E+05	3.938339E-03	-8.726900E+01
3.98700000000E+05	3.794181E-03	-8.229691E+01
4.00568750000E+05	3.745829E-03	-8.397559E+01
4.02437500000E+05	3.632508E-03	-8.482819E+01
4.04306250000E+05	3.855925E-03	-8.162815E+01
4.06175000000E+05	3.597780E-03	-8.060778E+01
4.08043750000E+05	3.619911E-03	-8.312328E+01
4.09912500000E+05	3.648656E-03	-8.654932E+01
4.11781250000E+05	3.821380E-03	-8.444547E+01
4.13650000000E+05	3.528303E-03	-8.488640E+01
4.15518750000E+05	3.447886E-03	-8.315627E+01
4.17387500000E+05	3.369589E-03	-7.828043E+01
4.19256250000E+05	3.576995E-03	-8.394460E+01
4.21125000000E+05	3.544908E-03	-7.852534E+01
4.22993750000E+05	3.520729E-03	-8.540144E+01
4.24862500000E+05	3.187449E-03	-8.144253E+01
4.26731250000E+05	3.114856E-03	-8.173144E+01
4.28600000000E+05	2.862398E-03	-8.576373E+01
4.30468750000E+05	3.221178E-03	-8.208870E+01
4.32337500000E+05	3.154461E-03	-7.941077E+01
4.34206250000E+05	3.234450E-03	-8.402831E+01
4.36075000000E+05	2.981536E-03	-8.402876E+01
4.37943750000E+05	3.081870E-03	-8.104818E+01
4.39812500000E+05	3.111039E-03	-8.404105E+01
4.41681250000E+05	2.912940E-03	-8.104697E+01
4.43550000000E+05	2.902673E-03	-8.257799E+01
4.45418750000E+05	3.227919E-03	-8.147395E+01
4.47287500000E+05	3.168814E-03	-8.201989E+01
4.49156250000E+05	3.055307E-03	-8.124623E+01
4.51025000000E+05	3.059290E-03	-8.064098E+01
4.52893750000E+05	3.065085E-03	-7.994682E+01
4.54762500000E+05	2.950517E-03	-8.074882E+01
4.56631250000E+05	2.838088E-03	-8.146984E+01
4.58500000000E+05	2.763083E-03	-7.908451E+01
4.60368750000E+05	2.794673E-03	-8.579552E+01
4.62237500000E+05	3.134808E-03	-8.154762E+01
4.64106250000E+05	3.053499E-03	-8.202869E+01
4.65975000000E+05	2.910293E-03	-8.337603E+01
4.67843750000E+05	3.030375E-03	-7.789909E+01
4.69712500000E+05	2.876230E-03	-8.306400E+01
4.71581250000E+05	2.877815E-03	-7.443877E+01
4.73450000000E+05	3.021135E-03	-8.288959E+01
4.75318750000E+05	2.789114E-03	-8.102634E+01
4.77187500000E+05	2.942900E-03	-8.400825E+01
4.79056250000E+05	3.031543E-03	-8.214574E+01
4.80925000000E+05	2.540979E-03	-8.291728E+01
4.82793750000E+05	2.993535E-03	-8.179082E+01
4.84662500000E+05	2.628759E-03	-8.549207E+01
4.86531250000E+05	2.728315E-03	-7.801979E+01
4.88400000000E+05	2.698163E-03	-8.375103E+01
4.90268750000E+05	2.565935E-03	-8.176011E+01
4.92137500000E+05	2.505898E-03	-8.345824E+01
4.94006250000E+05	2.768288E-03	-7.932712E+01
4.95875000000E+05	2.541041E-03	-8.291119E+01
4.97743750000E+05	2.971823E-03	-8.120974E+01
4.99612500000E+05	2.764124E-03	-8.655707E+01
5.01481250000E+05	2.739402E-03	-8.589478E+01
5.03350000000E+05	2.511115E-03	-8.960111E+01
5.05218750000E+05	2.658410E-03	-8.809262E+01
5.07087500000E+05	2.541269E-03	-8.949103E+01
5.08956250000E+05	2.370919E-03	-8.646281E+01
5.10825000000E+05	2.486226E-03	-8.958907E+01
5.12693750000E+05	2.540726E-03	-9.578732E+01
5.14562500000E+05	2.459204E-03	-9.529389E+01
5.16431250000E+05	2.423582E-03	-8.446176E+01
5.18300000000E+05	2.446178E-03	-9.049472E+01
5.20168750000E+05	2.288957E-03	-8.631487E+01
5.22037500000E+05	2.393378E-03	-9.125764E+01
5.23906250000E+05	2.252014E-03	-9.619725E+01
5.25775000000E+05	2.301725E-03	-9.069784E+01
5.27643750000E+05	2.265441E-03	-9.296900E+01
5.29512500000E+05	2.456491E-03	-9.243266E+01
5.31381250000E+05	2.295772E-03	-8.818176E+01
5.33250000000E+05	2.128148E-03	-9.046758E+01
5.35118750000E+05	2.260919E-03	-9.109145E+01
5.36987500000E+05	2.341147E-03	-9.893035E+01
5.38856250000E+05	2.047680E-03	-9.560870E+01
5.40725000000E+05	1.993579E-03	-9.258520E+01
5.42593750000E+05	2.113769E-03	-9.529950E+01
5.44462500000E+05	2.186310E-03	-9.471844E+01
5.46331250000E+05	1.867017E-03	-9.476463E+01
5.48200000000E+05	1.856411E-03	-9.386037E+01
5.50068750000E+05	2.111826E-03	-8.959913E+01
5.51937500000E+05	1.650753E-03	-8.691891E+01
5.53806250000E+05	1.889732E-03	-8.747224E+01
5.55675000000E+05	1.861182E-03	-9.192822E+01
5.57543750000E+05	1.715028E-03	-8.862602E+01
5.59412500000E+05	1.650816E-03	-8.906741E+01
5.61281250000E+05	1.747687E-03	-9.501911E+01
5.63150000000E+05	1.639747E-03	-9.305517E+01
5.65018750000E+05	1.808423E-03	-9.110310E+01
5.66887500000E+05	1.524281E-03	-8.825823E+01
5.68756250000E+05	1.572718E-03	-8.697136E+01
5.70625000000E+05	1.690343E-03	-8.711124E+01
5.72493750000E+05	1.795672E-03	-1.006131E+02
5.74362500000E+05	1.638035E-03	-9.492113E+01
5.76231250000E+05	1.652946E-03	-9.785664E+01
5.78100000000E+05	1.569534E-03	-9.301261E+01
5.79968750000E+05	1.568165E-03	-8.274274E+01
5.81837500000E+05	1.535230E-03	-9.011768E+01
5.83706250000E+05	1.531283E-03	-9.062376E+01
5.85575000000E+05	1.478753E-03	-8.885037E+01
5.87443750000E+05	1.511204E-03	-9.032236E+01
5.89312500000E+05	1.548269E-03	-8.930838E+01
5.91181250000E+05	1.357994E-03	-8.708069E+01
5.93050000000E+05	1.230791E-03	-1.065589E+02
5.94918750000E+05	1.297606E-03	-9.225298E+01
5.96787500000E+05	1.354175E-03	-9.958235E+01
5.98656250000E+05	1.381618E-03	-1.008354E+02
6.00525000000E+05	1.382132E-03	-8.775643E+01
6.02393750000E+05	1.233909E-03	-9.308364E+01
6.04262500000E+05	1.214083E-03	-9.150629E+01
6.06131250000E+05	1.126050E-03	-9.604588E+01
6.08000000000E+05	1.537277E-03	-8.448735E+01
6.09868750000E+05	1.130053E-03	-8.318287E+01
6.11737500000E+05	1.006101E-03	-8.061250E+01
6.13606250000E+05	1.146939E-03	-8.761355E+01
6.15475000000E+05	1.334372E-03	-9.348116E+01
6.17343750000E+05	1.108903E-03	-9.157632E+01
6.19212500000E+05	1.101574E-03	-8.937718E+01
6.21081250000E+05	1.217601E-03	-1.017475E+02
6.22950000000E+05	1.230524E-03	-9.288039E+01
6.24818750000E+05	1.053703E-03	-9.150838E+01
6.26687500000E+05	1.002914E-03	-9.459683E+01
6.28556250000E+05	1.080896E-03	-9.284762E+01
6.30425000000E+05	9.875320E-04	-9.088209E+01
6.32293750000E+05	1.115958E-03	-9.772852E+01
6.34162500000E+05	9.758765E-04	-8.161901E+01
6.36031250000E+05	1.313546E-03	-8.596790E+01
6.37900000000E+05	1.097159E-03	-8.407536E+01
6.39768750000E+05	1.238291E-03	-9.193484E+01
6.41637500000E+05	1.113716E-03	-9.780587E+01
6.43506250000E+05	1.098975E-03	-9.599887E+01
6.45375000000E+05	9.136800E-04	-8.455875E+01
6.47243750000E+05	1.168451E-03	-8.665503E+01
6.49112500000E+05	8.835971E-04	-9.024883E+01
6.50981250000E+05	8.601507E-04	-1.051009E+02
6.52850000000E+05	8.138348E-04	-1.000736E+02
6.54718750000E+05	9.706860E-04	-8.840741E+01
6.56587500000E+05	8.971299E-04	-9.596954E+01
6.58456250000E+05	9.006378E-04	-9.076221E+01
6.60325000000E+05	9.132240E-04	-8.549093E+01
6.62193750000E+05	9.062535E-04	-9.451499E+01
6.64062500000E+05	7.807076E-04	-9.160339E+01
6.65931250000E+05	1.015830E-03	-8.797438E+01
6.67800000000E+05	7.918725E-04	-1.075628E+02
6.69668750000E+05	7.298983E-04	-7.786014E+01
6.71537500000E+05	8.646792E-04	-9.136175E+01
6.73406250000E+05	9.028665E-04	-9.859904E+01
6.75275000000E+05	6.659129E-04	-8.035851E+01
6.77143750000E+05	8.374943E-04	-8.121513E+01
6.79012500000E+05	8.549584E-04	-1.110982E+02
6.80881250000E+05	5.879973E-04	-9.374845E+01
6.82750000000E+05	6.402151E-04	-1.026718E+02
6.84618750000E+05	6.855373E-04	-1.055992E+02
6.86487500000E+05	6.178807E-04	-1.014539E+02
6.88356250000E+05	6.431606E-04	-8.261983E+01
6.90225000000E+05	5.687276E-04	-9.729948E+01
6.92093750000E+05	6.914000E-04	-8.064032E+01
6.93962500000E+05	8.893071E-04	-1.059702E+02
6.95831250000E+05	5.807228E-04	-1.057411E+02
6.97700000000E+05	6.369486E-04	-1.010509E+02
6.99568750000E+05	5.010572E-04	-8.381188E+01
7.01437500000E+05	5.419569E-04	-6.986462E+01
7.03306250000E+05	4.170034E-04	-9.837758E+01
7.05175000000E+05	4.418638E-04	-8.409551E+01
7.07043750000E+05	5.630667E-04	-1.099989E+02
7.08912500000E+05	3.238922E-04	-1.239834E+02
7.10781250000E+05	4.707967E-04	-1.118553E+02
7.12650000000E+05	6.902902E-04	-9.396088E+01
7.14518750000E+05	3.946722E-04	-6.257042E+01
7.16387500000E+05	4.427495E-04	-8.844983E+01
7.18256250000E+05	4.486686E-04	-1.074670E+02
7.20125000000E+05	4.098641E-04	-9.734592E+01
7.21993750000E+05	4.270251E-04	-6.666206E+01
7.23862500000E+05	3.308980E-04	-1.193016E+02
7.25731250000E+05	7.026438E-04	-7.753059E+01
7.27600000000E+05	2.555736E-04	-1.085414E+02
7.29468750000E+05	2.790718E-04	-8.179190E+01
7.31337500000E+05	4.539967E-04	-8.327385E+01
7.33206250000E+05	2.428016E-04	-8.920609E+01
7.35075000000E+05	2.444093E-04	-9.743137E+01
7.36943750000E+05	4.961157E-04	-1.083142E+02
7.38812500000E+05	4.027758E-04	-9.436288E+01
7.40681250000E+05	4.156849E-04	-1.152240E+02
7.42550000000E+05	1.405578E-04	-1.269835E+02
7.44418750000E+05	2.294797E-04	-1.253851E+02
7.46287500000E+05	2.752200E-04	-8.537063E+01
7.48156250000E+05	3.729139E-04	-1.090697E+02
7.50025000000E+05	3.048053E-04	-1.058720E+02
7.51893750000E+05	2.833955E-04	-1.169713E+02
7.53762500000E+05	2.710716E-04	-8.211777E+01
7.55631250000E+05	2.459083E-04	-1.327650E+02
7.57500000000E+05	2.463169E-04	-1.456404E+02
7.59368750000E+05	3.809698E-04	-1.158825E+02
7.61237500000E+05	1.769288E-04	-1.324154E+02
7.63106250000E+05	8.722024E-05	-3.895147E+01
7.64975000000E+05	1.614571E-04	-1.037027E+02
7.66843750000E+05	2.064716E-04	-1.686606E+02
7.68712500000E+05	1.718045E-04	-1.481530E+02
7.70581250000E+05	3.332503E-04	-1.429193E+02
7.72450000000E+05	2.406751E-04	-1.100561E+02
7.74318750000E+05	1.515090E-04	-9.332160E+01
7.76187500000E+05	3.813627E-04	-1.310325E+02
7.78056250000E+05	2.653063E-04	1.127983E+02
7.79925000000E+05	2.077048E-04	1.257124E+02
7.81793750000E+05	1.434380E-04	1.449743E+02
7.83662500000E+05	2.951118E-04	1.514491E+02
7.85531250000E+05	2.297289E-04	-1.222134E+02
7.87400000000E+05	1.642640E-04	-1.137639E+02
7.89268750000E+05	2.696248E-04	-1.101308E+02
7.91137500000E+05	1.685317E-04	1.589597E+02
7.93006250000E+05	1.273115E-04	1.228807E+02
7.94875000000E+05	1.341436E-04	1.100422E+02
7.96743750000E+05	2.586169E-04	1.620540E+02
7.98612500000E+05	1.440209E-04	1.489145E+02
8.00481250000E+05	2.760208E-04	1.052997E+02
8.02350000000E+05	3.434410E-04	1.258135E+02
8.04218750000E+05	6.633209E-05	1.272535E+02
8.06087500000E+05	5.566137E-04	1.073909E+02
8.07956250000E+05	1.132994E-04	1.692825E+02
8.09825000000E+05	7.640418E-05	6.957882E+01
8.11693750000E+05	3.420099E-04	1.641181E+02
8.13562500000E+05	1.982428E-04	1.293136E+02
8.15431250000E+05	2.817449E-04	1.343310E+02
8.17300000000E+05	3.274614E-04	1.325197E+02
8.19168750000E+05	3.282080E-04	1.293425E+02
8.21037500000E+05	8.834444E-05	1.146747E+02
8.22906250000E+05	3.279530E-04	1.549814E+02
8.24775000000E+05	2.767553E-04	1.055178E+02
8.26643750000E+05	4.242546E-04	1.260526E+02
8.28512500000E+05	4.050655E-04	9.058763E+01
8.30381250000E+05	4.530908E-04	9.404105E+01
8.32250000000E+05	2.274543E-04	6.759864E+01
8.34118750000E+05	1.869040E-04	1.342310E+02
8.35987500000E+05	3.667813E-04	1.570676E+02
8.37856250000E+05	3.885949E-04	9.817992E+01
8.39725000000E+05	4.995763E-04	1.500345E+02
8.41593750000E+05	4.256102E-04	8.129800E+01
8.43462500000E+05	4.395021E-04	9.425602E+01
8.45331250000E+05	3.957830E-04	1.107575E+02
8.47200000000E+05	1.632498E-04	1.271415E+02
8.49068750000E+05	3.145940E-04	1.162105E+02
8.50937500000E+05	3.178197E-04	1.111230E+02
8.52806250000E+05	3.496479E-04	1.155055E+02
8.54675000000E+05	4.187774E-04	1.022556E+02
8.56543750000E+05	4.035868E-04	1.015592E+02
8.58412500000E+05	2.864349E-04	8.162965E+01
8.60281250000E+05	1.796765E-04	5.758561E+01
8.62150000000E+05	2.822326E-04	1.075047E+02
8.64018750000E+05	5.942382E-04	1.191069E+02
8.65887500000E+05	5.924894E-04	1.337446E+02
8.67756250000E+05	3.664947E-04	1.023170E+02
8.69625000000E+05	6.102053E-04	1.283004E+02
8.71493750000E+05	6.223383E-04	1.068718E+02
8.73362500000E+05	4.519064E-04	6.993717E+01
8.75231250000E+05	4.824194E-04	1.208785E+02
8.77100000000E+05	5.454355E-04	1.264177E+02
8.78968750000E+05	6.409184E-04	1.211634E+02
8.80837500000E+05	5.288837E-04	1.135468E+02
8.82706250000E+05	7.336762E-04	1.055291E+02
8.84575000000E+05	4.077204E-04	1.369632E+02
8.86443750000E+05	4.055389E-04	7.879019E+01
8.88312500000E+05	4.587864E-04	1.155966E+02
8.90181250000E+05	7.501815E-04	1.088391E+02
8.92050000000E+05	6.159382E-04	1.015893E+02
8.93918750000E+05	7.961772E-04	1.229312E+02
8.95787500000E+05	4.664529E-04	1.056801E+02
8.97656250000E+05	6.384479E-04	1.092618E+02
8.99525000000E+05	8.792017E-04	1.248910E+02
9.01393750000E+05	6.479677E-04	1.149767E+02
9.03262500000E+05	7.941046E-04	1.020485E+02
9.05131250000E+05	7.111085E-04	8.685830E+01
9.07000000000E+05	6.118161E-04	1.241219E+02
9.08868750000E+05	5.074652E-04	8.497694E+01
9.10737500000E+05	6.580995E-04	9.101598E+01
9.12606250000E+05	7.805183E-04	1.108412E+02
9.14475000000E+05	7.714676E-04	1.169970E+02
9.16343750000E+05	7.667632E-04	8.974483E+01
9.18212500000E+05	8.612121E-04	1.075497E+02
9.20081250000E+05	9.184065E-04	9.562894E+01
9.21950000000E+05	6.896162E-04	9.073790E+01
9.23818750000E+05	8.223323E-04	1.029164E+02
9.25687500000E+05	5.140951E-04	1.138590E+02
9.27556250000E+05	6.109329E-04	1.180868E+02
9.29425000000E+05	7.205851E-04	1.147060E+02
9.31293750000E+05	8.502546E-04	1.366375E+02
9.33162500000E+05	9.027092E-04	9.801047E+01
9.35031250000E+05	9.479404E-04	8.959322E+01
9.36900000000E+05	6.264171E-04	1.114308E+02
9.38768750000E+05	8.349099E-04	8.747511E+01
9.40637500000E+05	9.482978E-04	1.043587E+02
9.42506250000E+05	7.741426E-04	1.053721E+02
9.44375000000E+05	1.048745E-03	1.140102E+02
9.46243750000E+05	6.802906E-04	8.921800E+01
9.48112500000E+05	9.931063E-04	1.089184E+02
9.49981250000E+05	9.629520E-04	1.144172E+02
9.51850000000E+05	1.046773E-03	1.039574E+02
9.53718750000E+05	1.145447E-03	1.170251E+02
9.55587500000E+05	1.192305E-03	1.158275E+02
9.57456250000E+05	1.138666E-03	9.800165E+01
9.59325000000E+05	8.676853E-04	1.017117E+02
9.61193750000E+05	8.407864E-04	1.077531E+02
9.63062500000E+05	1.049026E-03	9.528065E+01
9.64931250000E+05	9.040099E-04	9.733656E+01
9.66800000000E+05	1.074980E-03	9.775015E+01
9.68668750000E+05	1.121834E-03	1.000839E+02
9.70537500000E+05	1.137783E-03	1.155065E+02
9.72406250000E+05	7.771926E-04	1.000449E+02
9.74275000000E+05	8.579526E-04	1.013714E+02
9.76143750000E+05	9.557410E-04	1.138212E+02
9.78012500000E+05	9.587171E-04	9.284122E+01
9.79881250000E+05	1.033638E-03	9.351697E+01
9.81750000000E+05	1.147186E-03	1.176585E+02
9.83618750000E+05	1.139099E-03	1.114306E+02
9.85487500000E+05	9.960402E-04	1.133745E+02
9.87356250000E+05	1.284337E-03	9.814873E+01
9.89225000000E+05	1.239433E-03	1.001680E+02
9.91093750000E+05	1.067178E-03	1.000487E+02
9.92962500000E+05	1.324415E-03	1.048294E+02
9.94831250000E+05	1.246842E-03	9.969707E+01
9.96700000000E+05	1.034304E-03	1.086546E+02
9.98568750000E+05	1.005241E-03	1.086801E+02
1.00043750000E+06	1.397389E-03	1.120168E+02
1.00230625000E+06	1.334232E-03	1.051476E+02
1.00417500000E+06	1.227488E-03	9.791545E+01
1.00604375000E+06	1.273243E-03	1.133978E+02
1.00791250000E+06	1.344134E-03	1.055422E+02
1.00978125000E+06	1.364370E-03	9.984448E+01
1.01165000000E+06	1.335759E-03	1.044466E+02
1.01351875000E+06	1.480798E-03	1.138311E+02
1.01538750000E+06	1.362312E-03	9.832822E+01
1.01725625000E+06	1.530982E-03	1.057501E+02
1.01912500000E+06	1.309108E-03	9.805611E+01
1.02099375000E+06	1.067318E-03	9.245061E+01
1.02286250000E+06	1.398518E-03	1.019954E+02
1.02473125000E+06	1.215695E-03	1.001201E+02
1.02660000000E+06	1.278088E-03	9.266050E+01
1.02846875000E+06	1.080811E-03	9.585987E+01
1.03033750000E+06	1.418838E-03	9.314347E+01
1.03220625000E+06	1.618953E-03	1.036017E+02
1.03407500000E+06	1.601135E-03	1.010765E+02
1.03594375000E+06	1.445748E-03	9.454132E+01
1.03781250000E+06	1.332824E-03	1.019625E+02
1.03968125000E+06	1.430626E-03	1.073611E+02
1.04155000000E+06	1.345500E-03	9.361391E+01
1.04341875000E+06	1.376389E-03	9.553471E+01
1.04528750000E+06	1.491191E-03	1.065298E+02
1.04715625000E+06	1.617443E-03	9.220638E+01
1.04902500000E+06	1.356623E-03	9.849140E+01
1.05089375000E+06	1.328167E-03	1.104872E+02
1.05276250000E+06	1.481677E-03	1.060395E+02
1.05463125000E+06	1.550653E-03	1.043337E+02
1.05650000000E+06	1.640894E-03	9.489050E+01
1.05836875000E+06	1.674236E-03	9.313963E+01
1.06023750000E+06	1.742153E-03	1.016078E+02
1.06210625000E+06	1.520417E-03	1.069163E+02
1.06397500000E+06	1.133511E-03	1.084253E+02
1.06584375000E+06	1.683216E-03	1.048199E+02
1.06771250000E+06	1.288033E-03	9.018153E+01
1.06958125000E+06	1.269167E-03	8.562250E+01
1.07145000000E+06	1.530159E-03	1.026530E+02
1.07331875000E+06	1.581878E-03	1.077956E+02
1.07518750000E+06	1.595517E-03	1.042121E+02
1.07705625000E+06	1.539289E-03	1.022977E+02
1.07892500000E+06	1.706689E-03	1.001469E+02
1.08079375000E+06	1.472572E-03	9.897651E+01
1.08266250000E+06	1.599870E-03	1.023252E+02
1.08453125000E+06	1.652300E-03	1.065966E+02
1.08640000000E+06	1.752506E-03	1.093429E+02
1.08826875000E+06	1.385831E-03	8.896048E+01
1.09013750000E+06	1.441832E-03	1.000870E+02
1.09200625000E+06	1.816142E-03	9.309402E+01
1.09387500000E+06	1.522397E-03	1.018742E+02
1.09574375000E+06	1.595153E-03	1.063637E+02
1.09761250000E+06	1.581675E-03	9.266861E+01
1.09948125000E+06	2.233374E-03	1.064269E+02
1.10135000000E+06	1.663539E-03	9.736111E+01
1.10321875000E+06	1.796359E-03	1.045334E+02
1.10508750000E+06	1.964434E-03	1.079255E+02
1.10695625000E+06	1.855835E-03	1.033865E+02
1.10882500000E+06	1.654745E-03	1.047371E+02
1.11069375000E+06	1.597666E-03	9.367188E+01
1.11256250000E+06	1.671817E-03	9.350587E+01
1.11443125000E+06	1.711039E-03	9.596822E+01
1.11630000000E+06	1.727639E-03	1.038528E+02
1.11816875000E+06	1.718850E-03	9.997359E+01
1.12003750000E+06	1.673293E-03	1.061987E+02
1.12190625000E+06	1.913929E-03	9.543559E+01
1.12377500000E+06	1.779752E-03	1.094088E+02
1.12564375000E+06	1.570138E-03	1.033850E+02
1.12751250000E+06	2.008608E-03	9.964561E+01
1.12938125000E+06	1.944532E-03	9.252931E+01
1.13125000000E+06	2.065789E-03	1.056346E+02
1.13311875000E+06	1.851066E-03	9.942148E+01
1.13498750000E+06	1.830901E-03	9.909126E+01
1.13685625000E+06	1.964364E-03	1.014447E+02
1.13872500000E+06	1.745555E-03	1.037249E+02
1.14059375000E+06	1.876877E-03	1.066250E+02
1.14246250000E+06	2.050119E-03	1.043441E+02
1.14433125000E+06	1.864271E-03	9.527926E+01
1.14620000000E+06	1.970888E-03	1.033018E+02
1.14806875000E+06	2.147642E-03	9.971548E+01
1.14993750000E+06	1.990507E-03	9.935933E+01
1.15180625000E+06	1.952265E-03	1.030149E+02
1.15367500000E+06	1.840757E-03	1.000335E+02
1.15554375000E+06	1.639347E-03	9.136929E+01
1.15741250000E+06	2.020153E-03	1.018177E+02
1.15928125000E+06	1.847007E-03	9.866433E+01
1.16115000000E+06	1.823292E-03	9.603566E+01
1.16301875000E+06	2.115237E-03	9.781357E+01
1.16488750000E+06	1.971088E-03	9.936255E+01
1.16675625000E+06	2.062772E-03	1.013518E+02
1.16862500000E+06	1.877055E-03	1.054832E+02
1.17049375000E+06	2.077294E-03	1.024869E+02
1.17236250000E+06	1.895680E-03	1.042219E+02
1.17423125000E+06	2.097712E-03	9.596990E+01
1.17610000000E+06	1.784084E-03	9.791454E+01
1.17796875000E+06	2.166630E-03	1.008290E+02
1.17983750000E+06	1.893762E-03	1.013666E+02
1.18170625000E+06	1.891820E-03	1.025797E+02
1.18357500000E+06	1.900165E-03	9.725320E+01
1.18544375000E+06	2.081241E-03	1.009663E+02
1.18731250000E+06	1.957806E-03	1.003727E+02
1.18918125000E+06	2.252826E-03	9.639440E+01
1.19105000000E+06	2.351385E-03	9.945123E+01
1.19291875000E+06	1.781188E-03	8.955109E+01
1.19478750000E+06	2.211170E-03	1.025480E+02
1.19665625000E+06	1.847575E-03	9.197680E+01
1.19852500000E+06	2.086465E-03	9.457342E+01
1.20039375000E+06	2.189644E-03	1.062692E+02
1.20226250000E+06	2.296149E-03	1.042307E+02
1.20413125000E+06	2.102962E-03	1.023508E+02
1.20600000000E+06	2.094330E-03	1.026242E+02
1.20786875000E+06	2.333474E-03	9.771134E+01
1.20973750000E+06	2.378480E-03	9.626901E+01
1.21160625000E+06	2.290715E-03	1.015805E+02
1.21347500000E+06	2.142577E-03	9.916291E+01
1.21534375000E+06	2.292634E-03	9.437811E+01
1.21721250000E+06	2.207082E-03	1.038594E+02
1.21908125000E+06	2.331969E-03	1.070920E+02
1.22095000000E+06	2.263786E-03	1.018171E+02
1.22281875000E+06	2.261711E-03	1.081393E+02
1.22468750000E+06	2.315032E-03	9.827547E+01
1.22655625000E+06	2.024521E-03	9.458164E+01
1.22842500000E+06	2.049407E-03	9.694247E+01
1.23029375000E+06	2.425210E-03	9.532651E+01
1.23216250000E+06	2.307325E-03	9.661990E+01
1.23403125000E+06	2.289846E-03	9.480772E+01
1.23590000000E+06	2.084198E-03	9.577142E+01
1.23776875000E+06	2.335964E-03	1.007402E+02
1.23963750000E+06	2.178431E-03	9.709788E+01
1.24150625000E+06	2.287941E-03	1.078255E+02
1.24337500000E+06	2.172187E-03	1.004455E+02
1.24524375000E+06	2.132960E-03	9.925172E+01
1.24711250000E+06	2.435304E-03	1.026919E+02
1.24898125000E+06	2.486424E-03	1.096039E+02
1.25085000000E+06	2.517702E-03	1.073492E+02
1.25271875000E+06	1.994058E-03	9.727023E+01
1.25458750000E+06	2.387042E-03	9.931343E+01
1.25645625000E+06	2.205018E-03	1.054189E+02
1.25832500000E+06	2.615327E-03	9.596518E+01
1.26019375000E+06	2.472331E-03	9.593387E+01
1.26206250000E+06	2.194378E-03	1.030981E+02
1.26393125000E+06	2.397733E-03	9.349190E+01
1.26580000000E+06	2.465114E-03	9.898862E+01
1.26766875000E+06	2.491367E-03	1.026227E+02
1.26953750000E+06	2.221314E-03	1.062206E+02
1.27140625000E+06	2.532702E-03	1.058166E+02
1.27327500000E+06	2.585342E-03	1.031020E+02
1.27514375000E+06	2.550959E-03	9.825826E+01
1.27701250000E+06	2.573367E-03	9.465988E+01
1.27888125000E+06	2.473383E-03	9.353331E+01
1.28075000000E+06	2.607987E-03	9.230980E+01
1.28261875000E+06	2.189524E-03	1.101129E+02
1.28448750000E+06	2.226065E-03	9.707326E+01
1.28635625000E+06	2.488476E-03	9.241965E+01
1.28822500000E+06	2.262403E-03	9.835901E+01
1.29009375000E+06	2.513974E-03	9.948323E+01
1.29196250000E+06	2.403742E-03	1.053538E+02
1.29383125000E+06	2.276161E-03	1.017353E+02
1.29570000000E+06	2.571599E-03	9.145559E+01
1.29756875000E+06	2.313430E-03	9.446905E+01
1.29943750000E+06	2.498052E-03	1.049451E+02
1.30130625000E+06	2.474950E-03	1.017575E+02
1.30317500000E+06	2.845516E-03	9.558976E+01
1.30504375000E+06	2.642265E-03	1.059071E+02
1.30691250000E+06	2.457392E-03	1.005431E+02
1.30878125000E+06	2.379462E-03	1.021881E+02
1.31065000000E+06	2.493921E-03	9.831480E+01
1.31251875000E+06	2.450842E-03	9.773319E+01
1.31438750000E+06	2.881176E-03	9.794129E+01
1.31625625000E+06	2.796700E-03	1.019975E+02
1.31812500000E+06	2.397218E-03	1.000895E+02
1.31999375000E+06	2.636370E-03	9.737492E+01
1.32186250000E+06	2.684701E-03	1.046640E+02
1.32373125000E+06	2.706490E-03	1.020790E+02
1.32560000000E+06	2.690393E-03	9.779264E+01
1.32746875000E+06	2.775019E-03	1.021924E+02
1.32933750000E+06	2.638564E-03	1.041927E+02
1.33120625000E+06	2.704160E-03	1.046633E+02
1.33307500000E+06	2.369813E-03	9.999908E+01
1.33494375000E+06	2.411131E-03	1.026088E+02
1.33681250000E+06	2.730888E-03	1.034295E+02
1.33868125000E+06	2.761306E-03	1.033287E+02
1.34055000000E+06	2.573507E-03	1.070038E+02
1.34241875000E+06	2.795535E-03	9.823696E+01
1.34428750000E+06	2.946747E-03	1.024221E+02
1.34615625000E+06	2.707826E-03	9.895239E+01
1.34802500000E+06	2.891512E-03	1.004379E+02
1.34989375000E+06	2.487967E-03	1.065137E+02
1.35176250000E+06	2.680991E-03	9.402484E+01
1.35363125000E+06	2.962510E-03	9.846155E+01
1.35550000000E+06	2.677049E-03	9.703293E+01
1.35736875000E+06	2.535358E-03	9.570936E+01
1.35923750000E+06	2.885887E-03	1.101787E+02
1.36110625000E+06	2.522800E-03	1.040736E+02
1.36297500000E+06	2.865146E-03	9.835648E+01
1.36484375000E+06	2.845655E-03	9.763499E+01
1.36671250000E+06	2.747896E-03	9.784601E+01
1.36858125000E+06	2.542500E-03	9.980846E+01
1.37045000000E+06	2.892037E-03	9.569373E+01
1.37231875000E+06	2.696797E-03	9.475650E+01
1.37418750000E+06	2.605523E-03	1.069947E+02
1.37605625000E+06	2.534790E-03	9.847992E+01
1.37792500000E+06	2.810291E-03	9.739298E+01
1.37979375000E+06	3.014515E-03	1.039655E+02
1.38166250000E+06	2.821223E-03	9.967949E+01
1.38353125000E+06	2.853571E-03	9.817999E+01
1.38540000000E+06	2.769291E-03	9.463241E+01
1.38726875000E+06	2.899287E-03	9.905097E+01
1.38913750000E+06	3.056968E-03	9.994691E+01
1.39100625000E+06	2.661348E-03	9.360452E+01
1.39287500000E+06	2.934378E-03	9.483959E+01
1.39474375000E+06	2.811594E-03	9.797123E+01
1.39661250000E+06	3.043625E-03	9.563807E+01
1.39848125000E+06	3.181210E-03	1.000007E+02
1.40035000000E+06	3.009165E-03	1.013180E+02
1.40221875000E+06	3.016006E-03	1.060480E+02
1.40408750000E+06	3.014085E-03	1.038274E+02
1.40595625000E+06	2.747047E-03	1.021221E+02
1.40782500000E+06	2.869841E-03	9.462973E+01
1.40969375000E+06	2.772380E-03	9.766160E+01
1.41156250000E+06	3.112267E-03	1.033020E+02
1.41343125000E+06	3.189065E-03	1.006858E+02
1.41530000000E+06	2.904343E-03	9.884463E+01
1.41716875000E+06	2.883665E-03	1.000569E+02
1.41903750000E+06	2.949582E-03	1.036479E+02
1.42090625000E+06	2.863049E-03	1.033727E+02
1.42277500000E+06	2.939909E-03	1.058348E+02
1.42464375000E+06	3.238771E-03	1.023201E+02
1.42651250000E+06	2.830376E-03	1.003622E+02
1.42838125000E+06	3.110056E-03	9.545875E+01
1.43025000000E+06	2.967927E-03	1.046133E+02
1.43211875000E+06	3.074189E-03	9.528011E+01
1.43398750000E+06	3.076075E-03	1.001566E+02
1.43585625000E+06	3.239975E-03	1.015839E+02
1.43772500000E+06	3.036621E-03	9.836534E+01
1.43959375000E+06	3.134907E-03	1.048475E+02
1.44146250000E+06	3.112926E-03	9.301560E+01
1.44333125000E+06	3.260526E-03	1.025235E+02
1.44520000000E+06	3.082463E-03	9.900054E+01
1.44706875000E+06	3.226862E-03	9.693152E+01
1.44893750000E+06	3.118195E-03	1.026641E+02
1.45080625000E+06	3.203436E-03	1.003956E+02
1.45267500000E+06	3.251781E-03	9.700887E+01
1.45454375000E+06	2.953896E-03	9.891153E+01
1.45641250000E+06	3.309774E-03	9.482872E+01
1.45828125000E+06	3.127230E-03	9.743153E+01
1.46015000000E+06	3.022421E-03	1.007374E+02
1.46201875000E+06	3.087762E-03	1.005593E+02
1.46388750000E+06	2.813947E-03	1.012478E+02
1.46575625000E+06	3.220163E-03	9.502091E+01
1.46762500000E+06	3.253750E-03	9.986278E+01
1.46949375000E+06	3.161301E-03	9.882874E+01
1.47136250000E+06	3.134997E-03	1.005934E+02
1.47323125000E+06	3.259536E-03	1.033759E+02
1.47510000000E+06	2.845758E-03	9.056502E+01
1.47696875000E+06	3.523824E-03	9.752482E+01
1.47883750000E+06	3.217310E-03	1.061161E+02
1.48070625000E+06	3.004790E-03	9.582099E+01
1.48257500000E+06	3.577062E-03	9.818709E+01
1.48444375000E+06	3.017494E-03	9.327296E+01
1.48631250000E+06	3.066237E-03	9.700793E+01
1.48818125000E+06	3.183934E-03	1.017933E+02
1.49005000000E+06	3.059657E-03	9.469434E+01
1.49191875000E+06	3.487018E-03	9.980817E+01
1.49378750000E+06	3.423156E-03	9.498521E+01
1.49565625000E+06	3.370316E-03	1.017947E+02
1.49752500000E+06	3.200789E-03	9.759805E+01
1.49939375000E+06	3.234298E-03	9.509496E+01
1.50126250000E+06	3.609015E-03	9.800658E+01
1.50313125000E+06	3.528087E-03	9.998307E+01
1.50500000000E+06	2.818539E-03	9.656834E+01
1.50686875000E+06	3.499343E-03	9.573730E+01
1.50873750000E+06	3.184579E-03	9.910455E+01
1.51060625000E+06	3.237500E-03	1.007113E+02
1.51247500000E+06	3.383655E-03	9.978275E+01
1.51434375000E+06	3.162103E-03	9.868686E+01
1.51621250000E+06	3.120643E-03	1.019832E+02
1.51808125000E+06	3.420113E-03	9.706330E+01
1.51995000000E+06	3.362757E-03	9.924548E+01
1.52181875000E+06	3.352568E-03	9.829369E+01
1.52368750000E+06	3.448242E-03	1.035547E+02
1.52555625000E+06	3.363042E-03	1.006958E+02
1.52742500000E+06	3.510439E-03	9.832047E+01
1.52929375000E+06	3.056396E-03	1.003026E+02
1.53116250000E+06	3.339723E-03	1.040348E+02
1.53303125000E+06	3.575369E-03	9.659490E+01
1.53490000000E+06	3.360501E-03	9.996309E+01
1.53676875000E+06	3.328878E-03	9.783459E+01
1.53863750000E+06	3.279778E-03	1.011101E+02
1.54050625000E+06	3.514463E-03	1.012323E+02
1.54237500000E+06	3.474788E-03	1.022566E+02
1.54424375000E+06	3.283112E-03	9.900335E+01
1.54611250000E+06	3.574440E-03	1.026306E+02
1.54798125000E+06	3.523244E-03	9.822979E+01
1.54985000000E+06	3.327240E-03	1.067174E+02
1.55171875000E+06	3.493523E-03	1.008874E+02
1.55358750000E+06	3.325793E-03	9.766017E+01
1.55545625000E+06	3.335505E-03	1.073193E+02
1.55732500000E+06	3.420764E-03	1.018878E+02
1.55919375000E+06	3.705776E-03	9.965665E+01
1.56106250000E+06	3.539843E-03	9.715987E+01
1.56293125000E+06	3.673113E-03	9.546412E+01
1.56480000000E+06	3.627910E-03	9.911539E+01
1.56666875000E+06	3.851866E-03	1.022065E+02
1.56853750000E+06	3.422210E-03	9.961620E+01
1.57040625000E+06	3.540233E-03	1.048327E+02
1.57227500000E+06	3.505126E-03	1.021698E+02
1.57414375000E+06	3.731411E-03	1.039503E+02
1.57601250000E+06	3.326469E-03	1.030242E+02
1.57788125000E+06	3.778063E-03	9.983920E+01
1.57975000000E+06	3.228063E-03	1.046075E+02
1.58161875000E+06	3.469714E-03	1.043036E+02
1.58348750000E+06	3.303088E-03	1.016897E+02
1.58535625000E+06	3.612639E-03	9.582683E+01
1.58722500000E+06	3.746397E-03	1.027539E+02
1.58909375000E+06	3.639044E-03	1.011240E+02
1.59096250000E+06	3.517218E-03	9.790974E+01
1.59283125000E+06	3.809083E-03	9.751871E+01
1.59470000000E+06	3.595890E-03	1.014949E+02
1.59656875000E+06	3.792924E-03	9.958571E+01
1.59843750000E+06	3.452746E-03	9.851417E+01
1.60030625000E+06	3.558262E-03	1.024305E+02
1.60217500000E+06	3.822802E-03	1.019307E+02
1.60404375000E+06	3.610154E-03	1.013598E+02
1.60591250000E+06	3.538047E-03	1.011575E+02
1.60778125000E+06	3.596630E-03	1.062643E+02
1.60965000000E+06	3.264851E-03	1.021803E+02
1.61151875000E+06	3.584422E-03	9.868581E+01
1.61338750000E+06	3.569209E-03	1.051627E+02
1.61525625000E+06	3.649214E-03	9.541507E+01
1.61712500000E+06	3.660322E-03	1.041085E+02
1.61899375000E+06	3.561570E-03	1.054504E+02
1.62086250000E+06	3.631162E-03	9.566248E+01
1.62273125000E+06	3.666530E-03	9.901945E+01
1.62460000000E+06	3.941803E-03	1.052166E+02
1.62646875000E+06	4.063230E-03	9.982852E+01
1.62833750000E+06	3.760116E-03	1.033840E+02
1.63020625000E+06	3.458143E-03	9.549805E+01
1.63207500000E+06	3.965974E-03	1.035838E+02
1.63394375000E+06	3.539859E-03	1.015367E+02
1.63581250000E+06	3.522875E-03	1.004166E+02
1.63768125000E+06	3.811383E-03	1.024459E+02
1.63955000000E+06	3.709908E-03	1.077176E+02
1.64141875000E+06	3.668271E-03	9.906824E+01
1.64328750000E+06	3.786155E-03	9.740886E+01
1.64515625000E+06	3.798520E-03	9.992530E+01
1.64702500000E+06	3.960533E-03	9.970798E+01
1.64889375000E+06	3.910925E-03	9.975858E+01
1.65076250000E+06	3.670611E-03	9.866258E+01
1.65263125000E+06	3.975403E-03	9.916262E+01
1.65450000000E+06	3.601999E-03	1.021407E+02
1.65636875000E+06	3.991507E-03	1.028406E+02
1.65823750000E+06	3.689831E-03	9.835898E+01
1.66010625000E+06	3.898424E-03	1.010573E+02
1.66197500000E+06	3.716212E-03	9.966626E+01
1.66384375000E+06	3.835353E-03	9.960316E+01
1.66571250000E+06	3.597779E-03	1.030717E+02
1.66758125000E+06	4.035394E-03	1.056342E+02
1.66945000000E+06	3.824668E-03	1.002076E+02
1.67131875000E+06	3.954232E-03	1.033746E+02
1.67318750000E+06	3.820486E-03	1.046420E+02
1.67505625000E+06	3.757183E-03	1.008832E+02
1.67692500000E+06	3.880610E-03	1.035170E+02
1.67879375000E+06	4.005357E-03	1.031745E+02
1.68066250000E+06	3.852995E-03	9.857359E+01
1.68253125000E+06	3.829419E-03	1.002332E+02
1.68440000000E+06	3.636145E-03	1.042465E+02
1.68626875000E+06	3.862209E-03	9.923988E+01
1.68813750000E+06	4.099470E-03	9.914385E+01
1.69000625000E+06	3.693086E-03	9.923046E+01
1.69187500000E+06	4.031983E-03	1.056145E+02
1.69374375000E+06	3.607944E-03	1.029468E+02
1.69561250000E+06	4.104742E-03	1.013651E+02
1.69748125000E+06	3.864919E-03	1.046670E+02
1.69935000000E+06	3.838428E-03	9.631010E+01
1.70121875000E+06	4.129756E-03	9.930274E+01
1.70308750000E+06	3.770811E-03	9.989094E+01
1.70495625000E+06	3.819234E-03	1.014909E+02
1.70682500000E+06	3.981381E-03	1.058475E+02
1.70869375000E+06	3.985538E-03	1.041990E+02
1.71056250000E+06	3.792840E-03	1.033782E+02
1.71243125000E+06	4.182187E-03	1.011938E+02
1.71430000000E+06	3.861636E-03	1.070603E+02
1.71616875000E+06	4.147630E-03	1.005728E+02
1.71803750000E+06	4.407212E-03	1.023149E+02
1.71990625000E+06	3.641649E-03	1.038617E+02
1.72177500000E+06	4.205313E-03	1.033859E+02
1.72364375000E+06	3.986799E-03	9.922556E+01
1.72551250000E+06	4.073314E-03	9.847808E+01
1.72738125000E+06	3.865780E-03	1.003400E+02
1.72925000000E+06	4.088823E-03	9.946264E+01
1.73111875000E+06	4.076704E-03	1.009071E+02
1.73298750000E+06	4.037440E-03	1.031262E+02
1.73485625000E+06	4.041979E-03	1.031853E+02
1.73672500000E+06	3.943550E-03	1.031709E+02
1.73859375000E+06	3.797130E-03	1.048055E+02
1.74046250000E+06	3.916582E-03	1.031179E+02
1.74233125000E+06	3.962188E-03	1.023650E+02
1.74420000000E+06	4.062285E-03	9.829414E+01
1.74606875000E+06	4.382680E-03	1.038908E+02
1.74793750000E+06	4.201630E-03	1.031772E+02
1.74980625000E+06	3.754816E-03	1.028889E+02
1.75167500000E+06	3.758823E-03	1.040151E+02
1.75354375000E+06	4.029239E-03	1.046142E+02
1.75541250000E+06	4.365238E-03	1.019716E+02
1.75728125000E+06	4.070569E-03	1.037489E+02
1.75915000000E+06	4.037584E-03	1.041582E+02
1.76101875000E+06	4.229937E-03	1.065148E+02
1.76288750000E+06	4.148351E-03	1.010780E+02
1.76475625000E+06	4.115952E-03	1.047734E+02
1.76662500000E+06	4.296718E-03	1.051433E+02
1.76849375000E+06	4.224698E-03	1.031556E+02
1.77036250000E+06	4.168009E-03	1.013879E+02
1.77223125000E+06	3.825634E-03	1.011951E+02
1.77410000000E+06	4.247067E-03	1.050200E+02
1.77596875000E+06	4.082656E-03	1.070187E+02
1.77783750000E+06	4.186428E-03	1.052807E+02
1.77970625000E+06	3.687591E-03	1.037828E+02
1.78157500000E+06	4.157739E-03	1.011891E+02
1.78344375000E+06	4.129710E-03	1.030606E+02
1.78531250000E+06	4.176383E-03	1.055217E+02
1.78718125000E+06	4.136031E-03	1.026423E+02
1.78905000000E+06	4.133089E-03	1.047095E+02
1.79091875000E+06	4.347683E-03	1.052725E+02
1.79278750000E+06	4.153033E-03	1.021690E+02
1.79465625000E+06	4.242665E-03	1.045738E+02
1.79652500000E+06	4.362031E-03	1.032857E+02
1.79839375000E+06	4.229613E-03	1.035397E+02
1.80026250000E+06	4.340248E-03	1.033426E+02
1.80213125000E+06	4.514820E-03	1.039511E+02
1.80400000000E+06	4.168113E-03	1.058778E+02
1.80586875000E+06	4.377689E-03	1.057447E+02
1.80773750000E+06	4.311625E-03	1.023770E+02
1.80960625000E+06	4.105663E-03	1.091917E+02
1.81147500000E+06	4.323951E-03	1.016767E+02
1.81334375000E+06	4.565401E-03	1.038252E+02
1.81521250000E+06	4.343825E-03	1.018018E+02
1.81708125000E+06	4.602293E-03	1.081487E+02
1.81895000000E+06	4.161788E-03	1.076162E+02
1.82081875000E+06	4.440969E-03	1.054074E+02
1.82268750000E+06	4.552402E-03	1.039162E+02
1.82455625000E+06	4.523414E-03	1.097651E+02
1.82642500000E+06	4.478262E-03	1.037432E+02
1.82829375000E+06	4.414687E-03	1.052944E+02
1.83016250000E+06	4.254848E-03	1.061095E+02
1.83203125000E+06	4.229221E-03	1.080023E+02
1.83390000000E+06	4.153736E-03	1.101989E+02
1.83576875000E+06	4.453311E-03	1.014791E+02
1.83763750000E+06	4.507084E-03	1.012830E+02
1.83950625000E+06	4.639353E-03	1.044284E+02
1.84137500000E+06	4.644233E-03	1.093672E+02
1.84324375000E+06	4.494844E-03	1.081363E+02
1.84511250000E+06	4.707034E-03	1.061671E+02
1.84698125000E+06	4.920000E-03	1.023666E+02
1.84885000000E+06	4.679836E-03	1.066524E+02
1.85071875000E+06	4.587270E-03	1.092089E+02
1.85258750000E+06	4.185143E-03	1.012763E+02
1.85445625000E+06	4.601441E-03	1.055272E+02
1.85632500000E+06	4.971693E-03	1.095066E+02
1.85819375000E+06	4.635369E-03	1.038621E+02
1.86006250000E+06	4.522123E-03	1.077727E+02
1.86193125000E+06	4.871001E-03	1.055245E+02
1.86380000000E+06	4.618196E-03	1.035561E+02
1.86566875000E+06	4.509904E-03	1.065107E+02
1.86753750000E+06	4.786153E-03	1.050136E+02
1.86940625000E+06	4.308888E-03	1.031516E+02
1.87127500000E+06	4.583479E-03	1.051734E+02
1.87314375000E+06	4.770312E-03	1.057043E+02
1.87501250000E+06	4.558919E-03	1.048565E+02
1.87688125000E+06	4.696285E-03	1.071116E+02
1.87875000000E+06	4.624212E-03	1.065517E+02
1.88061875000E+06	4.830165E-03	1.086063E+02
1.88248750000E+06	5.160346E-03	1.073306E+02
1.88435625000E+06	4.822949E-03	1.079810E+02
1.88622500000E+06	4.856073E-03	1.071275E+02
1.88809375000E+06	4.802702E-03	1.063622E+02
1.88996250000E+06	4.769710E-03	1.079951E+02
1.89183125000E+06	4.795586E-03	1.066742E+02
1.89370000000E+06	4.837646E-03	1.049630E+02
1.89556875000E+06	4.693402E-03	1.049217E+02
1.89743750000E+06	4.860952E-03	1.071841E+02
1.89930625000E+06	4.914685E-03	1.065169E+02
1.90117500000E+06	4.799495E-03	1.060661E+02
1.90304375000E+06	4.638820E-03	1.045397E+02
1.90491250000E+06	4.907571E-03	1.047287E+02
1.90678125000E+06	4.903488E-03	1.064985E+02
1.90865000000E+06	4.892518E-03	1.076615E+02
1.91051875000E+06	4.846488E-03	1.028426E+02
1.91238750000E+06	5.221130E-03	1.073814E+02
1.91425625000E+06	4.932717E-03	1.064575E+02
1.91612500000E+06	4.908570E-03	1.061631E+02
1.91799375000E+06	5.117645E-03	1.060954E+02
1.91986250000E+06	5.197521E-03	1.048436E+02
1.92173125000E+06	5.126880E-03	1.045210E+02
1.92360000000E+06	4.803922E-03	1.065921E+02
1.92546875000E+06	4.827155E-03	1.064296E+02
1.92733750000E+06	4.750108E-03	1.052296E+02
1.92920625000E+06	4.717500E-03	1.025786E+02
1.93107500000E+06	5.375889E-03	1.030380E+02
1.93294375000E+06	4.912184E-03	1.003261E+02
1.93481250000E+06	5.117909E-03	1.050158E+02
1.93668125000E+06	4.989762E-03	1.073148E+02
1.93855000000E+06	4.883089E-03	1.023136E+02
1.94041875000E+06	4.961238E-03	1.041469E+02
1.94228750000E+06	5.249581E-03	1.045067E+02
1.94415625000E+06	5.238539E-03	1.035867E+02
1.94602500000E+06	5.195177E-03	1.056228E+02
1.94789375000E+06	5.210418E-03	1.059236E+02
1.94976250000E+06	4.941532E-03	1.067749E+02
1.95163125000E+06	5.294517E-03	1.045914E+02
1.95350000000E+06	5.054245E-03	1.032527E+02
1.95536875000E+06	5.706542E-03	1.048474E+02
1.95723750000E+06	4.870923E-03	1.043685E+02
1.95910625000E+06	5.213446E-03	1.075056E+02
1.96097500000E+06	5.463176E-03	1.021021E+02
1.96284375000E+06	5.006220E-03	1.037824E+02
1.96471250000E+06	5.235672E-03	1.034512E+02
1.96658125000E+06	5.265733E-03	1.019544E+02
1.96845000000E+06	5.334319E-03	1.051172E+02
1.97031875000E+06	5.178656E-03	1.017652E+02
1.97218750000E+06	5.328987E-03	1.046552E+02
1.97405625000E+06	5.280737E-03	1.022973E+02
1.97592500000E+06	5.318773E-03	1.042795E+02
1.97779375000E+06	5.168417E-03	1.033607E+02
1.97966250000E+06	4.956779E-03	1.085129E+02
1.98153125000E+06	5.220123E-03	9.800014E+01
1.98340000000E+06	5.639283E-03	1.042314E+02
1.98526875000E+06	5.800866E-03	1.041541E+02
1.98713750000E+06	5.406927E-03	1.046124E+02
1.98900625000E+06	5.224596E-03	1.059337E+02
1.99087500000E+06	5.609416E-03	1.020692E+02
1.99274375000E+06	5.292080E-03	1.024934E+02
1.99461250000E+06	5.190304E-03	1.062466E+02
1.99648125000E+06	5.524375E-03	1.020832E+02
1.99835000000E+06	5.402444E-03	9.966475E+01
2.00021875000E+06	5.216230E-03	1.036726E+02
2.00208750000E+06	5.384193E-03	1.032960E+02
2.00395625000E+06	4.988430E-03	1.026512E+02
2.00582500000E+06	5.190910E-03	1.059730E+02
2.00769375000E+06	5.154982E-03	1.059821E+02
2.00956250000E+06	5.067685E-03	1.031687E+02
2.01143125000E+06	5.606841E-03	1.079298E+02
2.01330000000E+06	5.068678E-03	1.044864E+02
2.01516875000E+06	5.444623E-03	1.007544E+02
2.01703750000E+06	5.533249E-03	1.037980E+02
2.01890625000E+06	5.579158E-03	1.060363E+02
2.02077500000E+06	4.982346E-03	1.032791E+02
2.02264375000E+06	5.502327E-03	1.030141E+02
2.02451250000E+06	5.701832E-03	1.049950E+02
2.02638125000E+06	5.855781E-03	1.038722E+02
2.02825000000E+06	5.605363E-03	1.044188E+02
2.03011875000E+06	5.169409E-03	1.039586E+02
2.03198750000E+06	5.388633E-03	1.018753E+02
2.03385625000E+06	5.548504E-03	1.033804E+02
2.03572500000E+06	5.684072E-03	1.045608E+02
2.03759375000E+06	5.290042E-03	1.063683E+02
2.03946250000E+06	5.326826E-03	1.029613E+02
2.04133125000E+06	5.486568E-03	1.027619E+02
2.04320000000E+06	5.649422E-03	1.036395E+02
2.04506875000E+06	5.536573E-03	1.056832E+02
2.04693750000E+06	5.706510E-03	1.011415E+02
2.04880625000E+06	5.392256E-03	1.036755E+02
2.05067500000E+06	5.568125E-03	1.012729E+02
2.05254375000E+06	5.407255E-03	1.025667E+02
2.05441250000E+06	5.494876E-03	1.038491E+02
2.05628125000E+06	5.457797E-03	1.014160E+02
2.05815000000E+06	5.580958E-03	1.034292E+02
2.06001875000E+06	5.141828E-03	1.058810E+02
2.06188750000E+06	5.569377E-03	9.934541E+01
2.06375625000E+06	5.609279E-03	1.050319E+02
2.06562500000E+06	5.614776E-03	1.054612E+02
2.06749375000E+06	5.814799E-03	1.026593E+02
2.06936250000E+06	5.521054E-03	1.040220E+02
2.07123125000E+06	5.168988E-03	1.044052E+02
2.07310000000E+06	5.813822E-03	1.015600E+02
2.07496875000E+06	5.548800E-03	1.056419E+02
2.07683750000E+06	5.691436E-03	1.031241E+02
2.07870625000E+06	5.482268E-03	1.021330E+02
2.08057500000E+06	5.690711E-03	1.010071E+02
2.08244375000E+06	5.832824E-03	1.007983E+02
2.08431250000E+06	5.669407E-03	1.045454E+02
2.08618125000E+06	5.541594E-03	1.033477E+02
2.08805000000E+06	5.969466E-03	1.005779E+02
2.08991875000E+06	5.445502E-03	1.030972E+02
2.09178750000E+06	5.507474E-03	9.927920E+01
2.09365625000E+06	5.933961E-03	1.067565E+02
2.09552500000E+06	5.696376E-03	1.000086E+02
2.09739375000E+06	5.754387E-03	1.044251E+02
2.09926250000E+06	5.176804E-03	1.005938E+02
2.10113125000E+06	5.147101E-03	1.052480E+02
2.10300000000E+06	5.439019E-03	1.018381E+02
2.10486875000E+06	5.906054E-03	1.030202E+02
2.10673750000E+06	5.618799E-03	1.044916E+02
2.10860625000E+06	5.436988E-03	1.023665E+02
2.11047500000E+06	5.466495E-03	1.021342E+02
2.11234375000E+06	6.033387E-03	1.038284E+02
2.11421250000E+06	5.929740E-03	1.032915E+02
2.11608125000E+06	5.576761E-03	1.039174E+02
2.11795000000E+06	5.712794E-03	1.011723E+02
2.11981875000E+06	5.497593E-03	1.035491E+02
2.12168750000E+06	5.928943E-03	1.038020E+02
2.12355625000E+06	5.610972E-03	1.034517E+02
2.12542500000E+06	5.715452E-03	1.009038E+02
2.12729375000E+06	5.918658E-03	1.047397E+02
2.12916250000E+06	5.670639E-03	1.050286E+02
2.13103125000E+06	5.470403E-03	1.073755E+02
2.13290000000E+06	5.801247E-03	1.013508E+02
2.13476875000E+06	5.665195E-03	1.054092E+02
2.13663750000E+06	5.479062E-03	1.035591E+02
2.13850625000E+06	5.752432E-03	1.027473E+02
2.14037500000E+06	5.725254E-03	1.032275E+02
2.14224375000E+06	5.742734E-03	9.897495E+01
2.14411250000E+06	5.658164E-03	1.052801E+02
2.14598125000E+06	5.915423E-03	1.007473E+02
2.14785000000E+06	5.713584E-03	1.026466E+02
2.14971875000E+06	5.961171E-03	1.012527E+02
2.15158750000E+06	5.974845E-03	1.032929E+02
2.15345625000E+06	5.777386E-03	1.019859E+02
2.15532500000E+06	5.594397E-03	1.019911E+02
2.15719375000E+06	5.916754E-03	1.018163E+02
2.15906250000E+06	5.919417E-03	1.041115E+02
2.16093125000E+06	5.843201E-03	1.007894E+02
2.16280000000E+06	5.704097E-03	9.949336E+01
2.16466875000E+06	5.855856E-03	1.000786E+02
2.16653750000E+06	5.704064E-03	1.025113E+02
2.16840625000E+06	5.990766E-03	1.041413E+02
2.17027500000E+06	6.038665E-03	1.030608E+02
2.17214375000E+06	5.921138E-03	1.021803E+02
2.17401250000E+06	6.108392E-03	1.011193E+02
2.17588125000E+06	5.496767E-03	1.008198E+02
2.17775000000E+06	5.703099E-03	1.041659E+02
2.17961875000E+06	5.854261E-03	1.019202E+02
2.18148750000E+06	5.899722E-03	1.010154E+02
2.18335625000E+06	5.940980E-03	1.023812E+02
2.18522500000E+06	5.635287E-03	1.008253E+02
2.18709375000E+06	5.952394E-03	1.020884E+02
2.18896250000E+06	5.758344E-03	1.031561E+02
2.19083125000E+06	5.858819E-03	1.025385E+02
2.19270000000E+06	5.988772E-03	1.004483E+02
2.19456875000E+06	6.122058E-03	1.030338E+02
2.19643750000E+06	6.061088E-03	1.005117E+02
2.19830625000E+06	5.904856E-03	1.052476E+02
2.20017500000E+06	5.764097E-03	1.017910E+02
2.20204375000E+06	6.104107E-03	1.019699E+02
2.20391250000E+06	6.014139E-03	9.861234E+01
2.20578125000E+06	5.686942E-03	1.002180E+02
2.20765000000E+06	5.929700E-03	1.024976E+02
2.20951875000E+06	5.884316E-03	1.034071E+02
2.21138750000E+06	6.144949E-03	1.008221E+02
2.21325625000E+06	5.844413E-03	1.036822E+02
2.21512500000E+06	6.009116E-03	9.907566E+01
2.21699375000E+06	5.962836E-03	1.014988E+02
2.21886250000E+06	6.148253E-03	1.000475E+02
2.22073125000E+06	5.882414E-03	1.028262E+02
2.22260000000E+06	6.214879E-03	1.040902E+02
2.22446875000E+06	5.954935E-03	1.027728E+02
2.22633750000E+06	6.102480E-03	1.033520E+02
2.22820625000E+06	5.969163E-03	1.033060E+02
2.23007500000E+06	5.815838E-03	1.022114E+02
2.23194375000E+06	6.041003E-03	9.779301E+01
2.23381250000E+06	6.311679E-03	1.003511E+02
2.23568125000E+06	6.146815E-03	1.017737E+02
2.23755000000E+06	6.190799E-03	1.023431E+02
2.23941875000E+06	5.783168E-03	1.023037E+02
2.24128750000E+06	5.994742E-03	1.022062E+02
2.24315625000E+06	6.186754E-03	1.010766E+02
2.24502500000E+06	6.219170E-03	1.036768E+02
2.24689375000E+06	6.070524E-03	9.988765E+01
2.24876250000E+06	5.966082E-03	9.886224E+01
2.25063125000E+06	6.031399E-03	1.014724E+02
2.25250000000E+06	5.981160E-03	1.033618E+02
2.25436875000E+06	6.417015E-03	1.024751E+02
2.25623750000E+06	6.017510E-03	1.018178E+02
2.25810625000E+06	6.141632E-03	1.008960E+02
2.25997500000E+06	6.360121E-03	9.965225E+01
2.26184375000E+06	6.003525E-03	1.020561E+02
2.26371250000E+06	5.985097E-03	9.907800E+01
2.26558125000E+06	6.030573E-03	1.017947E+02
2.26745000000E+06	6.343501E-03	1.002704E+02
2.26931875000E+06	5.937768E-03	1.009128E+02
2.27118750000E+06	6.175663E-03	1.020765E+02
2.27305625000E+06	6.254924E-03	1.013490E+02
2.27492500000E+06	6.050891E-03	1.007734E+02
2.27679375000E+06	6.028543E-03	1.019680E+02
2.27866250000E+06	6.167593E-03	1.012800E+02
2.28053125000E+06	6.036931E-03	1.030403E+02
2.28240000000E+06	5.946263E-03	1.029826E+02
2.28426875000E+06	5.976674E-03	1.022565E+02
2.28613750000E+06	5.970082E-03	1.018190E+02
2.28800625000E+06	6.037441E-03	1.028686E+02
2.28987500000E+06	5.941666E-03	1.008859E+02
2.29174375000E+06	6.213885E-03	9.999789E+01
2.29361250000E+06	6.047495E-03	1.030219E+02
2.29548125000E+06	5.941433E-03	1.017219E+02
2.29735000000E+06	6.031030E-03	1.047235E+02
2.29921875000E+06	6.206410E-03	1.008416E+02
2.30108750000E+06	6.128989E-03	1.007442E+02
2.30295625000E+06	6.115052E-03	1.009647E+02
2.30482500000E+06	6.623923E-03	1.025336E+02
2.30669375000E+06	5.991770E-03	1.015681E+02
2.30856250000E+06	5.943563E-03	1.027840E+02
2.31043125000E+06	6.179609E-03	9.984965E+01
2.31230000000E+06	5.929691E-03	1.030582E+02
2.31416875000E+06	6.182022E-03	9.986977E+01
2.31603750000E+06	6.247976E-03	1.014987E+02
2.31790625000E+06	6.444729E-03	1.007971E+02
2.31977500000E+06	6.359663E-03	1.015945E+02
2.32164375000E+06	6.139286E-03	1.015381E+02
2.32351250000E+06	6.255766E-03	1.006224E+02
2.32538125000E+06	6.261040E-03	1.024879E+02
2.32725000000E+06	6.392423E-03	1.014750E+02
2.32911875000E+06	6.185784E-03	1.017239E+02
2.33098750000E+06	6.339493E-03	1.026886E+02
2.33285625000E+06	5.992364E-03	9.951086E+01
2.33472500000E+06	6.279584E-03	1.023211E+02
2.33659375000E+06	6.166966E-03	1.018053E+02
2.33846250000E+06	6.436280E-03	9.922793E+01
2.34033125000E+06	6.255292E-03	1.009559E+02
2.34220000000E+06	6.204093E-03	9.952290E+01
2.34406875000E+06	5.967709E-03	1.026658E+02
2.34593750000E+06	6.174198E-03	1.011936E+02
2.34780625000E+06	6.277621E-03	1.017023E+02
2.34967500000E+06	6.219678E-03	9.809068E+01
2.35154375000E+06	6.116308E-03	1.015941E+02
2.35341250000E+06	6.095870E-03	1.043595E+02
2.35528125000E+06	6.275267E-03	1.011442E+02
2.35715000000E+06	6.124455E-03	1.022438E+02
2.35901875000E+06	6.452233E-03	1.028493E+02
2.36088750000E+06	6.183743E-03	1.010482E+02
2.36275625000E+06	6.211257E-03	1.021668E+02
2.36462500000E+06	6.088031E-03	1.042776E+02
2.36649375000E+06	6.259468E-03	1.025854E+02
2.36836250000E+06	6.203420E-03	1.013121E+02
2.37023125000E+06	6.343847E-03	9.984265E+01
2.37210000000E+06	6.422181E-03	1.000829E+02
2.37396875000E+06	6.184204E-03	1.007153E+02
2.37583750000E+06	6.023357E-03	1.001695E+02
2.37770625000E+06	6.052997E-03	9.963320E+01
2.37957500000E+06	6.329475E-03	1.007664E+02
2.38144375000E+06	6.329759E-03	1.009385E+02
2.38331250000E+06	6.561988E-03	1.010995E+02
2.38518125000E+06	6.329144E-03	9.958920E+01
2.38705000000E+06	6.338255E-03	1.014582E+02
2.38891875000E+06	6.242554E-03	1.041981E+02
2.39078750000E+06	6.192558E-03	1.012953E+02
2.39265625000E+06	6.133261E-03	1.015056E+02
2.39452500000E+06	6.325873E-03	9.955674E+01
2.39639375000E+06	6.440956E-03	9.922278E+01
2.39826250000E+06	6.177719E-03	1.031738E+02
2.40013125000E+06	6.452297E-03	1.029376E+02
2.40200000000E+06	6.542821E-03	1.017817E+02
2.40386875000E+06	6.144078E-03	1.011431E+02
2.40573750000E+06	6.531312E-03	1.001894E+02
2.40760625000E+06	6.091383E-03	1.031062E+02
2.40947500000E+06	6.564514E-03	9.929559E+01
2.41134375000E+06	6.174147E-03	1.026640E+02
2.41321250000E+06	6.341472E-03	9.966201E+01
2.41508125000E+06	6.061641E-03	1.010615E+02
2.41695000000E+06	6.528247E-03	1.015955E+02
2.41881875000E+06	6.875974E-03	1.025163E+02
2.42068750000E+06	6.248339E-03	9.859561E+01
2.42255625000E+06	6.335202E-03	1.027208E+02
2.42442500000E+06	6.582201E-03	9.755363E+01
2.42629375000E+06	6.217136E-03	1.008619E+02
2.42816250000E+06	6.199137E-03	1.019620E+02
2.43003125000E+06	6.351758E-03	1.015431E+02
2.43190000000E+06	6.407634E-03	1.002607E+02
2.43376875000E+06	6.595159E-03	1.003629E+02
2.43563750000E+06	6.647138E-03	1.007123E+02
2.43750625000E+06	6.540115E-03	1.038946E+02
2.43937500000E+06	6.222965E-03	1.039092E+02
2.44124375000E+06	6.569000E-03	9.892979E+01
2.44311250000E+06	6.471450E-03	1.024580E+02
2.44498125000E+06	6.613661E-03	1.005090E+02
2.44685000000E+06	6.244231E-03	1.042395E+02
2.44871875000E+06	6.345162E-03	1.021562E+02
2.45058750000E+06	6.260503E-03	9.999000E+01
2.45245625000E+06	6.513754E-03	1.012134E+02
2.45432500000E+06	6.514301E-03	1.016731E+02
2.45619375000E+06	6.664746E-03	1.018616E+02
2.45806250000E+06	6.425776E-03	1.028320E+02
2.45993125000E+06	6.517827E-03	1.014291E+02
2.46180000000E+06	6.772150E-03	1.020610E+02
2.46366875000E+06	6.815827E-03	1.017163E+02
2.46553750000E+06	6.433554E-03	9.851836E+01
2.46740625000E+06	6.476609E-03	1.047404E+02
2.46927500000E+06	6.771595E-03	9.830549E+01
2.47114375000E+06	6.901532E-03	1.041180E+02
2.47301250000E+06	6.380056E-03	1.021491E+02
2.47488125000E+06	6.527134E-03	1.011447E+02
2.47675000000E+06	6.409999E-03	1.016597E+02
2.47861875000E+06	6.035659E-03	1.007398E+02
2.48048750000E+06	6.558408E-03	9.841454E+01
2.48235625000E+06	6.741410E-03	1.014447E+02
2.48422500000E+06	6.645449E-03	1.022705E+02
2.48609375000E+06	6.641541E-03	1.027709E+02
2.48796250000E+06	6.916672E-03	1.006732E+02
2.48983125000E+06	6.450000E-03	9.920163E+01
2.49170000000E+06	6.323651E-03	1.000763E+02
2.49356875000E+06	6.664748E-03	1.023703E+02
2.49543750000E+06	6.414950E-03	1.027807E+02
2.49730625000E+06	6.249708E-03	1.007828E+02
2.49917500000E+06	7.169727E-03	1.025534E+02
2.50104375000E+06	6.374416E-03	1.022451E+02
2.50291250000E+06	6.392165E-03	1.006296E+02
2.50478125000E+06	6.769669E-03	9.987814E+01
2.50665000000E+06	6.495899E-03	9.996561E+01
2.50851875000E+06	6.626497E-03	9.941476E+01
2.51038750000E+06	6.762359E-03	1.002414E+02
2.51225625000E+06	6.692530E-03	1.012756E+02
2.51412500000E+06	6.563023E-03	1.008331E+02
2.51599375000E+06	6.794740E-03	1.008014E+02
2.51786250000E+06	6.959967E-03	9.906652E+01
2.51973125000E+06	6.375628E-03	9.884264E+01
2.52160000000E+06	6.876986E-03	1.029148E+02
2.52346875000E+06	6.717175E-03	1.004278E+02
2.52533750000E+06	6.618749E-03	9.872413E+01
2.52720625000E+06	6.858264E-03	1.014853E+02
2.52907500000E+06	6.548218E-03	1.014658E+02
2.53094375000E+06	6.827087E-03	1.014321E+02
2.53281250000E+06	6.820911E-03	1.011074E+02
2.53468125000E+06	6.602464E-03	9.982310E+01
2.53655000000E+06	6.763685E-03	1.001735E+02
2.53841875000E+06	6.780949E-03	1.011266E+02
2.54028750000E+06	6.723022E-03	1.006731E+02
2.54215625000E+06	6.775650E-03	1.010588E+02
2.54402500000E+06	6.801588E-03	1.001090E+02
2.54589375000E+06	6.554914E-03	9.941426E+01
2.54776250000E+06	6.931117E-03	1.003271E+02
2.54963125000E+06	6.597947E-03	1.002707E+02
2.55150000000E+06	6.713417E-03	1.018770E+02
2.55336875000E+06	6.761619E-03	1.015071E+02
2.55523750000E+06	6.639215E-03	9.793359E+01
2.55710625000E+06	6.669752E-03	1.032176E+02
2.55897500000E+06	6.626906E-03	9.893371E+01
2.56084375000E+06	6.726281E-03	1.016619E+02
2.56271250000E+06	6.814510E-03	1.020414E+02
2.56458125000E+06	6.620365E-03	1.005923E+02
2.56645000000E+06	6.787598E-03	1.025013E+02
2.56831875000E+06	6.681554E-03	1.014768E+02
2.57018750000E+06	6.705711E-03	1.023679E+02
2.57205625000E+06	6.802535E-03	1.040309E+02
2.57392500000E+06	6.812099E-03	1.002917E+02
2.57579375000E+06	6.928276E-03	1.031530E+02
2.57766250000E+06	6.969208E-03	9.976673E+01
2.57953125000E+06	6.660897E-03	1.025817E+02
2.58140000000E+06	6.663200E-03	9.860139E+01
2.58326875000E+06	6.917861E-03	1.011739E+02
2.58513750000E+06	6.772543E-03	1.015128E+02
2.58700625000E+06	6.493055E-03	1.027948E+02
2.58887500000E+06	6.707923E-03	1.026043E+02
2.59074375000E+06	6.700845E-03	1.023922E+02
2.59261250000E+06	6.724982E-03	1.036021E+02
2.59448125000E+06	6.579802E-03	1.026732E+02
2.59635000000E+06	7.046678E-03	1.029446E+02
2.59821875000E+06	6.446624E-03	1.002264E+02
2.60008750000E+06	6.605966E-03	1.004168E+02
2.60195625000E+06	6.899517E-03	1.010269E+02
2.60382500000E+06	6.391348E-03	9.958383E+01
2.60569375000E+06	6.782024E-03	1.009293E+02
2.60756250000E+06	6.889600E-03	9.978579E+01
2.60943125000E+06	6.529772E-03	9.929652E+01
2.61130000000E+06	6.632726E-03	9.920316E+01
2.61316875000E+06	6.990810E-03	1.008769E+02
2.61503750000E+06	6.551864E-03	1.043393E+02
2.61690625000E+06	6.735247E-03	1.004056E+02
2.61877500000E+06	6.847179E-03	1.012077E+02
2.62064375000E+06	6.793007E-03	1.007481E+02
2.62251250000E+06	6.996200E-03	1.004150E+02
2.62438125000E+06	6.822050E-03	1.007063E+02
2.62625000000E+06	6.756785E-03	1.008527E+02
2.62811875000E+06	6.749983E-03	1.035802E+02
2.62998750000E+06	6.991486E-03	1.031701E+02
2.63185625000E+06	6.666126E-03	1.015941E+02
2.63372500000E+06	6.874079E-03	1.017280E+02
2.63559375000E+06	6.619961E-03	1.016493E+02
2.63746250000E+06	6.625296E-03	1.015552E+02
2.63933125000E+06	7.252367E-03	9.975372E+01
2.64120000000E+06	6.960614E-03	1.012018E+02
2.64306875000E+06	6.666442E-03	1.019904E+02
2.64493750000E+06	6.920028E-03	1.001176E+02
2.64680625000E+06	6.654328E-03	1.007197E+02
2.64867500000E+06	6.624464E-03	1.003357E+02
2.65054375000E+06	6.726409E-03	9.967390E+01
2.65241250000E+06	7.172120E-03	1.020351E+02
2.65428125000E+06	6.796935E-03	1.023097E+02
2.65615000000E+06	6.701437E-03	1.002195E+02
2.65801875000E+06	7.048971E-03	1.013714E+02
2.65988750000E+06	6.969145E-03	1.020104E+02
2.66175625000E+06	7.261443E-03	1.006297E+02
2.66362500000E+06	7.020183E-03	9.872917E+01
2.66549375000E+06	6.854171E-03	1.041273E+02
2.66736250000E+06	6.873627E-03	9.945071E+01
2.66923125000E+06	7.121683E-03	9.959545E+01
2.67110000000E+06	7.039044E-03	1.007057E+02
2.67296875000E+06	6.981131E-03	1.001066E+02
2.67483750000E+06	6.768038E-03	1.025387E+02
2.67670625000E+06	6.905571E-03	1.013332E+02
2.67857500000E+06	7.109849E-03	1.014118E+02
2.68044375000E+06	6.678097E-03	1.020934E+02
2.68231250000E+06	6.800554E-03	1.032255E+02
2.68418125000E+06	6.815133E-03	1.011500E+02
2.68605000000E+06	7.391624E-03	1.020800E+02
2.68791875000E+06	6.907480E-03	9.920737E+01
2.68978750000E+06	7.345636E-03	1.029369E+02
2.69165625000E+06	7.072023E-03	1.022498E+02
2.69352500000E+06	6.912388E-03	1.021918E+02
2.69539375000E+06	6.948536E-03	1.009370E+02
2.69726250000E+06	6.819202E-03	1.014770E+02
2.69913125000E+06	6.804942E-03	1.006548E+02
2.70100000000E+06	6.780796E-03	1.010808E+02
2.70286875000E+06	6.882670E-03	1.002800E+02
2.70473750000E+06	6.653233E-03	1.033870E+02
2.70660625000E+06	6.771933E-03	1.044165E+02
2.70847500000E+06	6.893569E-03	1.023825E+02
2.71034375000E+06	7.084921E-03	1.009313E+02
2.71221250000E+06	7.388250E-03	1.032360E+02
2.71408125000E+06	7.014577E-03	1.024832E+02
2.71595000000E+06	7.146416E-03	1.013319E+02
2.71781875000E+06	7.203936E-03	1.024193E+02
2.71968750000E+06	6.862449E-03	1.006132E+02
2.72155625000E+06	7.071051E-03	1.003334E+02
2.72342500000E+06	6.962080E-03	9.992064E+01
2.72529375000E+06	6.810382E-03	1.026879E+02
2.72716250000E+06	6.811842E-03	1.044644E+02
2.72903125000E+06	7.044175E-03	1.007488E+02
2.73090000000E+06	6.993306E-03	1.056616E+02
2.73276875000E+06	7.421482E-03	9.841323E+01
2.73463750000E+06	7.251655E-03	1.003547E+02
2.73650625000E+06	7.130058E-03	1.008468E+02
2.73837500000E+06	7.412646E-03	1.028544E+02
2.74024375000E+06	6.982782E-03	1.002665E+02
2.74211250000E+06	6.992295E-03	9.960429E+01
2.74398125000E+06	7.120417E-03	1.001413E+02
2.74585000000E+06	6.770828E-03	1.016607E+02
2.74771875000E+06	7.081578E-03	1.007648E+02
2.74958750000E+06	6.934950E-03	1.025597E+02
2.75145625000E+06	7.025606E-03	1.008582E+02
2.75332500000E+06	6.995399E-03	9.809969E+01
2.75519375000E+06	7.076450E-03	1.022170E+02
2.75706250000E+06	7.052436E-03	1.026033E+02
2.75893125000E+06	7.046903E-03	1.016787E+02
2.76080000000E+06	6.974970E-03	9.805077E+01
2.76266875000E+06	7.021419E-03	1.021143E+02
2.76453750000E+06	6.659679E-03	1.013813E+02
2.76640625000E+06	7.423185E-03	1.021449E+02
2.76827500000E+06	7.149106E-03	9.972007E+01
2.77014375000E+06	7.063305E-03	1.014353E+02
2.77201250000E+06	7.047096E-03	9.762923E+01
2.77388125000E+06	6.965005E-03	1.019703E+02
2.77575000000E+06	6.974391E-03	9.967487E+01
2.77761875000E+06	7.051618E-03	1.057907E+02
2.77948750000E+06	7.122764E-03	1.031426E+02
2.78135625000E+06	6.989569E-03	1.025238E+02
2.78322500000E+06	7.110426E-03	1.003180E+02
2.78509375000E+06	7.104111E-03	1.009473E+02
2.78696250000E+06	6.823114E-03	1.013905E+02
2.78883125000E+06	7.104685E-03	1.021375E+02
2.79070000000E+06	6.870862E-03	1.005575E+02
2.79256875000E+06	6.696027E-03	9.936079E+01
2.79443750000E+06	7.019800E-03	1.015086E+02
2.79630625000E+06	7.387928E-03	1.016075E+02
2.79817500000E+06	7.092576E-03	1.015262E+02
2.80004375000E+06	6.840056E-03	1.013732E+02
2.80191250000E+06	7.171914E-03	9.918777E+01
2.80378125000E+06	6.907134E-03	1.019649E+02
2.80565000000E+06	6.757829E-03	1.012882E+02
2.80751875000E+06	7.025561E-03	9.982504E+01
2.80938750000E+06	6.965082E-03	1.032380E+02
2.81125625000E+06	7.113408E-03	1.007883E+02
2.81312500000E+06	7.166144E-03	1.012151E+02
2.81499375000E+06	7.058541E-03	1.041552E+02
2.81686250000E+06	7.048198E-03	1.003995E+02
2.81873125000E+06	7.406913E-03	1.012365E+02
2.82060000000E+06	7.238235E-03	1.001739E+02
2.82246875000E+06	7.128541E-03	1.011297E+02
2.82433750000E+06	6.991223E-03	1.012155E+02
2.82620625000E+06	7.160556E-03	1.009568E+02
2.82807500000E+06	6.952038E-03	1.035060E+02
2.82994375000E+06	7.298012E-03	1.024602E+02
2.83181250000E+06	6.995924E-03	1.022917E+02
2.83368125000E+06	7.102546E-03	1.005943E+02
2.83555000000E+06	7.204347E-03	1.018614E+02
2.83741875000E+06	6.928381E-03	1.019534E+02
2.83928750000E+06	6.822203E-03	1.021282E+02
2.84115625000E+06	7.241243E-03	1.028586E+02
2.84302500000E+06	7.198714E-03	1.024747E+02
2.84489375000E+06	6.922195E-03	1.005661E+02
2.84676250000E+06	6.930605E-03	1.021991E+02
2.84863125000E+06	7.124668E-03	1.022096E+02
2.85050000000E+06	6.972619E-03	1.021506E+02
2.85236875000E+06	7.106937E-03	1.022342E+02
2.85423750000E+06	7.182759E-03	9.968046E+01
2.85610625000E+06	7.166645E-03	1.034606E+02
2.85797500000E+06	7.169990E-03	9.950488E+01
2.85984375000E+06	6.989149E-03	1.019408E+02
2.86171250000E+06	6.964194E-03	1.018521E+02
2.86358125000E+06	7.155278E-03	1.045682E+02
2.86545000000E+06	7.099652E-03	9.944473E+01
2.86731875000E+06	7.225089E-03	1.028175E+02
2.86918750000E+06	7.046513E-03	1.025003E+02
2.87105625000E+06	7.325598E-03	1.030396E+02
2.87292500000E+06	7.555625E-03	1.027120E+02
2.87479375000E+06	7.349615E-03	1.017753E+02
2.87666250000E+06	7.397448E-03	1.027162E+02
2.87853125000E+06	7.030334E-03	1.017559E+02
2.88040000000E+06	7.333924E-03	1.029430E+02
2.88226875000E+06	7.157639E-03	9.798215E+01
2.88413750000E+06	7.309887E-03	1.003045E+02
2.88600625000E+06	6.913621E-03	1.010181E+02
2.88787500000E+06	7.286642E-03	1.018697E+02
2.88974375000E+06	7.497043E-03	1.019929E+02
2.89161250000E+06	7.148391E-03	1.021384E+02
2.89348125000E+06	7.199212E-03	1.043023E+02
2.89535000000E+06	7.432468E-03	1.030603E+02
2.89721875000E+06	7.241666E-03	1.026885E+02
2.89908750000E+06	7.440730E-03	1.017051E+02
2.90095625000E+06	7.016910E-03	1.015245E+02
2.90282500000E+06	7.228517E-03	9.922869E+01
2.90469375000E+06	7.354978E-03	1.000437E+02
2.90656250000E+06	7.189901E-03	9.877604E+01
2.90843125000E+06	7.399409E-03	1.032761E+02
2.91030000000E+06	7.130878E-03	1.030436E+02
2.91216875000E+06	7.309281E-03	9.980500E+01
2.91403750000E+06	7.587234E-03	1.021031E+02
2.91590625000E+06	7.336183E-03	1.021307E+02
2.91777500000E+06	7.422661E-03	1.044739E+02
2.91964375000E+06	7.246513E-03	1.027755E+02
2.92151250000E+06	7.464838E-03	1.013391E+02
2.92338125000E+06	7.024248E-03	9.968811E+01
2.92525000000E+06	7.322533E-03	1.018624E+02
2.92711875000E+06	7.547596E-03	1.008023E+02
2.92898750000E+06	7.345564E-03	1.025038E+02
2.93085625000E+06	7.609229E-03	1.006279E+02
2.93272500000E+06	7.746501E-03	1.026394E+02
2.93459375000E+06	7.437205E-03	1.011421E+02
2.93646250000E+06	6.860643E-03	1.046055E+02
2.93833125000E+06	7.197454E-03	1.012583E+02
2.94020000000E+06	7.336116E-03	1.036778E+02
2.94206875000E+06	7.401390E-03	1.018913E+02
2.94393750000E+06	7.427370E-03	1.007570E+02
2.94580625000E+06	7.228981E-03	1.013456E+02
2.94767500000E+06	7.344453E-03	1.023034E+02
2.94954375000E+06	7.578026E-03	1.019138E+02
2.95141250000E+06	7.348366E-03	1.038625E+02
2.95328125000E+06	7.612601E-03	1.036564E+02
2.95515000000E+06	7.189185E-03	1.046451E+02
2.95701875000E+06	7.562747E-03	1.018194E+02
2.95888750000E+06	7.345349E-03	1.038757E+02
2.96075625000E+06	7.553428E-03	1.026749E+02
2.96262500000E+06	7.401671E-03	1.002315E+02
2.96449375000E+06	7.076905E-03	9.988173E+01
2.96636250000E+06	7.445020E-03	1.005039E+02
2.96823125000E+06	7.534352E-03	1.007764E+02
2.97010000000E+06	7.525421E-03	1.022902E+02
2.97196875000E+06	7.234070E-03	1.043808E+02
2.97383750000E+06	7.559234E-03	1.030659E+02
2.97570625000E+06	7.294227E-03	1.029110E+02
2.97757500000E+06	7.208897E-03	1.025346E+02
2.97944375000E+06	7.510765E-03	1.011165E+02
2.98131250000E+06	7.060369E-03	1.041752E+02
2.98318125000E+06	7.154117E-03	1.031009E+02
2.98505000000E+06	7.304227E-03	1.045575E+02
2.98691875000E+06	7.530421E-03	1.026935E+02
2.98878750000E+06	7.471570E-03	1.024599E+02
2.99065625000E+06	7.510770E-03	1.032004E+02
2.99252500000E+06	7.385939E-03	1.029135E+02
2.99439375000E+06	7.370770E-03	1.013129E+02
2.99626250000E+06	7.580310E-03	1.009851E+02
2.99813125000E+06	7.243431E-03	1.039257E+02
3.00000000000E+06	7.120754E-03	1.004043E+02
