"E5100A REV3.14"
"DATE: Jul  3 2004"



"CHANNEL: 2"
"MEASURE TYPE: AR"
"FORMAT TYPE: LINMP"
"NUMBER of POINTS: 1601"
"SWEEP TIME:  3.458 s"
"SWEEP TYPE: LINF"
"SOURCE POWER: 0 dBm"
"IF BANDWIDTH: 500 Hz"

"Frequency"	"Main Array"	"Sub Array"
1.00000000000E+04	1.094028E-02	5.440873E+01
1.18687500000E+04	1.197686E-02	-8.811780E+01
1.37375000000E+04	4.342558E-03	-8.051433E+01
1.56062500000E+04	2.567901E-03	1.191268E+02
1.74750000000E+04	3.720847E-03	2.541290E+01
1.93437500000E+04	3.964350E-03	-5.120847E+01
2.12125000000E+04	3.798548E-03	-2.976738E+01
2.30812500000E+04	2.340108E-03	-3.020700E+01
2.49500000000E+04	3.561107E-03	-8.312714E-01
2.68187500000E+04	3.748432E-03	-3.764363E+01
2.86875000000E+04	3.136520E-03	-2.664283E+01
3.05562500000E+04	3.935868E-03	-1.878159E+01
3.24250000000E+04	2.148741E-03	-6.487791E+01
3.42937500000E+04	2.483953E-03	-8.365065E+00
3.61625000000E+04	1.044759E-03	-4.627957E+01
3.80312500000E+04	8.789871E-04	2.155845E+00
3.99000000000E+04	1.649252E-03	-1.926900E+01
4.17687500000E+04	1.271122E-03	-1.720632E+01
4.36375000000E+04	1.566193E-03	-4.506760E+01
4.55062500000E+04	8.105523E-04	6.440740E+00
4.73750000000E+04	1.860393E-03	-2.341458E+01
4.92437500000E+04	6.612560E-04	-7.711117E+01
5.11125000000E+04	1.327688E-03	-4.506363E+01
5.29812500000E+04	1.179216E-03	-1.154840E+00
5.48500000000E+04	1.040935E-03	-7.644606E+01
5.67187500000E+04	9.708834E-04	-5.012807E+01
5.85875000000E+04	1.575750E-03	-2.858706E+01
6.04562500000E+04	1.149112E-03	-4.176581E+01
6.23250000000E+04	2.363573E-03	-4.654044E+01
6.41937500000E+04	1.189715E-03	-2.330339E+01
6.60625000000E+04	1.332061E-03	-6.032583E+00
6.79312500000E+04	1.754861E-03	-7.046120E+01
6.98000000000E+04	1.411957E-03	-3.206516E+01
7.16687500000E+04	1.025968E-03	-4.729432E+01
7.35375000000E+04	1.576435E-03	-4.169147E+01
7.54062500000E+04	1.339070E-03	-2.746570E+01
7.72750000000E+04	1.275084E-03	-5.627130E+01
7.91437500000E+04	1.048210E-03	-4.242285E+01
8.10125000000E+04	1.160291E-03	-3.109462E+01
8.28812500000E+04	7.621006E-04	-2.334244E+01
8.47500000000E+04	9.097310E-04	-6.580692E+01
8.66187500000E+04	1.240566E-03	-5.342310E+01
8.84875000000E+04	1.442388E-03	-3.436555E+01
9.03562500000E+04	8.726305E-04	-9.437914E+01
9.22250000000E+04	9.407615E-04	-4.517639E+01
9.40937500000E+04	1.196829E-03	-4.728075E+01
9.59625000000E+04	1.134439E-03	-3.210169E+01
9.78312500000E+04	1.065968E-03	-2.773048E+01
9.97000000000E+04	1.246525E-03	-6.240795E+01
1.01568750000E+05	1.060050E-03	-1.738391E+01
1.03437500000E+05	1.369339E-03	-4.779004E+01
1.05306250000E+05	6.978312E-04	7.965639E+01
1.07175000000E+05	9.726344E-04	-3.530105E+01
1.09043750000E+05	1.178908E-03	-1.885145E+01
1.10912500000E+05	1.069864E-03	6.861801E+01
1.12781250000E+05	1.925952E-03	-1.167280E+01
1.14650000000E+05	1.152382E-03	-4.156581E+01
1.16518750000E+05	1.661440E-03	-2.879073E+01
1.18387500000E+05	1.551932E-03	-2.719862E+01
1.20256250000E+05	1.107058E-03	-4.498771E+01
1.22125000000E+05	9.136941E-04	-3.306782E+01
1.23993750000E+05	1.258802E-03	-3.854419E+01
1.25862500000E+05	6.768491E-04	-1.776056E+01
1.27731250000E+05	1.200372E-03	-2.403932E+01
1.29600000000E+05	1.086210E-03	-4.808319E+01
1.31468750000E+05	1.465929E-03	-5.792291E+01
1.33337500000E+05	1.875907E-03	-3.416842E+01
1.35206250000E+05	1.056763E-03	-3.748515E+01
1.37075000000E+05	1.081528E-03	-2.678862E+01
1.38943750000E+05	1.121657E-03	-6.063504E+01
1.40812500000E+05	6.778854E-04	-2.558796E+01
1.42681250000E+05	4.926669E-04	-1.716164E-01
1.44550000000E+05	5.449053E-04	-4.039176E+01
1.46418750000E+05	6.248376E-04	-2.850391E+01
1.48287500000E+05	5.632436E-04	-9.303321E+01
1.50156250000E+05	2.998944E-04	-1.327236E+02
1.52025000000E+05	1.673985E-04	-6.513587E+01
1.53893750000E+05	6.101779E-04	-4.124729E+01
1.55762500000E+05	6.920857E-04	-2.805632E+01
1.57631250000E+05	9.405238E-04	-5.719557E+01
1.59500000000E+05	3.071211E-04	-5.089178E+01
1.61368750000E+05	4.744592E-04	-4.540953E+01
1.63237500000E+05	7.029172E-04	-7.999923E+01
1.65106250000E+05	5.192755E-04	-1.131786E+01
1.66975000000E+05	5.866184E-04	-1.667286E+01
1.68843750000E+05	4.821189E-04	-2.329179E+01
1.70712500000E+05	5.232450E-04	-5.282494E+01
1.72581250000E+05	6.329698E-04	-5.668398E+01
1.74450000000E+05	1.153539E-03	-3.587453E+01
1.76318750000E+05	6.502595E-04	-6.435608E+01
1.78187500000E+05	1.181101E-03	-5.794010E+01
1.80056250000E+05	9.030835E-04	-4.735116E+01
1.81925000000E+05	6.143702E-04	-7.213918E+01
1.83793750000E+05	6.413884E-04	-7.296192E+01
1.85662500000E+05	1.240357E-03	-2.303388E+01
1.87531250000E+05	2.468693E-04	-7.420274E+01
1.89400000000E+05	6.836891E-04	-3.333184E+01
1.91268750000E+05	5.587495E-04	-9.467875E+00
1.93137500000E+05	7.710130E-04	-7.969596E+01
1.95006250000E+05	1.264799E-03	-4.564611E+01
1.96875000000E+05	8.328985E-04	-4.772687E+01
1.98743750000E+05	8.111481E-04	-5.152948E+01
2.00612500000E+05	1.478803E-03	-4.782787E+01
2.02481250000E+05	1.613892E-03	-4.408479E+01
2.04350000000E+05	1.629324E-03	-4.040694E+01
2.06218750000E+05	1.641959E-03	-5.621895E+01
2.08087500000E+05	1.737962E-03	-4.434266E+01
2.09956250000E+05	1.319202E-03	-5.196062E+01
2.11825000000E+05	1.198114E-03	-3.180161E+01
2.13693750000E+05	1.584232E-03	-4.561615E+01
2.15562500000E+05	1.531150E-03	-4.283275E+01
2.17431250000E+05	1.832251E-03	-5.880948E+01
2.19300000000E+05	1.732206E-03	-5.253174E+01
2.21168750000E+05	1.807855E-03	-5.416884E+01
2.23037500000E+05	1.720665E-03	-4.950536E+01
2.24906250000E+05	1.600122E-03	-3.311626E+01
2.26775000000E+05	1.021132E-03	-5.880492E+01
2.28643750000E+05	1.591383E-03	-4.548111E+01
2.30512500000E+05	1.924144E-03	-4.567555E+01
2.32381250000E+05	1.280069E-03	-4.802464E+01
2.34250000000E+05	1.570278E-03	-3.380205E+01
2.36118750000E+05	1.667956E-03	-4.736652E+01
2.37987500000E+05	1.195828E-03	-5.769417E+01
2.39856250000E+05	1.191966E-03	-4.510019E+01
2.41725000000E+05	1.140868E-03	-4.774739E+01
2.43593750000E+05	1.439654E-03	-4.248808E+01
2.45462500000E+05	1.446600E-03	-5.469228E+01
2.47331250000E+05	1.022463E-03	-4.637896E+01
2.49200000000E+05	7.022279E-04	-7.008782E+01
2.51068750000E+05	9.288451E-04	-3.900270E+01
2.52937500000E+05	1.382906E-03	-5.583517E+01
2.54806250000E+05	6.404689E-04	-7.537739E+01
2.56675000000E+05	1.036842E-03	-5.922145E+01
2.58543750000E+05	9.356929E-04	-5.865431E+01
2.60412500000E+05	8.112627E-04	-5.229722E+01
2.62281250000E+05	1.098104E-03	-3.693288E+01
2.64150000000E+05	1.169633E-03	-5.035184E+01
2.66018750000E+05	9.739479E-04	-6.336757E+01
2.67887500000E+05	1.040542E-03	-3.512644E+01
2.69756250000E+05	1.065943E-03	-4.518819E+01
2.71625000000E+05	1.144671E-03	-6.495061E+01
2.73493750000E+05	1.506999E-03	-4.878196E+01
2.75362500000E+05	1.199007E-03	-3.378290E+01
2.77231250000E+05	1.465533E-03	-4.972412E+01
2.79100000000E+05	1.071494E-03	-5.288287E+01
2.80968750000E+05	1.617705E-03	-5.894422E+01
2.82837500000E+05	1.302553E-03	-5.748577E+01
2.84706250000E+05	1.295900E-03	-4.937244E+01
2.86575000000E+05	1.572009E-03	-5.383277E+01
2.88443750000E+05	1.307668E-03	-4.444554E+01
2.90312500000E+05	1.459411E-03	-5.473616E+01
2.92181250000E+05	1.373855E-03	-5.156158E+01
2.94050000000E+05	1.584217E-03	-5.277269E+01
2.95918750000E+05	1.705725E-03	-5.139323E+01
2.97787500000E+05	1.291932E-03	-6.615836E+01
2.99656250000E+05	1.577612E-03	-4.912495E+01
3.01525000000E+05	1.358982E-03	-5.795633E+01
3.03393750000E+05	1.453249E-03	-4.844893E+01
3.05262500000E+05	1.453460E-03	-7.267973E+01
3.07131250000E+05	1.484136E-03	-7.329126E+01
3.09000000000E+05	1.883461E-03	-6.339263E+01
3.10868750000E+05	2.035858E-03	-6.053105E+01
3.12737500000E+05	2.079734E-03	-7.057607E+01
3.14606250000E+05	1.833746E-03	-7.081036E+01
3.16475000000E+05	1.936729E-03	-7.271104E+01
3.18343750000E+05	1.723903E-03	-6.208973E+01
3.20212500000E+05	1.594973E-03	-6.034806E+01
3.22081250000E+05	7.948898E-04	-4.211198E+01
3.23950000000E+05	9.326252E-04	-5.696555E+01
3.25818750000E+05	1.332185E-03	-6.857061E+01
3.27687500000E+05	1.094172E-03	-6.309968E+01
3.29556250000E+05	2.570554E-03	-9.519746E+01
3.31425000000E+05	2.810326E-03	-9.743862E+01
3.33293750000E+05	2.757467E-03	-9.862808E+01
3.35162500000E+05	1.915443E-03	-7.661946E+01
3.37031250000E+05	2.038405E-03	-8.027268E+01
3.38900000000E+05	2.620026E-03	-9.912138E+01
3.40768750000E+05	2.871940E-03	-9.812479E+01
3.42637500000E+05	2.507478E-03	-9.170657E+01
3.44506250000E+05	2.042776E-03	-8.723097E+01
3.46375000000E+05	2.020313E-03	-8.005779E+01
3.48243750000E+05	1.414070E-03	-7.684193E+01
3.50112500000E+05	1.007802E-03	-8.031024E+01
3.51981250000E+05	7.967556E-04	-8.703158E+01
3.53850000000E+05	1.375644E-03	-7.094777E+01
3.55718750000E+05	2.103740E-03	-9.551969E+01
3.57587500000E+05	2.300976E-03	-9.288102E+01
3.59456250000E+05	1.500698E-03	-8.032854E+01
3.61325000000E+05	1.595461E-03	-8.638779E+01
3.63193750000E+05	1.732089E-03	-8.265074E+01
3.65062500000E+05	1.478582E-03	-7.961214E+01
3.66931250000E+05	7.450079E-04	-7.681712E+01
3.68800000000E+05	1.537065E-03	-7.403769E+01
3.70668750000E+05	2.203068E-03	-8.589689E+01
3.72537500000E+05	1.460277E-03	-8.109502E+01
3.74406250000E+05	1.666905E-03	-7.074856E+01
3.76275000000E+05	1.995572E-03	-8.372715E+01
3.78143750000E+05	2.098140E-03	-7.932578E+01
3.80012500000E+05	2.470064E-03	-9.447596E+01
3.81881250000E+05	2.366121E-03	-9.179883E+01
3.83750000000E+05	2.578198E-03	-9.958923E+01
3.85618750000E+05	2.422337E-03	-1.017772E+02
3.87487500000E+05	2.411664E-03	-1.024243E+02
3.89356250000E+05	2.559943E-03	-1.026174E+02
3.91225000000E+05	2.392140E-03	-1.040269E+02
3.93093750000E+05	2.463761E-03	-1.035723E+02
3.94962500000E+05	2.507329E-03	-1.023829E+02
3.96831250000E+05	2.349735E-03	-1.020563E+02
3.98700000000E+05	2.319526E-03	-1.083701E+02
4.00568750000E+05	2.542438E-03	-9.537646E+01
4.02437500000E+05	2.351125E-03	-9.921876E+01
4.04306250000E+05	2.328576E-03	-1.079487E+02
4.06175000000E+05	2.468554E-03	-9.600331E+01
4.08043750000E+05	2.079698E-03	-1.018125E+02
4.09912500000E+05	2.303305E-03	-1.041305E+02
4.11781250000E+05	2.451899E-03	-9.964165E+01
4.13650000000E+05	1.831736E-03	-7.910384E+01
4.15518750000E+05	2.209735E-03	-8.729852E+01
4.17387500000E+05	2.147150E-03	-9.498481E+01
4.19256250000E+05	2.204130E-03	-9.435596E+01
4.21125000000E+05	2.238466E-03	-1.014655E+02
4.22993750000E+05	2.402411E-03	-1.055380E+02
4.24862500000E+05	2.400439E-03	-1.041125E+02
4.26731250000E+05	2.167115E-03	-1.022142E+02
4.28600000000E+05	2.428674E-03	-9.911527E+01
4.30468750000E+05	2.374323E-03	-1.076165E+02
4.32337500000E+05	1.119995E-03	-8.807102E+01
4.34206250000E+05	8.911022E-04	-7.742392E+01
4.36075000000E+05	1.217662E-03	-8.856094E+01
4.37943750000E+05	1.459236E-03	-8.469669E+01
4.39812500000E+05	1.967341E-03	-9.058959E+01
4.41681250000E+05	1.252438E-03	-9.506168E+01
4.43550000000E+05	1.421598E-03	-8.658714E+01
4.45418750000E+05	1.503397E-03	-8.468372E+01
4.47287500000E+05	8.428246E-04	-8.873841E+01
4.49156250000E+05	2.137048E-03	-9.363938E+01
4.51025000000E+05	1.326776E-03	-9.013737E+01
4.52893750000E+05	1.593046E-03	-7.986419E+01
4.54762500000E+05	1.529323E-03	-9.264471E+01
4.56631250000E+05	1.979613E-03	-9.482800E+01
4.58500000000E+05	1.982444E-03	-8.458055E+01
4.60368750000E+05	1.363728E-03	-8.865350E+01
4.62237500000E+05	1.979996E-03	-9.403876E+01
4.64106250000E+05	1.828380E-03	-8.954154E+01
4.65975000000E+05	2.108756E-03	-1.006480E+02
4.67843750000E+05	1.497479E-03	-9.706062E+01
4.69712500000E+05	2.276654E-03	-1.065851E+02
4.71581250000E+05	2.370198E-03	-1.061091E+02
4.73450000000E+05	2.169691E-03	-1.092332E+02
4.75318750000E+05	2.013677E-03	-1.076689E+02
4.77187500000E+05	2.169055E-03	-1.057421E+02
4.79056250000E+05	2.208160E-03	-1.096352E+02
4.80925000000E+05	2.043163E-03	-8.972312E+01
4.82793750000E+05	1.885691E-03	-9.888831E+01
4.84662500000E+05	1.699020E-03	-9.561869E+01
4.86531250000E+05	9.549683E-04	-7.781553E+01
4.88400000000E+05	1.352882E-03	-9.957157E+01
4.90268750000E+05	9.329467E-04	-1.005718E+02
4.92137500000E+05	7.864333E-04	-9.529351E+01
4.94006250000E+05	2.097991E-03	-1.005594E+02
4.95875000000E+05	1.260650E-03	-8.750922E+01
4.97743750000E+05	1.379192E-03	-9.466694E+01
4.99612500000E+05	1.994309E-03	-1.055812E+02
5.01481250000E+05	1.576259E-03	-9.892870E+01
5.03350000000E+05	1.191741E-03	-8.123009E+01
5.05218750000E+05	9.767791E-04	-9.777634E+01
5.07087500000E+05	8.368021E-04	-8.775187E+01
5.08956250000E+05	1.122641E-03	-1.024087E+02
5.10825000000E+05	9.871761E-04	-1.026264E+02
5.12693750000E+05	1.082684E-03	-9.697712E+01
5.14562500000E+05	1.685273E-03	-9.905162E+01
5.16431250000E+05	1.724817E-03	-1.016389E+02
5.18300000000E+05	1.604325E-03	-9.273415E+01
5.20168750000E+05	1.878371E-03	-9.379198E+01
5.22037500000E+05	1.954381E-03	-9.738008E+01
5.23906250000E+05	2.028850E-03	-1.008936E+02
5.25775000000E+05	2.172453E-03	-1.118230E+02
5.27643750000E+05	2.356838E-03	-1.072776E+02
5.29512500000E+05	2.077662E-03	-1.105113E+02
5.31381250000E+05	2.130743E-03	-1.039492E+02
5.33250000000E+05	2.283764E-03	-1.087015E+02
5.35118750000E+05	2.163177E-03	-1.053017E+02
5.36987500000E+05	2.140705E-03	-1.095078E+02
5.38856250000E+05	1.982256E-03	-1.106415E+02
5.40725000000E+05	2.170854E-03	-1.148327E+02
5.42593750000E+05	2.091957E-03	-1.140488E+02
5.44462500000E+05	2.054975E-03	-1.116248E+02
5.46331250000E+05	2.126116E-03	-1.115452E+02
5.48200000000E+05	2.205141E-03	-1.082723E+02
5.50068750000E+05	2.160133E-03	-1.080459E+02
5.51937500000E+05	2.264354E-03	-1.134378E+02
5.53806250000E+05	2.049259E-03	-1.103966E+02
5.55675000000E+05	2.322846E-03	-1.128650E+02
5.57543750000E+05	1.939422E-03	-1.081748E+02
5.59412500000E+05	2.184786E-03	-1.157957E+02
5.61281250000E+05	2.052957E-03	-1.149703E+02
5.63150000000E+05	2.090918E-03	-1.151528E+02
5.65018750000E+05	2.434538E-03	-1.155752E+02
5.66887500000E+05	2.215701E-03	-1.142405E+02
5.68756250000E+05	2.116395E-03	-1.096838E+02
5.70625000000E+05	2.327450E-03	-1.102779E+02
5.72493750000E+05	2.116651E-03	-1.105781E+02
5.74362500000E+05	2.164303E-03	-1.114000E+02
5.76231250000E+05	2.135435E-03	-1.149168E+02
5.78100000000E+05	1.929144E-03	-1.138010E+02
5.79968750000E+05	2.159056E-03	-1.051490E+02
5.81837500000E+05	1.861067E-03	-1.154926E+02
5.83706250000E+05	2.391378E-03	-1.129611E+02
5.85575000000E+05	2.092676E-03	-1.100832E+02
5.87443750000E+05	2.158254E-03	-1.158636E+02
5.89312500000E+05	2.109219E-03	-1.089002E+02
5.91181250000E+05	2.050480E-03	-1.110038E+02
5.93050000000E+05	2.081090E-03	-1.065651E+02
5.94918750000E+05	1.987493E-03	-1.029720E+02
5.96787500000E+05	2.041306E-03	-1.098245E+02
5.98656250000E+05	1.851228E-03	-1.157826E+02
6.00525000000E+05	1.979213E-03	-1.055606E+02
6.02393750000E+05	2.219504E-03	-1.159968E+02
6.04262500000E+05	2.044997E-03	-1.087404E+02
6.06131250000E+05	1.925005E-03	-1.026046E+02
6.08000000000E+05	1.809772E-03	-1.016864E+02
6.09868750000E+05	2.027112E-03	-1.063423E+02
6.11737500000E+05	1.969690E-03	-9.943384E+01
6.13606250000E+05	2.031066E-03	-1.088173E+02
6.15475000000E+05	2.016670E-03	-1.131433E+02
6.17343750000E+05	1.812150E-03	-1.110877E+02
6.19212500000E+05	2.010226E-03	-1.025073E+02
6.21081250000E+05	2.127484E-03	-1.075914E+02
6.22950000000E+05	1.829452E-03	-1.032262E+02
6.24818750000E+05	2.124842E-03	-9.890067E+01
6.26687500000E+05	2.309604E-03	-1.000287E+02
6.28556250000E+05	2.023596E-03	-1.089500E+02
6.30425000000E+05	2.085467E-03	-1.108584E+02
6.32293750000E+05	2.043590E-03	-1.056911E+02
6.34162500000E+05	2.108500E-03	-1.017064E+02
6.36031250000E+05	2.195130E-03	-1.079888E+02
6.37900000000E+05	2.143743E-03	-1.140179E+02
6.39768750000E+05	1.962440E-03	-1.061259E+02
6.41637500000E+05	2.151674E-03	-1.055450E+02
6.43506250000E+05	2.154930E-03	-1.080565E+02
6.45375000000E+05	2.217478E-03	-1.089349E+02
6.47243750000E+05	2.031381E-03	-1.082824E+02
6.49112500000E+05	2.002426E-03	-1.091760E+02
6.50981250000E+05	2.052584E-03	-1.076985E+02
6.52850000000E+05	2.159876E-03	-1.137393E+02
6.54718750000E+05	2.292668E-03	-1.136771E+02
6.56587500000E+05	2.058747E-03	-1.112645E+02
6.58456250000E+05	1.902028E-03	-1.177370E+02
6.60325000000E+05	2.104854E-03	-1.126958E+02
6.62193750000E+05	2.171986E-03	-1.061643E+02
6.64062500000E+05	2.179420E-03	-1.167443E+02
6.65931250000E+05	1.988592E-03	-1.100947E+02
6.67800000000E+05	1.844512E-03	-1.189994E+02
6.69668750000E+05	2.322851E-03	-1.106799E+02
6.71537500000E+05	2.259922E-03	-1.132202E+02
6.73406250000E+05	2.217067E-03	-1.137338E+02
6.75275000000E+05	2.148538E-03	-1.067034E+02
6.77143750000E+05	2.178447E-03	-1.211159E+02
6.79012500000E+05	2.076986E-03	-1.115738E+02
6.80881250000E+05	2.093240E-03	-1.127738E+02
6.82750000000E+05	1.995576E-03	-1.118336E+02
6.84618750000E+05	2.020246E-03	-1.168139E+02
6.86487500000E+05	2.212112E-03	-1.152982E+02
6.88356250000E+05	2.138614E-03	-1.115206E+02
6.90225000000E+05	1.933925E-03	-1.060243E+02
6.92093750000E+05	2.019042E-03	-1.157475E+02
6.93962500000E+05	2.246368E-03	-1.101195E+02
6.95831250000E+05	2.014301E-03	-1.113629E+02
6.97700000000E+05	2.221688E-03	-1.128613E+02
6.99568750000E+05	2.275409E-03	-1.106404E+02
7.01437500000E+05	2.056386E-03	-1.178954E+02
7.03306250000E+05	2.070764E-03	-1.069879E+02
7.05175000000E+05	1.861532E-03	-1.092290E+02
7.07043750000E+05	2.123085E-03	-1.157837E+02
7.08912500000E+05	2.019180E-03	-1.043195E+02
7.10781250000E+05	2.205499E-03	-1.107156E+02
7.12650000000E+05	2.170979E-03	-1.154993E+02
7.14518750000E+05	2.116929E-03	-1.192528E+02
7.16387500000E+05	1.999327E-03	-1.119522E+02
7.18256250000E+05	2.064437E-03	-1.115861E+02
7.20125000000E+05	1.909808E-03	-1.161130E+02
7.21993750000E+05	2.298192E-03	-1.057276E+02
7.23862500000E+05	2.069215E-03	-1.107064E+02
7.25731250000E+05	1.897221E-03	-1.143965E+02
7.27600000000E+05	2.070431E-03	-1.166849E+02
7.29468750000E+05	1.725631E-03	-1.077057E+02
7.31337500000E+05	2.101131E-03	-1.131010E+02
7.33206250000E+05	1.798811E-03	-1.118943E+02
7.35075000000E+05	1.817319E-03	-1.096684E+02
7.36943750000E+05	2.054361E-03	-1.141309E+02
7.38812500000E+05	2.143027E-03	-1.154927E+02
7.40681250000E+05	2.061709E-03	-1.119893E+02
7.42550000000E+05	2.074955E-03	-1.119862E+02
7.44418750000E+05	1.945642E-03	-1.062805E+02
7.46287500000E+05	1.974346E-03	-1.152528E+02
7.48156250000E+05	1.905674E-03	-1.139682E+02
7.50025000000E+05	2.059298E-03	-1.073566E+02
7.51893750000E+05	1.902304E-03	-1.119214E+02
7.53762500000E+05	1.804630E-03	-1.108016E+02
7.55631250000E+05	1.886344E-03	-1.098801E+02
7.57500000000E+05	1.904110E-03	-1.116755E+02
7.59368750000E+05	2.026320E-03	-1.032902E+02
7.61237500000E+05	1.999883E-03	-1.170563E+02
7.63106250000E+05	2.326049E-03	-1.106954E+02
7.64975000000E+05	1.990195E-03	-1.081733E+02
7.66843750000E+05	2.144536E-03	-1.162871E+02
7.68712500000E+05	2.142939E-03	-1.129777E+02
7.70581250000E+05	2.085176E-03	-1.158777E+02
7.72450000000E+05	2.157393E-03	-1.052439E+02
7.74318750000E+05	2.122694E-03	-1.059099E+02
7.76187500000E+05	2.195710E-03	-1.130958E+02
7.78056250000E+05	1.912893E-03	-1.146489E+02
7.79925000000E+05	2.100205E-03	-1.060644E+02
7.81793750000E+05	2.073017E-03	-1.134368E+02
7.83662500000E+05	1.989722E-03	-1.116806E+02
7.85531250000E+05	2.095987E-03	-1.240401E+02
7.87400000000E+05	2.044042E-03	-1.028057E+02
7.89268750000E+05	1.619302E-03	-1.028132E+02
7.91137500000E+05	2.176527E-03	-1.108482E+02
7.93006250000E+05	1.991822E-03	-1.085996E+02
7.94875000000E+05	2.234784E-03	-1.143043E+02
7.96743750000E+05	2.124106E-03	-1.138841E+02
7.98612500000E+05	2.012545E-03	-1.128893E+02
8.00481250000E+05	2.105907E-03	-1.143442E+02
8.02350000000E+05	2.112333E-03	-1.199223E+02
8.04218750000E+05	1.895655E-03	-1.097913E+02
8.06087500000E+05	1.746841E-03	-1.178525E+02
8.07956250000E+05	1.893455E-03	-1.068499E+02
8.09825000000E+05	1.992816E-03	-9.776217E+01
8.11693750000E+05	1.588413E-03	-1.020972E+02
8.13562500000E+05	1.845337E-03	-9.884093E+01
8.15431250000E+05	1.615445E-03	-1.112086E+02
8.17300000000E+05	1.424085E-03	-1.164349E+02
8.19168750000E+05	2.055618E-03	-1.069016E+02
8.21037500000E+05	1.449092E-03	-1.021551E+02
8.22906250000E+05	1.055728E-03	-1.036268E+02
8.24775000000E+05	1.850758E-03	-1.115234E+02
8.26643750000E+05	1.453550E-03	-1.083232E+02
8.28512500000E+05	1.517350E-03	-1.102686E+02
8.30381250000E+05	1.696695E-03	-1.045133E+02
8.32250000000E+05	1.899989E-03	-1.017520E+02
8.34118750000E+05	1.523063E-03	-9.628630E+01
8.35987500000E+05	1.013552E-03	-1.052861E+02
8.37856250000E+05	1.058182E-03	-9.503725E+01
8.39725000000E+05	1.228669E-03	-1.036465E+02
8.41593750000E+05	1.044699E-03	-8.923386E+01
8.43462500000E+05	1.520366E-03	-1.175972E+02
8.45331250000E+05	1.679548E-03	-1.012502E+02
8.47200000000E+05	6.296397E-04	-1.073018E+02
8.49068750000E+05	1.101112E-03	-9.952145E+01
8.50937500000E+05	1.303147E-03	-9.937562E+01
8.52806250000E+05	1.108455E-03	-1.035098E+02
8.54675000000E+05	1.117036E-03	-9.226449E+01
8.56543750000E+05	9.413121E-04	-1.111971E+02
8.58412500000E+05	1.246935E-03	-1.139902E+02
8.60281250000E+05	1.507223E-03	-1.053396E+02
8.62150000000E+05	1.070807E-03	-1.067094E+02
8.64018750000E+05	1.119451E-03	-1.087547E+02
8.65887500000E+05	1.305957E-03	-9.740971E+01
8.67756250000E+05	1.131514E-03	-1.096715E+02
8.69625000000E+05	9.394157E-04	-8.655296E+01
8.71493750000E+05	1.098104E-03	-1.293155E+02
8.73362500000E+05	1.013858E-03	-1.004177E+02
8.75231250000E+05	1.021174E-03	-1.108994E+02
8.77100000000E+05	1.354335E-03	-1.109539E+02
8.78968750000E+05	1.231644E-03	-1.093919E+02
8.80837500000E+05	1.105966E-03	-8.730670E+01
8.82706250000E+05	1.091032E-03	-1.026205E+02
8.84575000000E+05	1.308595E-03	-1.049456E+02
8.86443750000E+05	1.547710E-03	-1.031752E+02
8.88312500000E+05	1.465012E-03	-1.072137E+02
8.90181250000E+05	1.079872E-03	-1.136856E+02
8.92050000000E+05	1.173068E-03	-1.050711E+02
8.93918750000E+05	1.169204E-03	-1.047809E+02
8.95787500000E+05	1.353563E-03	-1.005859E+02
8.97656250000E+05	1.117550E-03	-9.781244E+01
8.99525000000E+05	1.431719E-03	-9.565128E+01
9.01393750000E+05	1.352875E-03	-1.166814E+02
9.03262500000E+05	1.317523E-03	-1.208407E+02
9.05131250000E+05	1.149426E-03	-1.200721E+02
9.07000000000E+05	1.178473E-03	-1.016631E+02
9.08868750000E+05	1.029762E-03	-1.042705E+02
9.10737500000E+05	1.188982E-03	-1.114334E+02
9.12606250000E+05	1.286595E-03	-1.069418E+02
9.14475000000E+05	1.345178E-03	-1.054731E+02
9.16343750000E+05	1.125091E-03	-1.057407E+02
9.18212500000E+05	1.352598E-03	-1.023805E+02
9.20081250000E+05	1.438534E-03	-9.341859E+01
9.21950000000E+05	1.157080E-03	-9.185586E+01
9.23818750000E+05	9.026004E-04	-1.031137E+02
9.25687500000E+05	1.234638E-03	-1.099725E+02
9.27556250000E+05	1.055577E-03	-1.140610E+02
9.29425000000E+05	1.117084E-03	-1.012705E+02
9.31293750000E+05	1.152384E-03	-1.061226E+02
9.33162500000E+05	1.348081E-03	-1.172716E+02
9.35031250000E+05	1.331183E-03	-1.122825E+02
9.36900000000E+05	1.104619E-03	-9.482136E+01
9.38768750000E+05	1.266735E-03	-1.115477E+02
9.40637500000E+05	1.356562E-03	-1.053733E+02
9.42506250000E+05	1.261475E-03	-1.080608E+02
9.44375000000E+05	1.427230E-03	-1.085694E+02
9.46243750000E+05	1.332829E-03	-1.002677E+02
9.48112500000E+05	1.327550E-03	-1.082070E+02
9.49981250000E+05	1.229532E-03	-1.101220E+02
9.51850000000E+05	1.227931E-03	-1.043354E+02
9.53718750000E+05	1.407635E-03	-1.159758E+02
9.55587500000E+05	1.375356E-03	-1.038992E+02
9.57456250000E+05	1.115192E-03	-1.041610E+02
9.59325000000E+05	1.336366E-03	-9.898474E+01
9.61193750000E+05	1.401204E-03	-1.100208E+02
9.63062500000E+05	1.656368E-03	-1.009417E+02
9.64931250000E+05	1.434763E-03	-9.245810E+01
9.66800000000E+05	9.608909E-04	-1.021606E+02
9.68668750000E+05	1.531065E-03	-1.012577E+02
9.70537500000E+05	1.366846E-03	-1.023976E+02
9.72406250000E+05	1.462105E-03	-1.018878E+02
9.74275000000E+05	1.167213E-03	-1.162808E+02
9.76143750000E+05	1.170649E-03	-1.045126E+02
9.78012500000E+05	1.154530E-03	-1.067997E+02
9.79881250000E+05	1.200351E-03	-1.006960E+02
9.81750000000E+05	1.267029E-03	-1.043352E+02
9.83618750000E+05	1.540666E-03	-1.068650E+02
9.85487500000E+05	1.451794E-03	-9.878139E+01
9.87356250000E+05	1.452316E-03	-1.011827E+02
9.89225000000E+05	1.245779E-03	-1.166897E+02
9.91093750000E+05	1.468801E-03	-1.138016E+02
9.92962500000E+05	1.285414E-03	-1.056730E+02
9.94831250000E+05	1.253221E-03	-1.055183E+02
9.96700000000E+05	1.102711E-03	-1.005459E+02
9.98568750000E+05	1.366809E-03	-1.201561E+02
1.00043750000E+06	1.154324E-03	-9.696513E+01
1.00230625000E+06	1.379263E-03	-8.556772E+01
1.00417500000E+06	1.163920E-03	-1.130591E+02
1.00604375000E+06	1.648388E-03	-1.154528E+02
1.00791250000E+06	1.158572E-03	-1.008847E+02
1.00978125000E+06	1.299656E-03	-1.077920E+02
1.01165000000E+06	1.597403E-03	-1.115771E+02
1.01351875000E+06	1.224982E-03	-1.131936E+02
1.01538750000E+06	1.432096E-03	-9.885099E+01
1.01725625000E+06	1.512416E-03	-1.091271E+02
1.01912500000E+06	1.541614E-03	-9.917619E+01
1.02099375000E+06	1.666641E-03	-1.033101E+02
1.02286250000E+06	1.227053E-03	-9.470657E+01
1.02473125000E+06	1.420091E-03	-1.070029E+02
1.02660000000E+06	1.482951E-03	-1.100131E+02
1.02846875000E+06	1.617263E-03	-9.884048E+01
1.03033750000E+06	1.440032E-03	-1.017990E+02
1.03220625000E+06	1.657761E-03	-1.021927E+02
1.03407500000E+06	1.274199E-03	-1.188411E+02
1.03594375000E+06	1.453325E-03	-1.106242E+02
1.03781250000E+06	1.708122E-03	-1.148648E+02
1.03968125000E+06	1.367053E-03	-1.020666E+02
1.04155000000E+06	1.528351E-03	-1.026090E+02
1.04341875000E+06	1.527247E-03	-1.071018E+02
1.04528750000E+06	1.287048E-03	-1.083179E+02
1.04715625000E+06	1.416491E-03	-1.104967E+02
1.04902500000E+06	1.069550E-03	-9.739697E+01
1.05089375000E+06	1.399153E-03	-1.149087E+02
1.05276250000E+06	1.402442E-03	-1.011772E+02
1.05463125000E+06	1.231082E-03	-1.124961E+02
1.05650000000E+06	1.529422E-03	-1.043600E+02
1.05836875000E+06	1.492574E-03	-1.044785E+02
1.06023750000E+06	1.442144E-03	-1.157075E+02
1.06210625000E+06	1.408989E-03	-1.097896E+02
1.06397500000E+06	1.600424E-03	-1.104686E+02
1.06584375000E+06	1.554000E-03	-1.291040E+02
1.06771250000E+06	1.470667E-03	-1.137090E+02
1.06958125000E+06	1.314169E-03	-1.154376E+02
1.07145000000E+06	1.500013E-03	-1.030197E+02
1.07331875000E+06	1.410283E-03	-9.460947E+01
1.07518750000E+06	1.390596E-03	-1.087533E+02
1.07705625000E+06	1.925427E-03	-1.083307E+02
1.07892500000E+06	1.455357E-03	-1.123613E+02
1.08079375000E+06	1.482815E-03	-1.085299E+02
1.08266250000E+06	1.588690E-03	-1.116139E+02
1.08453125000E+06	1.433048E-03	-9.203693E+01
1.08640000000E+06	1.503159E-03	-9.881854E+01
1.08826875000E+06	1.247353E-03	-1.048837E+02
1.09013750000E+06	1.411578E-03	-1.151801E+02
1.09200625000E+06	1.444339E-03	-1.086664E+02
1.09387500000E+06	1.400242E-03	-1.084896E+02
1.09574375000E+06	1.232422E-03	-1.140829E+02
1.09761250000E+06	1.497755E-03	-1.014831E+02
1.09948125000E+06	1.485241E-03	-1.126810E+02
1.10135000000E+06	1.583376E-03	-1.084228E+02
1.10321875000E+06	1.388644E-03	-1.016997E+02
1.10508750000E+06	1.401206E-03	-1.037740E+02
1.10695625000E+06	1.254403E-03	-1.122194E+02
1.10882500000E+06	1.496571E-03	-1.022795E+02
1.11069375000E+06	1.736552E-03	-1.162372E+02
1.11256250000E+06	1.565079E-03	-1.067540E+02
1.11443125000E+06	1.308951E-03	-1.127519E+02
1.11630000000E+06	1.550346E-03	-1.138812E+02
1.11816875000E+06	1.711677E-03	-1.069113E+02
1.12003750000E+06	1.388074E-03	-1.002596E+02
1.12190625000E+06	1.370226E-03	-1.191119E+02
1.12377500000E+06	1.053726E-03	-1.011641E+02
1.12564375000E+06	1.044109E-03	-1.136141E+02
1.12751250000E+06	1.703538E-03	-1.153825E+02
1.12938125000E+06	1.674464E-03	-1.171974E+02
1.13125000000E+06	1.494325E-03	-1.087671E+02
1.13311875000E+06	1.968489E-03	-9.977477E+01
1.13498750000E+06	1.575279E-03	-1.066215E+02
1.13685625000E+06	1.936404E-03	-1.015678E+02
1.13872500000E+06	1.610368E-03	-1.091555E+02
1.14059375000E+06	1.532769E-03	-1.111040E+02
1.14246250000E+06	1.563872E-03	-1.204128E+02
1.14433125000E+06	1.436696E-03	-1.099926E+02
1.14620000000E+06	1.762180E-03	-1.144406E+02
1.14806875000E+06	1.599005E-03	-1.055730E+02
1.14993750000E+06	1.605110E-03	-9.923244E+01
1.15180625000E+06	1.682712E-03	-9.814535E+01
1.15367500000E+06	1.730900E-03	-1.023740E+02
1.15554375000E+06	1.589350E-03	-1.077145E+02
1.15741250000E+06	1.584615E-03	-1.098055E+02
1.15928125000E+06	1.554783E-03	-1.117093E+02
1.16115000000E+06	1.613612E-03	-1.049316E+02
1.16301875000E+06	1.344922E-03	-1.185551E+02
1.16488750000E+06	1.729958E-03	-1.017386E+02
1.16675625000E+06	1.584217E-03	-1.038410E+02
1.16862500000E+06	1.732480E-03	-1.087884E+02
1.17049375000E+06	1.595409E-03	-1.059917E+02
1.17236250000E+06	1.155433E-03	-1.018824E+02
1.17423125000E+06	1.678624E-03	-1.113731E+02
1.17610000000E+06	1.341282E-03	-1.202895E+02
1.17796875000E+06	1.813005E-03	-1.001980E+02
1.17983750000E+06	1.430429E-03	-1.067877E+02
1.18170625000E+06	1.770405E-03	-1.141369E+02
1.18357500000E+06	1.534714E-03	-1.248439E+02
1.18544375000E+06	1.452024E-03	-1.127617E+02
1.18731250000E+06	1.775883E-03	-1.066721E+02
1.18918125000E+06	1.882703E-03	-1.132077E+02
1.19105000000E+06	1.638612E-03	-1.126111E+02
1.19291875000E+06	1.661591E-03	-1.097506E+02
1.19478750000E+06	2.061205E-03	-9.962395E+01
1.19665625000E+06	1.527349E-03	-1.180457E+02
1.19852500000E+06	1.714282E-03	-9.630567E+01
1.20039375000E+06	1.522300E-03	-1.022572E+02
1.20226250000E+06	1.614428E-03	-1.108371E+02
1.20413125000E+06	1.788712E-03	-9.988390E+01
1.20600000000E+06	1.720827E-03	-9.784400E+01
1.20786875000E+06	1.737507E-03	-1.053447E+02
1.20973750000E+06	1.669509E-03	-1.116916E+02
1.21160625000E+06	1.986292E-03	-1.099364E+02
1.21347500000E+06	1.741919E-03	-1.043719E+02
1.21534375000E+06	1.666288E-03	-1.052494E+02
1.21721250000E+06	1.573111E-03	-1.103393E+02
1.21908125000E+06	1.562331E-03	-1.000077E+02
1.22095000000E+06	1.851759E-03	-1.097519E+02
1.22281875000E+06	1.527739E-03	-1.128639E+02
1.22468750000E+06	1.428520E-03	-1.071867E+02
1.22655625000E+06	1.703434E-03	-1.065201E+02
1.22842500000E+06	1.869543E-03	-1.056365E+02
1.23029375000E+06	1.976037E-03	-1.011723E+02
1.23216250000E+06	1.658041E-03	-1.053268E+02
1.23403125000E+06	1.605449E-03	-1.105550E+02
1.23590000000E+06	1.451919E-03	-1.015819E+02
1.23776875000E+06	1.524652E-03	-1.094182E+02
1.23963750000E+06	1.674646E-03	-1.060629E+02
1.24150625000E+06	1.572635E-03	-1.086213E+02
1.24337500000E+06	1.625207E-03	-1.044925E+02
1.24524375000E+06	1.956814E-03	-9.395571E+01
1.24711250000E+06	1.588125E-03	-1.168339E+02
1.24898125000E+06	1.668801E-03	-1.122870E+02
1.25085000000E+06	1.625804E-03	-1.144625E+02
1.25271875000E+06	1.526664E-03	-1.123893E+02
1.25458750000E+06	1.812359E-03	-1.235315E+02
1.25645625000E+06	1.273649E-03	-1.112830E+02
1.25832500000E+06	1.675848E-03	-1.146446E+02
1.26019375000E+06	2.312081E-03	-1.142994E+02
1.26206250000E+06	1.509722E-03	-1.149947E+02
1.26393125000E+06	1.241802E-03	-1.050395E+02
1.26580000000E+06	2.058283E-03	-1.021188E+02
1.26766875000E+06	1.458602E-03	-9.913819E+01
1.26953750000E+06	1.960611E-03	-1.149184E+02
1.27140625000E+06	1.754046E-03	-1.062405E+02
1.27327500000E+06	1.860409E-03	-1.171916E+02
1.27514375000E+06	1.484909E-03	-1.409539E+02
1.27701250000E+06	1.710213E-03	-1.302256E+02
1.27888125000E+06	1.677053E-03	-1.139033E+02
1.28075000000E+06	1.681928E-03	-1.138283E+02
1.28261875000E+06	1.686023E-03	-1.147502E+02
1.28448750000E+06	1.514412E-03	-1.054171E+02
1.28635625000E+06	1.653336E-03	-1.046565E+02
1.28822500000E+06	1.538108E-03	-1.045231E+02
1.29009375000E+06	1.619490E-03	-1.083139E+02
1.29196250000E+06	1.435283E-03	-1.053500E+02
1.29383125000E+06	1.295148E-03	-1.108298E+02
1.29570000000E+06	1.974765E-03	-1.096530E+02
1.29756875000E+06	2.039791E-03	-1.080165E+02
1.29943750000E+06	1.962071E-03	-1.051042E+02
1.30130625000E+06	1.721852E-03	-1.097156E+02
1.30317500000E+06	1.660857E-03	-1.139413E+02
1.30504375000E+06	1.857606E-03	-1.122278E+02
1.30691250000E+06	1.666507E-03	-1.169703E+02
1.30878125000E+06	1.744756E-03	-1.115707E+02
1.31065000000E+06	1.954790E-03	-1.086131E+02
1.31251875000E+06	1.926700E-03	-1.136516E+02
1.31438750000E+06	1.845954E-03	-1.072465E+02
1.31625625000E+06	1.942791E-03	-1.134584E+02
1.31812500000E+06	1.604336E-03	-1.084454E+02
1.31999375000E+06	1.828920E-03	-1.056203E+02
1.32186250000E+06	1.829403E-03	-1.068878E+02
1.32373125000E+06	1.867877E-03	-1.104100E+02
1.32560000000E+06	1.868803E-03	-1.140348E+02
1.32746875000E+06	1.842417E-03	-1.149276E+02
1.32933750000E+06	2.135521E-03	-1.118250E+02
1.33120625000E+06	1.835173E-03	-1.093902E+02
1.33307500000E+06	1.909697E-03	-1.167187E+02
1.33494375000E+06	1.927203E-03	-1.091554E+02
1.33681250000E+06	2.105280E-03	-1.120085E+02
1.33868125000E+06	2.123950E-03	-1.160629E+02
1.34055000000E+06	1.568418E-03	-1.188711E+02
1.34241875000E+06	2.180882E-03	-1.060550E+02
1.34428750000E+06	1.607616E-03	-1.248123E+02
1.34615625000E+06	1.607150E-03	-1.216996E+02
1.34802500000E+06	1.491355E-03	-1.119034E+02
1.34989375000E+06	1.757041E-03	-1.193058E+02
1.35176250000E+06	1.460648E-03	-1.121257E+02
1.35363125000E+06	2.206119E-03	-1.157819E+02
1.35550000000E+06	1.455931E-03	-1.166802E+02
1.35736875000E+06	1.895108E-03	-1.086526E+02
1.35923750000E+06	2.031005E-03	-1.040612E+02
1.36110625000E+06	1.774757E-03	-1.182605E+02
1.36297500000E+06	1.688157E-03	-1.168354E+02
1.36484375000E+06	2.170733E-03	-1.038638E+02
1.36671250000E+06	1.704651E-03	-1.181937E+02
1.36858125000E+06	1.675658E-03	-1.087909E+02
1.37045000000E+06	2.151177E-03	-1.202312E+02
1.37231875000E+06	1.945449E-03	-1.021016E+02
1.37418750000E+06	1.954482E-03	-1.190647E+02
1.37605625000E+06	2.086208E-03	-1.120994E+02
1.37792500000E+06	1.722613E-03	-1.065156E+02
1.37979375000E+06	2.051185E-03	-1.101727E+02
1.38166250000E+06	1.818358E-03	-1.143150E+02
1.38353125000E+06	2.003191E-03	-1.100637E+02
1.38540000000E+06	1.810929E-03	-1.188584E+02
1.38726875000E+06	1.815288E-03	-1.113749E+02
1.38913750000E+06	1.909164E-03	-1.070651E+02
1.39100625000E+06	1.901574E-03	-1.132167E+02
1.39287500000E+06	1.841145E-03	-1.143217E+02
1.39474375000E+06	2.081031E-03	-1.168315E+02
1.39661250000E+06	1.925351E-03	-1.119992E+02
1.39848125000E+06	2.221760E-03	-1.105955E+02
1.40035000000E+06	2.066776E-03	-1.133365E+02
1.40221875000E+06	1.899754E-03	-1.088600E+02
1.40408750000E+06	1.886240E-03	-1.121570E+02
1.40595625000E+06	1.963506E-03	-1.094103E+02
1.40782500000E+06	1.846889E-03	-1.056959E+02
1.40969375000E+06	1.940931E-03	-1.132337E+02
1.41156250000E+06	2.210616E-03	-1.217758E+02
1.41343125000E+06	1.979979E-03	-1.124864E+02
1.41530000000E+06	2.000656E-03	-1.160688E+02
1.41716875000E+06	1.721364E-03	-1.190743E+02
1.41903750000E+06	2.066150E-03	-1.129634E+02
1.42090625000E+06	1.823675E-03	-1.115534E+02
1.42277500000E+06	2.118765E-03	-1.071991E+02
1.42464375000E+06	2.189256E-03	-1.142072E+02
1.42651250000E+06	1.770429E-03	-1.118181E+02
1.42838125000E+06	2.213317E-03	-1.104635E+02
1.43025000000E+06	2.467938E-03	-1.130178E+02
1.43211875000E+06	2.352282E-03	-1.107963E+02
1.43398750000E+06	2.179861E-03	-1.070957E+02
1.43585625000E+06	2.128875E-03	-1.138835E+02
1.43772500000E+06	2.079782E-03	-1.099206E+02
1.43959375000E+06	1.790346E-03	-1.120863E+02
1.44146250000E+06	2.089449E-03	-1.146896E+02
1.44333125000E+06	1.916064E-03	-1.086403E+02
1.44520000000E+06	1.839899E-03	-1.119719E+02
1.44706875000E+06	2.056834E-03	-1.057906E+02
1.44893750000E+06	1.857125E-03	-1.102523E+02
1.45080625000E+06	1.665368E-03	-1.191049E+02
1.45267500000E+06	2.534839E-03	-1.010190E+02
1.45454375000E+06	1.832484E-03	-1.140087E+02
1.45641250000E+06	1.574878E-03	-1.135723E+02
1.45828125000E+06	1.962826E-03	-1.116111E+02
1.46015000000E+06	2.206288E-03	-1.141992E+02
1.46201875000E+06	2.315304E-03	-1.129994E+02
1.46388750000E+06	1.863603E-03	-1.078359E+02
1.46575625000E+06	2.206546E-03	-1.067560E+02
1.46762500000E+06	1.947871E-03	-1.154345E+02
1.46949375000E+06	1.804320E-03	-1.057112E+02
1.47136250000E+06	2.217989E-03	-1.195096E+02
1.47323125000E+06	2.283250E-03	-1.107547E+02
1.47510000000E+06	2.285183E-03	-1.209656E+02
1.47696875000E+06	1.808521E-03	-1.071229E+02
1.47883750000E+06	2.357791E-03	-1.038718E+02
1.48070625000E+06	1.943282E-03	-1.078203E+02
1.48257500000E+06	2.073274E-03	-1.258353E+02
1.48444375000E+06	1.883043E-03	-1.115116E+02
1.48631250000E+06	2.122511E-03	-1.115734E+02
1.48818125000E+06	1.993197E-03	-1.080924E+02
1.49005000000E+06	2.324145E-03	-1.141658E+02
1.49191875000E+06	2.280657E-03	-1.201135E+02
1.49378750000E+06	2.004769E-03	-1.105603E+02
1.49565625000E+06	2.082650E-03	-1.190766E+02
1.49752500000E+06	2.291604E-03	-1.148340E+02
1.49939375000E+06	2.061004E-03	-1.138395E+02
1.50126250000E+06	1.995317E-03	-1.058093E+02
1.50313125000E+06	2.104136E-03	-1.123917E+02
1.50500000000E+06	1.866264E-03	-1.155508E+02
1.50686875000E+06	2.126167E-03	-1.175970E+02
1.50873750000E+06	2.153316E-03	-1.100846E+02
1.51060625000E+06	2.081370E-03	-1.167091E+02
1.51247500000E+06	2.189422E-03	-1.164939E+02
1.51434375000E+06	2.104741E-03	-1.061158E+02
1.51621250000E+06	2.121697E-03	-1.136748E+02
1.51808125000E+06	2.118616E-03	-1.159538E+02
1.51995000000E+06	2.149817E-03	-1.133357E+02
1.52181875000E+06	2.209758E-03	-1.111314E+02
1.52368750000E+06	2.252958E-03	-1.111202E+02
1.52555625000E+06	2.111782E-03	-1.184909E+02
1.52742500000E+06	2.278883E-03	-1.122819E+02
1.52929375000E+06	2.401551E-03	-1.087270E+02
1.53116250000E+06	2.214170E-03	-1.154209E+02
1.53303125000E+06	2.440026E-03	-1.154008E+02
1.53490000000E+06	2.502779E-03	-1.121709E+02
1.53676875000E+06	2.132344E-03	-1.154813E+02
1.53863750000E+06	2.169967E-03	-1.171210E+02
1.54050625000E+06	2.501064E-03	-1.238616E+02
1.54237500000E+06	2.662710E-03	-1.267136E+02
1.54424375000E+06	2.699196E-03	-1.221692E+02
1.54611250000E+06	2.452041E-03	-1.221957E+02
1.54798125000E+06	2.965556E-03	-1.188102E+02
1.54985000000E+06	2.570765E-03	-1.248436E+02
1.55171875000E+06	2.222884E-03	-1.140930E+02
1.55358750000E+06	2.669056E-03	-1.213832E+02
1.55545625000E+06	2.788628E-03	-1.207217E+02
1.55732500000E+06	2.780724E-03	-1.142600E+02
1.55919375000E+06	2.269120E-03	-1.181717E+02
1.56106250000E+06	2.759982E-03	-1.140100E+02
1.56293125000E+06	3.214834E-03	-1.247930E+02
1.56480000000E+06	2.760608E-03	-1.199478E+02
1.56666875000E+06	2.164241E-03	-1.122539E+02
1.56853750000E+06	2.070963E-03	-1.184368E+02
1.57040625000E+06	2.117683E-03	-1.126851E+02
1.57227500000E+06	2.438498E-03	-1.094974E+02
1.57414375000E+06	2.129300E-03	-1.112900E+02
1.57601250000E+06	2.231846E-03	-1.178620E+02
1.57788125000E+06	2.356427E-03	-1.147135E+02
1.57975000000E+06	1.936538E-03	-1.114087E+02
1.58161875000E+06	2.263294E-03	-1.128424E+02
1.58348750000E+06	2.414415E-03	-1.086330E+02
1.58535625000E+06	2.390563E-03	-1.129342E+02
1.58722500000E+06	2.198281E-03	-1.215108E+02
1.58909375000E+06	2.218388E-03	-1.071257E+02
1.59096250000E+06	2.311354E-03	-1.241486E+02
1.59283125000E+06	2.288554E-03	-1.187123E+02
1.59470000000E+06	2.168278E-03	-1.114507E+02
1.59656875000E+06	2.341245E-03	-1.119393E+02
1.59843750000E+06	2.443419E-03	-1.184983E+02
1.60030625000E+06	2.667261E-03	-1.112149E+02
1.60217500000E+06	2.402865E-03	-1.162345E+02
1.60404375000E+06	2.218285E-03	-1.183941E+02
1.60591250000E+06	2.125459E-03	-1.134675E+02
1.60778125000E+06	2.323448E-03	-1.164743E+02
1.60965000000E+06	2.727397E-03	-1.123768E+02
1.61151875000E+06	2.202436E-03	-1.142109E+02
1.61338750000E+06	2.837334E-03	-1.245246E+02
1.61525625000E+06	3.033474E-03	-1.244713E+02
1.61712500000E+06	2.738570E-03	-1.253658E+02
1.61899375000E+06	2.880756E-03	-1.208856E+02
1.62086250000E+06	2.813713E-03	-1.203268E+02
1.62273125000E+06	2.942231E-03	-1.214327E+02
1.62460000000E+06	3.005344E-03	-1.261531E+02
1.62646875000E+06	2.653797E-03	-1.251992E+02
1.62833750000E+06	2.984496E-03	-1.299865E+02
1.63020625000E+06	2.857482E-03	-1.227449E+02
1.63207500000E+06	3.013299E-03	-1.138985E+02
1.63394375000E+06	2.874049E-03	-1.218345E+02
1.63581250000E+06	3.096364E-03	-1.205494E+02
1.63768125000E+06	2.926477E-03	-1.181861E+02
1.63955000000E+06	2.667933E-03	-1.202184E+02
1.64141875000E+06	2.772118E-03	-1.203317E+02
1.64328750000E+06	2.723362E-03	-1.175679E+02
1.64515625000E+06	2.375011E-03	-1.155939E+02
1.64702500000E+06	2.316454E-03	-1.203159E+02
1.64889375000E+06	2.539551E-03	-1.174121E+02
1.65076250000E+06	2.146934E-03	-1.212716E+02
1.65263125000E+06	2.487513E-03	-1.160382E+02
1.65450000000E+06	2.471274E-03	-1.140524E+02
1.65636875000E+06	2.408741E-03	-1.145826E+02
1.65823750000E+06	2.155548E-03	-1.199832E+02
1.66010625000E+06	2.134100E-03	-1.155593E+02
1.66197500000E+06	2.036374E-03	-1.129925E+02
1.66384375000E+06	2.191261E-03	-1.084030E+02
1.66571250000E+06	3.158015E-03	-1.256046E+02
1.66758125000E+06	2.407795E-03	-1.233021E+02
1.66945000000E+06	2.518373E-03	-1.220479E+02
1.67131875000E+06	2.853115E-03	-1.298911E+02
1.67318750000E+06	2.346233E-03	-1.259151E+02
1.67505625000E+06	2.749915E-03	-1.222869E+02
1.67692500000E+06	2.738744E-03	-1.269200E+02
1.67879375000E+06	2.401886E-03	-1.194778E+02
1.68066250000E+06	2.844841E-03	-1.195516E+02
1.68253125000E+06	3.055057E-03	-1.228450E+02
1.68440000000E+06	3.141524E-03	-1.289595E+02
1.68626875000E+06	2.881541E-03	-1.291747E+02
1.68813750000E+06	2.745026E-03	-1.155819E+02
1.69000625000E+06	2.538755E-03	-1.254892E+02
1.69187500000E+06	2.825900E-03	-1.202091E+02
1.69374375000E+06	3.210199E-03	-1.192273E+02
1.69561250000E+06	3.597153E-03	-1.198596E+02
1.69748125000E+06	2.761459E-03	-1.247210E+02
1.69935000000E+06	2.324991E-03	-1.211779E+02
1.70121875000E+06	2.867725E-03	-1.173765E+02
1.70308750000E+06	2.474697E-03	-1.249433E+02
1.70495625000E+06	3.080319E-03	-1.293395E+02
1.70682500000E+06	2.845970E-03	-1.226043E+02
1.70869375000E+06	2.951535E-03	-1.174478E+02
1.71056250000E+06	2.871401E-03	-1.255777E+02
1.71243125000E+06	3.024051E-03	-1.210089E+02
1.71430000000E+06	2.954477E-03	-1.252244E+02
1.71616875000E+06	2.689169E-03	-1.231479E+02
1.71803750000E+06	3.206696E-03	-1.276456E+02
1.71990625000E+06	2.729004E-03	-1.238584E+02
1.72177500000E+06	3.226435E-03	-1.241979E+02
1.72364375000E+06	3.222118E-03	-1.277484E+02
1.72551250000E+06	3.162055E-03	-1.231203E+02
1.72738125000E+06	3.151725E-03	-1.229182E+02
1.72925000000E+06	3.151891E-03	-1.200647E+02
1.73111875000E+06	3.143215E-03	-1.269213E+02
1.73298750000E+06	3.051412E-03	-1.199318E+02
1.73485625000E+06	3.125709E-03	-1.280909E+02
1.73672500000E+06	3.046474E-03	-1.237968E+02
1.73859375000E+06	3.153255E-03	-1.249331E+02
1.74046250000E+06	3.294435E-03	-1.261637E+02
1.74233125000E+06	3.343749E-03	-1.221382E+02
1.74420000000E+06	3.054394E-03	-1.248653E+02
1.74606875000E+06	3.190911E-03	-1.211239E+02
1.74793750000E+06	3.271808E-03	-1.240421E+02
1.74980625000E+06	3.168010E-03	-1.219786E+02
1.75167500000E+06	2.992748E-03	-1.250871E+02
1.75354375000E+06	3.176959E-03	-1.300602E+02
1.75541250000E+06	3.043926E-03	-1.240900E+02
1.75728125000E+06	3.168305E-03	-1.252861E+02
1.75915000000E+06	3.104714E-03	-1.288133E+02
1.76101875000E+06	3.366872E-03	-1.254021E+02
1.76288750000E+06	3.271770E-03	-1.305680E+02
1.76475625000E+06	2.753292E-03	-1.213507E+02
1.76662500000E+06	3.221474E-03	-1.239096E+02
1.76849375000E+06	3.053595E-03	-1.202120E+02
1.77036250000E+06	3.069638E-03	-1.304046E+02
1.77223125000E+06	3.169976E-03	-1.218615E+02
1.77410000000E+06	2.887451E-03	-1.288702E+02
1.77596875000E+06	3.273453E-03	-1.256818E+02
1.77783750000E+06	3.023062E-03	-1.194889E+02
1.77970625000E+06	3.124291E-03	-1.290234E+02
1.78157500000E+06	3.277824E-03	-1.262464E+02
1.78344375000E+06	3.263803E-03	-1.260228E+02
1.78531250000E+06	3.153220E-03	-1.243905E+02
1.78718125000E+06	3.077659E-03	-1.236288E+02
1.78905000000E+06	3.139957E-03	-1.259806E+02
1.79091875000E+06	3.384586E-03	-1.233056E+02
1.79278750000E+06	2.960037E-03	-1.249940E+02
1.79465625000E+06	3.197518E-03	-1.279543E+02
1.79652500000E+06	3.079756E-03	-1.269077E+02
1.79839375000E+06	3.134197E-03	-1.151404E+02
1.80026250000E+06	2.870706E-03	-1.261236E+02
1.80213125000E+06	2.934317E-03	-1.266632E+02
1.80400000000E+06	3.043826E-03	-1.236186E+02
1.80586875000E+06	3.003816E-03	-1.265791E+02
1.80773750000E+06	3.106331E-03	-1.175930E+02
1.80960625000E+06	3.489261E-03	-1.241891E+02
1.81147500000E+06	3.320222E-03	-1.326045E+02
1.81334375000E+06	3.477984E-03	-1.271776E+02
1.81521250000E+06	3.234197E-03	-1.268692E+02
1.81708125000E+06	3.889419E-03	-1.186411E+02
1.81895000000E+06	3.032045E-03	-1.287164E+02
1.82081875000E+06	3.335743E-03	-1.177890E+02
1.82268750000E+06	3.165123E-03	-1.279753E+02
1.82455625000E+06	2.862614E-03	-1.310482E+02
1.82642500000E+06	3.261201E-03	-1.315331E+02
1.82829375000E+06	3.772015E-03	-1.352378E+02
1.83016250000E+06	3.145399E-03	-1.206925E+02
1.83203125000E+06	2.951120E-03	-1.244033E+02
1.83390000000E+06	3.134857E-03	-1.212343E+02
1.83576875000E+06	3.464635E-03	-1.253474E+02
1.83763750000E+06	3.061347E-03	-1.208986E+02
1.83950625000E+06	3.300087E-03	-1.186068E+02
1.84137500000E+06	3.170135E-03	-1.292954E+02
1.84324375000E+06	3.204225E-03	-1.235794E+02
1.84511250000E+06	3.049884E-03	-1.244222E+02
1.84698125000E+06	3.966185E-03	-1.214695E+02
1.84885000000E+06	3.611708E-03	-1.255739E+02
1.85071875000E+06	3.438086E-03	-1.283697E+02
1.85258750000E+06	3.321518E-03	-1.262620E+02
1.85445625000E+06	3.377476E-03	-1.212999E+02
1.85632500000E+06	3.062988E-03	-1.198832E+02
1.85819375000E+06	3.813632E-03	-1.251017E+02
1.86006250000E+06	3.125081E-03	-1.273810E+02
1.86193125000E+06	3.068791E-03	-1.253379E+02
1.86380000000E+06	3.132552E-03	-1.238157E+02
1.86566875000E+06	3.296008E-03	-1.249419E+02
1.86753750000E+06	3.082576E-03	-1.211338E+02
1.86940625000E+06	3.539167E-03	-1.256011E+02
1.87127500000E+06	3.274937E-03	-1.281062E+02
1.87314375000E+06	3.298751E-03	-1.247281E+02
1.87501250000E+06	3.320863E-03	-1.230749E+02
1.87688125000E+06	3.357850E-03	-1.267085E+02
1.87875000000E+06	3.462590E-03	-1.247170E+02
1.88061875000E+06	3.331773E-03	-1.264972E+02
1.88248750000E+06	3.061823E-03	-1.226213E+02
1.88435625000E+06	3.271138E-03	-1.234135E+02
1.88622500000E+06	3.270769E-03	-1.228143E+02
1.88809375000E+06	3.289019E-03	-1.200604E+02
1.88996250000E+06	3.512909E-03	-1.250367E+02
1.89183125000E+06	2.948985E-03	-1.203203E+02
1.89370000000E+06	3.535016E-03	-1.265158E+02
1.89556875000E+06	3.312536E-03	-1.250492E+02
1.89743750000E+06	3.363871E-03	-1.308044E+02
1.89930625000E+06	3.393555E-03	-1.206782E+02
1.90117500000E+06	3.405312E-03	-1.258482E+02
1.90304375000E+06	3.266038E-03	-1.276760E+02
1.90491250000E+06	3.305884E-03	-1.240015E+02
1.90678125000E+06	3.500638E-03	-1.265567E+02
1.90865000000E+06	3.531396E-03	-1.264515E+02
1.91051875000E+06	3.349066E-03	-1.299127E+02
1.91238750000E+06	3.405353E-03	-1.253476E+02
1.91425625000E+06	3.316027E-03	-1.218288E+02
1.91612500000E+06	3.480198E-03	-1.232732E+02
1.91799375000E+06	3.420220E-03	-1.265872E+02
1.91986250000E+06	3.474177E-03	-1.252014E+02
1.92173125000E+06	3.390531E-03	-1.281549E+02
1.92360000000E+06	3.663308E-03	-1.269524E+02
1.92546875000E+06	3.254940E-03	-1.268905E+02
1.92733750000E+06	3.162719E-03	-1.266414E+02
1.92920625000E+06	3.446140E-03	-1.216127E+02
1.93107500000E+06	3.273632E-03	-1.245461E+02
1.93294375000E+06	3.238623E-03	-1.276255E+02
1.93481250000E+06	3.291141E-03	-1.255380E+02
1.93668125000E+06	3.080106E-03	-1.268120E+02
1.93855000000E+06	3.326234E-03	-1.235055E+02
1.94041875000E+06	3.326141E-03	-1.216120E+02
1.94228750000E+06	3.438155E-03	-1.269112E+02
1.94415625000E+06	3.636245E-03	-1.248212E+02
1.94602500000E+06	3.352610E-03	-1.270538E+02
1.94789375000E+06	3.607494E-03	-1.244161E+02
1.94976250000E+06	3.527005E-03	-1.303888E+02
1.95163125000E+06	3.358793E-03	-1.237591E+02
1.95350000000E+06	3.375803E-03	-1.273960E+02
1.95536875000E+06	3.003466E-03	-1.308938E+02
1.95723750000E+06	3.179845E-03	-1.265591E+02
1.95910625000E+06	3.332266E-03	-1.256855E+02
1.96097500000E+06	3.481983E-03	-1.254711E+02
1.96284375000E+06	3.507376E-03	-1.271805E+02
1.96471250000E+06	3.497764E-03	-1.281492E+02
1.96658125000E+06	3.200692E-03	-1.251641E+02
1.96845000000E+06	3.383367E-03	-1.334843E+02
1.97031875000E+06	3.565658E-03	-1.247393E+02
1.97218750000E+06	3.829477E-03	-1.321947E+02
1.97405625000E+06	3.344144E-03	-1.289017E+02
1.97592500000E+06	3.767361E-03	-1.247029E+02
1.97779375000E+06	2.928922E-03	-1.334839E+02
1.97966250000E+06	3.686095E-03	-1.283185E+02
1.98153125000E+06	3.511467E-03	-1.264914E+02
1.98340000000E+06	3.058176E-03	-1.220422E+02
1.98526875000E+06	3.328337E-03	-1.195786E+02
1.98713750000E+06	3.154614E-03	-1.286952E+02
1.98900625000E+06	3.275099E-03	-1.282744E+02
1.99087500000E+06	3.241966E-03	-1.303742E+02
1.99274375000E+06	3.118916E-03	-1.196139E+02
1.99461250000E+06	3.658808E-03	-1.305393E+02
1.99648125000E+06	3.880428E-03	-1.252701E+02
1.99835000000E+06	3.644741E-03	-1.268056E+02
2.00021875000E+06	3.323474E-03	-1.290044E+02
2.00208750000E+06	3.095961E-03	-1.244662E+02
2.00395625000E+06	3.216190E-03	-1.258930E+02
2.00582500000E+06	3.456526E-03	-1.244627E+02
2.00769375000E+06	3.700589E-03	-1.292555E+02
2.00956250000E+06	3.797859E-03	-1.315237E+02
2.01143125000E+06	3.346459E-03	-1.237703E+02
2.01330000000E+06	3.461504E-03	-1.320770E+02
2.01516875000E+06	3.899379E-03	-1.235846E+02
2.01703750000E+06	3.562153E-03	-1.242856E+02
2.01890625000E+06	3.533226E-03	-1.304044E+02
2.02077500000E+06	3.238189E-03	-1.264456E+02
2.02264375000E+06	3.413264E-03	-1.208915E+02
2.02451250000E+06	3.426064E-03	-1.215180E+02
2.02638125000E+06	3.515958E-03	-1.249997E+02
2.02825000000E+06	3.464194E-03	-1.273460E+02
2.03011875000E+06	3.582692E-03	-1.237996E+02
2.03198750000E+06	3.396149E-03	-1.232090E+02
2.03385625000E+06	3.923956E-03	-1.317996E+02
2.03572500000E+06	3.736500E-03	-1.294919E+02
2.03759375000E+06	3.403751E-03	-1.253907E+02
2.03946250000E+06	3.684897E-03	-1.222233E+02
2.04133125000E+06	3.689947E-03	-1.300557E+02
2.04320000000E+06	3.713517E-03	-1.245932E+02
2.04506875000E+06	3.515535E-03	-1.307485E+02
2.04693750000E+06	3.892878E-03	-1.329941E+02
2.04880625000E+06	3.493409E-03	-1.294686E+02
2.05067500000E+06	3.513152E-03	-1.292084E+02
2.05254375000E+06	3.613496E-03	-1.264705E+02
2.05441250000E+06	3.497910E-03	-1.260316E+02
2.05628125000E+06	3.692911E-03	-1.285285E+02
2.05815000000E+06	3.236590E-03	-1.262721E+02
2.06001875000E+06	3.643551E-03	-1.280515E+02
2.06188750000E+06	3.707308E-03	-1.266932E+02
2.06375625000E+06	3.739599E-03	-1.264006E+02
2.06562500000E+06	3.703408E-03	-1.251467E+02
2.06749375000E+06	3.496216E-03	-1.295221E+02
2.06936250000E+06	3.631860E-03	-1.308615E+02
2.07123125000E+06	3.698966E-03	-1.259739E+02
2.07310000000E+06	3.666175E-03	-1.260825E+02
2.07496875000E+06	3.469454E-03	-1.340971E+02
2.07683750000E+06	3.446312E-03	-1.287137E+02
2.07870625000E+06	3.682563E-03	-1.247889E+02
2.08057500000E+06	3.796413E-03	-1.289118E+02
2.08244375000E+06	3.496559E-03	-1.283373E+02
2.08431250000E+06	3.548106E-03	-1.273202E+02
2.08618125000E+06	3.903670E-03	-1.242072E+02
2.08805000000E+06	3.521779E-03	-1.277335E+02
2.08991875000E+06	3.809301E-03	-1.250960E+02
2.09178750000E+06	3.769319E-03	-1.293622E+02
2.09365625000E+06	3.686190E-03	-1.250767E+02
2.09552500000E+06	3.764587E-03	-1.283462E+02
2.09739375000E+06	3.575254E-03	-1.262870E+02
2.09926250000E+06	3.408480E-03	-1.186490E+02
2.10113125000E+06	3.565358E-03	-1.269073E+02
2.10300000000E+06	3.663319E-03	-1.239605E+02
2.10486875000E+06	3.630512E-03	-1.280820E+02
2.10673750000E+06	3.736476E-03	-1.244801E+02
2.10860625000E+06	3.846747E-03	-1.244678E+02
2.11047500000E+06	3.528096E-03	-1.275777E+02
2.11234375000E+06	3.680922E-03	-1.237169E+02
2.11421250000E+06	3.664115E-03	-1.263826E+02
2.11608125000E+06	3.707018E-03	-1.272441E+02
2.11795000000E+06	3.481538E-03	-1.253129E+02
2.11981875000E+06	3.701946E-03	-1.246325E+02
2.12168750000E+06	3.263506E-03	-1.219456E+02
2.12355625000E+06	3.778344E-03	-1.271696E+02
2.12542500000E+06	3.696592E-03	-1.234179E+02
2.12729375000E+06	3.486212E-03	-1.218114E+02
2.12916250000E+06	3.640601E-03	-1.247622E+02
2.13103125000E+06	3.820982E-03	-1.260543E+02
2.13290000000E+06	3.842903E-03	-1.241184E+02
2.13476875000E+06	3.654784E-03	-1.243557E+02
2.13663750000E+06	3.776917E-03	-1.302186E+02
2.13850625000E+06	3.266994E-03	-1.158683E+02
2.14037500000E+06	3.771661E-03	-1.240024E+02
2.14224375000E+06	3.809393E-03	-1.217839E+02
2.14411250000E+06	3.920309E-03	-1.244717E+02
2.14598125000E+06	3.636749E-03	-1.201624E+02
2.14785000000E+06	3.686055E-03	-1.275213E+02
2.14971875000E+06	3.456400E-03	-1.199651E+02
2.15158750000E+06	3.609991E-03	-1.233257E+02
2.15345625000E+06	3.532413E-03	-1.239866E+02
2.15532500000E+06	3.806165E-03	-1.208588E+02
2.15719375000E+06	3.579020E-03	-1.304806E+02
2.15906250000E+06	3.803681E-03	-1.228204E+02
2.16093125000E+06	3.620157E-03	-1.235863E+02
2.16280000000E+06	3.968481E-03	-1.254889E+02
2.16466875000E+06	3.919140E-03	-1.309097E+02
2.16653750000E+06	3.891513E-03	-1.305779E+02
2.16840625000E+06	3.437974E-03	-1.245307E+02
2.17027500000E+06	3.879854E-03	-1.257922E+02
2.17214375000E+06	4.185409E-03	-1.209172E+02
2.17401250000E+06	3.917442E-03	-1.297729E+02
2.17588125000E+06	3.939180E-03	-1.192160E+02
2.17775000000E+06	3.765359E-03	-1.279805E+02
2.17961875000E+06	3.800858E-03	-1.267175E+02
2.18148750000E+06	3.887539E-03	-1.309405E+02
2.18335625000E+06	4.087398E-03	-1.229789E+02
2.18522500000E+06	3.855826E-03	-1.196010E+02
2.18709375000E+06	3.729796E-03	-1.168149E+02
2.18896250000E+06	3.684324E-03	-1.198656E+02
2.19083125000E+06	3.628012E-03	-1.183084E+02
2.19270000000E+06	4.109918E-03	-1.296948E+02
2.19456875000E+06	4.151653E-03	-1.310920E+02
2.19643750000E+06	3.884817E-03	-1.301171E+02
2.19830625000E+06	4.027672E-03	-1.229439E+02
2.20017500000E+06	3.792015E-03	-1.273157E+02
2.20204375000E+06	3.948828E-03	-1.228179E+02
2.20391250000E+06	3.882618E-03	-1.215296E+02
2.20578125000E+06	4.363552E-03	-1.283741E+02
2.20765000000E+06	4.519571E-03	-1.204284E+02
2.20951875000E+06	3.967301E-03	-1.243495E+02
2.21138750000E+06	4.008953E-03	-1.286118E+02
2.21325625000E+06	4.154934E-03	-1.270218E+02
2.21512500000E+06	4.217891E-03	-1.239590E+02
2.21699375000E+06	4.340926E-03	-1.212410E+02
2.21886250000E+06	3.818574E-03	-1.233342E+02
2.22073125000E+06	3.833676E-03	-1.138354E+02
2.22260000000E+06	3.816272E-03	-1.240206E+02
2.22446875000E+06	4.053715E-03	-1.161072E+02
2.22633750000E+06	4.110873E-03	-1.260768E+02
2.22820625000E+06	3.977500E-03	-1.297230E+02
2.23007500000E+06	4.056332E-03	-1.212668E+02
2.23194375000E+06	4.037136E-03	-1.240083E+02
2.23381250000E+06	3.351161E-03	-1.221183E+02
2.23568125000E+06	4.048094E-03	-1.203250E+02
2.23755000000E+06	3.993846E-03	-1.241581E+02
2.23941875000E+06	3.752460E-03	-1.233853E+02
2.24128750000E+06	4.274124E-03	-1.223020E+02
2.24315625000E+06	4.154285E-03	-1.253634E+02
2.24502500000E+06	4.176377E-03	-1.228704E+02
2.24689375000E+06	4.113533E-03	-1.280184E+02
2.24876250000E+06	3.932722E-03	-1.271107E+02
2.25063125000E+06	3.886991E-03	-1.254175E+02
2.25250000000E+06	4.160539E-03	-1.287415E+02
2.25436875000E+06	4.105051E-03	-1.272867E+02
2.25623750000E+06	3.873632E-03	-1.293022E+02
2.25810625000E+06	4.134603E-03	-1.277739E+02
2.25997500000E+06	3.970573E-03	-1.263115E+02
2.26184375000E+06	4.367033E-03	-1.249276E+02
2.26371250000E+06	4.218167E-03	-1.269996E+02
2.26558125000E+06	4.126456E-03	-1.215598E+02
2.26745000000E+06	4.151932E-03	-1.253014E+02
2.26931875000E+06	4.122962E-03	-1.260141E+02
2.27118750000E+06	4.181388E-03	-1.276064E+02
2.27305625000E+06	4.240637E-03	-1.269765E+02
2.27492500000E+06	4.367772E-03	-1.309573E+02
2.27679375000E+06	4.227796E-03	-1.260626E+02
2.27866250000E+06	4.188474E-03	-1.247258E+02
2.28053125000E+06	4.122816E-03	-1.272246E+02
2.28240000000E+06	4.152083E-03	-1.265056E+02
2.28426875000E+06	4.111635E-03	-1.248747E+02
2.28613750000E+06	4.084196E-03	-1.277056E+02
2.28800625000E+06	4.211916E-03	-1.253369E+02
2.28987500000E+06	4.149085E-03	-1.246893E+02
2.29174375000E+06	4.407162E-03	-1.235614E+02
2.29361250000E+06	4.239739E-03	-1.231148E+02
2.29548125000E+06	4.288309E-03	-1.235712E+02
2.29735000000E+06	4.086051E-03	-1.239374E+02
2.29921875000E+06	4.122730E-03	-1.258925E+02
2.30108750000E+06	4.182013E-03	-1.278665E+02
2.30295625000E+06	4.296413E-03	-1.258314E+02
2.30482500000E+06	4.187789E-03	-1.250555E+02
2.30669375000E+06	4.069833E-03	-1.228521E+02
2.30856250000E+06	4.366454E-03	-1.256225E+02
2.31043125000E+06	4.286626E-03	-1.256281E+02
2.31230000000E+06	4.399860E-03	-1.286602E+02
2.31416875000E+06	4.137566E-03	-1.250571E+02
2.31603750000E+06	4.440812E-03	-1.251988E+02
2.31790625000E+06	4.431170E-03	-1.255152E+02
2.31977500000E+06	4.259623E-03	-1.240970E+02
2.32164375000E+06	4.242642E-03	-1.250987E+02
2.32351250000E+06	4.421721E-03	-1.246625E+02
2.32538125000E+06	4.496532E-03	-1.262018E+02
2.32725000000E+06	4.439737E-03	-1.275057E+02
2.32911875000E+06	4.249634E-03	-1.268784E+02
2.33098750000E+06	4.365196E-03	-1.256504E+02
2.33285625000E+06	4.331151E-03	-1.271454E+02
2.33472500000E+06	4.352633E-03	-1.247561E+02
2.33659375000E+06	4.381928E-03	-1.275906E+02
2.33846250000E+06	4.259128E-03	-1.265894E+02
2.34033125000E+06	4.419149E-03	-1.246400E+02
2.34220000000E+06	4.411040E-03	-1.256568E+02
2.34406875000E+06	4.348281E-03	-1.245859E+02
2.34593750000E+06	4.418252E-03	-1.246808E+02
2.34780625000E+06	4.435288E-03	-1.261811E+02
2.34967500000E+06	4.460040E-03	-1.246305E+02
2.35154375000E+06	4.330114E-03	-1.253170E+02
2.35341250000E+06	4.339140E-03	-1.284211E+02
2.35528125000E+06	4.395443E-03	-1.253136E+02
2.35715000000E+06	4.462107E-03	-1.257506E+02
2.35901875000E+06	4.613470E-03	-1.223827E+02
2.36088750000E+06	4.421656E-03	-1.251314E+02
2.36275625000E+06	4.610585E-03	-1.235538E+02
2.36462500000E+06	4.456950E-03	-1.254261E+02
2.36649375000E+06	4.498473E-03	-1.246085E+02
2.36836250000E+06	4.237486E-03	-1.224128E+02
2.37023125000E+06	4.361103E-03	-1.291286E+02
2.37210000000E+06	4.267921E-03	-1.257574E+02
2.37396875000E+06	4.494811E-03	-1.248231E+02
2.37583750000E+06	4.359894E-03	-1.265637E+02
2.37770625000E+06	4.114227E-03	-1.248167E+02
2.37957500000E+06	4.583763E-03	-1.237906E+02
2.38144375000E+06	4.582319E-03	-1.279674E+02
2.38331250000E+06	4.505477E-03	-1.277920E+02
2.38518125000E+06	4.599673E-03	-1.281016E+02
2.38705000000E+06	4.602949E-03	-1.256758E+02
2.38891875000E+06	4.634867E-03	-1.298732E+02
2.39078750000E+06	4.539848E-03	-1.270329E+02
2.39265625000E+06	4.640523E-03	-1.235655E+02
2.39452500000E+06	4.673022E-03	-1.251446E+02
2.39639375000E+06	4.395229E-03	-1.249268E+02
2.39826250000E+06	4.625340E-03	-1.280453E+02
2.40013125000E+06	4.741190E-03	-1.285860E+02
2.40200000000E+06	4.615971E-03	-1.266445E+02
2.40386875000E+06	4.874237E-03	-1.256909E+02
2.40573750000E+06	4.713433E-03	-1.278032E+02
2.40760625000E+06	4.353020E-03	-1.273938E+02
2.40947500000E+06	4.627480E-03	-1.293921E+02
2.41134375000E+06	4.521765E-03	-1.246407E+02
2.41321250000E+06	4.525071E-03	-1.277510E+02
2.41508125000E+06	4.557486E-03	-1.273760E+02
2.41695000000E+06	4.873955E-03	-1.305654E+02
2.41881875000E+06	4.379710E-03	-1.293313E+02
2.42068750000E+06	4.696435E-03	-1.256139E+02
2.42255625000E+06	5.317452E-03	-1.298732E+02
2.42442500000E+06	4.784693E-03	-1.266611E+02
2.42629375000E+06	4.078128E-03	-1.315212E+02
2.42816250000E+06	4.772568E-03	-1.222311E+02
2.43003125000E+06	5.034547E-03	-1.270839E+02
2.43190000000E+06	4.633718E-03	-1.282801E+02
2.43376875000E+06	4.749522E-03	-1.271165E+02
2.43563750000E+06	4.856669E-03	-1.273875E+02
2.43750625000E+06	4.614112E-03	-1.323841E+02
2.43937500000E+06	4.746723E-03	-1.253634E+02
2.44124375000E+06	4.562493E-03	-1.248472E+02
2.44311250000E+06	5.052821E-03	-1.250362E+02
2.44498125000E+06	4.841247E-03	-1.273328E+02
2.44685000000E+06	4.549387E-03	-1.300371E+02
2.44871875000E+06	4.261670E-03	-1.200292E+02
2.45058750000E+06	4.530053E-03	-1.333083E+02
2.45245625000E+06	5.148940E-03	-1.161453E+02
2.45432500000E+06	4.279961E-03	-1.254013E+02
2.45619375000E+06	4.977932E-03	-1.230931E+02
2.45806250000E+06	4.359710E-03	-1.236877E+02
2.45993125000E+06	4.555186E-03	-1.269951E+02
2.46180000000E+06	5.122433E-03	-1.288502E+02
2.46366875000E+06	4.462701E-03	-1.249860E+02
2.46553750000E+06	4.809973E-03	-1.246321E+02
2.46740625000E+06	4.681227E-03	-1.256266E+02
2.46927500000E+06	4.941296E-03	-1.266250E+02
2.47114375000E+06	5.020206E-03	-1.237351E+02
2.47301250000E+06	4.551356E-03	-1.223716E+02
2.47488125000E+06	4.629581E-03	-1.259909E+02
2.47675000000E+06	4.979932E-03	-1.312800E+02
2.47861875000E+06	4.685687E-03	-1.221140E+02
2.48048750000E+06	4.656989E-03	-1.243870E+02
2.48235625000E+06	4.554001E-03	-1.290758E+02
2.48422500000E+06	4.769604E-03	-1.312074E+02
2.48609375000E+06	4.658988E-03	-1.267058E+02
2.48796250000E+06	4.976925E-03	-1.231998E+02
2.48983125000E+06	4.779100E-03	-1.274697E+02
2.49170000000E+06	4.722456E-03	-1.289155E+02
2.49356875000E+06	4.527875E-03	-1.261174E+02
2.49543750000E+06	4.952046E-03	-1.271836E+02
2.49730625000E+06	4.571397E-03	-1.321402E+02
2.49917500000E+06	5.084325E-03	-1.263899E+02
2.50104375000E+06	5.206875E-03	-1.285042E+02
2.50291250000E+06	4.726166E-03	-1.268637E+02
2.50478125000E+06	5.141459E-03	-1.293460E+02
2.50665000000E+06	4.952648E-03	-1.271296E+02
2.50851875000E+06	4.932342E-03	-1.298458E+02
2.51038750000E+06	5.026952E-03	-1.279887E+02
2.51225625000E+06	4.743894E-03	-1.224657E+02
2.51412500000E+06	4.928199E-03	-1.243236E+02
2.51599375000E+06	4.679532E-03	-1.276151E+02
2.51786250000E+06	4.920828E-03	-1.307512E+02
2.51973125000E+06	5.103119E-03	-1.289539E+02
2.52160000000E+06	5.108321E-03	-1.240618E+02
2.52346875000E+06	4.763898E-03	-1.307602E+02
2.52533750000E+06	5.160620E-03	-1.296312E+02
2.52720625000E+06	5.037716E-03	-1.255145E+02
2.52907500000E+06	5.044748E-03	-1.262216E+02
2.53094375000E+06	4.936205E-03	-1.293062E+02
2.53281250000E+06	4.899858E-03	-1.280027E+02
2.53468125000E+06	4.899329E-03	-1.273680E+02
2.53655000000E+06	4.920324E-03	-1.274939E+02
2.53841875000E+06	5.165455E-03	-1.275168E+02
2.54028750000E+06	4.977042E-03	-1.272216E+02
2.54215625000E+06	5.186123E-03	-1.291862E+02
2.54402500000E+06	5.253951E-03	-1.286336E+02
2.54589375000E+06	4.987804E-03	-1.285643E+02
2.54776250000E+06	5.004317E-03	-1.279730E+02
2.54963125000E+06	4.907464E-03	-1.287365E+02
2.55150000000E+06	5.094002E-03	-1.277856E+02
2.55336875000E+06	5.002284E-03	-1.270299E+02
2.55523750000E+06	5.330309E-03	-1.289553E+02
2.55710625000E+06	5.131805E-03	-1.297781E+02
2.55897500000E+06	5.098111E-03	-1.280052E+02
2.56084375000E+06	5.036720E-03	-1.292871E+02
2.56271250000E+06	5.054177E-03	-1.286740E+02
2.56458125000E+06	5.019075E-03	-1.265887E+02
2.56645000000E+06	5.132665E-03	-1.277818E+02
2.56831875000E+06	5.098699E-03	-1.279190E+02
2.57018750000E+06	5.084257E-03	-1.298333E+02
2.57205625000E+06	5.211764E-03	-1.302475E+02
2.57392500000E+06	5.012264E-03	-1.269933E+02
2.57579375000E+06	5.098779E-03	-1.252116E+02
2.57766250000E+06	5.181567E-03	-1.291161E+02
2.57953125000E+06	5.304266E-03	-1.321352E+02
2.58140000000E+06	5.102650E-03	-1.290931E+02
2.58326875000E+06	5.158895E-03	-1.267279E+02
2.58513750000E+06	5.100445E-03	-1.284891E+02
2.58700625000E+06	5.260637E-03	-1.294926E+02
2.58887500000E+06	5.199169E-03	-1.272535E+02
2.59074375000E+06	5.280310E-03	-1.280637E+02
2.59261250000E+06	5.170646E-03	-1.282985E+02
2.59448125000E+06	5.129450E-03	-1.275745E+02
2.59635000000E+06	5.201036E-03	-1.263012E+02
2.59821875000E+06	5.023895E-03	-1.258279E+02
2.60008750000E+06	5.137873E-03	-1.252023E+02
2.60195625000E+06	5.177963E-03	-1.253075E+02
2.60382500000E+06	5.168584E-03	-1.254747E+02
2.60569375000E+06	4.955125E-03	-1.239169E+02
2.60756250000E+06	4.952607E-03	-1.228524E+02
2.60943125000E+06	5.110547E-03	-1.254322E+02
2.61130000000E+06	5.304266E-03	-1.267113E+02
2.61316875000E+06	4.636643E-03	-1.214123E+02
2.61503750000E+06	4.671597E-03	-1.208667E+02
2.61690625000E+06	4.732836E-03	-1.222436E+02
2.61877500000E+06	4.798321E-03	-1.236917E+02
2.62064375000E+06	4.621133E-03	-1.232314E+02
2.62251250000E+06	5.264729E-03	-1.271586E+02
2.62438125000E+06	5.528989E-03	-1.279685E+02
2.62625000000E+06	5.376310E-03	-1.297333E+02
2.62811875000E+06	5.335347E-03	-1.243240E+02
2.62998750000E+06	5.459320E-03	-1.302001E+02
2.63185625000E+06	5.376991E-03	-1.268403E+02
2.63372500000E+06	5.200920E-03	-1.248139E+02
2.63559375000E+06	5.166930E-03	-1.261157E+02
2.63746250000E+06	5.048710E-03	-1.259244E+02
2.63933125000E+06	4.850280E-03	-1.238195E+02
2.64120000000E+06	4.642519E-03	-1.239845E+02
2.64306875000E+06	5.194533E-03	-1.265416E+02
2.64493750000E+06	5.111372E-03	-1.267000E+02
2.64680625000E+06	5.203334E-03	-1.256278E+02
2.64867500000E+06	5.168921E-03	-1.270743E+02
2.65054375000E+06	5.524551E-03	-1.289892E+02
2.65241250000E+06	5.391154E-03	-1.260088E+02
2.65428125000E+06	5.401008E-03	-1.298580E+02
2.65615000000E+06	5.054298E-03	-1.258552E+02
2.65801875000E+06	5.409531E-03	-1.276862E+02
2.65988750000E+06	5.211530E-03	-1.302269E+02
2.66175625000E+06	5.381684E-03	-1.295114E+02
2.66362500000E+06	5.614476E-03	-1.294884E+02
2.66549375000E+06	5.318889E-03	-1.276294E+02
2.66736250000E+06	5.673854E-03	-1.297183E+02
2.66923125000E+06	5.570690E-03	-1.283168E+02
2.67110000000E+06	5.567317E-03	-1.279210E+02
2.67296875000E+06	5.518183E-03	-1.284243E+02
2.67483750000E+06	5.599435E-03	-1.298307E+02
2.67670625000E+06	5.648560E-03	-1.312808E+02
2.67857500000E+06	5.460984E-03	-1.305857E+02
2.68044375000E+06	5.416128E-03	-1.319574E+02
2.68231250000E+06	5.563838E-03	-1.333041E+02
2.68418125000E+06	5.567440E-03	-1.301087E+02
2.68605000000E+06	5.550578E-03	-1.281034E+02
2.68791875000E+06	5.427834E-03	-1.261600E+02
2.68978750000E+06	5.627205E-03	-1.316490E+02
2.69165625000E+06	5.445653E-03	-1.264303E+02
2.69352500000E+06	5.809715E-03	-1.270618E+02
2.69539375000E+06	5.444830E-03	-1.283818E+02
2.69726250000E+06	5.682601E-03	-1.308195E+02
2.69913125000E+06	5.758162E-03	-1.287183E+02
2.70100000000E+06	5.875953E-03	-1.275452E+02
2.70286875000E+06	6.127961E-03	-1.310055E+02
2.70473750000E+06	5.473141E-03	-1.322313E+02
2.70660625000E+06	5.779753E-03	-1.288757E+02
2.70847500000E+06	5.425037E-03	-1.308077E+02
2.71034375000E+06	5.919118E-03	-1.328350E+02
2.71221250000E+06	5.834297E-03	-1.254214E+02
2.71408125000E+06	5.428948E-03	-1.306522E+02
2.71595000000E+06	5.344535E-03	-1.267499E+02
2.71781875000E+06	5.398072E-03	-1.263903E+02
2.71968750000E+06	5.296974E-03	-1.238207E+02
2.72155625000E+06	5.154098E-03	-1.227824E+02
2.72342500000E+06	4.785053E-03	-1.244576E+02
2.72529375000E+06	5.268620E-03	-1.275124E+02
2.72716250000E+06	6.001078E-03	-1.314939E+02
2.72903125000E+06	5.135045E-03	-1.238546E+02
2.73090000000E+06	5.114645E-03	-1.240404E+02
2.73276875000E+06	4.989929E-03	-1.288826E+02
2.73463750000E+06	5.682483E-03	-1.268375E+02
2.73650625000E+06	5.697949E-03	-1.304570E+02
2.73837500000E+06	5.010256E-03	-1.335367E+02
2.74024375000E+06	5.375782E-03	-1.340360E+02
2.74211250000E+06	5.505816E-03	-1.308003E+02
2.74398125000E+06	4.643898E-03	-1.282366E+02
2.74585000000E+06	4.811593E-03	-1.240875E+02
2.74771875000E+06	5.328301E-03	-1.297754E+02
2.74958750000E+06	5.531343E-03	-1.291202E+02
2.75145625000E+06	5.962008E-03	-1.256225E+02
2.75332500000E+06	5.937583E-03	-1.276476E+02
2.75519375000E+06	5.814865E-03	-1.241698E+02
2.75706250000E+06	5.760758E-03	-1.326427E+02
2.75893125000E+06	6.015152E-03	-1.313774E+02
2.76080000000E+06	5.901558E-03	-1.316500E+02
2.76266875000E+06	6.073095E-03	-1.367353E+02
2.76453750000E+06	5.735146E-03	-1.265411E+02
2.76640625000E+06	5.703189E-03	-1.288300E+02
2.76827500000E+06	6.178937E-03	-1.300995E+02
2.77014375000E+06	5.719418E-03	-1.348040E+02
2.77201250000E+06	5.861766E-03	-1.295372E+02
2.77388125000E+06	5.585393E-03	-1.324674E+02
2.77575000000E+06	5.628909E-03	-1.298309E+02
2.77761875000E+06	5.451962E-03	-1.292335E+02
2.77948750000E+06	5.747765E-03	-1.277398E+02
2.78135625000E+06	6.266003E-03	-1.302724E+02
2.78322500000E+06	6.334921E-03	-1.287733E+02
2.78509375000E+06	5.959304E-03	-1.276018E+02
2.78696250000E+06	5.506849E-03	-1.309753E+02
2.78883125000E+06	5.827673E-03	-1.332376E+02
2.79070000000E+06	6.044152E-03	-1.320802E+02
2.79256875000E+06	5.725204E-03	-1.312592E+02
2.79443750000E+06	5.753522E-03	-1.302218E+02
2.79630625000E+06	6.213443E-03	-1.297646E+02
2.79817500000E+06	5.936951E-03	-1.286978E+02
2.80004375000E+06	5.778092E-03	-1.268918E+02
2.80191250000E+06	5.741612E-03	-1.319492E+02
2.80378125000E+06	5.638234E-03	-1.326440E+02
2.80565000000E+06	6.416073E-03	-1.303537E+02
2.80751875000E+06	6.118298E-03	-1.312246E+02
2.80938750000E+06	5.749625E-03	-1.310617E+02
2.81125625000E+06	5.998507E-03	-1.298481E+02
2.81312500000E+06	5.918123E-03	-1.306954E+02
2.81499375000E+06	5.876963E-03	-1.301270E+02
2.81686250000E+06	5.891882E-03	-1.287339E+02
2.81873125000E+06	5.854289E-03	-1.300253E+02
2.82060000000E+06	6.101908E-03	-1.297865E+02
2.82246875000E+06	6.087331E-03	-1.293696E+02
2.82433750000E+06	5.595224E-03	-1.241336E+02
2.82620625000E+06	5.490670E-03	-1.230296E+02
2.82807500000E+06	5.931937E-03	-1.281010E+02
2.82994375000E+06	5.927970E-03	-1.275679E+02
2.83181250000E+06	5.453351E-03	-1.281461E+02
2.83368125000E+06	5.924561E-03	-1.309971E+02
2.83555000000E+06	5.994811E-03	-1.267701E+02
2.83741875000E+06	5.679169E-03	-1.242917E+02
2.83928750000E+06	5.431518E-03	-1.219643E+02
2.84115625000E+06	5.852031E-03	-1.259270E+02
2.84302500000E+06	5.104344E-03	-1.272071E+02
2.84489375000E+06	5.863374E-03	-1.272338E+02
2.84676250000E+06	6.304004E-03	-1.281696E+02
2.84863125000E+06	5.986316E-03	-1.308448E+02
2.85050000000E+06	6.119223E-03	-1.299491E+02
2.85236875000E+06	5.650443E-03	-1.262548E+02
2.85423750000E+06	5.638475E-03	-1.269028E+02
2.85610625000E+06	5.786454E-03	-1.238849E+02
2.85797500000E+06	6.279251E-03	-1.293876E+02
2.85984375000E+06	5.889482E-03	-1.273028E+02
2.86171250000E+06	6.207326E-03	-1.307150E+02
2.86358125000E+06	6.066483E-03	-1.326198E+02
2.86545000000E+06	6.246685E-03	-1.317277E+02
2.86731875000E+06	6.025079E-03	-1.321611E+02
2.86918750000E+06	6.210080E-03	-1.313119E+02
2.87105625000E+06	6.156518E-03	-1.300844E+02
2.87292500000E+06	5.998005E-03	-1.312396E+02
2.87479375000E+06	6.006769E-03	-1.279300E+02
2.87666250000E+06	5.700291E-03	-1.252733E+02
2.87853125000E+06	5.714757E-03	-1.248890E+02
2.88040000000E+06	6.251352E-03	-1.303898E+02
2.88226875000E+06	6.246067E-03	-1.301871E+02
2.88413750000E+06	6.319471E-03	-1.303952E+02
2.88600625000E+06	6.232759E-03	-1.277999E+02
2.88787500000E+06	6.300614E-03	-1.280294E+02
2.88974375000E+06	5.800408E-03	-1.268470E+02
2.89161250000E+06	5.960520E-03	-1.272513E+02
2.89348125000E+06	6.207649E-03	-1.320291E+02
2.89535000000E+06	6.335327E-03	-1.308269E+02
2.89721875000E+06	6.440863E-03	-1.333276E+02
2.89908750000E+06	5.957111E-03	-1.298336E+02
2.90095625000E+06	5.897230E-03	-1.267385E+02
2.90282500000E+06	6.376904E-03	-1.305918E+02
2.90469375000E+06	6.243300E-03	-1.291277E+02
2.90656250000E+06	5.949150E-03	-1.259013E+02
2.90843125000E+06	6.192927E-03	-1.279116E+02
2.91030000000E+06	5.936717E-03	-1.284398E+02
2.91216875000E+06	5.647114E-03	-1.265727E+02
2.91403750000E+06	6.198256E-03	-1.282862E+02
2.91590625000E+06	5.745515E-03	-1.256519E+02
2.91777500000E+06	5.495461E-03	-1.260970E+02
2.91964375000E+06	5.424227E-03	-1.251034E+02
2.92151250000E+06	6.174850E-03	-1.286836E+02
2.92338125000E+06	5.740124E-03	-1.251084E+02
2.92525000000E+06	5.930923E-03	-1.261858E+02
2.92711875000E+06	6.370550E-03	-1.323423E+02
2.92898750000E+06	6.263724E-03	-1.308998E+02
2.93085625000E+06	6.253540E-03	-1.285272E+02
2.93272500000E+06	6.346555E-03	-1.326335E+02
2.93459375000E+06	6.389605E-03	-1.325392E+02
2.93646250000E+06	6.420594E-03	-1.320830E+02
2.93833125000E+06	6.336716E-03	-1.317050E+02
2.94020000000E+06	6.419799E-03	-1.323362E+02
2.94206875000E+06	6.623281E-03	-1.312551E+02
2.94393750000E+06	5.653192E-03	-1.273677E+02
2.94580625000E+06	5.952968E-03	-1.277409E+02
2.94767500000E+06	6.381302E-03	-1.284011E+02
2.94954375000E+06	6.425639E-03	-1.305347E+02
2.95141250000E+06	6.388004E-03	-1.294331E+02
2.95328125000E+06	6.437786E-03	-1.315405E+02
2.95515000000E+06	5.961464E-03	-1.268740E+02
2.95701875000E+06	6.514431E-03	-1.311489E+02
2.95888750000E+06	6.348794E-03	-1.287286E+02
2.96075625000E+06	6.011533E-03	-1.266142E+02
2.96262500000E+06	6.391157E-03	-1.312295E+02
2.96449375000E+06	6.087460E-03	-1.289390E+02
2.96636250000E+06	6.362988E-03	-1.285265E+02
2.96823125000E+06	5.928864E-03	-1.292415E+02
2.97010000000E+06	6.382046E-03	-1.307379E+02
2.97196875000E+06	6.128866E-03	-1.295417E+02
2.97383750000E+06	6.190002E-03	-1.298027E+02
2.97570625000E+06	6.523321E-03	-1.310658E+02
2.97757500000E+06	6.467202E-03	-1.300937E+02
2.97944375000E+06	6.492922E-03	-1.324752E+02
2.98131250000E+06	6.502840E-03	-1.315820E+02
2.98318125000E+06	6.534608E-03	-1.309345E+02
2.98505000000E+06	6.169331E-03	-1.285068E+02
2.98691875000E+06	5.914866E-03	-1.285313E+02
2.98878750000E+06	6.331016E-03	-1.302444E+02
2.99065625000E+06	6.409389E-03	-1.288585E+02
2.99252500000E+06	6.495188E-03	-1.283783E+02
2.99439375000E+06	6.278027E-03	-1.285107E+02
2.99626250000E+06	6.243502E-03	-1.292491E+02
2.99813125000E+06	6.735430E-03	-1.312487E+02
3.00000000000E+06	6.323942E-03	-1.256137E+02
