"E5100A REV3.14"
"DATE: Jul  1 2004"



"CHANNEL: 2"
"MEASURE TYPE: AR"
"FORMAT TYPE: LINMP"
"NUMBER of POINTS: 1601"
"SWEEP TIME:  3.458 s"
"SWEEP TYPE: LINF"
"SOURCE POWER: 0 dBm"
"IF BANDWIDTH: 500 Hz"

"Frequency"	"Main Array"	"Sub Array"
1.00000000000E+04	9.737382E-03	1.323164E+01
1.18687500000E+04	1.534936E-02	1.551692E+02
1.37375000000E+04	3.079258E-03	1.453548E+02
1.56062500000E+04	5.202020E-03	-2.091980E+01
1.74750000000E+04	4.543406E-03	8.039530E+01
1.93437500000E+04	1.977877E-03	1.342160E+02
2.12125000000E+04	7.357698E-04	-8.880701E+01
2.30812500000E+04	1.139695E-03	9.258150E+01
2.49500000000E+04	8.617593E-04	-1.437386E+02
2.68187500000E+04	1.510023E-03	-1.146757E+02
2.86875000000E+04	9.756709E-04	-1.512755E+02
3.05562500000E+04	9.926989E-04	-4.401742E+01
3.24250000000E+04	7.228748E-04	-2.602921E+01
3.42937500000E+04	1.454413E-03	-3.125616E+01
3.61625000000E+04	6.901645E-04	-9.259246E+01
3.80312500000E+04	4.570183E-04	4.224248E+01
3.99000000000E+04	7.599703E-04	-6.531966E+01
4.17687500000E+04	1.265862E-03	-1.148226E+02
4.36375000000E+04	1.476315E-03	-6.829132E+01
4.55062500000E+04	1.481928E-03	-2.149447E+01
4.73750000000E+04	6.292293E-04	-6.129494E+01
4.92437500000E+04	4.835187E-04	2.393126E+01
5.11125000000E+04	1.547741E-03	-6.565302E+01
5.29812500000E+04	1.165568E-03	-8.811945E+01
5.48500000000E+04	6.092569E-04	-1.187367E+02
5.67187500000E+04	1.002663E-03	-9.231206E+01
5.85875000000E+04	1.245650E-03	-1.053271E+02
6.04562500000E+04	1.635662E-03	-7.566251E+01
6.23250000000E+04	1.266995E-03	-8.640886E+01
6.41937500000E+04	1.186597E-03	-1.106748E+02
6.60625000000E+04	1.544056E-03	-3.177310E+01
6.79312500000E+04	5.620217E-04	-1.071270E+02
6.98000000000E+04	4.436765E-04	-1.776966E+01
7.16687500000E+04	6.906970E-04	-9.477586E+01
7.35375000000E+04	1.416441E-03	-8.640709E+01
7.54062500000E+04	1.262254E-03	-8.542963E+01
7.72750000000E+04	1.022383E-03	-5.646508E+01
7.91437500000E+04	1.277827E-03	-5.869096E+01
8.10125000000E+04	1.351690E-03	-8.544524E+01
8.28812500000E+04	1.282923E-03	-8.465261E+01
8.47500000000E+04	1.401490E-03	-6.871825E+01
8.66187500000E+04	1.510125E-03	-8.949392E+01
8.84875000000E+04	1.239216E-03	-7.551961E+01
9.03562500000E+04	1.237277E-03	-6.910999E+01
9.22250000000E+04	1.198194E-03	-9.899689E+01
9.40937500000E+04	1.392033E-03	-1.062165E+02
9.59625000000E+04	1.299137E-03	-8.877784E+01
9.78312500000E+04	1.715151E-03	-8.912994E+01
9.97000000000E+04	1.653563E-03	-1.006239E+02
1.01568750000E+05	1.683008E-03	-8.544931E+01
1.03437500000E+05	1.919565E-03	-1.066556E+02
1.05306250000E+05	1.582662E-03	-1.438499E+02
1.07175000000E+05	1.598564E-03	-8.708192E+01
1.09043750000E+05	1.602661E-03	-8.551958E+01
1.10912500000E+05	3.070270E-03	-1.097661E+02
1.12781250000E+05	1.535463E-03	-7.532494E+01
1.14650000000E+05	1.695141E-03	-9.467695E+01
1.16518750000E+05	1.847620E-03	-8.300298E+01
1.18387500000E+05	1.562582E-03	-6.931884E+01
1.20256250000E+05	1.622607E-03	-6.800129E+01
1.22125000000E+05	1.814148E-03	-8.577731E+01
1.23993750000E+05	2.103996E-03	-8.656525E+01
1.25862500000E+05	1.508973E-03	-9.036091E+01
1.27731250000E+05	2.082536E-03	-9.277667E+01
1.29600000000E+05	1.617430E-03	-9.302094E+01
1.31468750000E+05	1.739525E-03	-8.411729E+01
1.33337500000E+05	2.105234E-03	-9.872059E+01
1.35206250000E+05	2.105576E-03	-9.175951E+01
1.37075000000E+05	2.346393E-03	-7.921387E+01
1.38943750000E+05	2.036773E-03	-7.946112E+01
1.40812500000E+05	1.932120E-03	-7.438026E+01
1.42681250000E+05	1.726692E-03	-7.390937E+01
1.44550000000E+05	2.023595E-03	-8.036521E+01
1.46418750000E+05	1.889466E-03	-1.030094E+02
1.48287500000E+05	1.857881E-03	-9.593010E+01
1.50156250000E+05	2.286408E-03	-1.018359E+02
1.52025000000E+05	1.770215E-03	-9.811705E+01
1.53893750000E+05	2.220867E-03	-9.181777E+01
1.55762500000E+05	2.206447E-03	-9.043837E+01
1.57631250000E+05	2.340613E-03	-7.865149E+01
1.59500000000E+05	2.343730E-03	-9.017248E+01
1.61368750000E+05	2.537580E-03	-8.028267E+01
1.63237500000E+05	2.659667E-03	-8.708462E+01
1.65106250000E+05	2.544561E-03	-8.912218E+01
1.66975000000E+05	2.197993E-03	-8.112615E+01
1.68843750000E+05	1.891801E-03	-8.159027E+01
1.70712500000E+05	2.462280E-03	-8.417595E+01
1.72581250000E+05	2.454192E-03	-8.577990E+01
1.74450000000E+05	2.691039E-03	-8.460416E+01
1.76318750000E+05	2.208135E-03	-8.915380E+01
1.78187500000E+05	2.726917E-03	-9.643862E+01
1.80056250000E+05	2.115523E-03	-8.859789E+01
1.81925000000E+05	2.593175E-03	-9.320157E+01
1.83793750000E+05	2.732774E-03	-9.026523E+01
1.85662500000E+05	2.404930E-03	-8.327282E+01
1.87531250000E+05	2.340988E-03	-8.315327E+01
1.89400000000E+05	2.117874E-03	-9.251013E+01
1.91268750000E+05	2.771181E-03	-8.886791E+01
1.93137500000E+05	2.403389E-03	-9.033777E+01
1.95006250000E+05	2.785170E-03	-8.990579E+01
1.96875000000E+05	3.034125E-03	-9.168926E+01
1.98743750000E+05	2.710865E-03	-9.231932E+01
2.00612500000E+05	3.016095E-03	-9.139410E+01
2.02481250000E+05	2.783692E-03	-8.798943E+01
2.04350000000E+05	2.632215E-03	-8.907659E+01
2.06218750000E+05	2.908831E-03	-9.362523E+01
2.08087500000E+05	2.683183E-03	-9.163042E+01
2.09956250000E+05	2.833525E-03	-8.971159E+01
2.11825000000E+05	3.210216E-03	-8.215549E+01
2.13693750000E+05	3.296974E-03	-9.052338E+01
2.15562500000E+05	3.061369E-03	-9.346854E+01
2.17431250000E+05	3.049650E-03	-9.312418E+01
2.19300000000E+05	3.129274E-03	-9.842846E+01
2.21168750000E+05	3.100270E-03	-8.568708E+01
2.23037500000E+05	3.089165E-03	-8.973871E+01
2.24906250000E+05	3.228926E-03	-9.134401E+01
2.26775000000E+05	3.152708E-03	-8.758403E+01
2.28643750000E+05	2.968072E-03	-8.760517E+01
2.30512500000E+05	3.268196E-03	-8.599335E+01
2.32381250000E+05	2.883017E-03	-9.259496E+01
2.34250000000E+05	3.083214E-03	-9.098374E+01
2.36118750000E+05	3.459491E-03	-9.568428E+01
2.37987500000E+05	3.385451E-03	-9.304350E+01
2.39856250000E+05	3.247471E-03	-8.864725E+01
2.41725000000E+05	3.526205E-03	-9.225496E+01
2.43593750000E+05	3.540402E-03	-9.307510E+01
2.45462500000E+05	3.727559E-03	-9.313211E+01
2.47331250000E+05	3.564342E-03	-8.449799E+01
2.49200000000E+05	3.752039E-03	-8.805165E+01
2.51068750000E+05	3.561689E-03	-9.323975E+01
2.52937500000E+05	3.570447E-03	-9.159371E+01
2.54806250000E+05	3.419622E-03	-8.873146E+01
2.56675000000E+05	3.172318E-03	-9.289352E+01
2.58543750000E+05	3.567277E-03	-8.855858E+01
2.60412500000E+05	3.692552E-03	-9.256292E+01
2.62281250000E+05	3.487636E-03	-9.100037E+01
2.64150000000E+05	4.073199E-03	-8.489297E+01
2.66018750000E+05	3.559828E-03	-8.975758E+01
2.67887500000E+05	3.821582E-03	-8.971484E+01
2.69756250000E+05	3.708638E-03	-1.000701E+02
2.71625000000E+05	3.530972E-03	-9.262501E+01
2.73493750000E+05	3.995564E-03	-9.451744E+01
2.75362500000E+05	3.850860E-03	-9.227789E+01
2.77231250000E+05	3.837136E-03	-9.260918E+01
2.79100000000E+05	4.294451E-03	-9.279900E+01
2.80968750000E+05	3.825089E-03	-8.946903E+01
2.82837500000E+05	4.063123E-03	-8.953109E+01
2.84706250000E+05	3.705225E-03	-9.098644E+01
2.86575000000E+05	4.038699E-03	-8.793338E+01
2.88443750000E+05	4.025665E-03	-8.947070E+01
2.90312500000E+05	4.238644E-03	-8.736206E+01
2.92181250000E+05	4.268656E-03	-9.440204E+01
2.94050000000E+05	4.245414E-03	-8.911844E+01
2.95918750000E+05	4.114087E-03	-9.097914E+01
2.97787500000E+05	3.961958E-03	-9.394208E+01
2.99656250000E+05	4.300404E-03	-8.899368E+01
3.01525000000E+05	4.180217E-03	-9.290524E+01
3.03393750000E+05	4.059823E-03	-9.231873E+01
3.05262500000E+05	4.341133E-03	-8.836862E+01
3.07131250000E+05	4.147765E-03	-8.995636E+01
3.09000000000E+05	4.250938E-03	-9.008260E+01
3.10868750000E+05	4.166218E-03	-9.095909E+01
3.12737500000E+05	4.375251E-03	-9.118412E+01
3.14606250000E+05	4.298826E-03	-8.935645E+01
3.16475000000E+05	4.614307E-03	-9.134300E+01
3.18343750000E+05	4.221270E-03	-9.221185E+01
3.20212500000E+05	4.734829E-03	-9.246425E+01
3.22081250000E+05	4.367980E-03	-9.099854E+01
3.23950000000E+05	4.249049E-03	-9.287035E+01
3.25818750000E+05	4.632470E-03	-9.095689E+01
3.27687500000E+05	4.520228E-03	-8.790430E+01
3.29556250000E+05	4.569483E-03	-8.928727E+01
3.31425000000E+05	4.507361E-03	-9.093787E+01
3.33293750000E+05	4.488711E-03	-9.098133E+01
3.35162500000E+05	4.346040E-03	-9.036137E+01
3.37031250000E+05	4.687801E-03	-8.970415E+01
3.38900000000E+05	4.613605E-03	-9.177535E+01
3.40768750000E+05	5.020912E-03	-9.070049E+01
3.42637500000E+05	4.654389E-03	-9.042067E+01
3.44506250000E+05	4.681027E-03	-9.136909E+01
3.46375000000E+05	4.758517E-03	-9.151122E+01
3.48243750000E+05	4.493272E-03	-9.144566E+01
3.50112500000E+05	4.849396E-03	-9.030129E+01
3.51981250000E+05	4.876561E-03	-8.944446E+01
3.53850000000E+05	4.511848E-03	-8.929333E+01
3.55718750000E+05	4.777916E-03	-9.189673E+01
3.57587500000E+05	4.827389E-03	-8.986991E+01
3.59456250000E+05	4.700971E-03	-9.117712E+01
3.61325000000E+05	4.872952E-03	-8.933360E+01
3.63193750000E+05	5.120823E-03	-9.119231E+01
3.65062500000E+05	4.849108E-03	-9.039445E+01
3.66931250000E+05	4.850237E-03	-9.075154E+01
3.68800000000E+05	5.072966E-03	-9.157461E+01
3.70668750000E+05	4.867610E-03	-9.144898E+01
3.72537500000E+05	5.198791E-03	-9.285888E+01
3.74406250000E+05	5.168264E-03	-9.209999E+01
3.76275000000E+05	5.112941E-03	-8.983901E+01
3.78143750000E+05	5.122459E-03	-9.034403E+01
3.80012500000E+05	5.185364E-03	-9.095903E+01
3.81881250000E+05	5.282423E-03	-8.954755E+01
3.83750000000E+05	5.245042E-03	-9.020590E+01
3.85618750000E+05	5.211486E-03	-9.158084E+01
3.87487500000E+05	5.082837E-03	-9.217187E+01
3.89356250000E+05	5.475570E-03	-9.072916E+01
3.91225000000E+05	5.394290E-03	-9.175801E+01
3.93093750000E+05	5.443833E-03	-8.933192E+01
3.94962500000E+05	5.402841E-03	-9.053647E+01
3.96831250000E+05	5.427319E-03	-9.273695E+01
3.98700000000E+05	5.631173E-03	-8.911745E+01
4.00568750000E+05	5.617648E-03	-9.150651E+01
4.02437500000E+05	5.537181E-03	-8.967331E+01
4.04306250000E+05	5.695922E-03	-9.100661E+01
4.06175000000E+05	5.519220E-03	-9.000970E+01
4.08043750000E+05	5.569682E-03	-9.116824E+01
4.09912500000E+05	5.536327E-03	-9.163197E+01
4.11781250000E+05	5.618202E-03	-9.187498E+01
4.13650000000E+05	5.593873E-03	-9.054446E+01
4.15518750000E+05	5.744971E-03	-9.174233E+01
4.17387500000E+05	5.500680E-03	-9.182214E+01
4.19256250000E+05	5.562298E-03	-8.981019E+01
4.21125000000E+05	5.822233E-03	-9.180090E+01
4.22993750000E+05	5.684643E-03	-8.850641E+01
4.24862500000E+05	6.039208E-03	-9.114690E+01
4.26731250000E+05	5.764313E-03	-9.029445E+01
4.28600000000E+05	5.675834E-03	-9.191206E+01
4.30468750000E+05	5.829862E-03	-9.139894E+01
4.32337500000E+05	5.651076E-03	-8.817619E+01
4.34206250000E+05	5.877080E-03	-9.349090E+01
4.36075000000E+05	6.080532E-03	-9.193348E+01
4.37943750000E+05	6.129149E-03	-9.285026E+01
4.39812500000E+05	6.072520E-03	-9.197493E+01
4.41681250000E+05	5.948286E-03	-8.966417E+01
4.43550000000E+05	6.150981E-03	-9.132514E+01
4.45418750000E+05	6.156899E-03	-9.142754E+01
4.47287500000E+05	5.951753E-03	-9.127143E+01
4.49156250000E+05	5.992535E-03	-9.108190E+01
4.51025000000E+05	5.966715E-03	-9.233701E+01
4.52893750000E+05	6.140313E-03	-8.988973E+01
4.54762500000E+05	6.279036E-03	-9.138604E+01
4.56631250000E+05	6.144735E-03	-9.171654E+01
4.58500000000E+05	6.282319E-03	-9.171782E+01
4.60368750000E+05	6.310550E-03	-9.346290E+01
4.62237500000E+05	6.283320E-03	-9.171915E+01
4.64106250000E+05	6.329673E-03	-9.234693E+01
4.65975000000E+05	6.344209E-03	-9.174503E+01
4.67843750000E+05	6.390139E-03	-9.248251E+01
4.69712500000E+05	6.400032E-03	-8.973979E+01
4.71581250000E+05	6.658169E-03	-9.165323E+01
4.73450000000E+05	6.404202E-03	-9.234415E+01
4.75318750000E+05	6.457604E-03	-9.125670E+01
4.77187500000E+05	6.474822E-03	-8.894827E+01
4.79056250000E+05	6.722627E-03	-9.143726E+01
4.80925000000E+05	6.560157E-03	-9.213525E+01
4.82793750000E+05	6.614853E-03	-9.204513E+01
4.84662500000E+05	6.577269E-03	-9.145892E+01
4.86531250000E+05	6.640704E-03	-9.244085E+01
4.88400000000E+05	6.548074E-03	-9.137859E+01
4.90268750000E+05	6.749659E-03	-9.101470E+01
4.92137500000E+05	6.660443E-03	-9.301429E+01
4.94006250000E+05	6.796155E-03	-9.212694E+01
4.95875000000E+05	6.744443E-03	-9.063783E+01
4.97743750000E+05	6.814632E-03	-9.264193E+01
4.99612500000E+05	6.909076E-03	-9.260602E+01
5.01481250000E+05	6.667195E-03	-9.091515E+01
5.03350000000E+05	6.949618E-03	-9.263800E+01
5.05218750000E+05	6.734986E-03	-9.203294E+01
5.07087500000E+05	6.789999E-03	-9.196696E+01
5.08956250000E+05	7.106354E-03	-9.337453E+01
5.10825000000E+05	7.186073E-03	-9.256741E+01
5.12693750000E+05	7.038127E-03	-9.252256E+01
5.14562500000E+05	7.046263E-03	-9.170331E+01
5.16431250000E+05	7.237199E-03	-9.133640E+01
5.18300000000E+05	7.058961E-03	-9.256592E+01
5.20168750000E+05	7.145828E-03	-9.161035E+01
5.22037500000E+05	7.113462E-03	-9.228590E+01
5.23906250000E+05	7.202988E-03	-9.072654E+01
5.25775000000E+05	7.135020E-03	-9.200670E+01
5.27643750000E+05	7.182216E-03	-9.246405E+01
5.29512500000E+05	7.258667E-03	-9.122477E+01
5.31381250000E+05	7.248982E-03	-9.108493E+01
5.33250000000E+05	7.206374E-03	-9.185098E+01
5.35118750000E+05	7.390270E-03	-9.143348E+01
5.36987500000E+05	7.532348E-03	-9.068113E+01
5.38856250000E+05	7.474513E-03	-9.154790E+01
5.40725000000E+05	7.509740E-03	-9.368468E+01
5.42593750000E+05	7.246615E-03	-9.232056E+01
5.44462500000E+05	7.425839E-03	-9.125116E+01
5.46331250000E+05	7.359945E-03	-9.222790E+01
5.48200000000E+05	7.673283E-03	-9.111634E+01
5.50068750000E+05	7.724045E-03	-9.267494E+01
5.51937500000E+05	7.618986E-03	-9.339143E+01
5.53806250000E+05	7.583046E-03	-9.146394E+01
5.55675000000E+05	7.696009E-03	-9.058009E+01
5.57543750000E+05	7.745322E-03	-9.171519E+01
5.59412500000E+05	7.799365E-03	-9.175834E+01
5.61281250000E+05	7.689131E-03	-9.157300E+01
5.63150000000E+05	7.574638E-03	-9.242406E+01
5.65018750000E+05	7.741305E-03	-9.107841E+01
5.66887500000E+05	7.657212E-03	-9.232779E+01
5.68756250000E+05	7.820738E-03	-9.101356E+01
5.70625000000E+05	7.881294E-03	-9.066667E+01
5.72493750000E+05	7.769829E-03	-9.223974E+01
5.74362500000E+05	7.793100E-03	-9.199626E+01
5.76231250000E+05	7.819418E-03	-9.243107E+01
5.78100000000E+05	8.004153E-03	-9.390809E+01
5.79968750000E+05	7.719303E-03	-9.116367E+01
5.81837500000E+05	7.900419E-03	-9.163294E+01
5.83706250000E+05	8.004466E-03	-9.147965E+01
5.85575000000E+05	7.927137E-03	-9.189404E+01
5.87443750000E+05	8.021628E-03	-9.153378E+01
5.89312500000E+05	8.024467E-03	-9.184033E+01
5.91181250000E+05	8.011782E-03	-9.261298E+01
5.93050000000E+05	7.960065E-03	-9.198940E+01
5.94918750000E+05	8.058420E-03	-9.137554E+01
5.96787500000E+05	8.185822E-03	-9.173049E+01
5.98656250000E+05	8.122805E-03	-9.163808E+01
6.00525000000E+05	8.182177E-03	-9.293744E+01
6.02393750000E+05	8.243946E-03	-9.178754E+01
6.04262500000E+05	8.081762E-03	-9.257578E+01
6.06131250000E+05	8.362826E-03	-9.260946E+01
6.08000000000E+05	8.110235E-03	-9.227564E+01
6.09868750000E+05	8.412945E-03	-9.165077E+01
6.11737500000E+05	8.243629E-03	-9.324017E+01
6.13606250000E+05	8.444598E-03	-9.152203E+01
6.15475000000E+05	8.394100E-03	-9.179827E+01
6.17343750000E+05	8.528658E-03	-9.077844E+01
6.19212500000E+05	8.495226E-03	-9.183205E+01
6.21081250000E+05	8.558287E-03	-9.259101E+01
6.22950000000E+05	8.414336E-03	-9.288387E+01
6.24818750000E+05	8.535120E-03	-9.122858E+01
6.26687500000E+05	8.586410E-03	-9.157478E+01
6.28556250000E+05	8.632778E-03	-9.310458E+01
6.30425000000E+05	8.585035E-03	-9.239554E+01
6.32293750000E+05	8.948117E-03	-9.154395E+01
6.34162500000E+05	8.563777E-03	-9.221586E+01
6.36031250000E+05	8.746757E-03	-9.238522E+01
6.37900000000E+05	8.664203E-03	-9.280864E+01
6.39768750000E+05	8.796893E-03	-9.210766E+01
6.41637500000E+05	8.663817E-03	-9.206081E+01
6.43506250000E+05	8.700266E-03	-9.196250E+01
6.45375000000E+05	8.859263E-03	-9.160517E+01
6.47243750000E+05	8.858776E-03	-9.194366E+01
6.49112500000E+05	8.921752E-03	-9.119519E+01
6.50981250000E+05	8.918351E-03	-9.333702E+01
6.52850000000E+05	8.955020E-03	-9.131448E+01
6.54718750000E+05	8.816098E-03	-9.343706E+01
6.56587500000E+05	8.868002E-03	-9.263380E+01
6.58456250000E+05	9.124883E-03	-9.268490E+01
6.60325000000E+05	9.020405E-03	-9.293908E+01
6.62193750000E+05	8.874016E-03	-9.244460E+01
6.64062500000E+05	9.173935E-03	-9.208713E+01
6.65931250000E+05	9.069421E-03	-9.243081E+01
6.67800000000E+05	9.002373E-03	-9.239734E+01
6.69668750000E+05	9.148018E-03	-9.231045E+01
6.71537500000E+05	9.374220E-03	-9.331980E+01
6.73406250000E+05	9.290722E-03	-9.201696E+01
6.75275000000E+05	9.108209E-03	-9.244468E+01
6.77143750000E+05	9.053472E-03	-9.351553E+01
6.79012500000E+05	9.388629E-03	-9.346978E+01
6.80881250000E+05	9.381162E-03	-9.183547E+01
6.82750000000E+05	9.309025E-03	-9.323801E+01
6.84618750000E+05	9.288463E-03	-9.270036E+01
6.86487500000E+05	9.498551E-03	-9.188252E+01
6.88356250000E+05	9.315069E-03	-9.212911E+01
6.90225000000E+05	9.485393E-03	-9.281731E+01
6.92093750000E+05	9.423432E-03	-9.263378E+01
6.93962500000E+05	9.374470E-03	-9.237038E+01
6.95831250000E+05	9.262324E-03	-9.256141E+01
6.97700000000E+05	9.672403E-03	-9.182007E+01
6.99568750000E+05	9.567213E-03	-9.192497E+01
7.01437500000E+05	9.529780E-03	-9.188974E+01
7.03306250000E+05	9.586146E-03	-9.140645E+01
7.05175000000E+05	9.547410E-03	-9.214415E+01
7.07043750000E+05	9.697269E-03	-9.150855E+01
7.08912500000E+05	9.553296E-03	-9.279811E+01
7.10781250000E+05	9.508708E-03	-9.266636E+01
7.12650000000E+05	9.637536E-03	-9.333451E+01
7.14518750000E+05	9.642176E-03	-9.349093E+01
7.16387500000E+05	9.703323E-03	-9.218831E+01
7.18256250000E+05	9.749521E-03	-9.285694E+01
7.20125000000E+05	9.740857E-03	-9.189845E+01
7.21993750000E+05	9.791694E-03	-9.245342E+01
7.23862500000E+05	9.795520E-03	-9.271744E+01
7.25731250000E+05	9.797235E-03	-9.203381E+01
7.27600000000E+05	1.000732E-02	-9.344841E+01
7.29468750000E+05	9.880193E-03	-9.345140E+01
7.31337500000E+05	9.879550E-03	-9.361967E+01
7.33206250000E+05	9.965212E-03	-9.288416E+01
7.35075000000E+05	1.002453E-02	-9.293336E+01
7.36943750000E+05	1.006627E-02	-9.268990E+01
7.38812500000E+05	9.906210E-03	-9.318402E+01
7.40681250000E+05	1.013929E-02	-9.392313E+01
7.42550000000E+05	9.839677E-03	-9.281836E+01
7.44418750000E+05	1.017005E-02	-9.290140E+01
7.46287500000E+05	1.013991E-02	-9.393952E+01
7.48156250000E+05	1.006296E-02	-9.236516E+01
7.50025000000E+05	1.026541E-02	-9.227631E+01
7.51893750000E+05	1.035436E-02	-9.223893E+01
7.53762500000E+05	1.035080E-02	-9.379089E+01
7.55631250000E+05	1.008831E-02	-9.252765E+01
7.57500000000E+05	1.013001E-02	-9.328626E+01
7.59368750000E+05	1.029266E-02	-9.323189E+01
7.61237500000E+05	1.024144E-02	-9.221022E+01
7.63106250000E+05	1.037643E-02	-9.327699E+01
7.64975000000E+05	1.042804E-02	-9.407262E+01
7.66843750000E+05	1.024334E-02	-9.274704E+01
7.68712500000E+05	1.043791E-02	-9.347660E+01
7.70581250000E+05	1.050008E-02	-9.339828E+01
7.72450000000E+05	1.048969E-02	-9.273511E+01
7.74318750000E+05	1.050554E-02	-9.267787E+01
7.76187500000E+05	1.053861E-02	-9.282493E+01
7.78056250000E+05	1.081219E-02	-9.203907E+01
7.79925000000E+05	1.064012E-02	-9.346851E+01
7.81793750000E+05	1.073449E-02	-9.236826E+01
7.83662500000E+05	1.052968E-02	-9.298757E+01
7.85531250000E+05	1.075664E-02	-9.342104E+01
7.87400000000E+05	1.079987E-02	-9.255014E+01
7.89268750000E+05	1.061105E-02	-9.234895E+01
7.91137500000E+05	1.065744E-02	-9.336480E+01
7.93006250000E+05	1.086951E-02	-9.185827E+01
7.94875000000E+05	1.072035E-02	-9.263177E+01
7.96743750000E+05	1.100378E-02	-9.217904E+01
7.98612500000E+05	1.096878E-02	-9.289780E+01
8.00481250000E+05	1.090890E-02	-9.352431E+01
8.02350000000E+05	1.087162E-02	-9.253552E+01
8.04218750000E+05	1.082099E-02	-9.362078E+01
8.06087500000E+05	1.098078E-02	-9.287177E+01
8.07956250000E+05	1.089080E-02	-9.208878E+01
8.09825000000E+05	1.102134E-02	-9.210651E+01
8.11693750000E+05	1.097357E-02	-9.286551E+01
8.13562500000E+05	1.104317E-02	-9.343774E+01
8.15431250000E+05	1.102866E-02	-9.326880E+01
8.17300000000E+05	1.121672E-02	-9.250266E+01
8.19168750000E+05	1.131131E-02	-9.172997E+01
8.21037500000E+05	1.128478E-02	-9.310981E+01
8.22906250000E+05	1.127283E-02	-9.193446E+01
8.24775000000E+05	1.115049E-02	-9.286281E+01
8.26643750000E+05	1.115995E-02	-9.199055E+01
8.28512500000E+05	1.127690E-02	-9.379219E+01
8.30381250000E+05	1.136942E-02	-9.261834E+01
8.32250000000E+05	1.130527E-02	-9.149142E+01
8.34118750000E+05	1.128535E-02	-9.330586E+01
8.35987500000E+05	1.126547E-02	-9.355302E+01
8.37856250000E+05	1.128284E-02	-9.272916E+01
8.39725000000E+05	1.133242E-02	-9.309882E+01
8.41593750000E+05	1.147189E-02	-9.316918E+01
8.43462500000E+05	1.156973E-02	-9.249497E+01
8.45331250000E+05	1.161569E-02	-9.326147E+01
8.47200000000E+05	1.147208E-02	-9.262295E+01
8.49068750000E+05	1.154922E-02	-9.306025E+01
8.50937500000E+05	1.161920E-02	-9.259496E+01
8.52806250000E+05	1.156651E-02	-9.350363E+01
8.54675000000E+05	1.173563E-02	-9.363680E+01
8.56543750000E+05	1.172411E-02	-9.232277E+01
8.58412500000E+05	1.145340E-02	-9.291026E+01
8.60281250000E+05	1.170444E-02	-9.250465E+01
8.62150000000E+05	1.154991E-02	-9.247571E+01
8.64018750000E+05	1.160199E-02	-9.338600E+01
8.65887500000E+05	1.173225E-02	-9.371387E+01
8.67756250000E+05	1.181382E-02	-9.306724E+01
8.69625000000E+05	1.185901E-02	-9.299936E+01
8.71493750000E+05	1.177400E-02	-9.418495E+01
8.73362500000E+05	1.197498E-02	-9.238655E+01
8.75231250000E+05	1.197269E-02	-9.296242E+01
8.77100000000E+05	1.189201E-02	-9.329656E+01
8.78968750000E+05	1.189970E-02	-9.316844E+01
8.80837500000E+05	1.202165E-02	-9.223404E+01
8.82706250000E+05	1.210219E-02	-9.318813E+01
8.84575000000E+05	1.218575E-02	-9.276881E+01
8.86443750000E+05	1.215352E-02	-9.332671E+01
8.88312500000E+05	1.198516E-02	-9.304782E+01
8.90181250000E+05	1.212000E-02	-9.293431E+01
8.92050000000E+05	1.226997E-02	-9.272605E+01
8.93918750000E+05	1.213799E-02	-9.280190E+01
8.95787500000E+05	1.218944E-02	-9.327903E+01
8.97656250000E+05	1.215055E-02	-9.343755E+01
8.99525000000E+05	1.225197E-02	-9.342437E+01
9.01393750000E+05	1.224584E-02	-9.282745E+01
9.03262500000E+05	1.221821E-02	-9.286516E+01
9.05131250000E+05	1.222620E-02	-9.299206E+01
9.07000000000E+05	1.246364E-02	-9.345768E+01
9.08868750000E+05	1.234722E-02	-9.315704E+01
9.10737500000E+05	1.226804E-02	-9.286520E+01
9.12606250000E+05	1.235682E-02	-9.327869E+01
9.14475000000E+05	1.245862E-02	-9.376949E+01
9.16343750000E+05	1.245601E-02	-9.323747E+01
9.18212500000E+05	1.257171E-02	-9.295470E+01
9.20081250000E+05	1.260978E-02	-9.279418E+01
9.21950000000E+05	1.248947E-02	-9.386205E+01
9.23818750000E+05	1.257558E-02	-9.305535E+01
9.25687500000E+05	1.265845E-02	-9.293094E+01
9.27556250000E+05	1.251404E-02	-9.353457E+01
9.29425000000E+05	1.266786E-02	-9.382024E+01
9.31293750000E+05	1.252192E-02	-9.327876E+01
9.33162500000E+05	1.271453E-02	-9.339533E+01
9.35031250000E+05	1.283055E-02	-9.242821E+01
9.36900000000E+05	1.271007E-02	-9.268451E+01
9.38768750000E+05	1.274702E-02	-9.355080E+01
9.40637500000E+05	1.260739E-02	-9.338210E+01
9.42506250000E+05	1.292798E-02	-9.240395E+01
9.44375000000E+05	1.279149E-02	-9.231839E+01
9.46243750000E+05	1.297275E-02	-9.340112E+01
9.48112500000E+05	1.293471E-02	-9.348928E+01
9.49981250000E+05	1.299126E-02	-9.354304E+01
9.51850000000E+05	1.303113E-02	-9.330985E+01
9.53718750000E+05	1.303513E-02	-9.338557E+01
9.55587500000E+05	1.293572E-02	-9.263293E+01
9.57456250000E+05	1.303528E-02	-9.270818E+01
9.59325000000E+05	1.284101E-02	-9.330181E+01
9.61193750000E+05	1.283783E-02	-9.308604E+01
9.63062500000E+05	1.305912E-02	-9.373022E+01
9.64931250000E+05	1.319802E-02	-9.320718E+01
9.66800000000E+05	1.319749E-02	-9.373845E+01
9.68668750000E+05	1.314266E-02	-9.371268E+01
9.70537500000E+05	1.332313E-02	-9.371365E+01
9.72406250000E+05	1.312676E-02	-9.319688E+01
9.74275000000E+05	1.310709E-02	-9.342150E+01
9.76143750000E+05	1.318438E-02	-9.295745E+01
9.78012500000E+05	1.331998E-02	-9.355903E+01
9.79881250000E+05	1.325910E-02	-9.400611E+01
9.81750000000E+05	1.334573E-02	-9.361071E+01
9.83618750000E+05	1.343189E-02	-9.345612E+01
9.85487500000E+05	1.346682E-02	-9.341862E+01
9.87356250000E+05	1.342181E-02	-9.393310E+01
9.89225000000E+05	1.333485E-02	-9.399762E+01
9.91093750000E+05	1.337192E-02	-9.267463E+01
9.92962500000E+05	1.340557E-02	-9.331257E+01
9.94831250000E+05	1.373025E-02	-9.309714E+01
9.96700000000E+05	1.350754E-02	-9.331494E+01
9.98568750000E+05	1.378678E-02	-9.339831E+01
1.00043750000E+06	1.352253E-02	-9.356149E+01
1.00230625000E+06	1.356714E-02	-9.352060E+01
1.00417500000E+06	1.371116E-02	-9.306163E+01
1.00604375000E+06	1.385443E-02	-9.417001E+01
1.00791250000E+06	1.367137E-02	-9.314838E+01
1.00978125000E+06	1.359471E-02	-9.355005E+01
1.01165000000E+06	1.380461E-02	-9.370063E+01
1.01351875000E+06	1.377866E-02	-9.409226E+01
1.01538750000E+06	1.375548E-02	-9.334482E+01
1.01725625000E+06	1.375632E-02	-9.381686E+01
1.01912500000E+06	1.380278E-02	-9.338834E+01
1.02099375000E+06	1.381991E-02	-9.413270E+01
1.02286250000E+06	1.375324E-02	-9.317706E+01
1.02473125000E+06	1.390168E-02	-9.354200E+01
1.02660000000E+06	1.382233E-02	-9.366132E+01
1.02846875000E+06	1.397839E-02	-9.347070E+01
1.03033750000E+06	1.382172E-02	-9.351959E+01
1.03220625000E+06	1.400096E-02	-9.272009E+01
1.03407500000E+06	1.405005E-02	-9.292052E+01
1.03594375000E+06	1.395883E-02	-9.400267E+01
1.03781250000E+06	1.401255E-02	-9.361262E+01
1.03968125000E+06	1.416973E-02	-9.321689E+01
1.04155000000E+06	1.408058E-02	-9.376566E+01
1.04341875000E+06	1.429637E-02	-9.368166E+01
1.04528750000E+06	1.428806E-02	-9.326849E+01
1.04715625000E+06	1.439014E-02	-9.385349E+01
1.04902500000E+06	1.425768E-02	-9.325384E+01
1.05089375000E+06	1.420128E-02	-9.316457E+01
1.05276250000E+06	1.432120E-02	-9.392160E+01
1.05463125000E+06	1.409121E-02	-9.351844E+01
1.05650000000E+06	1.457372E-02	-9.370782E+01
1.05836875000E+06	1.433356E-02	-9.359161E+01
1.06023750000E+06	1.452451E-02	-9.385234E+01
1.06210625000E+06	1.464592E-02	-9.302996E+01
1.06397500000E+06	1.435383E-02	-9.426125E+01
1.06584375000E+06	1.444765E-02	-9.445494E+01
1.06771250000E+06	1.466972E-02	-9.365204E+01
1.06958125000E+06	1.442980E-02	-9.352683E+01
1.07145000000E+06	1.468700E-02	-9.404190E+01
1.07331875000E+06	1.463531E-02	-9.334131E+01
1.07518750000E+06	1.461059E-02	-9.376458E+01
1.07705625000E+06	1.458398E-02	-9.374008E+01
1.07892500000E+06	1.472084E-02	-9.395576E+01
1.08079375000E+06	1.466176E-02	-9.339429E+01
1.08266250000E+06	1.485447E-02	-9.428435E+01
1.08453125000E+06	1.468853E-02	-9.417616E+01
1.08640000000E+06	1.474674E-02	-9.380695E+01
1.08826875000E+06	1.468778E-02	-9.397556E+01
1.09013750000E+06	1.482583E-02	-9.405737E+01
1.09200625000E+06	1.479367E-02	-9.453605E+01
1.09387500000E+06	1.475343E-02	-9.327296E+01
1.09574375000E+06	1.500495E-02	-9.407006E+01
1.09761250000E+06	1.505022E-02	-9.410244E+01
1.09948125000E+06	1.498124E-02	-9.368830E+01
1.10135000000E+06	1.492081E-02	-9.342971E+01
1.10321875000E+06	1.494050E-02	-9.432109E+01
1.10508750000E+06	1.494738E-02	-9.346792E+01
1.10695625000E+06	1.502217E-02	-9.436353E+01
1.10882500000E+06	1.498083E-02	-9.328373E+01
1.11069375000E+06	1.498535E-02	-9.390747E+01
1.11256250000E+06	1.504929E-02	-9.342310E+01
1.11443125000E+06	1.502238E-02	-9.358144E+01
1.11630000000E+06	1.541356E-02	-9.448592E+01
1.11816875000E+06	1.520559E-02	-9.332732E+01
1.12003750000E+06	1.516882E-02	-9.454005E+01
1.12190625000E+06	1.496682E-02	-9.432625E+01
1.12377500000E+06	1.513473E-02	-9.352563E+01
1.12564375000E+06	1.510687E-02	-9.357397E+01
1.12751250000E+06	1.503366E-02	-9.394238E+01
1.12938125000E+06	1.557856E-02	-9.406905E+01
1.13125000000E+06	1.531045E-02	-9.426189E+01
1.13311875000E+06	1.522307E-02	-9.383817E+01
1.13498750000E+06	1.524430E-02	-9.408414E+01
1.13685625000E+06	1.564368E-02	-9.368465E+01
1.13872500000E+06	1.548943E-02	-9.467967E+01
1.14059375000E+06	1.548641E-02	-9.422200E+01
1.14246250000E+06	1.554285E-02	-9.396882E+01
1.14433125000E+06	1.548772E-02	-9.360504E+01
1.14620000000E+06	1.538029E-02	-9.386669E+01
1.14806875000E+06	1.565632E-02	-9.416531E+01
1.14993750000E+06	1.569510E-02	-9.407285E+01
1.15180625000E+06	1.562554E-02	-9.363554E+01
1.15367500000E+06	1.561579E-02	-9.383564E+01
1.15554375000E+06	1.573206E-02	-9.405398E+01
1.15741250000E+06	1.583060E-02	-9.372691E+01
1.15928125000E+06	1.574883E-02	-9.389602E+01
1.16115000000E+06	1.571137E-02	-9.382446E+01
1.16301875000E+06	1.572846E-02	-9.404017E+01
1.16488750000E+06	1.585386E-02	-9.369588E+01
1.16675625000E+06	1.588494E-02	-9.452924E+01
1.16862500000E+06	1.598246E-02	-9.441446E+01
1.17049375000E+06	1.572554E-02	-9.398515E+01
1.17236250000E+06	1.609404E-02	-9.394588E+01
1.17423125000E+06	1.583615E-02	-9.353299E+01
1.17610000000E+06	1.600896E-02	-9.425920E+01
1.17796875000E+06	1.597855E-02	-9.401973E+01
1.17983750000E+06	1.599725E-02	-9.408151E+01
1.18170625000E+06	1.611326E-02	-9.351142E+01
1.18357500000E+06	1.594347E-02	-9.388248E+01
1.18544375000E+06	1.619142E-02	-9.391313E+01
1.18731250000E+06	1.616202E-02	-9.335054E+01
1.18918125000E+06	1.616491E-02	-9.388860E+01
1.19105000000E+06	1.610345E-02	-9.380466E+01
1.19291875000E+06	1.627708E-02	-9.378845E+01
1.19478750000E+06	1.629733E-02	-9.422762E+01
1.19665625000E+06	1.619592E-02	-9.460442E+01
1.19852500000E+06	1.626941E-02	-9.329331E+01
1.20039375000E+06	1.638909E-02	-9.424478E+01
1.20226250000E+06	1.599197E-02	-9.417602E+01
1.20413125000E+06	1.632561E-02	-9.416554E+01
1.20600000000E+06	1.626134E-02	-9.454545E+01
1.20786875000E+06	1.649616E-02	-9.412796E+01
1.20973750000E+06	1.641823E-02	-9.422257E+01
1.21160625000E+06	1.648869E-02	-9.402427E+01
1.21347500000E+06	1.636391E-02	-9.444187E+01
1.21534375000E+06	1.665387E-02	-9.481039E+01
1.21721250000E+06	1.653302E-02	-9.410322E+01
1.21908125000E+06	1.652161E-02	-9.424544E+01
1.22095000000E+06	1.653971E-02	-9.421938E+01
1.22281875000E+06	1.655958E-02	-9.398174E+01
1.22468750000E+06	1.656106E-02	-9.415794E+01
1.22655625000E+06	1.649499E-02	-9.423653E+01
1.22842500000E+06	1.670611E-02	-9.435482E+01
1.23029375000E+06	1.681329E-02	-9.354791E+01
1.23216250000E+06	1.670418E-02	-9.444360E+01
1.23403125000E+06	1.684338E-02	-9.425011E+01
1.23590000000E+06	1.685757E-02	-9.383912E+01
1.23776875000E+06	1.678872E-02	-9.465549E+01
1.23963750000E+06	1.687298E-02	-9.380636E+01
1.24150625000E+06	1.692954E-02	-9.419022E+01
1.24337500000E+06	1.690114E-02	-9.335196E+01
1.24524375000E+06	1.696169E-02	-9.402451E+01
1.24711250000E+06	1.688261E-02	-9.374294E+01
1.24898125000E+06	1.699345E-02	-9.446786E+01
1.25085000000E+06	1.686213E-02	-9.490189E+01
1.25271875000E+06	1.693984E-02	-9.434330E+01
1.25458750000E+06	1.698399E-02	-9.439008E+01
1.25645625000E+06	1.694915E-02	-9.458022E+01
1.25832500000E+06	1.703886E-02	-9.450922E+01
1.26019375000E+06	1.702301E-02	-9.433646E+01
1.26206250000E+06	1.709084E-02	-9.451016E+01
1.26393125000E+06	1.717989E-02	-9.506361E+01
1.26580000000E+06	1.734013E-02	-9.355306E+01
1.26766875000E+06	1.732015E-02	-9.331563E+01
1.26953750000E+06	1.721930E-02	-9.412300E+01
1.27140625000E+06	1.755865E-02	-9.478931E+01
1.27327500000E+06	1.710682E-02	-9.420293E+01
1.27514375000E+06	1.715405E-02	-9.486697E+01
1.27701250000E+06	1.724962E-02	-9.500551E+01
1.27888125000E+06	1.749994E-02	-9.451038E+01
1.28075000000E+06	1.723167E-02	-9.483511E+01
1.28261875000E+06	1.760499E-02	-9.520177E+01
1.28448750000E+06	1.756164E-02	-9.441905E+01
1.28635625000E+06	1.745626E-02	-9.295657E+01
1.28822500000E+06	1.741774E-02	-9.387077E+01
1.29009375000E+06	1.732186E-02	-9.456536E+01
1.29196250000E+06	1.752410E-02	-9.457289E+01
1.29383125000E+06	1.759301E-02	-9.432186E+01
1.29570000000E+06	1.750903E-02	-9.411881E+01
1.29756875000E+06	1.760159E-02	-9.453180E+01
1.29943750000E+06	1.740230E-02	-9.407362E+01
1.30130625000E+06	1.788171E-02	-9.444946E+01
1.30317500000E+06	1.756478E-02	-9.436563E+01
1.30504375000E+06	1.779940E-02	-9.439825E+01
1.30691250000E+06	1.785296E-02	-9.469389E+01
1.30878125000E+06	1.778978E-02	-9.417246E+01
1.31065000000E+06	1.758139E-02	-9.452866E+01
1.31251875000E+06	1.788324E-02	-9.393503E+01
1.31438750000E+06	1.793622E-02	-9.413280E+01
1.31625625000E+06	1.788939E-02	-9.384203E+01
1.31812500000E+06	1.787105E-02	-9.465382E+01
1.31999375000E+06	1.783377E-02	-9.407870E+01
1.32186250000E+06	1.798845E-02	-9.416101E+01
1.32373125000E+06	1.802181E-02	-9.400218E+01
1.32560000000E+06	1.802911E-02	-9.421380E+01
1.32746875000E+06	1.802195E-02	-9.488305E+01
1.32933750000E+06	1.799225E-02	-9.413292E+01
1.33120625000E+06	1.807307E-02	-9.437286E+01
1.33307500000E+06	1.822076E-02	-9.478429E+01
1.33494375000E+06	1.821539E-02	-9.523582E+01
1.33681250000E+06	1.832597E-02	-9.485694E+01
1.33868125000E+06	1.808745E-02	-9.468787E+01
1.34055000000E+06	1.834098E-02	-9.417057E+01
1.34241875000E+06	1.807295E-02	-9.434942E+01
1.34428750000E+06	1.836763E-02	-9.400958E+01
1.34615625000E+06	1.816910E-02	-9.471531E+01
1.34802500000E+06	1.827595E-02	-9.466120E+01
1.34989375000E+06	1.823306E-02	-9.420872E+01
1.35176250000E+06	1.822491E-02	-9.394953E+01
1.35363125000E+06	1.840234E-02	-9.419825E+01
1.35550000000E+06	1.825254E-02	-9.484774E+01
1.35736875000E+06	1.820095E-02	-9.457073E+01
1.35923750000E+06	1.839729E-02	-9.479462E+01
1.36110625000E+06	1.837956E-02	-9.536765E+01
1.36297500000E+06	1.861695E-02	-9.397273E+01
1.36484375000E+06	1.853125E-02	-9.487140E+01
1.36671250000E+06	1.857518E-02	-9.410271E+01
1.36858125000E+06	1.857294E-02	-9.450791E+01
1.37045000000E+06	1.850437E-02	-9.429198E+01
1.37231875000E+06	1.871913E-02	-9.480870E+01
1.37418750000E+06	1.869296E-02	-9.457921E+01
1.37605625000E+06	1.861443E-02	-9.480360E+01
1.37792500000E+06	1.875415E-02	-9.485623E+01
1.37979375000E+06	1.865733E-02	-9.451277E+01
1.38166250000E+06	1.893122E-02	-9.438790E+01
1.38353125000E+06	1.865736E-02	-9.436041E+01
1.38540000000E+06	1.880205E-02	-9.495943E+01
1.38726875000E+06	1.878710E-02	-9.433961E+01
1.38913750000E+06	1.896132E-02	-9.484754E+01
1.39100625000E+06	1.885232E-02	-9.541451E+01
1.39287500000E+06	1.891754E-02	-9.486338E+01
1.39474375000E+06	1.907104E-02	-9.470634E+01
1.39661250000E+06	1.901382E-02	-9.541750E+01
1.39848125000E+06	1.894876E-02	-9.480150E+01
1.40035000000E+06	1.910012E-02	-9.467569E+01
1.40221875000E+06	1.903882E-02	-9.459091E+01
1.40408750000E+06	1.916186E-02	-9.480180E+01
1.40595625000E+06	1.902541E-02	-9.495395E+01
1.40782500000E+06	1.908374E-02	-9.484407E+01
1.40969375000E+06	1.903609E-02	-9.473946E+01
1.41156250000E+06	1.906823E-02	-9.466745E+01
1.41343125000E+06	1.921644E-02	-9.472338E+01
1.41530000000E+06	1.908299E-02	-9.458020E+01
1.41716875000E+06	1.926373E-02	-9.490073E+01
1.41903750000E+06	1.923777E-02	-9.488937E+01
1.42090625000E+06	1.926022E-02	-9.469258E+01
1.42277500000E+06	1.939164E-02	-9.463842E+01
1.42464375000E+06	1.948514E-02	-9.440703E+01
1.42651250000E+06	1.920636E-02	-9.517216E+01
1.42838125000E+06	1.959018E-02	-9.527583E+01
1.43025000000E+06	1.933023E-02	-9.492645E+01
1.43211875000E+06	1.950989E-02	-9.457432E+01
1.43398750000E+06	1.936317E-02	-9.476289E+01
1.43585625000E+06	1.927831E-02	-9.499268E+01
1.43772500000E+06	1.932508E-02	-9.457842E+01
1.43959375000E+06	1.954963E-02	-9.470968E+01
1.44146250000E+06	1.954995E-02	-9.465795E+01
1.44333125000E+06	1.950780E-02	-9.556655E+01
1.44520000000E+06	1.952790E-02	-9.510375E+01
1.44706875000E+06	1.977076E-02	-9.486622E+01
1.44893750000E+06	1.938860E-02	-9.438562E+01
1.45080625000E+06	1.963649E-02	-9.467005E+01
1.45267500000E+06	1.949176E-02	-9.533205E+01
1.45454375000E+06	1.946685E-02	-9.404691E+01
1.45641250000E+06	1.964947E-02	-9.439783E+01
1.45828125000E+06	1.936118E-02	-9.438248E+01
1.46015000000E+06	1.984671E-02	-9.485358E+01
1.46201875000E+06	1.993827E-02	-9.495947E+01
1.46388750000E+06	2.003715E-02	-9.536890E+01
1.46575625000E+06	1.986908E-02	-9.455673E+01
1.46762500000E+06	1.987488E-02	-9.469491E+01
1.46949375000E+06	1.991986E-02	-9.447716E+01
1.47136250000E+06	2.021444E-02	-9.421680E+01
1.47323125000E+06	2.017432E-02	-9.476923E+01
1.47510000000E+06	1.995202E-02	-9.502309E+01
1.47696875000E+06	2.004421E-02	-9.475387E+01
1.47883750000E+06	2.036710E-02	-9.440137E+01
1.48070625000E+06	2.016533E-02	-9.478026E+01
1.48257500000E+06	2.000103E-02	-9.519057E+01
1.48444375000E+06	1.993082E-02	-9.443645E+01
1.48631250000E+06	2.026469E-02	-9.458676E+01
1.48818125000E+06	2.035417E-02	-9.499673E+01
1.49005000000E+06	2.029045E-02	-9.467504E+01
1.49191875000E+06	2.023546E-02	-9.445886E+01
1.49378750000E+06	2.016140E-02	-9.488688E+01
1.49565625000E+06	2.034544E-02	-9.448674E+01
1.49752500000E+06	2.020184E-02	-9.461259E+01
1.49939375000E+06	2.029949E-02	-9.481825E+01
1.50126250000E+06	2.054136E-02	-9.528484E+01
1.50313125000E+06	2.034543E-02	-9.490778E+01
1.50500000000E+06	2.043779E-02	-9.501151E+01
1.50686875000E+06	2.037689E-02	-9.507352E+01
1.50873750000E+06	2.042918E-02	-9.495229E+01
1.51060625000E+06	2.062791E-02	-9.520291E+01
1.51247500000E+06	2.037977E-02	-9.459821E+01
1.51434375000E+06	2.044146E-02	-9.538911E+01
1.51621250000E+06	2.035281E-02	-9.482289E+01
1.51808125000E+06	2.055729E-02	-9.502994E+01
1.51995000000E+06	2.075657E-02	-9.509336E+01
1.52181875000E+06	2.062527E-02	-9.468697E+01
1.52368750000E+06	2.080258E-02	-9.468643E+01
1.52555625000E+06	2.077501E-02	-9.510957E+01
1.52742500000E+06	2.091889E-02	-9.459958E+01
1.52929375000E+06	2.072595E-02	-9.462373E+01
1.53116250000E+06	2.079590E-02	-9.505946E+01
1.53303125000E+06	2.070254E-02	-9.497927E+01
1.53490000000E+06	2.068716E-02	-9.561290E+01
1.53676875000E+06	2.106145E-02	-9.487038E+01
1.53863750000E+06	2.109853E-02	-9.458543E+01
1.54050625000E+06	2.106876E-02	-9.550237E+01
1.54237500000E+06	2.110936E-02	-9.509314E+01
1.54424375000E+06	2.089326E-02	-9.549026E+01
1.54611250000E+06	2.097640E-02	-9.530976E+01
1.54798125000E+06	2.142495E-02	-9.502332E+01
1.54985000000E+06	2.104362E-02	-9.547876E+01
1.55171875000E+06	2.104651E-02	-9.477249E+01
1.55358750000E+06	2.087553E-02	-9.482178E+01
1.55545625000E+06	2.107532E-02	-9.590286E+01
1.55732500000E+06	2.095899E-02	-9.428535E+01
1.55919375000E+06	2.131304E-02	-9.552911E+01
1.56106250000E+06	2.121523E-02	-9.576514E+01
1.56293125000E+06	2.142712E-02	-9.487072E+01
1.56480000000E+06	2.122913E-02	-9.494518E+01
1.56666875000E+06	2.121238E-02	-9.445342E+01
1.56853750000E+06	2.145033E-02	-9.570431E+01
1.57040625000E+06	2.145367E-02	-9.498984E+01
1.57227500000E+06	2.133451E-02	-9.627608E+01
1.57414375000E+06	2.141568E-02	-9.505339E+01
1.57601250000E+06	2.144082E-02	-9.514755E+01
1.57788125000E+06	2.137169E-02	-9.502489E+01
1.57975000000E+06	2.132466E-02	-9.543546E+01
1.58161875000E+06	2.149574E-02	-9.544730E+01
1.58348750000E+06	2.139962E-02	-9.491953E+01
1.58535625000E+06	2.144637E-02	-9.496366E+01
1.58722500000E+06	2.166025E-02	-9.465044E+01
1.58909375000E+06	2.153234E-02	-9.490392E+01
1.59096250000E+06	2.164184E-02	-9.502675E+01
1.59283125000E+06	2.169526E-02	-9.517200E+01
1.59470000000E+06	2.175899E-02	-9.514715E+01
1.59656875000E+06	2.162437E-02	-9.510400E+01
1.59843750000E+06	2.179922E-02	-9.495059E+01
1.60030625000E+06	2.171902E-02	-9.509296E+01
1.60217500000E+06	2.182675E-02	-9.482415E+01
1.60404375000E+06	2.181531E-02	-9.520197E+01
1.60591250000E+06	2.187944E-02	-9.529837E+01
1.60778125000E+06	2.197305E-02	-9.505293E+01
1.60965000000E+06	2.179811E-02	-9.550459E+01
1.61151875000E+06	2.182905E-02	-9.522618E+01
1.61338750000E+06	2.188383E-02	-9.536841E+01
1.61525625000E+06	2.185977E-02	-9.505638E+01
1.61712500000E+06	2.195762E-02	-9.568501E+01
1.61899375000E+06	2.209343E-02	-9.507928E+01
1.62086250000E+06	2.207309E-02	-9.511084E+01
1.62273125000E+06	2.202385E-02	-9.523510E+01
1.62460000000E+06	2.203812E-02	-9.482438E+01
1.62646875000E+06	2.208341E-02	-9.535150E+01
1.62833750000E+06	2.204478E-02	-9.493039E+01
1.63020625000E+06	2.227781E-02	-9.475335E+01
1.63207500000E+06	2.222472E-02	-9.505807E+01
1.63394375000E+06	2.214003E-02	-9.543025E+01
1.63581250000E+06	2.215897E-02	-9.525022E+01
1.63768125000E+06	2.227015E-02	-9.527840E+01
1.63955000000E+06	2.231550E-02	-9.517394E+01
1.64141875000E+06	2.228434E-02	-9.544357E+01
1.64328750000E+06	2.234813E-02	-9.527243E+01
1.64515625000E+06	2.237518E-02	-9.538714E+01
1.64702500000E+06	2.238102E-02	-9.536356E+01
1.64889375000E+06	2.247029E-02	-9.500729E+01
1.65076250000E+06	2.234038E-02	-9.580194E+01
1.65263125000E+06	2.237354E-02	-9.516636E+01
1.65450000000E+06	2.253365E-02	-9.502378E+01
1.65636875000E+06	2.238593E-02	-9.545412E+01
1.65823750000E+06	2.245671E-02	-9.548474E+01
1.66010625000E+06	2.242300E-02	-9.485233E+01
1.66197500000E+06	2.253774E-02	-9.515163E+01
1.66384375000E+06	2.247635E-02	-9.486480E+01
1.66571250000E+06	2.263068E-02	-9.522879E+01
1.66758125000E+06	2.257029E-02	-9.533852E+01
1.66945000000E+06	2.261868E-02	-9.541292E+01
1.67131875000E+06	2.252647E-02	-9.459954E+01
1.67318750000E+06	2.276596E-02	-9.585152E+01
1.67505625000E+06	2.265694E-02	-9.500949E+01
1.67692500000E+06	2.237129E-02	-9.621999E+01
1.67879375000E+06	2.245352E-02	-9.559220E+01
1.68066250000E+06	2.298184E-02	-9.575483E+01
1.68253125000E+06	2.277499E-02	-9.575719E+01
1.68440000000E+06	2.312173E-02	-9.560250E+01
1.68626875000E+06	2.311920E-02	-9.493243E+01
1.68813750000E+06	2.320115E-02	-9.496426E+01
1.69000625000E+06	2.287296E-02	-9.530676E+01
1.69187500000E+06	2.317405E-02	-9.570639E+01
1.69374375000E+06	2.311317E-02	-9.504559E+01
1.69561250000E+06	2.288467E-02	-9.565615E+01
1.69748125000E+06	2.317520E-02	-9.537428E+01
1.69935000000E+06	2.303649E-02	-9.518484E+01
1.70121875000E+06	2.314836E-02	-9.581081E+01
1.70308750000E+06	2.319464E-02	-9.539670E+01
1.70495625000E+06	2.301466E-02	-9.542709E+01
1.70682500000E+06	2.333638E-02	-9.592577E+01
1.70869375000E+06	2.311815E-02	-9.562991E+01
1.71056250000E+06	2.329572E-02	-9.538823E+01
1.71243125000E+06	2.314283E-02	-9.566328E+01
1.71430000000E+06	2.340728E-02	-9.588837E+01
1.71616875000E+06	2.330640E-02	-9.534610E+01
1.71803750000E+06	2.346107E-02	-9.554229E+01
1.71990625000E+06	2.331542E-02	-9.497815E+01
1.72177500000E+06	2.332903E-02	-9.511756E+01
1.72364375000E+06	2.339014E-02	-9.579937E+01
1.72551250000E+06	2.334631E-02	-9.586572E+01
1.72738125000E+06	2.346705E-02	-9.581062E+01
1.72925000000E+06	2.342020E-02	-9.524944E+01
1.73111875000E+06	2.355756E-02	-9.588298E+01
1.73298750000E+06	2.348216E-02	-9.537115E+01
1.73485625000E+06	2.358838E-02	-9.558657E+01
1.73672500000E+06	2.365003E-02	-9.556632E+01
1.73859375000E+06	2.356994E-02	-9.583838E+01
1.74046250000E+06	2.374576E-02	-9.576199E+01
1.74233125000E+06	2.379229E-02	-9.526028E+01
1.74420000000E+06	2.373105E-02	-9.549403E+01
1.74606875000E+06	2.377087E-02	-9.535410E+01
1.74793750000E+06	2.396328E-02	-9.574190E+01
1.74980625000E+06	2.376381E-02	-9.547527E+01
1.75167500000E+06	2.371403E-02	-9.528928E+01
1.75354375000E+06	2.368382E-02	-9.571675E+01
1.75541250000E+06	2.387684E-02	-9.542213E+01
1.75728125000E+06	2.375965E-02	-9.569595E+01
1.75915000000E+06	2.374321E-02	-9.557481E+01
1.76101875000E+06	2.382743E-02	-9.606219E+01
1.76288750000E+06	2.382589E-02	-9.569210E+01
1.76475625000E+06	2.404696E-02	-9.522093E+01
1.76662500000E+06	2.383984E-02	-9.529570E+01
1.76849375000E+06	2.395429E-02	-9.589745E+01
1.77036250000E+06	2.404749E-02	-9.573248E+01
1.77223125000E+06	2.410556E-02	-9.575832E+01
1.77410000000E+06	2.422686E-02	-9.601746E+01
1.77596875000E+06	2.414991E-02	-9.596644E+01
1.77783750000E+06	2.412352E-02	-9.578489E+01
1.77970625000E+06	2.424979E-02	-9.563686E+01
1.78157500000E+06	2.420107E-02	-9.564428E+01
1.78344375000E+06	2.420397E-02	-9.560889E+01
1.78531250000E+06	2.431582E-02	-9.593058E+01
1.78718125000E+06	2.424538E-02	-9.557673E+01
1.78905000000E+06	2.447680E-02	-9.604726E+01
1.79091875000E+06	2.435561E-02	-9.597565E+01
1.79278750000E+06	2.429138E-02	-9.519298E+01
1.79465625000E+06	2.454344E-02	-9.556986E+01
1.79652500000E+06	2.434196E-02	-9.542233E+01
1.79839375000E+06	2.440715E-02	-9.574094E+01
1.80026250000E+06	2.442087E-02	-9.570304E+01
1.80213125000E+06	2.474723E-02	-9.600626E+01
1.80400000000E+06	2.438677E-02	-9.560497E+01
1.80586875000E+06	2.449253E-02	-9.525506E+01
1.80773750000E+06	2.473419E-02	-9.552962E+01
1.80960625000E+06	2.461155E-02	-9.559590E+01
1.81147500000E+06	2.471657E-02	-9.558239E+01
1.81334375000E+06	2.470108E-02	-9.593459E+01
1.81521250000E+06	2.462710E-02	-9.641473E+01
1.81708125000E+06	2.472674E-02	-9.583118E+01
1.81895000000E+06	2.489004E-02	-9.543658E+01
1.82081875000E+06	2.467333E-02	-9.555830E+01
1.82268750000E+06	2.483735E-02	-9.591386E+01
1.82455625000E+06	2.488092E-02	-9.606314E+01
1.82642500000E+06	2.474819E-02	-9.524604E+01
1.82829375000E+06	2.485009E-02	-9.617299E+01
1.83016250000E+06	2.500841E-02	-9.548333E+01
1.83203125000E+06	2.511598E-02	-9.550163E+01
1.83390000000E+06	2.498846E-02	-9.570671E+01
1.83576875000E+06	2.510995E-02	-9.612341E+01
1.83763750000E+06	2.481121E-02	-9.582418E+01
1.83950625000E+06	2.535410E-02	-9.581970E+01
1.84137500000E+06	2.506813E-02	-9.656615E+01
1.84324375000E+06	2.518905E-02	-9.582072E+01
1.84511250000E+06	2.507994E-02	-9.537858E+01
1.84698125000E+06	2.515724E-02	-9.645026E+01
1.84885000000E+06	2.511675E-02	-9.603204E+01
1.85071875000E+06	2.522827E-02	-9.634697E+01
1.85258750000E+06	2.526206E-02	-9.614841E+01
1.85445625000E+06	2.525113E-02	-9.580144E+01
1.85632500000E+06	2.527594E-02	-9.570164E+01
1.85819375000E+06	2.520613E-02	-9.622977E+01
1.86006250000E+06	2.522727E-02	-9.627493E+01
1.86193125000E+06	2.537686E-02	-9.571656E+01
1.86380000000E+06	2.542559E-02	-9.589707E+01
1.86566875000E+06	2.533430E-02	-9.581646E+01
1.86753750000E+06	2.543295E-02	-9.601857E+01
1.86940625000E+06	2.547912E-02	-9.565601E+01
1.87127500000E+06	2.546381E-02	-9.625187E+01
1.87314375000E+06	2.545992E-02	-9.589126E+01
1.87501250000E+06	2.556716E-02	-9.586251E+01
1.87688125000E+06	2.541713E-02	-9.591008E+01
1.87875000000E+06	2.556696E-02	-9.612916E+01
1.88061875000E+06	2.542983E-02	-9.635806E+01
1.88248750000E+06	2.569793E-02	-9.591266E+01
1.88435625000E+06	2.554250E-02	-9.649545E+01
1.88622500000E+06	2.577647E-02	-9.622025E+01
1.88809375000E+06	2.559452E-02	-9.584433E+01
1.88996250000E+06	2.563728E-02	-9.644083E+01
1.89183125000E+06	2.570612E-02	-9.618782E+01
1.89370000000E+06	2.563331E-02	-9.666309E+01
1.89556875000E+06	2.578874E-02	-9.596816E+01
1.89743750000E+06	2.591425E-02	-9.606424E+01
1.89930625000E+06	2.572502E-02	-9.568649E+01
1.90117500000E+06	2.591874E-02	-9.612626E+01
1.90304375000E+06	2.593207E-02	-9.577952E+01
1.90491250000E+06	2.594217E-02	-9.617018E+01
1.90678125000E+06	2.591277E-02	-9.575951E+01
1.90865000000E+06	2.593257E-02	-9.628632E+01
1.91051875000E+06	2.596215E-02	-9.580454E+01
1.91238750000E+06	2.584323E-02	-9.574875E+01
1.91425625000E+06	2.613523E-02	-9.614430E+01
1.91612500000E+06	2.600183E-02	-9.611005E+01
1.91799375000E+06	2.604284E-02	-9.612179E+01
1.91986250000E+06	2.613089E-02	-9.621711E+01
1.92173125000E+06	2.622554E-02	-9.627208E+01
1.92360000000E+06	2.616047E-02	-9.610526E+01
1.92546875000E+06	2.626307E-02	-9.615326E+01
1.92733750000E+06	2.620181E-02	-9.621654E+01
1.92920625000E+06	2.635220E-02	-9.617926E+01
1.93107500000E+06	2.622970E-02	-9.611173E+01
1.93294375000E+06	2.640702E-02	-9.595436E+01
1.93481250000E+06	2.637010E-02	-9.624181E+01
1.93668125000E+06	2.635184E-02	-9.609884E+01
1.93855000000E+06	2.635548E-02	-9.597790E+01
1.94041875000E+06	2.644739E-02	-9.630271E+01
1.94228750000E+06	2.638394E-02	-9.627569E+01
1.94415625000E+06	2.636694E-02	-9.636324E+01
1.94602500000E+06	2.649199E-02	-9.628596E+01
1.94789375000E+06	2.650232E-02	-9.632216E+01
1.94976250000E+06	2.648038E-02	-9.634700E+01
1.95163125000E+06	2.644571E-02	-9.604329E+01
1.95350000000E+06	2.654308E-02	-9.638868E+01
1.95536875000E+06	2.650512E-02	-9.634358E+01
1.95723750000E+06	2.677439E-02	-9.626340E+01
1.95910625000E+06	2.660316E-02	-9.584156E+01
1.96097500000E+06	2.670065E-02	-9.605552E+01
1.96284375000E+06	2.672640E-02	-9.629290E+01
1.96471250000E+06	2.666307E-02	-9.621642E+01
1.96658125000E+06	2.682214E-02	-9.676822E+01
1.96845000000E+06	2.671224E-02	-9.647767E+01
1.97031875000E+06	2.692078E-02	-9.640126E+01
1.97218750000E+06	2.688552E-02	-9.628646E+01
1.97405625000E+06	2.698035E-02	-9.623811E+01
1.97592500000E+06	2.674638E-02	-9.595728E+01
1.97779375000E+06	2.693462E-02	-9.635682E+01
1.97966250000E+06	2.697919E-02	-9.653228E+01
1.98153125000E+06	2.694543E-02	-9.636319E+01
1.98340000000E+06	2.702812E-02	-9.633929E+01
1.98526875000E+06	2.694396E-02	-9.596928E+01
1.98713750000E+06	2.705399E-02	-9.574936E+01
1.98900625000E+06	2.708931E-02	-9.617349E+01
1.99087500000E+06	2.717729E-02	-9.668047E+01
1.99274375000E+06	2.737896E-02	-9.667113E+01
1.99461250000E+06	2.689117E-02	-9.597402E+01
1.99648125000E+06	2.730396E-02	-9.674952E+01
1.99835000000E+06	2.705215E-02	-9.548997E+01
2.00021875000E+06	2.708188E-02	-9.637197E+01
2.00208750000E+06	2.707440E-02	-9.631452E+01
2.00395625000E+06	2.727348E-02	-9.617361E+01
2.00582500000E+06	2.725976E-02	-9.632145E+01
2.00769375000E+06	2.735134E-02	-9.630853E+01
2.00956250000E+06	2.726868E-02	-9.670651E+01
2.01143125000E+06	2.707201E-02	-9.576534E+01
2.01330000000E+06	2.744087E-02	-9.600430E+01
2.01516875000E+06	2.746627E-02	-9.627666E+01
2.01703750000E+06	2.736315E-02	-9.643126E+01
2.01890625000E+06	2.744880E-02	-9.661374E+01
2.02077500000E+06	2.752467E-02	-9.651591E+01
2.02264375000E+06	2.743545E-02	-9.684200E+01
2.02451250000E+06	2.776079E-02	-9.661854E+01
2.02638125000E+06	2.764434E-02	-9.678973E+01
2.02825000000E+06	2.745651E-02	-9.613144E+01
2.03011875000E+06	2.769927E-02	-9.637521E+01
2.03198750000E+06	2.780712E-02	-9.621770E+01
2.03385625000E+06	2.743611E-02	-9.642785E+01
2.03572500000E+06	2.776601E-02	-9.632249E+01
2.03759375000E+06	2.771018E-02	-9.618237E+01
2.03946250000E+06	2.762592E-02	-9.638252E+01
2.04133125000E+06	2.780689E-02	-9.620115E+01
2.04320000000E+06	2.783826E-02	-9.636362E+01
2.04506875000E+06	2.793961E-02	-9.617528E+01
2.04693750000E+06	2.791438E-02	-9.611414E+01
2.04880625000E+06	2.796758E-02	-9.682236E+01
2.05067500000E+06	2.802321E-02	-9.669305E+01
2.05254375000E+06	2.786278E-02	-9.651783E+01
2.05441250000E+06	2.791498E-02	-9.647601E+01
2.05628125000E+06	2.783665E-02	-9.650518E+01
2.05815000000E+06	2.798370E-02	-9.677291E+01
2.06001875000E+06	2.807109E-02	-9.671059E+01
2.06188750000E+06	2.817442E-02	-9.641448E+01
2.06375625000E+06	2.798581E-02	-9.643774E+01
2.06562500000E+06	2.808710E-02	-9.673624E+01
2.06749375000E+06	2.797276E-02	-9.651531E+01
2.06936250000E+06	2.819117E-02	-9.697820E+01
2.07123125000E+06	2.827576E-02	-9.631569E+01
2.07310000000E+06	2.827447E-02	-9.639961E+01
2.07496875000E+06	2.833359E-02	-9.622511E+01
2.07683750000E+06	2.819116E-02	-9.663559E+01
2.07870625000E+06	2.819767E-02	-9.656115E+01
2.08057500000E+06	2.835740E-02	-9.649282E+01
2.08244375000E+06	2.830596E-02	-9.646147E+01
2.08431250000E+06	2.840927E-02	-9.646979E+01
2.08618125000E+06	2.848450E-02	-9.682375E+01
2.08805000000E+06	2.847230E-02	-9.652573E+01
2.08991875000E+06	2.847846E-02	-9.647134E+01
2.09178750000E+06	2.836541E-02	-9.634408E+01
2.09365625000E+06	2.841432E-02	-9.648354E+01
2.09552500000E+06	2.843752E-02	-9.673851E+01
2.09739375000E+06	2.840173E-02	-9.669186E+01
2.09926250000E+06	2.859023E-02	-9.672761E+01
2.10113125000E+06	2.860575E-02	-9.632375E+01
2.10300000000E+06	2.857621E-02	-9.624831E+01
2.10486875000E+06	2.867054E-02	-9.650595E+01
2.10673750000E+06	2.867884E-02	-9.676030E+01
2.10860625000E+06	2.874640E-02	-9.663582E+01
2.11047500000E+06	2.863895E-02	-9.638931E+01
2.11234375000E+06	2.875052E-02	-9.643757E+01
2.11421250000E+06	2.864564E-02	-9.628957E+01
2.11608125000E+06	2.869346E-02	-9.667321E+01
2.11795000000E+06	2.889539E-02	-9.652397E+01
2.11981875000E+06	2.884623E-02	-9.677542E+01
2.12168750000E+06	2.892250E-02	-9.670070E+01
2.12355625000E+06	2.873921E-02	-9.664971E+01
2.12542500000E+06	2.893239E-02	-9.640934E+01
2.12729375000E+06	2.890936E-02	-9.647522E+01
2.12916250000E+06	2.896275E-02	-9.646882E+01
2.13103125000E+06	2.890272E-02	-9.649928E+01
2.13290000000E+06	2.902826E-02	-9.644677E+01
2.13476875000E+06	2.896693E-02	-9.659366E+01
2.13663750000E+06	2.914266E-02	-9.682543E+01
2.13850625000E+06	2.898081E-02	-9.641431E+01
2.14037500000E+06	2.905388E-02	-9.643400E+01
2.14224375000E+06	2.905341E-02	-9.668765E+01
2.14411250000E+06	2.907910E-02	-9.682563E+01
2.14598125000E+06	2.901951E-02	-9.670547E+01
2.14785000000E+06	2.924512E-02	-9.672190E+01
2.14971875000E+06	2.925598E-02	-9.645901E+01
2.15158750000E+06	2.921525E-02	-9.649494E+01
2.15345625000E+06	2.924635E-02	-9.641507E+01
2.15532500000E+06	2.935109E-02	-9.657065E+01
2.15719375000E+06	2.936450E-02	-9.668581E+01
2.15906250000E+06	2.940000E-02	-9.655788E+01
2.16093125000E+06	2.918783E-02	-9.700553E+01
2.16280000000E+06	2.953342E-02	-9.662765E+01
2.16466875000E+06	2.950473E-02	-9.629833E+01
2.16653750000E+06	2.950065E-02	-9.684592E+01
2.16840625000E+06	2.936785E-02	-9.664439E+01
2.17027500000E+06	2.954551E-02	-9.693892E+01
2.17214375000E+06	2.965140E-02	-9.658809E+01
2.17401250000E+06	2.969807E-02	-9.632641E+01
2.17588125000E+06	2.940838E-02	-9.682253E+01
2.17775000000E+06	2.956837E-02	-9.679100E+01
2.17961875000E+06	2.947908E-02	-9.615788E+01
2.18148750000E+06	2.965918E-02	-9.643761E+01
2.18335625000E+06	2.959951E-02	-9.707042E+01
2.18522500000E+06	2.979639E-02	-9.673022E+01
2.18709375000E+06	2.988105E-02	-9.687886E+01
2.18896250000E+06	2.972950E-02	-9.642312E+01
2.19083125000E+06	2.989125E-02	-9.719513E+01
2.19270000000E+06	2.995897E-02	-9.733733E+01
2.19456875000E+06	2.948281E-02	-9.655608E+01
2.19643750000E+06	2.992132E-02	-9.631061E+01
2.19830625000E+06	2.968084E-02	-9.696004E+01
2.20017500000E+06	3.012724E-02	-9.649958E+01
2.20204375000E+06	2.990193E-02	-9.623021E+01
2.20391250000E+06	2.989754E-02	-9.714936E+01
2.20578125000E+06	3.017034E-02	-9.658730E+01
2.20765000000E+06	3.011738E-02	-9.676334E+01
2.20951875000E+06	3.011594E-02	-9.658998E+01
2.21138750000E+06	2.999788E-02	-9.689016E+01
2.21325625000E+06	3.001873E-02	-9.692508E+01
2.21512500000E+06	3.031272E-02	-9.653348E+01
2.21699375000E+06	3.024745E-02	-9.670952E+01
2.21886250000E+06	3.029728E-02	-9.697204E+01
2.22073125000E+06	3.034714E-02	-9.700439E+01
2.22260000000E+06	3.038845E-02	-9.683111E+01
2.22446875000E+06	3.007455E-02	-9.718356E+01
2.22633750000E+06	3.050136E-02	-9.689594E+01
2.22820625000E+06	3.043695E-02	-9.659475E+01
2.23007500000E+06	3.055665E-02	-9.644267E+01
2.23194375000E+06	3.045278E-02	-9.666624E+01
2.23381250000E+06	3.033435E-02	-9.694025E+01
2.23568125000E+06	3.072445E-02	-9.683504E+01
2.23755000000E+06	3.052007E-02	-9.701211E+01
2.23941875000E+06	3.034383E-02	-9.671598E+01
2.24128750000E+06	3.036376E-02	-9.652011E+01
2.24315625000E+06	3.052205E-02	-9.697488E+01
2.24502500000E+06	3.064657E-02	-9.691547E+01
2.24689375000E+06	3.052940E-02	-9.658871E+01
2.24876250000E+06	3.069224E-02	-9.667999E+01
2.25063125000E+06	3.060307E-02	-9.642706E+01
2.25250000000E+06	3.072378E-02	-9.691533E+01
2.25436875000E+06	3.064906E-02	-9.696428E+01
2.25623750000E+06	3.064007E-02	-9.669524E+01
2.25810625000E+06	3.061000E-02	-9.663585E+01
2.25997500000E+06	3.074223E-02	-9.684606E+01
2.26184375000E+06	3.070793E-02	-9.676266E+01
2.26371250000E+06	3.082926E-02	-9.692029E+01
2.26558125000E+06	3.094402E-02	-9.676532E+01
2.26745000000E+06	3.090753E-02	-9.696990E+01
2.26931875000E+06	3.083811E-02	-9.670802E+01
2.27118750000E+06	3.092483E-02	-9.705298E+01
2.27305625000E+06	3.093174E-02	-9.683466E+01
2.27492500000E+06	3.100129E-02	-9.687385E+01
2.27679375000E+06	3.121671E-02	-9.706924E+01
2.27866250000E+06	3.107139E-02	-9.690116E+01
2.28053125000E+06	3.099387E-02	-9.668312E+01
2.28240000000E+06	3.115917E-02	-9.681036E+01
2.28426875000E+06	3.115943E-02	-9.635986E+01
2.28613750000E+06	3.128269E-02	-9.687849E+01
2.28800625000E+06	3.102627E-02	-9.675721E+01
2.28987500000E+06	3.135547E-02	-9.700288E+01
2.29174375000E+06	3.114312E-02	-9.689062E+01
2.29361250000E+06	3.124925E-02	-9.687643E+01
2.29548125000E+06	3.117532E-02	-9.675913E+01
2.29735000000E+06	3.120250E-02	-9.679359E+01
2.29921875000E+06	3.138482E-02	-9.690765E+01
2.30108750000E+06	3.134292E-02	-9.681089E+01
2.30295625000E+06	3.125820E-02	-9.707078E+01
2.30482500000E+06	3.161500E-02	-9.680386E+01
2.30669375000E+06	3.149252E-02	-9.708912E+01
2.30856250000E+06	3.158680E-02	-9.692236E+01
2.31043125000E+06	3.160322E-02	-9.690810E+01
2.31230000000E+06	3.157105E-02	-9.699937E+01
2.31416875000E+06	3.152917E-02	-9.677930E+01
2.31603750000E+06	3.163373E-02	-9.698882E+01
2.31790625000E+06	3.157008E-02	-9.682102E+01
2.31977500000E+06	3.157469E-02	-9.697375E+01
2.32164375000E+06	3.156548E-02	-9.681586E+01
2.32351250000E+06	3.174017E-02	-9.707739E+01
2.32538125000E+06	3.169784E-02	-9.709523E+01
2.32725000000E+06	3.162481E-02	-9.687760E+01
2.32911875000E+06	3.170033E-02	-9.683559E+01
2.33098750000E+06	3.179285E-02	-9.665860E+01
2.33285625000E+06	3.166594E-02	-9.691534E+01
2.33472500000E+06	3.179262E-02	-9.704839E+01
2.33659375000E+06	3.182790E-02	-9.687183E+01
2.33846250000E+06	3.193519E-02	-9.684377E+01
2.34033125000E+06	3.200498E-02	-9.716888E+01
2.34220000000E+06	3.197100E-02	-9.684162E+01
2.34406875000E+06	3.203342E-02	-9.697865E+01
2.34593750000E+06	3.200182E-02	-9.699640E+01
2.34780625000E+06	3.212404E-02	-9.721064E+01
2.34967500000E+06	3.208097E-02	-9.698406E+01
2.35154375000E+06	3.204226E-02	-9.709765E+01
2.35341250000E+06	3.213345E-02	-9.694855E+01
2.35528125000E+06	3.204723E-02	-9.684111E+01
2.35715000000E+06	3.215192E-02	-9.696325E+01
2.35901875000E+06	3.215119E-02	-9.710027E+01
2.36088750000E+06	3.228319E-02	-9.714421E+01
2.36275625000E+06	3.232813E-02	-9.704667E+01
2.36462500000E+06	3.225011E-02	-9.703558E+01
2.36649375000E+06	3.222133E-02	-9.687697E+01
2.36836250000E+06	3.232088E-02	-9.717744E+01
2.37023125000E+06	3.226831E-02	-9.711320E+01
2.37210000000E+06	3.241942E-02	-9.691486E+01
2.37396875000E+06	3.250361E-02	-9.714788E+01
2.37583750000E+06	3.241353E-02	-9.692023E+01
2.37770625000E+06	3.244625E-02	-9.707290E+01
2.37957500000E+06	3.255083E-02	-9.687325E+01
2.38144375000E+06	3.251656E-02	-9.705449E+01
2.38331250000E+06	3.262680E-02	-9.708688E+01
2.38518125000E+06	3.252350E-02	-9.706030E+01
2.38705000000E+06	3.235095E-02	-9.707410E+01
2.38891875000E+06	3.260516E-02	-9.662309E+01
2.39078750000E+06	3.265577E-02	-9.709570E+01
2.39265625000E+06	3.264766E-02	-9.678056E+01
2.39452500000E+06	3.293880E-02	-9.712578E+01
2.39639375000E+06	3.273879E-02	-9.714022E+01
2.39826250000E+06	3.268937E-02	-9.690318E+01
2.40013125000E+06	3.283977E-02	-9.729057E+01
2.40200000000E+06	3.273114E-02	-9.713331E+01
2.40386875000E+06	3.290571E-02	-9.709899E+01
2.40573750000E+06	3.296151E-02	-9.715929E+01
2.40760625000E+06	3.276733E-02	-9.721980E+01
2.40947500000E+06	3.296923E-02	-9.716837E+01
2.41134375000E+06	3.307304E-02	-9.688573E+01
2.41321250000E+06	3.312455E-02	-9.708703E+01
2.41508125000E+06	3.300216E-02	-9.704483E+01
2.41695000000E+06	3.298429E-02	-9.721197E+01
2.41881875000E+06	3.302204E-02	-9.716306E+01
2.42068750000E+06	3.308775E-02	-9.698222E+01
2.42255625000E+06	3.317286E-02	-9.719082E+01
2.42442500000E+06	3.316990E-02	-9.718262E+01
2.42629375000E+06	3.332870E-02	-9.694825E+01
2.42816250000E+06	3.315640E-02	-9.743033E+01
2.43003125000E+06	3.297364E-02	-9.745282E+01
2.43190000000E+06	3.326035E-02	-9.714909E+01
2.43376875000E+06	3.304254E-02	-9.685141E+01
2.43563750000E+06	3.333714E-02	-9.757581E+01
2.43750625000E+06	3.347079E-02	-9.734547E+01
2.43937500000E+06	3.330241E-02	-9.701656E+01
2.44124375000E+06	3.364991E-02	-9.727332E+01
2.44311250000E+06	3.376972E-02	-9.732902E+01
2.44498125000E+06	3.362186E-02	-9.740597E+01
2.44685000000E+06	3.338692E-02	-9.679507E+01
2.44871875000E+06	3.326610E-02	-9.694225E+01
2.45058750000E+06	3.344056E-02	-9.700339E+01
2.45245625000E+06	3.350923E-02	-9.741778E+01
2.45432500000E+06	3.386819E-02	-9.751534E+01
2.45619375000E+06	3.346808E-02	-9.718710E+01
2.45806250000E+06	3.364626E-02	-9.730048E+01
2.45993125000E+06	3.377259E-02	-9.670539E+01
2.46180000000E+06	3.382854E-02	-9.712034E+01
2.46366875000E+06	3.331446E-02	-9.712664E+01
2.46553750000E+06	3.359947E-02	-9.697038E+01
2.46740625000E+06	3.368889E-02	-9.716109E+01
2.46927500000E+06	3.365171E-02	-9.759289E+01
2.47114375000E+06	3.375442E-02	-9.723884E+01
2.47301250000E+06	3.378058E-02	-9.712974E+01
2.47488125000E+06	3.398020E-02	-9.700757E+01
2.47675000000E+06	3.403278E-02	-9.718493E+01
2.47861875000E+06	3.382638E-02	-9.735878E+01
2.48048750000E+06	3.418740E-02	-9.709631E+01
2.48235625000E+06	3.401818E-02	-9.731989E+01
2.48422500000E+06	3.426704E-02	-9.721964E+01
2.48609375000E+06	3.427833E-02	-9.727013E+01
2.48796250000E+06	3.402730E-02	-9.730286E+01
2.48983125000E+06	3.394017E-02	-9.722693E+01
2.49170000000E+06	3.427593E-02	-9.713058E+01
2.49356875000E+06	3.414771E-02	-9.760792E+01
2.49543750000E+06	3.418015E-02	-9.736832E+01
2.49730625000E+06	3.421136E-02	-9.721192E+01
2.49917500000E+06	3.430659E-02	-9.748537E+01
2.50104375000E+06	3.428517E-02	-9.734626E+01
2.50291250000E+06	3.433216E-02	-9.736639E+01
2.50478125000E+06	3.441296E-02	-9.714906E+01
2.50665000000E+06	3.434727E-02	-9.754344E+01
2.50851875000E+06	3.430883E-02	-9.730016E+01
2.51038750000E+06	3.454424E-02	-9.720692E+01
2.51225625000E+06	3.447227E-02	-9.745127E+01
2.51412500000E+06	3.441448E-02	-9.736349E+01
2.51599375000E+06	3.461872E-02	-9.697516E+01
2.51786250000E+06	3.444222E-02	-9.760315E+01
2.51973125000E+06	3.446346E-02	-9.745245E+01
2.52160000000E+06	3.454000E-02	-9.766790E+01
2.52346875000E+06	3.444269E-02	-9.719803E+01
2.52533750000E+06	3.449240E-02	-9.735399E+01
2.52720625000E+06	3.455193E-02	-9.734160E+01
2.52907500000E+06	3.472487E-02	-9.742426E+01
2.53094375000E+06	3.462704E-02	-9.713515E+01
2.53281250000E+06	3.481042E-02	-9.730663E+01
2.53468125000E+06	3.469450E-02	-9.729572E+01
2.53655000000E+06	3.474194E-02	-9.763277E+01
2.53841875000E+06	3.469254E-02	-9.723167E+01
2.54028750000E+06	3.490543E-02	-9.718636E+01
2.54215625000E+06	3.474896E-02	-9.742807E+01
2.54402500000E+06	3.489444E-02	-9.730203E+01
2.54589375000E+06	3.488554E-02	-9.731115E+01
2.54776250000E+06	3.502174E-02	-9.748666E+01
2.54963125000E+06	3.492514E-02	-9.769920E+01
2.55150000000E+06	3.496797E-02	-9.743434E+01
2.55336875000E+06	3.486200E-02	-9.723418E+01
2.55523750000E+06	3.511578E-02	-9.748728E+01
2.55710625000E+06	3.514729E-02	-9.731777E+01
2.55897500000E+06	3.506466E-02	-9.737016E+01
2.56084375000E+06	3.514616E-02	-9.722277E+01
2.56271250000E+06	3.516508E-02	-9.755347E+01
2.56458125000E+06	3.530290E-02	-9.748228E+01
2.56645000000E+06	3.511091E-02	-9.745112E+01
2.56831875000E+06	3.526946E-02	-9.729337E+01
2.57018750000E+06	3.525782E-02	-9.721481E+01
2.57205625000E+06	3.518837E-02	-9.746020E+01
2.57392500000E+06	3.529077E-02	-9.731103E+01
2.57579375000E+06	3.541344E-02	-9.735158E+01
2.57766250000E+06	3.536103E-02	-9.755875E+01
2.57953125000E+06	3.547018E-02	-9.740437E+01
2.58140000000E+06	3.553497E-02	-9.750854E+01
2.58326875000E+06	3.558661E-02	-9.749760E+01
2.58513750000E+06	3.559678E-02	-9.773676E+01
2.58700625000E+06	3.554598E-02	-9.757738E+01
2.58887500000E+06	3.544324E-02	-9.736193E+01
2.59074375000E+06	3.556619E-02	-9.743189E+01
2.59261250000E+06	3.570345E-02	-9.763701E+01
2.59448125000E+06	3.555021E-02	-9.756419E+01
2.59635000000E+06	3.562852E-02	-9.752818E+01
2.59821875000E+06	3.567404E-02	-9.734305E+01
2.60008750000E+06	3.565070E-02	-9.743388E+01
2.60195625000E+06	3.578668E-02	-9.755311E+01
2.60382500000E+06	3.562938E-02	-9.765113E+01
2.60569375000E+06	3.578701E-02	-9.751315E+01
2.60756250000E+06	3.580612E-02	-9.745899E+01
2.60943125000E+06	3.591016E-02	-9.741080E+01
2.61130000000E+06	3.585065E-02	-9.743633E+01
2.61316875000E+06	3.581025E-02	-9.758598E+01
2.61503750000E+06	3.588262E-02	-9.761718E+01
2.61690625000E+06	3.584861E-02	-9.761627E+01
2.61877500000E+06	3.607048E-02	-9.776438E+01
2.62064375000E+06	3.597272E-02	-9.762690E+01
2.62251250000E+06	3.610054E-02	-9.760323E+01
2.62438125000E+06	3.608995E-02	-9.752797E+01
2.62625000000E+06	3.618122E-02	-9.759591E+01
2.62811875000E+06	3.604249E-02	-9.778283E+01
2.62998750000E+06	3.610786E-02	-9.753950E+01
2.63185625000E+06	3.602989E-02	-9.749862E+01
2.63372500000E+06	3.612812E-02	-9.766963E+01
2.63559375000E+06	3.627664E-02	-9.772492E+01
2.63746250000E+06	3.624912E-02	-9.755286E+01
2.63933125000E+06	3.627085E-02	-9.751988E+01
2.64120000000E+06	3.634032E-02	-9.767635E+01
2.64306875000E+06	3.626278E-02	-9.745375E+01
2.64493750000E+06	3.636574E-02	-9.752717E+01
2.64680625000E+06	3.646364E-02	-9.770004E+01
2.64867500000E+06	3.640440E-02	-9.763811E+01
2.65054375000E+06	3.646374E-02	-9.758636E+01
2.65241250000E+06	3.646575E-02	-9.753877E+01
2.65428125000E+06	3.648169E-02	-9.773027E+01
2.65615000000E+06	3.647960E-02	-9.771495E+01
2.65801875000E+06	3.645516E-02	-9.752106E+01
2.65988750000E+06	3.658696E-02	-9.761860E+01
2.66175625000E+06	3.661868E-02	-9.767696E+01
2.66362500000E+06	3.662118E-02	-9.754359E+01
2.66549375000E+06	3.654644E-02	-9.782478E+01
2.66736250000E+06	3.674870E-02	-9.749919E+01
2.66923125000E+06	3.664105E-02	-9.756753E+01
2.67110000000E+06	3.676980E-02	-9.767964E+01
2.67296875000E+06	3.685797E-02	-9.787730E+01
2.67483750000E+06	3.691223E-02	-9.750365E+01
2.67670625000E+06	3.687542E-02	-9.761951E+01
2.67857500000E+06	3.692210E-02	-9.776627E+01
2.68044375000E+06	3.691817E-02	-9.776264E+01
2.68231250000E+06	3.696140E-02	-9.772836E+01
2.68418125000E+06	3.700070E-02	-9.768623E+01
2.68605000000E+06	3.693982E-02	-9.785413E+01
2.68791875000E+06	3.698026E-02	-9.752561E+01
2.68978750000E+06	3.727782E-02	-9.760575E+01
2.69165625000E+06	3.711841E-02	-9.769348E+01
2.69352500000E+06	3.699745E-02	-9.769516E+01
2.69539375000E+06	3.714032E-02	-9.758741E+01
2.69726250000E+06	3.714881E-02	-9.758534E+01
2.69913125000E+06	3.713332E-02	-9.773125E+01
2.70100000000E+06	3.723816E-02	-9.779488E+01
2.70286875000E+06	3.725618E-02	-9.775017E+01
2.70473750000E+06	3.720221E-02	-9.769995E+01
2.70660625000E+06	3.739053E-02	-9.784161E+01
2.70847500000E+06	3.734929E-02	-9.777081E+01
2.71034375000E+06	3.728239E-02	-9.822604E+01
2.71221250000E+06	3.769102E-02	-9.771867E+01
2.71408125000E+06	3.720261E-02	-9.723993E+01
2.71595000000E+06	3.744539E-02	-9.783486E+01
2.71781875000E+06	3.761399E-02	-9.782500E+01
2.71968750000E+06	3.759116E-02	-9.790140E+01
2.72155625000E+06	3.762801E-02	-9.781930E+01
2.72342500000E+06	3.741081E-02	-9.786920E+01
2.72529375000E+06	3.766951E-02	-9.764391E+01
2.72716250000E+06	3.770556E-02	-9.794835E+01
2.72903125000E+06	3.762168E-02	-9.732707E+01
2.73090000000E+06	3.753663E-02	-9.819686E+01
2.73276875000E+06	3.740300E-02	-9.769754E+01
2.73463750000E+06	3.764466E-02	-9.739445E+01
2.73650625000E+06	3.761388E-02	-9.819247E+01
2.73837500000E+06	3.755471E-02	-9.823774E+01
2.74024375000E+06	3.777972E-02	-9.791953E+01
2.74211250000E+06	3.795536E-02	-9.741360E+01
2.74398125000E+06	3.772133E-02	-9.796043E+01
2.74585000000E+06	3.790416E-02	-9.789312E+01
2.74771875000E+06	3.810331E-02	-9.777950E+01
2.74958750000E+06	3.798782E-02	-9.780685E+01
2.75145625000E+06	3.805410E-02	-9.785234E+01
2.75332500000E+06	3.792134E-02	-9.780903E+01
2.75519375000E+06	3.807733E-02	-9.781449E+01
2.75706250000E+06	3.793830E-02	-9.762549E+01
2.75893125000E+06	3.791866E-02	-9.790543E+01
2.76080000000E+06	3.810070E-02	-9.752117E+01
2.76266875000E+06	3.816215E-02	-9.769788E+01
2.76453750000E+06	3.807130E-02	-9.775595E+01
2.76640625000E+06	3.786252E-02	-9.835053E+01
2.76827500000E+06	3.813201E-02	-9.807219E+01
2.77014375000E+06	3.830430E-02	-9.789254E+01
2.77201250000E+06	3.834147E-02	-9.791558E+01
2.77388125000E+06	3.828461E-02	-9.761849E+01
2.77575000000E+06	3.828470E-02	-9.817381E+01
2.77761875000E+06	3.845482E-02	-9.747707E+01
2.77948750000E+06	3.842006E-02	-9.796664E+01
2.78135625000E+06	3.840833E-02	-9.833919E+01
2.78322500000E+06	3.857535E-02	-9.807928E+01
2.78509375000E+06	3.822571E-02	-9.790992E+01
2.78696250000E+06	3.832226E-02	-9.806084E+01
2.78883125000E+06	3.853616E-02	-9.791911E+01
2.79070000000E+06	3.852002E-02	-9.766579E+01
2.79256875000E+06	3.857607E-02	-9.782636E+01
2.79443750000E+06	3.852796E-02	-9.821417E+01
2.79630625000E+06	3.832250E-02	-9.777334E+01
2.79817500000E+06	3.871990E-02	-9.772072E+01
2.80004375000E+06	3.890913E-02	-9.827197E+01
2.80191250000E+06	3.879361E-02	-9.806016E+01
2.80378125000E+06	3.867112E-02	-9.793364E+01
2.80565000000E+06	3.867725E-02	-9.790015E+01
2.80751875000E+06	3.870630E-02	-9.829222E+01
2.80938750000E+06	3.891347E-02	-9.814742E+01
2.81125625000E+06	3.872764E-02	-9.835088E+01
2.81312500000E+06	3.878843E-02	-9.771115E+01
2.81499375000E+06	3.873387E-02	-9.804240E+01
2.81686250000E+06	3.872878E-02	-9.793534E+01
2.81873125000E+06	3.900578E-02	-9.837705E+01
2.82060000000E+06	3.883564E-02	-9.806143E+01
2.82246875000E+06	3.895477E-02	-9.793782E+01
2.82433750000E+06	3.896270E-02	-9.789779E+01
2.82620625000E+06	3.901499E-02	-9.800883E+01
2.82807500000E+06	3.899403E-02	-9.805653E+01
2.82994375000E+06	3.920240E-02	-9.799715E+01
2.83181250000E+06	3.920863E-02	-9.801234E+01
2.83368125000E+06	3.920608E-02	-9.784666E+01
2.83555000000E+06	3.911053E-02	-9.824655E+01
2.83741875000E+06	3.934988E-02	-9.784835E+01
2.83928750000E+06	3.910151E-02	-9.791012E+01
2.84115625000E+06	3.944491E-02	-9.794143E+01
2.84302500000E+06	3.924753E-02	-9.798333E+01
2.84489375000E+06	3.921737E-02	-9.789504E+01
2.84676250000E+06	3.927957E-02	-9.803199E+01
2.84863125000E+06	3.935124E-02	-9.797123E+01
2.85050000000E+06	3.939313E-02	-9.816687E+01
2.85236875000E+06	3.939256E-02	-9.816740E+01
2.85423750000E+06	3.943050E-02	-9.826322E+01
2.85610625000E+06	3.953828E-02	-9.823360E+01
2.85797500000E+06	3.956482E-02	-9.826017E+01
2.85984375000E+06	3.969861E-02	-9.790092E+01
2.86171250000E+06	3.955911E-02	-9.793698E+01
2.86358125000E+06	3.950671E-02	-9.817924E+01
2.86545000000E+06	3.956723E-02	-9.802603E+01
2.86731875000E+06	3.966171E-02	-9.813439E+01
2.86918750000E+06	3.974332E-02	-9.807951E+01
2.87105625000E+06	3.988967E-02	-9.821255E+01
2.87292500000E+06	3.995614E-02	-9.803893E+01
2.87479375000E+06	3.969767E-02	-9.808190E+01
2.87666250000E+06	3.976152E-02	-9.784145E+01
2.87853125000E+06	3.985718E-02	-9.841686E+01
2.88040000000E+06	3.992373E-02	-9.818981E+01
2.88226875000E+06	3.989139E-02	-9.820580E+01
2.88413750000E+06	3.986196E-02	-9.789569E+01
2.88600625000E+06	3.991442E-02	-9.822488E+01
2.88787500000E+06	3.999704E-02	-9.831297E+01
2.88974375000E+06	4.002777E-02	-9.821057E+01
2.89161250000E+06	3.998016E-02	-9.803276E+01
2.89348125000E+06	4.014064E-02	-9.803316E+01
2.89535000000E+06	4.011675E-02	-9.797148E+01
2.89721875000E+06	4.010537E-02	-9.816241E+01
2.89908750000E+06	4.014720E-02	-9.811618E+01
2.90095625000E+06	4.012632E-02	-9.811314E+01
2.90282500000E+06	4.019710E-02	-9.810059E+01
2.90469375000E+06	4.025177E-02	-9.800263E+01
2.90656250000E+06	4.032077E-02	-9.819569E+01
2.90843125000E+06	4.009648E-02	-9.823915E+01
2.91030000000E+06	4.028397E-02	-9.821677E+01
2.91216875000E+06	4.046289E-02	-9.804572E+01
2.91403750000E+06	4.028386E-02	-9.819908E+01
2.91590625000E+06	4.034673E-02	-9.808719E+01
2.91777500000E+06	4.053029E-02	-9.824382E+01
2.91964375000E+06	4.045625E-02	-9.824739E+01
2.92151250000E+06	4.046621E-02	-9.835808E+01
2.92338125000E+06	4.054084E-02	-9.812801E+01
2.92525000000E+06	4.045249E-02	-9.804057E+01
2.92711875000E+06	4.068387E-02	-9.825661E+01
2.92898750000E+06	4.068668E-02	-9.835745E+01
2.93085625000E+06	4.060429E-02	-9.808902E+01
2.93272500000E+06	4.076358E-02	-9.812701E+01
2.93459375000E+06	4.079520E-02	-9.827863E+01
2.93646250000E+06	4.064681E-02	-9.809128E+01
2.93833125000E+06	4.069161E-02	-9.829780E+01
2.94020000000E+06	4.076072E-02	-9.829255E+01
2.94206875000E+06	4.064510E-02	-9.809231E+01
2.94393750000E+06	4.084730E-02	-9.835228E+01
2.94580625000E+06	4.086342E-02	-9.833287E+01
2.94767500000E+06	4.085086E-02	-9.830727E+01
2.94954375000E+06	4.089487E-02	-9.837958E+01
2.95141250000E+06	4.095101E-02	-9.834515E+01
2.95328125000E+06	4.096338E-02	-9.824573E+01
2.95515000000E+06	4.099754E-02	-9.825977E+01
2.95701875000E+06	4.099895E-02	-9.814825E+01
2.95888750000E+06	4.109200E-02	-9.845201E+01
2.96075625000E+06	4.113810E-02	-9.837354E+01
2.96262500000E+06	4.110156E-02	-9.840858E+01
2.96449375000E+06	4.111006E-02	-9.829241E+01
2.96636250000E+06	4.117975E-02	-9.838833E+01
2.96823125000E+06	4.129429E-02	-9.839751E+01
2.97010000000E+06	4.111751E-02	-9.830946E+01
2.97196875000E+06	4.119677E-02	-9.822275E+01
2.97383750000E+06	4.118882E-02	-9.830433E+01
2.97570625000E+06	4.122696E-02	-9.841332E+01
2.97757500000E+06	4.134838E-02	-9.835722E+01
2.97944375000E+06	4.146050E-02	-9.821479E+01
2.98131250000E+06	4.130593E-02	-9.838098E+01
2.98318125000E+06	4.133855E-02	-9.830692E+01
2.98505000000E+06	4.146207E-02	-9.825237E+01
2.98691875000E+06	4.149389E-02	-9.829734E+01
2.98878750000E+06	4.150018E-02	-9.834944E+01
2.99065625000E+06	4.149417E-02	-9.841770E+01
2.99252500000E+06	4.158488E-02	-9.834208E+01
2.99439375000E+06	4.156905E-02	-9.840604E+01
2.99626250000E+06	4.165834E-02	-9.844875E+01
2.99813125000E+06	4.160075E-02	-9.834347E+01
3.00000000000E+06	4.160219E-02	-9.840002E+01
