"E5100A REV3.14"
"DATE: Jul  1 2004"



"CHANNEL: 2"
"MEASURE TYPE: AR"
"FORMAT TYPE: LINMP"
"NUMBER of POINTS: 1601"
"SWEEP TIME:  3.458 s"
"SWEEP TYPE: LINF"
"SOURCE POWER: 0 dBm"
"IF BANDWIDTH: 500 Hz"

"Frequency"	"Main Array"	"Sub Array"
1.00000000000E+04	3.774898E-02	-1.012110E+02
1.18687500000E+04	1.269956E-02	1.599183E+02
1.37375000000E+04	9.839314E-03	3.082774E+01
1.56062500000E+04	5.289178E-03	1.597178E+02
1.74750000000E+04	3.656553E-03	-1.571891E+02
1.93437500000E+04	6.020318E-03	9.215229E+01
2.12125000000E+04	1.404427E-03	-1.151949E+02
2.30812500000E+04	1.258483E-03	-3.804569E+01
2.49500000000E+04	2.464865E-03	-1.378230E+01
2.68187500000E+04	1.057687E-03	4.581968E+01
2.86875000000E+04	6.652929E-04	-1.459225E+02
3.05562500000E+04	1.148251E-03	1.731839E+02
3.24250000000E+04	1.870894E-03	4.606052E+01
3.42937500000E+04	7.914107E-04	1.292502E+02
3.61625000000E+04	1.648563E-03	-2.288948E+01
3.80312500000E+04	1.198089E-03	1.632247E+02
3.99000000000E+04	6.531175E-04	-1.422200E+02
4.17687500000E+04	1.102806E-04	-2.958996E+01
4.36375000000E+04	6.414763E-04	-3.293823E+01
4.55062500000E+04	1.265470E-03	4.353448E+01
4.73750000000E+04	6.811827E-04	9.529226E+01
4.92437500000E+04	8.664870E-04	-4.562904E+01
5.11125000000E+04	3.316411E-04	1.053726E+02
5.29812500000E+04	6.133780E-04	1.288374E+02
5.48500000000E+04	5.114894E-04	-8.185632E+01
5.67187500000E+04	2.519420E-04	1.048531E+02
5.85875000000E+04	1.480176E-04	3.058587E+01
6.04562500000E+04	7.082519E-04	1.148375E+02
6.23250000000E+04	2.549739E-04	1.141946E+02
6.41937500000E+04	1.540982E-04	1.327791E+02
6.60625000000E+04	1.342163E-03	7.316153E+01
6.79312500000E+04	5.569361E-04	1.560428E+02
6.98000000000E+04	1.115307E-04	4.809059E+01
7.16687500000E+04	1.098707E-04	1.084939E+01
7.35375000000E+04	9.068379E-04	1.134248E+02
7.54062500000E+04	2.700248E-04	1.570874E+02
7.72750000000E+04	7.654844E-04	9.740157E+01
7.91437500000E+04	2.615823E-04	-1.891045E+01
8.10125000000E+04	6.795562E-04	2.769189E+01
8.28812500000E+04	1.203137E-04	1.427156E+02
8.47500000000E+04	4.227028E-04	7.475690E+01
8.66187500000E+04	3.427170E-04	6.669868E+01
8.84875000000E+04	6.599289E-04	9.094885E+01
9.03562500000E+04	4.304327E-04	8.606927E+01
9.22250000000E+04	5.094669E-04	1.173249E+02
9.40937500000E+04	5.156164E-04	6.479179E+01
9.59625000000E+04	7.796920E-04	1.146506E+02
9.78312500000E+04	9.133498E-04	6.000975E+01
9.97000000000E+04	6.510223E-04	1.099972E+02
1.01568750000E+05	1.503577E-04	-5.631797E+01
1.03437500000E+05	2.196658E-04	4.578930E+01
1.05306250000E+05	9.565058E-04	-1.483751E+02
1.07175000000E+05	6.344438E-04	7.401872E+01
1.09043750000E+05	3.767251E-04	8.816963E+01
1.10912500000E+05	1.867999E-03	3.169149E+01
1.12781250000E+05	8.391402E-04	8.191297E+01
1.14650000000E+05	7.862721E-04	6.156229E+01
1.16518750000E+05	2.776441E-04	-1.236794E+01
1.18387500000E+05	4.338036E-04	8.013161E+01
1.20256250000E+05	5.552571E-04	8.352283E+01
1.22125000000E+05	3.205897E-04	9.680135E+01
1.23993750000E+05	7.405828E-04	9.848682E+01
1.25862500000E+05	5.959141E-04	1.014264E+02
1.27731250000E+05	3.920334E-04	1.145629E+02
1.29600000000E+05	7.916632E-04	8.959352E+01
1.31468750000E+05	4.469059E-04	1.101110E+02
1.33337500000E+05	7.142756E-04	6.307219E+01
1.35206250000E+05	9.092842E-04	7.301797E+01
1.37075000000E+05	8.158875E-04	8.187543E+01
1.38943750000E+05	5.735815E-04	8.040423E+01
1.40812500000E+05	6.023967E-04	1.265313E+02
1.42681250000E+05	3.711893E-04	5.439249E+01
1.44550000000E+05	3.592912E-04	3.601747E+01
1.46418750000E+05	8.336784E-04	7.860042E+01
1.48287500000E+05	7.016782E-04	9.886737E+01
1.50156250000E+05	7.278320E-04	6.882817E+01
1.52025000000E+05	8.189069E-04	9.041722E+01
1.53893750000E+05	7.355263E-04	8.520107E+01
1.55762500000E+05	9.600113E-04	7.403088E+01
1.57631250000E+05	6.872267E-04	7.997337E+01
1.59500000000E+05	9.113455E-04	6.507122E+01
1.61368750000E+05	6.123772E-04	1.138711E+02
1.63237500000E+05	7.135283E-04	5.753660E+01
1.65106250000E+05	9.934190E-04	1.155570E+02
1.66975000000E+05	5.965699E-04	1.318369E+02
1.68843750000E+05	6.302779E-04	1.052670E+02
1.70712500000E+05	6.553110E-04	8.237824E+01
1.72581250000E+05	3.865240E-04	5.644399E+01
1.74450000000E+05	1.217592E-03	8.188474E+01
1.76318750000E+05	7.432487E-04	8.711385E+01
1.78187500000E+05	8.843535E-04	7.779992E+01
1.80056250000E+05	8.102566E-04	8.009098E+01
1.81925000000E+05	4.685490E-04	9.140902E+01
1.83793750000E+05	6.081773E-04	6.553268E+01
1.85662500000E+05	5.117436E-04	5.705888E+01
1.87531250000E+05	1.232222E-03	8.249916E+01
1.89400000000E+05	9.070564E-04	9.089508E+01
1.91268750000E+05	8.840738E-04	6.627488E+01
1.93137500000E+05	9.386943E-04	7.168642E+01
1.95006250000E+05	1.009523E-03	9.778410E+01
1.96875000000E+05	6.698118E-04	1.016503E+02
1.98743750000E+05	9.165209E-04	7.843195E+01
2.00612500000E+05	6.906989E-04	8.953901E+01
2.02481250000E+05	9.390205E-04	8.699218E+01
2.04350000000E+05	1.236387E-03	7.828662E+01
2.06218750000E+05	8.477813E-04	8.720185E+01
2.08087500000E+05	1.024282E-03	9.012945E+01
2.09956250000E+05	8.151059E-04	7.634166E+01
2.11825000000E+05	9.447566E-04	7.249848E+01
2.13693750000E+05	8.614468E-04	9.943483E+01
2.15562500000E+05	7.181955E-04	6.381905E+01
2.17431250000E+05	9.781140E-04	9.988414E+01
2.19300000000E+05	8.639515E-04	1.117195E+02
2.21168750000E+05	1.198830E-03	1.036363E+02
2.23037500000E+05	7.386366E-04	8.437600E+01
2.24906250000E+05	6.652524E-04	1.131542E+02
2.26775000000E+05	8.773918E-04	1.010060E+02
2.28643750000E+05	4.761335E-04	6.110166E+01
2.30512500000E+05	9.593667E-04	9.666372E+01
2.32381250000E+05	9.287100E-04	8.640561E+01
2.34250000000E+05	9.442539E-04	9.773917E+01
2.36118750000E+05	9.245820E-04	1.079645E+02
2.37987500000E+05	1.056591E-03	9.686636E+01
2.39856250000E+05	1.212090E-03	1.000764E+02
2.41725000000E+05	8.427596E-04	7.989558E+01
2.43593750000E+05	9.023290E-04	9.009382E+01
2.45462500000E+05	1.024114E-03	9.834507E+01
2.47331250000E+05	1.290443E-03	8.485851E+01
2.49200000000E+05	8.541655E-04	9.375051E+01
2.51068750000E+05	1.221121E-03	9.349010E+01
2.52937500000E+05	1.163969E-03	8.537743E+01
2.54806250000E+05	9.850946E-04	8.019398E+01
2.56675000000E+05	1.295669E-03	9.923140E+01
2.58543750000E+05	7.137480E-04	1.051150E+02
2.60412500000E+05	1.443420E-03	9.406152E+01
2.62281250000E+05	1.081597E-03	9.234129E+01
2.64150000000E+05	9.678605E-04	9.097868E+01
2.66018750000E+05	9.115782E-04	9.065325E+01
2.67887500000E+05	1.199053E-03	8.884380E+01
2.69756250000E+05	1.195693E-03	9.255926E+01
2.71625000000E+05	1.345778E-03	9.649326E+01
2.73493750000E+05	1.106402E-03	8.587128E+01
2.75362500000E+05	1.164440E-03	1.016342E+02
2.77231250000E+05	1.055975E-03	8.858138E+01
2.79100000000E+05	1.220553E-03	9.297044E+01
2.80968750000E+05	1.005634E-03	9.478544E+01
2.82837500000E+05	1.292859E-03	9.139370E+01
2.84706250000E+05	1.062196E-03	8.508112E+01
2.86575000000E+05	1.244442E-03	9.771971E+01
2.88443750000E+05	1.139658E-03	1.009691E+02
2.90312500000E+05	1.097596E-03	9.419171E+01
2.92181250000E+05	1.049668E-03	1.057546E+02
2.94050000000E+05	1.059622E-03	8.479964E+01
2.95918750000E+05	1.426421E-03	9.145570E+01
2.97787500000E+05	1.333920E-03	9.596061E+01
2.99656250000E+05	1.393120E-03	9.073566E+01
3.01525000000E+05	1.501724E-03	8.729691E+01
3.03393750000E+05	1.302233E-03	1.011117E+02
3.05262500000E+05	1.489721E-03	8.864808E+01
3.07131250000E+05	1.317165E-03	8.689481E+01
3.09000000000E+05	1.460895E-03	9.774475E+01
3.10868750000E+05	1.474620E-03	8.764498E+01
3.12737500000E+05	1.359310E-03	9.563249E+01
3.14606250000E+05	1.400184E-03	8.684640E+01
3.16475000000E+05	1.413925E-03	9.814361E+01
3.18343750000E+05	1.325891E-03	9.456504E+01
3.20212500000E+05	1.397465E-03	9.241514E+01
3.22081250000E+05	1.570241E-03	8.790731E+01
3.23950000000E+05	1.335929E-03	9.643315E+01
3.25818750000E+05	1.436904E-03	9.560943E+01
3.27687500000E+05	1.281246E-03	9.625254E+01
3.29556250000E+05	1.703546E-03	9.394169E+01
3.31425000000E+05	1.366657E-03	9.651005E+01
3.33293750000E+05	1.479513E-03	9.991404E+01
3.35162500000E+05	1.469402E-03	9.375507E+01
3.37031250000E+05	1.693657E-03	9.771608E+01
3.38900000000E+05	1.430152E-03	8.159164E+01
3.40768750000E+05	1.464549E-03	8.931094E+01
3.42637500000E+05	1.602313E-03	8.885465E+01
3.44506250000E+05	1.514021E-03	9.370415E+01
3.46375000000E+05	1.286665E-03	8.650016E+01
3.48243750000E+05	1.554914E-03	9.288860E+01
3.50112500000E+05	1.612373E-03	9.419373E+01
3.51981250000E+05	1.671765E-03	8.989919E+01
3.53850000000E+05	1.591002E-03	8.804922E+01
3.55718750000E+05	1.581266E-03	9.063869E+01
3.57587500000E+05	1.687596E-03	8.982368E+01
3.59456250000E+05	1.779850E-03	8.354025E+01
3.61325000000E+05	1.632253E-03	9.394868E+01
3.63193750000E+05	1.504606E-03	9.047745E+01
3.65062500000E+05	1.628187E-03	9.555379E+01
3.66931250000E+05	1.560462E-03	8.404627E+01
3.68800000000E+05	1.644480E-03	9.129669E+01
3.70668750000E+05	1.717384E-03	9.555257E+01
3.72537500000E+05	1.672047E-03	9.103655E+01
3.74406250000E+05	1.601103E-03	8.356454E+01
3.76275000000E+05	1.537086E-03	8.600226E+01
3.78143750000E+05	1.567630E-03	9.295083E+01
3.80012500000E+05	1.718938E-03	9.154874E+01
3.81881250000E+05	1.466845E-03	1.009648E+02
3.83750000000E+05	1.761795E-03	9.285905E+01
3.85618750000E+05	1.744580E-03	9.542825E+01
3.87487500000E+05	1.770048E-03	8.896480E+01
3.89356250000E+05	1.664992E-03	8.782066E+01
3.91225000000E+05	1.735449E-03	8.659540E+01
3.93093750000E+05	1.706536E-03	9.727345E+01
3.94962500000E+05	1.661135E-03	9.331614E+01
3.96831250000E+05	1.750480E-03	9.450640E+01
3.98700000000E+05	1.767875E-03	9.660996E+01
4.00568750000E+05	1.788967E-03	9.699935E+01
4.02437500000E+05	1.870545E-03	9.017204E+01
4.04306250000E+05	1.603147E-03	8.416747E+01
4.06175000000E+05	1.872040E-03	9.265784E+01
4.08043750000E+05	1.850449E-03	8.912510E+01
4.09912500000E+05	1.823723E-03	8.964903E+01
4.11781250000E+05	1.798233E-03	8.678030E+01
4.13650000000E+05	1.824402E-03	9.414880E+01
4.15518750000E+05	1.727169E-03	9.204977E+01
4.17387500000E+05	1.856214E-03	9.003848E+01
4.19256250000E+05	1.899022E-03	9.000836E+01
4.21125000000E+05	1.870881E-03	9.407319E+01
4.22993750000E+05	1.732902E-03	9.256194E+01
4.24862500000E+05	1.817167E-03	9.172279E+01
4.26731250000E+05	1.868956E-03	9.049654E+01
4.28600000000E+05	1.772407E-03	9.243295E+01
4.30468750000E+05	1.824607E-03	8.917029E+01
4.32337500000E+05	1.945823E-03	9.390446E+01
4.34206250000E+05	1.890689E-03	9.453974E+01
4.36075000000E+05	1.891474E-03	9.030509E+01
4.37943750000E+05	1.773032E-03	9.186186E+01
4.39812500000E+05	1.880835E-03	8.426086E+01
4.41681250000E+05	1.977398E-03	9.143349E+01
4.43550000000E+05	1.771962E-03	8.797462E+01
4.45418750000E+05	1.902193E-03	9.775349E+01
4.47287500000E+05	1.934386E-03	9.526141E+01
4.49156250000E+05	2.171506E-03	8.876682E+01
4.51025000000E+05	1.873837E-03	9.241731E+01
4.52893750000E+05	1.853864E-03	9.644069E+01
4.54762500000E+05	2.071251E-03	9.248943E+01
4.56631250000E+05	1.970401E-03	8.781557E+01
4.58500000000E+05	1.914714E-03	8.909447E+01
4.60368750000E+05	1.943202E-03	9.379018E+01
4.62237500000E+05	2.037232E-03	9.191546E+01
4.64106250000E+05	2.029081E-03	9.527555E+01
4.65975000000E+05	2.072103E-03	9.267236E+01
4.67843750000E+05	2.032291E-03	8.777837E+01
4.69712500000E+05	2.036422E-03	8.840303E+01
4.71581250000E+05	2.137140E-03	8.738805E+01
4.73450000000E+05	2.076955E-03	9.259299E+01
4.75318750000E+05	2.178001E-03	9.360770E+01
4.77187500000E+05	2.006999E-03	9.037054E+01
4.79056250000E+05	2.083704E-03	8.744186E+01
4.80925000000E+05	2.121376E-03	8.828277E+01
4.82793750000E+05	2.240328E-03	8.917249E+01
4.84662500000E+05	2.059545E-03	9.174300E+01
4.86531250000E+05	2.089730E-03	9.221370E+01
4.88400000000E+05	1.886027E-03	8.568613E+01
4.90268750000E+05	1.908677E-03	9.376662E+01
4.92137500000E+05	2.023030E-03	9.184578E+01
4.94006250000E+05	1.969374E-03	9.096644E+01
4.95875000000E+05	2.154531E-03	8.805240E+01
4.97743750000E+05	2.162433E-03	8.854119E+01
4.99612500000E+05	1.991344E-03	9.088433E+01
5.01481250000E+05	2.152531E-03	8.836049E+01
5.03350000000E+05	2.113083E-03	9.321564E+01
5.05218750000E+05	2.150526E-03	8.881963E+01
5.07087500000E+05	2.490014E-03	9.195305E+01
5.08956250000E+05	2.304097E-03	8.741341E+01
5.10825000000E+05	2.266836E-03	9.235651E+01
5.12693750000E+05	2.261206E-03	9.223019E+01
5.14562500000E+05	2.204360E-03	9.287154E+01
5.16431250000E+05	2.176117E-03	9.134853E+01
5.18300000000E+05	2.249966E-03	8.988538E+01
5.20168750000E+05	2.287025E-03	8.891104E+01
5.22037500000E+05	2.266248E-03	9.134792E+01
5.23906250000E+05	2.326518E-03	9.150728E+01
5.25775000000E+05	2.402511E-03	9.401057E+01
5.27643750000E+05	2.188450E-03	9.029429E+01
5.29512500000E+05	2.193283E-03	9.063537E+01
5.31381250000E+05	2.316362E-03	9.028018E+01
5.33250000000E+05	2.268580E-03	9.119789E+01
5.35118750000E+05	2.314310E-03	9.004254E+01
5.36987500000E+05	2.372596E-03	8.795428E+01
5.38856250000E+05	2.444155E-03	9.308501E+01
5.40725000000E+05	2.380035E-03	9.518288E+01
5.42593750000E+05	2.545063E-03	8.962673E+01
5.44462500000E+05	2.511373E-03	9.176075E+01
5.46331250000E+05	2.299944E-03	9.404560E+01
5.48200000000E+05	2.453581E-03	9.292075E+01
5.50068750000E+05	2.389645E-03	8.948058E+01
5.51937500000E+05	2.401850E-03	8.989507E+01
5.53806250000E+05	2.569641E-03	9.319973E+01
5.55675000000E+05	2.413640E-03	9.221130E+01
5.57543750000E+05	2.364873E-03	9.264117E+01
5.59412500000E+05	2.403318E-03	9.155586E+01
5.61281250000E+05	2.501558E-03	9.047480E+01
5.63150000000E+05	2.405284E-03	9.030514E+01
5.65018750000E+05	2.567833E-03	9.088114E+01
5.66887500000E+05	2.510483E-03	9.563917E+01
5.68756250000E+05	2.680525E-03	8.795515E+01
5.70625000000E+05	2.444799E-03	8.761624E+01
5.72493750000E+05	2.462055E-03	9.417297E+01
5.74362500000E+05	2.597317E-03	8.713255E+01
5.76231250000E+05	2.588606E-03	9.209797E+01
5.78100000000E+05	2.256567E-03	9.399291E+01
5.79968750000E+05	2.485915E-03	8.971352E+01
5.81837500000E+05	2.417257E-03	9.328572E+01
5.83706250000E+05	2.458497E-03	9.018592E+01
5.85575000000E+05	2.479553E-03	8.950112E+01
5.87443750000E+05	2.610551E-03	9.210740E+01
5.89312500000E+05	2.620158E-03	8.922468E+01
5.91181250000E+05	2.376513E-03	8.759641E+01
5.93050000000E+05	2.625582E-03	8.916042E+01
5.94918750000E+05	2.589862E-03	9.191655E+01
5.96787500000E+05	2.591102E-03	8.934418E+01
5.98656250000E+05	2.390968E-03	9.108510E+01
6.00525000000E+05	2.652653E-03	8.949696E+01
6.02393750000E+05	2.512982E-03	9.173119E+01
6.04262500000E+05	2.616291E-03	9.081660E+01
6.06131250000E+05	2.584513E-03	8.832020E+01
6.08000000000E+05	2.685727E-03	8.654102E+01
6.09868750000E+05	2.685573E-03	9.326717E+01
6.11737500000E+05	2.504209E-03	8.889035E+01
6.13606250000E+05	2.562641E-03	8.878488E+01
6.15475000000E+05	2.710146E-03	9.024892E+01
6.17343750000E+05	2.563043E-03	8.899975E+01
6.19212500000E+05	2.734363E-03	9.316418E+01
6.21081250000E+05	2.680341E-03	9.220759E+01
6.22950000000E+05	2.600695E-03	9.237723E+01
6.24818750000E+05	2.658046E-03	9.251279E+01
6.26687500000E+05	2.761894E-03	9.246193E+01
6.28556250000E+05	2.630919E-03	9.210352E+01
6.30425000000E+05	2.710198E-03	8.786171E+01
6.32293750000E+05	2.787011E-03	9.148339E+01
6.34162500000E+05	2.789692E-03	8.888501E+01
6.36031250000E+05	2.790263E-03	9.146741E+01
6.37900000000E+05	2.781700E-03	9.251407E+01
6.39768750000E+05	2.836618E-03	9.278519E+01
6.41637500000E+05	2.700379E-03	9.120599E+01
6.43506250000E+05	2.996656E-03	9.409424E+01
6.45375000000E+05	2.813393E-03	8.939783E+01
6.47243750000E+05	2.738294E-03	9.144387E+01
6.49112500000E+05	2.740229E-03	9.249766E+01
6.50981250000E+05	2.777412E-03	9.266260E+01
6.52850000000E+05	2.815268E-03	9.143689E+01
6.54718750000E+05	2.733576E-03	8.905530E+01
6.56587500000E+05	3.014552E-03	8.818130E+01
6.58456250000E+05	2.885652E-03	8.897051E+01
6.60325000000E+05	2.829128E-03	9.020893E+01
6.62193750000E+05	3.114974E-03	9.049329E+01
6.64062500000E+05	2.704743E-03	9.178175E+01
6.65931250000E+05	2.875932E-03	9.265813E+01
6.67800000000E+05	2.782564E-03	9.179057E+01
6.69668750000E+05	3.116704E-03	8.754852E+01
6.71537500000E+05	2.786415E-03	9.095421E+01
6.73406250000E+05	2.967038E-03	9.140591E+01
6.75275000000E+05	2.854641E-03	9.042983E+01
6.77143750000E+05	3.022247E-03	9.324945E+01
6.79012500000E+05	3.049055E-03	8.803259E+01
6.80881250000E+05	2.899664E-03	9.260085E+01
6.82750000000E+05	2.915172E-03	9.133607E+01
6.84618750000E+05	2.869782E-03	9.389901E+01
6.86487500000E+05	2.970686E-03	9.228775E+01
6.88356250000E+05	3.166467E-03	9.142784E+01
6.90225000000E+05	2.981713E-03	9.063242E+01
6.92093750000E+05	2.965144E-03	9.191249E+01
6.93962500000E+05	3.084588E-03	9.259219E+01
6.95831250000E+05	3.150736E-03	8.886583E+01
6.97700000000E+05	3.213352E-03	9.344464E+01
6.99568750000E+05	3.021520E-03	8.839368E+01
7.01437500000E+05	3.110054E-03	8.832649E+01
7.03306250000E+05	3.166162E-03	9.025600E+01
7.05175000000E+05	3.056244E-03	9.171539E+01
7.07043750000E+05	3.026020E-03	9.259616E+01
7.08912500000E+05	3.159367E-03	9.242973E+01
7.10781250000E+05	3.247332E-03	8.952129E+01
7.12650000000E+05	3.070448E-03	9.459390E+01
7.14518750000E+05	3.008262E-03	9.161443E+01
7.16387500000E+05	3.135722E-03	9.223204E+01
7.18256250000E+05	3.223604E-03	9.001953E+01
7.20125000000E+05	3.279791E-03	8.994936E+01
7.21993750000E+05	3.145173E-03	9.167326E+01
7.23862500000E+05	3.110163E-03	8.671861E+01
7.25731250000E+05	3.180543E-03	8.960126E+01
7.27600000000E+05	3.260008E-03	9.149842E+01
7.29468750000E+05	3.241024E-03	9.172792E+01
7.31337500000E+05	3.203350E-03	9.166943E+01
7.33206250000E+05	3.205528E-03	9.073334E+01
7.35075000000E+05	3.117003E-03	9.191161E+01
7.36943750000E+05	3.174361E-03	8.615154E+01
7.38812500000E+05	3.360998E-03	9.283918E+01
7.40681250000E+05	3.226049E-03	9.115039E+01
7.42550000000E+05	3.382887E-03	9.263020E+01
7.44418750000E+05	3.183904E-03	8.978071E+01
7.46287500000E+05	3.235577E-03	9.054223E+01
7.48156250000E+05	3.224237E-03	9.149748E+01
7.50025000000E+05	3.338001E-03	9.114859E+01
7.51893750000E+05	3.241685E-03	9.247638E+01
7.53762500000E+05	3.371770E-03	9.081671E+01
7.55631250000E+05	3.121094E-03	8.835144E+01
7.57500000000E+05	3.426195E-03	9.499855E+01
7.59368750000E+05	3.362175E-03	9.322159E+01
7.61237500000E+05	3.191240E-03	8.855250E+01
7.63106250000E+05	3.451856E-03	8.766720E+01
7.64975000000E+05	3.212095E-03	9.062701E+01
7.66843750000E+05	3.405687E-03	9.217494E+01
7.68712500000E+05	3.428353E-03	9.363966E+01
7.70581250000E+05	3.408974E-03	9.296534E+01
7.72450000000E+05	3.294935E-03	9.250356E+01
7.74318750000E+05	3.485593E-03	8.855033E+01
7.76187500000E+05	3.459290E-03	8.874451E+01
7.78056250000E+05	3.314621E-03	9.151344E+01
7.79925000000E+05	3.408744E-03	8.633313E+01
7.81793750000E+05	3.143735E-03	9.169360E+01
7.83662500000E+05	3.535893E-03	8.832388E+01
7.85531250000E+05	3.435279E-03	9.318047E+01
7.87400000000E+05	3.340842E-03	9.137137E+01
7.89268750000E+05	3.297417E-03	9.158250E+01
7.91137500000E+05	3.417344E-03	9.283350E+01
7.93006250000E+05	3.609571E-03	8.985404E+01
7.94875000000E+05	3.371748E-03	8.739747E+01
7.96743750000E+05	3.478311E-03	9.176013E+01
7.98612500000E+05	3.420407E-03	9.112392E+01
8.00481250000E+05	3.570477E-03	9.167107E+01
8.02350000000E+05	3.343275E-03	9.322707E+01
8.04218750000E+05	3.554108E-03	9.269019E+01
8.06087500000E+05	3.445650E-03	9.099696E+01
8.07956250000E+05	3.511751E-03	9.174529E+01
8.09825000000E+05	3.601089E-03	8.887711E+01
8.11693750000E+05	3.623113E-03	9.141316E+01
8.13562500000E+05	3.633698E-03	9.347758E+01
8.15431250000E+05	3.365362E-03	8.787652E+01
8.17300000000E+05	3.612767E-03	9.143967E+01
8.19168750000E+05	3.405920E-03	9.185741E+01
8.21037500000E+05	3.489104E-03	9.389784E+01
8.22906250000E+05	3.712214E-03	9.184090E+01
8.24775000000E+05	3.620330E-03	9.146154E+01
8.26643750000E+05	3.913728E-03	9.251512E+01
8.28512500000E+05	3.512282E-03	9.099223E+01
8.30381250000E+05	3.607491E-03	9.237920E+01
8.32250000000E+05	3.886673E-03	9.257335E+01
8.34118750000E+05	3.537302E-03	9.162303E+01
8.35987500000E+05	3.527006E-03	9.317969E+01
8.37856250000E+05	3.701024E-03	9.390725E+01
8.39725000000E+05	3.676077E-03	9.342868E+01
8.41593750000E+05	3.580898E-03	8.879097E+01
8.43462500000E+05	3.488336E-03	9.019039E+01
8.45331250000E+05	3.708288E-03	9.110977E+01
8.47200000000E+05	3.604535E-03	9.377552E+01
8.49068750000E+05	3.607645E-03	9.155838E+01
8.50937500000E+05	3.733164E-03	9.579948E+01
8.52806250000E+05	3.706921E-03	9.177998E+01
8.54675000000E+05	3.763874E-03	9.174508E+01
8.56543750000E+05	3.777530E-03	8.830993E+01
8.58412500000E+05	3.852512E-03	9.267229E+01
8.60281250000E+05	3.689463E-03	9.227828E+01
8.62150000000E+05	3.785986E-03	9.443680E+01
8.64018750000E+05	3.652076E-03	9.171541E+01
8.65887500000E+05	3.596370E-03	9.230372E+01
8.67756250000E+05	3.712990E-03	9.187776E+01
8.69625000000E+05	3.678678E-03	9.095470E+01
8.71493750000E+05	3.969784E-03	9.156701E+01
8.73362500000E+05	3.824517E-03	9.250784E+01
8.75231250000E+05	3.508114E-03	8.959602E+01
8.77100000000E+05	4.040093E-03	9.272296E+01
8.78968750000E+05	3.696718E-03	9.212738E+01
8.80837500000E+05	3.525384E-03	9.019715E+01
8.82706250000E+05	3.664452E-03	9.160930E+01
8.84575000000E+05	3.822853E-03	9.267780E+01
8.86443750000E+05	3.580836E-03	9.142513E+01
8.88312500000E+05	4.042375E-03	9.087782E+01
8.90181250000E+05	3.733293E-03	9.085448E+01
8.92050000000E+05	3.828997E-03	9.134563E+01
8.93918750000E+05	3.825011E-03	9.080935E+01
8.95787500000E+05	3.921444E-03	9.039089E+01
8.97656250000E+05	3.968592E-03	9.030875E+01
8.99525000000E+05	3.706751E-03	8.873724E+01
9.01393750000E+05	3.804065E-03	9.248605E+01
9.03262500000E+05	3.962503E-03	9.210617E+01
9.05131250000E+05	4.071909E-03	9.278995E+01
9.07000000000E+05	3.973878E-03	8.847151E+01
9.08868750000E+05	3.844028E-03	9.479345E+01
9.10737500000E+05	3.910450E-03	9.160462E+01
9.12606250000E+05	3.785356E-03	9.487799E+01
9.14475000000E+05	3.920869E-03	8.869507E+01
9.16343750000E+05	3.825472E-03	8.956152E+01
9.18212500000E+05	3.834427E-03	9.121467E+01
9.20081250000E+05	4.198235E-03	9.397304E+01
9.21950000000E+05	4.130839E-03	9.156184E+01
9.23818750000E+05	4.138298E-03	8.926797E+01
9.25687500000E+05	4.165506E-03	9.256422E+01
9.27556250000E+05	4.050058E-03	9.134892E+01
9.29425000000E+05	3.967426E-03	9.212492E+01
9.31293750000E+05	3.950919E-03	9.105099E+01
9.33162500000E+05	3.920008E-03	9.168513E+01
9.35031250000E+05	3.863120E-03	9.332506E+01
9.36900000000E+05	4.156357E-03	9.116064E+01
9.38768750000E+05	4.132113E-03	9.304123E+01
9.40637500000E+05	4.224788E-03	9.065052E+01
9.42506250000E+05	4.043568E-03	9.045676E+01
9.44375000000E+05	3.932990E-03	9.089051E+01
9.46243750000E+05	3.938329E-03	8.929113E+01
9.48112500000E+05	4.288860E-03	8.966370E+01
9.49981250000E+05	4.063337E-03	9.292056E+01
9.51850000000E+05	4.162158E-03	9.424213E+01
9.53718750000E+05	4.095218E-03	8.908098E+01
9.55587500000E+05	4.206600E-03	8.922659E+01
9.57456250000E+05	4.156794E-03	8.741868E+01
9.59325000000E+05	4.107992E-03	9.249197E+01
9.61193750000E+05	4.161127E-03	9.079118E+01
9.63062500000E+05	4.153783E-03	8.826626E+01
9.64931250000E+05	4.100479E-03	9.364410E+01
9.66800000000E+05	4.262937E-03	9.288103E+01
9.68668750000E+05	4.390232E-03	8.910744E+01
9.70537500000E+05	4.234644E-03	8.747856E+01
9.72406250000E+05	4.267143E-03	8.760872E+01
9.74275000000E+05	4.330768E-03	9.204343E+01
9.76143750000E+05	4.317729E-03	9.181595E+01
9.78012500000E+05	4.307947E-03	9.219595E+01
9.79881250000E+05	4.223102E-03	9.215333E+01
9.81750000000E+05	4.112774E-03	9.065893E+01
9.83618750000E+05	4.456291E-03	8.985094E+01
9.85487500000E+05	4.233540E-03	9.073546E+01
9.87356250000E+05	4.169973E-03	9.212042E+01
9.89225000000E+05	4.341744E-03	9.326039E+01
9.91093750000E+05	4.368328E-03	9.149370E+01
9.92962500000E+05	4.392589E-03	9.233767E+01
9.94831250000E+05	4.333521E-03	9.098176E+01
9.96700000000E+05	4.311699E-03	9.175771E+01
9.98568750000E+05	4.441212E-03	9.217228E+01
1.00043750000E+06	4.274217E-03	9.265375E+01
1.00230625000E+06	4.558690E-03	9.179556E+01
1.00417500000E+06	4.605737E-03	9.083133E+01
1.00604375000E+06	4.291460E-03	8.823329E+01
1.00791250000E+06	4.344969E-03	8.995284E+01
1.00978125000E+06	4.363479E-03	9.005246E+01
1.01165000000E+06	4.321903E-03	9.246904E+01
1.01351875000E+06	4.283417E-03	9.006005E+01
1.01538750000E+06	4.547562E-03	9.212950E+01
1.01725625000E+06	4.381594E-03	8.902472E+01
1.01912500000E+06	4.405118E-03	8.967272E+01
1.02099375000E+06	4.443025E-03	9.394511E+01
1.02286250000E+06	4.387506E-03	9.107274E+01
1.02473125000E+06	4.454202E-03	9.348891E+01
1.02660000000E+06	4.374250E-03	9.218429E+01
1.02846875000E+06	4.257171E-03	9.109728E+01
1.03033750000E+06	4.529321E-03	9.244896E+01
1.03220625000E+06	4.339997E-03	9.050050E+01
1.03407500000E+06	4.709535E-03	9.165239E+01
1.03594375000E+06	4.562045E-03	9.085744E+01
1.03781250000E+06	4.568379E-03	9.202832E+01
1.03968125000E+06	4.415242E-03	9.160217E+01
1.04155000000E+06	4.458441E-03	9.019692E+01
1.04341875000E+06	4.454223E-03	9.247064E+01
1.04528750000E+06	4.521723E-03	8.886818E+01
1.04715625000E+06	4.383281E-03	8.868769E+01
1.04902500000E+06	4.600988E-03	9.097408E+01
1.05089375000E+06	4.494321E-03	9.185023E+01
1.05276250000E+06	4.641844E-03	9.159438E+01
1.05463125000E+06	4.624746E-03	9.187144E+01
1.05650000000E+06	4.786786E-03	9.146373E+01
1.05836875000E+06	4.767962E-03	9.142365E+01
1.06023750000E+06	4.328873E-03	9.184851E+01
1.06210625000E+06	4.681502E-03	9.293035E+01
1.06397500000E+06	4.588267E-03	8.931967E+01
1.06584375000E+06	4.785304E-03	9.468745E+01
1.06771250000E+06	4.331047E-03	9.030672E+01
1.06958125000E+06	4.571127E-03	9.055196E+01
1.07145000000E+06	4.576036E-03	9.356893E+01
1.07331875000E+06	4.591376E-03	9.150932E+01
1.07518750000E+06	4.677923E-03	9.071563E+01
1.07705625000E+06	4.452142E-03	9.028308E+01
1.07892500000E+06	4.741807E-03	9.102834E+01
1.08079375000E+06	4.687164E-03	9.213208E+01
1.08266250000E+06	4.883395E-03	9.097803E+01
1.08453125000E+06	4.695574E-03	9.087695E+01
1.08640000000E+06	4.632541E-03	9.377509E+01
1.08826875000E+06	4.698300E-03	9.006432E+01
1.09013750000E+06	4.835923E-03	9.257927E+01
1.09200625000E+06	4.577267E-03	8.987422E+01
1.09387500000E+06	4.792767E-03	9.175980E+01
1.09574375000E+06	4.804018E-03	9.177852E+01
1.09761250000E+06	4.829273E-03	9.314158E+01
1.09948125000E+06	4.793286E-03	9.414703E+01
1.10135000000E+06	4.676860E-03	8.916475E+01
1.10321875000E+06	4.660979E-03	9.051210E+01
1.10508750000E+06	4.893121E-03	9.370709E+01
1.10695625000E+06	4.678212E-03	9.102608E+01
1.10882500000E+06	4.923900E-03	9.049577E+01
1.11069375000E+06	4.848479E-03	9.288760E+01
1.11256250000E+06	4.702489E-03	8.979676E+01
1.11443125000E+06	4.801442E-03	9.229636E+01
1.11630000000E+06	4.745940E-03	8.957809E+01
1.11816875000E+06	4.582323E-03	9.224370E+01
1.12003750000E+06	4.769950E-03	9.094421E+01
1.12190625000E+06	4.840031E-03	8.995155E+01
1.12377500000E+06	4.791116E-03	9.118545E+01
1.12564375000E+06	4.956245E-03	9.145496E+01
1.12751250000E+06	4.805699E-03	8.968943E+01
1.12938125000E+06	4.988553E-03	8.998670E+01
1.13125000000E+06	4.882365E-03	9.111246E+01
1.13311875000E+06	4.777144E-03	9.306458E+01
1.13498750000E+06	4.713032E-03	9.094244E+01
1.13685625000E+06	4.931274E-03	9.436800E+01
1.13872500000E+06	4.834880E-03	9.209563E+01
1.14059375000E+06	4.829920E-03	9.045256E+01
1.14246250000E+06	4.698273E-03	9.106278E+01
1.14433125000E+06	4.976595E-03	9.262093E+01
1.14620000000E+06	4.917241E-03	9.203203E+01
1.14806875000E+06	5.078684E-03	9.137047E+01
1.14993750000E+06	4.984939E-03	9.084293E+01
1.15180625000E+06	4.916266E-03	9.196243E+01
1.15367500000E+06	5.087816E-03	9.171653E+01
1.15554375000E+06	4.860093E-03	9.229671E+01
1.15741250000E+06	4.844439E-03	9.327869E+01
1.15928125000E+06	4.988205E-03	9.253267E+01
1.16115000000E+06	4.910486E-03	9.077610E+01
1.16301875000E+06	4.974524E-03	9.233324E+01
1.16488750000E+06	5.129831E-03	9.072447E+01
1.16675625000E+06	5.098170E-03	9.208521E+01
1.16862500000E+06	5.099670E-03	9.196828E+01
1.17049375000E+06	5.022511E-03	9.003539E+01
1.17236250000E+06	5.168927E-03	9.173356E+01
1.17423125000E+06	5.010082E-03	9.306396E+01
1.17610000000E+06	5.039600E-03	8.909315E+01
1.17796875000E+06	5.031303E-03	9.133067E+01
1.17983750000E+06	5.217982E-03	9.060437E+01
1.18170625000E+06	5.071561E-03	9.230776E+01
1.18357500000E+06	4.970984E-03	9.088054E+01
1.18544375000E+06	5.126411E-03	9.186579E+01
1.18731250000E+06	4.951223E-03	9.267323E+01
1.18918125000E+06	4.993906E-03	9.136693E+01
1.19105000000E+06	5.052303E-03	9.112704E+01
1.19291875000E+06	5.270055E-03	9.113433E+01
1.19478750000E+06	4.991307E-03	9.252577E+01
1.19665625000E+06	5.057452E-03	9.652635E+01
1.19852500000E+06	5.345483E-03	8.916286E+01
1.20039375000E+06	4.936138E-03	9.085773E+01
1.20226250000E+06	5.127189E-03	9.008404E+01
1.20413125000E+06	5.152590E-03	9.058033E+01
1.20600000000E+06	5.383964E-03	9.271230E+01
1.20786875000E+06	5.147461E-03	8.873961E+01
1.20973750000E+06	5.525420E-03	9.355911E+01
1.21160625000E+06	5.377887E-03	9.437315E+01
1.21347500000E+06	5.270684E-03	9.196095E+01
1.21534375000E+06	5.233814E-03	9.207663E+01
1.21721250000E+06	5.121116E-03	9.117080E+01
1.21908125000E+06	5.198151E-03	9.179379E+01
1.22095000000E+06	5.270858E-03	9.211621E+01
1.22281875000E+06	5.218294E-03	9.230024E+01
1.22468750000E+06	5.411570E-03	9.182713E+01
1.22655625000E+06	5.326637E-03	9.175916E+01
1.22842500000E+06	5.346922E-03	8.952824E+01
1.23029375000E+06	5.437043E-03	9.035152E+01
1.23216250000E+06	5.113291E-03	8.827717E+01
1.23403125000E+06	5.248963E-03	9.117701E+01
1.23590000000E+06	5.278647E-03	9.116226E+01
1.23776875000E+06	5.304614E-03	9.123559E+01
1.23963750000E+06	5.280625E-03	9.061942E+01
1.24150625000E+06	5.271852E-03	9.008775E+01
1.24337500000E+06	5.487405E-03	9.199371E+01
1.24524375000E+06	5.192782E-03	9.000332E+01
1.24711250000E+06	5.424039E-03	9.216539E+01
1.24898125000E+06	5.337290E-03	9.151101E+01
1.25085000000E+06	5.479577E-03	9.242757E+01
1.25271875000E+06	5.357728E-03	9.287187E+01
1.25458750000E+06	5.324814E-03	9.167256E+01
1.25645625000E+06	5.303605E-03	9.109329E+01
1.25832500000E+06	5.308357E-03	9.058763E+01
1.26019375000E+06	5.424159E-03	9.146637E+01
1.26206250000E+06	5.447142E-03	9.184250E+01
1.26393125000E+06	5.358074E-03	9.249457E+01
1.26580000000E+06	5.448453E-03	9.122148E+01
1.26766875000E+06	5.461020E-03	9.216254E+01
1.26953750000E+06	5.459337E-03	9.124921E+01
1.27140625000E+06	5.379109E-03	9.212517E+01
1.27327500000E+06	5.507484E-03	9.247573E+01
1.27514375000E+06	5.149488E-03	8.895837E+01
1.27701250000E+06	5.448689E-03	9.177692E+01
1.27888125000E+06	5.403461E-03	9.212375E+01
1.28075000000E+06	5.568146E-03	9.116242E+01
1.28261875000E+06	5.344247E-03	9.100772E+01
1.28448750000E+06	5.363626E-03	9.129088E+01
1.28635625000E+06	5.326522E-03	9.078405E+01
1.28822500000E+06	5.410695E-03	9.016313E+01
1.29009375000E+06	5.276630E-03	9.013307E+01
1.29196250000E+06	5.577771E-03	9.410745E+01
1.29383125000E+06	5.642674E-03	9.011613E+01
1.29570000000E+06	5.534827E-03	8.963316E+01
1.29756875000E+06	5.470077E-03	9.255845E+01
1.29943750000E+06	5.463553E-03	9.260272E+01
1.30130625000E+06	5.500774E-03	9.128736E+01
1.30317500000E+06	5.624495E-03	9.138325E+01
1.30504375000E+06	5.472684E-03	9.320681E+01
1.30691250000E+06	5.508695E-03	9.050799E+01
1.30878125000E+06	5.532573E-03	9.223147E+01
1.31065000000E+06	5.657169E-03	9.027898E+01
1.31251875000E+06	5.640663E-03	9.062807E+01
1.31438750000E+06	5.661558E-03	9.113418E+01
1.31625625000E+06	5.551231E-03	9.023983E+01
1.31812500000E+06	5.714805E-03	9.185657E+01
1.31999375000E+06	5.541283E-03	9.070029E+01
1.32186250000E+06	5.708114E-03	9.236957E+01
1.32373125000E+06	5.437080E-03	9.222348E+01
1.32560000000E+06	5.641774E-03	9.153371E+01
1.32746875000E+06	5.563176E-03	8.951768E+01
1.32933750000E+06	5.741315E-03	8.951736E+01
1.33120625000E+06	5.790766E-03	8.987212E+01
1.33307500000E+06	5.783228E-03	9.263540E+01
1.33494375000E+06	5.720148E-03	9.204200E+01
1.33681250000E+06	5.749691E-03	9.197501E+01
1.33868125000E+06	5.887070E-03	9.171841E+01
1.34055000000E+06	5.583554E-03	9.144192E+01
1.34241875000E+06	5.757960E-03	8.980363E+01
1.34428750000E+06	5.826340E-03	9.147477E+01
1.34615625000E+06	5.955438E-03	9.081212E+01
1.34802500000E+06	5.701744E-03	9.196053E+01
1.34989375000E+06	5.683263E-03	9.229023E+01
1.35176250000E+06	5.620965E-03	8.960246E+01
1.35363125000E+06	5.720800E-03	9.423694E+01
1.35550000000E+06	5.908933E-03	9.394915E+01
1.35736875000E+06	5.604248E-03	8.950627E+01
1.35923750000E+06	5.698920E-03	9.213220E+01
1.36110625000E+06	5.694094E-03	8.868612E+01
1.36297500000E+06	5.864599E-03	9.226234E+01
1.36484375000E+06	5.480901E-03	9.514196E+01
1.36671250000E+06	5.873342E-03	8.807013E+01
1.36858125000E+06	5.731692E-03	9.148656E+01
1.37045000000E+06	5.761917E-03	9.058566E+01
1.37231875000E+06	5.912822E-03	9.115170E+01
1.37418750000E+06	5.567810E-03	9.124873E+01
1.37605625000E+06	5.772498E-03	9.059462E+01
1.37792500000E+06	6.020709E-03	9.098775E+01
1.37979375000E+06	6.135650E-03	9.137532E+01
1.38166250000E+06	5.817015E-03	9.095133E+01
1.38353125000E+06	5.936832E-03	9.236584E+01
1.38540000000E+06	5.893311E-03	9.182780E+01
1.38726875000E+06	5.918003E-03	9.057566E+01
1.38913750000E+06	6.092724E-03	9.265036E+01
1.39100625000E+06	5.703148E-03	9.142398E+01
1.39287500000E+06	5.773942E-03	9.132635E+01
1.39474375000E+06	6.043611E-03	9.276887E+01
1.39661250000E+06	5.969529E-03	9.199592E+01
1.39848125000E+06	5.670534E-03	8.989290E+01
1.40035000000E+06	5.923750E-03	9.236169E+01
1.40221875000E+06	6.076897E-03	9.145920E+01
1.40408750000E+06	5.876685E-03	9.339497E+01
1.40595625000E+06	5.883126E-03	9.309332E+01
1.40782500000E+06	5.934052E-03	9.097456E+01
1.40969375000E+06	5.955385E-03	9.158199E+01
1.41156250000E+06	6.072337E-03	9.155430E+01
1.41343125000E+06	5.843040E-03	9.181172E+01
1.41530000000E+06	6.101649E-03	9.361841E+01
1.41716875000E+06	6.120990E-03	9.171073E+01
1.41903750000E+06	5.862300E-03	9.153905E+01
1.42090625000E+06	6.160192E-03	9.179828E+01
1.42277500000E+06	6.166562E-03	9.346748E+01
1.42464375000E+06	6.198052E-03	9.250999E+01
1.42651250000E+06	6.048419E-03	9.068984E+01
1.42838125000E+06	6.118282E-03	9.250471E+01
1.43025000000E+06	5.996732E-03	9.240046E+01
1.43211875000E+06	6.295783E-03	9.107152E+01
1.43398750000E+06	5.916885E-03	9.202827E+01
1.43585625000E+06	6.113494E-03	9.244244E+01
1.43772500000E+06	6.082507E-03	9.147682E+01
1.43959375000E+06	6.184656E-03	9.282301E+01
1.44146250000E+06	6.278644E-03	9.314519E+01
1.44333125000E+06	6.272479E-03	9.033246E+01
1.44520000000E+06	6.098394E-03	9.257640E+01
1.44706875000E+06	6.099665E-03	9.134729E+01
1.44893750000E+06	6.015736E-03	9.246893E+01
1.45080625000E+06	5.942907E-03	9.307415E+01
1.45267500000E+06	5.938784E-03	8.870428E+01
1.45454375000E+06	5.923153E-03	9.104848E+01
1.45641250000E+06	6.117590E-03	9.203603E+01
1.45828125000E+06	5.996988E-03	9.180054E+01
1.46015000000E+06	5.727431E-03	9.213263E+01
1.46201875000E+06	5.762279E-03	9.222901E+01
1.46388750000E+06	6.051880E-03	9.206929E+01
1.46575625000E+06	6.404435E-03	9.185989E+01
1.46762500000E+06	6.168376E-03	9.050779E+01
1.46949375000E+06	6.649945E-03	9.178622E+01
1.47136250000E+06	6.618758E-03	9.111450E+01
1.47323125000E+06	6.137735E-03	9.471703E+01
1.47510000000E+06	6.485950E-03	9.258961E+01
1.47696875000E+06	6.172445E-03	9.115440E+01
1.47883750000E+06	6.555432E-03	9.251833E+01
1.48070625000E+06	6.424010E-03	9.227384E+01
1.48257500000E+06	6.466713E-03	9.299563E+01
1.48444375000E+06	6.372132E-03	9.162389E+01
1.48631250000E+06	6.130230E-03	8.996843E+01
1.48818125000E+06	6.379577E-03	9.230460E+01
1.49005000000E+06	6.058543E-03	9.434264E+01
1.49191875000E+06	6.448197E-03	9.155444E+01
1.49378750000E+06	6.244461E-03	9.212121E+01
1.49565625000E+06	6.508578E-03	9.131357E+01
1.49752500000E+06	6.418226E-03	9.397559E+01
1.49939375000E+06	6.374884E-03	9.163860E+01
1.50126250000E+06	6.312191E-03	9.185468E+01
1.50313125000E+06	6.357621E-03	9.210924E+01
1.50500000000E+06	6.342151E-03	9.295279E+01
1.50686875000E+06	6.608351E-03	9.391376E+01
1.50873750000E+06	6.343754E-03	9.186900E+01
1.51060625000E+06	6.248086E-03	8.951671E+01
1.51247500000E+06	6.352411E-03	9.209399E+01
1.51434375000E+06	6.302433E-03	9.133810E+01
1.51621250000E+06	6.603637E-03	9.307843E+01
1.51808125000E+06	6.464433E-03	9.228702E+01
1.51995000000E+06	6.470609E-03	9.181088E+01
1.52181875000E+06	6.490448E-03	9.306926E+01
1.52368750000E+06	6.342517E-03	9.164699E+01
1.52555625000E+06	6.472968E-03	9.131824E+01
1.52742500000E+06	6.544224E-03	9.167658E+01
1.52929375000E+06	6.388565E-03	9.275343E+01
1.53116250000E+06	6.441411E-03	9.060121E+01
1.53303125000E+06	6.399933E-03	9.194400E+01
1.53490000000E+06	6.584994E-03	9.303249E+01
1.53676875000E+06	6.617610E-03	9.164140E+01
1.53863750000E+06	6.452207E-03	9.173363E+01
1.54050625000E+06	6.525074E-03	9.229102E+01
1.54237500000E+06	6.416510E-03	9.155583E+01
1.54424375000E+06	6.653072E-03	9.108864E+01
1.54611250000E+06	6.802849E-03	9.155074E+01
1.54798125000E+06	6.475599E-03	9.355293E+01
1.54985000000E+06	6.469510E-03	9.213876E+01
1.55171875000E+06	6.520978E-03	9.145473E+01
1.55358750000E+06	6.660451E-03	9.139750E+01
1.55545625000E+06	6.310180E-03	9.234709E+01
1.55732500000E+06	6.674101E-03	9.133978E+01
1.55919375000E+06	6.662537E-03	9.239310E+01
1.56106250000E+06	6.707773E-03	9.314859E+01
1.56293125000E+06	6.467243E-03	9.385220E+01
1.56480000000E+06	6.827673E-03	9.443691E+01
1.56666875000E+06	6.639120E-03	9.216486E+01
1.56853750000E+06	6.351421E-03	9.100602E+01
1.57040625000E+06	6.557102E-03	9.206680E+01
1.57227500000E+06	6.585372E-03	9.139799E+01
1.57414375000E+06	6.565703E-03	9.430489E+01
1.57601250000E+06	6.741185E-03	9.306176E+01
1.57788125000E+06	6.765675E-03	9.379151E+01
1.57975000000E+06	6.684549E-03	9.279974E+01
1.58161875000E+06	6.584599E-03	9.268488E+01
1.58348750000E+06	6.435201E-03	9.450156E+01
1.58535625000E+06	6.634042E-03	9.279176E+01
1.58722500000E+06	6.905574E-03	9.142417E+01
1.58909375000E+06	6.715292E-03	9.145275E+01
1.59096250000E+06	6.805643E-03	9.395477E+01
1.59283125000E+06	6.826600E-03	9.116393E+01
1.59470000000E+06	6.674363E-03	9.405580E+01
1.59656875000E+06	6.669558E-03	9.226860E+01
1.59843750000E+06	6.764922E-03	9.045831E+01
1.60030625000E+06	6.704500E-03	9.234968E+01
1.60217500000E+06	6.772051E-03	9.428243E+01
1.60404375000E+06	6.699418E-03	9.150594E+01
1.60591250000E+06	6.602583E-03	9.174492E+01
1.60778125000E+06	6.834371E-03	9.343011E+01
1.60965000000E+06	6.820300E-03	9.052366E+01
1.61151875000E+06	6.991546E-03	9.295807E+01
1.61338750000E+06	6.809943E-03	9.211350E+01
1.61525625000E+06	6.877794E-03	9.178062E+01
1.61712500000E+06	6.730358E-03	9.267926E+01
1.61899375000E+06	6.879475E-03	9.369756E+01
1.62086250000E+06	6.903128E-03	9.161330E+01
1.62273125000E+06	6.915468E-03	9.050639E+01
1.62460000000E+06	6.740637E-03	9.204128E+01
1.62646875000E+06	6.710760E-03	9.172116E+01
1.62833750000E+06	6.857955E-03	9.074339E+01
1.63020625000E+06	6.984273E-03	9.257043E+01
1.63207500000E+06	6.869079E-03	9.287040E+01
1.63394375000E+06	6.972774E-03	9.237746E+01
1.63581250000E+06	6.997357E-03	9.164742E+01
1.63768125000E+06	6.732111E-03	9.171062E+01
1.63955000000E+06	6.783189E-03	9.088619E+01
1.64141875000E+06	6.854348E-03	9.173553E+01
1.64328750000E+06	6.846084E-03	9.221446E+01
1.64515625000E+06	6.980687E-03	9.091429E+01
1.64702500000E+06	6.915386E-03	9.170985E+01
1.64889375000E+06	6.977484E-03	9.258410E+01
1.65076250000E+06	6.891828E-03	9.296007E+01
1.65263125000E+06	6.800563E-03	9.139836E+01
1.65450000000E+06	7.007232E-03	9.244695E+01
1.65636875000E+06	6.944613E-03	9.268115E+01
1.65823750000E+06	6.933776E-03	9.200410E+01
1.66010625000E+06	7.137613E-03	9.286536E+01
1.66197500000E+06	6.995879E-03	9.183058E+01
1.66384375000E+06	6.905397E-03	9.195470E+01
1.66571250000E+06	6.949177E-03	9.295636E+01
1.66758125000E+06	7.116601E-03	9.016965E+01
1.66945000000E+06	7.103845E-03	9.100698E+01
1.67131875000E+06	7.066653E-03	9.200570E+01
1.67318750000E+06	6.937457E-03	9.223248E+01
1.67505625000E+06	6.894481E-03	8.877058E+01
1.67692500000E+06	6.922395E-03	9.134618E+01
1.67879375000E+06	7.446385E-03	9.112905E+01
1.68066250000E+06	7.086452E-03	9.070181E+01
1.68253125000E+06	7.150646E-03	9.204366E+01
1.68440000000E+06	6.875653E-03	9.176438E+01
1.68626875000E+06	7.056626E-03	9.312936E+01
1.68813750000E+06	7.247449E-03	9.186356E+01
1.69000625000E+06	7.219320E-03	9.040755E+01
1.69187500000E+06	6.956074E-03	9.066597E+01
1.69374375000E+06	7.017352E-03	9.131585E+01
1.69561250000E+06	7.111723E-03	9.151887E+01
1.69748125000E+06	6.935923E-03	9.215549E+01
1.69935000000E+06	7.095234E-03	9.105820E+01
1.70121875000E+06	7.230914E-03	9.205932E+01
1.70308750000E+06	7.069882E-03	9.228913E+01
1.70495625000E+06	7.268741E-03	9.385503E+01
1.70682500000E+06	7.273826E-03	9.148981E+01
1.70869375000E+06	7.089526E-03	9.204366E+01
1.71056250000E+06	7.128669E-03	9.281802E+01
1.71243125000E+06	7.177075E-03	9.202962E+01
1.71430000000E+06	7.257951E-03	9.374206E+01
1.71616875000E+06	7.181447E-03	9.173614E+01
1.71803750000E+06	7.119577E-03	9.167136E+01
1.71990625000E+06	7.024539E-03	9.003416E+01
1.72177500000E+06	7.047018E-03	9.201766E+01
1.72364375000E+06	7.206355E-03	9.305270E+01
1.72551250000E+06	7.157319E-03	9.247054E+01
1.72738125000E+06	7.077545E-03	9.137309E+01
1.72925000000E+06	7.050256E-03	9.087773E+01
1.73111875000E+06	7.428457E-03	9.315645E+01
1.73298750000E+06	7.209422E-03	9.200509E+01
1.73485625000E+06	7.352117E-03	9.131722E+01
1.73672500000E+06	7.243932E-03	9.190726E+01
1.73859375000E+06	7.174123E-03	9.264902E+01
1.74046250000E+06	7.483515E-03	9.342146E+01
1.74233125000E+06	7.239917E-03	9.361618E+01
1.74420000000E+06	7.130118E-03	9.208910E+01
1.74606875000E+06	7.234447E-03	9.213199E+01
1.74793750000E+06	7.220573E-03	9.206173E+01
1.74980625000E+06	7.422829E-03	9.321789E+01
1.75167500000E+06	7.439170E-03	9.230318E+01
1.75354375000E+06	7.203797E-03	9.174783E+01
1.75541250000E+06	7.314404E-03	9.326655E+01
1.75728125000E+06	7.288902E-03	9.290264E+01
1.75915000000E+06	7.125426E-03	9.196833E+01
1.76101875000E+06	7.492392E-03	9.176717E+01
1.76288750000E+06	7.295347E-03	9.183974E+01
1.76475625000E+06	7.386919E-03	9.347816E+01
1.76662500000E+06	7.263764E-03	9.325060E+01
1.76849375000E+06	7.339740E-03	9.242291E+01
1.77036250000E+06	7.244025E-03	9.131291E+01
1.77223125000E+06	7.342629E-03	9.189271E+01
1.77410000000E+06	7.361343E-03	9.238934E+01
1.77596875000E+06	7.336214E-03	9.223787E+01
1.77783750000E+06	7.285949E-03	9.294289E+01
1.77970625000E+06	7.317803E-03	9.153165E+01
1.78157500000E+06	7.427506E-03	9.309184E+01
1.78344375000E+06	7.281128E-03	9.277582E+01
1.78531250000E+06	7.451259E-03	9.236389E+01
1.78718125000E+06	7.494572E-03	9.335868E+01
1.78905000000E+06	7.479400E-03	9.184409E+01
1.79091875000E+06	7.285998E-03	9.247272E+01
1.79278750000E+06	7.409400E-03	9.186723E+01
1.79465625000E+06	7.319389E-03	9.221296E+01
1.79652500000E+06	7.266331E-03	9.161299E+01
1.79839375000E+06	7.621580E-03	9.224298E+01
1.80026250000E+06	7.561926E-03	9.271033E+01
1.80213125000E+06	7.535996E-03	9.285737E+01
1.80400000000E+06	7.473169E-03	9.213564E+01
1.80586875000E+06	7.414216E-03	9.134358E+01
1.80773750000E+06	7.537025E-03	9.193590E+01
1.80960625000E+06	7.302207E-03	9.218761E+01
1.81147500000E+06	7.504923E-03	9.237260E+01
1.81334375000E+06	7.085218E-03	9.192871E+01
1.81521250000E+06	7.735155E-03	9.255758E+01
1.81708125000E+06	7.418894E-03	9.261083E+01
1.81895000000E+06	7.413516E-03	9.409373E+01
1.82081875000E+06	7.549709E-03	9.269604E+01
1.82268750000E+06	7.771011E-03	9.209593E+01
1.82455625000E+06	7.354646E-03	9.198720E+01
1.82642500000E+06	7.381120E-03	9.075940E+01
1.82829375000E+06	7.244799E-03	9.128004E+01
1.83016250000E+06	7.654456E-03	9.244854E+01
1.83203125000E+06	7.356788E-03	9.189569E+01
1.83390000000E+06	7.343316E-03	9.199963E+01
1.83576875000E+06	7.496986E-03	9.264264E+01
1.83763750000E+06	7.556004E-03	9.279544E+01
1.83950625000E+06	7.205747E-03	9.143147E+01
1.84137500000E+06	7.566522E-03	9.523344E+01
1.84324375000E+06	7.417790E-03	9.372808E+01
1.84511250000E+06	7.676360E-03	9.167192E+01
1.84698125000E+06	7.420656E-03	9.207665E+01
1.84885000000E+06	7.747449E-03	9.321589E+01
1.85071875000E+06	7.785690E-03	9.366566E+01
1.85258750000E+06	7.761046E-03	9.227277E+01
1.85445625000E+06	7.780263E-03	9.436438E+01
1.85632500000E+06	7.467511E-03	9.005826E+01
1.85819375000E+06	7.616906E-03	9.203422E+01
1.86006250000E+06	7.631137E-03	9.368516E+01
1.86193125000E+06	7.506490E-03	9.279784E+01
1.86380000000E+06	7.606224E-03	9.340009E+01
1.86566875000E+06	7.426016E-03	9.465346E+01
1.86753750000E+06	7.510113E-03	9.491663E+01
1.86940625000E+06	7.811467E-03	9.247752E+01
1.87127500000E+06	7.634559E-03	9.161570E+01
1.87314375000E+06	7.682260E-03	9.463181E+01
1.87501250000E+06	7.689795E-03	9.388184E+01
1.87688125000E+06	7.573827E-03	9.228320E+01
1.87875000000E+06	7.762277E-03	9.360576E+01
1.88061875000E+06	7.695893E-03	9.259601E+01
1.88248750000E+06	7.560920E-03	9.215580E+01
1.88435625000E+06	7.863341E-03	9.222869E+01
1.88622500000E+06	7.708138E-03	9.257601E+01
1.88809375000E+06	7.766660E-03	9.259253E+01
1.88996250000E+06	7.800125E-03	9.301846E+01
1.89183125000E+06	7.758851E-03	9.304495E+01
1.89370000000E+06	7.652394E-03	9.209715E+01
1.89556875000E+06	7.880307E-03	9.299682E+01
1.89743750000E+06	7.791288E-03	9.313168E+01
1.89930625000E+06	7.752110E-03	9.333592E+01
1.90117500000E+06	7.758560E-03	9.227655E+01
1.90304375000E+06	7.751667E-03	9.322807E+01
1.90491250000E+06	7.917483E-03	9.242531E+01
1.90678125000E+06	7.700795E-03	9.369368E+01
1.90865000000E+06	7.754698E-03	9.328383E+01
1.91051875000E+06	7.871426E-03	9.259335E+01
1.91238750000E+06	7.893315E-03	9.298243E+01
1.91425625000E+06	8.047300E-03	9.333974E+01
1.91612500000E+06	7.884067E-03	9.396711E+01
1.91799375000E+06	7.902421E-03	9.275672E+01
1.91986250000E+06	7.798610E-03	9.257212E+01
1.92173125000E+06	7.900211E-03	9.307318E+01
1.92360000000E+06	7.927295E-03	9.378374E+01
1.92546875000E+06	8.031138E-03	9.386683E+01
1.92733750000E+06	7.791934E-03	9.301366E+01
1.92920625000E+06	7.834300E-03	9.271509E+01
1.93107500000E+06	7.856320E-03	9.334590E+01
1.93294375000E+06	7.925078E-03	9.429211E+01
1.93481250000E+06	8.010700E-03	9.285878E+01
1.93668125000E+06	7.813967E-03	9.366827E+01
1.93855000000E+06	7.922863E-03	9.261114E+01
1.94041875000E+06	7.953738E-03	9.187960E+01
1.94228750000E+06	7.981420E-03	9.328516E+01
1.94415625000E+06	8.037452E-03	9.302392E+01
1.94602500000E+06	7.922504E-03	9.467542E+01
1.94789375000E+06	7.877531E-03	9.353556E+01
1.94976250000E+06	8.020271E-03	9.360658E+01
1.95163125000E+06	8.024064E-03	9.237589E+01
1.95350000000E+06	8.050454E-03	9.417236E+01
1.95536875000E+06	7.833310E-03	9.367854E+01
1.95723750000E+06	8.033471E-03	9.358775E+01
1.95910625000E+06	8.173009E-03	9.321366E+01
1.96097500000E+06	8.191397E-03	9.338524E+01
1.96284375000E+06	7.971754E-03	9.273801E+01
1.96471250000E+06	8.150124E-03	9.308317E+01
1.96658125000E+06	7.950950E-03	9.296571E+01
1.96845000000E+06	8.073681E-03	9.465091E+01
1.97031875000E+06	7.917998E-03	9.320763E+01
1.97218750000E+06	8.114286E-03	9.388447E+01
1.97405625000E+06	8.210493E-03	9.470157E+01
1.97592500000E+06	7.889098E-03	9.324074E+01
1.97779375000E+06	8.012318E-03	9.298361E+01
1.97966250000E+06	8.177416E-03	9.348550E+01
1.98153125000E+06	8.280030E-03	9.375468E+01
1.98340000000E+06	8.202071E-03	9.330439E+01
1.98526875000E+06	8.250241E-03	9.340303E+01
1.98713750000E+06	8.026990E-03	9.374670E+01
1.98900625000E+06	8.093956E-03	9.463638E+01
1.99087500000E+06	8.038503E-03	9.414396E+01
1.99274375000E+06	7.967969E-03	9.383646E+01
1.99461250000E+06	8.144869E-03	9.412205E+01
1.99648125000E+06	8.176072E-03	9.406582E+01
1.99835000000E+06	8.133787E-03	9.573176E+01
2.00021875000E+06	8.357896E-03	9.201043E+01
2.00208750000E+06	8.015705E-03	9.360177E+01
2.00395625000E+06	8.278705E-03	9.359032E+01
2.00582500000E+06	8.271320E-03	9.490462E+01
2.00769375000E+06	8.011120E-03	9.334827E+01
2.00956250000E+06	8.083377E-03	9.192232E+01
2.01143125000E+06	8.144485E-03	9.278601E+01
2.01330000000E+06	8.539409E-03	9.241685E+01
2.01516875000E+06	8.338105E-03	9.131889E+01
2.01703750000E+06	7.900018E-03	9.251694E+01
2.01890625000E+06	7.945044E-03	9.428663E+01
2.02077500000E+06	7.869601E-03	9.239590E+01
2.02264375000E+06	8.251573E-03	9.245757E+01
2.02451250000E+06	8.349330E-03	9.039360E+01
2.02638125000E+06	8.116468E-03	9.179107E+01
2.02825000000E+06	8.239801E-03	9.310370E+01
2.03011875000E+06	8.508142E-03	9.438903E+01
2.03198750000E+06	8.271209E-03	9.330689E+01
2.03385625000E+06	8.156816E-03	9.495332E+01
2.03572500000E+06	8.602845E-03	9.440823E+01
2.03759375000E+06	8.237753E-03	9.352677E+01
2.03946250000E+06	8.381455E-03	9.388815E+01
2.04133125000E+06	8.202668E-03	9.280199E+01
2.04320000000E+06	8.287060E-03	9.501871E+01
2.04506875000E+06	8.371686E-03	9.373435E+01
2.04693750000E+06	8.386009E-03	9.355247E+01
2.04880625000E+06	8.489111E-03	9.432651E+01
2.05067500000E+06	8.437410E-03	9.447465E+01
2.05254375000E+06	8.446379E-03	9.457510E+01
2.05441250000E+06	8.475649E-03	9.392532E+01
2.05628125000E+06	8.574826E-03	9.454634E+01
2.05815000000E+06	8.319441E-03	9.399761E+01
2.06001875000E+06	8.550120E-03	9.374497E+01
2.06188750000E+06	8.453066E-03	9.421979E+01
2.06375625000E+06	8.608644E-03	9.422937E+01
2.06562500000E+06	8.633829E-03	9.378130E+01
2.06749375000E+06	8.451773E-03	9.406799E+01
2.06936250000E+06	8.430845E-03	9.386767E+01
2.07123125000E+06	8.484932E-03	9.397309E+01
2.07310000000E+06	8.369382E-03	9.387984E+01
2.07496875000E+06	8.489062E-03	9.465211E+01
2.07683750000E+06	8.596374E-03	9.376788E+01
2.07870625000E+06	8.535717E-03	9.311671E+01
2.08057500000E+06	8.517385E-03	9.419330E+01
2.08244375000E+06	8.422460E-03	9.320876E+01
2.08431250000E+06	8.555003E-03	9.326929E+01
2.08618125000E+06	8.474913E-03	9.305199E+01
2.08805000000E+06	8.517239E-03	9.343251E+01
2.08991875000E+06	8.614882E-03	9.431783E+01
2.09178750000E+06	8.728873E-03	9.393672E+01
2.09365625000E+06	8.682742E-03	9.398485E+01
2.09552500000E+06	8.545435E-03	9.363998E+01
2.09739375000E+06	8.671491E-03	9.458707E+01
2.09926250000E+06	8.762774E-03	9.396080E+01
2.10113125000E+06	8.718311E-03	9.371755E+01
2.10300000000E+06	8.569217E-03	9.431647E+01
2.10486875000E+06	8.652517E-03	9.387157E+01
2.10673750000E+06	8.583140E-03	9.367241E+01
2.10860625000E+06	8.564386E-03	9.450627E+01
2.11047500000E+06	8.538187E-03	9.440508E+01
2.11234375000E+06	8.720586E-03	9.307468E+01
2.11421250000E+06	8.761676E-03	9.361645E+01
2.11608125000E+06	8.624515E-03	9.367828E+01
2.11795000000E+06	8.746405E-03	9.439076E+01
2.11981875000E+06	8.753211E-03	9.333404E+01
2.12168750000E+06	8.692054E-03	9.499010E+01
2.12355625000E+06	8.779415E-03	9.412477E+01
2.12542500000E+06	8.807961E-03	9.419215E+01
2.12729375000E+06	8.847215E-03	9.453188E+01
2.12916250000E+06	8.777369E-03	9.288807E+01
2.13103125000E+06	8.711244E-03	9.417567E+01
2.13290000000E+06	8.741343E-03	9.341295E+01
2.13476875000E+06	8.756823E-03	9.448755E+01
2.13663750000E+06	8.764101E-03	9.336854E+01
2.13850625000E+06	8.826480E-03	9.304887E+01
2.14037500000E+06	8.768234E-03	9.421907E+01
2.14224375000E+06	8.769295E-03	9.313566E+01
2.14411250000E+06	8.906679E-03	9.469708E+01
2.14598125000E+06	8.896966E-03	9.382184E+01
2.14785000000E+06	8.657713E-03	9.408595E+01
2.14971875000E+06	8.849447E-03	9.425215E+01
2.15158750000E+06	8.979408E-03	9.361802E+01
2.15345625000E+06	8.777305E-03	9.359479E+01
2.15532500000E+06	8.962419E-03	9.379048E+01
2.15719375000E+06	8.709938E-03	9.331466E+01
2.15906250000E+06	8.929562E-03	9.450584E+01
2.16093125000E+06	8.799925E-03	9.289598E+01
2.16280000000E+06	8.920922E-03	9.386356E+01
2.16466875000E+06	8.926219E-03	9.369159E+01
2.16653750000E+06	8.945510E-03	9.397799E+01
2.16840625000E+06	8.868031E-03	9.396668E+01
2.17027500000E+06	8.868705E-03	9.503455E+01
2.17214375000E+06	8.839069E-03	9.341773E+01
2.17401250000E+06	8.784920E-03	9.383377E+01
2.17588125000E+06	8.872517E-03	9.514728E+01
2.17775000000E+06	9.093893E-03	9.408567E+01
2.17961875000E+06	8.830509E-03	9.458514E+01
2.18148750000E+06	9.102087E-03	9.445919E+01
2.18335625000E+06	8.909877E-03	9.318147E+01
2.18522500000E+06	8.766442E-03	9.690624E+01
2.18709375000E+06	9.014790E-03	9.376087E+01
2.18896250000E+06	9.016016E-03	9.486761E+01
2.19083125000E+06	8.838799E-03	9.405229E+01
2.19270000000E+06	8.934680E-03	9.448080E+01
2.19456875000E+06	9.082274E-03	9.452880E+01
2.19643750000E+06	9.023624E-03	9.261536E+01
2.19830625000E+06	8.604879E-03	9.582600E+01
2.20017500000E+06	8.963141E-03	9.483652E+01
2.20204375000E+06	9.066720E-03	9.294707E+01
2.20391250000E+06	9.124237E-03	9.411903E+01
2.20578125000E+06	9.548490E-03	9.124457E+01
2.20765000000E+06	8.774826E-03	9.275523E+01
2.20951875000E+06	8.941261E-03	9.642130E+01
2.21138750000E+06	8.843930E-03	9.191199E+01
2.21325625000E+06	9.139411E-03	9.294930E+01
2.21512500000E+06	8.708682E-03	9.287464E+01
2.21699375000E+06	9.156594E-03	9.476294E+01
2.21886250000E+06	9.048004E-03	9.441825E+01
2.22073125000E+06	9.051820E-03	9.631173E+01
2.22260000000E+06	9.183631E-03	9.254784E+01
2.22446875000E+06	9.036836E-03	9.247324E+01
2.22633750000E+06	8.796572E-03	9.373967E+01
2.22820625000E+06	8.911417E-03	9.260383E+01
2.23007500000E+06	9.191413E-03	9.489153E+01
2.23194375000E+06	9.133014E-03	9.430531E+01
2.23381250000E+06	9.201943E-03	9.488201E+01
2.23568125000E+06	9.217960E-03	9.379923E+01
2.23755000000E+06	9.180475E-03	9.320196E+01
2.23941875000E+06	9.200545E-03	9.341061E+01
2.24128750000E+06	9.114750E-03	9.297633E+01
2.24315625000E+06	9.286333E-03	9.221650E+01
2.24502500000E+06	9.198865E-03	9.376498E+01
2.24689375000E+06	9.416740E-03	9.446711E+01
2.24876250000E+06	9.201282E-03	9.442129E+01
2.25063125000E+06	9.422516E-03	9.418501E+01
2.25250000000E+06	9.276367E-03	9.495708E+01
2.25436875000E+06	9.097963E-03	9.353317E+01
2.25623750000E+06	9.227874E-03	9.431155E+01
2.25810625000E+06	9.114636E-03	9.450302E+01
2.25997500000E+06	9.392886E-03	9.240456E+01
2.26184375000E+06	9.336608E-03	9.401411E+01
2.26371250000E+06	9.301649E-03	9.380581E+01
2.26558125000E+06	8.933519E-03	9.386552E+01
2.26745000000E+06	9.257495E-03	9.424135E+01
2.26931875000E+06	9.191774E-03	9.411145E+01
2.27118750000E+06	9.183021E-03	9.498451E+01
2.27305625000E+06	9.214594E-03	9.355678E+01
2.27492500000E+06	9.315616E-03	9.401115E+01
2.27679375000E+06	9.190122E-03	9.413979E+01
2.27866250000E+06	9.253284E-03	9.404476E+01
2.28053125000E+06	9.200118E-03	9.430698E+01
2.28240000000E+06	9.263260E-03	9.365258E+01
2.28426875000E+06	9.307568E-03	9.409769E+01
2.28613750000E+06	9.517122E-03	9.313819E+01
2.28800625000E+06	9.424118E-03	9.247938E+01
2.28987500000E+06	9.328878E-03	9.405220E+01
2.29174375000E+06	9.382275E-03	9.377046E+01
2.29361250000E+06	9.310825E-03	9.389707E+01
2.29548125000E+06	9.412992E-03	9.370102E+01
2.29735000000E+06	9.307505E-03	9.297851E+01
2.29921875000E+06	9.495790E-03	9.327039E+01
2.30108750000E+06	9.348686E-03	9.328151E+01
2.30295625000E+06	9.447725E-03	9.435915E+01
2.30482500000E+06	9.403704E-03	9.229626E+01
2.30669375000E+06	9.431323E-03	9.349814E+01
2.30856250000E+06	9.395889E-03	9.255138E+01
2.31043125000E+06	9.443630E-03	9.414330E+01
2.31230000000E+06	9.399225E-03	9.405665E+01
2.31416875000E+06	9.320016E-03	9.438057E+01
2.31603750000E+06	9.520645E-03	9.411251E+01
2.31790625000E+06	9.419446E-03	9.388921E+01
2.31977500000E+06	9.434729E-03	9.474230E+01
2.32164375000E+06	9.452810E-03	9.327679E+01
2.32351250000E+06	9.407045E-03	9.347271E+01
2.32538125000E+06	9.638465E-03	9.332500E+01
2.32725000000E+06	9.412624E-03	9.341777E+01
2.32911875000E+06	9.596927E-03	9.402306E+01
2.33098750000E+06	9.475458E-03	9.315988E+01
2.33285625000E+06	9.539287E-03	9.451590E+01
2.33472500000E+06	9.412872E-03	9.390790E+01
2.33659375000E+06	9.596439E-03	9.456811E+01
2.33846250000E+06	9.428238E-03	9.327466E+01
2.34033125000E+06	9.452485E-03	9.370271E+01
2.34220000000E+06	9.516327E-03	9.312647E+01
2.34406875000E+06	9.477606E-03	9.415456E+01
2.34593750000E+06	9.648410E-03	9.319010E+01
2.34780625000E+06	9.442535E-03	9.416031E+01
2.34967500000E+06	9.504363E-03	9.355296E+01
2.35154375000E+06	9.598798E-03	9.403075E+01
2.35341250000E+06	9.610287E-03	9.371456E+01
2.35528125000E+06	9.650291E-03	9.388405E+01
2.35715000000E+06	9.463287E-03	9.293185E+01
2.35901875000E+06	9.568014E-03	9.395805E+01
2.36088750000E+06	9.527734E-03	9.317877E+01
2.36275625000E+06	9.585200E-03	9.396946E+01
2.36462500000E+06	9.648147E-03	9.419501E+01
2.36649375000E+06	9.534071E-03	9.350681E+01
2.36836250000E+06	9.592947E-03	9.337464E+01
2.37023125000E+06	9.631706E-03	9.334129E+01
2.37210000000E+06	9.640260E-03	9.344135E+01
2.37396875000E+06	9.643002E-03	9.269646E+01
2.37583750000E+06	9.596508E-03	9.400796E+01
2.37770625000E+06	9.687328E-03	9.377594E+01
2.37957500000E+06	9.566877E-03	9.280202E+01
2.38144375000E+06	9.620594E-03	9.340160E+01
2.38331250000E+06	9.682287E-03	9.385910E+01
2.38518125000E+06	9.666305E-03	9.308678E+01
2.38705000000E+06	9.617806E-03	9.346730E+01
2.38891875000E+06	9.487456E-03	9.407166E+01
2.39078750000E+06	9.751667E-03	9.370889E+01
2.39265625000E+06	9.673702E-03	9.315052E+01
2.39452500000E+06	9.690486E-03	9.380857E+01
2.39639375000E+06	9.722407E-03	9.377249E+01
2.39826250000E+06	9.580288E-03	9.373567E+01
2.40013125000E+06	9.834769E-03	9.435339E+01
2.40200000000E+06	9.653053E-03	9.300450E+01
2.40386875000E+06	9.711754E-03	9.355514E+01
2.40573750000E+06	9.679873E-03	9.421151E+01
2.40760625000E+06	9.664776E-03	9.273331E+01
2.40947500000E+06	9.775737E-03	9.353215E+01
2.41134375000E+06	9.538895E-03	9.319044E+01
2.41321250000E+06	9.746661E-03	9.382874E+01
2.41508125000E+06	9.817481E-03	9.361526E+01
2.41695000000E+06	9.607069E-03	9.362740E+01
2.41881875000E+06	9.686865E-03	9.438676E+01
2.42068750000E+06	9.696024E-03	9.379836E+01
2.42255625000E+06	9.714902E-03	9.414445E+01
2.42442500000E+06	9.756217E-03	9.323345E+01
2.42629375000E+06	9.896299E-03	9.283393E+01
2.42816250000E+06	9.921073E-03	9.366017E+01
2.43003125000E+06	9.846082E-03	9.426382E+01
2.43190000000E+06	1.002990E-02	9.260172E+01
2.43376875000E+06	9.622586E-03	9.342762E+01
2.43563750000E+06	9.928413E-03	9.384618E+01
2.43750625000E+06	9.905076E-03	9.435535E+01
2.43937500000E+06	9.413566E-03	9.529082E+01
2.44124375000E+06	9.844190E-03	9.255171E+01
2.44311250000E+06	9.979017E-03	9.255393E+01
2.44498125000E+06	9.985598E-03	9.440238E+01
2.44685000000E+06	9.905528E-03	9.347186E+01
2.44871875000E+06	1.000522E-02	9.408031E+01
2.45058750000E+06	9.470832E-03	9.439640E+01
2.45245625000E+06	1.017474E-02	9.222105E+01
2.45432500000E+06	9.868582E-03	9.342028E+01
2.45619375000E+06	9.395088E-03	9.555520E+01
2.45806250000E+06	9.868016E-03	9.451299E+01
2.45993125000E+06	9.979594E-03	9.222424E+01
2.46180000000E+06	9.698980E-03	9.355059E+01
2.46366875000E+06	9.822262E-03	9.127356E+01
2.46553750000E+06	9.635386E-03	9.312779E+01
2.46740625000E+06	9.853657E-03	9.309097E+01
2.46927500000E+06	9.858783E-03	9.286698E+01
2.47114375000E+06	9.854830E-03	9.372426E+01
2.47301250000E+06	9.696314E-03	9.446702E+01
2.47488125000E+06	9.870758E-03	9.185681E+01
2.47675000000E+06	9.850509E-03	9.359924E+01
2.47861875000E+06	9.599008E-03	9.379781E+01
2.48048750000E+06	1.024008E-02	9.468375E+01
2.48235625000E+06	1.033578E-02	9.391231E+01
2.48422500000E+06	9.770735E-03	9.403221E+01
2.48609375000E+06	1.009816E-02	9.393796E+01
2.48796250000E+06	9.883543E-03	9.473962E+01
2.48983125000E+06	1.028362E-02	9.256108E+01
2.49170000000E+06	9.816954E-03	9.413184E+01
2.49356875000E+06	9.999610E-03	9.376401E+01
2.49543750000E+06	9.817647E-03	9.516590E+01
2.49730625000E+06	1.013019E-02	9.237717E+01
2.49917500000E+06	9.860771E-03	9.304385E+01
2.50104375000E+06	9.850777E-03	9.368410E+01
2.50291250000E+06	9.723703E-03	9.464886E+01
2.50478125000E+06	9.835560E-03	9.332605E+01
2.50665000000E+06	1.002673E-02	9.236339E+01
2.50851875000E+06	9.871795E-03	9.276147E+01
2.51038750000E+06	1.000078E-02	9.313728E+01
2.51225625000E+06	9.826389E-03	9.335092E+01
2.51412500000E+06	1.007550E-02	9.386233E+01
2.51599375000E+06	1.000746E-02	9.509866E+01
2.51786250000E+06	9.881588E-03	9.390342E+01
2.51973125000E+06	9.871851E-03	9.405512E+01
2.52160000000E+06	1.019943E-02	9.411533E+01
2.52346875000E+06	1.006880E-02	9.365715E+01
2.52533750000E+06	1.003728E-02	9.498058E+01
2.52720625000E+06	1.019368E-02	9.351897E+01
2.52907500000E+06	1.003428E-02	9.393967E+01
2.53094375000E+06	1.012941E-02	9.408076E+01
2.53281250000E+06	1.009212E-02	9.399529E+01
2.53468125000E+06	1.012650E-02	9.364642E+01
2.53655000000E+06	1.021319E-02	9.277473E+01
2.53841875000E+06	1.020102E-02	9.351339E+01
2.54028750000E+06	1.012931E-02	9.384702E+01
2.54215625000E+06	1.001964E-02	9.363220E+01
2.54402500000E+06	1.003905E-02	9.347053E+01
2.54589375000E+06	9.953751E-03	9.423335E+01
2.54776250000E+06	1.005429E-02	9.343782E+01
2.54963125000E+06	1.011170E-02	9.366724E+01
2.55150000000E+06	1.022089E-02	9.367239E+01
2.55336875000E+06	1.003610E-02	9.383598E+01
2.55523750000E+06	9.905214E-03	9.370861E+01
2.55710625000E+06	1.019105E-02	9.341986E+01
2.55897500000E+06	1.014118E-02	9.409747E+01
2.56084375000E+06	1.002758E-02	9.310893E+01
2.56271250000E+06	1.022065E-02	9.334866E+01
2.56458125000E+06	1.009021E-02	9.315453E+01
2.56645000000E+06	1.018958E-02	9.417771E+01
2.56831875000E+06	1.007386E-02	9.367500E+01
2.57018750000E+06	1.029397E-02	9.393559E+01
2.57205625000E+06	1.023716E-02	9.401171E+01
2.57392500000E+06	1.009752E-02	9.383960E+01
2.57579375000E+06	1.007323E-02	9.314994E+01
2.57766250000E+06	1.017433E-02	9.427747E+01
2.57953125000E+06	1.028665E-02	9.335361E+01
2.58140000000E+06	1.029059E-02	9.307414E+01
2.58326875000E+06	1.030980E-02	9.371275E+01
2.58513750000E+06	1.016578E-02	9.366104E+01
2.58700625000E+06	1.022106E-02	9.519007E+01
2.58887500000E+06	1.014271E-02	9.350786E+01
2.59074375000E+06	1.030674E-02	9.377850E+01
2.59261250000E+06	1.031556E-02	9.408858E+01
2.59448125000E+06	1.039905E-02	9.328861E+01
2.59635000000E+06	1.020350E-02	9.457599E+01
2.59821875000E+06	1.018678E-02	9.389433E+01
2.60008750000E+06	1.014174E-02	9.423008E+01
2.60195625000E+06	1.033151E-02	9.415856E+01
2.60382500000E+06	1.009684E-02	9.315473E+01
2.60569375000E+06	1.022151E-02	9.337118E+01
2.60756250000E+06	1.028110E-02	9.346609E+01
2.60943125000E+06	1.037289E-02	9.352612E+01
2.61130000000E+06	1.017643E-02	9.306751E+01
2.61316875000E+06	1.018487E-02	9.410484E+01
2.61503750000E+06	1.027825E-02	9.350448E+01
2.61690625000E+06	1.035658E-02	9.385138E+01
2.61877500000E+06	1.032780E-02	9.415572E+01
2.62064375000E+06	1.033408E-02	9.337173E+01
2.62251250000E+06	1.034590E-02	9.356150E+01
2.62438125000E+06	1.032221E-02	9.435923E+01
2.62625000000E+06	1.039489E-02	9.411126E+01
2.62811875000E+06	1.041481E-02	9.389459E+01
2.62998750000E+06	1.041469E-02	9.386054E+01
2.63185625000E+06	1.031001E-02	9.369370E+01
2.63372500000E+06	1.037050E-02	9.352659E+01
2.63559375000E+06	1.037742E-02	9.457762E+01
2.63746250000E+06	1.042129E-02	9.435837E+01
2.63933125000E+06	1.044932E-02	9.389599E+01
2.64120000000E+06	1.037434E-02	9.388815E+01
2.64306875000E+06	1.040581E-02	9.362330E+01
2.64493750000E+06	1.032156E-02	9.371793E+01
2.64680625000E+06	1.039858E-02	9.360477E+01
2.64867500000E+06	1.044236E-02	9.331873E+01
2.65054375000E+06	1.046393E-02	9.377225E+01
2.65241250000E+06	1.038318E-02	9.374065E+01
2.65428125000E+06	1.039414E-02	9.380678E+01
2.65615000000E+06	1.038862E-02	9.345749E+01
2.65801875000E+06	1.049789E-02	9.359921E+01
2.65988750000E+06	1.047592E-02	9.448601E+01
2.66175625000E+06	1.047149E-02	9.359451E+01
2.66362500000E+06	1.031949E-02	9.456177E+01
2.66549375000E+06	1.037364E-02	9.368581E+01
2.66736250000E+06	1.044525E-02	9.414803E+01
2.66923125000E+06	1.043581E-02	9.426648E+01
2.67110000000E+06	1.045633E-02	9.431091E+01
2.67296875000E+06	1.051780E-02	9.374249E+01
2.67483750000E+06	1.049756E-02	9.422122E+01
2.67670625000E+06	1.033260E-02	9.416050E+01
2.67857500000E+06	1.054789E-02	9.296899E+01
2.68044375000E+06	1.047242E-02	9.345196E+01
2.68231250000E+06	1.055481E-02	9.357206E+01
2.68418125000E+06	1.054932E-02	9.440054E+01
2.68605000000E+06	1.047906E-02	9.441716E+01
2.68791875000E+06	1.044620E-02	9.415577E+01
2.68978750000E+06	1.057461E-02	9.411440E+01
2.69165625000E+06	1.045082E-02	9.407793E+01
2.69352500000E+06	1.050163E-02	9.414395E+01
2.69539375000E+06	1.054005E-02	9.417484E+01
2.69726250000E+06	1.056145E-02	9.419740E+01
2.69913125000E+06	1.050224E-02	9.397554E+01
2.70100000000E+06	1.051488E-02	9.349895E+01
2.70286875000E+06	1.053437E-02	9.371052E+01
2.70473750000E+06	1.058163E-02	9.408096E+01
2.70660625000E+06	1.059790E-02	9.350758E+01
2.70847500000E+06	1.063141E-02	9.453697E+01
2.71034375000E+06	1.056380E-02	9.358659E+01
2.71221250000E+06	1.044788E-02	9.427148E+01
2.71408125000E+06	1.067779E-02	9.290227E+01
2.71595000000E+06	1.068259E-02	9.439557E+01
2.71781875000E+06	1.076844E-02	9.381614E+01
2.71968750000E+06	1.063541E-02	9.277319E+01
2.72155625000E+06	1.079954E-02	9.461418E+01
2.72342500000E+06	1.047696E-02	9.405801E+01
2.72529375000E+06	1.057852E-02	9.260702E+01
2.72716250000E+06	1.062979E-02	9.350154E+01
2.72903125000E+06	1.043086E-02	9.539043E+01
2.73090000000E+06	1.071874E-02	9.439197E+01
2.73276875000E+06	1.052980E-02	9.285575E+01
2.73463750000E+06	1.092137E-02	9.228223E+01
2.73650625000E+06	1.065481E-02	9.403645E+01
2.73837500000E+06	1.064821E-02	9.569798E+01
2.74024375000E+06	1.056942E-02	9.475156E+01
2.74211250000E+06	1.067763E-02	9.384029E+01
2.74398125000E+06	1.050908E-02	9.310325E+01
2.74585000000E+06	1.056152E-02	9.388261E+01
2.74771875000E+06	1.084548E-02	9.363050E+01
2.74958750000E+06	1.056683E-02	9.488427E+01
2.75145625000E+06	1.050509E-02	9.294174E+01
2.75332500000E+06	1.033218E-02	9.410168E+01
2.75519375000E+06	1.091577E-02	9.360394E+01
2.75706250000E+06	1.062235E-02	9.261645E+01
2.75893125000E+06	1.057237E-02	9.527575E+01
2.76080000000E+06	1.085949E-02	9.465280E+01
2.76266875000E+06	1.071673E-02	9.592273E+01
2.76453750000E+06	1.065169E-02	9.499255E+01
2.76640625000E+06	1.092940E-02	9.618358E+01
2.76827500000E+06	1.088380E-02	9.466611E+01
2.77014375000E+06	1.092653E-02	9.696487E+01
2.77201250000E+06	1.081666E-02	9.356360E+01
2.77388125000E+06	1.044134E-02	9.399535E+01
2.77575000000E+06	1.102887E-02	9.718349E+01
2.77761875000E+06	1.044142E-02	9.353146E+01
2.77948750000E+06	1.063151E-02	9.364810E+01
2.78135625000E+06	1.108143E-02	9.436285E+01
2.78322500000E+06	1.101995E-02	9.516448E+01
2.78509375000E+06	1.060087E-02	9.397722E+01
2.78696250000E+06	1.074762E-02	9.322562E+01
2.78883125000E+06	1.083670E-02	9.325578E+01
2.79070000000E+06	1.078127E-02	9.481217E+01
2.79256875000E+06	1.066921E-02	9.309724E+01
2.79443750000E+06	1.086184E-02	9.461389E+01
2.79630625000E+06	1.093439E-02	9.591034E+01
2.79817500000E+06	1.046665E-02	9.436593E+01
2.80004375000E+06	1.059946E-02	9.346344E+01
2.80191250000E+06	1.052410E-02	9.430700E+01
2.80378125000E+06	1.073814E-02	9.410014E+01
2.80565000000E+06	1.070566E-02	9.302245E+01
2.80751875000E+06	1.060362E-02	9.410578E+01
2.80938750000E+06	1.087032E-02	9.484090E+01
2.81125625000E+06	1.095599E-02	9.354423E+01
2.81312500000E+06	1.107233E-02	9.339030E+01
2.81499375000E+06	1.099500E-02	9.455455E+01
2.81686250000E+06	1.078888E-02	9.471772E+01
2.81873125000E+06	1.099364E-02	9.417123E+01
2.82060000000E+06	1.109333E-02	9.344198E+01
2.82246875000E+06	1.099454E-02	9.400389E+01
2.82433750000E+06	1.104497E-02	9.405283E+01
2.82620625000E+06	1.071446E-02	9.610937E+01
2.82807500000E+06	1.093351E-02	9.502174E+01
2.82994375000E+06	1.084316E-02	9.421261E+01
2.83181250000E+06	1.079683E-02	9.560635E+01
2.83368125000E+06	1.075180E-02	9.462233E+01
2.83555000000E+06	1.103914E-02	9.329500E+01
2.83741875000E+06	1.100620E-02	9.461596E+01
2.83928750000E+06	1.105153E-02	9.276271E+01
2.84115625000E+06	1.095434E-02	9.442985E+01
2.84302500000E+06	1.110769E-02	9.487730E+01
2.84489375000E+06	1.085720E-02	9.428837E+01
2.84676250000E+06	1.104962E-02	9.386310E+01
2.84863125000E+06	1.081655E-02	9.417497E+01
2.85050000000E+06	1.104113E-02	9.411342E+01
2.85236875000E+06	1.084679E-02	9.437122E+01
2.85423750000E+06	1.089359E-02	9.449249E+01
2.85610625000E+06	1.105425E-02	9.428434E+01
2.85797500000E+06	1.101336E-02	9.451029E+01
2.85984375000E+06	1.106218E-02	9.400658E+01
2.86171250000E+06	1.106240E-02	9.405155E+01
2.86358125000E+06	1.091715E-02	9.468777E+01
2.86545000000E+06	1.102264E-02	9.386797E+01
2.86731875000E+06	1.096631E-02	9.467239E+01
2.86918750000E+06	1.084764E-02	9.457434E+01
2.87105625000E+06	1.120335E-02	9.333624E+01
2.87292500000E+06	1.103983E-02	9.394132E+01
2.87479375000E+06	1.101793E-02	9.335102E+01
2.87666250000E+06	1.102562E-02	9.425084E+01
2.87853125000E+06	1.113924E-02	9.429816E+01
2.88040000000E+06	1.097954E-02	9.431061E+01
2.88226875000E+06	1.111550E-02	9.417503E+01
2.88413750000E+06	1.105810E-02	9.432957E+01
2.88600625000E+06	1.095624E-02	9.390015E+01
2.88787500000E+06	1.094846E-02	9.457681E+01
2.88974375000E+06	1.113119E-02	9.479060E+01
2.89161250000E+06	1.115242E-02	9.486423E+01
2.89348125000E+06	1.120452E-02	9.504575E+01
2.89535000000E+06	1.090265E-02	9.446446E+01
2.89721875000E+06	1.094339E-02	9.455476E+01
2.89908750000E+06	1.100319E-02	9.485252E+01
2.90095625000E+06	1.113887E-02	9.543531E+01
2.90282500000E+06	1.115454E-02	9.459357E+01
2.90469375000E+06	1.108484E-02	9.459962E+01
2.90656250000E+06	1.101435E-02	9.434274E+01
2.90843125000E+06	1.114768E-02	9.425061E+01
2.91030000000E+06	1.109638E-02	9.405013E+01
2.91216875000E+06	1.108090E-02	9.380163E+01
2.91403750000E+06	1.100491E-02	9.430644E+01
2.91590625000E+06	1.129223E-02	9.385796E+01
2.91777500000E+06	1.118201E-02	9.387595E+01
2.91964375000E+06	1.129364E-02	9.419197E+01
2.92151250000E+06	1.106221E-02	9.388324E+01
2.92338125000E+06	1.115458E-02	9.409477E+01
2.92525000000E+06	1.128693E-02	9.437241E+01
2.92711875000E+06	1.120696E-02	9.441318E+01
2.92898750000E+06	1.103772E-02	9.437452E+01
2.93085625000E+06	1.119179E-02	9.456169E+01
2.93272500000E+06	1.102349E-02	9.451257E+01
2.93459375000E+06	1.109347E-02	9.406680E+01
2.93646250000E+06	1.120094E-02	9.373244E+01
2.93833125000E+06	1.116161E-02	9.422521E+01
2.94020000000E+06	1.118185E-02	9.472515E+01
2.94206875000E+06	1.119645E-02	9.378078E+01
2.94393750000E+06	1.111946E-02	9.508691E+01
2.94580625000E+06	1.123414E-02	9.451254E+01
2.94767500000E+06	1.111807E-02	9.469683E+01
2.94954375000E+06	1.124419E-02	9.496112E+01
2.95141250000E+06	1.115991E-02	9.460103E+01
2.95328125000E+06	1.124917E-02	9.464594E+01
2.95515000000E+06	1.116716E-02	9.437932E+01
2.95701875000E+06	1.123310E-02	9.393562E+01
2.95888750000E+06	1.117329E-02	9.426292E+01
2.96075625000E+06	1.125518E-02	9.482758E+01
2.96262500000E+06	1.120551E-02	9.491876E+01
2.96449375000E+06	1.109001E-02	9.430746E+01
2.96636250000E+06	1.122332E-02	9.474845E+01
2.96823125000E+06	1.128840E-02	9.446547E+01
2.97010000000E+06	1.116040E-02	9.471970E+01
2.97196875000E+06	1.119179E-02	9.480865E+01
2.97383750000E+06	1.117021E-02	9.477691E+01
2.97570625000E+06	1.117460E-02	9.497245E+01
2.97757500000E+06	1.134154E-02	9.411454E+01
2.97944375000E+06	1.132365E-02	9.416512E+01
2.98131250000E+06	1.125104E-02	9.477356E+01
2.98318125000E+06	1.125367E-02	9.466971E+01
2.98505000000E+06	1.139437E-02	9.481709E+01
2.98691875000E+06	1.123880E-02	9.461624E+01
2.98878750000E+06	1.120993E-02	9.397079E+01
2.99065625000E+06	1.135649E-02	9.428058E+01
2.99252500000E+06	1.130205E-02	9.476200E+01
2.99439375000E+06	1.137554E-02	9.462379E+01
2.99626250000E+06	1.132468E-02	9.459884E+01
2.99813125000E+06	1.133837E-02	9.465234E+01
3.00000000000E+06	1.141510E-02	9.472757E+01
