"E5100A REV3.14"
"DATE: Jul  1 2004"



"CHANNEL: 2"
"MEASURE TYPE: AR"
"FORMAT TYPE: LINMP"
"NUMBER of POINTS: 1601"
"SWEEP TIME:  3.458 s"
"SWEEP TYPE: LINF"
"SOURCE POWER: 0 dBm"
"IF BANDWIDTH: 500 Hz"

"Frequency"	"Main Array"	"Sub Array"
1.00000000000E+04	2.076228E-02	-1.221421E+02
1.18687500000E+04	1.123813E-02	-6.344466E+01
1.37375000000E+04	1.161818E-02	-1.005225E+02
1.56062500000E+04	2.264287E-03	1.622230E+02
1.74750000000E+04	3.768149E-03	1.697959E+02
1.93437500000E+04	5.472737E-03	1.652500E+02
2.12125000000E+04	2.370065E-03	9.397198E+01
2.30812500000E+04	2.477644E-03	1.249619E+02
2.49500000000E+04	1.865459E-03	9.664243E+01
2.68187500000E+04	1.480729E-03	3.790583E+01
2.86875000000E+04	5.199268E-04	-9.581329E+01
3.05562500000E+04	1.438173E-03	1.070456E+00
3.24250000000E+04	1.114662E-03	-1.681888E+02
3.42937500000E+04	5.772536E-04	4.761198E+01
3.61625000000E+04	7.726063E-04	1.019546E+02
3.80312500000E+04	1.637041E-03	-3.364317E+01
3.99000000000E+04	1.188151E-03	1.353775E+02
4.17687500000E+04	9.845122E-04	1.384387E+02
4.36375000000E+04	3.197075E-04	1.769167E+02
4.55062500000E+04	1.154973E-03	1.385100E+02
4.73750000000E+04	1.208932E-03	4.351807E+01
4.92437500000E+04	1.181181E-03	1.417479E+01
5.11125000000E+04	1.100335E-03	8.518414E+01
5.29812500000E+04	2.983345E-04	-1.682713E+02
5.48500000000E+04	4.256973E-04	8.831100E+01
5.67187500000E+04	1.245144E-03	7.664177E+01
5.85875000000E+04	1.533955E-03	9.104928E+01
6.04562500000E+04	8.210107E-04	8.501875E+01
6.23250000000E+04	1.419967E-03	6.568221E+01
6.41937500000E+04	2.022030E-03	6.968578E+01
6.60625000000E+04	8.896368E-04	7.977090E+01
6.79312500000E+04	8.866204E-04	7.414198E+01
6.98000000000E+04	1.193749E-03	1.037643E+02
7.16687500000E+04	1.252010E-03	9.037712E+01
7.35375000000E+04	1.442907E-03	7.117104E+01
7.54062500000E+04	1.356738E-03	7.790948E+01
7.72750000000E+04	1.043182E-03	8.103188E+01
7.91437500000E+04	1.067714E-03	8.045815E+01
8.10125000000E+04	1.221561E-03	8.150741E+01
8.28812500000E+04	1.461803E-03	7.872095E+01
8.47500000000E+04	9.214425E-04	1.111841E+02
8.66187500000E+04	1.344379E-03	6.969125E+01
8.84875000000E+04	4.697187E-04	7.284372E+01
9.03562500000E+04	1.953069E-03	9.313911E+01
9.22250000000E+04	1.056335E-03	9.351661E+01
9.40937500000E+04	1.163202E-03	8.422248E+01
9.59625000000E+04	1.881500E-03	8.856572E+01
9.78312500000E+04	1.153502E-03	9.818987E+01
9.97000000000E+04	1.634585E-03	8.902564E+01
1.01568750000E+05	1.383363E-03	8.843680E+01
1.03437500000E+05	1.720143E-03	8.752738E+01
1.05306250000E+05	1.012244E-03	1.258969E+02
1.07175000000E+05	1.597051E-03	7.623498E+01
1.09043750000E+05	1.602222E-03	1.109061E+02
1.10912500000E+05	2.656007E-03	1.126445E+02
1.12781250000E+05	1.176155E-03	1.025682E+02
1.14650000000E+05	1.389977E-03	9.462503E+01
1.16518750000E+05	1.531394E-03	9.115603E+01
1.18387500000E+05	1.927902E-03	9.902177E+01
1.20256250000E+05	1.396517E-03	8.989153E+01
1.22125000000E+05	2.090692E-03	9.462819E+01
1.23993750000E+05	1.955817E-03	9.346805E+01
1.25862500000E+05	1.818710E-03	1.035818E+02
1.27731250000E+05	2.062159E-03	8.717729E+01
1.29600000000E+05	1.629258E-03	8.206966E+01
1.31468750000E+05	2.224762E-03	9.356754E+01
1.33337500000E+05	1.797928E-03	1.013596E+02
1.35206250000E+05	1.965256E-03	8.061581E+01
1.37075000000E+05	1.489392E-03	9.693193E+01
1.38943750000E+05	1.746502E-03	8.851896E+01
1.40812500000E+05	1.289971E-03	9.577156E+01
1.42681250000E+05	1.948350E-03	7.956685E+01
1.44550000000E+05	2.246936E-03	8.866644E+01
1.46418750000E+05	1.864176E-03	9.918334E+01
1.48287500000E+05	2.426642E-03	8.666869E+01
1.50156250000E+05	1.790540E-03	9.811187E+01
1.52025000000E+05	2.467921E-03	8.902961E+01
1.53893750000E+05	1.816096E-03	9.167206E+01
1.55762500000E+05	2.368849E-03	8.360694E+01
1.57631250000E+05	2.107674E-03	9.450584E+01
1.59500000000E+05	2.389383E-03	9.770028E+01
1.61368750000E+05	2.364759E-03	8.823214E+01
1.63237500000E+05	2.160285E-03	8.732782E+01
1.65106250000E+05	1.881751E-03	9.440022E+01
1.66975000000E+05	2.282193E-03	9.747577E+01
1.68843750000E+05	2.554609E-03	8.294771E+01
1.70712500000E+05	2.598442E-03	9.023635E+01
1.72581250000E+05	2.920460E-03	8.954667E+01
1.74450000000E+05	2.440233E-03	9.151214E+01
1.76318750000E+05	2.730456E-03	9.337833E+01
1.78187500000E+05	2.976671E-03	9.229171E+01
1.80056250000E+05	2.594676E-03	9.327425E+01
1.81925000000E+05	2.681968E-03	8.950989E+01
1.83793750000E+05	2.563002E-03	8.952972E+01
1.85662500000E+05	2.572066E-03	9.333572E+01
1.87531250000E+05	2.864034E-03	9.600556E+01
1.89400000000E+05	2.717054E-03	9.122327E+01
1.91268750000E+05	2.719465E-03	8.939286E+01
1.93137500000E+05	3.036185E-03	9.407066E+01
1.95006250000E+05	2.495165E-03	9.708547E+01
1.96875000000E+05	2.829554E-03	8.626378E+01
1.98743750000E+05	2.980232E-03	9.098962E+01
2.00612500000E+05	2.771466E-03	9.289310E+01
2.02481250000E+05	2.803444E-03	9.199474E+01
2.04350000000E+05	3.045340E-03	9.321310E+01
2.06218750000E+05	3.135986E-03	8.864090E+01
2.08087500000E+05	3.033253E-03	9.375989E+01
2.09956250000E+05	3.021748E-03	8.885450E+01
2.11825000000E+05	2.920922E-03	9.404785E+01
2.13693750000E+05	3.236784E-03	8.221154E+01
2.15562500000E+05	3.218524E-03	8.533687E+01
2.17431250000E+05	3.154882E-03	9.293613E+01
2.19300000000E+05	3.083585E-03	8.889000E+01
2.21168750000E+05	3.100829E-03	9.465253E+01
2.23037500000E+05	3.429378E-03	9.186487E+01
2.24906250000E+05	3.427906E-03	9.339626E+01
2.26775000000E+05	3.109426E-03	8.850136E+01
2.28643750000E+05	3.088357E-03	8.747043E+01
2.30512500000E+05	3.725981E-03	9.024292E+01
2.32381250000E+05	3.468171E-03	9.450748E+01
2.34250000000E+05	3.177428E-03	8.927572E+01
2.36118750000E+05	3.620355E-03	9.253383E+01
2.37987500000E+05	3.687412E-03	8.998169E+01
2.39856250000E+05	3.808228E-03	9.768279E+01
2.41725000000E+05	3.333016E-03	9.084251E+01
2.43593750000E+05	3.311639E-03	9.231279E+01
2.45462500000E+05	3.706658E-03	8.762363E+01
2.47331250000E+05	3.722752E-03	9.227262E+01
2.49200000000E+05	3.430859E-03	8.801427E+01
2.51068750000E+05	3.730058E-03	8.886227E+01
2.52937500000E+05	3.600011E-03	9.151057E+01
2.54806250000E+05	3.807390E-03	9.043861E+01
2.56675000000E+05	3.651490E-03	9.124874E+01
2.58543750000E+05	3.828615E-03	9.573215E+01
2.60412500000E+05	3.693140E-03	8.958371E+01
2.62281250000E+05	3.687663E-03	9.269429E+01
2.64150000000E+05	3.798213E-03	9.389085E+01
2.66018750000E+05	3.942671E-03	8.755622E+01
2.67887500000E+05	3.919740E-03	9.174272E+01
2.69756250000E+05	3.871732E-03	9.080521E+01
2.71625000000E+05	3.828201E-03	9.139534E+01
2.73493750000E+05	4.297486E-03	9.352949E+01
2.75362500000E+05	4.366330E-03	8.986829E+01
2.77231250000E+05	4.130883E-03	8.623179E+01
2.79100000000E+05	3.921391E-03	9.058310E+01
2.80968750000E+05	3.955744E-03	9.320415E+01
2.82837500000E+05	4.259413E-03	8.735735E+01
2.84706250000E+05	4.228055E-03	8.981142E+01
2.86575000000E+05	4.223909E-03	9.189784E+01
2.88443750000E+05	4.308123E-03	9.202222E+01
2.90312500000E+05	4.008444E-03	9.205168E+01
2.92181250000E+05	4.370650E-03	9.245540E+01
2.94050000000E+05	4.220902E-03	9.301398E+01
2.95918750000E+05	4.549535E-03	9.051701E+01
2.97787500000E+05	4.368449E-03	9.214965E+01
2.99656250000E+05	4.316852E-03	9.426925E+01
3.01525000000E+05	4.467802E-03	9.085239E+01
3.03393750000E+05	4.581992E-03	9.031846E+01
3.05262500000E+05	4.511967E-03	9.109402E+01
3.07131250000E+05	4.334230E-03	9.178398E+01
3.09000000000E+05	4.630434E-03	8.885122E+01
3.10868750000E+05	4.693068E-03	9.086125E+01
3.12737500000E+05	4.560564E-03	9.081526E+01
3.14606250000E+05	4.700928E-03	9.092927E+01
3.16475000000E+05	4.637964E-03	8.996885E+01
3.18343750000E+05	4.765493E-03	8.651173E+01
3.20212500000E+05	4.553124E-03	8.989898E+01
3.22081250000E+05	4.694927E-03	9.005197E+01
3.23950000000E+05	4.647805E-03	9.501736E+01
3.25818750000E+05	4.726384E-03	9.012668E+01
3.27687500000E+05	4.704397E-03	9.030667E+01
3.29556250000E+05	4.585621E-03	8.954442E+01
3.31425000000E+05	4.969761E-03	8.931210E+01
3.33293750000E+05	5.215695E-03	9.075372E+01
3.35162500000E+05	4.976367E-03	9.105489E+01
3.37031250000E+05	4.741579E-03	9.038209E+01
3.38900000000E+05	5.138738E-03	8.960353E+01
3.40768750000E+05	4.993706E-03	8.863041E+01
3.42637500000E+05	4.801989E-03	8.816247E+01
3.44506250000E+05	4.935239E-03	8.863592E+01
3.46375000000E+05	5.038961E-03	9.038351E+01
3.48243750000E+05	5.360830E-03	8.987524E+01
3.50112500000E+05	5.271929E-03	8.854184E+01
3.51981250000E+05	5.027727E-03	9.099290E+01
3.53850000000E+05	5.083210E-03	9.064690E+01
3.55718750000E+05	5.281744E-03	9.236587E+01
3.57587500000E+05	5.263672E-03	9.034419E+01
3.59456250000E+05	5.235953E-03	9.062764E+01
3.61325000000E+05	5.375153E-03	9.050998E+01
3.63193750000E+05	5.359022E-03	9.060340E+01
3.65062500000E+05	5.230690E-03	9.254398E+01
3.66931250000E+05	5.307737E-03	9.166901E+01
3.68800000000E+05	5.313850E-03	9.099184E+01
3.70668750000E+05	5.404024E-03	9.003622E+01
3.72537500000E+05	5.563193E-03	9.074458E+01
3.74406250000E+05	5.508583E-03	8.963130E+01
3.76275000000E+05	5.529666E-03	9.070956E+01
3.78143750000E+05	5.532451E-03	9.061374E+01
3.80012500000E+05	5.641359E-03	8.915621E+01
3.81881250000E+05	5.503283E-03	9.055813E+01
3.83750000000E+05	5.692641E-03	9.052799E+01
3.85618750000E+05	5.606612E-03	9.015915E+01
3.87487500000E+05	5.918530E-03	9.135477E+01
3.89356250000E+05	5.613742E-03	8.973416E+01
3.91225000000E+05	5.776147E-03	8.814399E+01
3.93093750000E+05	5.891573E-03	8.944185E+01
3.94962500000E+05	5.951310E-03	9.010883E+01
3.96831250000E+05	5.846499E-03	9.083181E+01
3.98700000000E+05	5.897440E-03	8.994886E+01
4.00568750000E+05	5.984584E-03	8.982799E+01
4.02437500000E+05	5.923320E-03	8.987814E+01
4.04306250000E+05	5.800048E-03	9.082883E+01
4.06175000000E+05	5.988968E-03	9.075497E+01
4.08043750000E+05	5.812196E-03	9.084172E+01
4.09912500000E+05	5.959208E-03	9.032124E+01
4.11781250000E+05	5.729044E-03	9.105611E+01
4.13650000000E+05	6.166265E-03	9.088390E+01
4.15518750000E+05	6.121698E-03	9.018606E+01
4.17387500000E+05	6.386628E-03	8.918641E+01
4.19256250000E+05	6.105470E-03	8.817639E+01
4.21125000000E+05	6.140998E-03	9.127327E+01
4.22993750000E+05	6.300882E-03	9.273646E+01
4.24862500000E+05	6.246181E-03	9.019283E+01
4.26731250000E+05	6.066104E-03	8.950648E+01
4.28600000000E+05	6.184014E-03	9.126889E+01
4.30468750000E+05	6.002833E-03	8.918929E+01
4.32337500000E+05	6.352353E-03	8.927136E+01
4.34206250000E+05	6.394139E-03	9.066018E+01
4.36075000000E+05	6.395479E-03	9.024828E+01
4.37943750000E+05	6.410415E-03	8.916283E+01
4.39812500000E+05	6.407293E-03	9.106573E+01
4.41681250000E+05	6.339685E-03	8.858727E+01
4.43550000000E+05	6.609383E-03	9.014449E+01
4.45418750000E+05	6.497346E-03	9.140846E+01
4.47287500000E+05	6.402897E-03	9.128049E+01
4.49156250000E+05	6.544657E-03	8.919364E+01
4.51025000000E+05	6.623848E-03	9.063573E+01
4.52893750000E+05	6.529815E-03	9.018536E+01
4.54762500000E+05	6.574228E-03	9.056384E+01
4.56631250000E+05	6.710497E-03	8.939713E+01
4.58500000000E+05	6.707404E-03	8.974146E+01
4.60368750000E+05	6.742972E-03	8.847129E+01
4.62237500000E+05	6.743317E-03	8.970369E+01
4.64106250000E+05	6.984345E-03	8.979167E+01
4.65975000000E+05	6.865782E-03	8.990325E+01
4.67843750000E+05	6.925525E-03	8.932756E+01
4.69712500000E+05	6.872709E-03	9.008723E+01
4.71581250000E+05	6.750092E-03	9.082354E+01
4.73450000000E+05	6.808198E-03	9.064350E+01
4.75318750000E+05	6.941138E-03	9.085412E+01
4.77187500000E+05	6.883974E-03	8.998172E+01
4.79056250000E+05	6.976217E-03	9.037862E+01
4.80925000000E+05	7.151872E-03	8.894660E+01
4.82793750000E+05	7.118784E-03	8.976696E+01
4.84662500000E+05	6.990043E-03	8.898244E+01
4.86531250000E+05	7.199303E-03	9.001664E+01
4.88400000000E+05	7.117108E-03	8.996439E+01
4.90268750000E+05	7.064814E-03	8.980016E+01
4.92137500000E+05	7.335801E-03	9.005085E+01
4.94006250000E+05	7.151383E-03	8.995798E+01
4.95875000000E+05	7.276581E-03	9.021680E+01
4.97743750000E+05	7.229649E-03	8.886245E+01
4.99612500000E+05	7.326855E-03	8.913393E+01
5.01481250000E+05	7.276283E-03	9.063168E+01
5.03350000000E+05	7.377543E-03	9.095560E+01
5.05218750000E+05	7.501820E-03	8.948830E+01
5.07087500000E+05	7.363765E-03	9.127174E+01
5.08956250000E+05	7.468440E-03	9.021081E+01
5.10825000000E+05	7.351566E-03	8.908632E+01
5.12693750000E+05	7.592572E-03	9.043117E+01
5.14562500000E+05	7.458971E-03	9.060693E+01
5.16431250000E+05	7.523657E-03	9.047571E+01
5.18300000000E+05	7.539817E-03	9.041509E+01
5.20168750000E+05	7.515464E-03	8.935168E+01
5.22037500000E+05	7.530895E-03	8.917703E+01
5.23906250000E+05	7.595646E-03	9.080386E+01
5.25775000000E+05	7.690247E-03	9.043363E+01
5.27643750000E+05	7.592599E-03	8.964243E+01
5.29512500000E+05	7.839347E-03	9.009830E+01
5.31381250000E+05	7.643106E-03	8.950084E+01
5.33250000000E+05	7.555716E-03	9.085894E+01
5.35118750000E+05	7.866249E-03	9.005137E+01
5.36987500000E+05	7.975464E-03	8.915520E+01
5.38856250000E+05	7.879453E-03	8.926776E+01
5.40725000000E+05	7.976652E-03	9.029496E+01
5.42593750000E+05	8.012658E-03	9.039890E+01
5.44462500000E+05	8.131667E-03	9.007433E+01
5.46331250000E+05	7.959444E-03	9.022234E+01
5.48200000000E+05	7.992343E-03	8.932238E+01
5.50068750000E+05	8.024162E-03	9.029368E+01
5.51937500000E+05	8.044360E-03	8.998324E+01
5.53806250000E+05	8.014286E-03	8.871664E+01
5.55675000000E+05	8.082221E-03	8.982854E+01
5.57543750000E+05	8.148831E-03	8.884568E+01
5.59412500000E+05	8.160215E-03	8.991331E+01
5.61281250000E+05	8.250077E-03	9.032769E+01
5.63150000000E+05	8.281978E-03	9.112380E+01
5.65018750000E+05	8.307106E-03	9.008862E+01
5.66887500000E+05	8.289726E-03	8.912134E+01
5.68756250000E+05	8.344889E-03	9.071695E+01
5.70625000000E+05	8.429944E-03	9.111432E+01
5.72493750000E+05	8.234635E-03	9.029914E+01
5.74362500000E+05	8.500635E-03	9.029757E+01
5.76231250000E+05	8.691900E-03	9.006367E+01
5.78100000000E+05	8.324051E-03	8.947341E+01
5.79968750000E+05	8.523827E-03	8.981862E+01
5.81837500000E+05	8.568201E-03	8.899976E+01
5.83706250000E+05	8.635038E-03	9.052040E+01
5.85575000000E+05	8.666749E-03	8.930010E+01
5.87443750000E+05	8.480865E-03	8.978717E+01
5.89312500000E+05	8.537609E-03	9.025854E+01
5.91181250000E+05	8.656953E-03	8.923425E+01
5.93050000000E+05	8.666489E-03	8.953860E+01
5.94918750000E+05	8.753502E-03	9.013301E+01
5.96787500000E+05	8.794878E-03	8.959789E+01
5.98656250000E+05	8.854733E-03	8.982319E+01
6.00525000000E+05	8.759769E-03	9.079474E+01
6.02393750000E+05	8.825639E-03	9.002046E+01
6.04262500000E+05	8.877384E-03	8.989699E+01
6.06131250000E+05	8.844583E-03	8.987418E+01
6.08000000000E+05	8.873414E-03	8.971218E+01
6.09868750000E+05	9.001198E-03	8.953400E+01
6.11737500000E+05	9.013169E-03	8.889516E+01
6.13606250000E+05	8.870353E-03	9.002895E+01
6.15475000000E+05	9.039820E-03	9.024714E+01
6.17343750000E+05	8.969830E-03	8.955013E+01
6.19212500000E+05	9.145533E-03	9.008330E+01
6.21081250000E+05	9.123136E-03	9.060958E+01
6.22950000000E+05	9.128696E-03	9.016879E+01
6.24818750000E+05	9.136203E-03	9.034489E+01
6.26687500000E+05	9.233414E-03	9.008508E+01
6.28556250000E+05	9.228821E-03	9.010926E+01
6.30425000000E+05	9.247205E-03	8.957423E+01
6.32293750000E+05	9.349319E-03	9.019282E+01
6.34162500000E+05	9.191866E-03	9.017512E+01
6.36031250000E+05	9.247504E-03	9.037699E+01
6.37900000000E+05	9.334650E-03	8.884657E+01
6.39768750000E+05	9.292009E-03	8.953748E+01
6.41637500000E+05	9.562383E-03	8.950195E+01
6.43506250000E+05	9.516579E-03	9.100296E+01
6.45375000000E+05	9.537087E-03	9.040060E+01
6.47243750000E+05	9.473913E-03	8.997935E+01
6.49112500000E+05	9.721587E-03	8.991404E+01
6.50981250000E+05	9.500414E-03	8.949905E+01
6.52850000000E+05	9.474043E-03	8.941821E+01
6.54718750000E+05	9.557024E-03	9.027650E+01
6.56587500000E+05	9.540949E-03	8.985339E+01
6.58456250000E+05	9.608029E-03	9.100131E+01
6.60325000000E+05	9.661930E-03	9.053191E+01
6.62193750000E+05	9.680898E-03	8.877074E+01
6.64062500000E+05	9.733471E-03	9.004745E+01
6.65931250000E+05	9.598732E-03	8.982988E+01
6.67800000000E+05	9.760866E-03	8.941821E+01
6.69668750000E+05	9.823379E-03	8.988881E+01
6.71537500000E+05	9.931038E-03	9.030957E+01
6.73406250000E+05	9.871965E-03	8.976884E+01
6.75275000000E+05	9.862617E-03	8.949624E+01
6.77143750000E+05	9.893910E-03	8.980211E+01
6.79012500000E+05	9.934005E-03	9.033164E+01
6.80881250000E+05	9.742878E-03	8.988544E+01
6.82750000000E+05	1.000658E-02	8.983026E+01
6.84618750000E+05	9.970982E-03	8.930531E+01
6.86487500000E+05	1.019820E-02	9.035169E+01
6.88356250000E+05	1.004185E-02	8.976580E+01
6.90225000000E+05	1.002540E-02	8.990963E+01
6.92093750000E+05	1.008259E-02	8.884686E+01
6.93962500000E+05	1.002640E-02	8.927536E+01
6.95831250000E+05	1.030824E-02	9.011412E+01
6.97700000000E+05	1.025469E-02	9.076432E+01
6.99568750000E+05	1.022211E-02	8.933161E+01
7.01437500000E+05	1.031586E-02	8.981790E+01
7.03306250000E+05	1.031434E-02	9.005644E+01
7.05175000000E+05	1.022682E-02	9.034029E+01
7.07043750000E+05	1.046437E-02	9.036260E+01
7.08912500000E+05	1.036550E-02	8.961347E+01
7.10781250000E+05	1.031974E-02	8.986172E+01
7.12650000000E+05	1.043804E-02	9.025023E+01
7.14518750000E+05	1.037251E-02	8.972495E+01
7.16387500000E+05	1.049915E-02	8.991493E+01
7.18256250000E+05	1.034683E-02	9.029892E+01
7.20125000000E+05	1.052071E-02	8.946909E+01
7.21993750000E+05	1.060114E-02	9.014290E+01
7.23862500000E+05	1.054032E-02	8.982095E+01
7.25731250000E+05	1.060238E-02	8.986649E+01
7.27600000000E+05	1.052584E-02	9.026309E+01
7.29468750000E+05	1.075498E-02	8.967558E+01
7.31337500000E+05	1.072134E-02	8.967737E+01
7.33206250000E+05	1.075412E-02	8.942194E+01
7.35075000000E+05	1.068634E-02	8.993744E+01
7.36943750000E+05	1.075292E-02	8.992901E+01
7.38812500000E+05	1.083693E-02	8.929133E+01
7.40681250000E+05	1.072882E-02	8.990314E+01
7.42550000000E+05	1.087353E-02	8.969947E+01
7.44418750000E+05	1.082776E-02	8.987642E+01
7.46287500000E+05	1.097290E-02	9.049758E+01
7.48156250000E+05	1.095672E-02	8.962583E+01
7.50025000000E+05	1.103078E-02	8.923698E+01
7.51893750000E+05	1.103338E-02	9.003661E+01
7.53762500000E+05	1.093733E-02	8.963033E+01
7.55631250000E+05	1.101624E-02	8.986085E+01
7.57500000000E+05	1.103897E-02	8.977720E+01
7.59368750000E+05	1.107762E-02	8.917498E+01
7.61237500000E+05	1.123520E-02	9.032027E+01
7.63106250000E+05	1.126921E-02	8.964960E+01
7.64975000000E+05	1.126638E-02	8.948936E+01
7.66843750000E+05	1.103923E-02	8.958328E+01
7.68712500000E+05	1.109242E-02	9.012244E+01
7.70581250000E+05	1.128897E-02	8.900513E+01
7.72450000000E+05	1.143662E-02	8.974634E+01
7.74318750000E+05	1.121263E-02	8.969260E+01
7.76187500000E+05	1.154674E-02	8.965898E+01
7.78056250000E+05	1.143851E-02	8.986581E+01
7.79925000000E+05	1.135045E-02	8.958720E+01
7.81793750000E+05	1.140816E-02	8.928172E+01
7.83662500000E+05	1.142151E-02	8.988148E+01
7.85531250000E+05	1.145245E-02	8.951222E+01
7.87400000000E+05	1.140369E-02	8.995046E+01
7.89268750000E+05	1.152409E-02	8.951492E+01
7.91137500000E+05	1.143875E-02	8.964138E+01
7.93006250000E+05	1.161768E-02	9.082758E+01
7.94875000000E+05	1.171157E-02	8.945049E+01
7.96743750000E+05	1.157497E-02	8.997359E+01
7.98612500000E+05	1.163405E-02	8.979644E+01
8.00481250000E+05	1.173786E-02	9.003345E+01
8.02350000000E+05	1.185779E-02	9.017943E+01
8.04218750000E+05	1.170081E-02	9.025259E+01
8.06087500000E+05	1.171424E-02	8.994769E+01
8.07956250000E+05	1.189864E-02	9.004507E+01
8.09825000000E+05	1.180416E-02	8.867070E+01
8.11693750000E+05	1.193386E-02	8.921211E+01
8.13562500000E+05	1.180121E-02	8.908807E+01
8.15431250000E+05	1.189543E-02	8.964208E+01
8.17300000000E+05	1.197255E-02	9.020355E+01
8.19168750000E+05	1.191743E-02	8.971119E+01
8.21037500000E+05	1.190374E-02	8.941737E+01
8.22906250000E+05	1.205380E-02	8.937506E+01
8.24775000000E+05	1.201048E-02	8.950421E+01
8.26643750000E+05	1.204007E-02	8.975202E+01
8.28512500000E+05	1.220863E-02	8.935302E+01
8.30381250000E+05	1.203826E-02	8.949306E+01
8.32250000000E+05	1.218561E-02	8.981422E+01
8.34118750000E+05	1.227573E-02	8.953305E+01
8.35987500000E+05	1.212755E-02	8.947353E+01
8.37856250000E+05	1.212384E-02	9.004015E+01
8.39725000000E+05	1.236125E-02	8.980359E+01
8.41593750000E+05	1.226749E-02	9.005122E+01
8.43462500000E+05	1.238341E-02	8.995430E+01
8.45331250000E+05	1.233034E-02	8.935757E+01
8.47200000000E+05	1.232656E-02	8.870226E+01
8.49068750000E+05	1.253890E-02	8.980110E+01
8.50937500000E+05	1.247606E-02	8.961393E+01
8.52806250000E+05	1.241909E-02	8.943648E+01
8.54675000000E+05	1.243441E-02	8.973764E+01
8.56543750000E+05	1.257371E-02	8.978224E+01
8.58412500000E+05	1.267739E-02	8.963029E+01
8.60281250000E+05	1.259047E-02	8.978432E+01
8.62150000000E+05	1.246288E-02	9.046610E+01
8.64018750000E+05	1.252642E-02	9.025956E+01
8.65887500000E+05	1.262066E-02	8.988914E+01
8.67756250000E+05	1.266857E-02	8.921085E+01
8.69625000000E+05	1.268315E-02	8.950845E+01
8.71493750000E+05	1.281960E-02	9.002190E+01
8.73362500000E+05	1.279202E-02	8.971101E+01
8.75231250000E+05	1.288706E-02	8.957865E+01
8.77100000000E+05	1.292994E-02	9.007488E+01
8.78968750000E+05	1.272572E-02	8.944787E+01
8.80837500000E+05	1.283856E-02	8.897653E+01
8.82706250000E+05	1.280476E-02	9.036930E+01
8.84575000000E+05	1.309460E-02	8.895600E+01
8.86443750000E+05	1.297479E-02	8.952325E+01
8.88312500000E+05	1.300527E-02	8.960174E+01
8.90181250000E+05	1.301179E-02	8.966556E+01
8.92050000000E+05	1.297988E-02	8.922165E+01
8.93918750000E+05	1.309541E-02	8.988615E+01
8.95787500000E+05	1.308217E-02	8.963381E+01
8.97656250000E+05	1.326479E-02	8.954546E+01
8.99525000000E+05	1.300246E-02	8.907063E+01
9.01393750000E+05	1.314706E-02	9.024957E+01
9.03262500000E+05	1.313039E-02	8.965121E+01
9.05131250000E+05	1.310255E-02	8.915912E+01
9.07000000000E+05	1.319532E-02	8.991905E+01
9.08868750000E+05	1.331044E-02	8.917270E+01
9.10737500000E+05	1.329002E-02	8.954185E+01
9.12606250000E+05	1.334004E-02	8.939772E+01
9.14475000000E+05	1.322273E-02	8.960450E+01
9.16343750000E+05	1.341646E-02	8.933514E+01
9.18212500000E+05	1.336375E-02	8.922260E+01
9.20081250000E+05	1.342497E-02	8.955035E+01
9.21950000000E+05	1.338254E-02	8.962272E+01
9.23818750000E+05	1.359289E-02	8.915742E+01
9.25687500000E+05	1.334587E-02	8.956623E+01
9.27556250000E+05	1.366909E-02	8.961458E+01
9.29425000000E+05	1.364482E-02	8.968823E+01
9.31293750000E+05	1.352218E-02	8.956375E+01
9.33162500000E+05	1.354311E-02	8.933409E+01
9.35031250000E+05	1.358686E-02	8.955048E+01
9.36900000000E+05	1.368962E-02	9.034402E+01
9.38768750000E+05	1.371593E-02	8.980209E+01
9.40637500000E+05	1.360715E-02	8.932222E+01
9.42506250000E+05	1.388235E-02	8.955843E+01
9.44375000000E+05	1.368279E-02	8.885894E+01
9.46243750000E+05	1.373487E-02	8.946534E+01
9.48112500000E+05	1.386981E-02	8.949966E+01
9.49981250000E+05	1.382862E-02	8.939744E+01
9.51850000000E+05	1.390924E-02	8.982710E+01
9.53718750000E+05	1.377527E-02	9.049225E+01
9.55587500000E+05	1.379362E-02	8.946641E+01
9.57456250000E+05	1.398949E-02	8.979185E+01
9.59325000000E+05	1.397633E-02	8.896769E+01
9.61193750000E+05	1.393757E-02	8.986249E+01
9.63062500000E+05	1.389863E-02	8.951104E+01
9.64931250000E+05	1.394785E-02	9.002805E+01
9.66800000000E+05	1.426433E-02	9.046364E+01
9.68668750000E+05	1.404255E-02	8.951939E+01
9.70537500000E+05	1.426278E-02	8.963150E+01
9.72406250000E+05	1.411813E-02	8.942438E+01
9.74275000000E+05	1.428813E-02	8.931968E+01
9.76143750000E+05	1.422392E-02	8.940816E+01
9.78012500000E+05	1.418614E-02	8.981691E+01
9.79881250000E+05	1.424202E-02	8.979066E+01
9.81750000000E+05	1.442171E-02	8.965257E+01
9.83618750000E+05	1.430247E-02	8.964047E+01
9.85487500000E+05	1.433016E-02	8.963171E+01
9.87356250000E+05	1.431697E-02	8.960165E+01
9.89225000000E+05	1.441001E-02	8.965601E+01
9.91093750000E+05	1.433577E-02	8.938900E+01
9.92962500000E+05	1.447709E-02	8.950348E+01
9.94831250000E+05	1.451389E-02	8.994765E+01
9.96700000000E+05	1.450437E-02	8.992051E+01
9.98568750000E+05	1.457477E-02	8.919413E+01
1.00043750000E+06	1.471900E-02	8.949982E+01
1.00230625000E+06	1.457290E-02	8.942307E+01
1.00417500000E+06	1.456763E-02	8.886273E+01
1.00604375000E+06	1.461420E-02	8.894266E+01
1.00791250000E+06	1.467518E-02	8.945034E+01
1.00978125000E+06	1.462531E-02	8.940931E+01
1.01165000000E+06	1.474731E-02	8.914096E+01
1.01351875000E+06	1.465788E-02	9.016519E+01
1.01538750000E+06	1.502471E-02	8.899738E+01
1.01725625000E+06	1.482615E-02	8.966589E+01
1.01912500000E+06	1.497212E-02	9.013675E+01
1.02099375000E+06	1.499031E-02	9.005979E+01
1.02286250000E+06	1.499179E-02	8.945701E+01
1.02473125000E+06	1.503319E-02	8.969175E+01
1.02660000000E+06	1.480768E-02	8.996735E+01
1.02846875000E+06	1.506057E-02	8.953506E+01
1.03033750000E+06	1.501575E-02	8.951427E+01
1.03220625000E+06	1.506505E-02	8.927275E+01
1.03407500000E+06	1.511553E-02	8.966270E+01
1.03594375000E+06	1.513701E-02	9.028608E+01
1.03781250000E+06	1.505248E-02	8.990604E+01
1.03968125000E+06	1.526204E-02	8.910638E+01
1.04155000000E+06	1.522215E-02	8.942393E+01
1.04341875000E+06	1.519183E-02	8.949250E+01
1.04528750000E+06	1.536018E-02	8.954244E+01
1.04715625000E+06	1.523447E-02	8.918944E+01
1.04902500000E+06	1.524093E-02	8.901399E+01
1.05089375000E+06	1.517928E-02	8.999524E+01
1.05276250000E+06	1.532565E-02	8.938784E+01
1.05463125000E+06	1.542625E-02	8.972227E+01
1.05650000000E+06	1.542128E-02	8.971494E+01
1.05836875000E+06	1.541247E-02	8.917501E+01
1.06023750000E+06	1.541636E-02	8.921796E+01
1.06210625000E+06	1.541351E-02	8.919748E+01
1.06397500000E+06	1.544019E-02	8.921025E+01
1.06584375000E+06	1.551873E-02	8.853564E+01
1.06771250000E+06	1.560990E-02	8.874491E+01
1.06958125000E+06	1.561764E-02	8.935999E+01
1.07145000000E+06	1.563269E-02	8.976621E+01
1.07331875000E+06	1.556880E-02	8.972699E+01
1.07518750000E+06	1.565968E-02	8.948367E+01
1.07705625000E+06	1.554525E-02	8.977038E+01
1.07892500000E+06	1.568867E-02	8.950704E+01
1.08079375000E+06	1.569134E-02	8.986991E+01
1.08266250000E+06	1.576702E-02	8.931213E+01
1.08453125000E+06	1.606461E-02	8.939029E+01
1.08640000000E+06	1.585576E-02	8.913896E+01
1.08826875000E+06	1.591009E-02	8.950708E+01
1.09013750000E+06	1.596252E-02	8.897508E+01
1.09200625000E+06	1.592932E-02	8.926904E+01
1.09387500000E+06	1.596222E-02	8.962728E+01
1.09574375000E+06	1.597278E-02	8.943850E+01
1.09761250000E+06	1.600045E-02	8.919041E+01
1.09948125000E+06	1.593649E-02	8.955931E+01
1.10135000000E+06	1.597876E-02	8.952546E+01
1.10321875000E+06	1.602556E-02	9.009290E+01
1.10508750000E+06	1.616101E-02	8.902959E+01
1.10695625000E+06	1.616189E-02	8.945241E+01
1.10882500000E+06	1.621369E-02	8.962557E+01
1.11069375000E+06	1.626225E-02	8.923504E+01
1.11256250000E+06	1.612813E-02	8.937614E+01
1.11443125000E+06	1.624202E-02	8.933685E+01
1.11630000000E+06	1.616401E-02	8.915884E+01
1.11816875000E+06	1.621552E-02	8.943531E+01
1.12003750000E+06	1.628185E-02	8.985413E+01
1.12190625000E+06	1.633043E-02	8.919216E+01
1.12377500000E+06	1.615537E-02	8.970645E+01
1.12564375000E+06	1.634930E-02	8.892977E+01
1.12751250000E+06	1.635445E-02	8.968462E+01
1.12938125000E+06	1.644375E-02	8.896891E+01
1.13125000000E+06	1.640224E-02	8.946815E+01
1.13311875000E+06	1.643353E-02	8.971783E+01
1.13498750000E+06	1.641474E-02	8.952195E+01
1.13685625000E+06	1.661950E-02	8.946791E+01
1.13872500000E+06	1.653165E-02	8.932944E+01
1.14059375000E+06	1.648895E-02	8.986246E+01
1.14246250000E+06	1.678357E-02	8.886253E+01
1.14433125000E+06	1.670387E-02	8.925364E+01
1.14620000000E+06	1.681452E-02	8.891161E+01
1.14806875000E+06	1.674529E-02	8.933427E+01
1.14993750000E+06	1.678314E-02	8.932568E+01
1.15180625000E+06	1.663098E-02	8.945936E+01
1.15367500000E+06	1.684881E-02	8.935107E+01
1.15554375000E+06	1.682720E-02	8.930016E+01
1.15741250000E+06	1.700545E-02	8.987196E+01
1.15928125000E+06	1.690414E-02	8.953075E+01
1.16115000000E+06	1.692436E-02	8.917097E+01
1.16301875000E+06	1.676715E-02	8.882131E+01
1.16488750000E+06	1.695394E-02	8.993368E+01
1.16675625000E+06	1.687701E-02	8.961369E+01
1.16862500000E+06	1.689659E-02	8.998767E+01
1.17049375000E+06	1.694327E-02	8.936221E+01
1.17236250000E+06	1.708385E-02	8.977686E+01
1.17423125000E+06	1.713801E-02	8.910276E+01
1.17610000000E+06	1.723687E-02	8.945483E+01
1.17796875000E+06	1.714757E-02	8.968948E+01
1.17983750000E+06	1.724515E-02	8.882784E+01
1.18170625000E+06	1.720117E-02	8.924234E+01
1.18357500000E+06	1.707507E-02	8.917329E+01
1.18544375000E+06	1.711323E-02	8.933858E+01
1.18731250000E+06	1.733811E-02	8.942689E+01
1.18918125000E+06	1.730398E-02	8.954977E+01
1.19105000000E+06	1.740105E-02	8.937405E+01
1.19291875000E+06	1.717247E-02	8.884782E+01
1.19478750000E+06	1.720329E-02	8.932660E+01
1.19665625000E+06	1.732790E-02	8.941703E+01
1.19852500000E+06	1.745066E-02	8.920287E+01
1.20039375000E+06	1.758206E-02	8.956800E+01
1.20226250000E+06	1.754684E-02	8.988755E+01
1.20413125000E+06	1.751521E-02	8.916976E+01
1.20600000000E+06	1.763563E-02	8.924693E+01
1.20786875000E+06	1.755199E-02	8.967209E+01
1.20973750000E+06	1.748641E-02	8.975258E+01
1.21160625000E+06	1.753516E-02	8.951084E+01
1.21347500000E+06	1.756867E-02	9.016336E+01
1.21534375000E+06	1.760615E-02	8.940395E+01
1.21721250000E+06	1.756600E-02	8.964870E+01
1.21908125000E+06	1.758107E-02	8.924409E+01
1.22095000000E+06	1.773904E-02	8.919184E+01
1.22281875000E+06	1.786121E-02	8.916689E+01
1.22468750000E+06	1.781659E-02	8.915057E+01
1.22655625000E+06	1.771882E-02	8.940556E+01
1.22842500000E+06	1.791890E-02	8.956963E+01
1.23029375000E+06	1.808160E-02	8.922279E+01
1.23216250000E+06	1.782165E-02	8.924746E+01
1.23403125000E+06	1.780935E-02	8.922062E+01
1.23590000000E+06	1.803260E-02	8.896796E+01
1.23776875000E+06	1.804919E-02	8.905925E+01
1.23963750000E+06	1.800280E-02	8.987299E+01
1.24150625000E+06	1.796031E-02	8.967027E+01
1.24337500000E+06	1.811042E-02	8.919734E+01
1.24524375000E+06	1.817581E-02	8.964255E+01
1.24711250000E+06	1.810510E-02	8.942483E+01
1.24898125000E+06	1.828364E-02	8.889944E+01
1.25085000000E+06	1.830191E-02	8.921306E+01
1.25271875000E+06	1.811399E-02	8.921832E+01
1.25458750000E+06	1.811058E-02	8.917215E+01
1.25645625000E+06	1.819625E-02	8.958662E+01
1.25832500000E+06	1.826426E-02	8.935970E+01
1.26019375000E+06	1.827042E-02	8.942438E+01
1.26206250000E+06	1.841838E-02	8.927103E+01
1.26393125000E+06	1.829759E-02	8.935312E+01
1.26580000000E+06	1.824272E-02	8.935115E+01
1.26766875000E+06	1.832565E-02	8.935918E+01
1.26953750000E+06	1.835871E-02	8.953477E+01
1.27140625000E+06	1.853891E-02	8.887334E+01
1.27327500000E+06	1.850547E-02	8.898547E+01
1.27514375000E+06	1.848734E-02	8.861922E+01
1.27701250000E+06	1.856008E-02	8.930294E+01
1.27888125000E+06	1.859374E-02	8.941350E+01
1.28075000000E+06	1.859623E-02	8.947133E+01
1.28261875000E+06	1.883495E-02	8.954938E+01
1.28448750000E+06	1.855598E-02	8.976192E+01
1.28635625000E+06	1.842972E-02	8.909641E+01
1.28822500000E+06	1.883601E-02	8.946122E+01
1.29009375000E+06	1.860148E-02	8.913395E+01
1.29196250000E+06	1.865030E-02	8.936623E+01
1.29383125000E+06	1.877570E-02	8.953679E+01
1.29570000000E+06	1.898740E-02	8.894736E+01
1.29756875000E+06	1.877098E-02	8.935045E+01
1.29943750000E+06	1.877924E-02	8.890525E+01
1.30130625000E+06	1.893147E-02	8.951785E+01
1.30317500000E+06	1.888376E-02	8.898955E+01
1.30504375000E+06	1.888277E-02	8.956984E+01
1.30691250000E+06	1.881809E-02	8.978824E+01
1.30878125000E+06	1.903584E-02	8.922954E+01
1.31065000000E+06	1.895835E-02	8.914730E+01
1.31251875000E+06	1.902368E-02	8.923403E+01
1.31438750000E+06	1.898555E-02	8.918001E+01
1.31625625000E+06	1.921016E-02	8.909800E+01
1.31812500000E+06	1.918335E-02	8.947388E+01
1.31999375000E+06	1.900242E-02	8.946152E+01
1.32186250000E+06	1.922000E-02	8.896927E+01
1.32373125000E+06	1.913391E-02	8.967906E+01
1.32560000000E+06	1.908098E-02	8.947339E+01
1.32746875000E+06	1.920544E-02	8.901756E+01
1.32933750000E+06	1.928559E-02	8.959391E+01
1.33120625000E+06	1.930693E-02	8.885214E+01
1.33307500000E+06	1.938349E-02	8.927443E+01
1.33494375000E+06	1.933743E-02	8.917348E+01
1.33681250000E+06	1.945423E-02	8.957922E+01
1.33868125000E+06	1.940788E-02	8.921954E+01
1.34055000000E+06	1.935776E-02	8.941128E+01
1.34241875000E+06	1.930397E-02	8.966383E+01
1.34428750000E+06	1.957840E-02	8.900448E+01
1.34615625000E+06	1.946228E-02	8.908234E+01
1.34802500000E+06	1.955495E-02	8.927678E+01
1.34989375000E+06	1.955535E-02	8.935323E+01
1.35176250000E+06	1.957227E-02	8.916647E+01
1.35363125000E+06	1.931022E-02	8.913031E+01
1.35550000000E+06	1.969876E-02	8.912651E+01
1.35736875000E+06	1.973653E-02	8.915025E+01
1.35923750000E+06	1.977124E-02	8.883222E+01
1.36110625000E+06	1.982752E-02	8.931583E+01
1.36297500000E+06	1.978631E-02	8.867281E+01
1.36484375000E+06	1.964896E-02	8.901867E+01
1.36671250000E+06	1.977612E-02	8.895758E+01
1.36858125000E+06	1.974874E-02	8.966109E+01
1.37045000000E+06	1.995352E-02	8.939069E+01
1.37231875000E+06	1.988811E-02	8.914046E+01
1.37418750000E+06	1.986703E-02	8.956920E+01
1.37605625000E+06	1.979190E-02	8.919702E+01
1.37792500000E+06	1.989947E-02	8.939553E+01
1.37979375000E+06	1.992637E-02	8.927341E+01
1.38166250000E+06	1.999447E-02	8.921232E+01
1.38353125000E+06	2.023775E-02	8.908684E+01
1.38540000000E+06	1.998370E-02	8.894292E+01
1.38726875000E+06	2.001201E-02	8.894446E+01
1.38913750000E+06	2.014682E-02	8.909802E+01
1.39100625000E+06	2.005885E-02	8.921688E+01
1.39287500000E+06	2.005539E-02	8.952348E+01
1.39474375000E+06	2.011362E-02	8.902026E+01
1.39661250000E+06	2.018131E-02	8.930183E+01
1.39848125000E+06	2.032158E-02	8.921599E+01
1.40035000000E+06	2.021702E-02	8.921910E+01
1.40221875000E+06	2.026446E-02	8.914620E+01
1.40408750000E+06	2.036841E-02	8.937656E+01
1.40595625000E+06	2.036149E-02	8.953766E+01
1.40782500000E+06	2.038345E-02	8.879056E+01
1.40969375000E+06	2.041649E-02	8.904823E+01
1.41156250000E+06	2.038410E-02	8.930530E+01
1.41343125000E+06	2.036564E-02	8.938425E+01
1.41530000000E+06	2.058875E-02	8.900427E+01
1.41716875000E+06	2.058118E-02	8.916109E+01
1.41903750000E+06	2.051166E-02	8.888866E+01
1.42090625000E+06	2.056817E-02	8.925271E+01
1.42277500000E+06	2.058092E-02	8.887434E+01
1.42464375000E+06	2.065488E-02	8.904819E+01
1.42651250000E+06	2.058935E-02	8.932390E+01
1.42838125000E+06	2.054931E-02	8.931221E+01
1.43025000000E+06	2.067544E-02	8.882771E+01
1.43211875000E+06	2.079185E-02	8.922132E+01
1.43398750000E+06	2.082518E-02	8.883611E+01
1.43585625000E+06	2.082997E-02	8.960845E+01
1.43772500000E+06	2.080926E-02	8.938304E+01
1.43959375000E+06	2.075753E-02	8.915074E+01
1.44146250000E+06	2.087444E-02	8.943806E+01
1.44333125000E+06	2.085950E-02	8.931252E+01
1.44520000000E+06	2.098126E-02	8.907225E+01
1.44706875000E+06	2.081644E-02	8.993821E+01
1.44893750000E+06	2.090132E-02	8.929953E+01
1.45080625000E+06	2.100495E-02	8.904889E+01
1.45267500000E+06	2.114322E-02	8.892612E+01
1.45454375000E+06	2.087272E-02	8.919693E+01
1.45641250000E+06	2.100687E-02	8.913710E+01
1.45828125000E+06	2.119878E-02	8.930028E+01
1.46015000000E+06	2.109796E-02	8.936562E+01
1.46201875000E+06	2.126588E-02	8.898552E+01
1.46388750000E+06	2.127064E-02	8.922055E+01
1.46575625000E+06	2.130575E-02	8.905082E+01
1.46762500000E+06	2.120919E-02	8.910630E+01
1.46949375000E+06	2.124271E-02	8.906342E+01
1.47136250000E+06	2.115967E-02	8.917706E+01
1.47323125000E+06	2.119571E-02	8.931368E+01
1.47510000000E+06	2.144924E-02	8.939421E+01
1.47696875000E+06	2.133125E-02	8.908972E+01
1.47883750000E+06	2.141391E-02	8.904362E+01
1.48070625000E+06	2.133889E-02	8.902397E+01
1.48257500000E+06	2.152599E-02	8.901089E+01
1.48444375000E+06	2.142264E-02	8.909420E+01
1.48631250000E+06	2.154504E-02	8.916811E+01
1.48818125000E+06	2.136006E-02	8.888010E+01
1.49005000000E+06	2.144430E-02	8.877075E+01
1.49191875000E+06	2.152300E-02	8.900903E+01
1.49378750000E+06	2.148627E-02	8.884727E+01
1.49565625000E+06	2.153586E-02	8.899267E+01
1.49752500000E+06	2.154279E-02	8.936081E+01
1.49939375000E+06	2.163858E-02	8.914529E+01
1.50126250000E+06	2.155559E-02	8.879240E+01
1.50313125000E+06	2.172090E-02	8.884296E+01
1.50500000000E+06	2.168673E-02	8.940116E+01
1.50686875000E+06	2.175152E-02	8.868601E+01
1.50873750000E+06	2.186108E-02	8.937652E+01
1.51060625000E+06	2.177558E-02	8.937071E+01
1.51247500000E+06	2.177867E-02	8.845281E+01
1.51434375000E+06	2.187744E-02	8.908156E+01
1.51621250000E+06	2.185888E-02	8.931487E+01
1.51808125000E+06	2.195248E-02	8.901117E+01
1.51995000000E+06	2.193335E-02	8.926661E+01
1.52181875000E+06	2.192246E-02	8.920664E+01
1.52368750000E+06	2.186290E-02	8.914098E+01
1.52555625000E+06	2.204659E-02	8.925356E+01
1.52742500000E+06	2.205745E-02	8.906619E+01
1.52929375000E+06	2.194301E-02	8.913153E+01
1.53116250000E+06	2.220964E-02	8.891055E+01
1.53303125000E+06	2.209502E-02	8.896412E+01
1.53490000000E+06	2.220397E-02	8.928984E+01
1.53676875000E+06	2.223659E-02	8.903103E+01
1.53863750000E+06	2.224684E-02	8.886678E+01
1.54050625000E+06	2.228431E-02	8.894846E+01
1.54237500000E+06	2.232924E-02	8.894381E+01
1.54424375000E+06	2.212230E-02	8.878036E+01
1.54611250000E+06	2.235418E-02	8.909513E+01
1.54798125000E+06	2.239771E-02	8.845694E+01
1.54985000000E+06	2.247022E-02	8.913374E+01
1.55171875000E+06	2.232085E-02	8.900459E+01
1.55358750000E+06	2.242700E-02	8.881850E+01
1.55545625000E+06	2.233168E-02	8.883428E+01
1.55732500000E+06	2.247030E-02	8.923789E+01
1.55919375000E+06	2.239435E-02	8.895496E+01
1.56106250000E+06	2.262789E-02	8.893163E+01
1.56293125000E+06	2.237844E-02	8.974840E+01
1.56480000000E+06	2.255507E-02	8.887373E+01
1.56666875000E+06	2.255954E-02	8.912022E+01
1.56853750000E+06	2.258216E-02	8.910300E+01
1.57040625000E+06	2.263942E-02	8.944294E+01
1.57227500000E+06	2.255365E-02	8.906543E+01
1.57414375000E+06	2.262174E-02	8.921830E+01
1.57601250000E+06	2.261884E-02	8.871916E+01
1.57788125000E+06	2.263575E-02	8.912786E+01
1.57975000000E+06	2.277147E-02	8.895505E+01
1.58161875000E+06	2.278328E-02	8.895895E+01
1.58348750000E+06	2.271899E-02	8.861609E+01
1.58535625000E+06	2.285704E-02	8.888846E+01
1.58722500000E+06	2.267199E-02	8.908846E+01
1.58909375000E+06	2.280089E-02	8.883303E+01
1.59096250000E+06	2.289229E-02	8.909151E+01
1.59283125000E+06	2.306626E-02	8.865147E+01
1.59470000000E+06	2.315007E-02	8.882480E+01
1.59656875000E+06	2.297363E-02	8.879402E+01
1.59843750000E+06	2.291569E-02	8.895016E+01
1.60030625000E+06	2.296606E-02	8.873379E+01
1.60217500000E+06	2.297976E-02	8.920918E+01
1.60404375000E+06	2.312912E-02	8.915618E+01
1.60591250000E+06	2.315525E-02	8.907497E+01
1.60778125000E+06	2.308348E-02	8.899434E+01
1.60965000000E+06	2.318344E-02	8.880260E+01
1.61151875000E+06	2.323758E-02	8.885674E+01
1.61338750000E+06	2.322017E-02	8.906365E+01
1.61525625000E+06	2.334302E-02	8.879745E+01
1.61712500000E+06	2.325221E-02	8.880169E+01
1.61899375000E+06	2.323314E-02	8.887794E+01
1.62086250000E+06	2.342202E-02	8.886123E+01
1.62273125000E+06	2.335910E-02	8.913151E+01
1.62460000000E+06	2.339728E-02	8.890507E+01
1.62646875000E+06	2.353957E-02	8.909654E+01
1.62833750000E+06	2.353625E-02	8.913892E+01
1.63020625000E+06	2.345815E-02	8.891727E+01
1.63207500000E+06	2.349939E-02	8.928146E+01
1.63394375000E+06	2.351543E-02	8.901196E+01
1.63581250000E+06	2.342222E-02	8.887446E+01
1.63768125000E+06	2.367079E-02	8.909577E+01
1.63955000000E+06	2.363881E-02	8.881219E+01
1.64141875000E+06	2.376008E-02	8.891039E+01
1.64328750000E+06	2.378428E-02	8.893790E+01
1.64515625000E+06	2.370273E-02	8.899545E+01
1.64702500000E+06	2.379163E-02	8.915974E+01
1.64889375000E+06	2.376509E-02	8.917772E+01
1.65076250000E+06	2.377146E-02	8.918176E+01
1.65263125000E+06	2.375654E-02	8.886399E+01
1.65450000000E+06	2.395208E-02	8.909521E+01
1.65636875000E+06	2.375724E-02	8.893386E+01
1.65823750000E+06	2.390275E-02	8.910680E+01
1.66010625000E+06	2.393204E-02	8.887983E+01
1.66197500000E+06	2.387337E-02	8.902555E+01
1.66384375000E+06	2.400408E-02	8.923132E+01
1.66571250000E+06	2.396909E-02	8.907259E+01
1.66758125000E+06	2.416269E-02	8.908816E+01
1.66945000000E+06	2.391718E-02	8.906062E+01
1.67131875000E+06	2.401352E-02	8.905225E+01
1.67318750000E+06	2.391342E-02	8.913112E+01
1.67505625000E+06	2.404571E-02	8.870139E+01
1.67692500000E+06	2.409990E-02	8.872043E+01
1.67879375000E+06	2.408951E-02	8.936027E+01
1.68066250000E+06	2.410825E-02	8.891950E+01
1.68253125000E+06	2.424086E-02	8.900819E+01
1.68440000000E+06	2.425234E-02	8.888539E+01
1.68626875000E+06	2.440450E-02	8.933541E+01
1.68813750000E+06	2.422963E-02	8.893559E+01
1.69000625000E+06	2.441338E-02	8.868627E+01
1.69187500000E+06	2.438728E-02	8.865091E+01
1.69374375000E+06	2.437835E-02	8.922249E+01
1.69561250000E+06	2.444868E-02	8.868239E+01
1.69748125000E+06	2.431992E-02	8.888899E+01
1.69935000000E+06	2.445195E-02	8.874564E+01
1.70121875000E+06	2.444592E-02	8.904705E+01
1.70308750000E+06	2.457147E-02	8.908710E+01
1.70495625000E+06	2.434442E-02	8.867478E+01
1.70682500000E+06	2.454626E-02	8.856235E+01
1.70869375000E+06	2.448565E-02	8.920272E+01
1.71056250000E+06	2.467904E-02	8.953187E+01
1.71243125000E+06	2.457656E-02	8.907644E+01
1.71430000000E+06	2.484135E-02	8.919610E+01
1.71616875000E+06	2.458747E-02	8.900378E+01
1.71803750000E+06	2.459670E-02	8.919547E+01
1.71990625000E+06	2.464164E-02	8.931376E+01
1.72177500000E+06	2.476558E-02	8.900671E+01
1.72364375000E+06	2.484579E-02	8.912664E+01
1.72551250000E+06	2.491313E-02	8.890881E+01
1.72738125000E+06	2.494606E-02	8.907033E+01
1.72925000000E+06	2.468298E-02	8.917387E+01
1.73111875000E+06	2.490568E-02	8.867992E+01
1.73298750000E+06	2.465055E-02	8.923412E+01
1.73485625000E+06	2.496619E-02	8.876405E+01
1.73672500000E+06	2.500752E-02	8.909330E+01
1.73859375000E+06	2.503907E-02	8.952592E+01
1.74046250000E+06	2.510722E-02	8.870714E+01
1.74233125000E+06	2.509114E-02	8.922253E+01
1.74420000000E+06	2.501953E-02	8.900298E+01
1.74606875000E+06	2.509113E-02	8.905469E+01
1.74793750000E+06	2.505315E-02	8.893291E+01
1.74980625000E+06	2.515547E-02	8.902428E+01
1.75167500000E+06	2.529594E-02	8.895676E+01
1.75354375000E+06	2.515981E-02	8.876075E+01
1.75541250000E+06	2.532276E-02	8.912861E+01
1.75728125000E+06	2.520980E-02	8.919589E+01
1.75915000000E+06	2.535968E-02	8.872574E+01
1.76101875000E+06	2.526849E-02	8.870873E+01
1.76288750000E+06	2.519276E-02	8.880051E+01
1.76475625000E+06	2.536526E-02	8.894463E+01
1.76662500000E+06	2.534758E-02	8.897298E+01
1.76849375000E+06	2.541381E-02	8.876669E+01
1.77036250000E+06	2.528213E-02	8.903848E+01
1.77223125000E+06	2.535153E-02	8.905132E+01
1.77410000000E+06	2.544733E-02	8.893600E+01
1.77596875000E+06	2.541405E-02	8.877760E+01
1.77783750000E+06	2.556658E-02	8.879409E+01
1.77970625000E+06	2.545849E-02	8.905999E+01
1.78157500000E+06	2.542618E-02	8.900449E+01
1.78344375000E+06	2.563946E-02	8.871861E+01
1.78531250000E+06	2.577341E-02	8.889523E+01
1.78718125000E+06	2.566641E-02	8.874183E+01
1.78905000000E+06	2.571407E-02	8.889376E+01
1.79091875000E+06	2.570380E-02	8.902567E+01
1.79278750000E+06	2.562952E-02	8.914265E+01
1.79465625000E+06	2.573640E-02	8.911560E+01
1.79652500000E+06	2.574685E-02	8.902460E+01
1.79839375000E+06	2.578136E-02	8.894985E+01
1.80026250000E+06	2.592694E-02	8.877750E+01
1.80213125000E+06	2.573118E-02	8.889618E+01
1.80400000000E+06	2.585789E-02	8.904598E+01
1.80586875000E+06	2.599711E-02	8.911660E+01
1.80773750000E+06	2.599567E-02	8.875977E+01
1.80960625000E+06	2.595378E-02	8.858326E+01
1.81147500000E+06	2.598478E-02	8.890113E+01
1.81334375000E+06	2.601816E-02	8.897272E+01
1.81521250000E+06	2.610945E-02	8.915410E+01
1.81708125000E+06	2.593238E-02	8.887719E+01
1.81895000000E+06	2.610010E-02	8.877302E+01
1.82081875000E+06	2.624926E-02	8.904819E+01
1.82268750000E+06	2.613215E-02	8.911739E+01
1.82455625000E+06	2.609093E-02	8.902248E+01
1.82642500000E+06	2.607497E-02	8.899009E+01
1.82829375000E+06	2.620617E-02	8.924599E+01
1.83016250000E+06	2.619436E-02	8.855753E+01
1.83203125000E+06	2.638085E-02	8.912177E+01
1.83390000000E+06	2.626272E-02	8.887947E+01
1.83576875000E+06	2.640973E-02	8.930248E+01
1.83763750000E+06	2.636324E-02	8.883698E+01
1.83950625000E+06	2.644214E-02	8.896060E+01
1.84137500000E+06	2.622547E-02	8.898525E+01
1.84324375000E+06	2.641895E-02	8.892393E+01
1.84511250000E+06	2.640618E-02	8.886485E+01
1.84698125000E+06	2.646020E-02	8.934588E+01
1.84885000000E+06	2.634939E-02	8.913936E+01
1.85071875000E+06	2.652792E-02	8.866753E+01
1.85258750000E+06	2.669928E-02	8.893578E+01
1.85445625000E+06	2.670276E-02	8.931332E+01
1.85632500000E+06	2.653592E-02	8.858260E+01
1.85819375000E+06	2.678945E-02	8.901711E+01
1.86006250000E+06	2.660426E-02	8.891074E+01
1.86193125000E+06	2.673581E-02	8.901733E+01
1.86380000000E+06	2.656668E-02	8.897005E+01
1.86566875000E+06	2.671139E-02	8.904607E+01
1.86753750000E+06	2.677027E-02	8.923294E+01
1.86940625000E+06	2.672014E-02	8.880692E+01
1.87127500000E+06	2.674267E-02	8.887132E+01
1.87314375000E+06	2.691465E-02	8.887968E+01
1.87501250000E+06	2.681067E-02	8.873183E+01
1.87688125000E+06	2.674600E-02	8.894833E+01
1.87875000000E+06	2.687215E-02	8.858179E+01
1.88061875000E+06	2.688467E-02	8.899397E+01
1.88248750000E+06	2.685692E-02	8.893137E+01
1.88435625000E+06	2.693048E-02	8.922140E+01
1.88622500000E+06	2.702240E-02	8.916015E+01
1.88809375000E+06	2.699443E-02	8.891734E+01
1.88996250000E+06	2.709647E-02	8.907040E+01
1.89183125000E+06	2.690312E-02	8.885152E+01
1.89370000000E+06	2.698167E-02	8.911923E+01
1.89556875000E+06	2.709560E-02	8.888725E+01
1.89743750000E+06	2.716658E-02	8.901862E+01
1.89930625000E+06	2.721373E-02	8.920693E+01
1.90117500000E+06	2.722854E-02	8.912746E+01
1.90304375000E+06	2.723633E-02	8.909508E+01
1.90491250000E+06	2.722588E-02	8.888571E+01
1.90678125000E+06	2.725397E-02	8.890466E+01
1.90865000000E+06	2.734158E-02	8.899182E+01
1.91051875000E+06	2.726917E-02	8.878462E+01
1.91238750000E+06	2.717217E-02	8.887486E+01
1.91425625000E+06	2.748596E-02	8.912023E+01
1.91612500000E+06	2.746022E-02	8.910810E+01
1.91799375000E+06	2.737604E-02	8.871014E+01
1.91986250000E+06	2.737512E-02	8.909748E+01
1.92173125000E+06	2.746047E-02	8.908859E+01
1.92360000000E+06	2.755561E-02	8.894498E+01
1.92546875000E+06	2.747840E-02	8.899620E+01
1.92733750000E+06	2.753214E-02	8.909932E+01
1.92920625000E+06	2.742257E-02	8.895891E+01
1.93107500000E+06	2.761173E-02	8.903680E+01
1.93294375000E+06	2.749147E-02	8.906227E+01
1.93481250000E+06	2.768056E-02	8.909227E+01
1.93668125000E+06	2.772166E-02	8.935606E+01
1.93855000000E+06	2.775287E-02	8.914097E+01
1.94041875000E+06	2.779045E-02	8.918230E+01
1.94228750000E+06	2.780308E-02	8.891587E+01
1.94415625000E+06	2.775213E-02	8.917751E+01
1.94602500000E+06	2.781379E-02	8.894209E+01
1.94789375000E+06	2.773676E-02	8.931539E+01
1.94976250000E+06	2.778394E-02	8.909662E+01
1.95163125000E+06	2.790099E-02	8.940531E+01
1.95350000000E+06	2.780465E-02	8.899440E+01
1.95536875000E+06	2.805272E-02	8.889402E+01
1.95723750000E+06	2.791254E-02	8.923299E+01
1.95910625000E+06	2.801261E-02	8.921580E+01
1.96097500000E+06	2.800681E-02	8.917539E+01
1.96284375000E+06	2.800022E-02	8.904247E+01
1.96471250000E+06	2.816715E-02	8.904700E+01
1.96658125000E+06	2.798902E-02	8.908094E+01
1.96845000000E+06	2.811343E-02	8.916369E+01
1.97031875000E+06	2.811395E-02	8.927528E+01
1.97218750000E+06	2.809655E-02	8.909599E+01
1.97405625000E+06	2.807115E-02	8.944847E+01
1.97592500000E+06	2.821972E-02	8.926980E+01
1.97779375000E+06	2.815895E-02	8.924026E+01
1.97966250000E+06	2.822109E-02	8.920604E+01
1.98153125000E+06	2.825778E-02	8.954208E+01
1.98340000000E+06	2.813753E-02	8.917210E+01
1.98526875000E+06	2.828896E-02	8.905630E+01
1.98713750000E+06	2.836517E-02	8.959065E+01
1.98900625000E+06	2.851077E-02	8.923779E+01
1.99087500000E+06	2.838832E-02	8.906788E+01
1.99274375000E+06	2.840878E-02	8.923672E+01
1.99461250000E+06	2.845970E-02	8.918573E+01
1.99648125000E+06	2.856555E-02	8.898727E+01
1.99835000000E+06	2.850781E-02	8.893537E+01
2.00021875000E+06	2.853057E-02	8.932642E+01
2.00208750000E+06	2.864864E-02	8.948775E+01
2.00395625000E+06	2.851748E-02	8.906887E+01
2.00582500000E+06	2.868290E-02	8.856170E+01
2.00769375000E+06	2.860590E-02	8.933763E+01
2.00956250000E+06	2.884581E-02	8.921001E+01
2.01143125000E+06	2.885679E-02	8.931261E+01
2.01330000000E+06	2.881814E-02	8.971265E+01
2.01516875000E+06	2.859855E-02	8.935487E+01
2.01703750000E+06	2.884223E-02	8.940741E+01
2.01890625000E+06	2.868760E-02	8.896696E+01
2.02077500000E+06	2.889691E-02	8.892737E+01
2.02264375000E+06	2.899026E-02	8.964864E+01
2.02451250000E+06	2.901298E-02	8.946966E+01
2.02638125000E+06	2.883934E-02	8.974168E+01
2.02825000000E+06	2.887088E-02	8.958125E+01
2.03011875000E+06	2.900482E-02	8.975092E+01
2.03198750000E+06	2.876260E-02	8.966831E+01
2.03385625000E+06	2.897502E-02	8.969154E+01
2.03572500000E+06	2.897245E-02	8.954153E+01
2.03759375000E+06	2.913133E-02	8.954344E+01
2.03946250000E+06	2.906703E-02	8.982206E+01
2.04133125000E+06	2.928801E-02	8.972428E+01
2.04320000000E+06	2.922348E-02	8.983460E+01
2.04506875000E+06	2.924599E-02	8.967805E+01
2.04693750000E+06	2.915514E-02	8.966714E+01
2.04880625000E+06	2.937684E-02	8.966720E+01
2.05067500000E+06	2.920142E-02	8.979613E+01
2.05254375000E+06	2.929147E-02	8.973384E+01
2.05441250000E+06	2.930196E-02	8.932228E+01
2.05628125000E+06	2.933468E-02	8.960610E+01
2.05815000000E+06	2.944223E-02	8.947817E+01
2.06001875000E+06	2.939302E-02	8.939439E+01
2.06188750000E+06	2.940005E-02	8.974704E+01
2.06375625000E+06	2.956787E-02	8.955131E+01
2.06562500000E+06	2.949230E-02	8.914639E+01
2.06749375000E+06	2.938960E-02	8.950087E+01
2.06936250000E+06	2.953612E-02	8.957172E+01
2.07123125000E+06	2.962471E-02	8.935661E+01
2.07310000000E+06	2.947060E-02	8.938349E+01
2.07496875000E+06	2.968467E-02	8.936576E+01
2.07683750000E+06	2.968891E-02	8.922613E+01
2.07870625000E+06	2.953410E-02	8.901934E+01
2.08057500000E+06	2.970619E-02	8.934145E+01
2.08244375000E+06	2.960568E-02	8.899500E+01
2.08431250000E+06	2.973424E-02	8.935461E+01
2.08618125000E+06	2.983041E-02	8.926242E+01
2.08805000000E+06	2.972834E-02	8.901113E+01
2.08991875000E+06	2.984005E-02	8.926111E+01
2.09178750000E+06	2.985653E-02	8.893305E+01
2.09365625000E+06	2.980954E-02	8.927077E+01
2.09552500000E+06	2.988507E-02	8.890276E+01
2.09739375000E+06	2.998089E-02	8.894103E+01
2.09926250000E+06	2.979346E-02	8.908367E+01
2.10113125000E+06	2.999888E-02	8.908405E+01
2.10300000000E+06	2.984874E-02	8.905672E+01
2.10486875000E+06	3.000447E-02	8.899554E+01
2.10673750000E+06	2.990321E-02	8.884188E+01
2.10860625000E+06	2.998540E-02	8.925365E+01
2.11047500000E+06	3.009360E-02	8.909028E+01
2.11234375000E+06	3.019666E-02	8.898976E+01
2.11421250000E+06	3.005521E-02	8.926860E+01
2.11608125000E+06	3.015670E-02	8.904028E+01
2.11795000000E+06	3.025728E-02	8.905502E+01
2.11981875000E+06	3.011529E-02	8.910002E+01
2.12168750000E+06	3.016450E-02	8.898463E+01
2.12355625000E+06	3.029338E-02	8.898553E+01
2.12542500000E+06	3.018721E-02	8.901194E+01
2.12729375000E+06	3.034423E-02	8.894034E+01
2.12916250000E+06	3.037095E-02	8.906614E+01
2.13103125000E+06	3.038393E-02	8.902045E+01
2.13290000000E+06	3.042277E-02	8.890605E+01
2.13476875000E+06	3.040464E-02	8.887034E+01
2.13663750000E+06	3.046003E-02	8.881506E+01
2.13850625000E+06	3.038989E-02	8.881281E+01
2.14037500000E+06	3.050529E-02	8.889855E+01
2.14224375000E+06	3.060650E-02	8.894520E+01
2.14411250000E+06	3.052928E-02	8.882689E+01
2.14598125000E+06	3.064218E-02	8.925037E+01
2.14785000000E+06	3.063056E-02	8.901454E+01
2.14971875000E+06	3.069319E-02	8.910946E+01
2.15158750000E+06	3.069152E-02	8.902667E+01
2.15345625000E+06	3.066024E-02	8.906426E+01
2.15532500000E+06	3.075017E-02	8.899415E+01
2.15719375000E+06	3.066551E-02	8.903259E+01
2.15906250000E+06	3.080474E-02	8.883731E+01
2.16093125000E+06	3.077463E-02	8.907961E+01
2.16280000000E+06	3.067184E-02	8.874530E+01
2.16466875000E+06	3.086009E-02	8.896786E+01
2.16653750000E+06	3.096376E-02	8.898988E+01
2.16840625000E+06	3.098978E-02	8.885953E+01
2.17027500000E+06	3.101169E-02	8.896268E+01
2.17214375000E+06	3.089776E-02	8.914638E+01
2.17401250000E+06	3.121018E-02	8.886872E+01
2.17588125000E+06	3.082115E-02	8.875811E+01
2.17775000000E+06	3.112391E-02	8.885034E+01
2.17961875000E+06	3.121783E-02	8.869118E+01
2.18148750000E+06	3.115656E-02	8.867793E+01
2.18335625000E+06	3.115095E-02	8.866799E+01
2.18522500000E+06	3.113819E-02	8.847707E+01
2.18709375000E+06	3.107937E-02	8.903081E+01
2.18896250000E+06	3.122886E-02	8.861414E+01
2.19083125000E+06	3.126474E-02	8.877155E+01
2.19270000000E+06	3.110497E-02	8.882588E+01
2.19456875000E+06	3.122252E-02	8.874831E+01
2.19643750000E+06	3.122536E-02	8.882909E+01
2.19830625000E+06	3.130548E-02	8.878065E+01
2.20017500000E+06	3.143690E-02	8.916135E+01
2.20204375000E+06	3.125194E-02	8.877897E+01
2.20391250000E+06	3.153766E-02	8.896084E+01
2.20578125000E+06	3.146672E-02	8.893917E+01
2.20765000000E+06	3.142744E-02	8.858394E+01
2.20951875000E+06	3.138255E-02	8.897234E+01
2.21138750000E+06	3.159291E-02	8.897105E+01
2.21325625000E+06	3.158198E-02	8.892512E+01
2.21512500000E+06	3.153901E-02	8.864831E+01
2.21699375000E+06	3.147921E-02	8.863391E+01
2.21886250000E+06	3.170735E-02	8.908823E+01
2.22073125000E+06	3.156112E-02	8.861476E+01
2.22260000000E+06	3.133562E-02	8.882935E+01
2.22446875000E+06	3.160783E-02	8.874288E+01
2.22633750000E+06	3.167897E-02	8.870725E+01
2.22820625000E+06	3.171661E-02	8.893569E+01
2.23007500000E+06	3.177513E-02	8.866200E+01
2.23194375000E+06	3.186056E-02	8.816491E+01
2.23381250000E+06	3.166466E-02	8.922173E+01
2.23568125000E+06	3.186213E-02	8.897914E+01
2.23755000000E+06	3.180727E-02	8.888960E+01
2.23941875000E+06	3.190719E-02	8.873277E+01
2.24128750000E+06	3.205834E-02	8.867518E+01
2.24315625000E+06	3.173908E-02	8.878131E+01
2.24502500000E+06	3.207305E-02	8.890247E+01
2.24689375000E+06	3.208818E-02	8.888644E+01
2.24876250000E+06	3.203851E-02	8.841553E+01
2.25063125000E+06	3.204528E-02	8.842236E+01
2.25250000000E+06	3.197015E-02	8.886520E+01
2.25436875000E+06	3.211879E-02	8.881820E+01
2.25623750000E+06	3.203615E-02	8.856009E+01
2.25810625000E+06	3.213368E-02	8.885440E+01
2.25997500000E+06	3.218112E-02	8.891848E+01
2.26184375000E+06	3.233048E-02	8.848759E+01
2.26371250000E+06	3.237934E-02	8.872617E+01
2.26558125000E+06	3.229998E-02	8.862933E+01
2.26745000000E+06	3.219975E-02	8.886579E+01
2.26931875000E+06	3.228462E-02	8.888731E+01
2.27118750000E+06	3.237485E-02	8.853439E+01
2.27305625000E+06	3.244716E-02	8.873327E+01
2.27492500000E+06	3.245097E-02	8.886226E+01
2.27679375000E+06	3.235763E-02	8.861037E+01
2.27866250000E+06	3.252652E-02	8.865552E+01
2.28053125000E+06	3.241726E-02	8.865843E+01
2.28240000000E+06	3.249597E-02	8.868553E+01
2.28426875000E+06	3.243600E-02	8.858151E+01
2.28613750000E+06	3.252118E-02	8.852473E+01
2.28800625000E+06	3.253292E-02	8.858834E+01
2.28987500000E+06	3.256629E-02	8.855167E+01
2.29174375000E+06	3.263504E-02	8.879917E+01
2.29361250000E+06	3.263231E-02	8.860654E+01
2.29548125000E+06	3.262975E-02	8.845543E+01
2.29735000000E+06	3.261567E-02	8.854463E+01
2.29921875000E+06	3.275703E-02	8.876278E+01
2.30108750000E+06	3.269752E-02	8.862987E+01
2.30295625000E+06	3.271596E-02	8.863114E+01
2.30482500000E+06	3.270452E-02	8.881232E+01
2.30669375000E+06	3.283259E-02	8.866302E+01
2.30856250000E+06	3.278343E-02	8.846961E+01
2.31043125000E+06	3.276384E-02	8.875241E+01
2.31230000000E+06	3.284383E-02	8.875733E+01
2.31416875000E+06	3.284699E-02	8.868394E+01
2.31603750000E+06	3.288667E-02	8.850150E+01
2.31790625000E+06	3.289114E-02	8.856239E+01
2.31977500000E+06	3.302507E-02	8.865806E+01
2.32164375000E+06	3.297162E-02	8.865775E+01
2.32351250000E+06	3.284461E-02	8.876071E+01
2.32538125000E+06	3.297663E-02	8.865446E+01
2.32725000000E+06	3.297058E-02	8.847581E+01
2.32911875000E+06	3.309326E-02	8.854451E+01
2.33098750000E+06	3.319131E-02	8.851017E+01
2.33285625000E+06	3.313190E-02	8.856744E+01
2.33472500000E+06	3.317342E-02	8.858340E+01
2.33659375000E+06	3.319921E-02	8.851725E+01
2.33846250000E+06	3.317383E-02	8.869310E+01
2.34033125000E+06	3.323868E-02	8.859312E+01
2.34220000000E+06	3.324265E-02	8.848849E+01
2.34406875000E+06	3.329773E-02	8.864530E+01
2.34593750000E+06	3.334719E-02	8.860019E+01
2.34780625000E+06	3.326998E-02	8.872464E+01
2.34967500000E+06	3.335946E-02	8.865032E+01
2.35154375000E+06	3.331596E-02	8.867868E+01
2.35341250000E+06	3.342302E-02	8.847204E+01
2.35528125000E+06	3.345587E-02	8.865210E+01
2.35715000000E+06	3.351644E-02	8.853421E+01
2.35901875000E+06	3.340333E-02	8.849655E+01
2.36088750000E+06	3.350868E-02	8.872688E+01
2.36275625000E+06	3.352449E-02	8.859915E+01
2.36462500000E+06	3.360303E-02	8.872961E+01
2.36649375000E+06	3.345612E-02	8.852152E+01
2.36836250000E+06	3.362791E-02	8.855862E+01
2.37023125000E+06	3.365500E-02	8.866871E+01
2.37210000000E+06	3.364759E-02	8.860075E+01
2.37396875000E+06	3.365448E-02	8.869937E+01
2.37583750000E+06	3.377446E-02	8.861123E+01
2.37770625000E+06	3.372981E-02	8.864260E+01
2.37957500000E+06	3.373101E-02	8.852753E+01
2.38144375000E+06	3.372214E-02	8.861951E+01
2.38331250000E+06	3.372198E-02	8.859831E+01
2.38518125000E+06	3.388074E-02	8.857772E+01
2.38705000000E+06	3.383491E-02	8.872391E+01
2.38891875000E+06	3.387828E-02	8.854160E+01
2.39078750000E+06	3.387087E-02	8.864335E+01
2.39265625000E+06	3.392728E-02	8.872315E+01
2.39452500000E+06	3.393377E-02	8.851773E+01
2.39639375000E+06	3.393950E-02	8.846252E+01
2.39826250000E+06	3.396318E-02	8.850758E+01
2.40013125000E+06	3.404842E-02	8.848309E+01
2.40200000000E+06	3.405928E-02	8.864155E+01
2.40386875000E+06	3.409520E-02	8.856781E+01
2.40573750000E+06	3.417882E-02	8.863041E+01
2.40760625000E+06	3.413095E-02	8.848763E+01
2.40947500000E+06	3.415801E-02	8.875556E+01
2.41134375000E+06	3.404236E-02	8.863790E+01
2.41321250000E+06	3.419514E-02	8.863420E+01
2.41508125000E+06	3.428349E-02	8.862730E+01
2.41695000000E+06	3.428400E-02	8.843036E+01
2.41881875000E+06	3.429288E-02	8.861373E+01
2.42068750000E+06	3.434113E-02	8.867625E+01
2.42255625000E+06	3.439569E-02	8.828510E+01
2.42442500000E+06	3.431586E-02	8.845776E+01
2.42629375000E+06	3.425684E-02	8.860255E+01
2.42816250000E+06	3.437941E-02	8.859940E+01
2.43003125000E+06	3.441221E-02	8.855096E+01
2.43190000000E+06	3.457474E-02	8.857043E+01
2.43376875000E+06	3.444085E-02	8.867831E+01
2.43563750000E+06	3.448421E-02	8.859338E+01
2.43750625000E+06	3.452193E-02	8.872117E+01
2.43937500000E+06	3.468236E-02	8.818147E+01
2.44124375000E+06	3.466274E-02	8.855973E+01
2.44311250000E+06	3.451316E-02	8.829144E+01
2.44498125000E+06	3.479810E-02	8.854027E+01
2.44685000000E+06	3.455202E-02	8.842777E+01
2.44871875000E+06	3.451372E-02	8.825527E+01
2.45058750000E+06	3.471011E-02	8.841128E+01
2.45245625000E+06	3.492335E-02	8.849301E+01
2.45432500000E+06	3.472676E-02	8.840678E+01
2.45619375000E+06	3.503159E-02	8.838274E+01
2.45806250000E+06	3.490576E-02	8.879964E+01
2.45993125000E+06	3.489472E-02	8.838101E+01
2.46180000000E+06	3.467112E-02	8.853231E+01
2.46366875000E+06	3.500248E-02	8.828551E+01
2.46553750000E+06	3.461946E-02	8.876473E+01
2.46740625000E+06	3.476681E-02	8.873290E+01
2.46927500000E+06	3.509399E-02	8.823018E+01
2.47114375000E+06	3.499712E-02	8.831010E+01
2.47301250000E+06	3.507187E-02	8.848286E+01
2.47488125000E+06	3.496729E-02	8.851431E+01
2.47675000000E+06	3.484615E-02	8.860938E+01
2.47861875000E+06	3.521472E-02	8.833881E+01
2.48048750000E+06	3.490580E-02	8.853663E+01
2.48235625000E+06	3.521971E-02	8.838301E+01
2.48422500000E+06	3.508426E-02	8.838978E+01
2.48609375000E+06	3.508321E-02	8.848698E+01
2.48796250000E+06	3.485443E-02	8.854823E+01
2.48983125000E+06	3.526213E-02	8.827782E+01
2.49170000000E+06	3.511802E-02	8.839490E+01
2.49356875000E+06	3.530125E-02	8.861302E+01
2.49543750000E+06	3.538930E-02	8.810780E+01
2.49730625000E+06	3.513803E-02	8.845242E+01
2.49917500000E+06	3.546459E-02	8.832877E+01
2.50104375000E+06	3.554539E-02	8.837599E+01
2.50291250000E+06	3.541038E-02	8.862792E+01
2.50478125000E+06	3.550639E-02	8.844400E+01
2.50665000000E+06	3.537195E-02	8.842469E+01
2.50851875000E+06	3.549614E-02	8.845013E+01
2.51038750000E+06	3.549232E-02	8.852481E+01
2.51225625000E+06	3.544344E-02	8.834915E+01
2.51412500000E+06	3.552779E-02	8.838979E+01
2.51599375000E+06	3.565282E-02	8.844368E+01
2.51786250000E+06	3.563540E-02	8.845528E+01
2.51973125000E+06	3.548820E-02	8.805412E+01
2.52160000000E+06	3.553843E-02	8.843990E+01
2.52346875000E+06	3.572527E-02	8.832142E+01
2.52533750000E+06	3.568857E-02	8.848079E+01
2.52720625000E+06	3.581967E-02	8.840880E+01
2.52907500000E+06	3.571161E-02	8.830167E+01
2.53094375000E+06	3.567101E-02	8.846417E+01
2.53281250000E+06	3.582337E-02	8.841129E+01
2.53468125000E+06	3.586559E-02	8.835046E+01
2.53655000000E+06	3.583144E-02	8.863581E+01
2.53841875000E+06	3.584298E-02	8.834519E+01
2.54028750000E+06	3.565740E-02	8.863711E+01
2.54215625000E+06	3.587037E-02	8.856752E+01
2.54402500000E+06	3.595694E-02	8.846004E+01
2.54589375000E+06	3.585739E-02	8.845243E+01
2.54776250000E+06	3.589451E-02	8.842319E+01
2.54963125000E+06	3.600216E-02	8.854221E+01
2.55150000000E+06	3.606308E-02	8.834455E+01
2.55336875000E+06	3.605498E-02	8.841544E+01
2.55523750000E+06	3.603715E-02	8.848489E+01
2.55710625000E+06	3.605191E-02	8.837298E+01
2.55897500000E+06	3.618763E-02	8.855230E+01
2.56084375000E+06	3.620441E-02	8.838044E+01
2.56271250000E+06	3.624148E-02	8.844676E+01
2.56458125000E+06	3.625698E-02	8.837057E+01
2.56645000000E+06	3.624589E-02	8.838480E+01
2.56831875000E+06	3.607898E-02	8.862023E+01
2.57018750000E+06	3.620247E-02	8.837076E+01
2.57205625000E+06	3.632171E-02	8.861819E+01
2.57392500000E+06	3.628373E-02	8.832310E+01
2.57579375000E+06	3.627359E-02	8.841296E+01
2.57766250000E+06	3.641364E-02	8.827058E+01
2.57953125000E+06	3.637071E-02	8.854051E+01
2.58140000000E+06	3.639771E-02	8.838577E+01
2.58326875000E+06	3.631740E-02	8.840202E+01
2.58513750000E+06	3.638227E-02	8.850877E+01
2.58700625000E+06	3.646863E-02	8.858498E+01
2.58887500000E+06	3.642502E-02	8.839541E+01
2.59074375000E+06	3.656773E-02	8.852367E+01
2.59261250000E+06	3.651302E-02	8.841010E+01
2.59448125000E+06	3.653270E-02	8.837851E+01
2.59635000000E+06	3.652595E-02	8.838086E+01
2.59821875000E+06	3.658560E-02	8.841139E+01
2.60008750000E+06	3.657088E-02	8.839132E+01
2.60195625000E+06	3.667599E-02	8.857752E+01
2.60382500000E+06	3.661254E-02	8.848645E+01
2.60569375000E+06	3.666496E-02	8.848524E+01
2.60756250000E+06	3.675067E-02	8.843971E+01
2.60943125000E+06	3.662511E-02	8.841446E+01
2.61130000000E+06	3.680767E-02	8.837125E+01
2.61316875000E+06	3.670435E-02	8.846702E+01
2.61503750000E+06	3.676495E-02	8.844818E+01
2.61690625000E+06	3.693226E-02	8.826601E+01
2.61877500000E+06	3.686795E-02	8.841870E+01
2.62064375000E+06	3.684710E-02	8.846225E+01
2.62251250000E+06	3.690648E-02	8.848603E+01
2.62438125000E+06	3.691516E-02	8.853078E+01
2.62625000000E+06	3.705389E-02	8.849658E+01
2.62811875000E+06	3.688919E-02	8.846466E+01
2.62998750000E+06	3.697303E-02	8.856193E+01
2.63185625000E+06	3.704225E-02	8.849079E+01
2.63372500000E+06	3.711340E-02	8.832487E+01
2.63559375000E+06	3.702799E-02	8.828750E+01
2.63746250000E+06	3.713802E-02	8.859409E+01
2.63933125000E+06	3.711929E-02	8.847232E+01
2.64120000000E+06	3.707813E-02	8.852293E+01
2.64306875000E+06	3.718141E-02	8.849028E+01
2.64493750000E+06	3.712933E-02	8.845905E+01
2.64680625000E+06	3.710268E-02	8.855054E+01
2.64867500000E+06	3.719955E-02	8.843423E+01
2.65054375000E+06	3.716978E-02	8.829417E+01
2.65241250000E+06	3.736385E-02	8.844369E+01
2.65428125000E+06	3.738013E-02	8.842969E+01
2.65615000000E+06	3.729831E-02	8.836648E+01
2.65801875000E+06	3.732432E-02	8.841985E+01
2.65988750000E+06	3.735040E-02	8.838629E+01
2.66175625000E+06	3.743093E-02	8.845443E+01
2.66362500000E+06	3.740609E-02	8.833036E+01
2.66549375000E+06	3.742719E-02	8.841644E+01
2.66736250000E+06	3.740301E-02	8.836834E+01
2.66923125000E+06	3.747620E-02	8.840232E+01
2.67110000000E+06	3.740680E-02	8.839005E+01
2.67296875000E+06	3.754728E-02	8.839820E+01
2.67483750000E+06	3.758971E-02	8.829279E+01
2.67670625000E+06	3.766887E-02	8.835590E+01
2.67857500000E+06	3.761256E-02	8.839577E+01
2.68044375000E+06	3.768270E-02	8.824171E+01
2.68231250000E+06	3.760927E-02	8.853262E+01
2.68418125000E+06	3.770887E-02	8.851057E+01
2.68605000000E+06	3.775095E-02	8.838499E+01
2.68791875000E+06	3.767076E-02	8.843815E+01
2.68978750000E+06	3.768327E-02	8.836731E+01
2.69165625000E+06	3.788412E-02	8.836874E+01
2.69352500000E+06	3.782396E-02	8.850175E+01
2.69539375000E+06	3.788112E-02	8.840040E+01
2.69726250000E+06	3.777950E-02	8.821989E+01
2.69913125000E+06	3.783758E-02	8.844064E+01
2.70100000000E+06	3.784725E-02	8.863126E+01
2.70286875000E+06	3.790364E-02	8.849986E+01
2.70473750000E+06	3.802102E-02	8.832097E+01
2.70660625000E+06	3.799398E-02	8.842525E+01
2.70847500000E+06	3.798531E-02	8.844782E+01
2.71034375000E+06	3.803061E-02	8.859858E+01
2.71221250000E+06	3.800848E-02	8.841527E+01
2.71408125000E+06	3.805627E-02	8.862466E+01
2.71595000000E+06	3.798028E-02	8.857648E+01
2.71781875000E+06	3.812381E-02	8.841949E+01
2.71968750000E+06	3.807918E-02	8.830481E+01
2.72155625000E+06	3.820178E-02	8.842216E+01
2.72342500000E+06	3.820146E-02	8.882104E+01
2.72529375000E+06	3.820547E-02	8.824546E+01
2.72716250000E+06	3.823228E-02	8.857394E+01
2.72903125000E+06	3.820798E-02	8.857071E+01
2.73090000000E+06	3.826255E-02	8.836863E+01
2.73276875000E+06	3.832043E-02	8.858950E+01
2.73463750000E+06	3.821775E-02	8.854408E+01
2.73650625000E+06	3.824922E-02	8.846492E+01
2.73837500000E+06	3.827091E-02	8.817414E+01
2.74024375000E+06	3.812103E-02	8.846092E+01
2.74211250000E+06	3.865707E-02	8.825238E+01
2.74398125000E+06	3.846974E-02	8.876131E+01
2.74585000000E+06	3.851986E-02	8.851199E+01
2.74771875000E+06	3.841395E-02	8.840430E+01
2.74958750000E+06	3.848280E-02	8.819267E+01
2.75145625000E+06	3.868240E-02	8.854630E+01
2.75332500000E+06	3.848005E-02	8.864733E+01
2.75519375000E+06	3.862551E-02	8.822278E+01
2.75706250000E+06	3.854253E-02	8.810629E+01
2.75893125000E+06	3.862149E-02	8.824422E+01
2.76080000000E+06	3.856961E-02	8.875254E+01
2.76266875000E+06	3.851828E-02	8.812737E+01
2.76453750000E+06	3.855156E-02	8.811257E+01
2.76640625000E+06	3.876875E-02	8.821581E+01
2.76827500000E+06	3.873163E-02	8.851623E+01
2.77014375000E+06	3.876582E-02	8.832744E+01
2.77201250000E+06	3.880777E-02	8.806921E+01
2.77388125000E+06	3.872131E-02	8.875407E+01
2.77575000000E+06	3.871641E-02	8.832995E+01
2.77761875000E+06	3.865104E-02	8.819199E+01
2.77948750000E+06	3.891823E-02	8.868451E+01
2.78135625000E+06	3.894509E-02	8.829951E+01
2.78322500000E+06	3.916767E-02	8.833110E+01
2.78509375000E+06	3.892362E-02	8.876007E+01
2.78696250000E+06	3.888370E-02	8.837991E+01
2.78883125000E+06	3.888844E-02	8.828455E+01
2.79070000000E+06	3.918646E-02	8.839226E+01
2.79256875000E+06	3.858197E-02	8.863094E+01
2.79443750000E+06	3.919684E-02	8.843159E+01
2.79630625000E+06	3.919898E-02	8.837915E+01
2.79817500000E+06	3.921750E-02	8.840347E+01
2.80004375000E+06	3.912939E-02	8.829136E+01
2.80191250000E+06	3.915256E-02	8.855691E+01
2.80378125000E+06	3.917534E-02	8.828801E+01
2.80565000000E+06	3.931524E-02	8.827979E+01
2.80751875000E+06	3.923490E-02	8.838409E+01
2.80938750000E+06	3.934312E-02	8.830276E+01
2.81125625000E+06	3.944886E-02	8.845438E+01
2.81312500000E+06	3.926399E-02	8.843588E+01
2.81499375000E+06	3.943570E-02	8.828566E+01
2.81686250000E+06	3.946984E-02	8.842946E+01
2.81873125000E+06	3.956676E-02	8.823900E+01
2.82060000000E+06	3.957751E-02	8.824419E+01
2.82246875000E+06	3.941362E-02	8.851093E+01
2.82433750000E+06	3.948941E-02	8.834228E+01
2.82620625000E+06	3.945795E-02	8.834391E+01
2.82807500000E+06	3.965414E-02	8.823412E+01
2.82994375000E+06	3.952925E-02	8.835003E+01
2.83181250000E+06	3.963677E-02	8.823499E+01
2.83368125000E+06	3.959064E-02	8.843431E+01
2.83555000000E+06	3.963740E-02	8.828601E+01
2.83741875000E+06	3.969926E-02	8.830329E+01
2.83928750000E+06	3.968941E-02	8.824583E+01
2.84115625000E+06	3.967760E-02	8.839339E+01
2.84302500000E+06	3.955719E-02	8.854367E+01
2.84489375000E+06	3.978672E-02	8.830614E+01
2.84676250000E+06	3.976903E-02	8.835259E+01
2.84863125000E+06	3.973164E-02	8.834733E+01
2.85050000000E+06	3.985892E-02	8.826456E+01
2.85236875000E+06	3.989152E-02	8.850127E+01
2.85423750000E+06	3.997368E-02	8.824036E+01
2.85610625000E+06	3.996176E-02	8.840602E+01
2.85797500000E+06	3.990213E-02	8.841057E+01
2.85984375000E+06	4.008206E-02	8.838089E+01
2.86171250000E+06	3.996123E-02	8.836510E+01
2.86358125000E+06	3.986249E-02	8.823504E+01
2.86545000000E+06	4.002721E-02	8.827480E+01
2.86731875000E+06	4.005240E-02	8.838869E+01
2.86918750000E+06	4.007053E-02	8.829234E+01
2.87105625000E+06	4.016938E-02	8.827885E+01
2.87292500000E+06	4.016636E-02	8.845886E+01
2.87479375000E+06	4.010191E-02	8.833674E+01
2.87666250000E+06	4.020074E-02	8.836714E+01
2.87853125000E+06	4.022361E-02	8.834068E+01
2.88040000000E+06	4.029072E-02	8.836893E+01
2.88226875000E+06	4.028722E-02	8.832904E+01
2.88413750000E+06	4.020402E-02	8.834235E+01
2.88600625000E+06	4.023800E-02	8.832497E+01
2.88787500000E+06	4.020915E-02	8.848294E+01
2.88974375000E+06	4.036096E-02	8.837106E+01
2.89161250000E+06	4.040321E-02	8.822490E+01
2.89348125000E+06	4.037542E-02	8.820809E+01
2.89535000000E+06	4.039197E-02	8.844138E+01
2.89721875000E+06	4.040088E-02	8.826495E+01
2.89908750000E+06	4.047194E-02	8.827205E+01
2.90095625000E+06	4.046711E-02	8.830069E+01
2.90282500000E+06	4.049919E-02	8.860360E+01
2.90469375000E+06	4.055880E-02	8.830294E+01
2.90656250000E+06	4.054168E-02	8.837592E+01
2.90843125000E+06	4.058289E-02	8.840311E+01
2.91030000000E+06	4.052560E-02	8.813994E+01
2.91216875000E+06	4.065337E-02	8.828977E+01
2.91403750000E+06	4.061656E-02	8.822013E+01
2.91590625000E+06	4.073283E-02	8.835487E+01
2.91777500000E+06	4.074556E-02	8.843551E+01
2.91964375000E+06	4.085125E-02	8.821500E+01
2.92151250000E+06	4.076310E-02	8.827018E+01
2.92338125000E+06	4.076186E-02	8.830217E+01
2.92525000000E+06	4.078868E-02	8.816422E+01
2.92711875000E+06	4.085133E-02	8.815049E+01
2.92898750000E+06	4.071031E-02	8.817216E+01
2.93085625000E+06	4.085995E-02	8.803935E+01
2.93272500000E+06	4.089032E-02	8.831426E+01
2.93459375000E+06	4.093625E-02	8.840014E+01
2.93646250000E+06	4.087736E-02	8.811577E+01
2.93833125000E+06	4.091692E-02	8.829378E+01
2.94020000000E+06	4.094759E-02	8.824350E+01
2.94206875000E+06	4.100302E-02	8.834599E+01
2.94393750000E+06	4.102157E-02	8.822865E+01
2.94580625000E+06	4.105809E-02	8.834345E+01
2.94767500000E+06	4.104178E-02	8.832057E+01
2.94954375000E+06	4.102778E-02	8.830709E+01
2.95141250000E+06	4.113947E-02	8.824539E+01
2.95328125000E+06	4.107960E-02	8.825146E+01
2.95515000000E+06	4.112191E-02	8.812510E+01
2.95701875000E+06	4.123336E-02	8.825742E+01
2.95888750000E+06	4.118363E-02	8.823337E+01
2.96075625000E+06	4.121544E-02	8.831243E+01
2.96262500000E+06	4.121500E-02	8.835552E+01
2.96449375000E+06	4.122553E-02	8.837963E+01
2.96636250000E+06	4.116048E-02	8.832926E+01
2.96823125000E+06	4.128138E-02	8.808945E+01
2.97010000000E+06	4.134332E-02	8.825032E+01
2.97196875000E+06	4.139329E-02	8.828284E+01
2.97383750000E+06	4.135075E-02	8.837743E+01
2.97570625000E+06	4.140618E-02	8.834702E+01
2.97757500000E+06	4.145177E-02	8.823535E+01
2.97944375000E+06	4.135683E-02	8.830518E+01
2.98131250000E+06	4.146441E-02	8.834735E+01
2.98318125000E+06	4.150524E-02	8.833084E+01
2.98505000000E+06	4.144733E-02	8.828986E+01
2.98691875000E+06	4.145663E-02	8.819536E+01
2.98878750000E+06	4.152782E-02	8.830743E+01
2.99065625000E+06	4.160330E-02	8.828625E+01
2.99252500000E+06	4.160867E-02	8.829199E+01
2.99439375000E+06	4.160538E-02	8.838618E+01
2.99626250000E+06	4.159839E-02	8.829312E+01
2.99813125000E+06	4.173268E-02	8.828103E+01
3.00000000000E+06	4.156605E-02	8.836855E+01
